0.8874349 0.9004972 0.9087503 0.2083776 0.2240316 0.3162269 0.461662 1 219.945 415.1318 555.5957 698.088 824.1809 1055.511 1 
0.885777 0.9152276 0.8960162 0.1796368 0.2390228 0.3353121 0.4693109 1 190.1735 358.6247 525.2485 686.8591 814.567 1058.655 2 
0.9072465 0.8945959 0.9027385 0.2020715 0.2520487 0.3304235 0.4723646 1 209.101 398.8072 569.9296 721.1274 849.569 1034.788 3 
0.9039283 0.8970703 0.9012086 0.2008798 0.2493855 0.3474022 0.4861155 1 209.6357 399.1314 568.7617 731.5854 859.8842 1043.588 4 
0.9028469 0.9055426 0.9046058 0.1948902 0.2149122 0.3341359 0.4642795 1 205.4681 390.9743 535.4091 706.057 843.4735 1054.276 5 
0.9009753 0.879079 0.8961041 0.1848256 0.2444536 0.3332284 0.5103412 1 194.5832 369.8979 543.0615 705.3562 856.1528 1052.793 6 
0.8996968 0.9056955 0.9005573 0.2110032 0.2351868 0.3496057 0.5047481 1 216.4762 411.2392 560.3653 720.5953 851.5544 1025.938 7 
0.8984953 0.9052496 0.8915845 0.1844841 0.2459597 0.3355828 0.4799552 1 192.2728 365.0291 537.0294 697.5914 831.1575 1042.219 8 
0.892786 0.8870015 0.8966466 0.1749374 0.2561794 0.3476161 0.4541629 1 186.0744 352.1991 539.2585 708.3553 825.8175 1063.663 9 
0.8841714 0.9105863 0.9026655 0.1767622 0.2756987 0.3262629 0.5158198 1 184.5506 347.725 544.4145 684.4691 821.5391 1044.062 10 
0.9099196 0.9027797 0.8893564 0.1850566 0.2578862 0.2834064 0.5229028 1 192.8011 368.2346 554.0218 682.687 857.2908 1041.85 11 
0.9092495 0.8841683 0.8943576 0.2028744 0.2439444 0.3400902 0.5040804 1 212.6976 406.0928 573.1095 735.9864 879.3796 1048.42 12 
0.8932561 0.8959187 0.898873 0.1975055 0.2551568 0.3046536 0.4991694 1 206.5557 391.0629 563.464 693.7635 836.6858 1045.823 13 
0.9025462 0.9001044 0.9024146 0.2054288 0.2271479 0.3227337 0.4882465 1 213.3771 405.9599 553.866 705.744 847.8849 1038.692 14 
0.8875662 0.8942265 0.9031216 0.1864132 0.2379012 0.3274417 0.5227429 1 194.6389 367.3937 528.1803 680.7785 831.8433 1044.126 15 
0.9082842 0.8982099 0.8935319 0.1878892 0.2336283 0.3208658 0.492628 1 196.0096 374.042 537.6686 696.6868 850.0122 1043.219 16 
0.9059517 0.9108171 0.8934831 0.2038182 0.2273511 0.3139669 0.487965 1 211.9668 403.9986 554.2529 702.9909 851.0432 1039.98 17 
0.9049098 0.8904951 0.9042652 0.1858703 0.2667358 0.3175062 0.4601235 1 193.215 368.0571 558.797 702.693 830.7496 1039.515 18 
0.8978193 0.9057414 0.9033509 0.2160207 0.2577055 0.3650216 0.5549444 1 221.9827 421.283 585.8477 744.2701 878.9435 1027.599 19 
0.8954374 0.9129117 0.900608 0.2110407 0.2439568 0.3105711 0.5237211 1 219.1455 415.3766 571.8075 704.384 854.3758 1038.404 20 
0.908422 0.9057516 0.899016 0.2028214 0.2485417 0.3483322 0.5103291 1 212.0452 404.6717 574.7554 740.2774 880.7663 1045.478 21 
0.9166384 0.8928717 0.8980387 0.187802 0.2552974 0.3348639 0.4875146 1 193.8226 371.4879 554.5195 717.3281 859.9475 1032.058 22 
0.8779439 0.9030058 0.8920242 0.1795265 0.2221835 0.3614828 0.4461965 1 187.2082 351.5666 498.7516 678.4371 785.229 1042.789 23 
0.897293 0.9233702 0.8893917 0.1981722 0.2674854 0.3282727 0.4790314 1 207.9975 394.6321 579.2115 722.093 846.2961 1049.579 24 
0.9040628 0.9008635 0.8918871 0.1900871 0.2516882 0.3160241 0.4538496 1 198.7629 378.457 555.298 702.2978 831.6448 1045.641 25 
0.9163091 0.8985192 0.9102221 0.2042979 0.2438028 0.3391229 0.464143 1 209.3043 401.0918 566.2724 727.9338 856.104 1024.505 26 
0.8872976 0.9080609 0.8956126 0.1982459 0.2337012 0.3146314 0.5258072 1 205.995 388.7739 539.653 679.693 833.1508 1039.088 27 
0.9105252 0.907312 0.9034054 0.2045265 0.2220889 0.3520197 0.5347803 1 212.7839 406.529 553.9534 731.0156 888.6992 1040.373 28 
0.900696 0.9094883 0.8906817 0.1848834 0.2329502 0.339948 0.4999916 1 192.4768 365.8399 527.1908 696.1156 841.8036 1041.071 29 
0.9044272 0.8967942 0.8969037 0.1674579 0.2313553 0.3285968 0.4972405 1 174.0112 331.3916 499.8703 670.604 828.5127 1039.134 30 
0.9000641 0.9006897 0.8963781 0.2007119 0.2540445 0.3393146 0.5295975 1 208.7922 396.7185 568.3014 721.9631 866.8322 1040.258 31 
0.9013326 0.9117242 0.8965186 0.210328 0.2211807 0.3309097 0.4662775 1 219.4354 417.2196 558.2767 715.5186 845.1009 1043.301 32 
0.9115679 0.9106066 0.8925235 0.1904777 0.2697171 0.3150233 0.5100782 1 197.7346 377.983 571.2177 714.0346 865.3138 1038.098 33 
0.8982413 0.9084556 0.9002405 0.1904444 0.2704864 0.3129625 0.4980087 1 199.3009 378.3212 568.9809 704.5075 844.2828 1046.505 34 
0.9025821 0.9030418 0.8822422 0.1888338 0.2398831 0.2986644 0.5011654 1 197.1749 375.1414 541.7761 681.2824 841.2052 1044.171 35 
0.9009329 0.9088888 0.8940462 0.1761501 0.2487548 0.3322052 0.4353797 1 183.8006 349.3926 528.6167 690.7842 810.1111 1043.432 36 
0.9054245 0.8974844 0.8986744 0.1982172 0.2430838 0.3010934 0.4890382 1 205.0842 390.7724 555.4674 691.9925 841.1606 1034.644 37 
0.9050165 0.9087704 0.8983734 0.2002282 0.2599923 0.3639827 0.5310072 1 209.1367 398.4089 577.7525 747.8784 885.6164 1044.492 38 
0.9000385 0.8857862 0.8946025 0.1811797 0.2430354 0.3496219 0.4496479 1 190.8518 362.6258 536.0031 710.6939 830.5886 1053.384 39 
0.8982632 0.8956726 0.9059422 0.1939727 0.2485126 0.3198637 0.484198 1 203.2625 385.8457 556.492 702.9029 840.4211 1047.892 40 
0.9025501 0.8991987 0.9128998 0.1775096 0.2185564 0.3393874 0.469477 1 182.4444 347.1096 498.0417 673.7063 812.9331 1027.8 41 
0.880477 0.8987071 0.8948341 0.2070636 0.2143531 0.3212359 0.5087063 1 210.3656 395.5876 520.9847 662.026 801.4345 1015.947 42 
0.9003579 0.8987942 0.9117719 0.2097851 0.2072545 0.3134338 0.555202 1 217.0236 412.4226 540.7546 689.9948 868.2696 1034.505 43 
0.8898996 0.919885 0.9014907 0.2019198 0.2349662 0.3553675 0.4737876 1 208.7851 394.5829 545.0369 709.3777 824.0912 1034 44 
0.9041908 0.9045785 0.8988779 0.1801303 0.2504435 0.3545752 0.5026173 1 185.781 353.7624 531.6408 705.4404 843.4639 1031.37 45 
0.9057673 0.9115446 0.8933458 0.1846192 0.2789548 0.2882668 0.5172469 1 189.8485 361.8071 561.6101 682.9683 841.1814 1028.325 46 
0.9116254 0.9030927 0.8895068 0.1855819 0.2592337 0.3073188 0.5185699 1 196.0566 374.7868 564.7062 710.6686 876.8001 1056.443 47 
0.8838257 0.9073753 0.9001088 0.2013908 0.2694235 0.3269818 0.5063527 1 212.7615 400.8056 581.5549 715.5405 842.4683 1056.461 48 
0.9018321 0.9058667 0.8900929 0.1823074 0.2182009 0.3517423 0.4591428 1 191.039 363.3241 514.6241 699.7329 830.4293 1047.895 49 
0.9166161 0.8910792 0.8947975 0.1974207 0.2573242 0.3112217 0.4562566 1 207.6834 398.0493 582.1172 728.7268 865.0165 1051.983 50 
0.9017492 0.9072294 0.8956281 0.1913472 0.2482062 0.2953591 0.4870422 1 199.5721 379.536 551.5863 684.6713 835.0087 1042.984 51 
0.894038 0.912763 0.9084739 0.1944705 0.2409592 0.3414935 0.4315154 0.9999999 201.6495 381.9318 542.7266 701.7255 807.5242 1036.916 52 
0.9137215 0.8949137 0.9016295 0.1830357 0.2234943 0.3122253 0.4771815 0.9999999 191.1444 365.7972 524.9125 686.4672 844.6618 1044.301 53 
0.8907088 0.881222 0.9000903 0.195085 0.2365871 0.315836 0.493257 1 207.7292 392.7554 552.6059 698.8654 843.2945 1064.814 54 
0.8982923 0.8927992 0.8856917 0.2063253 0.2187634 0.3389151 0.4782925 1 216.2416 410.4898 550.7115 714.9432 847.7047 1048.061 55 
0.9013594 0.9009164 0.9033932 0.1954918 0.238552 0.3095254 0.4737562 1 203.1926 386.3421 547.71 690.7653 830.9102 1039.392 56 
0.8865671 0.9097234 0.9013251 0.1878874 0.211554 0.3320257 0.4601591 1 197.9227 373.3944 512.0212 677.8946 808.325 1053.411 57 
0.906049 0.9073728 0.905962 0.194002 0.2244432 0.3483268 0.4748184 1 201.7463 384.5384 536.5327 712.5549 846.7524 1039.919 58 
0.9031936 0.887743 0.8979021 0.1869083 0.2304802 0.3170862 0.4865215 1 194.94 371.0085 530.5469 686.1097 836.51 1042.971 59 
0.9053663 0.8920712 0.9054288 0.1885402 0.2516443 0.3220162 0.4839819 1 198.479 378.1752 557.3505 710.4623 852.9942 1052.714 60 
0.9132586 0.8947766 0.8950141 0.2072692 0.2282479 0.3491535 0.4750612 1 216.8855 414.9581 568.2979 742.5226 876.0524 1046.395 61 
0.907732 0.9020565 0.8999778 0.2021226 0.2643104 0.3661529 0.5330192 1 209.5856 399.8331 581.6151 750.8145 887.177 1036.923 62 
0.9135368 0.9001139 0.9041037 0.1871197 0.2379613 0.3517346 0.4571084 1 195.5961 374.2804 544.1155 724.8202 854.0241 1045.3 63 
0.9049711 0.895813 0.9003972 0.1897557 0.2226949 0.3533063 0.5179739 1 197.6489 376.5155 528.6785 710.2094 862.4612 1041.597 64 
0.9082812 0.9266384 0.8992244 0.1655878 0.2656088 0.3167534 0.562389 1 170.5625 325.4811 523.9139 675.7943 856.3481 1030.043 65 
0.8997276 0.9047761 0.9066959 0.180859 0.2326826 0.299802 0.4711714 1 190.1635 361.2588 525.4399 670.885 821.6458 1051.446 66 
0.8976822 0.8995222 0.9004775 0.1761732 0.2306332 0.3658662 0.4613255 1 184.5987 350.3096 513.5553 703.9949 826.2519 1047.825 67 
0.889017 0.9006052 0.9024224 0.2047913 0.2294337 0.3416604 0.5341934 1 214.3628 404.9349 550.9689 708.9618 855.8472 1046.738 68 
0.8828835 0.8940164 0.8937989 0.1777854 0.2374246 0.333433 0.4658417 1 186.8539 351.8241 515.7911 675.1101 800.6673 1051.008 69 
0.9052955 0.8935106 0.8998485 0.1795044 0.2662167 0.2999167 0.4794317 1 185.8445 354.0887 546.6995 681.8719 826.5116 1035.32 70 
0.8933949 0.8946561 0.896216 0.2020593 0.2521691 0.3110456 0.4494563 1 211.3206 400.1134 567.898 701.4731 819.9405 1045.835 71 
0.9041642 0.9059549 0.9070633 0.1867678 0.2257913 0.3253161 0.4727179 1 194.3333 370.0426 525.6381 688.3829 831.3505 1040.508 72 
0.8863667 0.9060007 0.8893185 0.176141 0.2188909 0.3282997 0.460659 1 185.4875 349.8975 500.0418 665.6995 799.742 1053.063 73 
0.8997709 0.9060465 0.8844159 0.1941195 0.2494716 0.3045842 0.5267175 1 202.0392 383.8282 554.604 690.756 852.1048 1040.798 74 
0.9077068 0.8993111 0.8917056 0.1888061 0.2535571 0.2887322 0.4787015 1 196.8823 375.5937 555.411 686.4589 838.0892 1042.775 75 
0.8845001 0.9208423 0.8979061 0.1813924 0.2278456 0.3229639 0.4886375 1 187.9283 354.1508 506.483 659.4826 799.9588 1036.032 76 
0.8981683 0.9107295 0.8970368 0.1958607 0.240095 0.3301114 0.5487239 1 199.9009 379.4455 537.8582 688.9692 848.063 1020.628 77 
0.9059184 0.9053535 0.8967582 0.200385 0.2448587 0.3520066 0.4454695 1 211.0349 402.2152 570.5726 740.738 854.6119 1053.147 78 
0.8970562 0.903536 0.8970231 0.209556 0.2354716 0.3262741 0.5080267 1 219.2066 415.8472 567.7371 715.5454 858.2499 1046.052 79 
0.9004525 0.9157829 0.9000166 0.2090943 0.2656862 0.3196116 0.4875664 1 216.2763 411.0228 587.4569 720.9746 848.4835 1034.348 80 
0.9042755 0.8805468 0.8984666 0.203405 0.2426978 0.3344927 0.4919069 1 213.5715 406.6989 570.7628 727.9996 865.6718 1049.982 81 
0.8979887 0.902445 0.889055 0.1712929 0.2617687 0.330256 0.4639952 1 178.461 338.7169 530.1715 686.5861 814.617 1041.847 82 
0.9010528 0.8977416 0.8978598 0.1988304 0.2507946 0.3441526 0.4492636 1 206.1386 391.8804 561.4193 720.0356 832.1507 1036.756 83 
0.9019577 0.8988204 0.8931139 0.1851179 0.2090469 0.3234227 0.4992919 1 193.6499 368.3139 510.4035 678.4269 839.6771 1046.09 84 
0.8921183 0.8888937 0.897588 0.1701809 0.2385887 0.3248602 0.4634964 1 180.0542 340.6839 513.4023 675.1815 811.529 1058.017 85 
0.8970739 0.9093846 0.9011155 0.1951421 0.2499706 0.3165103 0.5203556 1 205.6961 390.2206 562.1286 705.6713 859.3497 1054.083 86 
0.9106155 0.8961668 0.8929845 0.1788962 0.252393 0.335905 0.4627546 1 185.2957 354.0288 537.0385 702.6114 835.2053 1035.772 87 
0.9139967 0.9101577 0.8941545 0.1984719 0.2391988 0.3096416 0.4842289 1 205.5284 393.3806 558.0897 705.6261 856.0399 1035.554 88 
0.9023155 0.9013125 0.9113816 0.1764919 0.2226758 0.333756 0.4967337 0.9999999 182.0156 346.251 501.5421 672.8838 825.633 1031.297 89 
0.9059042 0.8950441 0.8940339 0.1779317 0.2483357 0.3045481 0.5007627 1 184.4084 351.4647 529.9731 675.1409 834.6403 1036.399 90 
0.8917586 0.9142213 0.9011719 0.1856621 0.2710903 0.3372881 0.4722136 1 193.666 366.3693 556.989 705.5377 822.9326 1043.11 91 
0.9067496 0.8898017 0.8983604 0.1809361 0.2432701 0.3242518 0.5015649 1 189.992 362.2672 537.7121 698.6036 854.046 1050.05 92 
0.8899869 0.9134568 0.8964302 0.1713168 0.2707115 0.2827702 0.4828493 1 178.4986 337.3601 533.9844 653.295 799.4924 1041.921 93 
0.890548 0.9194242 0.8996929 0.1886759 0.2496425 0.3156243 0.4676878 1 194.7477 368.1799 536.9409 676.5019 803.5839 1032.181 94 
0.9055629 0.8958573 0.8920975 0.2226292 0.2234056 0.3437087 0.4782855 1 231.1378 440.4476 579.1594 739.8931 866.7608 1038.219 95 
0.8923159 0.8963575 0.8986191 0.1808526 0.2717887 0.3231433 0.4487667 1 189.7159 359.0025 553.8897 696.4504 811.5248 1049.009 96 
0.8970927 0.9124089 0.9067099 0.1679314 0.251111 0.2841282 0.4994543 1 173.2235 328.6209 510.3294 640.4401 804.3512 1031.513 97 
0.9010578 0.8959058 0.90015 0.2269724 0.2702904 0.3486917 0.4970303 1 233.3544 443.6202 614.5443 755.9625 868.9062 1028.118 98 
0.8959786 0.8955178 0.8978421 0.1761503 0.2443303 0.3393706 0.5053494 1 184.3085 349.445 523.7092 690.2952 835.9557 1046.314 99 
0.8913095 0.8960968 0.8970806 0.198831 0.2305562 0.3356099 0.4921639 1 206.5141 390.582 539.9816 696.1735 829.8689 1038.641 100 
