0.5013266 0.8919705 0.8982387 0.1643823 0.2439244 0.3541863 0.4690772 0.9999999 171.5449 257.5449 341.8231 404.8868 402.7124 1043.573 1 
0.4916983 0.925252 0.9078 0.1936693 0.2535495 0.347325 0.499511 1 198.88 296.669 355.8171 389.6293 393.0855 1026.905 1 
0.4988109 0.8517117 0.8995147 0.1876954 0.2381555 0.3948966 0.4674189 0.9999999 201.9617 302.7025 359.1502 442.1046 408.864 1076.008 2 
0.5130483 0.9103239 0.9030711 0.1889576 0.2367413 0.3420654 0.4809206 1 194.4534 294.2174 348.5395 396.7269 405.1086 1029.085 2 
0.4828635 0.8995685 0.8975096 0.1862047 0.2398156 0.3414236 0.493041 0.9999999 195.6643 290.1434 345.175 388.6189 398.7284 1050.802 3 
0.460992 0.927303 0.8973596 0.1870652 0.2861025 0.3740969 0.5087639 1 190.8884 278.8865 365.9006 390.2224 368.472 1020.438 3 
0.5083962 0.8998654 0.9124939 0.2141162 0.2381487 0.2781951 0.5068494 1 222.2748 335.2785 364.7429 358.3434 409.5687 1038.104 4 
0.4793753 0.9183552 0.8955404 0.1952623 0.262156 0.3698464 0.4781388 1 200.3729 296.4267 358.5882 397.25 374.0181 1026.173 4 
0.4961553 0.8984971 0.8982307 0.1970039 0.2463138 0.3276901 0.5004361 0.9999999 204.8031 306.4172 357.6498 383.6215 402.0177 1039.589 5 
0.4778552 0.9180611 0.901884 0.2056836 0.2581497 0.3151029 0.5249678 0.9999999 211.3294 312.3143 359.9221 362.7662 391.0345 1027.449 5 
0.4836054 0.8878909 0.8965283 0.1890405 0.2588792 0.3232655 0.5006722 0.9999999 198.2375 294.1062 362.3856 378.9926 396.8286 1048.651 6 
0.484451 0.9138846 0.9185099 0.2091188 0.2359331 0.3255484 0.4738948 1 215.5807 320.019 347.3945 371.099 378.8889 1030.901 6 
0.5050646 0.8822033 0.9197109 0.18703 0.2738853 0.3319558 0.5142991 1 194.9814 293.4597 380.3428 396.3852 411.638 1042.514 7 
0.5081343 0.8890007 0.8989394 0.1750818 0.2770946 0.3196746 0.4640706 1 183.3678 276.5433 379.9194 392.7062 396.733 1047.326 7 
0.5218186 0.8623173 0.9022439 0.2018814 0.2580178 0.3215345 0.5362058 1 214.5554 326.5145 389.2382 405.4749 440.5463 1062.779 8 
0.5358792 0.8950714 0.8961671 0.186851 0.2578066 0.3620492 0.4766978 1 194.4152 298.5982 378.1343 429.9814 421.3824 1040.482 8 
0.4909323 0.8871317 0.892827 0.1787081 0.24202 0.333819 0.5306277 0.9999999 188.2612 280.6847 347.1917 389.3664 422.9743 1053.457 9 
0.5037429 0.8915488 0.8911891 0.1999222 0.2455813 0.3443305 0.4911155 1 209.7642 315.4314 365.0531 401.9601 406.4156 1049.229 9 
0.4977123 0.9190503 0.8985065 0.1981919 0.2648333 0.2925509 0.5108331 1 204.5755 306.3952 371.6816 362.9928 400.5523 1032.209 10 
0.4930116 0.8940232 0.8803662 0.160582 0.2649223 0.335501 0.4985979 0.9999999 168.9121 252.1877 358.2479 394.376 409.4725 1051.875 10 
0.5033367 0.8448348 0.9000131 0.1793446 0.2491515 0.3392149 0.471849 1 195.3205 293.6325 370.4773 414.1143 417.6747 1089.079 11 
0.5049555 0.876008 0.8962966 0.1781559 0.2423793 0.3115121 0.5055093 0.9999999 189.5123 285.2075 355.9128 386.0458 425.4535 1063.744 11 
0.5080518 0.9150244 0.905206 0.1750076 0.2604807 0.362696 0.5817316 0.9999999 181.4286 273.6038 361.7839 413.2037 444.4152 1036.69 12 
0.4838812 0.9077323 0.8908151 0.2002279 0.25375 0.3249616 0.5112597 1 208.2266 308.9835 360.5607 376.1632 396.2246 1039.948 12 
0.4780828 0.913301 0.8827472 0.200776 0.2539545 0.32733 0.5057146 0.9999999 209.1465 309.1358 359.2208 375.0471 390.5941 1041.691 13 
0.4970934 0.9019195 0.9162928 0.1828331 0.2557589 0.3320996 0.513567 1 190.7192 285.5244 359.9447 389.6105 411.2798 1043.133 13 
0.5022203 0.9190242 0.9088787 0.1840879 0.2397873 0.3414639 0.511652 1 189.3465 284.4401 344.0857 390.6557 411.1587 1028.566 14 
0.4978484 0.9124305 0.8859456 0.1858324 0.2403446 0.3014642 0.5228414 0.9999999 192.907 288.9455 346.9813 366.2939 416.8441 1038.07 14 
0.4810741 0.9602781 0.908569 0.1799781 0.2393919 0.3074607 0.5115757 1 180.1703 266.8456 324.8889 348.2684 388.7527 1001.068 15 
0.5324945 0.8900563 0.9093052 0.1845461 0.2617449 0.3560322 0.4942623 1 193.2629 296.1744 381.2338 427.4649 428.2875 1047.234 15 
0.5126696 0.8965066 0.8961308 0.1910287 0.2594278 0.3495326 0.5344546 1 198.5637 300.3613 372.134 408.4472 425.8886 1039.444 16 
0.5113773 0.9024279 0.9097471 0.191288 0.2364297 0.3378087 0.4616863 1 201.6955 304.838 357.4937 402.7633 405.023 1054.407 16 
0.5030764 0.9020516 0.887875 0.1763393 0.2564209 0.3292019 0.4632086 1 184.0409 276.6275 359.5929 391.3305 395.4829 1043.675 17 
0.4994908 0.9079579 0.8936391 0.2113939 0.2357324 0.3462902 0.4844406 1 221.3935 331.9776 360.5134 398.6571 399.0213 1047.303 17 
0.4949477 0.9271845 0.8916503 0.204659 0.2520274 0.327888 0.4936091 0.9999999 209.2524 312.8214 359.7769 377.5072 388.6382 1022.444 18 
0.5063272 0.8956368 0.8953934 0.1914259 0.2481758 0.3142634 0.5290292 1 198.7572 299.3934 359.9449 380.609 421.6916 1038.299 18 
0.496305 0.8573233 0.8801928 0.1684583 0.2544705 0.3454894 0.4894696 1 181.9758 272.2913 363.7219 411.8858 418.963 1080.242 19 
0.4950812 0.8900516 0.9010299 0.1969617 0.2667674 0.3831712 0.5333224 0.9999999 205.6201 307.4187 375.8389 421.6054 410.9453 1043.96 19 
0.4824151 0.9200595 0.8949003 0.1569514 0.2414655 0.3398642 0.4260608 1 161.9601 240.0922 325.8876 381.4858 369.6336 1031.913 20 
0.5202009 0.9332472 0.907563 0.1896867 0.2454694 0.3657959 0.4766741 1 192.8919 293.2344 354.8089 412.0009 402.2798 1016.897 20 
0.4973407 0.869655 0.8870055 0.2099043 0.2374913 0.3572905 0.4955019 0.9999999 223.0942 334.048 365.5674 410.5889 408.1187 1062.838 21 
0.5072276 0.840464 0.8877965 0.2000391 0.2434907 0.316787 0.4561672 1 217.7555 328.207 378.5096 400.682 408.5504 1088.565 21 
0.5142209 0.9158816 0.897373 0.1842036 0.2614478 0.3495835 0.4592502 1 189.9977 287.6984 367.9376 406.4533 394.6393 1031.455 22 
0.4979606 0.8891609 0.9097166 0.1766306 0.2362811 0.347564 0.5059447 0.9999999 186.708 279.6812 344.9163 402.7802 419.9835 1057.053 22 
0.4935945 0.9231697 0.8855058 0.1788761 0.2723723 0.3323111 0.4893537 0.9999999 184.1631 275.0649 366.0324 385.0867 391.0624 1029.557 23 
0.5083298 0.9013477 0.9220139 0.2049649 0.2435489 0.3220509 0.5087224 1 215.2507 324.6691 368.3859 390.6643 416.4126 1050.184 23 
0.4974643 0.9349143 0.9060685 0.1771749 0.2503993 0.2999338 0.5197623 1 180.78 270.7116 344.8965 360.3342 408.2502 1020.348 24 
0.509973 0.8614935 0.9034322 0.2071464 0.2523874 0.3238795 0.5344847 1 221.7249 334.7987 384.9277 401.7926 434.1834 1070.378 24 
0.518743 0.8970687 0.8954766 0.1956858 0.2662021 0.3202991 0.4583839 1 204.0159 309.8477 383.9559 396.2636 397.2731 1042.569 25 
0.5092674 0.9203773 0.9116346 0.1782398 0.2476575 0.3490967 0.4541845 1 184.7232 278.7967 352.8998 403.3983 394.8577 1036.374 25 
0.4906634 0.896045 0.897498 0.1830506 0.2881939 0.3006346 0.531288 0.9999999 191.9691 286.1613 387.3196 373.383 409.8007 1048.721 26 
0.4909078 0.9571458 0.9159349 0.1679212 0.2442325 0.3402189 0.4948296 1 167.1772 249.2459 324.6771 372.388 387.2076 995.5693 26 
0.4695238 0.945407 0.8915691 0.1726378 0.2450446 0.3449406 0.5308403 1 174.5403 256.4912 325.4036 370.6165 393.6077 1011.02 27 
0.4797749 0.8742098 0.8745785 0.1812418 0.2554378 0.348075 0.4570908 1 192.1882 284.3952 358.2189 396.8724 383.0399 1060.396 27 
0.499574 0.8832062 0.8926009 0.2058353 0.2668918 0.3256018 0.4669584 1 218.5397 327.7165 388.7569 395.4815 392.2354 1061.721 28 
0.4948775 0.8867963 0.8969148 0.1762308 0.2895826 0.3190792 0.4939638 1 187.2051 279.8488 391.8952 392.2998 403.2369 1062.272 28 
0.4853151 0.9073543 0.8986053 0.201263 0.2617558 0.3211144 0.5356716 0.9999999 210.5167 312.6836 370.4369 377.8338 407.6645 1045.978 29 
0.5079985 0.9199873 0.9063418 0.1969394 0.2535308 0.3508787 0.5047765 1 204.3667 308.1847 367.8366 405.1308 409.6334 1037.714 29 
0.4996711 0.9003541 0.895433 0.1873656 0.2399277 0.3177265 0.4855348 0.9999999 196.6061 294.8445 351.9145 381.7673 405.4601 1049.318 30 
0.4931775 0.8863484 0.8972823 0.1803696 0.2340827 0.346707 0.5006818 0.9999999 188.4284 281.357 339.1924 394.6586 409.1493 1044.679 30 
0.4834791 0.9073314 0.8868803 0.2056733 0.2620848 0.3270018 0.4768994 0.9999999 212.7282 315.5778 367.897 376.1157 376.4219 1034.301 31 
0.4873102 0.9110925 0.8978083 0.1974946 0.2630718 0.3196427 0.4510936 1 205.2652 305.2929 368.1954 375.896 371.8192 1039.345 31 
0.5374709 0.9032124 0.9175184 0.1874097 0.257725 0.3514923 0.5170741 1 195.984 301.3197 380.957 426.4611 440.7215 1045.752 32 
0.4866124 0.9253965 0.9021621 0.1924928 0.2442127 0.3137152 0.4931285 1 195.6077 290.7929 341.8981 360.9316 385.5191 1016.182 32 
0.5219137 0.8441529 0.8980939 0.2150548 0.2474965 0.3479271 0.4913685 1 232.2041 353.3947 394.2047 427.6407 427.5404 1079.744 33 
0.4872638 0.9252146 0.9011234 0.1810893 0.2428196 0.35 0.5288557 0.9999999 184.8358 274.8996 336.9101 385.676 405.4863 1020.688 33 
0.5046785 0.8803317 0.8869785 0.1956351 0.272387 0.3104394 0.4687228 1 207.8935 312.8128 390.697 390.2507 397.9697 1062.659 34 
0.4653652 0.9542885 0.8965668 0.1793509 0.2653952 0.3751731 0.4658361 0.9999999 182.3481 267.2065 345.7846 390.87 360.3001 1016.711 34 
0.4908692 0.9301939 0.9021663 0.1952514 0.2799654 0.3413589 0.515135 0.9999999 199.9731 298.1337 377.0947 387.6868 391.6578 1024.182 35 
0.5078216 0.9342816 0.9059865 0.1814006 0.2308561 0.3560481 0.516349 1 185.1838 279.2241 334.7159 398.8265 416.2502 1020.856 35 
0.4843909 0.8881072 0.8829339 0.1728666 0.2441119 0.3435117 0.4874829 0.9999999 182.424 270.7886 344.2439 393.3933 401.7057 1055.288 36 
0.4910815 0.9220119 0.8981576 0.1881504 0.2580338 0.3301629 0.5068986 1 193.071 287.8846 356.338 379.0707 396.0302 1026.153 36 
0.5072472 0.9098283 0.9055369 0.1953414 0.2500306 0.3515142 0.4867344 1 203.3518 306.5014 364.9113 405.9269 404.1955 1041.007 37 
0.5010911 0.9149524 0.916334 0.1589373 0.2810368 0.3275157 0.4725432 1 165.0498 247.7547 369.6076 390.8701 395.4097 1038.458 37 
0.4839033 0.8990506 0.9107767 0.2001682 0.2259933 0.3394237 0.5025226 1 208.0129 308.6711 337.2075 381.5397 398.187 1039.191 38 
0.4764857 0.9299084 0.9053842 0.1807708 0.2479292 0.3434768 0.5353834 0.9999999 184.9773 273.1163 337.9732 377.5862 401.5142 1023.27 38 
0.4980764 0.8804219 0.9026925 0.2095278 0.2643094 0.3023348 0.4567409 1 220.3675 330.1273 384.1666 376.2608 382.3034 1051.734 39 
0.5154337 0.9489056 0.8832452 0.1678453 0.2468125 0.3292759 0.4458756 0.9999999 168.6317 255.5502 338.0677 381.5982 385.0079 1004.685 39 
0.5011089 0.8991623 0.9032981 0.1961822 0.2715232 0.3335494 0.5196469 1 204.6509 307.2032 381.6189 394.9779 409.4723 1043.167 40 
0.5006255 0.9054294 0.8915481 0.1788288 0.2293684 0.3514713 0.5018295 0.9999999 186.6671 280.1174 336.8403 400.798 415.6288 1043.831 40 
0.4975656 0.9173137 0.9029254 0.1918482 0.2406681 0.3299823 0.5172934 0.9999999 198.4212 297.1488 349.011 383.0892 410.5894 1034.261 41 
0.489923 0.9007464 0.9070003 0.2042676 0.2603502 0.329127 0.5002965 1 212.062 315.9561 369.8684 382.3107 392.3833 1038.158 41 
0.4955173 0.9167509 0.9135108 0.1677086 0.2603579 0.3414051 0.4797884 1 173.4529 259.4018 352.6538 392.113 395.4818 1034.252 42 
0.4992433 0.9160977 0.9074347 0.1748217 0.2578645 0.3374864 0.4786889 1 181.2185 271.6906 356.2097 392.0723 397.0592 1036.59 42 
0.511157 0.9132947 0.8915991 0.172956 0.2691392 0.3254262 0.50578 0.9999999 178.4898 269.726 367.5842 390.8921 412.6369 1031.995 43 
0.4955017 0.8893486 0.8627571 0.1807813 0.2555841 0.3486433 0.5129752 1 190.0411 284.2068 360.9288 402.3477 413.5666 1051.221 43 
0.4893664 0.9035675 0.9001302 0.1956619 0.2701187 0.3168901 0.4859555 1 203.6532 303.3142 374.5723 376.9384 387.3054 1040.842 44 
0.4971173 0.9003913 0.9074081 0.1786249 0.2710433 0.3427382 0.5394387 0.9999999 187.7098 281.0236 373.6528 401.3998 422.6269 1050.86 44 
0.4807362 0.882685 0.9191462 0.190795 0.2648714 0.3192146 0.5090801 1 201.6722 298.6233 370.1135 378.6437 399.9478 1057.01 45 
0.5382722 0.8768984 0.8890843 0.1763782 0.2482738 0.3294869 0.4910519 1 187.0403 287.7189 371.7158 416.4139 440.3225 1060.45 45 
0.492818 0.9234246 0.8922772 0.1841518 0.2339693 0.3584857 0.5083885 0.9999999 189.5261 282.928 335.8861 396.1101 404.9836 1029.184 46 
0.506803 0.8737517 0.8987464 0.1879877 0.2621953 0.3351031 0.5055606 1 198.0123 298.3656 375.4717 401.7585 415.7386 1053.326 46 
0.4812915 0.9439525 0.9038628 0.1937626 0.262424 0.3124769 0.5227755 0.9999999 195.9995 290.3324 353.753 358.2214 388.6097 1011.544 47 
0.5046108 0.8637423 0.8932363 0.20002 0.2610694 0.3233926 0.4646019 1 215.3598 324.0327 388.3777 401.8074 402.8309 1076.691 47 
0.4938889 0.9009987 0.8948847 0.2118851 0.2879664 0.3531265 0.4854087 0.9999999 221.9925 331.6321 401.5661 405.9437 385.1009 1047.702 48 
0.4843222 0.9274562 0.9045662 0.1889782 0.2414696 0.3141923 0.460768 1 196.2521 291.3014 344.4589 367.5552 379.895 1038.491 48 
0.4966874 0.9178519 0.893869 0.1841237 0.2556036 0.3394739 0.4822041 1 188.4988 282.1237 353.6235 386.7139 390.1139 1023.762 49 
0.4886456 0.8940512 0.9048693 0.1878984 0.2404286 0.3306751 0.4618077 1 196.873 293.0742 347.7878 383.6642 387.2504 1047.763 49 
0.4709111 0.8657224 0.8976189 0.1831178 0.2561444 0.3031961 0.5021018 0.9999999 196.3825 288.8612 360.4247 367.3084 400.9632 1072.438 50 
0.4780634 0.867971 0.9114964 0.187207 0.2621179 0.3171833 0.4808094 0.9999999 200.4824 296.3257 369.818 380.5154 392.7724 1070.913 50 
0.4922617 0.8689816 0.9103398 0.2100606 0.2433414 0.3310264 0.4698476 1 225.57 336.6094 372.1175 395.647 396.5039 1073.833 51 
0.507476 0.9010845 0.8987742 0.2011245 0.2391223 0.3580391 0.4861244 1 209.7643 316.2146 359.7064 409.5241 405.6648 1042.957 52 
0.5288137 0.872665 0.8811593 0.1880555 0.2692591 0.3453526 0.4904574 1 199.4064 304.8552 393.031 425.113 426.8056 1060.359 53 
0.4745696 0.8998025 0.8875335 0.2021527 0.2466881 0.3324721 0.5083441 0.9999999 210.0609 309.7495 351.5167 374.4614 389.6356 1039.12 53 
0.5110557 0.9204433 0.8852425 0.2046457 0.2041791 0.3458546 0.4669566 1 209.7005 316.8692 328.3437 392.121 398.5136 1024.7 54 
0.5079111 0.8800955 0.8791837 0.1869031 0.2251144 0.3358175 0.5013879 1 197.7223 298.1477 345.0679 399.096 424.6682 1057.887 54 
0.5026765 0.9059054 0.914186 0.1917545 0.2431611 0.3376298 0.5295177 1 198.7116 298.5992 353.7631 391.8537 419.3095 1036.281 55 
0.5198815 0.8915905 0.8778382 0.183957 0.2417226 0.3618248 0.5221133 0.9999999 191.8078 291.5251 357.2328 419.1662 432.8955 1042.677 55 
0.5112128 0.9005564 0.8979699 0.2001772 0.2772802 0.3497196 0.4557003 1 209.8877 317.185 394.6824 413.7278 391.1071 1048.51 56 
0.4987563 0.9135181 0.8966914 0.1782832 0.2437668 0.3595591 0.4974485 0.9999999 183.9191 275.6499 344.1215 402.1295 404.7956 1031.612 56 
0.4819363 0.9358856 0.8924012 0.1762273 0.2569794 0.3215136 0.4774053 0.9999999 179.5236 266.0426 343.8679 366.1954 378.452 1018.705 57 
0.517535 0.907478 0.8992424 0.2161662 0.2652923 0.336871 0.5041575 1 223.7152 339.4956 390.9078 403.0836 407.8655 1034.922 57 
0.5166911 0.8823079 0.8940932 0.1962341 0.2252506 0.3102088 0.5616056 0.9999999 205.1604 311.1649 350.0604 382.8325 450.0142 1045.488 58 
0.465566 0.924254 0.8892035 0.198605 0.2430618 0.3401862 0.5065827 0.9999999 202.3393 296.5417 336.5108 366.9073 377.3904 1018.803 58 
0.4907843 0.869598 0.8998604 0.1725018 0.2462531 0.3119276 0.4846421 0.9999999 182.858 272.6018 349.7964 377.9116 405.9525 1060.035 59 
0.533133 0.8552859 0.9163152 0.1877485 0.2361584 0.3367737 0.4406352 1 201.1217 308.3464 369.8729 421.0196 418.6899 1071.23 59 
0.5173124 0.8722132 0.8915356 0.1775132 0.2344596 0.3085848 0.4955291 1 188.0434 285.3206 351.8792 387.857 429.1677 1059.321 60 
0.5080999 0.9225544 0.9008993 0.2026668 0.2402279 0.3805249 0.4451004 1 209.2196 315.524 358.0525 419.8985 385.7851 1032.333 60 
0.4945337 0.9162988 0.8879333 0.1963294 0.2513453 0.3153779 0.4798699 0.9999999 201.9161 301.7704 356.9826 371.6935 387.1068 1028.456 61 
0.5021109 0.937349 0.8930142 0.1830003 0.2583761 0.3274315 0.5266698 1 184.5779 277.2564 352.1265 376.9097 405.7258 1008.621 61 
0.484475 0.9080326 0.9060051 0.1915855 0.2473798 0.3013561 0.4952593 1 199.3479 295.927 351.4573 361.055 393.9742 1040.516 62 
0.4993448 0.9167845 0.9067021 0.2188684 0.2453155 0.3263365 0.5059287 1 223.6254 335.2916 363.2147 377.9286 394.003 1021.735 62 
0.4925523 0.9215893 0.9152776 0.1961974 0.2687788 0.3226992 0.4789102 1 201.8422 301.26 370.6474 377.6891 382.1655 1028.771 63 
0.4996293 0.9051896 0.9057014 0.2039815 0.2241992 0.3193024 0.5047628 1 213.2316 319.7684 346.3254 379.162 411.2477 1045.348 63 
0.5288311 0.8807054 0.9122409 0.2163292 0.2600184 0.3306464 0.5407314 1 225.9734 345.4752 395.5511 409.4703 435.7878 1044.581 64 
0.4715699 0.8919279 0.9119286 0.1986148 0.2762947 0.3349337 0.5069746 1 209.6721 308.5472 379.2468 383.9061 387.4735 1055.672 64 
0.4973301 0.8843768 0.8988381 0.1974119 0.2118818 0.3428416 0.5102231 0.9999999 209.2035 313.2467 335.9983 396.9144 422.1528 1059.731 65 
0.4988704 0.9461984 0.8879557 0.1891411 0.2540611 0.3257982 0.5094136 0.9999999 191.3075 286.7452 351.416 374.6276 397.0047 1011.454 65 
0.4894249 0.9367609 0.9137025 0.1902 0.2444731 0.37785 0.4886455 1 193.2336 287.8069 341.9918 402.2448 385.8369 1015.949 66 
0.4836114 0.8732371 0.9065928 0.1962597 0.2385025 0.3542785 0.4583262 0.9999999 210.7271 312.6371 357.0198 405.4777 390.5819 1073.716 66 
0.5009794 0.9080422 0.8917523 0.1739899 0.2381827 0.3103988 0.5087861 1 180.6234 271.1121 340.0639 373.1362 416.1361 1038.126 67 
0.4996993 0.9030776 0.8979059 0.1767266 0.2274045 0.3361456 0.4756297 0.9999999 184.939 277.3529 334.5089 390.8973 405.4981 1046.469 67 
0.5037477 0.8890627 0.9047497 0.214567 0.281137 0.3360774 0.479198 1 224.9737 338.3037 401.9437 401.4372 390.5691 1048.501 68 
0.499164 0.9191611 0.8896127 0.1823113 0.2487599 0.3652898 0.5137663 1 188.2295 282.1868 350.8686 406.8155 409.8825 1032.462 68 
0.5183668 0.8718655 0.8982503 0.1804817 0.2438451 0.3348174 0.4729363 1 191.5602 290.8586 362.8734 408.3178 418.57 1061.383 69 
0.4964839 0.8958026 0.890084 0.1785493 0.25297 0.3162245 0.542908 0.9999999 186.4392 279.0032 355.5056 379.1282 426.1003 1044.189 69 
0.508641 0.9334543 0.9102598 0.1810361 0.2495587 0.3172255 0.4828484 1 184.2783 278.0098 349.447 376.1965 397.5917 1017.909 70 
0.5144219 0.9018535 0.8974489 0.184467 0.2553033 0.3102331 0.5104959 1 191.8438 290.5324 365.9906 384.2204 420.0564 1039.99 70 
0.4976401 0.8908235 0.896237 0.1665456 0.235083 0.3174532 0.4910216 1 175.1337 262.2873 336.559 380.3052 413.9357 1051.566 71 
0.4959442 0.9297267 0.9076605 0.1996618 0.2302178 0.3338415 0.5302372 1 203.3013 304.1274 338.441 377.2721 408.6879 1018.228 71 
0.4862979 0.9441485 0.8896708 0.199564 0.2294941 0.3423561 0.4698142 0.9999999 202.3156 300.7012 332.4585 375.7299 375.8986 1013.788 72 
0.5269157 0.8815983 0.8959856 0.1754566 0.2739292 0.3439115 0.5020907 1 184.9072 282.3378 386.8005 420.7931 429.5587 1053.863 72 
0.5139029 0.8897373 0.904894 0.1601761 0.2371372 0.309936 0.473017 1 168.6044 255.2507 340.8068 384.1568 417.5457 1052.619 73 
0.5112004 0.8892041 0.8849949 0.1780667 0.2552716 0.3424056 0.5310514 0.9999999 186.6985 282.1389 364.2166 405.94 431.6402 1048.475 73 
0.502185 0.8914124 0.8920026 0.1993356 0.243375 0.3105258 0.5303283 1 209.7958 315.1521 363.3519 380.4587 424.1949 1052.475 74 
0.5086393 0.8917083 0.8873997 0.2010788 0.2391636 0.3177648 0.5196533 0.9999999 210.8484 318.0942 362.1515 386.7418 422.6802 1048.586 74 
0.4786192 0.9091215 0.8955778 0.1838554 0.2284218 0.3624336 0.5323016 1 191.4068 283.0178 329.54 395.3297 411.7028 1041.073 75 
0.5134579 0.885105 0.8965603 0.1988128 0.2708644 0.3282101 0.5438465 1 210.1604 318.069 392.7146 404.3179 433.2105 1057.077 75 
0.4746728 0.8675297 0.8964048 0.1979421 0.2164406 0.3083981 0.4903852 1 210.9602 311.0972 332.6843 364.4788 400.169 1065.767 76 
0.4656448 0.9102372 0.9176802 0.1814898 0.2383984 0.3184095 0.4842239 0.9999999 187.8773 275.3614 330.2199 359.2408 380.2611 1035.195 76 
0.4794535 0.9156029 0.8901178 0.1891871 0.2575919 0.3276707 0.5533428 1 196.6053 290.8685 356.5063 375.905 412.9542 1039.211 77 
0.5017879 0.9128945 0.9081477 0.2026703 0.2616111 0.3083803 0.5290725 1 210.3361 315.8802 374.9849 376.5857 412.5443 1037.824 77 
0.520627 0.8508502 0.8789486 0.1884096 0.2060239 0.3027741 0.4953509 1 202.1694 307.4243 339.4718 386.0894 439.8134 1073.031 78 
0.5058041 0.8776738 0.8920706 0.1807113 0.2489368 0.333229 0.5150098 0.9999999 191.4306 288.257 361.8505 400.2367 426.2783 1059.317 78 
0.5110971 0.9253852 0.9025896 0.183303 0.2481331 0.3524057 0.4871273 1 188.0457 284.1554 353.1238 402.4733 404.4227 1025.873 79 
0.4869392 0.9260511 0.9045892 0.190801 0.2195662 0.3229676 0.4943575 0.9999999 197.6307 293.8648 327.1268 370.5542 399.3727 1035.795 79 
0.4914564 0.880168 0.9044003 0.1607061 0.239315 0.315096 0.4670251 0.9999999 169.3006 252.5045 335.6924 376.906 400.3698 1053.48 80 
0.5272002 0.9297924 0.8898081 0.1937309 0.2274913 0.313165 0.5283947 0.9999999 198.9864 303.8921 348.607 384.1319 434.6912 1027.128 80 
0.4935478 0.8734174 0.9137121 0.1862803 0.2448831 0.3740651 0.5172335 1 199.2314 297.5616 359.9811 423.4935 421.7771 1069.525 81 
0.4775345 0.9181823 0.9027689 0.1838551 0.2550901 0.290302 0.5043375 0.9999999 190.6093 281.6319 350.3276 350.2676 392.8623 1036.737 81 
0.5458971 0.8979963 0.8995761 0.1910181 0.2519942 0.2994575 0.4982372 1 199.3521 308.1778 380.9864 397.094 437.1973 1043.629 82 
0.5097699 0.9066299 0.8943326 0.1844659 0.2311144 0.3047143 0.5479615 0.9999999 190.832 288.1124 341.8574 371.9346 436.7463 1034.511 82 
0.5142544 0.889199 0.8894768 0.1967394 0.2695725 0.344182 0.4850285 1 206.9448 313.3671 388.9197 412.4185 408.4003 1051.873 83 
0.5073255 0.9171678 0.8959544 0.2022349 0.2309665 0.3542048 0.4679114 1 209.3579 315.5704 350.8437 402.9533 396.3448 1035.221 83 
0.5017104 0.8759955 0.8807 0.2047261 0.2319789 0.3256257 0.4859541 0.9999999 218.0551 327.4556 360.786 392.847 410.2916 1065.107 84 
0.518889 0.8874886 0.9007953 0.1823379 0.253268 0.3515947 0.5435297 1 191.5668 290.9687 368.5498 416.7768 442.3356 1050.615 84 
0.4937987 0.9110979 0.9074704 0.1788173 0.2587468 0.351318 0.5115837 0.9999999 184.4073 275.4674 355.1462 395.9047 403.8137 1031.261 85 
0.4810894 0.9281733 0.9032174 0.1874169 0.2278855 0.3337275 0.5014095 0.9999999 190.7124 282.4621 324.3215 369.0925 390.8534 1017.584 85 
0.5057088 0.891171 0.9060308 0.1789732 0.2582021 0.3494801 0.4935127 1 187.4095 282.1841 364.6866 407.3042 410.7187 1047.137 86 
0.5013263 0.9152793 0.9062715 0.2009518 0.2447799 0.3484324 0.5062498 1 207.6025 311.6791 358.3171 396.8568 404.5966 1033.096 86 
0.4813142 0.9315469 0.9074135 0.2000581 0.2275263 0.310333 0.4785776 1 206.1242 305.3347 334.4885 358.5741 382.7259 1030.322 87 
0.5208305 0.9069107 0.9029718 0.1688305 0.248209 0.3317124 0.4832762 1 175.3363 266.6568 353.1365 399.1873 417.4969 1038.535 87 
0.4850797 0.9149362 0.9028586 0.2053333 0.241068 0.3566126 0.4126841 1 212.0545 314.9179 350.5997 392.1812 355.6128 1032.733 88 
0.4867391 0.9112013 0.8987103 0.1861561 0.226693 0.3366552 0.4791674 1 192.0699 285.5579 329.3459 378.9109 390.827 1031.768 88 
0.51089 0.9050931 0.9098652 0.1989009 0.2256813 0.3194093 0.5124742 1 207.7309 313.8585 349.1664 385.313 422.8109 1044.394 89 
0.4776897 0.9084225 0.9038109 0.1875501 0.2823929 0.3477236 0.5078902 1 193.7561 286.3114 373.7899 387.9937 384.8774 1033.09 89 
0.5120303 0.9136539 0.8994265 0.198468 0.2590539 0.3287364 0.4989624 1 205.7844 311.1522 374.6138 394.2447 408.1135 1036.864 90 
0.4921188 0.8628469 0.8984217 0.200875 0.2560251 0.309471 0.4881964 0.9999999 215.583 321.6754 377.879 383.4224 403.7882 1073.22 90 
0.4609085 0.9349748 0.906315 0.1730719 0.2484116 0.316964 0.5529823 1 177.5565 259.3938 330.2981 354.3379 404.1485 1025.912 91 
0.5132015 0.8611217 0.9089736 0.1974507 0.2163285 0.3254514 0.4850371 1 211.3704 319.846 349.999 398.7376 424.9149 1070.497 91 
0.5035036 0.8728324 0.8950168 0.187025 0.2541078 0.3606581 0.5168963 0.9999999 197.0746 296.3024 366.8731 415.1737 420.2059 1053.734 92 
0.4942881 0.9144473 0.9070604 0.1991876 0.2528448 0.3767472 0.481862 1 204.5109 305.5982 358.9462 408.8668 386.5923 1026.725 92 
0.5096611 0.9090179 0.8823491 0.2149365 0.2409561 0.3116045 0.476246 1 224.4373 338.8243 370.2132 382.5754 398.9819 1044.203 93 
0.4958337 0.9055301 0.9008006 0.1847697 0.2720418 0.311053 0.4918637 1 192.1681 287.4516 373.1851 377.0246 396.0964 1040.041 93 
0.5021031 0.9132183 0.9030984 0.1947048 0.2338739 0.3359916 0.5039781 1 201.5016 302.6762 346.8867 388.7017 408.8378 1034.908 94 
0.4954075 0.9052851 0.8880155 0.1896542 0.2574378 0.348077 0.5090911 0.9999999 195.5338 292.4027 359.9395 394.2592 401.2181 1031.002 94 
0.4916336 0.9022305 0.8938226 0.1706533 0.2623378 0.3513041 0.4881332 1 178.4602 266.1972 358.3936 400.9504 399.7022 1045.747 95 
0.5085516 0.8897926 0.9054401 0.175969 0.2497566 0.3553356 0.5139311 1 184.3272 278.0671 356.9942 411.6612 423.9055 1047.498 95 
0.5139809 0.8707368 0.9017191 0.1987614 0.2586979 0.3392328 0.5196656 1 210.1835 318.2138 382.7461 409.7938 426.2993 1057.466 96 
0.4984791 0.8782531 0.8823837 0.2279229 0.2522276 0.3654102 0.5205085 0.9999999 241.4049 361.7402 386.5782 416.1453 409.4201 1059.152 96 
0.5016612 0.8781486 0.9051984 0.203279 0.2341484 0.3625737 0.5080921 1 215.2419 323.2204 359.6765 414.6867 417.2785 1058.85 97 
0.4990504 0.9374356 0.9071754 0.200679 0.2432233 0.3127546 0.4957034 1 204.8312 307.0523 351.6706 368.6033 394.2891 1020.69 97 
0.5248307 0.8654725 0.8953515 0.1757082 0.2308069 0.3191656 0.4689843 1 188.3537 287.2075 354.6798 403.0743 428.565 1071.969 98 
0.5060316 0.8830063 0.9155268 0.197392 0.256774 0.3290757 0.4810281 1 208.3963 313.8514 376.3967 397.712 404.5041 1055.749 98 
0.4874864 0.9002211 0.903547 0.2107605 0.2607974 0.3505412 0.5005483 1 219.9618 327.1901 374.3183 395.9118 390.939 1043.657 99 
0.505644 0.918681 0.8978262 0.2029092 0.2560282 0.361299 0.5087188 1 209.0112 314.6965 369.3393 407.4526 404.5018 1030.073 99 
0.5348554 0.883016 0.8982483 0.201949 0.2641395 0.3932473 0.532802 0.9999994 212.9236 326.8069 397.0466 455.8484 443.9769 1054.343 100 
0.4770385 0.9231284 0.8787133 0.2029993 0.2427248 0.3241376 0.5464401 1 209.0862 308.8283 346.5754 366.8287 404.5767 1029.985 100 
