0.03314033 0.02833526 0.02878032 0.01119434 0.01413974 0.01810432 0.0238323 2.142439e-15 13.22675 16.01135 18.94739 22.94413 27.22399 1 
0.03488365 0.03339538 0.02913518 0.01145383 0.01452983 0.01835563 0.02425189 8.939051e-06 13.60793 16.67758 19.54007 24.15171 28.38414 1 
0.02963429 0.03109889 0.02855618 0.01143414 0.01376368 0.01784386 0.02352141 1.789669e-15 13.92708 15.71513 18.72255 21.0892 23.96267 2 
0.03571584 0.0348437 0.02919413 0.01233556 0.01419782 0.01852222 0.0246388 3.146971e-05 14.87939 16.78802 22.13871 26.10393 29.84689 2 
0.03038264 0.03248134 0.0293833 0.0112309 0.01423572 0.01858784 0.0245731 1.842643e-05 13.28132 15.82585 18.24737 20.57309 23.84208 3 
0.02988949 0.03292706 0.03067459 0.01097235 0.01385816 0.01773724 0.02334615 8.246114e-06 12.80728 15.1287 17.04336 19.44719 21.63613 3 
0.03120501 0.03723741 0.02807055 0.01123906 0.0149389 0.01906926 0.02535164 8.184897e-16 13.96416 17.59152 19.11573 22.43477 26.02471 4 
0.03224945 0.03432145 0.02827898 0.01148467 0.01365281 0.01786044 0.02362356 2.453712e-05 14.32209 16.34217 20.24543 23.0027 27.16508 4 
0.02610275 0.02908914 0.02789885 0.01098304 0.0139611 0.01785931 0.02344509 8.393719e-06 13.10092 15.23954 16.70494 18.66387 20.37249 5 
0.03006411 0.01562704 0.02909854 0.0107189 0.01336363 0.01689177 0.02205949 1.182577e-05 12.47756 14.68429 17.11002 20.38731 23.61148 5 
0.03114352 0.03259482 0.02769124 0.01165768 0.01502759 0.01908445 0.02507308 8.226e-06 14.26231 17.27811 19.41351 23.02631 27.60106 6 
0.03475936 0.03112808 0.02804635 0.01132752 0.01428557 0.01836644 0.02432151 6.60307e-06 13.87278 17.03998 20.60383 25.37554 30.70313 6 
0.03088071 0.03267614 0.02937997 0.0112149 0.0139401 0.01782388 0.02349043 9.688714e-06 13.70895 16.04112 18.54844 21.5441 24.19048 7 
0.02642164 0.03128757 0.02834328 0.01194079 0.01362954 0.01813106 0.0238619 1.168945e-05 14.17014 14.73271 18.00597 18.76322 20.73109 7 
0.03747316 0.03863657 0.02837383 0.01234604 0.01471251 0.01920662 0.02582234 2.161804e-05 16.2437 19.27747 24.9952 29.92235 35.80993 8 
0.0260904 0.02758592 0.02841928 0.01107813 0.01426507 0.01802035 0.02359195 8.838578e-06 12.93308 15.1355 16.22183 18.28786 20.09857 8 
0.03011095 0.03278396 0.02796456 0.01077249 0.01438973 0.01820856 0.02409582 9.448611e-06 13.1164 16.55709 17.91981 21.40683 24.40977 9 
0.03835187 0.0344416 0.02877165 0.0122279 0.01435239 0.01863216 0.02483366 2.355162e-05 14.95599 17.62455 23.55006 29.00501 34.34094 9 
0.03507781 0.03573003 0.0293283 0.01206705 0.0148536 0.01952397 0.02598411 1.778246e-15 14.77423 17.588 21.81653 25.01109 31.37911 10 
0.0310202 0.03211873 0.02891384 0.01115124 0.01386074 0.01791818 0.02360674 2.955491e-05 13.3012 15.65594 18.30402 20.93467 24.40005 10 
0.0345809 0.0339584 0.02941963 0.01108018 0.01431457 0.01785268 0.02363666 9.447744e-06 13.87505 17.3285 19.75298 25.04225 28.63748 11 
0.04066627 0.03859506 0.02873906 0.01270986 0.01490809 0.01958755 0.02650523 3.170819e-05 16.3024 19.58524 26.7085 32.95169 39.87651 11 
0.03949855 0.03999912 0.02961844 0.01151437 0.01471267 0.01836826 0.02448367 9.910616e-06 14.68059 18.79555 22.14616 28.91686 33.89949 12 
0.03144984 0.02655894 0.02844497 0.01123811 0.01396284 0.01784185 0.02343381 1.502803e-15 13.35324 15.71881 18.56307 22.15418 25.4104 12 
0.03557805 0.03335921 0.02888119 0.01148713 0.01445593 0.01872072 0.02490918 1.010448e-05 14.09708 17.37995 21.15818 26.0135 30.91974 13 
0.03100585 0.03724563 0.02834975 0.01109311 0.01345606 0.01764372 0.02353326 6.869043e-06 13.78458 15.97226 19.09963 21.85049 23.70479 13 
0.03338553 0.02849428 0.02872932 0.01104194 0.01423632 0.0180087 0.023653 1.74162e-05 13.136 16.2105 18.75138 23.09159 27.56672 14 
0.03441151 0.03157818 0.0297527 0.01148822 0.01451505 0.01799378 0.02374535 1.359691e-05 13.77274 16.69196 19.39941 24.55573 27.53637 14 
0.02701217 0.02561364 0.02691827 0.01116209 0.0141783 0.01788032 0.02345117 1.661666e-05 13.36062 15.62658 17.26571 20.04519 22.67911 15 
0.03735388 0.03694071 0.02967475 0.01179169 0.0140576 0.01775676 0.02380282 6.031918e-06 15.19991 18.0185 22.79674 28.57674 32.39073 15 
0.03387193 0.03659594 0.03030947 0.01177557 0.01381122 0.01747827 0.02320262 6.405267e-16 14.53574 16.37385 20.15283 23.77561 26.22239 16 
0.02614207 0.02999 0.02608677 0.0110937 0.01344738 0.01714366 0.02266723 3.975046e-15 13.66591 15.31927 17.42097 19.62644 21.45664 16 
0.03825507 0.03336312 0.0286209 0.01131814 0.01424061 0.01828939 0.02432086 2.529222e-05 14.02211 17.64813 21.98229 27.972 34.29989 17 
0.03179818 0.02752715 0.02961172 0.01120137 0.01418848 0.01770592 0.02324334 4.648237e-15 13.28561 15.87172 18.14669 22.10682 25.19396 17 
0.0330583 0.03317918 0.02835023 0.01131253 0.01483479 0.01866454 0.02466099 2.488841e-05 13.88264 17.40291 19.46348 24.183 28.43196 18 
0.03400025 0.0341907 0.03019133 0.01071877 0.01369748 0.01788431 0.02357731 4.989745e-05 12.91638 15.90234 18.72312 21.64165 26.09542 18 
0.02984232 0.03479799 0.02856355 0.01153951 0.01412954 0.01838279 0.02433567 1.094256e-05 14.12573 16.18527 18.97403 21.2652 23.82467 19 
0.03598554 0.03874467 0.02999987 0.01187713 0.01462482 0.01833957 0.02426037 1.903479e-05 14.78775 17.67846 21.02596 25.81383 29.60331 19 
0.03919888 0.03168912 0.02903401 0.0116855 0.01459539 0.01804477 0.02392837 8.05352e-16 13.98029 17.44799 21.73373 28.98359 34.28138 20 
0.0394722 0.04233524 0.03119675 0.01219141 0.01513565 0.01975912 0.02653664 2.627588e-16 15.49441 19.22276 23.8046 28.34745 34.35737 20 
0.03129209 0.03339396 0.03013143 0.01187016 0.01430822 0.01784251 0.02346364 6.611199e-06 14.40519 16.26266 19.07095 22.42476 24.98261 21 
0.04026736 0.03374357 0.02967098 0.01100727 0.01377935 0.01802651 0.02387846 1.279208e-05 13.41712 16.98852 21.70099 27.14658 34.06682 21 
0.02999313 0.02915937 0.02773393 0.01169043 0.01459376 0.01893855 0.02505732 1.753791e-05 14.07057 16.35248 19.16547 21.85694 25.83721 22 
0.04161314 0.0412614 0.03212172 0.01247406 0.01485801 0.01922031 0.02559284 1.05136e-17 15.34302 18.51022 24.29529 29.45564 34.95456 22 
0.02906712 0.02938024 0.0276644 0.01129143 0.01416292 0.01815287 0.02390184 2.121248e-05 13.49026 15.78485 18.0239 20.72086 23.75863 23 
NaN 0.02599585 0.01936599 0.02167035 0.03314826 0.0484114 NaN NaN 30.78506 37.09492 38.40128 0 0 23 
0.03608596 0.03825136 0.03025575 0.01173067 0.01455184 0.01856943 0.02463827 8.724075e-06 14.08831 16.99328 20.30974 24.4926 28.52955 24 
0.03523988 0.03374475 0.02924159 0.01228092 0.01492692 0.01907926 0.02526264 3.127907e-16 14.94654 17.55602 21.85624 26.49216 30.90946 24 
0.03513157 0.03710686 0.0293618 0.01122258 0.01461243 0.01829432 0.02432632 9.211147e-06 13.79141 17.4459 19.66383 24.75743 28.53607 25 
0.02831854 0.03107484 0.02783606 0.01119349 0.01382743 0.01795484 0.02367918 2.652134e-05 13.51861 15.55801 17.96769 20.06459 22.68181 25 
0.03205327 0.02689684 0.02868935 0.01116471 0.01407813 0.01808592 0.02376103 2.086202e-05 13.03728 15.6277 18.36184 21.93277 25.65652 26 
0.02620896 0.02373294 0.02753143 0.01134401 0.01359475 0.01713219 0.0225384 1.502677e-05 13.26295 14.58752 16.63471 18.98799 20.37946 26 
0.03387357 0.03550078 0.02922365 0.01116538 0.01448328 0.01852011 0.02451727 8.73781e-06 13.59092 16.98439 19.43013 23.28527 27.87414 27 
0.03649359 0.03468386 0.02881764 0.01162697 0.01449477 0.01834316 0.0244385 7.308373e-06 14.19626 17.4165 21.10697 26.62006 31.30243 27 
0.03546471 0.03375894 0.02973719 0.01204095 0.01434702 0.01831975 0.02422282 1.954602e-05 14.21257 16.43658 20.61853 24.76279 28.44338 28 
0.03388017 0.03207288 0.02842663 0.01118526 0.01436233 0.01824754 0.02410914 1.942502e-05 13.23284 16.37768 18.98306 23.2461 27.59917 28 
0.03460182 0.03367088 0.02994549 0.01134718 0.01402007 0.01784629 0.02363692 2.966116e-05 13.49656 16.14052 19.30799 23.40152 26.91021 29 
0.03042918 0.02943682 0.02755589 0.01149565 0.01437257 0.01817556 0.02393108 1.414717e-15 13.81521 16.23995 18.72837 22.30238 25.71644 29 
0.02939154 0.03886483 0.02896267 0.0120636 0.01464863 0.01849027 0.02456337 1.072533e-05 14.8914 16.69567 18.91371 21.69344 23.12725 30 
0.02908564 0.02877306 0.02759627 0.0113747 0.01415379 0.01820369 0.02398522 2.37081e-05 13.6984 15.89776 18.36962 21.12671 24.16784 30 
0.03290451 0.03120236 0.02943523 0.01134092 0.01392135 0.01807728 0.0238319 1.007797e-05 13.60704 15.98143 19.31881 22.53175 26.26911 31 
0.03290708 0.03177744 0.02936533 0.01128033 0.01438003 0.01782809 0.02344074 2.366634e-15 13.37362 16.17557 18.28494 22.49648 25.66852 31 
0.0279955 0.02813788 0.02824864 0.01122744 0.0138102 0.01723894 0.02266208 2.0504e-05 13.48399 15.32021 17.22677 19.97855 21.95438 32 
0.03223849 0.03000442 0.02908015 0.01176653 0.0146394 0.01853516 0.0244151 1.391589e-05 13.85735 16.29497 19.15572 23.07566 26.48055 32 
0.03034728 0.02615475 0.028133 0.01097126 0.01366738 0.01754281 0.0229978 3.010479e-16 13.07368 15.38783 17.98387 20.93879 24.54282 33 
0.0366642 0.03080561 0.02920319 0.01151181 0.01379317 0.01764656 0.02340035 1.035963e-05 13.62672 16.16047 20.5525 25.4474 29.87363 33 
0.02925783 0.03085788 0.02962522 0.01106879 0.01431129 0.01829532 0.02405859 8.610153e-06 13.17293 15.83029 17.51648 20.05321 23.03966 34 
0.03323981 0.03823787 0.02857908 0.01141002 0.01441518 0.01805286 0.02412319 3.570288e-16 14.37384 17.46172 19.79016 24.37824 26.99605 34 
0.03210112 0.02877719 0.02775387 0.01120426 0.0144121 0.01791926 0.0236265 5.646702e-16 13.57547 16.59624 18.83426 23.69132 27.06594 35 
0.03201673 0.02998526 0.02974639 0.01152278 0.01375947 0.0176772 0.02326692 6.90604e-06 13.78457 15.64644 19.05849 22.18064 24.92786 35 
0.03564884 0.04066017 0.02988433 0.01158661 0.01478209 0.01868496 0.02502713 6.371446e-06 14.48594 18.014 20.6113 25.49595 28.68949 36 
0.03141941 0.03160316 0.0283276 0.01158176 0.01481631 0.0184751 0.0244158 2.319768e-05 14.16295 17.07789 19.16962 23.7967 26.59515 36 
0.03299198 0.03703107 0.02895722 0.01170932 0.0146962 0.01875989 0.02499618 1.104759e-05 14.64535 17.60155 20.4091 24.48465 27.57306 37 
0.03291454 0.01145312 0.030061 0.01047481 0.0134099 0.01665853 0.02173847 1.803354e-05 12.33009 14.98604 17.42761 21.6704 24.9012 37 
0.03416331 0.03781578 0.0293071 0.01159897 0.01409393 0.01826428 0.02427572 1.652499e-05 14.80002 17.37985 21.19002 24.6557 28.63556 38 
0.03030141 0.02780826 0.02754858 0.01067843 0.01395443 0.01743685 0.02296267 2.801478e-15 12.90073 15.92446 17.59909 21.46696 24.5683 38 
0.0278471 0.02872243 0.02841878 0.01136189 0.01400227 0.01792197 0.02353648 1.468776e-05 13.47251 15.29803 17.4271 19.76155 21.63569 39 
0.03088639 0.03118381 0.02940393 0.01117832 0.01396929 0.01790504 0.02359 3.185924e-05 13.34546 15.7256 18.18385 21.15358 24.02554 39 
0.03415455 0.0363422 0.0295916 0.0117136 0.01482457 0.01893063 0.02505871 2.202942e-05 14.5409 17.63511 20.54567 24.60046 28.89549 40 
0.03135183 0.03194107 0.02848641 0.01100989 0.01427156 0.01801091 0.02363225 2.29583e-05 13.07922 16.03099 17.87375 21.21751 24.95117 40 
0.03663914 0.03516697 0.02967924 0.01126707 0.0139984 0.01774099 0.02360641 8.732969e-06 13.60876 16.62594 20.07831 25.01568 28.98289 41 
0.02945813 0.02524831 0.02841714 0.01085783 0.01367564 0.01766718 0.0231043 7.721534e-15 12.6931 15.00582 17.27721 20.00567 22.59914 41 
0.0274031 0.03270255 0.02728099 0.01196124 0.01426162 0.01795627 0.02380399 3.21847e-15 14.45899 15.80407 18.14422 20.77958 22.21369 42 
0.04079836 0.03633127 0.02990295 0.01179649 0.01471726 0.01902794 0.02536228 9.863281e-06 14.51037 18.3422 23.39409 29.6915 36.60226 42 
0.0400219 0.0399786 0.0300955 0.01199253 0.0151079 0.01901063 0.02540644 7.155794e-06 15.19609 19.25042 23.20941 30.03286 35.62078 43 
0.02867245 0.02753465 0.02665186 0.01135038 0.01392041 0.01791189 0.02360807 1.472016e-05 13.53138 15.54359 18.15588 20.95262 23.80332 43 
0.03321804 0.03501113 0.0298037 0.01123155 0.01404481 0.0182149 0.02405012 5.544532e-15 13.54855 16.24143 19.21452 22.17177 26.41291 44 
0.03179991 0.03158846 0.02802066 0.01068505 0.01390075 0.01776867 0.02346782 1.867562e-05 13.06527 16.25855 18.46463 22.0007 25.97583 44 
0.03043619 0.03165474 0.02862934 0.01160621 0.01426712 0.01824127 0.02392911 6.208774e-16 13.87962 15.92384 18.55908 21.17885 24.41246 45 
0.03338638 0.0421934 0.03053733 0.01173316 0.01471016 0.0185429 0.02463877 8.563079e-06 14.57488 17.39823 19.59914 23.33114 25.63663 45 
0.03097856 0.03362667 0.028527 0.01232627 0.01426652 0.0188316 0.02499928 2.326673e-05 15.02839 16.42692 20.81619 23.49447 25.65781 46 
0.0318218 0.03056112 0.02728532 0.01191213 0.01488738 0.01899119 0.02510424 5.77719e-16 13.99284 16.57442 19.49341 23.4193 27.56934 46 
0.02920085 0.02852494 0.02935344 0.0107316 0.01296952 0.01727139 0.02265612 1.90979e-05 12.77934 14.56438 17.48084 19.11514 21.87536 47 
0.03266159 0.02927965 0.0285172 0.01177931 0.01413894 0.01786675 0.02360535 2.857924e-15 14.03075 16.12251 19.72345 23.87849 27.14565 47 
0.03125518 0.03111502 0.02846769 0.01135209 0.0135691 0.01785914 0.02346102 2.195283e-05 13.98866 15.90111 19.59656 21.83114 26.18768 48 
0.0294232 0.03450321 0.02668346 0.01228918 0.01489839 0.01881402 0.02507002 1.478174e-05 15.50159 17.45701 20.26384 23.95886 25.81952 48 
0.02517621 0.02185736 0.02849103 0.01074575 0.01355313 0.01729715 0.02259892 3.77564e-17 12.41729 14.31781 15.75146 17.43681 19.35017 49 
0.0281311 0.02722125 0.02888589 0.01129019 0.01401054 0.01813848 0.0237784 7.604739e-06 13.51954 15.43493 17.73331 19.87035 22.13193 49 
0.03794858 0.03315766 0.02969353 0.01113291 0.01371349 0.01789826 0.02364935 2.042229e-15 13.36599 16.38191 20.68671 25.13959 31.02614 50 
0.03655826 0.02511944 0.03108275 0.01129931 0.01433746 0.01766748 0.02317811 3.68031e-05 12.98263 15.90262 18.95892 24.37794 27.7923 50 
0.03762303 0.03545932 0.02970503 0.01195121 0.01449412 0.01785534 0.02378929 2.021944e-05 14.57622 17.45483 21.53636 27.72628 31.49723 51 
0.03089239 0.03350479 0.02802383 0.01200365 0.01513292 0.01879467 0.02488846 7.589484e-06 14.42727 17.02596 19.04005 23.41178 25.70312 51 
0.03223453 0.03682205 0.02943078 0.01118241 0.01389242 0.01744402 0.02318815 9.465851e-06 13.93547 16.48931 18.87108 22.63739 24.94843 52 
0.03086138 0.02789172 0.02870308 0.01063369 0.01361254 0.01737815 0.02286913 1.013661e-05 12.57326 15.28463 17.43766 20.66139 23.70064 52 
0.0382219 0.03867607 0.0293193 0.01238995 0.01424803 0.01924928 0.02585363 4.450565e-05 15.70863 18.10076 24.89753 28.42956 34.5023 53 
0.02827512 0.03547998 0.02826985 0.012014 0.01484754 0.01841721 0.0243272 8.755415e-06 14.63029 16.51915 18.12477 21.27609 22.47555 53 
0.03388925 0.03366778 0.0294024 0.01175916 0.01440883 0.01844729 0.02444508 1.818762e-15 14.55193 17.16251 20.83011 25.0175 28.90516 54 
0.02980784 0.02668937 0.02966237 0.01159244 0.01416193 0.01785956 0.02335735 1.304601e-05 14.05269 15.87734 18.55561 21.49162 23.97475 54 
0.02649583 0.02260099 0.02775708 0.01158822 0.01391769 0.01755437 0.02300993 1.004622e-05 13.62858 14.94443 17.19328 19.64326 21.31232 55 
0.03047268 0.02346099 0.02968669 0.01144823 0.01374262 0.01754127 0.0229487 6.491431e-05 13.44998 15.12509 18.14352 20.96047 23.47261 55 
0.03282069 0.03290565 0.02767418 0.0112264 0.01408245 0.01862836 0.02477191 1.712312e-15 13.50899 16.37656 19.79514 22.721 27.81013 56 
0.03244709 0.03696297 0.0300105 0.0121696 0.0149333 0.01850432 0.0245344 2.139457e-15 14.80551 17.10729 19.62581 23.88611 25.83426 56 
0.03302489 0.03379787 0.03002649 0.01161439 0.01377175 0.0174584 0.0230489 2.109106e-05 13.94789 15.79242 19.17969 22.46105 25.24319 57 
0.03380287 0.0327905 0.02911392 0.0119514 0.01448702 0.01862724 0.02459992 2.37277e-05 14.48724 16.80463 20.67376 24.42055 28.2314 57 
0.02978784 0.02841773 0.02709456 0.01164022 0.01441901 0.01803719 0.02375197 1.674642e-05 14.40139 16.63147 19.21488 23.25247 25.74362 58 
0.02886048 0.03263634 0.02779301 0.01173746 0.01473612 0.01866171 0.02460775 8.477694e-06 14.4058 16.72892 18.75193 21.70238 24.59589 58 
0.02938932 0.02986039 0.02778851 0.01137812 0.01411538 0.01786571 0.02355534 2.18955e-05 13.95297 16.20193 18.60609 21.86654 24.77408 59 
0.03223738 0.03736282 0.02879816 0.01196008 0.01522491 0.01888761 0.02506985 1.320879e-05 15.01909 18.08097 19.95095 24.88616 27.00163 59 
0.02693781 0.02734511 0.02760793 0.01157836 0.01371702 0.01774556 0.02334198 1.073947e-05 13.9244 15.18191 17.92737 19.94164 21.89234 60 
0.03023985 0.03887709 0.02866229 0.01129261 0.01433652 0.01851354 0.02454212 1.295864e-15 14.13049 16.86677 19.00235 21.23203 24.42483 60 
0.02572269 0.02880574 0.02801183 0.01177577 0.01469584 0.01793678 0.02356414 2.061056e-05 13.81887 15.48822 16.485 19.22514 20.43723 61 
0.02761124 0.03129184 0.02832313 0.0116485 0.01459905 0.01813585 0.02383615 2.125275e-05 14.43458 16.49253 18.03468 21.16214 22.87959 61 
0.03706896 0.04097292 0.02903016 0.01150568 0.01533156 0.01950925 0.02625964 5.799123e-20 14.80851 19.54388 21.93148 27.66259 32.1352 62 
0.04735089 0.03863819 0.03181161 0.01149781 0.01460996 0.018687 0.02483049 9.394148e-20 13.93652 18.60718 24.19751 32.40438 41.02332 62 
0.04128107 0.04046254 0.03105378 0.01201216 0.01421028 0.01830647 0.02437948 1.001127e-05 15.08565 18.12439 23.85118 29.22279 34.9394 63 
0.03194775 0.03234295 0.02862386 0.01123941 0.01394421 0.01762916 0.02334802 7.200755e-06 13.6786 16.19212 18.87761 22.66118 25.74888 63 
0.03497484 0.03554946 0.02894027 0.01166974 0.01409094 0.01813485 0.02412635 9.445703e-06 14.40728 16.95959 20.97033 25.23253 28.93155 64 
0.03015944 0.03039113 0.02807951 0.01041025 0.01334472 0.01769722 0.0233674 2.089705e-05 12.62181 15.43927 18.06349 20.21171 24.01717 64 
0.03230569 0.03012554 0.02815368 0.01125522 0.01388632 0.01779895 0.02351191 2.725179e-05 13.50425 15.96562 19.05145 22.75088 26.30687 65 
0.03380414 0.03227431 0.02919294 0.01181725 0.01476762 0.01872609 0.02475601 2.425399e-05 14.04802 16.79089 19.88448 24.3485 27.95553 65 
0.03213789 0.03326223 0.03022578 0.01176911 0.01385877 0.01846135 0.02441284 8.873051e-06 14.05271 15.74312 19.79875 21.78045 25.4968 66 
0.02820296 0.02546286 0.0287953 0.01095349 0.01404026 0.01782434 0.02333112 2.469924e-05 12.9831 15.3528 17.00611 19.59109 22.22656 66 
0.03374847 0.03357825 0.02978747 0.01092202 0.01364363 0.01758668 0.02319999 3.999622e-05 13.22366 15.92332 18.88681 22.25861 26.06337 67 
0.031555 0.03194932 0.02916462 0.01120313 0.01376386 0.01719742 0.02280613 1.134022e-05 13.64406 15.90612 18.42087 22.28182 24.27533 67 
0.02632619 0.01750755 0.02911742 0.01102385 0.01329745 0.01722616 0.02243443 1.266412e-05 12.72903 14.12155 16.35346 17.95149 20.28237 68 
0.03297732 0.03007479 0.02975041 0.01095405 0.01383707 0.01780564 0.02339427 7.846267e-06 13.09148 15.8069 18.57283 21.91724 25.98582 68 
0.02755336 0.02632148 0.0289826 0.01074911 0.01364748 0.01736704 0.02273139 7.973187e-06 12.78759 15.0122 16.67228 18.88251 21.32723 69 
0.03060173 0.02784076 0.02771367 0.011882 0.01400561 0.01841129 0.02427486 1.3468e-05 13.87708 15.48593 19.29386 21.87483 25.5934 69 
0.03483925 0.03272398 0.03071532 0.01196661 0.01473843 0.01851214 0.02432713 1.734793e-05 14.417 16.98029 20.45375 24.93449 28.35566 70 
0.03765471 0.03622925 0.02938624 0.01171264 0.0140658 0.01816578 0.02414609 6.206451e-06 14.37164 17.14646 21.85919 26.60105 31.56808 70 
0.03110407 0.03772369 0.02919689 0.01156792 0.01468825 0.01843385 0.02429454 2.061096e-05 14.64716 17.44148 19.27286 22.77707 25.67302 71 
0.03260737 0.03727339 0.02880125 0.01262987 0.01511362 0.01925483 0.02548413 2.163702e-05 15.28446 17.20107 20.76705 24.01647 27.18023 71 
0.02849598 0.0358033 0.02733757 0.01160637 0.01422203 0.01824158 0.0241567 9.796389e-06 14.35298 16.33253 18.68002 20.90593 23.45613 72 
0.0324056 0.02984604 0.02911619 0.01152965 0.01381712 0.0178157 0.02347814 1.513835e-15 13.74978 15.75319 19.30992 22.60018 25.96755 72 
0.03015023 0.03640878 0.03036745 0.01146087 0.01410198 0.01798603 0.02363686 2.629686e-05 13.82383 15.82525 18.0686 20.29352 22.85479 73 
0.03229333 0.02552271 0.02932886 0.01137956 0.01394766 0.01767181 0.02319269 1.96539e-05 13.0001 15.15337 18.05973 21.60334 24.81985 73 
0.0318661 0.03499853 0.02946072 0.01128598 0.01438054 0.01807048 0.02388974 2.173045e-15 13.86621 16.72578 18.75366 22.84298 24.80143 74 
0.03123697 0.03577991 0.02955398 0.01142062 0.01415834 0.01834399 0.02428976 1.92259e-05 13.84035 16.21039 18.91665 21.53406 24.45067 74 
0.04162771 0.03419539 0.03030946 0.01145181 0.01407738 0.0178395 0.02361739 1.270683e-05 13.78864 17.22292 22.16132 28.65979 34.30277 75 
0.02588556 0.02979299 0.0280541 0.01103811 0.01431749 0.0181024 0.02371131 1.006553e-05 12.98057 15.35803 16.35451 18.25445 20.46346 75 
0.03459115 0.03652942 0.02941548 0.01163089 0.01470926 0.01881758 0.02501263 8.842385e-06 14.11067 17.2388 20.19044 24.39594 28.39347 76 
0.03142809 0.03123393 0.02875215 0.01121568 0.01351874 0.01751928 0.02310071 2.691708e-05 13.42499 15.42134 18.57487 21.3563 24.49359 76 
0.02933594 0.02959703 0.02865443 0.0112301 0.0142196 0.01782428 0.02336919 5.601676e-16 13.39631 15.73225 17.49003 20.51591 23.04423 77 
0.03166366 0.03399732 0.02909588 0.01083306 0.01326134 0.01753978 0.0231521 9.450156e-06 13.17672 15.45288 18.64196 20.82187 24.52079 77 
0.03025064 0.03340957 0.02966439 0.01155481 0.01410896 0.01800851 0.02370015 2.871923e-05 13.97562 15.90768 18.47643 21.0476 23.53697 78 
0.03481381 0.03244743 0.02871048 0.01160637 0.01410114 0.01848148 0.02448322 9.998896e-06 13.73095 16.24137 20.29631 23.9637 28.64568 78 
0.04039111 0.0385562 0.02991897 0.01195351 0.01439369 0.01853085 0.02473921 2.161384e-05 15.06066 18.39247 23.86628 29.81733 35.36554 79 
0.03705337 0.02946964 0.03048378 0.01123447 0.01425067 0.01775887 0.02339508 2.81129e-05 13.13321 16.26027 19.45583 24.93114 29.16457 79 
0.04358897 0.03618317 0.02952326 0.01178322 0.01519653 0.01924128 0.0255508 1.573084e-05 14.72228 19.60307 24.67882 33.51298 42.76041 80 
0.02992047 0.03182706 0.02805281 0.01147587 0.01441853 0.01798215 0.02377429 2.658433e-05 13.86093 16.28967 18.24898 21.94785 24.23019 80 
0.03249847 0.02646484 0.02853929 0.01089832 0.0139328 0.01743149 0.02294843 9.296956e-06 12.90047 15.7446 18.1111 22.46368 25.87066 81 
0.03687174 0.03756879 0.03000477 0.01237804 0.01490536 0.01910461 0.02550599 4.191819e-05 15.2856 18.07173 22.69442 27.70877 31.62318 81 
0.03632031 0.03457253 0.02936292 0.01141274 0.01424433 0.01799826 0.02382114 4.957013e-06 14.07697 17.22047 20.76358 25.88271 30.65857 82 
0.02645232 0.0309236 0.02809097 0.01153127 0.01411256 0.01807104 0.02371671 2.118867e-05 13.77189 15.3428 17.29955 18.96657 21.08519 82 
0.03520126 0.02786883 0.02792847 0.01179783 0.01423461 0.01839143 0.02427067 1.585679e-05 14.21396 16.78041 21.56154 26.48931 31.83222 83 
0.03161854 0.03525124 0.02788577 0.01192885 0.01453802 0.01844144 0.0245888 8.601487e-06 14.86169 17.17918 20.23986 24.27849 26.51072 83 
0.03602782 0.03315727 0.02892208 0.01186545 0.01490132 0.01876704 0.02478216 2.519619e-15 14.60152 17.84158 21.51577 27.22774 32.07406 84 
0.03348237 0.03644323 0.02956603 0.01167908 0.01479981 0.01820191 0.02412489 7.820799e-06 14.42706 17.43318 19.53692 24.62258 27.12985 84 
0.0310732 0.02931015 0.02826207 0.01124311 0.01392084 0.01763721 0.02322364 2.401498e-05 13.53149 15.84755 18.49035 21.95853 25.03409 85 
0.03741519 0.04083132 0.03119824 0.01204438 0.01412227 0.01840157 0.02445461 7.728617e-06 15.20633 17.55394 22.61358 26.14653 30.49956 85 
0.03120868 0.03223085 0.02724662 0.01178497 0.01441412 0.01850075 0.02447294 2.16548e-05 14.68463 17.00915 20.33589 23.80042 27.85233 86 
0.03194248 0.03662913 0.02854166 0.01175652 0.01508707 0.01889371 0.02497968 8.809573e-06 14.65426 17.78035 19.66224 23.85593 27.21502 86 
0.037168 0.0343565 0.02852178 0.01168859 0.01367465 0.01794042 0.02392794 3.238179e-05 14.24668 16.68681 21.98858 26.66845 31.35336 87 
0.03083964 0.03512712 0.02854393 0.01139413 0.01419956 0.01795658 0.02367785 2.31002e-05 14.11401 16.56769 18.88978 22.03914 25.19229 87 
0.03311471 0.03459515 0.02848593 0.01194018 0.0143126 0.01826385 0.02425083 1.126307e-05 14.93345 17.15443 21.00188 25.08604 27.99601 88 
0.0299779 0.02877161 0.03027726 0.01102012 0.01402579 0.01779722 0.02319668 1.889369e-05 12.64239 14.99292 16.78731 19.17984 22.28869 88 
0.03677938 0.03519602 0.02941947 0.01180949 0.01461022 0.01832965 0.0243958 7.999236e-06 14.2182 17.24212 20.87143 26.45415 30.16577 89 
0.02632534 0.0244564 0.02798465 0.01129431 0.0140146 0.01780718 0.02329137 1.400261e-05 13.326 15.05606 16.84202 18.91694 21.03897 89 
0.03776194 0.04298224 0.03126215 0.01205705 0.01488696 0.0192239 0.02561016 1.123667e-05 15.09875 18.30343 22.15612 26.11926 30.78272 90 
0.03290413 0.03558789 0.02828529 0.01132256 0.01429634 0.01841687 0.02435616 2.433649e-05 13.85827 16.76886 19.56592 22.82165 27.24931 90 
0.03114299 0.02517765 0.02916051 0.01073887 0.01388191 0.01740887 0.02283995 7.302278e-06 12.63181 15.40923 17.33411 21.04709 24.13991 91 
0.02890692 0.03187595 0.02784318 0.01160681 0.01409756 0.01801699 0.0236947 6.608229e-06 14.25027 16.06914 18.7011 21.1496 24.06348 91 
0.03094958 0.02911789 0.02842403 0.01072394 0.01359023 0.01753685 0.02307862 2.348484e-05 12.84621 15.49396 17.96006 20.89186 24.56212 92 
0.03246269 0.03898745 0.02979032 0.01155075 0.01439198 0.01861004 0.02477981 3.091858e-16 14.73427 17.50272 20.41343 23.58162 26.48718 92 
0.03063018 0.03347567 0.0281896 0.01121023 0.01388726 0.01820757 0.02415125 9.338224e-06 14.07807 16.54545 19.62207 22.31511 25.51175 93 
0.03556786 0.03709242 0.03037683 0.01138833 0.01420009 0.018704 0.02484276 1.640485e-16 13.81477 16.76172 20.44608 23.53274 28.68744 93 
0.03094627 0.03513631 0.02824595 0.01215517 0.01452745 0.01846096 0.02449626 2.607979e-05 14.71396 16.4948 19.62582 22.80784 25.2664 94 
0.02695928 0.0350619 0.02776007 0.0113957 0.01415358 0.01859685 0.02466419 1.406305e-15 14.17759 16.18009 18.49224 19.59791 22.35129 94 
0.02916856 0.03369603 0.02895951 0.0117881 0.01461768 0.01836017 0.02411031 2.158774e-05 14.13656 16.14348 18.08416 20.81907 23.17798 95 
0.03492324 0.03100441 0.02934532 0.01167704 0.01420255 0.01824082 0.02410107 2.19932e-05 14.07951 16.63818 20.69273 25.18371 29.22702 95 
0.0285949 0.03217007 0.02878433 0.01140358 0.01397785 0.01809838 0.02382718 3.059469e-05 13.89451 15.78508 18.27635 20.52905 22.4436 96 
0.03241386 0.02417574 0.02895995 0.01135751 0.01368414 0.0180741 0.02372322 4.953671e-05 13.15419 15.17546 18.90553 21.7226 26.21081 96 
0.0317315 0.03189094 0.02855516 0.01154675 0.01363871 0.01796552 0.02371638 5.862252e-06 13.93934 15.73392 19.60041 22.07637 25.93053 97 
0.03041819 0.03422098 0.02911677 0.01171834 0.01460855 0.01837012 0.02420583 2.614103e-05 14.06683 16.33124 18.42979 21.64104 24.02356 97 
0.02463019 0.02886961 0.02918008 0.01083718 0.01419462 0.01766329 0.02301712 8.338244e-16 12.66426 14.98668 15.45964 17.21877 19.0121 98 
0.03013607 0.03320285 0.02823413 0.01194625 0.01440922 0.0184253 0.02433298 2.190098e-15 14.47001 16.27031 19.22728 22.02423 24.6409 98 
0.0289065 0.03210981 0.02830226 0.01112655 0.01401027 0.01798568 0.02377561 9.582714e-06 13.10359 15.46261 17.4963 19.96076 22.4644 99 
0.03012225 0.02157644 0.02771963 0.01113902 0.01412189 0.01763218 0.02309328 1.036314e-15 13.10596 15.57383 17.83397 21.91307 24.90324 99 
0.02982049 0.0345855 0.02829885 0.01116759 0.01431721 0.01814234 0.02402743 9.361817e-06 13.79149 16.59946 18.37823 21.59603 24.04352 100 
0.03283751 0.03001225 0.02860791 0.01133385 0.01350025 0.01766804 0.02326403 3.724766e-16 13.88865 15.93662 19.93828 22.99831 27.1106 100 
