9.24299e-20 0 0.00590912 0.009637764 0.01215742 0.01540667 0.02007376 3.086656e-05 12.66402 16.95643 18.09533 15.52543 4.675674e-06 1 
2.721375e-11 0.06963996 0.008914137 0.01198969 0.0131288 0.01607517 0.02133237 1.557996e-05 16.59257 21.61016 20.92254 17.5303 2.933031e-05 1 
NaN 0.140373 0.01818951 0.02603607 0.01750064 0.02244665 0.0295987 3.987481e-05 36.33693 39.02066 35.581 23.55364 0 2 
2.34695e-13 0.1106087 0.0148257 0.02019897 0.01556388 0.01950061 0.02741527 2.031562e-05 29.12957 31.28351 27.94345 23.4294 2.68357e-06 2 
NaN 0.1145247 0.01312693 0.0173623 0.01452509 0.01772175 0.02369709 5.390376e-05 24.2895 28.76213 26.54866 20.30401 0 3 
0 0.1112712 0.02160385 0.02997415 0.02126905 0.0300673 0.04333735 0 45.50922 45.94534 45.2018 35.90775 1.048263e-14 3 
7.200137e-08 0.07682811 0.009297569 0.01324591 0.01282188 0.01618361 0.02176999 3.839387e-05 17.91829 21.17194 20.97264 17.92758 0.0001533111 4 
NaN 0.1074513 0.01995155 0.02628612 0.02105387 0.02637007 0.03749535 2.14215e-05 39.66664 42.8028 36.04908 29.71161 0 4 
NaN 0.1107704 0.01603278 0.01806362 0.01632414 0.02002094 0.02764014 5.491876e-05 25.34713 30.74288 28.19276 22.08281 0 5 
1.286639e-17 0.1197123 0.01878034 0.02335791 0.02239862 0.02361729 0.03751793 9.740605e-20 34.28342 45.23715 36.76664 32.52926 3.615146e-09 5 
0 1.067953e-05 0.006443204 0.009486167 0.01226011 0.01545047 0.02012162 0 12.30356 16.80936 17.98386 15.57421 1.762321e-15 6 
NaN 0.105015 0.01191092 0.01684214 0.01429325 0.01774071 0.02377364 1.577624e-05 22.50211 25.82751 23.66354 17.84353 0 6 
NaN 0.05709803 0.008367685 0.01128857 0.01314915 0.01649276 0.02173894 7.671479e-06 15.0301 19.92325 19.91391 16.10466 0 7 
7.441341e-07 0.120184 0.01278202 0.01739744 0.01393427 0.01795791 0.02359419 1.71916e-05 23.61102 27.01283 26.375 19.96516 0.001584459 7 
0.173573 0.07680128 0.03673255 0.01144819 0.01358913 0.01664359 0.02206602 6.256252e-20 15.74125 39.66285 76.4346 134.8694 200.6995 8 
NaN 0.09016892 0.01052096 0.01361752 0.01384325 0.01730718 0.02268116 1.536192e-05 18.786 24.39723 24.0591 17.92753 0 8 
NaN 0.09200581 0.02259522 0.02907988 0.0253344 0.03202166 0.0460486 1.125139e-05 46.95822 51.19704 42.12018 36.43303 0 9 
1.451514e-06 0.1105922 0.01514447 0.01781153 0.01666182 0.01949138 0.02665732 5.838844e-06 25.36248 31.75858 26.82118 22.22092 0.003326033 9 
1.706329e-13 5.637108e-06 0.005926332 0.009361589 0.01218099 0.01565922 0.02033352 1.004498e-05 12.41347 17.0245 18.13448 15.44615 4.309063e-07 10 
6.679406e-09 2.307154e-05 0.006384875 0.009403694 0.01200498 0.01551603 0.02011655 2.172466e-10 12.2154 16.66061 17.99345 15.70516 1.301224e-05 10 
2.845675e-09 0.1063589 0.0170339 0.01871425 0.01743906 0.02108002 0.03065626 1.023966e-05 27.7962 34.0477 30.05554 27.67633 6.835524e-06 11 
NaN 0.1018581 0.01177148 0.01499101 0.01308664 0.01710112 0.02261468 1.900523e-05 20.80514 24.14389 24.21792 18.36086 0 11 
0 0.1047706 0.0126169 0.01735908 0.01726557 0.01959476 0.0283503 0 24.18479 32.02849 28.6819 23.68581 4.690954e-15 12 
NaN 0.1137651 0.02005866 0.02415092 0.02113159 0.02473058 0.03496077 4.667703e-05 36.63406 43.8233 35.76305 27.23694 0 12 
1.968289e-10 1.678212e-05 0.005982972 0.009264186 0.01205299 0.01520377 0.01980188 1.090002e-05 12.48812 17.14337 18.32942 15.75398 7.412071e-07 13 
NaN 0.0990989 0.01370502 0.01765281 0.01509161 0.01890924 0.02594911 2.133555e-05 24.32419 27.22662 24.92066 20.71115 0 13 
NaN 0.1099645 0.02153835 0.02535245 0.020107 0.03131426 0.04408767 5.184767e-05 38.0646 41.27139 45.40732 28.45359 0 14 
NaN 0.1316188 0.02084001 0.02237025 0.01897109 0.02171958 0.03038833 3.381043e-05 33.31431 40.78921 33.97482 26.43346 0 14 
1.417526e-08 2.421974e-05 0.00625831 0.008976066 0.01181519 0.01531672 0.0198704 1.915009e-09 12.02793 16.845 18.27157 15.8349 2.754987e-05 15 
4.397071e-08 0.1443932 0.01820215 0.02226299 0.01693081 0.01921671 0.02952527 5.470683e-06 31.74509 37.54538 32.06296 28.04157 0.0001018025 15 
2.326622e-09 1.216593e-05 0.006344001 0.009294477 0.01202874 0.01541493 0.02004442 4.596003e-08 12.32448 16.91787 18.17187 15.531 4.755907e-06 16 
0 0 0.006303144 0.009695014 0.01228687 0.01553214 0.02022715 2.004638e-05 12.74894 17.05124 18.08562 15.27018 1.889747e-06 16 
NaN 0.11562 0.01955545 0.0259592 0.01873404 0.02770084 0.0363685 2.441751e-05 38.30198 39.80344 41.22775 28.14934 0 17 
NaN 0.08384456 0.009922224 0.01331336 0.01429427 0.01692852 0.02246802 1.919092e-05 17.99394 23.91801 21.99414 17.44758 0 17 
1.889125e-22 0.1025083 0.01448023 0.01794271 0.01498915 0.01996612 0.02906123 1.115469e-21 24.92964 28.2351 28.65023 24.88751 5.348667e-13 18 
NaN 0.1066449 0.01398018 0.01822615 0.01608786 0.01973211 0.02694824 2.858872e-05 25.8813 31.0142 28.55782 22.10173 0 18 
NaN 0.1100303 0.02236215 0.0276782 0.01876717 0.02769239 0.03807908 5.942237e-05 41.75247 37.34224 39.57547 27.96791 0 19 
7.173041e-08 1.814408e-05 0.006336684 0.009149451 0.01195595 0.01546339 0.0200851 3.479889e-05 12.07728 16.77767 18.13041 15.56987 0.0001394507 19 
9.561906e-17 0.09428094 0.01448541 0.01793378 0.01554254 0.02022606 0.02970504 7.266673e-15 25.30611 28.33164 27.88395 24.93872 7.977656e-08 20 
4.276806e-07 0.1164795 0.01827623 0.02386226 0.01628161 0.02388141 0.03241257 8.76476e-06 35.93207 34.93897 37.01892 29.47005 0.001158418 20 
8.247705e-07 0.09887878 0.01703023 0.02148342 0.01779602 0.02467519 0.03423061 5.046409e-06 32.27524 34.87742 35.67363 28.29819 0.002224537 21 
2.510142e-07 0.07842469 0.009804746 0.0124124 0.01373862 0.0164666 0.02221359 2.047363e-05 16.72744 22.59229 21.66423 18.12349 0.0005044005 21 
2.45785e-13 1.173745e-05 0.006376598 0.009236541 0.01200166 0.01509025 0.01970036 5.50369e-05 12.33078 16.97696 18.25703 15.71299 1.517383e-05 22 
NaN 0.116346 0.01315575 0.0178369 0.01458638 0.01754174 0.02347381 4.24305e-05 24.6744 28.31017 23.79564 18.32446 0 22 
2.37517e-07 0.0922596 0.02029407 0.02307622 0.02058903 0.02634036 0.038222 3.542018e-05 35.4409 39.08558 34.92325 31.70426 0.0006847356 23 
2.604859e-10 1.045503e-14 0.006113268 0.01019391 0.01224125 0.01547239 0.02016169 3.273604e-05 13.79236 17.51326 18.31498 15.441 5.132723e-06 23 
2.868183e-10 1.919596e-14 0.006014878 0.009291351 0.01195516 0.01524047 0.01985267 2.098257e-05 12.29246 16.84279 18.17034 15.64123 2.293517e-06 24 
NaN 0.1478417 0.01679295 0.0208732 0.01628563 0.02003941 0.02661275 1.293274e-05 29.21069 35.13677 33.23646 22.09875 0 24 
8.317706e-17 0.1164539 0.01387147 0.01852212 0.01370693 0.01856351 0.02582827 1.313793e-16 25.1959 26.98192 27.35062 22.73927 3.93403e-10 25 
8.36028e-18 5.325749e-05 0.006446427 0.009693783 0.01227109 0.0153932 0.02005052 1.341155e-20 12.98967 17.28763 18.25357 15.6404 2.422692e-10 25 
5.903597e-12 0.1008816 0.01527339 0.021625 0.0159311 0.02287361 0.03055164 2.880519e-05 31.54981 30.55321 32.14035 24.62991 2.797085e-05 26 
1.013778e-12 7.639359e-06 0.006100315 0.009179921 0.01193459 0.01518796 0.01979287 1.218032e-05 12.00734 16.6514 18.07657 15.73927 9.515473e-07 26 
NaN 0.1156338 0.01823458 0.02283559 0.01743489 0.02252994 0.03162998 3.418828e-05 32.94329 35.20757 32.26247 23.88969 0 27 
NaN 0.09583344 0.01060338 0.01400386 0.01390665 0.01697179 0.02260059 2.062904e-05 18.79409 24.01476 22.82243 17.86797 0 27 
1.191472e-05 0.1328352 0.02059013 0.02216556 0.02019744 0.02360085 0.03173763 7.098099e-06 32.54928 42.66468 39.9611 28.3246 0.02897356 28 
NaN 0.08872044 0.01288399 0.01756681 0.01635526 0.02027749 0.02782515 2.357042e-05 25.05977 29.61242 26.943 20.99503 0 28 
8.90645e-11 0.1149639 0.01623617 0.02277174 0.0170621 0.0213312 0.02988395 9.831588e-06 32.80967 35.17762 31.01199 24.56999 9.325587e-06 29 
5.810857e-11 0.1058692 0.01861777 0.02577083 0.01861038 0.02548974 0.03674637 8.100149e-06 37.63007 36.54878 35.76467 29.8625 3.130138e-06 29 
4.731918e-21 0.1427051 0.01825747 0.02437151 0.01772741 0.02339655 0.02971412 0 35.18236 40.6405 39.80596 27.60249 5.606478e-12 30 
0.07372156 0.07659176 0.04121869 0.01029019 0.01252118 0.01606348 0.02114616 1.483771e-22 14.69416 22.21264 30.48289 40.00466 50.92839 30 
1.90143e-07 0.09801213 0.01188759 0.01779015 0.01487109 0.01880927 0.02645212 1.014192e-05 25.08601 28.07603 26.36976 22.00661 0.0004603723 31 
NaN 0.1213778 0.01779497 0.02460014 0.01644449 0.02354203 0.03185618 5.004821e-05 36.29778 34.36932 35.23085 25.25976 0 31 
NaN 0.1106373 0.01716587 0.02176209 0.02087767 0.02282106 0.03185729 2.110915e-05 31.3985 40.54084 33.44021 24.49451 0 32 
NaN 0.1045786 0.02030945 0.02520491 0.02236513 0.02845118 0.04080898 1.311976e-05 38.1877 44.85798 41.23181 29.82239 0 32 
2.507849e-08 0.1118979 0.01262955 0.01793088 0.01393641 0.01713639 0.02357069 4.293578e-05 24.61894 26.69325 22.95578 19.94412 5.799231e-05 33 
NaN 0.1184674 0.01418824 0.01781639 0.01617463 0.01862411 0.02477625 7.435818e-06 24.63157 31.5036 28.50239 20.78989 0 33 
6.948349e-14 5.618412e-05 0.006086285 0.009727462 0.01224521 0.01588299 0.02061857 7.014843e-05 13.04453 17.29087 18.16698 14.90369 1.950835e-05 34 
0 1.884897e-05 0.006058376 0.008724663 0.01157674 0.01512397 0.01964671 0 11.7434 16.68035 18.32983 15.49882 4.180162e-15 34 
7.462871e-06 0.138618 0.01701557 0.02223395 0.01579453 0.01932661 0.02632402 6.659556e-06 30.67235 33.61745 29.5759 22.21887 0.01742034 35 
2.066734e-16 5.761194e-19 0.006081289 0.009429662 0.01253923 0.01566406 0.02039311 9.888066e-06 12.27742 17.00929 17.98791 15.28231 4.845859e-07 35 
NaN 0.09216255 0.0172253 0.01881328 0.01808481 0.02315488 0.03258589 1.032067e-05 27.22991 32.54676 31.01709 25.39517 0 36 
NaN 0.1373331 0.02175659 0.02956621 0.01979563 0.02422649 0.03522003 4.117228e-05 43.95982 46.24591 38.9147 31.15368 0 36 
3.92602e-07 0.09634025 0.01565286 0.02192701 0.01890248 0.0231481 0.03323463 4.952915e-05 32.23859 36.26252 30.73118 26.35103 0.001098695 37 
0.1200617 0.06427731 0.03961353 0.01007572 0.01195811 0.01522547 0.01995882 1.086298e-05 13.96305 27.78055 48.2241 70.96478 94.47925 37 
NaN 0.1186533 0.01792605 0.01991087 0.01976638 0.02195678 0.03102831 3.297791e-05 29.17207 38.99881 32.87473 24.15631 0 38 
2.46015e-07 0.1121141 0.01778382 0.02117546 0.01745963 0.02154136 0.03093342 3.039687e-05 30.28084 34.55718 31.05802 26.1395 0.0006096772 38 
5.53281e-07 1.390602e-05 0.005889914 0.009323915 0.01230469 0.01573755 0.02043 4.942285e-05 12.28892 17.01018 18.07378 15.41459 0.001117111 39 
2.986683e-14 0.1076133 0.01335508 0.01915322 0.01704346 0.02026185 0.02794188 1.516735e-15 26.50632 32.21034 28.7563 22.20866 4.271534e-06 39 
NaN 0.08745328 0.01084808 0.01476721 0.01334709 0.01728159 0.02270362 3.803859e-05 20.17861 23.30014 22.99525 17.69447 0 40 
0.002981312 0.1047547 0.01099573 0.0177368 0.01478619 0.01839597 0.02476308 3.843186e-05 24.76726 27.39127 23.82338 20.54541 6.962366 40 
3.113352e-15 0.1191647 0.01698396 0.0227397 0.01682459 0.02130922 0.03074792 2.916295e-15 32.61304 34.76479 31.46268 26.53179 1.194467e-07 41 
1.330325e-13 2.52798e-05 0.006519259 0.008991331 0.01230717 0.01552476 0.02017518 5.119766e-15 11.78763 16.87331 18.06531 15.55265 8.914361e-07 41 
4.286114e-22 0.1110027 0.01189411 0.0186928 0.01393014 0.01777743 0.02560238 0 25.91049 27.81463 26.19059 22.01654 1.7459e-14 42 
5.931164e-18 6.779443e-06 0.006129999 0.008915979 0.01217762 0.01552004 0.02016128 2.450192e-20 12.13465 17.27536 18.35981 15.47211 1.753148e-11 42 
NaN 0.1455694 0.01735293 0.02231856 0.01825225 0.01968425 0.026915 2.4777e-05 30.69002 37.84082 29.76849 22.71858 0 43 
8.914324e-08 0.1127677 0.01630423 0.0211057 0.01541626 0.02063522 0.02877189 1.433668e-05 30.2361 30.68509 30.02843 24.81953 0.0002217964 43 
NaN 0.1309368 0.01580618 0.01887192 0.01664035 0.01843771 0.02497393 2.05643e-05 25.93471 32.84068 27.18334 20.63216 0 44 
4.725101e-07 0.08176255 0.008555338 0.01316877 0.01428925 0.01685105 0.0224989 4.153357e-05 17.59905 23.52363 21.69594 17.66421 0.0009893682 44 
0 0 0.006204568 0.009527293 0.01188381 0.01547771 0.02012923 4.714969e-05 12.39501 16.64331 18.01032 15.33233 1.048397e-05 45 
NaN 0.1291027 0.01692581 0.01995233 0.0167734 0.02041275 0.02702789 6.633404e-05 27.64446 34.16276 32.40396 23.72097 0 45 
1.142e-08 6.644693e-06 0.006434981 0.009370739 0.01202868 0.01524608 0.01982285 2.034271e-05 12.44434 16.95632 18.20055 15.88894 2.305615e-05 46 
1.15087e-08 1.570427e-11 0.006165695 0.009636888 0.01216604 0.01567406 0.02036154 5.908613e-05 13.17363 17.47904 18.35743 15.33867 2.916175e-05 46 
8.745222e-15 4.051251e-05 0.006362263 0.008922317 0.01231734 0.01537647 0.0199797 0 11.75962 16.93713 18.1246 15.79091 1.741512e-11 47 
1.48437e-12 5.040088e-05 0.006353498 0.009115263 0.01173516 0.01503924 0.01960233 5.050762e-06 12.11419 16.72095 18.22296 15.82887 1.668997e-07 47 
0 2.632007e-05 0.006263809 0.009385065 0.01235743 0.01558719 0.02026437 0 12.3789 17.06403 18.10314 15.48447 3.184709e-15 48 
7.031206e-12 1.80208e-05 0.006051659 0.009086895 0.01226555 0.01564352 0.02032318 2.01312e-08 11.94927 16.90674 18.07316 15.37487 1.32925e-07 48 
0.0877165 0.04741296 0.03879025 0.009991874 0.01277227 0.01636634 0.02137127 0 13.58232 23.3941 36.28336 52.65532 69.34571 49 
5.070996e-20 0.132383 0.02418714 0.02684511 0.02778445 0.02886242 0.03958834 0 40.34721 57.23996 50.28849 33.82571 1.394063e-11 49 
2.672716e-10 1.781427e-05 0.006339174 0.009170046 0.01220976 0.01544386 0.01997309 0 12.37039 17.22832 18.30388 15.97778 5.48031e-07 50 
1.323651e-11 1.026675e-12 0.00628372 0.009325397 0.01198365 0.01522981 0.0198407 2.174319e-05 12.44941 16.98779 18.2467 15.4965 2.293271e-06 50 
3.730173e-08 2.291824e-05 0.005784101 0.009154471 0.01235585 0.01564693 0.02032456 6.281709e-06 12.40431 17.37431 18.29907 15.22817 7.792324e-05 51 
NaN 0.09635825 0.01637928 0.0236119 0.01976424 0.02460508 0.03459873 2.40606e-05 34.81989 37.9035 31.88073 25.33619 0 51 
NaN 0.0800281 0.02120924 0.02388499 0.02491989 0.03212491 0.04706354 1.266651e-05 39.28628 47.95466 44.11601 36.53 0 52 
1.81254e-06 0.1029745 0.02041686 0.02481338 0.02112524 0.02643485 0.03776376 1.160192e-05 37.31426 41.66962 35.96931 29.95045 0.005200577 52 
NaN 0.1302529 0.02016807 0.02273201 0.01560653 0.02053859 0.02861988 4.633779e-06 32.5885 32.85417 31.05633 25.37858 0 53 
0 0 0.006233254 0.009480589 0.01202882 0.01559605 0.02025118 6.606585e-05 12.71347 17.11185 18.23222 15.16913 1.95283e-05 53 
NaN 0.104102 0.01632621 0.02193876 0.01896389 0.02273907 0.03181041 4.086462e-05 32.65529 37.86172 31.60691 25.23418 0 54 
NaN 0.1288582 0.01364656 0.01909839 0.01633122 0.01826735 0.0246529 1.448391e-05 26.05366 32.20169 26.69879 19.67144 0 54 
1.777478e-06 0.1238585 0.01647111 0.02115237 0.01864742 0.02188385 0.0303163 1.348529e-05 30.02369 37.42483 33.64221 25.49887 0.004221668 55 
NaN 0.1086077 0.0153633 0.01918043 0.01730505 0.02077735 0.02844605 2.242251e-05 27.27273 33.45291 30.2227 22.5463 0 55 
NaN 0.1099275 0.01235927 0.01612044 0.01624783 0.0177224 0.023813 3.155501e-05 22.44592 30.31903 25.63582 18.67542 0 56 
NaN 0.1018685 0.01211783 0.01732449 0.01334126 0.01729166 0.02310659 1.766966e-05 23.10618 23.36265 22.69917 18.50062 0 56 
NaN 0.1552897 0.02095542 0.02722839 0.02392428 0.02340608 0.03267313 3.472681e-05 40.61947 53.28381 40.08513 29.31382 0 57 
0 2.065514e-05 0.00601991 0.009593395 0.01204682 0.015369 0.01999688 4.032452e-20 12.91271 17.19886 18.29679 15.58417 3.21802e-13 57 
0 0 0.005894311 0.00887775 0.01190397 0.01533735 0.01993607 4.145828e-05 11.79853 16.76818 18.20125 15.51968 8.467081e-06 58 
NaN 0.1302151 0.01540077 0.02072625 0.01633302 0.01877845 0.02565768 4.17015e-05 28.80496 33.6026 27.57439 19.58266 0 58 
0 0 0.005985555 0.009264153 0.01194815 0.01527567 0.01987318 1.537794e-05 12.48808 17.07988 18.32314 15.5708 1.181945e-06 59 
NaN 0.09739789 0.01529057 0.01896442 0.01782841 0.02165482 0.03006819 2.61683e-05 28.18387 34.53815 31.04867 23.32736 0 59 
NaN 0.119553 0.01529881 0.01699288 0.01577321 0.01776435 0.02398108 1.155739e-05 23.79743 30.66741 26.1661 20.20177 0 60 
NaN 0.09722952 0.01377829 0.01665288 0.01740699 0.01979978 0.02703815 3.579346e-05 22.7157 30.36207 26.45828 20.33202 0 60 
NaN 0.1165931 0.02263041 0.02705591 0.01977998 0.02795431 0.03842661 3.76257e-05 41.02522 42.69088 42.62586 30.26004 0 61 
NaN 0.1350343 0.01604938 0.02214065 0.01768694 0.02021551 0.02747892 2.539383e-05 30.25329 36.21886 31.18065 20.36387 0 61 
NaN 0.1366071 0.0203873 0.03239056 0.01827408 0.02542177 0.03514474 3.163304e-05 46.77477 42.08274 38.57591 25.08133 0 62 
NaN 0.1020993 0.0199247 0.02687312 0.02114677 0.02801777 0.03991484 2.982945e-05 40.22228 42.25661 39.12775 30.23174 0 62 
NaN 0.123107 0.01716543 0.0190509 0.01537384 0.01929777 0.02589262 1.493306e-05 25.48515 29.41661 27.63322 20.69577 0 63 
2.239809e-08 2.562306e-05 0.006164028 0.008999247 0.01152365 0.01503761 0.01957403 3.288663e-05 11.924 16.51348 18.19754 15.82074 4.205615e-05 63 
NaN 0.1033788 0.01877377 0.02497759 0.01886795 0.02429885 0.03472013 1.131889e-05 36.4965 37.87309 33.89719 26.96527 0 64 
2.346858e-12 0.1126264 0.0146624 0.01982409 0.01632387 0.02000031 0.02867196 5.302845e-05 28.27647 32.68286 29.69706 24.78305 2.458371e-05 64 
NaN 0.1095361 0.02158757 0.02412613 0.01813706 0.02377892 0.03406902 2.231431e-05 37.69073 36.06838 33.26795 28.30326 0 65 
5.626699e-12 0.1345717 0.01916998 0.02268866 0.01562346 0.02209249 0.02947615 1.477447e-05 32.51525 34.5538 35.56063 27.63817 1.121572e-06 65 
NaN 0.1216986 0.01309391 0.01816273 0.01455129 0.01777997 0.02385094 8.396044e-06 25.44984 29.45789 26.70425 19.55472 0 66 
0 0 0.006041603 0.009531268 0.01213778 0.01561776 0.02029413 4.957174e-05 12.67659 17.07814 18.16468 15.27815 1.130254e-05 66 
4.693866e-18 8.869093e-06 0.005937168 0.009068223 0.0120576 0.01544159 0.02005843 9.458873e-19 12.25117 17.13134 18.31765 15.5931 1.560067e-11 67 
6.108155e-08 4.576256e-05 0.006332319 0.009570844 0.01177431 0.01545491 0.02007003 2.219377e-05 12.82493 16.98058 18.25156 15.60706 0.0001282912 67 
NaN 0.1154413 0.02127403 0.02520797 0.01904373 0.0261045 0.03651285 3.707802e-05 37.15829 38.81474 38.39139 30.05545 0 68 
3.388398e-07 0.1222222 0.01535074 0.02044723 0.01720162 0.02017161 0.02774103 2.944634e-05 29.53641 35.11594 28.43526 23.90207 0.0008189035 68 
1.863385e-06 0.1235419 0.01596951 0.01805625 0.01397628 0.01846615 0.02450214 7.909822e-06 24.42061 27.13261 27.09462 21.24645 0.00391856 69 
6.702006e-07 0.1143352 0.01711734 0.0228408 0.01594104 0.02173051 0.03013078 1.345132e-05 33.10869 32.54501 31.99557 25.81296 0.001756019 69 
7.408573e-19 0.1189541 0.01783779 0.02376907 0.01972625 0.02253462 0.03411412 9.556827e-20 34.64447 40.941 33.26236 29.23013 1.872079e-10 70 
8.019505e-07 0.07287405 0.009227823 0.01343824 0.01373983 0.01654382 0.02245723 8.182842e-06 18.27921 22.58851 20.6194 17.72875 0.001797823 70 
NaN 0.1424131 0.01658257 0.02089904 0.01424488 0.01880456 0.02526368 2.737796e-05 29.40411 30.85173 29.60507 21.42223 0 71 
NaN 0.1175362 0.01781833 0.02366802 0.02007053 0.02302404 0.03177095 1.583951e-05 34.1671 40.46011 31.51254 24.95682 0 71 
NaN 0.09113607 0.01390177 0.01724783 0.01621571 0.02023586 0.02786502 2.290757e-05 24.52825 29.16964 26.875 21.16749 0 72 
4.914552e-21 1.440986e-05 0.00579781 0.009068683 0.01156569 0.01514139 0.01963069 7.983052e-20 12.54199 17.13484 18.55365 15.36408 5.022614e-13 72 
NaN 0.1366163 0.01800547 0.02338455 0.01607828 0.01963615 0.02698421 1.850248e-05 33.23556 35.22644 29.37651 21.90856 0 73 
NaN 0.09521954 0.01147568 0.01561534 0.01491855 0.01744025 0.02303541 3.648037e-05 21.29041 26.41555 22.16078 17.93828 0 73 
4.516667e-08 0.09889659 0.0127459 0.01644385 0.01549678 0.01835184 0.02631883 2.226676e-05 23.15284 28.66611 25.46466 22.39022 0.0001025687 74 
1.806406e-06 0.1295822 0.01363381 0.01831688 0.01607797 0.01833123 0.02462481 1.207526e-05 24.55354 30.9657 27.25227 19.92039 0.0038327 74 
0 9.360156e-06 0.005887548 0.009002653 0.01235108 0.01584162 0.02055809 0 11.99153 17.11494 18.12868 14.87072 3.307488e-15 75 
NaN 3.723507e-05 0.006411152 0.009570951 0.01189345 0.01511985 0.01969096 0 12.67194 16.89008 18.18359 15.9708 0 75 
0 1.160315e-05 0.0058765 0.00892513 0.01199639 0.01528438 0.01987119 8.389519e-15 12.06678 17.06996 18.34711 15.64549 4.038212e-09 76 
6.479825e-07 0.1301812 0.0135074 0.02079984 0.01463955 0.01792184 0.02462993 2.685527e-05 28.71075 30.62685 26.41999 21.15082 0.001523848 76 
2.027365e-05 0.091413 0.01062284 0.01444763 0.01356087 0.01746709 0.02286526 8.650697e-06 19.30504 23.31981 23.25834 17.81377 0.04274601 77 
NaN 0.1426697 0.01989643 0.02550002 0.01611163 0.02040501 0.02844891 1.056178e-05 37.42813 36.94549 31.06606 25.29394 0 77 
1.823297e-14 4.314868e-05 0.006076783 0.009510957 0.01159389 0.01527739 0.01985746 5.766082e-05 12.80175 16.91914 18.3127 15.58428 1.592359e-05 78 
5.430426e-07 0.126963 0.01497276 0.02035656 0.01401396 0.01878001 0.02506145 1.643229e-05 28.71028 29.88877 29.21759 22.64027 0.001284998 78 
3.370182e-23 0 0.006101154 0.009518147 0.01215531 0.01561779 0.02029435 2.856678e-05 12.67817 17.10478 18.17612 15.29932 3.797373e-06 79 
NaN NaN 0.006268721 0.009760246 0.01258489 0.01575814 0.0204973 3.505499e-05 12.98113 17.37206 18.12968 15.13433 0 79 
1.948385e-08 1.294406e-05 0.006063562 0.009378283 0.01224225 0.01495294 0.01962146 3.880595e-05 12.63255 17.27161 18.33814 15.81667 4.104888e-05 80 
0.1308228 0.07577528 0.03740327 0.01295492 0.01365514 0.01789659 0.02399799 1.292331e-15 18.76203 39.1038 72.42163 107.4963 149.4886 80 
NaN 0.1251805 0.01423529 0.01975031 0.01537287 0.01936103 0.02529091 1.239011e-05 27.30235 31.46525 29.51018 20.07795 0 81 
6.453329e-14 0.1304868 0.02057026 0.02734348 0.02073962 0.02358916 0.03394951 2.541777e-15 38.9076 44.21457 35.5506 27.75562 9.585143e-06 81 
5.172683e-14 0.130655 0.0213213 0.02679629 0.01793717 0.02291246 0.03229311 2.547501e-05 39.23523 39.69225 34.7415 27.29774 5.603476e-06 82 
NaN 0.09476108 0.01484773 0.01670538 0.01768927 0.02121148 0.03005151 2.827395e-05 24.19797 32.70542 31.12164 25.27121 0 82 
2.823239e-06 0.1350185 0.01855297 0.02097242 0.01664274 0.01952264 0.02729695 4.998024e-06 29.39419 34.72187 30.21317 24.21116 0.006422744 83 
1.121204e-14 0.1071497 0.01966569 0.02601515 0.02312504 0.02667823 0.04327457 1.871683e-15 39.11756 46.84848 37.65944 36.00552 1.092596e-06 83 
3.370602e-14 0.1385438 0.02259664 0.03094767 0.02168107 0.02599498 0.03770654 3.108971e-15 46.90041 51.29266 43.36937 33.71014 4.946267e-06 84 
NaN 0.1061616 0.01749212 0.02176642 0.01833394 0.02240558 0.03116052 2.148379e-05 30.68961 35.06764 30.57816 23.24749 0 84 
1.258095e-19 1.322959e-22 0.006275964 0.009515709 0.01226049 0.0157598 0.02048034 5.184894e-05 12.33236 16.80629 17.94153 15.1126 1.201565e-05 85 
NaN 0.09225 0.02371035 0.0258063 0.0272591 0.03269533 0.04662325 4.31362e-05 42.35924 54.33986 44.3184 38.36366 0 85 
NaN 0.1119998 0.01848382 0.02045133 0.01791088 0.02164115 0.02997776 3.004817e-05 29.91914 35.31426 29.63133 24.34572 0 86 
6.00572e-19 6.525402e-23 0.00622157 0.009400849 0.01207425 0.0157001 0.0203873 3.909963e-05 12.40912 16.911 18.09276 15.07995 6.702828e-06 86 
2.554476e-16 0.1350581 0.01603756 0.02174923 0.01634123 0.0186959 0.02902034 2.273319e-16 29.57553 33.88949 27.67022 25.08458 4.652432e-09 87 
NaN 0.073482 0.009748666 0.01325661 0.0128061 0.01668438 0.02196375 1.999935e-05 17.56021 20.37018 20.86023 17.08654 0 87 
1.082554e-05 0.1222363 0.0151317 0.01916469 0.01520495 0.01854234 0.02494439 5.46649e-06 26.1027 30.00684 27.09863 20.48111 0.02450957 88 
NaN 0.08091889 0.01206853 0.01525495 0.0154375 0.01902852 0.02586855 2.130215e-05 21.27749 25.84766 22.69945 15.43239 0 88 
NaN 0.09623844 0.02180073 0.02701554 0.02207196 0.02873993 0.04126687 3.021638e-05 41.10013 42.21577 37.27472 30.87352 0 89 
NaN 0.08807253 0.01861412 0.02080285 0.02049938 0.02542951 0.03604055 4.110456e-05 32.3104 38.68939 32.95134 30.1414 0 89 
NaN 0.1014206 0.01834141 0.02096417 0.01863092 0.02292191 0.03329141 4.607248e-05 29.85726 34.36402 29.49803 27.25185 0 90 
NaN 0.1114151 0.0231277 0.02442658 0.01976526 0.0255896 0.03660273 5.106934e-05 38.09617 42.18306 39.33536 31.98026 0 90 
NaN 0.1434612 0.01731365 0.02684839 0.01623516 0.020655 0.02803902 2.936485e-05 38.28495 38.08395 33.06468 23.35156 0 91 
NaN 0.1364511 0.01857692 0.02248582 0.01545042 0.02384327 0.02873095 3.54512e-05 32.88553 35.30755 38.55508 24.6566 0 91 
2.232928e-11 0.1184929 0.01295885 0.01732614 0.01310005 0.01746434 0.02324905 6.976515e-06 23.63502 25.15809 25.41235 20.5651 3.636419e-07 92 
4.826627e-08 0 0.006232627 0.009396351 0.0121016 0.01545224 0.02010016 1.26737e-05 12.28103 16.79611 18.04911 15.54504 9.513402e-05 92 
1.84907e-17 0.1424081 0.01853409 0.0210141 0.01702977 0.01900816 0.02945701 1.073074e-14 29.94566 36.80086 31.39422 28.1637 1.776813e-07 93 
5.295022e-07 0.1354417 0.01874066 0.02018734 0.01688308 0.02103533 0.02765519 1.758704e-05 28.62664 35.46527 34.52758 25.05138 0.001185511 93 
1.668198e-07 0.09637108 0.01886972 0.022764 0.02039576 0.02565393 0.0378565 8.454814e-06 34.49466 39.81206 36.11623 31.36057 0.0004698447 94 
NaN 0.06040361 0.008537854 0.01166223 0.01287815 0.01613162 0.02136491 4.641174e-05 15.94714 20.42262 20.42901 17.02391 0 94 
5.708162e-10 2.27741e-05 0.006719445 0.009027847 0.0118759 0.01497362 0.01955986 7.19822e-06 11.98898 16.77704 18.21793 15.82686 1.114485e-06 95 
4.876728e-13 4.133722e-05 0.006261762 0.009511368 0.01200315 0.01565755 0.02030853 9.958949e-17 12.36478 16.69756 17.98219 15.53143 9.988023e-10 95 
NaN 0.1219721 0.0184937 0.02634493 0.01910548 0.0239097 0.03195104 4.519206e-05 39.38454 41.25947 30.75317 24.88171 0 96 
NaN 0.09675761 0.01114341 0.01408911 0.01336388 0.01743965 0.02333453 1.181416e-05 18.55552 22.65504 23.0873 17.54563 0 96 
4.867644e-08 0.1018972 0.01319744 0.01720293 0.01526985 0.01859916 0.02618704 3.324365e-05 23.96945 28.23882 25.43184 21.99364 0.0001110765 97 
0 9.34098e-06 0.00632436 0.009491979 0.01213652 0.01537228 0.02000767 0 12.68128 17.12733 18.23554 15.61618 2.752782e-15 97 
3.044302e-11 0.1658759 0.02547344 0.03112933 0.01757833 0.02720301 0.03361507 1.129636e-05 45.4725 44.86898 46.8469 31.31541 7.638973e-06 98 
7.948106e-08 1.000353e-05 0.006077072 0.0090772 0.01183112 0.01525634 0.0197963 3.035058e-12 12.11806 16.83121 18.24672 15.9032 0.0001548296 98 
2.025602e-07 0.1032003 0.01542278 0.01957025 0.01772719 0.02114211 0.03044721 1.46995e-05 28.27563 33.86308 28.72158 25.61198 0.0005017275 99 
1.002212e-12 0.08249333 0.01181345 0.01582848 0.01456704 0.01965026 0.02636841 4.850212e-05 22.13662 25.17781 25.9402 20.66766 1.055992e-05 99 
NaN 0.1512232 0.02010421 0.02410479 0.01830692 0.0249666 0.03100303 3.798082e-05 34.26592 40.89707 42.06418 28.38773 0 100 
NaN 0.119487 0.01282994 0.01738119 0.01325103 0.01850197 0.02378161 6.662218e-06 23.16065 24.76322 26.09211 19.10454 0 100 
