1.095615e-09 0.2280829 0.02553565 0.04392438 0.027369 0.02998002 0.05400856 1.611201e-05 40.17049 44.27767 33.8121 32.78365 2.370287e-06 1 
6.994022e-10 1.484521e-05 0.005986731 0.01229564 0.0150066 0.02028755 0.02631436 1.47183e-05 9.811922 12.99972 14.053 11.46595 9.595638e-07 1 
NaN 0.1443587 0.03439122 0.04492311 0.04372275 0.0507439 0.07395957 5.791673e-05 48.69964 61.66461 49.97945 38.93144 0 2 
NaN 0.1416392 0.04186961 0.05639115 0.05001822 0.07651433 0.105077 6.829357e-05 62.91204 75.102 78.58431 53.91863 0 2 
1.962426e-10 0.07144574 0.03709281 0.04660225 0.06836582 0.09314818 0.1543444 3.415632e-05 56.56636 79.0787 68.03081 61.72834 0.0001883919 3 
5.057842e-15 0.1007642 0.04104201 0.05668884 0.04928103 0.06599532 0.1206806 5.274264e-05 72.67508 71.68598 64.60956 70.01634 3.161215e-05 3 
NaN 0.1037849 0.03211473 0.03930586 0.03905232 0.05160183 0.07544735 2.235033e-05 44.56467 50.25544 42.69435 35.87701 0 4 
NaN 0.2290497 0.02646698 0.04033325 0.02827184 0.03255779 0.04527675 1.184047e-05 36.88787 43.45203 38.5172 27.26866 0 4 
8.774583e-14 0.1256744 0.03200459 0.04376221 0.03991155 0.05918699 0.09242854 1.376618e-05 47.50245 55.29057 57.22249 36.78274 1.347162e-06 5 
0.002047603 0.1375348 0.02922792 0.03576936 0.03519592 0.04568879 0.07008965 1.311412e-05 36.77062 47.44336 47.22591 40.44575 3.885889 5 
NaN 0.09769807 0.03759975 0.04285767 0.04035208 0.0620369 0.09660958 3.520454e-05 51.75418 52.96849 59.96054 46.93842 0 6 
5.254762e-11 0.1223303 0.03328775 0.05133718 0.04068098 0.05252664 0.08166746 1.840635e-05 54.47771 55.16173 42.95723 42.56112 2.139407e-05 6 
NaN 0.09034866 0.0384492 0.04662902 0.05623514 0.07422107 0.1153764 1.951367e-05 58.2776 75.29054 67.54049 57.53998 0 7 
1.573687e-07 0.08846143 0.03458203 0.0401374 0.05343708 0.07075444 0.1130163 7.317545e-05 44.27158 62.57552 58.47539 49.17954 0.0004035701 7 
2.698758e-07 0.2263323 0.03996416 0.05874622 0.05098385 0.04664502 0.07629989 3.936735e-05 61.81627 80.72832 62.34183 34.87415 0.0005702611 8 
NaN 0.1498049 0.03306563 0.04139237 0.0377688 0.04584408 0.06771586 1.342155e-05 43.65721 52.92038 43.86928 33.34274 0 8 
NaN 0.1461048 0.03572575 0.05312487 0.05858806 0.05995835 0.1015048 5.093742e-05 55.36 76.55832 62.86601 50.96308 0 9 
NaN 0.1060376 0.0358082 0.04357847 0.05085939 0.06633058 0.08280358 5.136335e-05 49.95181 65.27033 46.16328 44.67342 0 9 
1.084697e-06 0.1136636 0.03586374 0.05254996 0.05148575 0.06265014 0.1060126 1.097952e-05 59.98737 70.85251 55.67093 55.32291 0.003029205 10 
3.554566e-07 0.1236493 0.03359538 0.0386379 0.04751571 0.05595206 0.08547552 7.618542e-06 40.26039 59.33143 54.71611 43.03926 0.0007551364 10 
NaN 0.19367 0.03878418 0.06938228 0.04485857 0.05355747 0.07095425 3.350883e-05 72.64832 75.68388 50.91317 38.25224 0 11 
1.716156e-09 1.948464e-05 0.00638892 0.01220738 0.01543035 0.01907437 0.0250591 1.278277e-05 9.77811 13.16985 14.15005 12.42833 2.121485e-06 11 
NaN 0.2088616 0.03703083 0.04768174 0.05882912 0.04493965 0.06635947 7.581582e-05 48.34035 77.97043 53.5839 41.7085 0 12 
NaN 0.05799646 0.04654322 0.0395182 0.06141595 0.09181777 0.1282562 7.797512e-06 65.34104 91.49987 81.75512 76.89048 0 12 
NaN 0.1282952 0.03771709 0.04473425 0.03937927 0.05293821 0.06810196 5.601981e-05 49.02754 53.88557 39.24369 38.69364 0 13 
NaN 0.1214301 0.03828918 0.04909319 0.03954379 0.05387944 0.08086553 5.095801e-05 54.67281 53.9908 50.56889 43.36842 0 13 
NaN 0.0899289 0.04212826 0.05318817 0.05149048 0.090062 0.1490885 2.266539e-05 71.85372 75.20083 88.65396 62.90915 0 14 
1.293545e-07 0.137637 0.03133229 0.03494014 0.03621833 0.04404515 0.06543373 4.165753e-05 36.2696 48.11712 44.10449 32.27713 0.0002531183 14 
0.001233497 0.1248384 0.03575965 0.05019257 0.05234981 0.07158569 0.1061977 1.600727e-05 56.54947 72.66381 71.74466 53.3258 3.148718 15 
4.076924e-13 0.07939876 0.03778318 0.04417234 0.05348497 0.08168486 0.1408097 5.807988e-06 53.92454 66.68212 68.88717 50.8522 4.29107e-07 15 
9.403792e-08 0.1404306 0.03271975 0.04110311 0.05079256 0.05525658 0.08638835 3.128816e-05 43.4564 65.36033 56.6118 36.54673 0.0002019677 16 
7.655183e-09 0.07257368 0.046454 0.05055326 0.05526889 0.09386765 0.1670862 4.900797e-05 76.49397 78.11484 97.85558 76.91924 4.756772e-05 16 
NaN 0.1571014 0.03616961 0.04723533 0.04714245 0.05074867 0.07906244 4.244984e-05 52.03862 68.6048 53.88166 36.09073 0 17 
NaN 0.116243 0.03901103 0.04731122 0.05320895 0.06629699 0.1115406 1.751312e-05 52.29819 69.99884 64.43984 55.30958 0 17 
5.025453e-13 0.161299 0.02881414 0.03699275 0.04176008 0.04662011 0.06517001 2.572072e-05 35.63872 52.79908 49.35046 34.84148 1.092674e-05 18 
NaN 0.1216256 0.03684963 0.04330214 0.04382229 0.05418697 0.08206736 8.531683e-06 48.51532 60.07331 51.3347 38.62158 0 18 
1.10508e-17 0.1475848 0.03125142 0.04524615 0.04291977 0.05509558 0.08329511 6.869299e-16 46.39058 58.79775 55.50769 33.31401 8.16596e-08 19 
5.890562e-05 0.1087962 0.03488296 0.04419558 0.04113584 0.05705835 0.08901503 1.3466e-05 50.45716 54.87929 52.65721 40.55462 0.1536813 19 
NaN 0.08861131 0.04138275 0.04585911 0.04487256 0.07090249 0.1165915 5.306482e-05 60.01027 61.17464 72.85945 66.45984 0 20 
1.160709e-12 0.07201039 0.03943889 0.04586643 0.05015223 0.07315806 0.12738 1.096801e-05 60.3224 60.38996 64.47176 52.1364 1.491609e-06 20 
0 3.334391e-05 0.00624253 0.01025698 0.01375721 0.01912462 0.02483608 8.370578e-17 8.2979 12.22824 14.22113 12.20762 1.604679e-10 21 
0.001701111 0.1796821 0.02525142 0.04231863 0.03555363 0.03802823 0.063128 1.491834e-05 40.05599 49.80152 41.19631 36.08901 3.047645 21 
NaN 7.636955e-06 0.006093738 0.0113311 0.01458786 0.01923874 0.0248569 2.176965e-05 9.155528 12.78892 14.18189 12.55737 0 22 
1.20183e-05 0.1344504 0.03752269 0.06114886 0.04509139 0.059775 0.08827274 2.69209e-05 74.93818 73.15964 61.419 49.39536 0.03629611 22 
NaN 0.06409756 0.04304276 0.04424593 0.05507159 0.0783743 0.1202658 2.534204e-05 63.59669 70.62707 69.61449 64.77746 0 23 
1.733109e-07 0.1303201 0.03185792 0.04566789 0.04392567 0.05732247 0.09374909 1.468542e-05 50.25681 61.46564 57.01376 36.68973 0.0004224933 23 
NaN 0.1194704 0.03652551 0.0546591 0.05817787 0.06938189 0.1054754 4.168673e-05 59.98416 75.26429 61.97038 44.14753 0 24 
8.61669e-07 0.1393228 0.03572969 0.03972108 0.04613355 0.05182015 0.07896195 2.97208e-05 46.49655 67.12397 57.90304 41.66726 0.001966973 24 
1.764288e-05 0.2003893 0.02904632 0.03698845 0.03225308 0.04057661 0.05309131 1.287733e-05 33.86079 44.68446 45.16562 32.48478 0.02718875 25 
NaN 0.06847254 0.03823305 0.04223375 0.05953804 0.08263981 0.1237788 2.010561e-05 53.11099 71.41563 60.66288 60.45861 0 25 
NaN 0.1625254 0.03373303 0.04448459 0.0386905 0.04888566 0.0686627 1.370773e-05 45.73365 56.51533 53.68406 38.19842 0 26 
5.5209e-06 0.1650052 0.02490694 0.03672676 0.02736938 0.03346063 0.05000505 1.747347e-05 35.127 38.5879 32.34062 28.57064 0.009683724 26 
8.623749e-09 0.09788344 0.04103674 0.04889307 0.04997848 0.07928095 0.1219306 5.535931e-05 59.86049 69.79074 75.50119 56.55386 3.848536e-05 27 
3.191552e-07 0.1288155 0.03493412 0.0504096 0.04263982 0.05514431 0.08108828 4.117505e-05 57.70161 62.20323 51.93577 46.44671 0.0008224525 27 
NaN 0.1356474 0.03698194 0.04269888 0.0405235 0.04932107 0.07032199 2.003696e-05 47.54891 57.89899 46.26161 40.07028 0 28 
6.191858e-09 0.09122803 0.03845387 0.04986239 0.04951737 0.06644922 0.1154958 3.224254e-05 61.1462 66.00992 59.24383 62.54532 2.133762e-05 28 
NaN 0.09272691 0.03738417 0.04248303 0.04242413 0.05753365 0.08553937 7.745954e-06 53.76447 56.49781 53.02511 50.65722 0 29 
NaN 0.06883576 0.04249421 0.05038798 0.05738329 0.08145062 0.1332515 3.960839e-05 69.89936 73.05142 73.10025 70.7692 0 29 
0 0.163831 0.0275511 0.0408332 0.03100268 0.05745096 0.07240592 1.411508e-14 38.60658 43.61231 52.84423 28.81679 1.29175e-07 30 
NaN 0.1427319 0.04273679 0.05380651 0.07355592 0.07012953 0.1046871 1.131605e-05 62.8548 99.28067 77.62108 55.75833 0 30 
NaN 0.1502806 0.03674184 0.04186134 0.04149454 0.04530413 0.07282436 2.585544e-05 42.52933 56.05405 46.03575 41.05306 0 31 
NaN 0.151773 0.03381828 0.04562948 0.04198027 0.04895181 0.07276532 1.438171e-05 46.65033 57.96847 49.67915 34.14089 0 31 
NaN 0.1158979 0.0374073 0.05066802 0.04097028 0.05706107 0.08591607 6.805438e-05 57.25756 56.49188 53.82333 44.00457 0 32 
0 0.1248284 0.03087981 0.04110986 0.03947949 0.06478447 0.09948429 1.983297e-05 42.18325 51.37527 57.99943 34.36914 2.631693e-06 32 
3.223714e-12 0.06192339 0.04215725 0.04885497 0.0795588 0.115294 0.2041667 5.506657e-16 67.35358 97.97744 84.72408 81.51029 7.657949e-05 33 
1.39262e-06 0.1344832 0.03417784 0.05414469 0.05828901 0.06970498 0.1017532 1.830598e-05 57.17247 75.81342 67.3604 45.10309 0.003525328 33 
5.156213e-12 0.07867114 0.03755318 0.04837036 0.05296519 0.082346 0.1463565 1.345787e-05 61.49316 67.469 71.40135 52.90676 2.109909e-06 34 
1.97767e-08 0.09329755 0.0399668 0.04854562 0.05429214 0.07148508 0.1094707 3.923377e-05 59.88127 72.5315 57.4426 61.42467 6.187885e-05 34 
4.137931e-09 0.1000835 0.03696683 0.05028045 0.05215399 0.06654429 0.1198845 2.012911e-05 58.40192 69.01411 58.52724 60.60213 1.214088e-05 35 
NaN 0.1078821 0.03577058 0.05033547 0.04981956 0.06346107 0.09219186 1.861193e-05 54.77416 62.89431 49.15355 45.0527 0 35 
5.815557e-07 0.1298784 0.02622599 0.04083501 0.04430347 0.05030895 0.08144778 1.855472e-05 41.33962 54.96606 44.46202 29.67984 0.001272221 36 
2.669339e-06 0.128292 0.03668224 0.05024911 0.05046348 0.06624643 0.1024837 6.414901e-06 55.37732 69.29026 64.83936 42.8301 0.006790947 36 
4.744914e-09 0.1087815 0.034476 0.04316494 0.0519332 0.06437274 0.1079647 1.574056e-05 48.67977 66.37569 57.9672 39.69875 1.249625e-05 37 
8.668442e-07 0.09098497 0.04002237 0.04840709 0.05122523 0.07613314 0.1266579 1.545631e-05 62.23644 70.89144 72.37444 54.16367 0.002805743 37 
7.462917e-06 0.1028442 0.03683286 0.0463286 0.04348518 0.06094081 0.1024987 1.327159e-05 55.60662 58.36983 56.00025 42.54592 0.0214715 38 
NaN 0.07569009 0.03955598 0.04590564 0.0572716 0.07848414 0.1255584 1.458135e-05 54.88227 67.66289 60.02327 59.65674 0 38 
1.514997e-14 0.1805167 0.03206108 0.04610831 0.04723962 0.05648068 0.07196873 3.195935e-05 44.51744 62.83084 60.78026 38.37969 5.224196e-06 39 
NaN 0.1837317 0.03067195 0.04248156 0.02676996 0.03703229 0.05195897 1.495984e-05 40.94646 40.59851 38.87125 28.74983 0 39 
NaN 0.08875516 0.04007089 0.0397234 0.04377637 0.0620781 0.09649682 7.39682e-06 52.58761 61.13007 62.27576 53.72636 0 40 
NaN 0.0851816 0.03990221 0.04443799 0.06393269 0.08683843 0.1058498 1.940186e-05 58.58134 84.38037 61.33755 54.69071 0 40 
NaN 0.08418722 0.03966427 0.04984016 0.05875285 0.0784558 0.1152869 7.122056e-05 61.35902 74.24959 61.67442 55.20519 0 41 
0 0.0633078 0.04747371 0.04868361 0.0613659 0.1103548 0.2371191 6.885795e-06 75.2586 86.7566 106.8172 80.1142 6.941678e-07 41 
5.679765e-12 0.1100649 0.03219874 0.05095774 0.04418569 0.05755669 0.1102055 5.783917e-05 57.26109 60.84873 53.35872 56.65846 2.538692e-05 42 
2.337578e-07 0.1696491 0.02259616 0.03819009 0.0341055 0.03547159 0.0511398 1.643535e-05 35.56203 45.00405 34.65093 23.47839 0.0004234436 42 
1.606244e-11 0.09172552 0.04009278 0.04811731 0.05835874 0.08056226 0.1269108 6.492581e-05 57.73779 75.08039 70.96209 54.99127 2.832576e-05 43 
NaN 0.1674975 0.03423243 0.05644096 0.03917072 0.05836821 0.08159138 2.170459e-05 56.13698 59.94339 59.98764 43.92594 0 43 
NaN 0.1019367 0.03716077 0.04656361 0.05374663 0.06777752 0.1005928 2.215213e-05 54.17515 69.41716 57.78488 46.21981 0 44 
5.150806e-06 0.1124276 0.03068547 0.04025758 0.04221454 0.05226252 0.07780011 1.941165e-05 43.21866 53.86396 40.74989 42.27208 0.01185945 44 
NaN 0.1046146 0.03710458 0.04745277 0.03955452 0.06668896 0.09994143 7.151659e-05 54.42864 51.99061 62.93683 51.03765 0 45 
6.339517e-07 0.2044368 0.0305168 0.05018631 0.02789491 0.04931159 0.05844294 2.318118e-05 48.72974 47.71895 52.81876 31.65959 0.001211936 45 
1.953937e-05 0.1440795 0.03379318 0.04035665 0.05878036 0.05502902 0.1017356 2.498231e-05 42.70775 73.56235 60.87792 55.39145 0.03979967 46 
NaN 0.05622503 0.04945167 0.0509145 0.0648909 0.1045947 0.2035112 2.968009e-05 80.29761 86.68583 102.7636 97.11761 0 46 
1.287675e-05 0.09322477 0.0362031 0.04433915 0.04570636 0.0655269 0.1120544 1.891618e-05 54.7832 63.38852 64.69726 60.70583 0.03714226 47 
2.006461e-10 0.1575489 0.03728151 0.0546595 0.05455214 0.07867458 0.1010852 7.389146e-05 59.11204 78.87864 81.68417 49.80698 4.718523e-05 47 
NaN 0.08835554 0.04262021 0.05208876 0.05759132 0.08257248 0.1316959 1.577529e-05 68.23095 80.28013 77.17145 60.26246 0 48 
NaN 0.2278573 0.02731555 0.05358429 0.03314548 0.0413945 0.05403142 1.45455e-05 48.40608 53.04601 47.80596 30.75611 0 48 
5.522679e-05 0.2313324 0.01627956 0.0320509 0.0251438 0.0290866 0.03630291 7.659282e-06 27.96992 35.82991 34.0593 21.67152 0.07563507 49 
2.152796e-06 0.2250723 0.02238228 0.04159709 0.02854337 0.03664114 0.04427907 1.480222e-05 36.68583 42.92488 40.9941 23.71356 0.003462367 49 
3.028038e-05 0.2278297 0.02433776 0.04330047 0.0266653 0.03230533 0.04776455 2.699089e-05 38.1788 41.8452 37.40365 29.10222 0.04799638 50 
5.282142e-08 5.78501e-05 0.00588047 0.01098955 0.01537485 0.019762 0.02567895 5.223777e-10 8.758676 12.91968 14.09837 11.94113 5.845155e-05 50 
NaN 0.1884616 0.03284187 0.0612999 0.03380385 0.04654385 0.07116829 8.252737e-06 60.61801 56.94674 51.22434 40.85682 0 51 
6.464307e-13 0.1109019 0.03649464 0.04814301 0.03965667 0.0731241 0.1119581 4.323746e-05 58.21278 55.15 72.23894 48.02723 2.103468e-05 51 
4.5663e-09 6.16217e-05 0.006233718 0.01195192 0.01573598 0.02020046 0.02615922 3.15251e-15 9.549589 13.21667 14.07386 12.16206 5.624355e-06 52 
NaN 0.09346163 0.03893553 0.0493702 0.0586109 0.07564688 0.1131139 1.731147e-05 60.96645 77.55366 65.40304 55.4259 0 52 
4.193941e-11 0.2613688 0.03881759 0.0600427 0.06166848 0.08745796 0.07881131 1.022292e-05 58.44769 87.96384 96.49061 56.53867 9.460543e-07 53 
0.001417343 0.1785265 0.02423477 0.04225974 0.02645632 0.03405775 0.04859885 9.540421e-06 40.21096 38.82695 32.13493 25.48124 2.6143 53 
NaN 0.06230916 0.04891638 0.04805379 0.06587992 0.09851366 0.1601909 3.801593e-05 79.22034 98.90634 98.13636 89.55394 0 54 
NaN 0.1041543 0.03454776 0.04596634 0.03982565 0.05664016 0.08777604 2.32745e-05 50.3473 50.10242 50.47239 44.11021 0 54 
NaN 0.1680647 0.03247688 0.04446875 0.03786913 0.04320251 0.07426925 4.454811e-05 46.244 55.8365 44.97417 28.38377 0 55 
0.0002979248 0.08421913 0.03633587 0.04497597 0.04786288 0.06514913 0.09917782 1.198214e-05 53.09664 58.05678 52.9128 51.06603 0.8722949 55 
NaN 0.08803897 0.04147847 0.04634594 0.05462886 0.0736046 0.113384 2.239315e-05 58.70288 73.34577 66.61534 58.14621 0 56 
9.304171e-08 0.06098915 0.04141594 0.0434985 0.05875726 0.08634935 0.1382559 5.5939e-05 59.56129 73.35636 71.82575 66.52163 0.0003569018 56 
6.764309e-06 0.2422351 0.02512651 0.04045505 0.02955617 0.03390458 0.0547762 1.422754e-05 36.03844 44.71981 42.13173 35.54697 0.009907634 57 
NaN 0.05409976 0.05141811 0.05123597 0.07892638 0.1229442 0.1733813 1.124706e-05 89.20375 114.3273 101.5141 93.76031 0 57 
8.067209e-08 0.05612067 0.0488531 0.04244561 0.05838743 0.08482654 0.1351261 2.61333e-05 76.62468 92.42847 94.59099 100.8375 0.0003682128 58 
0 0.1350545 0.03499141 0.04393958 0.03810199 0.04920538 0.09692537 1.486763e-05 47.7997 55.43209 52.34258 56.23697 1.970662e-06 58 
2.497145e-10 0.1253324 0.03741116 0.04317991 0.04488955 0.06372985 0.09231815 1.34036e-05 47.72185 61.95642 63.79809 43.3969 1.781096e-06 59 
NaN 0.1124685 0.03550864 0.04637389 0.03941509 0.05562341 0.08994416 4.211873e-05 53.04833 51.2253 51.06805 38.52681 0 59 
NaN 2.982544e-05 0.006115783 0.0120813 0.01602678 0.02024775 0.02626224 3.327595e-05 9.66504 13.34912 14.07097 12.06096 0 60 
2.690663e-05 0.1481029 0.0397019 0.04487919 0.06358965 0.06666308 0.09992371 1.425745e-05 49.70611 83.73522 75.9721 56.18024 0.05958727 60 
3.869728e-14 2.862434e-05 0.006236564 0.01229582 0.01521547 0.0195708 0.02546305 1.303801e-14 10.0088 13.27459 14.24413 11.9562 9.301466e-08 61 
NaN 0.1659155 0.03645625 0.05012769 0.0369508 0.04798566 0.07019006 1.384383e-05 56.52412 61.98618 56.64279 43.25826 0 61 
NaN 0.1136536 0.03861718 0.04060129 0.06056719 0.06674534 0.09114655 1.579732e-05 48.23126 78.9003 58.42765 48.61083 0 62 
2.750233e-06 0.09774762 0.04004421 0.03921835 0.05983632 0.0689954 0.1412413 3.808137e-05 46.09952 75.76616 65.39136 69.96877 0.006828614 62 
NaN 0.07567512 0.04168523 0.04536858 0.06317606 0.08527373 0.1407115 5.540619e-05 59.08451 81.44584 71.89774 69.13178 0 63 
NaN 0.1067623 0.03678277 0.04233467 0.04462761 0.05736413 0.08397948 2.288092e-05 48.73091 59.07195 49.82162 41.4494 0 63 
NaN 0.09435425 0.04026736 0.03952069 0.04385331 0.05880358 0.09045867 1.739444e-05 49.50525 60.27911 56.4383 54.28252 0 64 
1.229719e-10 0.1658539 0.03287309 0.03893924 0.033693 0.04013132 0.07325937 2.691668e-05 38.97602 47.00027 38.99229 26.10933 7.116916e-05 64 
8.604804e-10 2.418271e-05 0.004745424 0.01195118 0.01560225 0.01978819 0.02565258 6.228876e-05 9.632651 13.25752 14.16516 11.63161 7.65452e-06 65 
3.726391e-08 0.1108 0.03912422 0.04962326 0.05263585 0.06946694 0.09526049 1.089747e-05 58.68852 72.01022 50.93394 55.38218 0.0001032479 65 
NaN 0.1157124 0.04408512 0.04853632 0.07286804 0.07827813 0.1116283 4.436498e-05 65.83445 107.2701 81.86638 65.05828 0 66 
NaN 0.08051836 0.04043971 0.04139587 0.04327164 0.06430827 0.104716 1.853619e-05 52.27395 53.77035 61.72612 58.31266 0 66 
1.520446e-07 0.1109404 0.04254889 0.05691188 0.0457704 0.06450127 0.1093905 4.319387e-05 70.5513 65.52813 66.3752 64.26254 0.0004725647 67 
0.002786783 0.1765846 0.02239288 0.03780445 0.0286223 0.0334986 0.04819713 1.527267e-05 36.01221 41.19873 34.04216 24.42734 4.948541 67 
NaN 0.09365664 0.04185023 0.05168314 0.04731622 0.0711429 0.1119555 3.902061e-05 67.27111 60.66981 71.13599 57.81583 0 68 
1.685466e-05 0.1574328 0.03558349 0.0558344 0.04927948 0.06368731 0.08896259 7.222535e-06 57.72708 70.38438 65.84954 42.12267 0.03958483 68 
0.003635848 0.09271665 0.03614643 0.05080039 0.05489432 0.0752599 0.1191868 5.525575e-05 60.5831 71.68038 66.44422 55.84052 11.25484 69 
5.949891e-10 0.1351456 0.04110656 0.05259425 0.05371107 0.0694758 0.1037142 2.02063e-05 63.42462 81.92543 77.75525 54.02294 0.0001851647 69 
NaN 0.07135162 0.04466167 0.04849776 0.05332713 0.078138 0.1291021 5.136368e-05 65.85726 64.95429 73.47359 67.12597 0 70 
1.934334e-11 0.1316164 0.02948744 0.04028643 0.03264268 0.04252972 0.07656822 1.307465e-05 41.59867 44.65197 41.22733 43.49559 1.336554e-06 70 
1.176339e-09 0.2445296 0.02641467 0.04986936 0.03851404 0.04835207 0.0548083 3.7551e-05 46.50346 59.10267 57.79902 31.089 7.949927e-06 71 
NaN 0.1522771 0.02728841 0.037144 0.03946516 0.04029625 0.06355995 3.464128e-05 34.70372 48.37003 38.84044 32.86163 0 71 
NaN 0.1435747 0.03370395 0.05055297 0.038224 0.05209306 0.07573966 1.576808e-05 52.0455 55.11939 51.03395 35.53675 0 72 
2.52663e-15 2.748223e-05 0.006720832 0.01106975 0.0154052 0.01947506 0.02534419 0 8.988635 13.139 14.23497 12.25674 6.955432e-08 72 
1.280384e-13 0.1090855 0.03833355 0.0554433 0.06252622 0.08938887 0.1080322 2.68126e-05 66.39574 83.77268 51.85312 60.05926 7.084515e-06 73 
0.0004653215 0.1640513 0.02663555 0.03843561 0.04696829 0.04244702 0.06285744 6.848439e-05 36.95147 57.53933 45.92732 33.3324 0.855236 73 
NaN 0.1228033 0.04005466 0.05518567 0.05482136 0.06673291 0.0950309 1.317297e-05 63.35047 76.23286 57.3274 51.0044 0 74 
2.329093e-10 0.1346609 0.03366356 0.0406071 0.03936499 0.06156975 0.08445337 2.004902e-05 42.12586 53.1573 59.46377 38.77992 3.141544e-06 74 
NaN 0.1711941 0.03284254 0.04024448 0.03475884 0.0415298 0.0598508 3.819414e-05 42.06021 51.1235 36.00626 27.44259 0 75 
4.449842e-08 0.09640238 0.03856744 0.04858252 0.04567426 0.07288813 0.1124883 5.719583e-05 58.83994 62.11317 68.57298 51.83197 0.0001359857 75 
NaN 0.20814 0.03823411 0.0596807 0.02981335 0.05143926 0.06305009 1.707907e-05 59.79783 48.52478 55.21575 35.21696 0 76 
NaN 0.1762543 0.03308907 0.04121284 0.04187134 0.04523419 0.07782355 6.753421e-05 41.39387 58.46123 53.70899 47.11648 0 76 
NaN 0.08681047 0.0364495 0.04811557 0.05261272 0.07428703 0.1197478 6.107757e-05 57.66022 67.47131 64.74411 55.38218 0 77 
NaN 0.07111749 0.04904853 0.06647354 0.09071669 0.1316594 0.2441201 4.237925e-05 100.1207 123.9345 110.5176 101.6329 0 77 
NaN 0.1032934 0.03717964 0.05071169 0.04935076 0.06727786 0.08720939 1.879873e-05 62.65522 68.80358 51.58821 48.99668 0 78 
NaN 0.07075772 0.04093822 0.04376683 0.06407179 0.08748912 0.1423192 3.739144e-05 59.96322 84.93424 73.8549 72.94421 0 78 
0.002439602 0.1260511 0.03232789 0.04282329 0.05482444 0.05645631 0.09836297 3.09231e-05 43.85888 65.9317 52.30528 48.01256 5.33521 79 
6.136162e-07 0.1324694 0.03410419 0.03767792 0.04750036 0.05461235 0.08026644 1.573473e-05 40.02055 60.99077 56.11174 40.95661 0.001268656 79 
9.007269e-06 0.2296095 0.02533485 0.04464703 0.02923246 0.03545619 0.04734725 2.866994e-05 39.0646 44.16564 39.81506 24.35471 0.01448222 80 
3.453334e-07 0.1212294 0.03409066 0.04724292 0.04651833 0.06758453 0.1014963 1.162029e-05 52.18981 64.85413 66.54434 50.7774 0.0008661211 80 
1.287797e-09 0.08634749 0.0394634 0.04622196 0.06760049 0.09294585 0.1512654 6.733284e-05 54.91982 82.02727 77.07063 59.14933 3.61785e-05 81 
NaN 0.07358038 0.04738554 0.04772815 0.0554242 0.08914299 0.1499542 1.386741e-05 70.74002 81.01961 92.00888 77.8234 0 81 
NaN 0.1588049 0.03414346 0.04895913 0.03669712 0.04766648 0.07303842 5.452794e-05 50.54034 55.62457 51.1613 41.95598 0 82 
NaN 0.0502435 0.04995995 0.04383768 0.06801978 0.1062405 0.192164 2.667109e-05 73.75615 99.20879 101.604 102.9252 0 82 
1.396585e-06 0.1197589 0.0350655 0.04554272 0.05270343 0.0623541 0.09446814 1.692085e-05 50.22698 68.64242 59.47543 42.44439 0.003493605 83 
NaN 0.06195501 0.04042833 0.04064118 0.05386056 0.07673833 0.116867 2.190275e-05 54.12305 65.43189 62.51036 63.09649 0 83 
5.346941e-08 0.1415698 0.04030065 0.05589215 0.03907349 0.07281866 0.09485386 5.570744e-05 62.66689 61.91758 73.31123 48.48003 0.0001395483 84 
NaN 0.08631852 0.038748 0.04232361 0.05386792 0.07181836 0.09656213 2.532225e-05 51.69176 68.20865 53.28798 52.02843 0 84 
NaN 0.2758277 0.03865001 0.07230946 0.0717208 0.06397609 0.06128875 1.812853e-05 72.66875 101.9628 54.13129 39.11421 0 85 
NaN 0.08718671 0.04759718 0.05010239 0.05280979 0.07464299 0.1254213 1.384246e-05 70.90191 74.97893 73.09688 60.02963 0 85 
5.883447e-08 1.383238e-05 0.005361703 0.01129045 0.0152447 0.01934159 0.02518156 1.180563e-14 9.246876 13.1934 14.29848 12.1238 6.830742e-05 86 
5.779675e-09 3.784887e-05 0.006041722 0.01118887 0.01494948 0.01901032 0.02480372 0 9.163687 13.05689 14.30822 12.47653 6.538823e-06 86 
3.321967e-09 0.2284473 0.0270204 0.04404229 0.02222218 0.04875281 0.05368576 1.056819e-05 41.87181 37.38083 49.87311 26.41103 5.568609e-06 87 
NaN 0.165677 0.03353902 0.04685909 0.04173448 0.04629542 0.06470862 2.315042e-05 46.16245 57.08264 40.61317 34.9604 0 87 
3.449273e-05 0.08291292 0.03649009 0.04602961 0.05542513 0.07394787 0.109844 1.415377e-05 54.54639 67.41692 54.49925 55.01491 0.1037495 88 
NaN 0.0923448 0.04757819 0.04355751 0.06247015 0.08444586 0.1040993 1.438262e-05 61.54931 91.70266 66.69441 69.62043 0 88 
6.473337e-09 0.2077956 0.02936645 0.04657771 0.03984541 0.03722517 0.07178917 4.784706e-05 43.45479 56.32142 41.05784 40.90507 1.702959e-05 89 
NaN 0.1358662 0.03705884 0.04474708 0.03617342 0.04750897 0.06986674 9.337629e-06 49.84307 52.56821 46.43617 39.56065 0 89 
6.829941e-06 0.04711408 0.04078443 0.04386953 0.05234247 NaN 0.111107 8.231526e-06 70.85931 67.38634 67.38635 84.22842 0.0309854 90 
7.756992e-08 0.06730681 0.04654391 0.04956719 0.06489494 0.1071162 0.1985294 0.0001019138 70.43187 88.36651 96.62252 83.56301 0.0003120151 90 
0 0 0.006325036 0.01143702 0.01483161 0.01812763 0.02408251 5.777204e-05 9.412665 13.10147 14.32747 12.65908 9.191138e-06 91 
4.259728e-08 0.1043503 0.03460415 0.04116914 0.04627856 0.06071053 0.09442902 2.466367e-05 45.9809 60.15393 56.9991 46.26206 0.0001068935 91 
3.061586e-14 0.07461251 0.03846705 0.03872436 0.04574502 0.06876991 0.1110481 3.499131e-05 49.76138 58.74226 63.54489 53.21 1.603569e-05 92 
NaN 0.2154328 0.03041227 0.05197588 0.03991503 0.04003365 0.05758733 3.325574e-05 51.4844 62.13062 44.29196 28.5421 0 92 
2.976297e-05 0.122597 0.03251847 0.04476202 0.04498648 0.05927533 0.09425799 2.018818e-05 49.35427 62.36573 60.25311 49.92811 0.07159912 93 
5.389428e-07 0.08456511 0.04354639 0.04974741 0.06083283 0.09428756 0.1542294 1.663624e-05 63.94935 81.77171 85.39616 66.84661 0.001792728 93 
6.874198e-07 0.07785504 0.0382727 0.04972497 0.05042979 0.07807782 0.129161 5.361108e-05 62.78451 61.87363 70.16971 60.78601 0.002374547 94 
1.492088e-14 6.355738e-05 0.006160826 0.01170589 0.01537479 0.01938779 0.02527813 1.786047e-12 9.353007 13.04796 14.12896 12.3648 2.472665e-06 94 
0.002466943 0.09638101 0.03189382 0.03922308 0.04130973 0.05485354 0.0753668 2.103892e-05 44.2371 51.40644 41.0338 41.67693 6.198615 95 
0.0004682273 0.1786187 0.02320349 0.04045643 0.02524404 0.04371371 0.0525301 1.732554e-05 38.32131 38.03086 43.78656 28.93861 0.8292226 95 
6.109398e-05 0.07159795 0.03919965 0.040555 0.05952397 0.08132114 0.129681 9.786834e-06 51.56153 73.85142 65.33401 65.86362 0.1864484 96 
1.111032e-06 0.1746479 0.01669225 0.02285962 0.02144874 0.02439665 0.03320257 1.969776e-05 19.21331 25.69697 23.56801 16.4245 0.001397049 96 
0.0003923098 0.1700198 0.0278365 0.03592363 0.02688139 0.04737174 0.05707705 6.00181e-05 35.97997 40.10524 49.59402 33.88611 0.6743159 97 
NaN 0.1000888 0.03733646 0.05209199 0.05551981 0.07765198 0.09230378 1.906288e-05 61.74597 72.187 49.60291 48.74624 0 97 
2.857222e-12 0.12052 0.03469518 0.05205279 0.05177906 0.08213212 0.1279365 8.315613e-06 59.17919 72.66774 76.95077 46.57536 6.794839e-07 98 
NaN 0.1294843 0.03470603 0.04271571 0.04032155 0.05311772 0.07896172 1.941453e-05 46.66733 56.14885 53.19393 40.00318 0 98 
NaN 0.09048253 0.03564417 0.04647324 0.04690169 0.06443487 0.1052415 3.500036e-05 56.92052 60.43324 53.72577 42.72331 0 99 
NaN 0.08024452 0.03926211 0.03606506 0.04978636 0.06750914 0.0992693 1.436927e-05 44.28599 61.68184 54.28477 47.80127 0 99 
1.015371e-11 0.1054121 0.03804629 0.03726435 0.04579126 0.06658561 0.1150328 3.152312e-05 45.11923 63.00048 67.1527 45.36516 1.261512e-05 100 
1.349693e-08 1.106364e-05 0.006111132 0.01118866 0.01554346 0.0192227 0.02512085 3.169702e-05 9.118761 13.25053 14.26807 12.15812 1.557261e-05 100 
