1 0.05323633 0.866129 0.3074065 0.1841721 0.3288234 0.9999816 0.9999707 883.011 1766.022 2132.422 2666.116 3755.445 2872.454 2 
1 0.08864166 0.8794165 0.191159 0.3217432 0.2602529 0.3888989 1 372.377 744.7539 1251.699 1529.824 1837.268 1947.996 2 
1 0.05119891 0.9183398 0.3089032 0.1892024 0.4618011 0.9999567 0.9999181 840.0138 1680.028 2035.601 2739.273 3559.321 2719.343 3 
0.9999999 0.05807906 0.8891188 0.2441334 0.2837697 0.1980051 0.4884386 1 671.6208 1343.241 1933.317 2228.215 2811.628 2751.04 3 
1 0.0658697 0.8826988 0.2318696 0.2862124 0.4504592 0.9999921 0.9999315 516.2965 1032.593 1522.122 2072.062 2742.959 2226.668 4 
0.5212264 0.2163414 0.9295398 0.1072641 0.1745386 0.2532449 0.5102464 1 166.417 253.1579 373.6976 484.3176 688.0723 1551.469 4 
1 0.08322994 0.860601 0.1811348 0.3692904 0.2689886 0.6051015 1 348.5195 697.039 1278.882 1546.183 1985.745 1924.089 6 
1 0.07761502 0.8674304 0.2406188 0.2974443 0.5161581 0.9999816 0.9999906 463.9495 927.899 1363.418 1894.381 2392.092 1928.152 6 
0.9999964 0.05384242 0.7907774 0.2390869 0.2153589 0.2986103 0.7015609 1 705.8803 1411.758 1895.561 2421.918 3289.282 2952.4 7 
1 0.07058469 0.885753 0.3551646 0.2718871 0.2214613 0.9999574 0.999932 736.8873 1473.775 1837.53 2053.263 2811.632 2074.777 7 
1 0.08074893 0.8986917 0.286587 0.3407268 0.4412274 0.9999992 0.9999968 532.658 1065.316 1517.109 1902.819 2391.284 1858.626 8 
1 0.08591084 0.9155309 0.2237888 0.252381 0.4652193 0.2330041 1 442.4309 884.8618 1272.158 1805.892 1948.85 1977.002 8 
1 0.05716081 0.8997884 0.3019411 0.2704896 0.4169826 0.9999872 0.9999951 769.9111 1539.822 2021.283 2562.735 3319.773 2549.872 9 
1 0.05519104 0.8416992 0.2342438 0.3227863 0.3079692 0.6894627 1 634.267 1268.534 1937.817 2370.258 3040.23 2707.721 9 
0.5419983 0.2342121 0.9087391 0.1244974 0.190703 0.3476374 0.6893254 1 175.0647 269.9495 381.088 552.9112 747.7174 1406.172 10 
0.9999984 0.08041119 0.7852199 0.2553249 0.1663444 0.3206541 0.5476814 1 522.4457 1044.891 1298.357 1705.677 2178.303 2046.2 10 
1 0.0726141 0.830445 0.3547282 0.2158318 0.5999876 0.9999985 0.9999991 688.7503 1377.501 1647.911 2237.379 2630.378 1941.628 11 
1 0.07310197 0.9064169 0.2279046 0.3336167 0.3197267 0.999971 0.9999648 478.9003 957.8007 1499.067 1844.74 2580.198 2101.319 11 
1 0.07879475 0.9152183 0.2200164 0.3526646 0.2488149 0.3827345 1 444.3075 888.615 1444.104 1697.804 1990.953 2019.429 12 
1 0.05698248 0.9237122 0.2808784 0.3507033 0.2681684 0.9999983 0.9999989 772.3104 1544.621 2238.072 2582.363 3521.934 2749.625 12 
1 0.07379971 0.9035751 0.2036607 0.4110201 0.4864486 0.9999984 0.9999996 406.6067 813.2133 1466.688 1922.203 2403.097 1996.491 13 
1 0.06979695 0.8382569 0.3054198 0.3629217 0.3299847 0.9999963 0.9999945 644.8793 1289.759 1822.01 2130.322 2756.329 2111.452 13 
1 0.0654173 0.8505274 0.2338042 0.250887 0.3440655 0.5206229 1 565.7162 1131.432 1596.552 2074.383 2548.644 2419.615 14 
1 0.07177968 0.9384124 0.2793263 0.3960372 0.218168 0.9999723 0.9997389 557.398 1114.796 1684.341 1873.835 2552.888 1995.509 14 
0.99999 0.07293252 0.9197874 0.2772541 0.3583158 0.9999949 0.9999997 0.9999998 493.7441 987.4832 1448.659 2274.546 2274.528 1780.836 16 
1 0.05996038 0.8619502 0.2017505 0.4160483 0.4700723 0.9999967 0.9999994 483.7573 967.5146 1763.849 2289.253 2881.556 2397.8 16 
0.4608349 0.2485962 0.836406 0.09578391 0.2082841 0.2064513 0.4901746 1 128.7323 188.0566 339.7812 355.2173 537.9458 1343.987 17 
0.5687324 0.1756593 0.8853177 0.157651 0.2007912 0.2210381 0.5104046 1 273.2772 428.6988 537.0009 563.3542 784.3675 1733.431 17 
1 0.06501584 0.8139461 0.2104956 0.3310095 0.2322211 0.5616741 1 523.0412 1046.082 1695.446 2000.214 2566.177 2484.808 18 
0.5853219 0.1687702 0.8648457 0.1524185 0.1781626 0.2306294 0.5691358 1 260.7293 413.3399 500.2523 567.6196 854.0004 1710.614 18 
1 0.0629585 0.8843881 0.2674342 0.3184964 0.4436345 0.9999994 1 667.2572 1334.514 1916.655 2469.262 3162.29 2495.034 19 
0.2916829 0.3497757 0.9368732 0.1132668 0.1795416 0.267978 0.5158988 1 120.0826 155.1087 214.0282 269.1216 369.7816 1060.175 19 
0.9999999 0.06704004 0.855102 0.2767761 0.1213302 0.3268589 0.2718626 1 716.1285 1432.257 1659.298 2196.727 2497.622 2587.393 20 
1 0.04740023 0.8742707 0.302033 0.2117156 0.5354059 0.9999915 0.9999949 907.3212 1814.642 2258.552 3143.479 3911.362 3004.047 20 
0.9999994 0.05719607 0.8081189 0.2199914 0.2837029 0.1145625 0.5102055 1 681.9813 1363.962 2049.971 2248.397 3030.856 3100.036 21 
1 0.09699665 0.8581819 0.1841076 0.3392088 0.2717884 0.4281385 1 330.0013 660.0025 1156.074 1418.72 1720.009 1792.437 21 
1 0.06906272 0.8612082 0.2766541 0.3342676 0.3939231 0.9999953 0.9999922 593.7932 1187.586 1706.552 2113.703 2740.129 2146.338 22 
1 0.05505287 0.897804 0.3099733 0.3242125 0.8206797 0.9999884 0.9999867 763.0589 1526.118 2076.836 3018.907 3224.749 2461.693 22 
1 0.06923166 0.8474859 0.2911884 0.459814 0.5452109 1 1 577.9134 1155.827 1802.674 2216.986 2562.585 1984.672 23 
1 0.0620698 0.8802923 0.2435564 0.368055 0.3549994 0.9999981 0.9999947 596.2282 1192.456 1874.013 2289.442 3044.235 2448.008 23 
1 0.05740239 0.8886329 0.3080219 0.3647038 0.4879266 0.9999999 1 731.8266 1463.653 2063.25 2572.874 3107.718 2375.891 24 
1 0.06466156 0.8977145 0.3278489 0.4026432 0.3237135 0.9999994 0.9999928 711.5734 1423.147 2010.546 2292.649 2882.004 2170.431 24 
1 0.0617476 0.8493842 0.3416085 0.3022742 0.4881287 0.9999997 1 777.5288 1555.058 2008.032 2518.409 3053.61 2276.082 25 
1 0.07258922 0.7916182 0.1489 0.2926214 0.2939955 0.5539602 1 344.4777 688.9554 1265.129 1674.615 2219.349 2313.483 25 
1 0.06023925 0.9388751 0.1843599 0.4295058 0.5590854 0.9999974 0.9999997 415.1038 830.2076 1618.991 2204.749 2666.697 2251.594 27 
1 0.06021393 0.843424 0.3161344 0.2858483 0.4822348 0.9999913 0.9999862 714.2792 1428.558 1870.233 2402.361 2973.691 2259.416 27 
1 0.05970903 0.8771046 0.2179756 0.399892 0.2690741 0.9999747 0.9999821 536.0447 1072.089 1841.142 2151.68 2995.219 2459.195 28 
0.5688392 0.214062 0.7923748 0.1427202 0.2109648 0.2301391 0.4706673 1 196.2246 307.8448 423.7711 455.0889 595.8594 1374.89 28 
0.5339103 0.2049014 0.9260288 0.1310599 0.1288939 0.2522743 0.4981083 1 209.8713 321.9237 351.2301 493.311 714.8343 1601.339 29 
1 0.06848053 0.8826103 0.3628817 0.1841883 0.5665047 0.9999929 0.9999916 744.9189 1489.838 1730.732 2335.178 2797.703 2052.787 29 
1 0.06329558 0.8286301 0.1890599 0.2690917 0.3225233 0.4879541 1 521.4569 1042.914 1644.791 2172.059 2712.495 2758.157 31 
0.9999999 0.07611522 0.8567163 0.2499384 0.4918772 0.6069689 0.9999005 0.9996199 459.9531 919.9062 1598.85 2024.559 2300.191 1840.266 31 
1 0.07639619 0.925161 0.1837849 0.2705169 0.300902 0.4992146 1 418.9589 837.9177 1341.257 1749.676 2223.38 2279.615 32 
1 0.06257135 0.9129081 0.2625571 0.3879316 0.2624449 0.9999726 0.9999597 591.4574 1182.915 1827.356 2094.205 2844.118 2252.681 32 
1 0.07966298 0.8972321 0.2702798 0.3999042 0.3241466 0.3281368 0.9999999 514.7935 1029.587 1585.404 1855.761 2040.732 1904.669 33 
1 0.06220946 0.8593914 0.2605516 0.4917351 0.6205783 1 1 578.8189 1157.638 1965.408 2483.544 2800.332 2221.513 33 
1 0.07108443 0.8262666 0.2745503 0.4974152 0.3032301 0.99999 0.9999926 520.6456 1041.291 1725.592 1935.249 2416.999 1896.358 34 
1 0.06101317 0.8817687 0.2619641 0.2902608 0.6483443 0.9999999 1 606.5558 1213.112 1709.127 2495.468 2921.971 2315.416 34 
1 0.06046605 0.9354645 0.244373 0.3254787 0.224875 0.9999826 0.9999553 612.0339 1224.068 1840.028 2127.084 3116.524 2504.508 35 
1 0.06336202 0.8020568 0.3521218 0.251841 0.631101 1 1 789.2865 1578.573 1944.304 2629.994 3030.802 2241.515 35 
1 0.07354581 0.9094724 0.3512535 0.2064062 0.4985925 0.9999718 0.9999372 707.2198 1414.44 1684.047 2200.883 2720.622 2013.417 36 
1 0.07837023 0.87774 0.2533708 0.3570068 0.3594536 0.9999863 0.9999589 485.0058 970.0116 1480.248 1810.576 2399.211 1914.213 36 
1 0.07564161 0.9353755 0.2166526 0.2526471 0.3414983 0.5671051 1 489.2573 978.5147 1425.447 1876.931 2370.643 2258.257 37 
1 0.07789416 0.8366145 0.2455527 0.3341315 0.2246141 0.9999726 0.9999686 500.8001 1001.6 1515.722 1745.852 2540.259 2039.481 37 
1 0.07311483 0.9061621 0.2967169 0.3522908 0.4251084 0.999994 0.9999894 574.5901 1149.18 1628.966 2003.961 2511.08 1936.493 38 
1 0.08974902 0.8386759 0.2011802 0.2600591 0.3997099 0.2145598 1 390.0761 780.1522 1182.948 1641.042 1788.654 1938.939 38 
1 0.06607874 0.9018563 0.2328344 0.3603835 0.5265996 0.9999946 0.9999993 499.5078 999.0157 1592.145 2146.495 2644.84 2145.335 39 
1 0.08008495 0.8565924 0.2483726 0.4513412 0.2995068 0.9999876 0.999909 437.1571 874.3142 1471.407 1688.8 2197.237 1760.086 39 
1 0.04639966 0.9343686 0.3530196 0.143005 0.510317 0.999981 0.999996 1099.32 2198.641 2486.757 3367.877 4213.353 3114.049 40 
0.5068528 0.2429266 0.9277607 0.1247194 0.230297 0.2471653 0.53931 1 160.5578 241.937 382.1239 408.0464 558.952 1287.353 40 
1 0.09223697 0.8491005 0.229439 0.4079163 0.2872458 0.9999935 0.9998426 390.4205 780.841 1315.705 1538.707 2092.048 1701.631 41 
0.9999999 0.05484815 0.899308 0.2803019 0.2568557 0.1801559 0.9999743 0.9999764 784.1342 1568.268 2085.403 2354.951 3581.564 2797.463 41 
1 0.06568927 0.9589939 0.2841491 0.1550824 0.5811433 0.9999737 0.9999498 609.0691 1218.138 1456.099 2209.525 2752.539 2143.484 42 
1 0.05435571 0.8461476 0.313042 0.129165 0.7435918 1 1 883.2488 1766.498 2016.852 3271.96 3704.751 2821.502 42 
1 0.09313851 0.7548914 0.2227368 0.3132556 0.286371 1 1 365.1592 730.3184 1129.488 1380.088 2004.579 1639.42 44 
1 0.07231998 0.8776864 0.3769151 0.3341236 0.3879718 0.9999522 0.9999297 691.5503 1383.101 1765.075 2060.415 2526.292 1834.764 44 
1 0.06657606 0.9194604 0.2032249 0.5100972 0.1016689 0.9999973 0.9999625 450.7141 901.4281 1802.818 1890.834 2668.521 2217.809 47 
1 0.0458369 0.8707034 0.2420291 0.2751264 0.2917006 0.3628549 1 829.1473 1658.295 2372.707 2921.762 3405.521 3425.817 47 
1 0.06902162 0.9032709 0.2352644 0.4057769 0.4255504 1 1 521.6961 1043.392 1731.506 2160.324 2739.184 2217.488 48 
1 0.06984368 0.908896 0.2633146 0.4200312 0.4474161 0.9999997 1 544.197 1088.394 1727.901 2122.976 2610.915 2066.718 48 
1 0.06775061 0.8745632 0.3044453 0.4375223 0.01341213 0.9999779 0.9999586 649.5839 1299.168 1948.486 1959.682 2783.23 2133.664 49 
1 0.07683578 0.8547183 0.2571758 0.2999056 0.4713801 0.9999758 0.9999865 494.7075 989.4149 1417.952 1889.507 2418.31 1923.616 49 
0.3386322 0.3835652 0.8883799 0.1027285 0.15642 0.2844959 0.4682783 0.9999998 104.2928 139.6097 189.7648 282.8803 353.2643 1015.228 50 
1 0.0682704 0.7904305 0.2828466 0.2522691 0.5338405 0.9999994 0.9999981 615.3562 1230.712 1624.309 2247.104 2790.939 2175.583 50 
1 0.07098579 0.8705803 0.242503 0.3525587 0.7005818 1 1 465.0057 930.0115 1442.11 2100.952 2382.531 1917.526 51 
0.9999989 0.05175196 0.9214015 0.2652269 0.3148514 0.2252521 0.9999665 0.9999291 753.7344 1507.468 2164.912 2487.17 3595.537 2841.847 51 
1 0.08635077 0.8493998 0.2051159 0.3779861 0.20851 0.2202975 1 428.5778 857.1556 1484.939 1700.347 1880.478 2089.442 52 
1 0.077206 0.8744993 0.26011 0.2399232 0.6537325 0.9999998 0.9999997 492.32 984.64 1320.633 2016.482 2385.058 1892.738 52 
1 0.06994697 0.8827583 0.3666787 0.2605065 0.5296828 0.9999907 0.9999949 715.01 1430.02 1751.733 2235.461 2664.969 1949.963 53 
0.9999966 0.05715833 0.8320914 0.2089767 0.3205684 0.1816049 0.6617994 1 559.9436 1119.885 1799.33 2060.846 2840.796 2679.455 53 
1 0.05386136 0.9465828 0.2880767 0.2048686 0.3427299 0.9999743 0.9999569 779.9048 1559.81 1954.669 2479.909 3487.161 2707.282 54 
1 0.05415475 0.9353443 0.240541 0.3247764 0.5593475 1 1 646.4526 1292.905 1955.788 2726.658 3333.947 2687.495 54 
1 0.04902556 0.8679248 0.2478444 0.4188809 0.3452841 0.9999953 0.9999981 734.4455 1468.891 2402.529 2849.758 3697.774 2963.333 55 
1 0.07209096 0.7537833 0.3736145 1.281656e-05 0.5439651 0.9999814 0.9999061 806.0197 1612.039 1612.057 2347.127 2963.365 2157.356 55 
1 0.06564021 0.9826227 0.2395167 0.3866986 0.2810772 0.9999867 0.9999885 563.7991 1127.598 1819.829 2128.416 2917.692 2353.903 56 
1 0.07463535 0.9200463 0.2267035 0.5994683 4.180685e-13 1 1 428.8693 857.7386 1734.697 1734.697 2320.632 1891.763 56 
0.9999966 0.06717054 0.7217367 0.1794317 0.2128709 0.3481483 0.5129864 1 476.4697 952.9377 1416.773 2013.888 2587.404 2655.437 57 
1 0.07594585 0.869023 0.2732581 0.3155058 0.6228739 0.9999983 0.9999998 500.4932 1000.986 1420.951 1988.463 2332.069 1831.577 57 
1 0.05794863 0.9204032 0.2828922 0.4736751 0.1644775 0.9999913 0.9999989 724.9421 1449.884 2320.341 2479.425 3287.544 2562.609 58 
1 0.06572737 0.8421106 0.3273708 0.2347817 0.5097451 0.9999999 0.9999971 730.4546 1460.909 1813.275 2398.695 2961.731 2231.276 58 
1 0.07050328 0.8759498 0.3242064 0.2790213 0.6476262 1 1 638.4219 1276.844 1648.155 2269.52 2607.606 1969.184 60 
1 0.09505716 0.8654729 0.1657083 0.2996906 0.3095745 0.524537 1 305.1637 610.3274 1070.774 1403.864 1793.527 1841.571 60 
1 0.04735463 0.9135513 0.2930664 0.3022406 0.4118507 0.9999991 0.9999997 929.3453 1858.691 2536.242 3180.464 4100.452 3171.108 61 
1 0.04573174 0.8496047 0.198933 0.2853783 0.6325731 0.9999976 0.9999994 634.2358 1268.472 1997.314 3151.83 3822.422 3188.188 61 
1 0.07106684 0.8568446 0.2736151 0.2051968 0.6358062 0.9999936 0.9999706 534.8463 1069.693 1361.05 2078.58 2489.583 1954.74 62 
0.4188029 0.3059355 0.8625141 0.1183488 0.1806331 0.2236677 0.4961744 1 143.8334 204.0712 279.0143 313.2217 469.3623 1215.335 62 
1 0.07476425 0.9461119 0.3249366 0.4735707 0.6084655 0.9999972 0.999991 588.6791 1177.358 1756.533 2148.275 2400.352 1811.674 63 
1 0.04507595 0.9024741 0.2817272 0.2791818 0.4036587 0.9999984 0.999969 931.877 1863.754 2527.048 3218.337 4239.603 3307.728 63 
1 0.08188901 0.7656746 0.2638807 0.3694471 0.4260011 0.9999994 0.9999851 476.3856 952.7711 1443.737 1800.707 2281.692 1805.307 64 
1 0.08083044 0.8087196 0.2256269 0.2420753 0.4815212 0.9999954 0.9999598 445.491 890.9819 1261.107 1819.114 2419.946 1974.458 64 
1 0.08219544 0.909477 0.238712 0.2733182 0.3814068 0.5486069 0.9999999 462.4374 924.8747 1327.959 1736.712 2100.408 1937.219 65 
0.9999998 0.08758767 0.844608 0.2689347 0.2424457 0.3558666 0.7354008 0.9999998 479.6442 959.2883 1275.401 1626.904 2094.792 1783.497 65 
1 0.06860269 0.8335142 0.2474603 0.1984467 0.3007943 0.2098585 1 626.9209 1253.842 1632.18 2091.842 2316.076 2533.42 66 
1 0.07775716 0.9145344 0.3628707 0.307151 0.3147346 0.999961 0.9997588 668.9297 1337.859 1698.611 1954.729 2512.346 1843.438 66 
1 0.07654188 0.8931732 0.2583023 0.1562397 0.4464932 0.2034156 1 561.9143 1123.829 1375.921 1983.78 2137.063 2175.413 67 
1 0.05909419 0.8580078 0.2987071 0.3902519 0.4092998 0.9999991 0.9999999 710.886 1421.772 2073.099 2489.629 3090.762 2379.877 67 
1 0.08465318 0.8941481 0.2882479 0.2735696 0.3411381 0.7634249 0.9999998 519.9213 1039.843 1391.054 1709.198 2178.287 1803.73 68 
1 0.06320641 0.9039679 0.3393296 0.5237262 0.1333491 0.9999982 0.9999994 727.9568 1455.914 2198.203 2288.218 2873.235 2145.279 68 
0.4427579 0.2196673 0.9021489 0.1560125 0.1778634 0.3308047 0.4810527 1 236.7345 341.5505 379.0088 516.1092 567.4551 1517.407 69 
1 0.07172822 0.7611872 0.2771135 0.2975804 0.2279649 0.4869999 1 613.5627 1227.125 1703.42 1959.713 2382.414 2214.121 69 
0.4054773 0.2730827 0.8985154 0.1345798 0.1580587 0.3103355 0.4736905 1 164.7932 231.6131 261.4101 382.8812 446.7244 1224.502 70 
1 0.0557862 0.8244695 0.2943042 0.322447 0.2864482 0.9999926 0.9999923 824.7206 1649.441 2287.097 2670.907 3626.986 2802.272 70 
1 0.06086144 0.930347 0.2408823 0.4974594 2.912394e-06 0.9999993 0.9999998 591.6278 1183.256 2110.748 2110.751 3047.714 2456.087 71 
0.2617337 0.3970939 0.8947894 0.09844378 0.1738577 0.2410601 0.4952229 1 100.7369 127.1031 193.6607 234.4147 347.809 1023.294 71 
1 0.05099503 0.9375508 0.2064074 0.5427379 0.2505514 0.9999994 0.9999997 549.1764 1098.353 2244.325 2486.231 3209.818 2660.642 72 
1 0.08058781 0.814781 0.2488915 0.426319 0.5273639 0.9999994 0.999999 422.0181 844.0362 1386.984 1772.289 2117.608 1695.591 72 
0.9999999 0.06711779 0.8841679 0.207032 0.2856555 0.1682829 0.1762244 1 551.372 1102.744 1706.005 1959.875 2180.986 2663.221 74 
0.9999979 0.08217427 0.8292264 0.2023552 0.3225286 0.1281122 0.5008481 1 450.3621 900.7233 1473.287 1627.361 2152.546 2225.602 74 
0.9999999 0.07586935 0.9196549 0.233121 0.2003864 0.3941448 0.5373898 1 474.6182 949.2363 1262.102 1754.171 2160.64 2035.931 75 
0.375447 0.2539875 0.8282207 0.1386845 0.1685579 0.2334144 0.4811197 1 204.7426 281.6126 320.0649 366.9429 527.6991 1476.319 75 
1 0.06256054 0.8690738 0.2601244 0.3555345 0.3462799 0.9999872 0.9999962 623.5264 1247.053 1877.595 2273.38 3020.549 2397.032 76 
1 0.0575525 0.8936242 0.2540401 0.5450262 0.6655816 1 1 608.2683 1216.537 2190.013 2730.887 3002.647 2394.379 76 
0.9999995 0.08043958 0.8606737 0.3087444 0.1544167 0.3663834 0.6009058 0.9999999 609.3063 1218.612 1429.266 1851.902 2291.103 1973.498 77 
1 0.0831897 0.861485 0.244849 0.4536344 0.1611881 0.9999906 0.9999227 456.8939 913.7878 1553.017 1677.116 2322.911 1866.023 77 
1 0.04957701 0.9104407 0.2523769 0.2267839 0.2679631 0.03722502 1 907.7975 1815.595 2425.461 2982.644 3039.306 3596.991 78 
0.3465905 0.2976992 0.8502989 0.1624296 0.1342136 0.2958217 0.5060271 1 208.2745 280.4605 241.3464 358.7119 455.6552 1282.245 78 
1 0.07695729 0.8676379 0.2466752 0.3047292 0.2165145 0.598911 1 532.8857 1065.771 1561.684 1806.664 2337.595 2160.272 80 
0.5322066 0.2351532 0.8898187 0.1288311 0.1874224 0.2230119 0.4337145 1 182.8762 280.204 380.898 426.811 565.7788 1419.503 80 
1 0.06710402 0.7476029 0.2789414 0.2193829 0.6236992 0.9999503 0.9999622 566.4241 1132.848 1454.068 2166.942 2597.023 2030.62 81 
1 0.06371427 0.9166509 0.281746 0.4776399 0.5073965 1 1 612.2354 1224.471 1969.956 2383.628 2785.24 2173.004 81 
1 0.0645631 0.9563421 0.2595268 0.3269997 0.5013743 0.9999986 0.9999846 588.702 1177.404 1726.654 2293.415 2857.068 2268.367 82 
1 0.05832165 0.9546381 0.229759 0.3771052 0.2587973 0.9999788 0.9999803 583.0888 1166.178 1903.32 2218.431 3120.897 2537.828 82 
1 0.06777355 0.8519246 0.2651733 0.329809 0.5229933 0.9999992 0.9999999 575.5738 1151.148 1677.188 2236.238 2746.131 2170.557 83 
1 0.05799353 0.7938016 0.2537114 0.2881084 0.3888711 0.3600527 1 655.3734 1310.747 1866.154 2399.827 2701.8 2583.145 83 
1 0.063035 0.9119809 0.2086969 0.2652889 0.3619093 0.3092616 1 555.3505 1110.701 1669.317 2229.216 2534.511 2661.038 84 
1 0.06830419 0.9257845 0.2574279 0.2857958 0.4489078 1 0.9999991 600.3843 1200.769 1695.726 2250.981 2932.627 2332.243 84 
1 0.08505659 0.8743735 0.2284791 0.1913105 0.3612213 0.4113895 1 482.1468 964.2937 1275.766 1751.359 2097.351 2110.245 85 
1 0.06913118 0.8987873 0.3021388 0.3940037 0.4319 1 1 636.6194 1273.239 1852.591 2237.445 2743.662 2107.043 85 
1 0.07237101 0.9151191 0.3069473 0.2190506 0.5624797 0.9999888 0.9999971 621.9493 1243.899 1551.509 2168.37 2648.185 2026.241 86 
1 0.0771113 0.9149689 0.3077523 0.2417482 0.5092975 0.9999624 0.9999701 583.7238 1167.448 1484.865 1991.917 2480.438 1896.733 86 
1 0.06433816 0.8700619 0.2217446 0.3291619 0.3531706 0.9999655 0.9999585 513.022 1026.044 1618.716 2045.303 2826.567 2313.572 87 
1 0.06562672 0.8807943 0.2377962 0.2453782 0.2582199 0.4056978 1 655.3506 1310.701 1826.139 2235.455 2712.486 2755.934 87 
1 0.05654968 0.9181985 0.268072 0.3045597 0.421519 0.9999967 0.999998 707.4762 1414.952 2003.255 2569.502 3346.601 2639.127 88 
1 0.05718778 0.8518924 0.2366412 0.3099995 0.4478534 0.9999981 0.999912 612.1466 1224.293 1836.439 2446.648 3198.958 2586.813 88 
1 0.05534362 0.8841704 0.2663061 0.3241902 0.548164 0.999999 0.9999951 668.6867 1337.373 1934.624 2617.106 3179.656 2510.97 89 
1 0.05829185 0.8859517 0.2886637 0.5208336 0.385073 1 1 686.3083 1372.617 2253.465 2565.52 3063.844 2377.536 89 
1 0.05267277 0.9772405 0.2950721 0.3645289 0.28764 0.9999997 0.9999993 835.4915 1670.983 2398.58 2763.421 3666.974 2831.483 91 
1 0.08263955 0.8801127 0.2471631 0.3460576 0.5551463 0.9999698 0.9999886 423.6505 847.3009 1293.854 1762.313 2137.691 1714.052 91 
1 0.08740403 0.9410634 0.2745309 0.2915084 0.456356 0.9999734 0.999769 469.223 938.446 1299.904 1700.813 2178.391 1709.181 92 
1 0.07577747 0.8662428 0.2679696 0.3388951 0.4513802 0.9999993 0.9999951 527.9953 1055.991 1544.8 1975.214 2498.351 1970.356 92 
1 0.06915059 0.8978463 0.2257411 0.2550239 0.3967424 0.4271906 1 520.723 1041.446 1496.92 2024.797 2367.683 2306.727 93 
1 0.05570886 0.8771028 0.2731545 0.3678356 0.6581347 1 1 700.2121 1400.424 2085.781 2860.971 3263.64 2563.428 93 
1 0.07159121 0.8903351 0.1950309 0.3221536 0.4267427 0.2072001 1 433.1131 866.2261 1442.117 1959.217 2103.145 2220.741 94 
1 0.05738766 0.8438284 0.215587 0.4896238 0.5112673 0.9999999 0.9999999 505.4476 1010.895 1911.348 2391.232 2849.965 2344.518 94 
1 0.07674996 0.8891861 0.1977544 0.3608376 0.257265 0.5834271 0.9999999 404.0085 808.017 1399.42 1668.923 2122.868 2042.981 95 
1 0.05731125 0.8958553 0.2476318 0.3480023 0.4439003 0.9999885 0.9999755 593.3721 1186.744 1814.128 2335.902 2989.552 2396.187 95 
1 0.08427516 0.8875171 0.3004909 0.3681433 0.5187577 0.9999858 0.999999 522.2495 1044.499 1492.065 1890.56 2260.232 1737.988 96 
1 0.07129465 0.9258925 0.2826556 0.3164063 0.4507529 0.9999779 0.999981 575.2193 1150.439 1612.339 2062.161 2610.261 2035.053 96 
1 0.06573626 0.9105009 0.2641095 0.2406089 0.2916463 0.4652384 1 654.2568 1308.514 1747.134 2150.872 2607.086 2477.218 97 
1 0.06154753 0.906167 0.3090554 0.3470302 0.5289495 1 1 682.5495 1365.099 1894.651 2421.697 2891.052 2208.502 97 
1 0.06820929 0.8445866 0.2127184 0.2813206 0.2233325 0.5120374 1 542.5548 1085.11 1650.008 1972.305 2546.21 2550.578 99 
1 0.0682456 0.9827908 0.2776439 0.3122616 0.2614752 0.5305924 1 630.2092 1260.418 1772.414 2067.265 2509.137 2269.847 99 
1 0.05884466 0.8691163 0.3540289 0.1376386 0.484571 0.9999836 0.999979 883.8691 1767.738 1989.712 2663.633 3380.459 2496.601 100 
1 0.05631123 0.9349282 0.2735205 0.2490828 0.48074 0.9999841 0.9999718 674.9578 1349.916 1796.449 2443.61 3142.615 2467.668 100 
