NaN 0.008984498 0.04687521 0.04760904 0.09119804 0.1266183 NaN 0.00528789 136.7547 163.1275 198.5719 0 0 2 
1.808629e-07 0.01174306 0.0372068 0.03559522 0.07132623 0.1216425 0.1778346 7.56776e-06 69.33935 113.2155 131.5475 151.3111 0.0007051335 2 
NaN 0.008741979 0.03918606 0.05003344 0.09623945 0.1388781 NaN NaN 136.0581 163.0789 212.5576 0 0 3 
NaN 0.009619785 0.04542203 0.04288363 0.08203408 0.1309109 0.1823683 7.288947e-06 117.9746 170.7 192.1939 236.7673 0 3 
0 0.01010332 0.03883536 0.04154959 0.08069593 0.1371234 0.003979156 0.05623657 92.51713 131.7122 167.7409 2.66965 0.0001828101 4 
0.09617212 0.05891029 0.02519902 0.02047177 0.02776158 0.0370194 0.05690258 0 31.7613 47.91666 55.64598 73.49161 64.73501 4 
8.485547e-09 0.01167877 0.04067028 0.03590052 0.07614479 0.1381189 0.2153924 4.435867e-06 69.0758 121.8866 139.8058 170.6115 3.284587e-05 6 
0 0.01083587 0.04060723 0.0418829 0.08138733 0.1412825 NaN 0.005717158 80.75659 114.2248 147.5086 0 0 6 
NaN 0.01050202 0.06795534 0.04258622 0.07767026 0.1174451 0.2107441 1.131832e-05 125.7315 169.6419 212.1501 279.6408 0 7 
NaN 0.009914595 0.03664613 0.05250113 0.1059822 0.1617068 NaN NaN 108.9281 133.55 144.8326 0 0 7 
0 0.01041162 0.03460149 0.04594899 0.09156928 0.160023 0.0001758419 0.001808555 85.40199 117.8607 140.0452 0.08589168 2.714745e-07 8 
0 0.01101235 0.03023521 0.03924349 0.07285196 0.1231245 0.2457324 9.86879e-06 77.58443 110.2888 149.6671 156.0036 7.386734e-06 8 
0 0.009009484 0.04076343 0.04822519 0.09470608 0.1502597 NaN NaN 122.968 158.9918 194.1058 0 0 9 
1.04704e-09 0.009828169 0.05603945 0.04333426 0.08568647 0.1468637 0.2527821 4.845561e-06 117.3371 179.7927 213.7734 265.926 6.84347e-06 9 
0.08590715 0.05466935 0.02564141 0.02299632 0.03037116 0.04533743 0.08028485 1.005121e-05 32.33678 47.92197 64.05566 77.47828 52.87658 10 
NaN 0.01294407 0.05622017 0.04321908 0.07571247 0.1073387 0.1851759 6.700896e-06 88.43487 108.9976 140.304 173.9263 0 10 
0 0.01070756 0.04747266 0.05351398 0.1062783 0.1587799 NaN 0.0006333056 103.9043 121.9033 160.0796 0 0 11 
8.623001e-08 0.01024352 0.03293327 0.04015862 0.08013566 0.1407817 NaN 0.01610641 84.38609 126.2447 146.424 0 0.0004066209 11 
1.501777e-12 0.01082447 0.03207546 0.04022258 0.08133187 0.142652 0.2020522 3.144975e-06 81.22662 130.2125 147.2153 166.9719 7.227768e-07 12 
0 0.008584044 0.03333347 0.04468608 0.09039252 0.160007 NaN NaN 122.87 174.0101 193.4495 0 0 12 
0 0.01027171 0.03685571 0.03859443 0.0821214 0.165199 NaN NaN 77.05342 129.3744 156.4952 0 0 13 
0 0.01036304 0.04733324 0.04817789 0.09786198 0.1740815 NaN 0.002634516 101.7253 140.2986 157.2953 0 0 13 
NaN 0.01060352 0.05053729 0.04195025 0.07821258 0.1249495 0.2156174 1.303438e-09 101.5035 143.1768 180.5757 215.0796 0 14 
NaN 0.009886073 0.02432068 0.0464461 0.09551434 0.1812298 0.00422163 NaN 92.6836 135.4612 144.4607 2.866816 0.0007467098 14 
0.004141896 0.00990578 0.03258134 0.04774586 0.09657713 NaN 9.221333e-05 0 85.02752 119.1566 6.12222 12.13512 21.55593 16 
0 0.009730953 0.04903996 0.03896616 0.08380982 0.1701793 NaN NaN 93.43306 159.102 191.9045 0 0 16 
0.09900128 0.07425086 0.04391334 0.01883627 0.02914652 0.03587362 0.05133849 5.771158e-06 25.3157 43.31165 37.77936 60.34661 52.62067 17 
0.1039473 0.05005763 0.03352243 0.02885333 0.03416964 0.04435559 0.06511958 2.497158e-06 50.01526 68.91629 74.6086 108.2524 96.12071 17 
8.850899e-07 0.01117138 0.06343704 0.03912129 0.07854088 0.1347234 0.1996378 2.223087e-06 97.20889 155.9806 177.4924 219.4073 0.004659802 18 
0.1102292 0.04946084 0.03792112 0.02967483 0.03379052 0.04403642 0.07314463 8.113375e-06 50.7622 68.25176 81.83643 121.7571 95.38234 18 
0 0.009279257 0.04143075 0.04340582 0.08598741 0.1484412 NaN 0 108.299 151.482 185.2358 0 0 19 
0.07971031 0.1190923 0.02834247 0.01853856 0.02344454 0.03048155 0.04380489 3.49687e-06 19.65412 25.66503 27.94184 34.10616 30.16459 19 
NaN 0.01063832 0.04937081 0.04423299 0.07709253 0.1026975 0.1683332 4.806931e-06 114.4481 131.8037 173.9107 193.8759 0 20 
0 0.008483072 0.04644901 0.04891321 0.09444662 0.1443112 NaN 0.002297539 146.9376 181.1076 242.7183 0 0 20 
NaN 0.0103084 0.05987183 0.03837556 0.07390556 0.118251 0.1508441 4.328958e-06 118.9656 178.6873 191.0128 249.795 0 21 
4.27578e-11 0.01234333 0.035817 0.03467585 0.0708549 0.1235182 0.1837326 4.930091e-06 62.15429 104.7351 121.3698 140.1624 7.855546e-07 21 
0 0.01013478 0.04214366 0.04547694 0.0906457 0.1573564 NaN NaN 97.60889 136.381 160.7491 0 0 22 
0 0.008675949 0.03822595 0.05076816 0.1023296 0.1960642 NaN NaN 124.9756 167.5485 230.6798 0 0 22 
0 0.01022665 0.04707193 0.04859784 0.1033716 0.2175968 0 0 96.45078 145.4634 169.5999 3.338078e-14 NaN 23 
0 0.009526247 0.04618203 0.04194739 0.08555633 0.157548 NaN NaN 102.6876 155.2632 179.9053 0 0 23 
0 0.009091207 0.04214903 0.0504098 0.1032053 0.1873744 NaN 0 119.7682 165.8315 198.3765 0 0 24 
0 0.009341091 0.03421961 0.05135267 0.1072102 0.201864 0.0003821575 NaN 111.4574 154.4631 169.8157 0.2252255 1.623029e-06 24 
0 0.009718225 0.05174559 0.05259464 0.1064683 0.1743687 0.000204472 5.225954e-11 119.7097 152.4401 184.7049 0.1094332 4.825841e-09 25 
8.412717e-06 0.01238915 0.05919846 0.03153841 0.06498438 0.1113937 0.1846257 2.350292e-06 72.96358 127.8026 158.4857 197.5321 0.03342526 25 
0 0.009476072 0.02858496 0.03820736 0.0843714 0.1790844 NaN 0.0001099359 86.02748 154.0214 192.1208 0 0 27 
0 0.009830939 0.04665979 0.05120232 0.1016577 0.1652128 NaN 0.007936226 115.6874 149.138 184.2969 0 0 27 
4.282011e-11 0.009575929 0.04313422 0.04019259 0.08458587 0.1642931 NaN NaN 98.84142 160.7453 178.5336 0 0 28 
0.1042355 0.05809486 0.04814703 0.02685179 0.03436747 0.0445199 0.0627653 1.607009e-15 36.91824 54.48229 56.75902 78.90203 78.33184 28 
0.09936134 0.05723531 0.02645747 0.02358805 0.02642091 0.03656548 0.05681888 7.995201e-06 37.77245 44.83307 65.27361 80.2063 70.99368 29 
0 0.009876931 0.03993555 0.05427341 0.108304 0.1531109 NaN 0.00538257 111.4118 127.1063 167.0073 0 0 29 
1.422699e-12 0.0105416 0.05428989 0.03539862 0.06837971 0.1135276 0.1901168 4.720727e-06 97.63495 151.8352 191.6209 229.6557 3.357837e-06 31 
NaN 0.0105845 0.04473305 0.0442092 0.09635905 0.2178869 NaN 0.1105461 81.35668 133.5867 157.8089 0 0 31 
3.984221e-07 0.01068039 0.03005615 0.0347514 0.06717 0.1107115 0.1805758 5.854864e-06 79.21983 124.0172 153.8349 186.5061 0.001732263 32 
6.104542e-11 0.009533984 0.03499869 0.04535341 0.09328918 0.1754736 NaN 0.01713293 102.1668 152.561 167.5245 0 0 32 
0 0.01063062 0.03517673 0.04635577 0.09499911 0.176256 0.2722038 1.547689e-05 88.29238 135.9834 154.0311 164.7658 1.547385e-05 33 
0 0.009547515 0.04783839 0.04563985 0.09969949 0.226522 0 0 101.3895 164.5019 195.6345 4.172645e-14 NaN 33 
0 0.0108078 0.04826631 0.04749804 0.1032585 0.2306934 NaN NaN 90.0733 142.8983 152.7623 0 0 34 
0 0.009527632 0.04170056 0.04527602 0.08840848 0.1577688 NaN 0 104.8328 144.0711 196.6711 0 0 34 
7.42754e-07 0.00927461 0.02741271 0.04208962 0.08380249 0.1446543 NaN 0.01591778 105.4138 153.3659 169.9766 0 0.004341107 35 
0 0.01041112 0.06001968 0.05326658 0.106824 0.1693533 0 0 119.3979 144.902 189.4574 4.546198e-14 NaN 35 
0 0.009803116 0.02854656 0.05183748 0.1025455 0.1470752 NaN 0.02213323 104.3705 121.8641 154.3769 0 0 36 
0 0.01066903 0.03741691 0.04300429 0.08637947 0.1551823 NaN NaN 82.31939 120.6149 139.2932 0 0 36 
1.547822e-07 0.01032793 0.02367905 0.03851418 0.07196756 0.1159734 0.2031432 2.323694e-06 86.97492 125.6007 159.0433 193.1447 0.0007383309 37 
NaN 0.01118776 0.04822278 0.04111701 0.08155615 0.1415539 NaN NaN 83.85734 121.854 133.4569 0 0 37 
0 0.01006082 0.03339217 0.04828937 0.09731973 0.1720173 NaN NaN 93.51202 129.0716 151.3484 0 0 38 
0 0.01233023 0.04416261 0.03650995 0.06865716 0.1149715 0.2066964 7.575234e-06 70.79056 105.2513 138.3544 145.2051 4.092536e-06 38 
0 0.009840661 0.03688722 0.04234105 0.08605954 0.1622964 NaN NaN 90.83574 138.5552 173.9647 0 0 39 
0 0.01123508 0.04459108 0.04389163 0.09323609 0.1929656 0.003804684 NaN 77.25304 123.149 133.6786 1.934488 0.0001760423 39 
0 0.00790362 0.03073668 0.05297664 0.1051488 0.1406778 NaN NaN 164.9719 184.8458 246.2343 0 0 40 
0.08713252 0.06191947 0.02430164 0.02272025 0.03292401 0.04142059 0.06136597 0 29.24898 46.14705 43.8486 62.71471 52.58078 40 
0 0.0117524 0.03980522 0.0397743 0.08243514 0.159457 0.001482442 0.1094726 67.68118 107.0897 117.3901 0.8203017 0.0001291311 41 
NaN 0.008996336 0.04057143 0.04513484 0.08742075 0.1347235 NaN 0.006985147 126.263 165.124 180.9167 0 0 41 
0 0.009776419 0.02121633 0.04735083 0.08788018 0.1300422 NaN NaN 101.4957 119.0379 171.892 0 0 42 
0 0.009092375 0.06039276 0.04804176 0.09103143 0.1375114 7.325892e-08 0 135.5499 152.5088 237.5261 3.17056e-05 5.524932e-14 42 
0 0.01455525 0.06165304 0.03978622 0.07759691 0.1315003 0 0 65.22633 95.72857 109.2565 1.881033e-14 1.964328e-14 44 
0 0.01024212 0.03958145 0.05700928 0.1188875 0.1974348 NaN NaN 104.5986 131.3373 148.4219 0 0 44 
0 0.00964116 0.03236721 0.03854385 0.08812923 0.2115292 0.001791876 0.001179306 85.48291 156.4851 157.3496 1.393518 5.220028e-05 47 
1.593667e-05 0.008762974 0.05744957 0.04319519 0.08252623 0.133335 0.2056301 6.615433e-06 147.9788 213.8692 258.1599 294.8271 0.1240177 47 
0 0.009596126 0.03214428 0.04095457 0.08545685 0.1671344 1.090114e-13 0 90.81628 143.3402 168.0257 1.480718e-06 6.070968e-14 48 
0 0.009723916 0.03465427 0.04482546 0.0935658 0.1851576 NaN 0 92.6416 141.2987 164.1751 0 0 48 
NaN 0.009940606 0.0428443 0.04854667 0.09953629 0.2022661 NaN NaN 103.5823 147.0528 143.0056 0 0 49 
0 0.01090544 0.04215407 0.04370568 0.08508797 0.1446935 NaN 0.007934838 84.07293 116.5224 145.7968 0 0 49 
0.0735537 0.1050875 0.03373623 0.01696004 0.02158352 0.03004274 0.04201005 2.838122e-05 17.21831 22.18548 27.4052 29.06554 30.17562 50 
0 0.0112475 0.0603948 0.04607445 0.08842977 0.1427982 0.0003315437 0.0006773601 100.2388 129.3573 169.6324 0.180305 3.371303e-07 50 
0 0.01048575 0.04386635 0.04415081 0.08887855 0.1744675 1.272439e-16 0 84.66031 126.005 169.021 1.707221e-09 1.705754e-14 51 
NaN 0.008694224 0.03765602 0.04474148 0.08892207 0.1504347 NaN 0.01716721 127.1485 178.6582 198.2364 0 0 51 
0 0.01160858 0.04568036 0.036267 0.0755241 0.1365151 0.1791809 3.486326e-06 75.77781 127.9673 140.1353 149.7551 1.129469e-06 52 
0 0.01075591 0.04039068 0.0442165 0.08349828 0.1415985 2.248941e-14 9.071802e-13 83.69025 109.0723 154.5878 3.427739e-05 1.041493e-11 52 
0 0.009955071 0.03754001 0.05539673 0.1125714 0.1729471 NaN 0.00459867 108.0216 130.1831 161.0379 0 0 53 
NaN 0.01047353 0.06400372 0.0400721 0.08009052 0.135305 0.1988501 5.53454e-06 107.3714 171.3668 190.3967 252.4579 0 53 
NaN 0.008853735 0.02796826 0.04700175 0.08953808 0.1297301 NaN 0.009384715 127.247 157.3187 193.0377 0 0 54 
0 0.008663994 0.02728738 0.04261616 0.08507785 0.1554134 2.531591e-15 0 114.5307 167.8898 218.8898 3.687207e-07 2.217563e-14 54 
0 0.008539937 0.04952225 0.04341037 0.09171582 0.1822912 NaN 0.001281981 128.6394 202.7202 229.9162 0 0 55 
2.467113e-11 0.01210786 0.0634353 0.03974047 NaN 0.11327 0.008995871 0.04919599 85.73436 85.72858 158.8323 5.543724 0.000520682 55 
1.262765e-09 0.009224688 0.01248811 0.04117172 0.08491329 0.1602785 NaN 0.005123744 96.91426 149.6485 166.5757 0 0 56 
0 0.009969846 0.02793436 0.04174303 0.07649972 1.052036e-18 1.040734e-21 0 78.96793 113.9494 113.9494 4.482696e-12 1.223268e-14 56 
NaN 0.01399448 0.08934329 0.03409097 0.06259758 0.1006655 0.1795626 9.969554e-06 90.52641 132.5728 178.755 218.7117 0 57 
0 0.01074661 0.0422129 0.04656752 0.09161562 0.1641926 NaN NaN 85.29199 117.4325 153.7667 0 0 57 
0 0.008616025 0.02944718 0.04606831 0.09932914 0.2183545 NaN NaN 118.0551 182.869 188.7765 0 0 58 
0 0.01015481 0.05142983 0.05024401 0.0984459 0.1497121 0.0001338217 0.002776279 112.1083 136.8229 174.5193 0.07534628 2.214655e-07 58 
0 0.01008945 0.04219678 0.05126764 0.101525 0.1701062 0 0 100.9554 127.833 168.0286 2.270489e-12 2.223907e-14 60 
4.880083e-08 0.01239593 0.0379742 0.03260833 0.06554068 0.1118748 0.183923 9.81158e-06 60.05056 100.7509 123.5689 148.8943 0.000165517 60 
0 0.007973138 0.03405303 0.04683277 0.09328898 0.1553969 NaN 0.0001949012 148.5118 199.9622 241.5948 0 0 61 
0 0.008659305 0.0513816 0.03848228 0.07600946 0.1421824 NaN 0.0004183849 122.6887 185.6272 265.9581 0 0 61 
0 0.01081793 0.04552241 0.04668471 0.08745997 0.1407401 NaN NaN 91.25645 113.4878 162.7073 0 0 62 
0.0822461 0.08073365 0.03693488 0.01943694 0.02495202 0.031587 0.04645746 5.003988e-06 23.62239 31.89023 33.06803 46.33943 39.71391 62 
0 0.009609998 0.02120747 0.05186306 0.1111952 0.238431 NaN NaN 93.95895 136.3169 158.6168 0.000443692 3.992806e-09 63 
0 0.0080016 0.0423567 0.04600452 0.09045424 0.147077 0.0005448093 0.01885777 152.1704 203.6424 249.6504 0.5563964 1.724076e-05 63 
0 0.01276659 0.05764573 0.0443908 0.08939621 0.1634632 0.0002246101 0.004332603 80.13902 116.6943 136.7943 0.1080337 1.608867e-06 64 
0 0.01203727 0.05395883 0.03919781 0.07354714 0.1204157 0.001884189 0.01333404 77.39444 105.4938 140.6525 1.132084 4.552714e-05 64 
5.259034e-12 0.01096216 0.03224199 0.0420959 0.0792347 0.1302793 0.2351925 1.542387e-05 81.54898 116.2881 146.6135 171.1578 1.204068e-05 65 
NaN 0.01206083 0.04441436 0.045524 0.08359692 0.1291107 0.2433037 3.036718e-05 81.1919 107.3446 133.1387 166.0277 0 65 
4.577856e-09 0.0110537 0.05379292 0.04137302 0.07424821 0.10925 0.1708821 7.754829e-07 104.8152 136.3729 171.0971 185.1119 2.566267e-05 66 
1.67002e-09 0.01005596 0.02870398 0.05358692 0.1095353 0.1749374 0.008149788 0.08597476 98.78419 123.004 136.7689 4.544661 0.001046 66 
0 0.01083879 0.03599873 0.04319094 0.07563745 0.1130329 0.2213335 7.058424e-06 93.95814 114.3444 162.0069 169.8287 4.834928e-06 67 
0 0.009388075 0.04783272 0.04880418 0.100778 0.1884885 NaN 0 116.1479 165.6507 190.7783 0 0 67 
2.863738e-12 0.0110534 0.03421586 0.04792592 0.09016491 0.1422516 0.2617958 3.502644e-05 86.44541 115.5101 138.4196 171.7898 2.929259e-05 68 
0 0.009146012 0.03673405 0.05326797 0.1178711 0.2863012 NaN 0.0004767177 114.2747 168.8532 170.1133 0 0 68 
0.09389948 0.06698211 0.03298273 0.02582017 0.02849832 0.04070756 0.05839681 1.006099e-05 39.1797 47.16063 64.26002 62.08564 65.12786 69 
1.528922e-11 0.01250616 0.06444009 0.04629529 0.08844689 0.1418462 0.2009894 2.891591e-06 102.5034 142.9041 160.1668 190.5361 9.671215e-07 69 
0.08962827 0.08236895 0.0341703 0.02251189 0.02560859 0.03672055 0.05210086 1.051164e-05 27.56586 32.77011 45.07589 44.26512 46.46255 70 
0 0.009573317 0.06426547 0.04598099 0.09198479 0.1554134 NaN 0.003997756 128.8512 175.4853 197.8016 0 0 70 
0 0.009000757 0.03009462 0.04202737 0.07212882 0.0002406961 NaN 0.0002113698 103.2229 135.1695 135.1695 0 0 71 
0.07614101 0.1378824 0.03716789 0.01618344 0.0214775 0.02715196 0.03887082 7.137147e-06 16.56041 22.5335 23.17335 30.36699 27.10599 71 
0 0.008527348 0.02900302 0.04064078 0.09547683 0.2383241 NaN NaN 108.1306 203.1249 215.514 0 0 72 
0 0.0118111 0.04947897 0.04466009 0.09337387 0.1888342 NaN 1.834834e-06 75.72523 118.2548 140.8545 0 0 72 
NaN 0.01037734 0.04126546 0.03679505 0.07121246 0.1146859 0.1456464 4.783482e-06 97.99336 150.2521 167.1563 181.2782 0 74 
NaN 0.01186592 0.0485761 0.03580584 0.07127615 0.119629 0.1515947 7.548996e-06 79.68954 127.7153 135.5415 172.0002 0 74 
NaN 0.01097641 0.03234697 0.04224817 0.07568316 0.1173187 0.2201737 6.08363e-06 86.01434 113.7458 153.2602 182.3128 0 75 
0.09745355 0.08669082 0.04967841 0.02213856 0.02461148 0.03145788 0.04589186 4.357405e-06 32.68358 39.40585 45.04821 58.48191 52.19595 75 
0 0.009599756 0.04402542 0.04376588 0.08842006 0.1588038 NaN 0.002493062 104.9082 153.0489 176.5622 0 0 76 
0 0.00876167 0.04050024 0.04509571 0.1022076 0.2568251 1.402056e-05 0 107.9762 184.346 216.7071 0.003810109 2.543538e-11 76 
NaN 0.01127752 0.0410586 0.04908122 0.08803092 0.1204653 0.2206063 1.633144e-05 96.86168 112.6682 145.1024 176.0313 0 77 
0 0.01094052 0.03945705 0.04147358 0.08822588 0.1865694 0.003618968 NaN 77.39066 124.1615 127.5456 2.337136 0.0001805782 77 
0 0.008516803 0.03905344 0.04149481 0.07654098 0.1151305 0.1747245 3.066098e-06 149.2564 201.3619 243.4513 243.6658 3.42859e-06 78 
0.08473028 0.09442296 0.04326368 0.02333649 0.02346913 0.03254641 0.04638937 2.987471e-06 29.92309 28.99584 44.81028 43.58806 40.73242 78 
4.659821e-08 0.01093136 0.0462107 0.04208099 0.08104966 0.1321715 0.1939247 1.105531e-05 90.9064 132.8359 148.8362 186.8966 0.0002315202 80 
0.0888648 0.05923942 0.03093678 0.0223153 0.02905406 0.03780972 0.0530866 0 31.67663 44.30587 47.31923 62.40279 64.0783 80 
0 0.01235038 0.06914008 0.04779544 0.09026309 0.1461314 NaN 0.02852852 97.05439 121.8986 171.291 0 0 81 
0 0.009135463 0.02897793 0.04754548 0.102493 0.2218871 0 0 103.3165 160.3548 184.4027 2.515319e-06 1.699135e-14 81 
0 0.009291637 0.02012156 0.04418749 0.08784426 0.1558679 8.241036e-06 NaN 100.2335 142.6488 178.6079 0.004617205 7.092802e-08 82 
NaN 0.009048791 0.02354646 0.04118372 0.08497979 0.1590817 NaN NaN 104.5172 163.1858 181.4888 0 0 82 
0 0.0101042 0.04495231 0.04462153 0.08867611 0.1580259 2.425505e-06 2.195443e-05 96.85359 136.927 171.928 0.001107418 5.870045e-11 83 
0 0.01065697 0.06043609 0.04534941 0.0867942 0.1451885 0.2554468 2.691434e-06 117.1441 167.9189 210.7047 231.7188 1.478363e-06 83 
0 0.0097511 0.03530892 0.03817148 0.07267261 0.1206544 0.2054801 NaN 101.5758 151.7381 194.9378 215.0715 2.921936e-07 84 
0 0.009458019 0.02984023 0.0421587 0.08183501 0.1364655 4.073057e-05 NaN 98.32434 134.9538 169.1239 0.02776381 2.458602e-08 84 
1.042258e-08 0.01144772 0.03884678 0.03867807 0.06853767 0.1037736 0.180273 6.18818e-06 81.6202 106.9067 141.8843 163.9045 4.672972e-05 85 
0 0.009582638 0.03643977 0.04813063 0.09920038 0.1860505 NaN 0 101.4133 143.7626 165.8308 0 0 85 
0 0.009930469 0.03202277 0.04835173 0.09280375 0.1427242 NaN NaN 97.97226 119.7113 159.7606 0 0 86 
0 0.01024708 0.03005217 0.04843235 0.09352823 0.1448858 NaN 0.02255273 91.86322 114.2044 146.2641 0 0 86 
NaN 0.01015876 0.05023584 0.04026878 0.0805658 0.1420824 NaN NaN 93.16469 140.7102 167.2737 0 0 87 
8.731332e-15 0.009843157 0.0430588 0.03962267 0.07355164 0.1133474 0.1691865 3.918325e-06 109.1975 152.2368 181.6093 214.5709 1.477641e-06 87 
0 0.008853797 0.03576626 0.0446349 0.08807976 0.1490241 NaN 0.0007479137 117.7972 163.0671 199.3734 0 0 88 
0 0.009633888 0.05288816 0.04189877 0.08281469 0.1444593 0.0005779036 NaN 108.3843 157.4164 197.2659 0.4347623 3.825218e-05 88 
0 0.009167995 0.04746347 0.04611244 0.09191828 0.1644181 0.0004463929 4.008611e-05 115.7869 163.5199 209.0978 0.2511173 1.224606e-06 89 
0 0.008875788 0.03796241 0.04822759 0.1066127 0.247634 0 0 114.6628 181.8685 198.5217 2.424093e-14 NaN 89 
0 0.008190083 0.01649601 0.04709991 0.09635321 0.1735661 NaN 6.82767e-06 133.3626 187.9272 209.2373 0 0 91 
0 0.01113396 0.0388712 0.04363413 0.08698696 0.1602781 NaN 0.006091948 74.79117 109.3541 138.2023 0 0 91 
0 0.01078357 0.02348264 0.04491257 0.0869442 0.1437693 0.00616412 0.09682095 76.76371 102.8318 126.7544 2.943949 0.0006799449 92 
0 0.01048169 0.03904659 0.04446934 0.0885071 0.1562789 0.0003599434 0.0009112318 87.62041 123.9566 149.5636 0.1882989 9.257754e-07 92 
0 0.01036111 0.03892218 0.04088514 0.07651854 0.1259575 0.2280832 2.364976e-06 94.31085 135.0524 176.2635 199.6672 7.331811e-07 93 
0 0.008899886 0.04711238 0.04612446 0.09408339 0.1824427 0 0 118.2367 171.6146 221.7069 0 NaN 93 
0 0.01059485 0.03654676 0.03764614 0.07574588 0.1368971 0.2570474 2.198167e-06 83.60232 136.4506 175.9242 182.996 3.839543e-07 94 
0 0.009727252 0.05593843 0.04177031 0.09361272 0.2113455 5.058925e-13 0 97.93123 172.7004 202.337 1.439817e-05 1.730034e-12 94 
1.647823e-08 0.01101617 0.03998316 0.03816035 0.07912364 0.1413749 0.2153508 1.275534e-05 77.96087 131.7634 150.2776 182.9454 7.1169e-05 95 
0 0.00938175 0.03866633 0.04455215 0.08994276 0.1632144 NaN NaN 106.7553 157.9294 192.2537 0 0 95 
0 0.01063348 0.0348672 0.0477054 0.09641602 0.1757412 NaN 0.0006457814 82.9114 114.7304 137.4581 0 0 96 
0 0.009844424 0.02745353 0.04645975 0.09186319 0.1566066 NaN NaN 94.54807 129.0476 156.7899 0 0 96 
NaN 0.009807814 0.03355711 0.04436826 0.08214423 0.1252471 0.1972149 6.82594e-06 109.9099 147.3892 177.8039 210.8061 0 97 
0 0.009294019 0.03518222 0.05053303 0.10251 0.1828418 1.401666e-13 0 111.6023 152.004 185.8845 3.685265e-06 7.106102e-14 97 
NaN 0.01070424 0.04992936 0.03787781 0.0727444 0.1172176 0.1720961 5.744776e-06 96.61032 145.7775 168.3621 209.6039 0 99 
NaN 0.00960868 0.01238279 0.04677282 0.09065134 0.1490016 0.2230863 9.588195e-06 106.1672 150.3263 171.3331 203.6859 0 99 
0 0.009323431 0.04699057 0.05249921 0.1035695 0.1358427 NaN 0.009612972 131.0696 145.1936 190.6776 0 0 100 
0 0.009131521 0.03061859 0.04676968 0.09001781 0.1439478 NaN 0.0103561 115.4121 150.8795 195.441 0 0 100 
