0.8589702 0.1328306 0.5110315 0.272306 0.1430938 0.7290097 0.9998546 0.9985866 414.1405 769.8749 819.665 1395.431 1455.592 1520.865 1 
1 0.1210899 0.3420919 0.2300152 0.1991154 0.2393485 0.6314184 1 363.4794 726.9588 969.2348 1202.476 1670.512 1580.241 1 
1 0.1091968 0.3326542 0.2703 0.3755983 0.6884156 1 1 384.7579 769.5158 1159.646 1606.124 1808.206 1423.448 2 
1 0.1044963 0.4729796 0.2076822 0.3743052 0.2372544 0.6526641 1 325.477 650.9541 1115.733 1300.063 1686.833 1567.188 2 
1 0.1121752 0.4153771 0.1876484 0.2219085 0.502369 0.3496164 1 294.2764 588.5528 871.2545 1369.23 1541.689 1568.233 3 
0.9999996 0.1429533 0.305144 0.2611661 0.1504329 0.4471389 0.6592634 1 321.9116 643.8231 780.8193 1126.764 1408.757 1232.593 3 
1 0.120503 0.2980635 0.2165573 0.3522553 0.3733574 0.1399354 0.9999999 323.751 647.502 1060.077 1343.33 1409.857 1494.99 4 
1 0.08874937 0.5146129 0.2305092 0.3338273 0.2653218 0.3049528 1 439.555 879.1101 1368.946 1628.297 1847.297 1906.887 4 
0.9999998 0.1566476 0.3089251 0.1945097 0.2662606 0.3049142 0.3184038 0.9999999 236.2923 472.5845 733.125 952.0462 1110.947 1214.81 5 
1 0.1072222 0.423989 0.2870594 0.3474021 0.4999916 0.9999981 0.9999897 419.8342 839.6684 1201.905 1542.131 1882.368 1462.534 5 
0.9999982 0.1005687 0.374863 0.2424823 0.3013398 0.2202049 0.4066303 0.9999999 437.6419 875.283 1287.273 1497.612 1800.494 1804.841 6 
1 0.2310231 0.2259704 0.1759909 0.2300562 0.2747855 0.5856757 1 168.904 337.8081 519.7428 687.0577 945.679 959.7315 6 
1 0.1385658 0.3196248 0.2305409 0.2505385 0.3357712 0.5139253 1 310.4402 620.8803 880.4716 1141.212 1406.295 1346.573 7 
1 0.08367151 0.5390559 0.2550779 0.2188931 0.1447436 0.5764773 1 537.9356 1075.871 1419.746 1597.36 2202.363 2108.907 7 
1 0.1254181 0.3324296 0.2572144 0.171373 0.3352488 0.2943474 1 366.9147 733.8295 915.4127 1209.76 1381.555 1426.494 8 
1 0.09544949 0.4168292 0.3167078 0.2618157 0.5621622 0.9999776 0.9999808 513.5157 1027.031 1317.097 1776.854 2134.925 1621.418 8 
1 0.06761179 0.5136937 0.3042643 0.373877 0.2818679 1.250902e-09 1 695.2858 1390.572 1984.981 2265.564 2265.564 2285.138 9 
0.9999986 0.09474536 0.5111805 0.2181219 0.4274695 0.3866137 0.5485002 0.9999999 337.8523 675.7041 1193.396 1461.461 1694.738 1548.915 9 
1 0.09175214 0.4618507 0.1854914 0.2628669 0.4350016 0.4209506 1 348.8536 697.7071 1100.379 1591.571 1860.13 1880.7 10 
1 0.1061079 0.3686228 0.2505564 0.1987613 0.4346378 0.6320302 1 405.3638 810.7276 1051.724 1473.972 1821.112 1617.854 10 
1 0.1188645 0.3024757 0.2458778 0.2778459 0.3137588 0.3929647 1 378.7142 757.4283 1080.157 1343.341 1569.542 1540.254 12 
0.9999992 0.1026018 0.4449977 0.3034026 0.3737551 0.4343774 0.6601207 0.9999998 438.7452 877.49 1253.987 1528.008 1763.55 1446.083 12 
0.1574207 1.071571e-16 1.877284e-29 9.565439e-14 0.9999769 1 1 1 196439.8 227363.5 2.053594e+18 3.233257e+17 5.089815e+16 2.053641e+18 13 
1 0.1050961 0.3845976 0.2461647 0.1691919 0.2976265 0.5568601 1 437.8121 875.6242 1102.463 1433.984 1869.65 1778.533 13 
1 0.09832154 0.4291894 0.2195978 0.2543409 0.4338915 0.4598573 0.9999999 366.2519 732.5038 1063.548 1484.655 1737.313 1667.83 14 
0.9999999 0.08565924 0.4219541 0.2731255 0.3217989 0.1995284 0.3191709 1 560.5078 1121.015 1601.04 1802.896 2061.363 2052.198 14 
1 0.1475394 0.3567262 0.2514893 0.2362237 0.2769473 0.7433111 0.9999999 305.1336 610.2672 824.7992 1016.901 1389.701 1213.307 15 
1 0.1220073 0.4194837 0.2439595 0.388211 0.6471226 1 1 303.3837 606.7674 971.7628 1343.99 1546.966 1243.582 15 
1 0.1082067 0.4351429 0.2510987 0.3470314 0.4326977 0.9999923 0.9999359 379.0305 758.061 1150.365 1469.762 1888.515 1509.488 16 
1 0.08750975 0.4863964 0.2491516 0.229671 0.411106 0.2909015 1 491.4987 982.9975 1323.184 1792.258 1987.723 1972.689 16 
0.999999 0.1814678 0.3281905 0.2785103 0.1612959 0.4798275 0.1851078 1 303.2248 606.4494 733.1489 1049.265 1112.7 1088.738 17 
1 0.2078137 0.2468968 0.1925694 0.1747658 0.2866524 0.6916372 1 192.5808 385.1616 526.2812 717.2946 1046.061 1000.059 17 
1 0.09198742 0.4217534 0.1939403 0.3108567 0.5245245 0.9999394 0.9997922 326.2279 652.4557 1073.939 1564.052 2008.306 1682.105 18 
1 0.1392222 0.27077 0.2357159 0.3770584 0.8449846 0.9999995 0.9999992 258.6959 517.3919 833.6663 1275.188 1356.186 1097.49 18 
1 0.1349191 0.3789968 0.222032 0.2491652 0.4149409 0.2738665 0.9999999 311.4086 622.8172 894.6891 1234.633 1365.901 1402.539 19 
1 0.1457963 0.3213835 0.2104596 0.3968352 0.4666431 0.9999793 0.9999349 240.1588 480.3176 837.8491 1091.435 1381.269 1141.116 19 
1 0.07003842 0.4089094 0.3478531 9.008748e-28 0.3259032 0.9999971 1 754.7739 1509.548 1509.548 1970.711 2924.577 2169.806 20 
1 0.09724347 0.3527426 0.2746708 0.4064628 0.5024075 0.9999626 0.9999589 432.0544 864.1088 1327.857 1668.081 2005.032 1572.99 20 
0.9999998 0.1175186 0.2740578 0.2242227 0.2507482 0.3397244 0.5170336 1 340.4798 680.9595 976.3431 1276.192 1577.507 1518.489 22 
0.9999999 0.04399914 0.5859155 0.2635275 0.2323077 0.5112654 0.9999056 0.9997805 863.8099 1727.62 2288.425 3235.932 4141.598 3277.874 22 
0.1586738 0.5033636 0.6098592 0.0943368 0.1061179 0.2684552 0.5061516 0.9999997 81.45422 94.37887 97.95822 203.1945 291.0635 863.4406 23 
1 0.121276 0.3439193 0.2282135 0.2709193 0.2650683 0.7011224 1 321.6899 643.3798 938.1159 1148.361 1557.066 1409.601 23 
1 0.110904 0.4148433 0.257592 0.3573267 0.7422992 0.9999998 0.999997 333.7447 667.4894 1011.198 1470.072 1629.378 1295.633 24 
1 0.1320825 0.3173045 0.24016 0.3126499 0.3098731 0.4232305 1 318.1077 636.2155 950.8846 1165.251 1367.311 1324.566 24 
1 0.1461627 0.2913888 0.2120886 0.1455983 0.3958582 0.8315224 1 260.0906 520.1813 660.8641 987.6675 1402.392 1226.33 25 
1 0.04821508 0.601133 0.2759124 0.4194789 0.5485988 0.9999637 0.9999522 788.275 1576.55 2444.326 3103.152 3645.231 2856.976 25 
1 0.1519948 0.3327655 0.1767459 0.2662636 0.2563839 0.6328199 1 223.7797 447.5595 725.0941 921.1754 1281.069 1266.11 26 
0.9999998 0.1076893 0.3776527 0.2587044 0.2279354 0.3936728 0.9999551 0.9998555 408.7185 817.4369 1084.383 1440.342 1988.56 1579.867 26 
0.06242423 2.131405e-16 1.431051e-31 1.734656e-14 1 1 1 1 35623.61 37847.39 2.053641e+18 1.28197e+17 8.002599e+15 2.053641e+18 27 
1 0.07460576 0.5024595 0.2597799 0.3051368 0.5597289 0.99997 0.9999515 522.8802 1045.76 1500.384 2079.859 2535.648 2012.782 27 
1 0.1526778 0.3026474 0.1971565 0.2442947 0.3650431 0.4117562 1 248.9878 497.9757 745.6677 1025.369 1225.694 1262.894 28 
1 0.07197729 0.4676991 0.2200315 0.3265895 0.4338791 0.2851226 1 486.3873 972.7745 1535.863 2039.622 2227.033 2210.534 28 
0.3490054 0.4483467 0.5454606 0.09569103 0.1741013 0.3078653 0.5371356 0.9999999 82.53169 111.3357 174.6469 259.267 329.9647 862.4809 29 
1 0.1272627 0.3626863 0.2572585 0.1857804 0.3373156 0.5154035 1 345.8675 691.735 877.2494 1151.505 1429.203 1344.436 29 
0.9999996 0.1368233 0.3215455 0.2445482 0.325396 0.3120885 0.9999999 1 277.856 555.7119 835.0137 1015.726 1414.056 1136.201 30 
0.999998 0.06695208 0.4755166 0.239713 0.3115073 0.2757816 0.3509851 0.9999999 567.706 1135.411 1696.299 2038.176 2353.285 2368.274 30 
1 0.1125431 0.3465307 0.1916449 0.2493965 0.4422214 0.3876984 0.9999999 293.3136 586.6273 895.1786 1305.843 1506.662 1530.506 31 
0.9999994 0.1188912 0.4117707 0.2447715 0.1928609 0.3382112 0.5156584 0.9999998 353.3831 706.7659 917.0501 1214.695 1515.02 1443.726 31 
0.9999997 0.1183193 0.2885202 0.2241072 0.196197 0.3906602 0.3876163 1 346.6335 693.2668 928.722 1305.569 1533.407 1546.73 32 
0.9999998 0.2263113 0.2570202 0.1698202 0.2185571 0.2951322 0.4588652 1 167.993 335.986 515.4754 704.8787 912.4482 989.2404 32 
0.9999993 0.1077606 0.4277265 0.2220181 0.2117271 0.3198202 0.4328786 1 380.5826 761.165 1043.527 1379.737 1689.262 1714.196 33 
0.9999998 0.0490485 0.5522181 0.3475234 0.3287502 0.5659744 0.9999928 0.9998942 897.2459 1794.492 2348.298 2988.288 3479.07 2581.829 33 
1 0.0909382 0.573564 0.2665789 0.3329201 0.3492369 0.9999485 0.9998338 439.9925 879.9849 1282.992 1565.006 2090.48 1650.515 34 
0.9999995 0.09408229 0.4403962 0.2180213 0.268358 0.2976278 0.6545562 0.9999999 404.0093 808.0184 1196.886 1512.429 1999.845 1853.073 34 
1 0.1087684 0.3579884 0.2566801 0.304398 0.1295375 0.6715746 1 404.6587 809.3174 1166.027 1271.618 1748.134 1576.51 35 
1 0.1080333 0.3921886 0.2667551 0.2439412 0.4020145 0.1434011 1 444.4442 888.8883 1186.904 1558.226 1637.431 1666.113 35 
1 0.1133253 0.3605786 0.2055526 0.2321132 0.3777409 0.39997 0.9999999 326.6002 653.2004 946.1941 1312.336 1553.579 1588.888 36 
1 0.09131254 0.4566253 0.3045323 0.2238951 0.5194084 0.0001159609 1 547.7169 1095.434 1375.489 1879.72 1879.774 1798.551 36 
0.9999997 0.08377955 0.4659576 0.2816868 0.3771876 0.3601384 0.9999007 0.9993739 489.517 979.034 1449.873 1729.862 2227.273 1737.806 38 
1 0.05843411 0.4813516 0.2477176 0.2978658 0.3752698 0.2653399 0.9999999 667.5473 1335.095 1938.941 2473.099 2709.05 2694.792 38 
1 0.118325 0.4258463 0.2954859 0.255225 0.2318058 0.6240116 0.9999997 431.1635 862.327 1124.699 1302.177 1669.192 1459.168 39 
0.9999983 0.1155854 0.3724433 0.2385583 0.2370303 0.3832307 0.6615737 0.9999998 337.534 675.0674 930.4326 1245.443 1580.845 1414.891 39 
1 0.1259226 0.2952925 0.2487318 0.1802849 0.3821158 0.4535801 0.9999998 341.602 683.204 869.2171 1192.395 1429.428 1373.375 40 
1 0.104117 0.477233 0.2359966 0.3247966 0.5021031 0.9999919 0.9999922 365.0894 730.1788 1114.063 1514.76 1912.097 1547.011 40 
1 0.08633558 0.4815418 0.2035976 0.2850209 0.4304268 0.04002545 1 405.4978 810.9955 1263.086 1751.222 1777.076 1991.663 41 
1 0.1049466 0.4530181 0.2331913 0.1804399 0.221874 0.506932 0.9999999 409.8566 819.7133 1062.9 1307.972 1743.671 1757.598 41 
1 0.1351758 0.3336881 0.2508879 0.2047716 0.4350215 0.5344268 1 310.8249 621.6499 811.6933 1132.753 1355.594 1238.9 42 
1 0.188352 0.162045 0.2143164 0.2176907 0.3268802 0.7368822 0.9999997 217.7849 435.5699 609.374 813.5418 1123.347 1016.184 42 
1 0.1443138 0.3221888 0.2690245 0.1357466 0.4315625 0.2687065 1 339.6673 679.3346 804.6181 1148.849 1270.682 1262.589 43 
1 0.05432178 0.6271137 0.1864209 0.3714312 0.1723407 0.5391829 1 552.3561 1104.712 2000.082 2261.217 2937.401 2962.951 43 
1 0.2083837 0.1765892 0.2148592 0.1440978 0.3494353 0.4645013 1 211.2563 422.5126 533.7524 764.6366 964.303 983.2314 44 
1 0.1075734 0.4292632 0.2515321 0.2946631 0.43275 0.5694103 1 362.6708 725.3417 1043.335 1372.737 1618.598 1441.847 44 
1 0.1684387 0.2740736 0.2518202 0.3932684 0.4264526 0.4840658 1 261.3483 522.6966 828.0652 1028.976 1159.775 1037.837 45 
1 0.09685739 0.4038518 0.2949089 0.2147817 0.3727085 0.3927534 1 495.7244 991.4489 1246.012 1592.874 1822.16 1680.941 45 
1 0.1500702 0.3681103 0.2031558 0.2613433 0.3042189 0.3578829 1 266.6416 533.2833 806.611 1041.629 1233.995 1312.499 46 
0.9999999 0.09319603 0.4431931 0.1938626 0.4604215 0.3400539 0.9998525 0.9992688 300.5407 601.0813 1176.487 1405.795 1850.752 1550.277 46 
1 0.1837606 0.307292 0.2083643 0.2128742 0.4426011 0.5320971 1 217.7781 435.5561 611.6886 899.9409 1093.101 1045.179 47 
1 0.1005175 0.4833135 0.2179078 0.4023982 0.5177861 0.9999792 0.9999646 318.4635 636.927 1096.867 1450.544 1779.916 1461.46 47 
1 0.1791482 0.2941565 0.2285083 0.1714977 0.3439017 0.4603315 0.9999999 251.3149 502.6298 648.1441 889.8992 1102.214 1099.807 48 
0.9999914 0.08353024 0.473766 0.2278101 0.4498618 0.2196827 0.9999022 0.9994724 407.1398 814.2761 1435.101 1601.875 2194.234 1787.189 48 
1 0.05664251 0.5512528 0.2630549 0.3771734 0.1764665 0.7243263 1 635.68 1271.36 1943.049 2138.779 2800.401 2416.53 49 
0.999999 0.05371018 0.5500092 0.2557049 0.4049525 0.09476768 0.5050055 1 744.8648 1489.729 2367.713 2489.974 3079.753 2912.986 49 
1 0.115347 0.3350298 0.1868404 0.4226592 0.6328285 0.9999859 0.9999987 251.5085 503.017 965.6622 1365.585 1597.619 1346.114 50 
1 0.09996336 0.4730773 0.2443443 0.1658805 0.4508538 0.1564667 1 460.2889 920.5778 1156.706 1692.029 1794.051 1883.772 50 
0.9999998 0.08909927 0.380657 0.2277043 0.1245512 0.3992604 0.4188395 0.9999998 505.1682 1010.336 1223.737 1822.611 2200.02 2218.527 51 
1 0.07213126 0.493202 0.3292858 0.1581268 0.7329134 0.999991 0.9999987 665.6352 1331.27 1545.661 2382.227 2687.083 2021.451 51 
1 0.1146822 0.3917728 0.1917931 0.1899117 0.3998012 0.2714812 1 305.2953 610.5905 854.9118 1271.576 1441.391 1591.795 52 
1 0.1350151 0.2643354 0.3144725 0.3137879 0.3364255 0.6062557 1 377.8931 755.7862 1014.278 1204.456 1431.868 1201.673 52 
1 0.1104871 0.3607016 0.2215127 0.345933 0.3728655 5.24832e-10 1 344.0423 688.0846 1106.355 1401.23 1401.23 1553.149 53 
1 0.09731132 0.4100029 0.2472584 0.220843 0.3070226 0.4619488 0.9999999 411.1684 822.3368 1098.775 1398.215 1710.43 1662.91 53 
1 0.09742463 0.3938773 0.2620857 0.3187671 0.4563873 0.5692364 1 410.6948 821.3896 1189.99 1549.5 1793.258 1567.025 55 
1 0.09981977 0.344442 0.2477894 0.3037384 0.1596466 0.524023 1 450.9355 901.8709 1317.658 1469.819 1889.535 1819.834 55 
1 0.03042878 0.6857649 0.2702521 0.2614956 0.7167611 0.9999403 0.999912 1216.099 2432.198 3290.889 5029.091 5715.927 4499.869 56 
0.9999998 0.09924269 0.3513735 0.2086803 0.3372046 0.2594926 0.6216726 1 393.0831 786.1661 1288.796 1545.161 1999.966 1883.662 56 
1 0.08272884 0.4121459 0.2621562 0.2958678 0.8439563 1 1 435.2879 870.5759 1233.051 1961.091 2095.703 1660.415 57 
1 0.1023001 0.420931 0.3431484 0.2832709 0.5593509 0.9999348 0.9998256 488.94 977.88 1243 1618.215 1913.785 1424.864 57 
1 0.1867631 0.2860776 0.1331574 0.3850766 0.2148491 0.4533452 1 133.9245 267.8491 603.573 718.7564 909.5827 1005.761 58 
1 0.1085227 0.4077151 0.2512065 0.3337777 0.2861485 0.6212402 0.9999999 405.5709 811.1418 1214.653 1445.12 1802.297 1614.492 58 
1 0.1549071 0.2780056 0.272139 0.2760074 0.2772861 0.6392522 1 310.0039 620.0078 848.8549 1015.306 1292.637 1139.138 59 
1 0.08843038 0.466197 0.2274107 0.3130844 0.2675592 0.3447775 0.9999999 452.4399 904.8798 1386.118 1668.62 1935.253 1989.527 59 
1 0.1198154 0.3508238 0.2396437 0.2778942 0.2168408 0.6807886 0.9999999 350.6585 701.3169 1010.499 1184.711 1613.061 1463.249 60 
1 0.05953454 0.6369206 0.2802827 0.2547401 0.8263691 1 1 621.629 1243.258 1649.883 2632.94 2839.493 2217.864 60 
1 0.1240863 0.4187972 0.2304067 0.4133065 0.2475565 0.6071076 1 314.4114 628.8228 1062.87 1215.398 1496.857 1364.593 61 
1 0.1017141 0.4536064 0.230781 0.222821 0.4010178 0.2803537 1 383.5438 767.0875 1051.941 1450.369 1617.211 1661.938 61 
1 0.05710998 0.5825156 0.2817698 0.1880542 0.479448 0.3299717 1 788.0962 1576.192 1953.966 2735.985 3016.151 2796.951 62 
1 0.1168839 0.3270675 0.28684 0.3955954 0.5296855 0.9999793 0.9999299 385.1404 770.2807 1149.087 1455.645 1727.836 1342.701 62 
1 0.1106187 0.3570759 0.3051885 0.4400878 0.4881638 0.9999788 0.9998311 415.9926 831.9852 1248.781 1507.644 1779.054 1363.068 63 
1 0.09699637 0.3666236 0.2606533 0.3047561 0.1930642 0.7342856 1 443.4442 886.8884 1270.222 1439.057 1957.218 1701.28 63 
1 0.2052405 0.2721312 0.2004137 0.3522202 0.2907916 0.5800115 1 194.9938 389.9876 664.0018 810.5459 1017.845 972.9565 64 
1 0.1048455 0.4711286 0.2409427 0.3100035 0.3261897 0.8008819 0.9999998 372.104 744.208 1107.614 1371.455 1807.949 1544.367 64 
0.4401593 2.720863e-16 1.557657e-27 5.241116e-16 1 1 1 1 1052.733 1516.104 2.008605e+18 8.841063e+17 3.891476e+17 2.008605e+18 65 
1 0.1864646 0.334411 0.1701562 0.2867785 0.414792 0.4160939 1 177.062 354.124 601.7638 857.2272 1007.196 1040.585 65 
1 0.08001279 0.3887275 0.2784307 0.2641907 0.5307412 0.9999409 0.9999118 537.5593 1075.119 1443.167 1987.213 2468.206 1930.675 66 
1 0.1342727 0.3059045 0.2361893 0.169725 0.4704577 0.3721619 1 305.4648 610.9296 778.5907 1164.45 1326.087 1293.305 66 
1 0.07851015 0.416259 0.2452716 0.3162815 0.4958881 0.1324379 0.9999999 484.1381 968.2762 1439.456 1944.551 2012.554 1973.885 67 
1 0.08820061 0.4081944 0.2372727 0.2667405 0.2946493 0.6622197 1 442.2869 884.5738 1263.814 1570.991 2057.948 1864.044 67 
1 0.0917715 0.4619688 0.2709285 0.35133 0.432794 0.595575 0.9999998 446.8968 893.7937 1316.305 1653.924 1917.45 1649.501 68 
0.9999939 0.1553273 0.3183736 0.2224421 0.3444733 0.2027511 0.8007677 0.9999998 264.071 528.1405 846.1116 968.7911 1355.088 1187.145 68 
1 0.2110753 0.2945767 0.1822538 0.2571867 0.3973584 0.7270288 1 165.9073 331.8146 523.2648 742.9848 985.2537 910.3091 69 
0.9999997 0.08474503 0.3826169 0.2939588 0.2307103 0.3656185 0.5116773 1 578.3551 1156.71 1477.193 1867.904 2214.78 1967.47 69 
0.9999998 0.09723442 0.3439 0.2344612 0.3439009 0.3193583 0.5192607 0.9999999 401.2117 802.4234 1252.932 1527.416 1831.185 1711.208 70 
1 0.0787249 0.492002 0.2011867 0.4366916 0.5405638 0.9999545 0.9999676 368.4725 736.945 1375.835 1821.331 2199.95 1831.495 70 
0.4656197 0.2870354 0.4068284 0.1019558 0.2113531 0.2666673 0.6423784 1 108.0089 158.3 274.7807 328.0206 506.1763 1059.37 71 
0.9999999 0.1681198 0.3218016 0.1974543 0.3391893 0.2853435 0.4612546 1 226.1287 452.2575 764.0036 937.3058 1137.51 1145.221 71 
1 0.07111876 0.4456447 0.3229222 0.277598 0.4084308 0.6812559 0.9999999 632.949 1265.898 1634.303 2025.871 2412.242 1960.067 72 
1 0.1921457 0.2592264 0.221593 0.2977166 0.2531355 0.6581238 1 213.4898 426.9797 650.2501 783.5695 1042.444 963.4324 72 
0.9999994 0.1169071 0.3746263 0.2116231 0.2192897 0.3176279 0.5585394 0.9999999 342.2522 684.5042 964.1026 1280.276 1659.662 1617.273 73 
1 0.1093857 0.3823291 0.212181 0.3233062 0.4890221 0.9999135 0.9996663 301.7797 603.5594 965.8225 1336.615 1724.021 1422.275 73 
0.9999998 0.1234128 0.3256214 0.2129551 0.31109 0.1705676 0.7023889 0.9999999 308.0166 616.0332 970.1703 1103.936 1560.82 1446.392 74 
1 0.1110526 0.3976632 0.2251062 0.3313076 0.6089962 0.9999831 0.9998366 306.2733 612.5466 961.8439 1391.187 1666.841 1360.572 74 
1 0.1084587 0.4277174 0.2159662 0.2823736 0.2610454 0.6395657 1 332.0353 664.0707 1004.446 1230.258 1639.08 1537.441 75 
1 0.132915 0.3747216 0.2319117 0.1767181 0.4113503 0.4196472 0.9999999 316.1056 632.2111 817.2238 1171.777 1384.694 1363.043 75 
1 0.08335507 0.3819561 0.2851227 0.3958256 0.3901833 0.9999473 0.9998071 528.0001 1056 1580.008 1892.087 2379.809 1851.834 76 
0.9999999 0.05763966 0.5172687 0.1957868 0.2346623 0.4226318 0.2886131 1 555.2712 1110.542 1645.767 2383.515 2674.395 2836.101 76 
1 0.09681261 0.2696125 0.2271393 0.2488661 0.340167 0.5408916 1 413.2911 826.5821 1176.552 1535.866 1912.853 1819.549 77 
1 0.1206929 0.3738967 0.2467739 0.06865832 0.5991024 2.458469e-15 1 372.9679 745.9358 824.0969 1459.293 1459.293 1511.375 77 
1 0.1591877 0.3828134 0.1975289 0.2222378 0.2095685 0.5976455 0.9999999 245.0865 490.1731 711.45 873.7397 1239.564 1240.763 78 
0.9999991 0.1544364 0.3638081 0.177795 0.2954888 0.244347 0.5857917 0.9999998 213.7772 427.5542 719.675 889.8576 1198.158 1202.38 78 
1 0.07500316 0.412383 0.223123 0.2841205 0.5275646 0.5605103 1 466.7615 933.523 1395.272 2009.06 2317.144 2091.947 80 
1 0.07838259 0.3591528 0.2848356 0.2701725 0.2139637 0.8421552 0.9999999 574.2529 1148.506 1538.049 1763.201 2459.779 2016.086 80 
0.9999994 0.0818152 0.5021132 0.2377703 0.328799 0.371928 0.9999073 0.9996706 440.1323 880.2643 1344.183 1696.409 2291.157 1851.082 81 
1 0.1267323 0.3735353 0.2682413 0.3315388 0.1480065 0.6348414 1 355.22 710.4401 1031.713 1127.586 1477.948 1324.255 81 
1 0.07231601 0.5000425 0.2426535 0.239253 0.413397 0.4154425 1 594.7358 1189.472 1633.581 2217.348 2561.482 2450.967 82 
1 0.136595 0.2880691 0.2617208 0.4358944 0.1942962 0.5519834 1 314.9306 629.8612 1017.1 1114.469 1337.343 1203.308 82 
0.9999999 0.1564856 0.2789477 0.1971894 0.3637172 0.129993 0.3873417 0.9999999 236.5415 473.083 823.3511 903.0049 1109.497 1199.565 83 
1 0.1760619 0.3371588 0.2198458 0.2420722 0.4539628 3.926949e-07 1 232.9791 465.9583 666.0939 950.558 950.5581 1059.739 83 
1 0.04869864 0.5231669 0.2112347 0.09989805 0.4741006 1.832579e-11 1 759.8687 1519.737 1803.188 3014.018 3014.018 3597.271 84 
1 0.1040559 0.3840716 0.1932639 0.3490356 0.3931728 0.3253146 0.9999999 326.8455 653.691 1129.895 1479.087 1654.414 1691.188 84 
1 0.1463604 0.3890687 0.2384976 0.1312537 0.3293663 0.5972199 0.9999999 300.7415 601.483 727.5183 1002.278 1336.391 1260.983 85 
1 0.08947307 0.3347567 0.2359603 0.3933677 0.3272374 0.2777579 1 424.8205 849.641 1390.745 1663.813 1819.746 1800.389 85 
1 0.06666781 0.5213046 0.2343241 0.2244228 0.4789074 0.4892799 1 585.1104 1170.221 1599.295 2309.433 2687.495 2497.013 86 
1 0.07909465 0.3977899 0.2543331 0.3957137 0.5505486 0.9999528 0.9999382 467.9231 935.8461 1478.718 1935.128 2307.709 1839.804 86 
1 0.1244733 0.4097055 0.2358825 0.2510877 0.3522893 0.4960313 0.9999999 361.6394 723.2787 1017.427 1326.506 1608.384 1533.134 87 
0.4287729 0.1931096 0.6897648 0.1457888 0.2447436 0.3037511 0.4744769 1 258.9337 369.9575 529.9417 575.2749 625.1954 1776.088 87 
1 0.1160192 0.4286998 0.2711878 0.1483322 0.3974344 0.550195 1 396.6217 793.2435 951.3527 1312.145 1613.108 1462.535 88 
1 0.06898519 0.510565 0.3209866 0.5157884 0.3965732 0.9999856 0.9999835 652.492 1304.984 2016.915 2281.964 2685.256 2032.77 88 
0.9999999 0.1046395 0.3666512 0.2388311 0.2681613 0.2831376 0.4248399 1 420.6093 841.2186 1200.691 1478.458 1777.234 1761.116 89 
1 0.08727912 0.4894687 0.2707029 0.2886901 0.4000271 0.5273876 0.9999999 481.3493 962.6987 1337.071 1706.066 1997.938 1778.146 89 
1 0.1170634 0.4161424 0.2594802 0.2824323 0.2050386 0.5196304 1 384.5333 769.0666 1079.009 1240.469 1565.758 1481.937 90 
1 0.09369864 0.5065937 0.2142159 0.352678 0.3756024 0.2015908 0.9999999 373.6468 747.2936 1230.676 1563.92 1675.597 1744.253 90 
1 0.09224971 0.4565488 0.2451476 0.3727625 0.7453866 1 1 390.3684 780.7368 1228.802 1790.785 1982.75 1592.381 91 
1 0.07278311 0.5149367 0.2284336 0.317604 0.3029471 0.5741672 1 522.2186 1044.437 1604.648 1969.292 2451.025 2286.085 91 
1 0.1127321 0.3816432 0.2187686 0.41661 0.2125193 0.1447422 1 354.9335 709.867 1237.912 1395.057 1479.339 1622.415 92 
1 0.1577925 0.2818045 0.2202054 0.3200442 0.1801431 0.6371532 1 259.9451 519.8902 814.4979 927.252 1254.213 1180.467 92 
1 0.1181541 0.3961089 0.1692871 0.3001522 0.3721732 0.1091181 1 262.4622 524.9245 911.5011 1246.963 1308.712 1550.397 93 
1 0.07237375 0.4298723 0.2618872 0.1494405 0.4772396 0.1569063 0.9999999 594.2773 1188.555 1438.857 2118.747 2235.602 2269.21 93 
1 0.1512833 0.3680301 0.1967197 0.3099342 0.4379877 0.2351875 1 231.4515 462.903 755.8227 1041.471 1127.675 1176.554 94 
0.9999974 0.06683384 0.4536257 0.2399508 0.3604781 0.1672487 0.4013403 1 598.604 1197.206 1880.702 2083.502 2488.765 2494.694 94 
1 0.09722148 0.3278023 0.2687244 0.3436126 0.7657956 0.9999941 0.9999797 380.7074 761.4149 1117.402 1638.163 1797.427 1416.721 95 
1 0.2018955 0.1484523 0.1271149 0.2127999 0.3447391 0.6690827 0.9999997 133.7923 267.5846 463.0919 712.4177 1029.499 1052.53 95 
0.9999988 0.09009327 0.4089474 0.2258242 0.3846404 0.3526029 0.9999202 0.9996479 388.5873 777.1742 1289.577 1578.625 2109.291 1720.751 96 
1 0.07463586 0.5685247 0.2650458 0.1631589 0.4848021 0.09436013 1 603.0447 1206.089 1478.924 2157.34 2225.369 2275.247 96 
1 0.08842478 0.3971251 0.2832843 0.3403747 0.5160929 0.9999762 0.9999678 497.7397 995.4793 1424.111 1852.809 2254.762 1757.032 97 
1 0.1086663 0.3541904 0.2267628 0.3637169 0.3250631 0.5706879 0.9999998 349.812 699.624 1133.474 1380.187 1672.527 1542.634 97 
1 0.1416042 0.3055286 0.1960607 0.2190911 0.2296154 0.6656367 0.9999999 261.3875 522.775 757.5989 949.7838 1378.987 1333.197 98 
1 0.1455369 0.3180235 0.2235611 0.3667485 0.350687 0.6948234 0.9999998 268.087 536.1739 877.6459 1084.414 1350.42 1199.166 98 
1 0.1352634 0.322356 0.2234355 0.2877539 0.5713706 0.9999886 0.9999379 273.6536 547.3071 820.9901 1208.047 1498.405 1224.754 99 
1 0.2401445 0.2273303 0.2178544 0.234015 0.3215315 0.4096208 0.9999995 208.3163 416.6326 591.6528 775.8522 935.0644 956.2179 99 
0.3381732 0.2606198 0.6614177 0.1290435 0.1851963 0.2538055 0.5571696 0.9999999 184.1842 246.4704 313.5707 363.1203 543.917 1427.304 100 
1 0.08318972 0.479112 0.2445168 0.284191 0.4269174 0.5948203 0.9999999 468.9296 937.8592 1349.61 1792.366 2145.894 1917.781 100 
