1 0.101943 0.8015882 0.7504639 1 1 1 1 1824.899 3649.798 4256.594 4256.594 4256.594 2431.695 1 
1 0.09121763 0.8491169 0.7759434 1 1 1 1 2072.34 4144.68 4743.076 4743.076 4743.076 2670.736 1 
0.9674766 0.09358712 0.8407108 0.6885532 1 1 1 1 1934.32 3805.729 4556.886 4408.681 4265.296 2809.253 2 
1 0.09147309 0.8619671 0.7738585 1 1 1 1 2077.494 4154.988 4762.086 4762.086 4762.086 2684.592 2 
0.2010893 0.828623 0.8580141 0.1965719 0.2493174 0.3315231 0.4855097 0.9999999 225.6803 271.0622 284.478 286.7619 282.3942 1148.08 3 
0.211783 0.8934526 0.8619509 0.1790221 0.2296209 0.3271999 0.4828813 1 192.5176 233.2896 252.1315 275.9396 279.4057 1075.385 3 
0.1754858 0.9114432 0.8781397 0.1928199 0.2364482 0.3397557 0.503746 0.9999994 205.1722 241.177 245.406 265.8792 264.7763 1064.061 4 
1 0.1061054 0.7835945 0.69576 1 1 1 1 1668.498 3336.995 4066.591 4066.591 4066.591 2398.094 4 
0.5848531 0.2513053 0.9156724 0.2973807 0.2828449 0.3537709 0.9999992 0.9999892 712.3026 1128.895 1136.252 1091.52 1418.337 2395.255 6 
0.9999989 0.09603498 0.8436592 0.6423306 0.9999999 1 1 1 1697.627 3395.252 4340.538 4340.534 4340.529 2642.917 6 
0.9176865 0.09893366 0.8718807 0.5554456 0.9999876 0.9999993 0.9999999 0.9999977 1647.741 3159.851 4218.516 3871.292 3552.632 2966.521 7 
1 0.09055665 0.8754974 0.6265103 0.3135906 1 1 1 1833.418 3666.836 4009.584 4759.815 4759.815 2926.397 7 
1 0.09194966 0.8928124 0.7550044 1 1 1 1 2012.342 4024.683 4677.679 4677.679 4677.679 2665.338 8 
0.155722 0.9635874 0.9068255 0.1793955 0.2398555 0.3186659 0.544862 0.9999996 181.6172 209.8989 231.9499 237.3581 271.3966 1012.384 8 
0.1693589 1 0.8671907 0.1823748 0.2543849 0.3495813 0.4961257 1 177.9978 208.1433 238.2506 248.3516 234.0616 976 9 
0.8498237 0.1230258 0.8392303 0.4549105 0.3693784 0.9999989 0.9999996 0.9999988 1341.289 2481.148 2702.196 3309.91 2812.841 2948.468 9 
0.8399894 0.1143287 0.8665085 0.5076869 0.3659213 0.9999977 0.9999999 0.9999978 1592.092 2929.432 3025.63 3520.437 2957.132 3135.972 10 
1 0.09087241 0.8613959 0.7721673 1 1 1 1 2091.228 4182.456 4799.485 4799.485 4799.485 2708.258 10 
0.1937018 0.8843391 0.9263046 0.2050658 0.2482769 0.3338613 0.4776515 1 223.902 267.2722 267.2636 269.6005 259.8231 1091.854 11 
0.1631815 1 0.9136716 0.1887177 0.2692805 0.3460195 0.5370361 0.9999999 183.9997 214.0251 247.9259 240.456 242.2378 975 11 
0.1739363 0.9715939 0.9104702 0.1913771 0.2393018 0.3095612 0.5182692 0.9999999 192.4707 225.9483 233.9113 232.1905 261.7538 1005.715 12 
0.8962527 0.103843 0.8311768 0.537821 0.4162843 0.9999961 0.9999999 0.9999998 1675.763 3177.671 3447.476 3930.401 3522.636 3115.838 12 
0.9151038 0.107392 0.8405787 0.6628713 1 1 1 1 1825.297 3495.633 4127.192 3776.809 3456.172 2753.622 13 
0.9861013 0.09465728 0.8762554 0.6451337 0.9999999 1 1 1 1732.864 3441.643 4346.998 4286.581 4227.003 2686.054 13 
0.1895174 0.977727 0.8948122 0.1980159 0.2598628 0.342421 0.4475805 0.9999999 198.4247 236.0296 253.5678 251.7288 222.7693 1002.064 14 
0.1805192 0.9741467 0.8981183 0.18382 0.2317633 0.3477531 0.5227246 1 182.7263 215.7119 226.9751 257.7239 259.0315 994.0498 14 
0.8399135 0.1123247 0.8919626 0.4892558 0.4541335 0.9999957 0.9999999 0.9999971 1540.283 2833.987 3110.52 3490.281 2931.538 3148.216 15 
0.8710088 0.1145532 0.8472705 0.5022477 0.3950972 0.9999961 0.9999998 0.9999993 1501.61 2809.525 3035.093 3543.787 3086.673 2989.779 15 
0.1861359 0.8663271 0.8676117 0.2023168 0.2538242 0.3416934 0.5534086 1 225.0907 266.9882 274.9587 277.4533 292.8962 1112.566 16 
0.1866146 0.922263 0.8745188 0.1942856 0.2529481 0.3075517 0.4817973 0.9999994 204.9349 243.1788 260.3558 243.8517 257.3224 1054.813 16 
0.8759016 0.1165061 0.883068 0.4972306 0.3913871 0.9999988 1 0.9999999 1467.862 2753.564 2992.753 3524.667 3087.263 2952.075 17 
0.8147583 0.1621421 0.844211 0.4407923 0.2501458 0.9999984 0.9999992 0.9999947 1097.889 1992.403 1971.737 2650.906 2159.85 2490.718 17 
0.1776451 0.9999999 0.8815545 0.1875615 0.2509409 0.3450594 0.4782639 1 183.9979 216.6842 238.4933 248.3682 231.1229 981.0001 18 
1 0.09296914 0.7943565 0.6824706 0.3576805 1 1 1 1904.198 3808.396 4125.285 4694.352 4694.352 2790.154 18 
0.183256 1 0.9042944 0.1854509 0.2691814 0.3493918 0.5185145 0.9999991 181.0001 214.1695 253.247 249.4059 241.7056 976 19 
0.1646748 0.9678848 0.9133668 0.1721039 0.2214576 0.3440384 0.5359672 0.9999999 175.6424 204.5663 220.8005 262.6702 274.5221 1020.56 19 
1 0.1085513 0.7440771 0.8002624 1 1 1 1 1833.634 3667.268 4124.925 4124.925 4124.925 2291.291 20 
0.1606111 0.9659769 0.9268265 0.1661914 0.2371184 0.3216933 0.4671244 0.9999997 169.7792 197.0476 233.6276 246.5689 245.5025 1021.588 20 
1 0.09811616 0.7592838 0.6831924 0.33139 1 1 1 1834.897 3669.794 3951.764 4520.666 4520.666 2685.769 21 
0.1947711 0.9297141 0.8670824 0.1779279 0.2547555 0.3226194 0.5014372 0.9999995 186.0848 222.3287 262.3315 257.8067 267.8463 1045.844 21 
0.1777045 0.9730392 0.8930135 0.1989234 0.2560899 0.3132189 0.4988745 1 199.38 234.8107 247.3453 231.039 245.701 1002.295 22 
0.6191047 0.1667761 0.8569886 0.4488458 1.137143e-19 0.3475477 0.5476974 1 1566.449 2536.245 1570.201 1640.627 1703.075 3489.949 22 
0.9426647 0.08419035 0.8999989 0.62435 0.9999876 0.9999985 1 0.9999998 2019.457 3923.128 4913.217 4631.532 4365.981 3234.495 23 
0.8577078 0.1061512 0.8897858 0.4820101 0.4469735 0.9999979 0.9999999 0.9999994 1563.924 2905.314 3243.123 3711.102 3183.043 3244.588 23 
0.8694992 0.1018585 0.8706349 0.5477723 0.4470626 0.999996 0.9999997 0.9999995 1767.275 3303.919 3525.028 3871.752 3366.488 3226.295 24 
1 0.09571425 0.8496675 0.6906002 0.9999996 1 1 1 1807.818 3615.635 4425.566 4425.566 4425.566 2617.748 24 
0.6156072 0.1876491 0.9090158 0.3114332 0.4596685 7.030181e-42 0.5610178 1 969.9292 1567.025 1950.419 1200.692 1389.222 3114.405 25 
0.1625663 0.9649011 0.8664591 0.1792036 0.2545074 0.3109841 0.5050304 1 181.3711 210.856 245.7036 232.5352 253.3023 1012.096 25 
0.1849861 2.186829e-16 0.0002954798 1 1 1 1 1 4.418031e+18 5.235306e+18 9.684587e+17 1.791514e+17 3.314051e+16 4.418031e+18 26 
0.8708832 0.1196009 0.7827528 0.5410923 0.3897662 0.999997 0.9999997 0.9999988 1546.937 2894.138 3031.821 3440.973 2996.688 2858.915 26 
0.2109094 0.8553937 0.8857018 0.1944261 0.2482591 0.3521091 0.5264304 0.9999999 217.4506 263.313 279.2097 297.3707 293.7239 1118.423 27 
0.8493012 0.1134684 0.8682149 0.496799 0.3336718 0.999998 0.9999998 0.9999987 1551.216 2868.665 2960.628 3561.401 3024.704 3122.422 27 
1 0.09764586 0.8351959 0.6369994 0.3262018 1 1 1 1741.29 3482.58 3806.268 4474.872 4474.872 2733.582 28 
0.1844391 0.9753796 0.8747289 0.1823981 0.2470048 0.351054 0.5229393 0.9999998 183.5204 217.3687 243.2854 262.3276 258.5956 1006.153 28 
0.1992423 0.7746677 0.8888393 0.1804649 0.2663443 0.3702661 0.5138874 0.9999999 218.162 261.6291 316.002 332.0897 301.3847 1208.889 29 
0.20073 0.8915618 0.8762379 0.1965796 0.2625343 0.3343566 0.5344714 0.9999998 213.1121 255.8901 280.0292 270.9756 282.9108 1084.101 29 
0.9423828 0.09771675 0.8688129 0.6625604 1 1 1 1 1893.462 3677.828 4430.256 4174.997 3934.445 2857.796 30 
1 0.1027712 0.8592616 0.7412926 1 1 1 1 1810.217 3620.433 4252.19 4252.19 4252.19 2441.973 30 
0.8184505 0.1301222 0.8646054 0.4480077 0.3375974 1 1 0.9999998 1321.921 2403.848 2517.29 3139.162 2569.249 2950.665 31 
0.1966654 0.8864495 0.9047547 0.1857606 0.2816741 0.3104595 0.4888508 1 201.9333 241.6466 296.8414 255.772 264.6223 1087.062 31 
1 0.1024418 0.8263344 0.7474294 1 1 1 1 1835.535 3671.07 4291.332 4291.332 4291.332 2455.797 32 
0.961041 0.09986366 0.8179839 0.6568129 0.9999988 1 1 1 1772.693 3476.324 4267.127 4100.885 3941.119 2698.932 32 
0.9838927 0.09401665 0.8609693 0.6801311 0.9999999 1 1 1 1861.68 3693.374 4509.44 4436.805 4365.34 2737.237 33 
1 0.1012925 0.8665618 0.7572068 1 1 1 1 1856.39 3712.78 4308.019 4308.019 4308.019 2451.629 33 
0.1995913 0.8835625 0.9104288 0.1925092 0.239308 0.3076177 0.5105864 1 209.3838 251.1749 260.3099 257.4733 287.5748 1087.656 34 
1 0.09518216 0.830472 0.6440389 0.4845314 1 1 1 1765.361 3530.722 4003.487 4506.439 4506.439 2741.078 34 
0.1639766 0.9678171 0.924141 0.1829578 0.2403596 0.3345046 0.4950301 0.9999999 183.9226 214.0816 232.5239 246.8363 246.0234 1005.273 35 
0.1869206 0.9257134 0.8926028 0.1904702 0.2575909 0.3430405 0.5117521 0.9999994 198.7713 235.9257 261.7149 264.0733 260.224 1043.582 35 
0.1838434 1 0.9072594 0.1888544 0.2379134 0.3272119 0.4665011 0.9999995 182.9999 216.6432 226.8284 237.7009 231.6998 969 36 
0.8732942 0.09885301 0.8899204 0.5339421 0.379225 0.9999989 0.9999993 0.9999999 1800.792 3373.414 3542.065 4069.026 3553.458 3372.636 36 
0.8275367 0.1125729 0.900416 0.5263813 0.2602951 0.9999983 1 0.9999969 1696.788 3100.942 2963.538 3581.748 2964.03 3223.496 37 
0.9999997 0.08774898 0.8338831 0.8145282 1 1 1 1 2234.055 4468.109 4976.812 4976.81 4976.809 2742.759 37 
0.9357602 0.09223983 0.8949802 0.6319763 0.9999891 1 1 1 1919.128 3714.971 4593.891 4298.792 4022.639 3036.709 38 
0.1700631 0.9681038 0.876002 0.19548 0.2429467 0.3090143 0.4890768 0.9999999 195.2301 228.4316 234.0535 227.773 244.3031 998.722 38 
0.9571686 0.0953813 0.8544051 0.6784427 1 1 1 1 1929.359 3776.081 4528.793 4334.819 4149.153 2843.806 39 
0.1815237 0.9187815 0.8852843 0.172949 0.284446 0.3054511 0.51433 0.9999995 182.856 216.0487 287.9451 243.3894 267.6979 1057.283 39 
0.184549 0.8613301 0.8794682 0.1797382 0.2387024 0.3408223 0.4858386 0.9999997 202.0162 239.2981 264.2293 287.9741 277.92 1123.947 40 
0.562075 0.2119333 0.8821886 0.2740063 0.3544766 1.538294e-13 0.5180898 1 839.9192 1312.017 1526.307 857.8991 1226.467 3065.328 40 
0.1675381 0.9697083 0.8935175 0.1654731 0.2450135 0.3679745 0.4869572 0.9999999 167.064 195.0536 239.1151 274.1346 241.7044 1009.614 41 
1 0.1020989 0.7942512 0.7471261 1 1 1 1 1841.724 3683.448 4306.802 4306.802 4306.802 2465.078 41 
1 0.1002236 0.7979306 0.724236 1 1 1 1 1806.305 3612.611 4300.389 4300.389 4300.389 2494.084 42 
0.1864061 0.9266626 0.8911919 0.2102545 0.2508458 0.3385397 0.4906664 0.9999994 220.1484 261.1854 256.113 257.4602 249.0489 1047.057 42 
0.8915911 0.09407782 0.9247231 0.5103173 0.5200627 0.9999961 0.9999999 0.9999999 1732.758 3277.67 3787.046 4174.483 3721.935 3395.452 43 
1 0.09636413 0.8164411 0.75977 1 1 1 1 1940.936 3881.872 4495.573 4495.573 4495.573 2554.637 43 
0.9788531 0.1035933 0.8183028 0.6301957 1 1 1 1 1593.046 3152.403 4020.553 3935.531 3852.306 2527.859 44 
0.9718842 0.0941046 0.8822748 0.6310313 1 1 1 1 1764.264 3478.925 4412.691 4288.625 4168.047 2795.843 44 
0.9605888 0.0901294 0.8594405 0.6006701 0.9999935 0.9999997 1 1 1775.471 3480.969 4524.118 4345.825 4174.551 2955.817 45 
0.9583507 0.09805839 0.830582 0.6973584 1 1 1 1 1907.301 3735.164 4407.333 4223.771 4047.854 2735.037 45 
0.9327368 0.1005828 0.8426875 0.6766431 1 1 1 1 1889.214 3651.354 4308.578 4018.77 3748.454 2792.04 46 
0.8876694 0.1013093 0.8870676 0.5537399 0.3191058 0.9999948 1 0.9999998 1796.657 3391.493 3472.567 4068.373 3611.375 3244.586 46 
1 0.1020092 0.7584712 0.7681601 1 1 1 1 1882.571 3765.142 4333.324 4333.324 4333.324 2450.753 47 
1 0.09864525 0.8101099 0.719605 1 1 1 1 1825.08 3650.16 4361.305 4361.305 4361.305 2536.225 47 
0.8746868 0.141818 0.8090383 0.6318156 7.673621e-19 0.9999988 0.9999989 0.9999984 1571.023 2945.175 2576.106 3168.783 2771.694 2486.52 48 
0.1771349 0.9730958 0.8884726 0.1913605 0.2507013 0.3463031 0.5064365 0.9999997 192.1755 226.2164 243.6611 253.8838 246.4169 1004.259 48 
0.195193 0.8824865 0.8901 0.1931016 0.2595567 0.3306312 0.4738296 1 210.7729 251.9143 277.774 269.8368 259.5068 1091.513 49 
1 0.1027344 0.8272744 0.7215511 1 1 1 1 1771.92 3543.84 4227.63 4227.63 4227.63 2455.71 49 
0.8285406 0.1229976 0.9148094 0.4417067 0.4176819 0.9999978 0.9999943 0.9999985 1341.572 2453.119 2740.762 3258.253 2699.597 3037.247 50 
1 0.09227471 0.8805967 0.7425347 0.9999999 1 1 1 1983.6 3967.199 4654.989 4654.989 4654.989 2671.39 50 
0.1811182 0.9747625 0.8727714 0.2200855 0.2532068 0.3339283 0.5146363 1 219.5475 259.3116 243.963 238.2022 242.3045 997.5555 51 
1 0.1021614 0.8074098 0.7031947 1 1 1 1 1732.903 3465.806 4197.231 4197.231 4197.231 2464.329 51 
0.9999999 0.0974868 0.8219498 0.6872308 0.9999999 1 1 1 1774.943 3549.886 4357.689 4357.689 4357.688 2582.747 52 
0.8325999 0.1238863 0.8831779 0.4570978 0.277327 0.9999987 0.9999997 0.9999979 1372.299 2514.875 2545.9 3297.6 2745.583 3002.199 52 
0.9999995 0.08917758 0.906441 0.7554582 1 1 1 1 2052.475 4104.949 4769.333 4769.331 4769.329 2716.861 53 
0.9999999 0.08999509 0.8115095 0.9999991 1 1 1 1 2606.721 5213.442 5213.444 5213.443 5213.443 2606.724 53 
0.9621596 0.0899809 0.8687709 0.6456325 0.9999922 0.9999999 1 1 1911.857 3751.369 4658.767 4482.485 4312.866 2961.216 54 
1 0.09551042 0.8241022 0.6859381 0.3558262 1 1 1 1864.024 3728.049 4031.731 4581.506 4581.506 2717.482 54 
1 0.1037014 0.7667478 0.716891 1 1 1 1 1736.113 3472.226 4157.838 4157.838 4157.838 2421.725 55 
0.1940616 0.9308041 0.8948084 0.1963608 0.2256301 0.3447825 0.4870942 1 204.1274 243.7407 235.7977 268.8088 258.6342 1039.552 55 
0.8326716 0.1194551 0.857058 0.4721044 0.3842021 0.9999999 0.9999999 0.9999999 1439.96 2638.975 2816.014 3336.328 2778.066 3050.089 56 
0.9999871 0.09321079 0.7798752 0.7312956 0.9999861 0.9999999 1 1 1952.985 3905.945 4623.482 4623.432 4623.373 2670.582 56 
0.8407367 0.1094185 0.8888268 0.4972518 0.4732957 0.9999967 0.9999999 0.9999982 1608.612 2961.03 3259.211 3596.764 3023.934 3235.004 57 
0.9999987 0.1017918 0.8542112 0.6960196 1 1 1 1 1729.379 3458.756 4214.043 4214.037 4214.032 2484.67 57 
0.5687241 0.1852401 0.9131271 0.4288303 7.412704e-133 0.3220917 0.5732528 1 1442.461 2262.824 1286.923 1350.722 1514.811 3363.711 58 
0.8481429 0.1335204 0.8440222 0.4332505 0.4445673 0.9999952 0.9999973 0.9999968 1183.444 2187.173 2543.271 3016.92 2558.783 2731.546 58 
1 0.09007387 0.8605739 0.7286695 1 1 1 1 1998.704 3997.409 4741.655 4741.655 4741.655 2742.95 59 
0.8450738 0.1168216 0.8986046 0.475447 0.3578665 0.9999962 1 0.9999962 1455.318 2685.169 2843.766 3434.216 2902.17 3060.946 59 
0.1698781 0.9043202 0.9226284 0.1724593 0.2263551 0.331079 0.4988521 0.9999995 183.567 214.751 235.8644 265.6846 272.5315 1064.408 60 
0.1948823 0.8799465 0.9102587 0.1981976 0.2491326 0.3075453 0.4994247 0.9999997 218.1997 260.7229 270.7246 256.6022 279.2247 1100.92 60 
0.8222778 0.1251685 0.8995346 0.4404833 0.2677942 0.9999994 0.9999995 0.9999987 1342.301 2446.045 2467.927 3277.758 2695.228 3047.337 61 
0.210016 0.8053738 0.9019895 0.2130949 0.2355984 0.3516072 0.4909173 0.9999999 250.8203 303.4966 281.954 308.1529 290.0787 1177.036 61 
0.9685965 0.08315267 0.8972246 0.7634329 0.9999972 1 1 1 2345.403 4617.152 5198.932 5035.67 4877.532 3072.18 62 
0.8124827 0.1285129 0.9230228 0.4411063 0.2303767 0.999999 0.9999998 0.9999955 1330.718 2411.904 2348.058 3205.383 2604.32 3016.775 62 
1 0.08672066 0.8675808 0.6999382 4.470853e-06 1 1 1 2103.77 4207.541 4207.545 5109.422 5109.422 3005.652 63 
0.8348829 0.118274 0.8774955 0.5030238 0.3666279 0.9999998 1 0.9999998 1547.362 2839.227 2930.908 3415.238 2851.324 3076.12 63 
0.8361299 0.1271017 0.8509863 0.4679435 0.3500828 0.9999999 1 0.9999999 1353.343 2484.914 2616.406 3187.725 2665.352 2892.108 64 
0.8346737 0.1204121 0.8790401 0.485482 0.4000938 0.9999967 0.9999991 0.9999971 1470.054 2697.07 2874.51 3333.914 2782.733 3028.03 64 
0.1735612 1 0.9088073 0.1755077 0.2698016 0.3355954 0.4617354 0.999999 171.9975 201.8496 253.0336 241.9189 222.9881 980 65 
0.1801832 0.917959 0.9092733 0.1796794 0.2397153 0.3396684 0.5163406 0.9999999 189.5546 223.7092 247.7596 268.1286 272.6459 1054.96 65 
0.1862852 0.8595049 0.8897261 0.1777039 0.2409614 0.3231017 0.5191303 0.9999999 197.7917 234.6373 264.2491 273.6874 295.1037 1113.041 66 
0.2061341 0.8000342 0.9106333 0.2122228 0.2515559 0.3328771 0.4587275 0.9999998 249.9944 301.5268 295.5954 292.1308 272.7684 1177.981 66 
1 0.09411639 0.8413191 0.8059776 1 1 1 1 2082.93 4165.859 4667.281 4667.281 4667.281 2584.352 67 
0.1830337 0.9228941 0.9035085 0.1927621 0.2507445 0.3462989 0.4564946 0.9999989 202.6287 239.7166 256.6471 267.147 238.6224 1051.185 67 
1 0.07456417 0.9024281 0.804998 0.9999993 1 1 1 2535.131 5070.262 5684.369 5684.37 5684.37 3149.239 68 
1 0.1016468 0.7418374 0.6374444 0.3867474 1 1 1 1662.95 3325.9 3691.696 4271.726 4271.726 2608.776 68 
0.2009981 0.8902788 0.8884052 0.2013244 0.2687202 0.3150009 0.516268 0.9999999 216.7891 260.3633 283.4388 255.0808 273.6838 1076.815 69 
0.8818491 0.09845383 0.8822413 0.5622584 0.3896115 0.9999964 0.9999998 0.9999998 1858.893 3498.156 3648.701 4100.97 3616.44 3306.118 69 
0.9999976 0.08571415 0.8933368 0.7893821 1 1 1 1 2228.731 4457.457 5052.102 5052.09 5052.078 2823.387 70 
0.9118443 0.09593213 0.8879642 0.5329105 0.5172998 0.9999925 0.9999974 0.9999999 1688.863 3228.843 3709.944 4097.411 3736.207 3169.13 70 
1 0.09772543 0.7803768 0.6390916 0.3733512 1 1 1 1719.409 3438.818 3801.336 4409.804 4409.804 2690.395 71 
0.1838795 1 0.9076188 0.1695624 0.2423146 0.3311661 0.5024282 0.9999987 166.0016 196.5259 233.1385 246.8667 252.394 979 71 
0.9999986 0.08150104 0.8614395 0.9999998 1 1 1 1 2830.106 5660.208 5660.2 5660.192 5660.184 2830.106 72 
0.1831687 1 0.8992264 0.1755642 0.2727284 0.3304797 0.544748 0.9999988 170.9995 202.3213 256.06 239.9021 256.9388 974 72 
0.1859428 0.9255976 0.8940237 0.1898648 0.2527701 0.3446935 0.4998473 0.9999998 198.7965 235.7612 258.2492 266.4982 257.1679 1047.042 73 
0.8170521 0.1163252 0.8909234 0.4710399 0.4010669 0.9999998 1 0.9999996 1495.904 2718.136 2894.588 3371.144 2754.4 3175.749 73 
0.1859296 0.9750307 0.8903071 0.1877457 0.2389588 0.3222801 0.5074876 1 186.6646 221.371 234.137 241.6061 256.3036 994.2414 74 
0.1788552 0.9158741 0.8971006 0.1607318 0.2528782 0.3355263 0.5024917 0.9999994 169.2425 199.5124 259.154 267.8777 268.3594 1052.949 74 
0.8600754 0.1192543 0.7962455 0.4904984 0.3391783 0.9999991 0.9999999 0.9999993 1450.8 2698.598 2832.142 3431.718 2951.537 2957.808 75 
0.6228634 0.1793537 0.9002169 0.3420353 0.4415885 1.891232e-10 0.6237157 1 1092.86 1773.563 2033.042 1266.307 1520.949 3195.168 75 
0.9624623 0.09305381 0.8127316 0.5939386 0.9999772 0.9999984 0.9999999 0.9999998 1719.673 3374.793 4423.784 4257.752 4097.926 2895.372 76 
0.1597066 1 0.9188418 0.1786801 0.2546352 0.3383084 0.5037593 1 175.9999 204.1082 238.5973 242.1056 239.6659 985 76 
0.2053251 1.759303e-16 0.9999768 1 1 1 1 1 4.395513e+18 5.298023e+18 1.087817e+18 2.233562e+17 4.586063e+16 4.395513e+18 77 
0.6751515 5.153447e-16 0.9999295 1 1 1 1 1 7.378397e+17 1.235993e+18 8.344828e+17 5.634024e+17 3.80382e+17 7.378397e+17 77 
0.3078306 3.882568e-16 0.9998631 1 1 1 1 1 2.924337e+18 3.824538e+18 1.17731e+18 3.62412e+17 1.115615e+17 2.924337e+18 78 
0.9229995 0.08983536 0.8781626 0.6808046 0.9999833 0.9999986 0.9999999 0.9999989 2148.574 4131.708 4820.907 4449.711 4107.081 3155.934 78 
0.8819258 0.1108126 0.8488363 0.4745204 0.4634624 0.999994 1 0.999999 1425.978 2683.585 3098.583 3579.97 3157.273 3005.093 79 
0.8037513 0.132911 0.8635021 0.4344777 0.3406572 0.9999996 0.9999995 0.9999959 1286.681 2320.853 2435.909 3062.108 2461.173 2961.444 79 
0.1672789 1 0.9036937 0.1899897 0.2307692 0.3327868 0.4717443 0.9999992 186 217.1138 219.3186 239.6873 232.0946 979 80 
1 0.1018795 0.799577 0.777504 1 1 1 1 1894.783 3789.566 4331.79 4331.79 4331.79 2437.007 80 
0.9999965 0.09145078 0.8191247 0.7623011 1 1 1 1 2034.261 4068.516 4702.82 4702.803 4702.787 2668.58 81 
1 0.1035428 0.7600351 0.7611769 1 1 1 1 1854.692 3709.384 4291.303 4291.303 4291.303 2436.611 81 
0.8379479 0.1122552 0.8615563 0.5345203 0.2639215 0.9999997 1 0.9999997 1692.67 3111.04 2995.919 3595.432 3012.785 3166.709 82 
1 0.104374 0.7526741 0.7479991 1 1 1 1 1811.176 3622.351 4232.536 4232.536 4232.536 2421.361 82 
0.1634383 0.9701949 0.9059694 0.205479 0.2496745 0.3703461 0.5011678 1 208.2107 242.2404 240.6003 263.04 233.614 1013.294 85 
0.8214242 0.1175695 0.8720267 0.4210456 0.4224573 0.9999995 1 0.9999977 1335.457 2432.433 2773.821 3339.028 2742.759 3171.763 85 
1 0.09456689 0.864281 0.7246697 1 1 1 1 1893.201 3786.403 4505.704 4505.704 4505.704 2612.502 86 
0.1979234 0.7710239 0.9341145 0.2027806 0.2348427 0.3282778 0.49767 1 247.727 296.758 287.4542 301.5281 308.7984 1221.651 86 
0.8718659 0.1086094 0.845843 0.4943378 0.4156855 0.9999979 0.9999999 0.9999996 1546.954 2895.69 3182.431 3699.266 3225.266 3129.346 87 
0.5735625 0.2603532 0.8969007 0.2884488 0.322727 0.3157275 0.9999993 0.9999862 679.8639 1069.808 1154.848 1020.998 1362.841 2356.966 87 
0.9411804 0.1022176 0.838157 0.5908831 1 1 1 1 1633.981 3171.852 4116.624 3874.486 3646.59 2765.32 88 
0.2037317 0.8330262 0.8633201 0.1933552 0.2341689 0.3330197 0.5235416 0.9999999 219.6858 264.4427 268.4892 288.4389 303.8543 1136.177 88 
0.1724919 0.9999999 0.9136705 0.1831127 0.2440839 0.3542001 0.4872443 1 179.9998 211.0483 232.4036 255.0875 235.0008 983.0001 89 
0.1969788 0.9304183 0.8898436 0.1832867 0.2388968 0.3020344 0.4612835 1 192.3917 230.2888 250.1645 246.3491 258.5986 1049.676 89 
1 0.08984148 0.8241278 0.7622649 1 1 1 1 2070.641 4141.281 4787.073 4787.073 4787.073 2716.432 90 
0.1759834 0.9189883 0.9132714 0.1945223 0.2648875 0.354601 0.5064503 1 205.6664 241.8603 268.1478 269.1837 252.0006 1057.29 90 
1 0.1007942 0.8142636 0.7717981 1 1 1 1 1885.408 3770.815 4328.285 4328.285 4328.285 2442.877 91 
0.8342327 0.1195091 0.9042765 0.4741475 0.4113585 0.9999957 0.9999986 0.9999971 1447.688 2655.396 2875.677 3344.077 2789.742 3053.244 91 
0.836851 0.1250518 0.832314 0.4211356 0.3160824 0.9999996 0.9999999 0.9999987 1247.575 2291.61 2459.765 3231.26 2704.084 2962.408 92 
0.8570296 0.1127308 0.8893475 0.5168739 0.3151019 0.9999998 1 1 1614.589 2998.34 3045.208 3643.46 3122.553 3123.758 92 
0.8840396 0.1055368 0.8350108 0.5141088 0.467033 0.9999963 0.9999998 0.9999996 1592.005 2999.401 3354.299 3767.246 3330.397 3096.631 93 
0.9912511 0.08916279 0.8539319 0.6994842 0.9999999 1 1 1 1951.826 3886.575 4691.125 4650.083 4609.4 2790.379 93 
0.6191249 0.1895283 0.8826308 0.2939826 0.4487702 3.804473e-18 0.5911215 1 907.5465 1469.431 1887.869 1168.827 1433.836 3087.076 94 
0.1871694 0.9237356 0.8989267 0.1992195 0.2388176 0.3020736 0.5199556 1 210.0217 249.3313 248.2772 240.5797 278.2194 1054.223 94 
0.9999988 0.08705857 0.8107447 0.9999959 1 1 1 1 2684.399 5368.794 5368.799 5368.793 5368.786 2684.41 95 
0.1794387 0.9721469 0.8557475 0.1647945 0.2535691 0.3295356 0.5183471 1 166.6447 196.5472 249.4282 252.5037 264.4018 1011.227 95 
1 0.09185266 0.8961198 0.6573309 0.3220183 1 1 1 1862.01 3724.02 4036.594 4694.693 4694.693 2832.683 96 
0.2045159 0.8958606 0.8669153 0.2095567 0.2397758 0.3556728 0.5265563 0.9999999 225.4865 271.6021 259.4836 283.0443 277.2598 1076.017 96 
0.172151 0.9099138 0.9070346 0.1950826 0.2334994 0.326373 0.4889467 0.9999999 208.8151 244.7628 243.314 257.4234 261.8301 1070.393 97 
0.1867191 0.923682 0.8833165 0.1789425 0.2589275 0.3366479 0.5128753 1 187.2983 222.2704 264.0236 263.701 265.9138 1046.695 97 
1 0.09416623 0.8360866 0.8077463 1 1 1 1 2103.073 4206.147 4706.704 4706.704 4706.704 2603.631 98 
0.165605 0.9670844 0.8987202 0.1572802 0.2453893 0.3231373 0.5084687 1 158.2102 184.4106 238.5565 246.2124 260.9304 1005.913 98 
0.9999998 0.08834514 0.850525 0.7438215 1 1 1 1 2049.16 4098.319 4804.067 4804.066 4804.065 2754.908 99 
0.869738 0.1107348 0.8138286 0.5993292 8.945593e-19 0.9999979 0.9999981 0.9999978 1848.604 3456.406 3006.168 3850.427 3348.865 3084.456 99 
0.1726592 0.9063757 0.8785387 0.1961811 0.2555289 0.3049461 0.4917585 1 209.6285 245.8228 261.9218 240.2177 260.0353 1068.546 100 
0.9027431 0.1099603 0.8549128 0.6627047 1 1 1 1 1828.121 3478.444 4070.596 3674.703 3317.312 2758.575 100 
