0 0.008443201 0.03724721 0.05814687 0 0 0 0 141.3954 0 NaN NaN NaN 1 
1.712254e-21 0.007243539 0.03301108 0.05967883 1.281031e-18 0 0 0 159.3864 3.696222e-09 1.224799e-11 NaN NaN 1 
0.02556659 0.007875335 0.03430101 0.06424085 9.638422e-14 0 0 0 180.4688 46.38056 142.0041 253.8555 358.3019 2 
0 0.007034679 0.03081672 0.05928135 0 0 0 0 159.1462 2.695804e-14 NaN NaN NaN 2 
0.02044792 0.07772845 0.02344374 0.01327439 0.01596953 0.02012757 0.02641264 1.699975e-05 15.24006 15.46589 15.70535 15.75025 15.9861 3 
0.0181396 0.06108543 0.02191801 0.01256719 0.0151663 0.01931455 0.02526706 8.172478e-15 13.51456 13.84582 14.45324 14.48326 14.86594 3 
0.01670386 0.0665766 0.02209028 0.01284727 0.01532473 0.01957204 0.02557026 5.289101e-05 13.67029 13.61239 14.22515 14.10381 14.08874 4 
NaN 0.008885327 0.03819385 0.05507341 NaN 0 0 0 132.0712 0 0 0 0 4 
0.0311067 0.0234795 0.01686179 0.02420006 0.03171041 0.0423417 NaN NaN 57.96531 61.97191 68.82138 56.18716 63.57472 6 
0.0002206646 0.00743439 0.03226618 0.05260796 1.706052e-06 0 0 0 139.0385 0.3762181 1.123817 2.081618 3.039418 6 
0.02389656 0.007978408 0.02814574 0.05069503 NaN NaN 0 0 150.3879 34.76956 106.3455 198.1889 274.3227 7 
0 0.007242093 0.03026039 0.05187187 0.1580708 0 0 0 151.7977 159.7984 0 3.548237e-14 NaN 7 
0 0.006726106 0.02577363 0.0584144 0 0 0 0 155.6941 0 NaN NaN NaN 8 
0.01402372 0.04955274 0.01977647 0.0123475 0.01513861 0.0189585 0.02461439 4.30155e-05 12.50041 12.88126 12.96228 13.7149 12.85221 8 
0.01276433 2.526901e-06 0.02254076 0.01236007 0.01541668 0.01954815 0.02541565 2.483658e-11 12.06342 12.55256 12.66735 12.4387 12.59018 9 
0.03155427 0.01103684 0.03079482 0.04391428 0.07499401 NaN NaN 0 129.4798 149.1569 96.80804 166.2879 245.3253 9 
0.03165525 0.01063304 0.02828265 0.04819139 0.08481775 NaN 3.339431e-05 0 151.1268 165.1318 112.8909 189.1838 269.8687 10 
0 0.007019745 0.03084057 0.05916421 0 0 0 0 160.2319 0 NaN NaN NaN 10 
0.01756036 0.06574042 0.01604668 0.01324404 0.01580676 0.01993522 0.02604904 7.367615e-06 14.46056 14.26828 14.56822 14.38088 14.7875 11 
0.01233474 5.352625e-09 0.01792569 0.01253073 0.01577174 0.01978619 0.02564667 2.892788e-05 12.21747 12.7463 12.488 12.68689 12.07991 11 
0.01405432 0.03890196 0.01819986 0.01263755 0.01522131 0.01891793 0.02465249 2.338763e-05 12.70977 12.695 12.7304 13.41283 13.00482 12 
0.03434103 0.01002199 0.03566445 0.05572348 0.1030437 NaN 0 0 173.6254 199.6075 141 244.1195 353.5324 12 
0.02413505 0.008537036 0.03217418 0.0571082 4.296324e-15 0 0 0 157.2544 38.30868 118.3533 207.7234 281.18 13 
0.0252582 0.007612595 0.0286416 0.0623805 4.307344e-13 0 0 0 167.5574 42.54391 128.8525 236.8524 341.8294 13 
0.01404134 0.03065637 0.01911188 0.01277252 0.01568334 0.01973466 0.02553474 2.319319e-05 12.79889 12.94043 12.93047 12.42205 13.36055 14 
0.01412209 0.03547789 0.0191572 0.01249258 0.01504845 0.01938709 0.02522289 7.547913e-06 12.41825 12.49538 13.19183 13.09036 12.83226 14 
0.03156679 0.01052191 0.02450711 0.04740949 0.08487777 NaN 0 0 149.2553 175.0451 107.0379 186.4766 266.292 15 
0.03254123 0.01054844 0.03119603 0.04974325 0.08863216 NaN NaN 0 148.7213 169.9242 114.8862 197.8879 287.348 15 
0.01845784 0.07443444 0.022516 0.01325592 0.01592821 0.02014161 0.02632761 1.022542e-05 14.74809 14.78401 15.02456 15.45382 14.22484 16 
0.01647264 0.05907443 0.02166878 0.0128407 0.01565715 0.01926863 0.02515929 4.95157e-05 13.54454 13.76005 13.44108 14.00934 14.16788 16 
0.03154763 0.01041665 0.02471842 0.04895197 0.08748652 NaN 0 0 144.5099 165.3439 109.7375 189.6444 276.988 17 
0.02828886 0.01276378 0.02753041 0.03852057 0.06356155 NaN NaN 0 95.94386 98.37896 69.9983 111.4616 165.3024 17 
0.01304068 1.176695e-05 0.02076603 0.0124629 0.01535691 0.01945602 0.02526213 5.33529e-17 12.22611 12.50462 12.67699 12.36686 12.80907 18 
0 0.008793833 0.04235089 0.05552873 0.1913174 0 0 0 154.9337 160.3454 2.175027e-14 NaN NaN 18 
0.01292908 0 0.01799426 0.01244041 0.01573018 0.01977978 0.02569964 7.009906e-05 12.14184 12.76527 12.54769 12.57814 12.32189 19 
0.01392295 0.04385834 0.01840903 0.01206197 0.0145616 0.01889238 0.02454408 1.511832e-05 12.30997 12.56562 13.46679 13.51358 13.01367 19 
0 0.00953235 0.03860457 0.06046386 0 0 0 0 138.5403 0 NaN NaN NaN 20 
0.01414313 0.04641933 0.01719609 0.01189852 0.01486991 0.01871105 0.02430508 3.836394e-05 12.15538 12.93385 13.08042 13.12358 13.74722 20 
1.057256e-17 0.009809064 0.04502874 0.05539411 0.1903797 5.295424e-14 0 0 148.7758 151.9757 7.462739e-07 1.080767e-08 1.080769e-08 21 
0.01625796 0.05381955 0.02164164 0.01238863 0.01552866 0.01933525 0.02523305 4.757729e-05 12.95657 13.74459 13.49991 13.98189 13.88671 21 
0.01406603 0.03696178 0.01974505 0.01283576 0.01565862 0.01930286 0.02514407 1.077008e-05 12.86522 12.92062 12.62089 13.12559 13.03388 22 
0.03877068 0.01952877 0.02888821 0.02381493 8.066789e-31 0.03954033 0.06490578 2.509437e-06 83.11289 98.06905 154.7513 159.6626 140.9582 22 
0.02474388 0.00719538 0.02553032 0.05819473 NaN NaN 0 0 188.2306 44.99965 138.9084 252.3969 352.4883 23 
0.03218729 0.01008817 0.02577957 0.04804304 0.0860998 NaN NaN 0 155.8799 185.9593 114.3356 201.1038 291.496 23 
0.03340492 0.009975907 0.02946229 0.0553833 0.1037096 NaN NaN 0 178.6828 202.8387 136.8428 235.676 333.8955 24 
NaN 0.007294187 0.03092199 0.05505896 NaN 0 0 0 144.1305 0 0 0 0 24 
0.03541632 0.02032989 0.01999173 0.02713976 0.02969152 9.380861e-54 0.05840892 7.855274e-06 84.5242 74.46671 89.39511 125.7567 107.0021 25 
0.01435781 0.04780258 0.02374535 0.01233445 0.0154336 0.01901154 0.02478012 9.649219e-06 12.48364 13.14484 12.73981 13.42141 13.22509 25 
0 0 0 0 0 0 0 0 0 0 NaN NaN NaN 26 
0.03423174 0.01125145 0.0387506 0.05342575 0.09684336 NaN NaN 0 152.7397 169.3814 125.0491 211.8633 302.0058 26 
0.01894353 0.06747023 0.01947776 0.0131144 0.01584039 0.0202649 0.02663461 1.653485e-05 14.66745 14.90027 15.44633 15.36531 14.88482 27 
0.03167065 0.01056198 0.02789843 0.04766084 0.08329838 NaN 0 0 148.8172 161.7044 112.3809 187.9542 271.9744 27 
0 0.008086883 0.03457973 0.05223179 0.1616577 0 0 0 142.7799 149.3563 1.837835e-14 NaN NaN 28 
0.01403449 0.03383479 0.02099938 0.01237032 0.0152631 0.01947704 0.02534586 3.405853e-05 12.44643 12.84804 13.18105 13.11178 12.83204 28 
0.02205936 0.08502451 0.02091467 0.01303535 0.01638666 0.02102984 0.02787614 2.075925e-05 15.75829 17.18747 17.28044 16.84421 16.77426 29 
0.0174318 0.06206523 0.02078646 0.01301551 0.01599092 0.02001628 0.0261594 3.46309e-05 14.11012 14.48246 14.30773 14.84526 14.03485 29 
0.02441811 0.007833575 0.02880534 0.05962921 5.665468e-15 0 0 0 170.4081 41.58906 128.4665 229.1405 317.8489 30 
0 0.007497814 0.03015335 0.05705488 0 0 0 0 139.3265 1.100351e-10 6.729038e-15 NaN NaN 30 
0.0300489 0.01139058 0.02695713 0.04121744 0.06896678 NaN 0 0 121.6189 134.4506 87.34053 145.4096 212.7583 31 
0.01759861 0.06463682 0.01825228 0.01274136 0.01627016 0.01984489 0.0259114 1.173222e-05 13.85065 14.96357 13.79611 14.72438 14.63169 31 
0 0.007912252 0.03370426 0.0574035 0 0 0 0 140.9714 0 NaN NaN NaN 32 
0.02559975 0.008328114 0.0363775 0.0608864 NaN 0 0 0 164.3282 42.19165 129.3173 233.4708 329.3406 32 
0.02538174 0.007646867 0.03130269 0.06461333 NaN 0 0 0 176.862 45.71438 138.6822 250.8971 359.4665 33 
0 0.007346501 0.028908 0.05801968 0 0 0 0 142.2427 0 NaN NaN NaN 33 
0.01800267 0.06598872 0.01750006 0.01295927 0.01552548 0.01929345 0.0253149 1.004206e-05 14.09523 14.15145 14.23977 15.05534 14.60486 34 
0 0.008037529 0.03538745 0.05323312 0.165516 0 0 0 145.9161 159.2168 4.275638e-13 2.138019e-14 NaN 34 
0.01404609 0.04393623 0.0173567 0.01245051 0.01519987 0.01926659 0.02507207 2.171264e-05 12.51617 12.7865 13.08625 13.06968 13.20627 35 
0.01604851 0.05664858 0.01949067 0.01277874 0.0157614 0.0198902 0.02596477 5.454973e-05 13.33566 13.74771 13.76967 13.8333 13.62529 35 
0.01320402 0 0.01811591 0.01257296 0.01518759 0.01917047 0.02485074 4.591388e-05 12.1832 12.19735 12.4777 12.34986 12.94488 36 
0.03293562 0.009637169 0.02646652 0.05356076 0.09788474 NaN NaN 0 180.641 200.2923 139.5962 237.5558 341.1106 36 
0.0309712 0.01051379 0.0227736 0.04844611 0.08725385 NaN NaN 0 156.1658 156.0872 117.298 187.3398 265.4128 37 
NaN 0.007336983 0.03592748 0.06186355 NaN 0 0 0 169.6768 0 0 0 0 37 
0.02422713 0.007541197 0.02498892 0.05744777 NaN 0 0 0 174.4521 41.4668 128.1079 231.0387 320.2996 38 
0.01443057 0.04355349 0.02246772 0.01281737 0.01542537 0.01911114 0.02490998 1.991562e-05 12.80099 12.73726 12.69249 13.14647 13.24582 38 
0.02497407 0.007807499 0.03174862 0.06212842 7.311673e-15 0 0 0 176.6811 44.3708 136.4815 243.6798 341.4803 39 
0.01640522 0.06147032 0.02080378 0.01227152 0.01605891 0.01944555 0.02539074 4.737299e-05 12.97447 14.498 13.14371 14.41142 13.82911 39 
0.01884317 0.07693035 0.02185612 0.01259791 0.01534562 0.01961105 0.02569188 3.68219e-05 14.15939 14.69965 15.24257 14.99844 15.41335 40 
0.03550656 0.0236839 0.02480263 0.02274414 0.02601466 6.118546e-27 0.04284289 5.185859e-06 69.71825 58.1316 66.29901 106.4633 86.51744 40 
0.01398372 0.04143843 0.02036342 0.01192055 0.01508771 0.0194854 0.02545017 2.617883e-05 12.03515 12.97279 13.483 12.79497 13.25894 41 
0 0.008468501 0.0371758 0.05759405 0 0 0 0 141.9738 0 NaN NaN NaN 41 
6.415031e-16 0.008800992 0.04104346 0.05695557 6.632066e-18 0 0 0 142.052 1.515981e-07 1.568772e-07 1.568744e-07 1.568717e-07 42 
0.01595506 0.05597942 0.01974793 0.01324556 0.01579196 0.01993466 0.02600848 5.199437e-05 13.86885 13.53042 13.80592 13.63136 13.78591 42 
0.03338962 0.009222478 0.0200001 0.05382978 0.1031914 NaN NaN 0 182.7764 227.2346 138.1618 248.7365 360.8563 43 
0 0.007957567 0.03667782 0.05875871 0 0 0 0 150.1072 0 NaN NaN NaN 43 
0.02584472 0.008505757 0.03696109 0.06014084 6.220503e-13 0 0 0 152.0275 39.54303 120.1179 221.4743 318.4987 44 
0.0248247 0.007563611 0.02678198 0.05998137 6.979272e-13 0 0 0 167.6985 41.44071 126.5126 232.4724 332.3907 44 
0.02521651 0.007647003 0.03240621 0.05746486 NaN NaN 0 0 169.8556 41.60815 127.4976 236.5011 336.7487 45 
0.02552964 0.008186235 0.03625014 0.06387234 NaN 0 0 0 174.6932 44.94932 138.1706 244.8811 342.4947 45 
0.02477303 0.008242384 0.03286529 0.06019413 1.032734e-14 0 0 0 168.0644 41.51902 128.4826 226.4466 310.7285 46 
0.03281676 0.009644074 0.02689487 0.05551749 0.1040607 NaN NaN 0 180.1312 192.0456 143.2912 240.4187 346.6429 46 
0 0.009044862 0.03967876 0.05893325 0 0 0 0 144.4309 0 NaN NaN NaN 47 
2.065319e-22 0.008250308 0.03819688 0.05658446 7.174105e-18 0 0 0 143.5109 7.194483e-09 9.884848e-14 9.884936e-14 NaN 47 
0.02940167 0.01138409 0.0321487 0.03932549 0 NaN NaN 0 97.78363 119.8503 114.1315 175.0325 246.0316 48 
0.01395257 0.03685509 0.02023746 0.01263393 0.01545937 0.01961537 0.02553645 4.039452e-05 12.68773 12.87457 13.09521 12.97167 12.92493 48 
0.01786286 0.06666128 0.0199586 0.01295477 0.01593383 0.01993172 0.02601995 6.791053e-20 14.1403 14.58811 14.41328 14.44746 14.90133 49 
0 0.008191441 0.03593466 0.05629437 0 0 0 0 138.2426 0 NaN NaN NaN 49 
0.02992279 0.01094692 0.01980897 0.04181378 0.07214823 NaN NaN 0 126.9988 150.5124 87.6996 152.8549 223.5679 50 
NaN 0.006824034 0.02718544 0.05773396 NaN 0 0 0 154.2299 0 0 0 NaN 50 
0.01396535 0.03463823 0.02130618 0.01334562 0.01583601 0.01987811 0.02585345 1.454921e-05 13.313 12.72078 12.87221 12.97226 12.67055 51 
5.274158e-19 0.008368893 0.03706622 0.05562612 3.728633e-16 0 0 0 137.081 9.860069e-08 1.892251e-10 1.892273e-10 1.892295e-10 51 
2.706773e-05 0.00782219 0.03511945 0.05488133 8.434271e-06 0 0 0 141.7446 0.05485691 0.1441311 0.2620838 0.3800366 52 
0.03024974 0.0110211 0.02495312 0.04259889 0.07190316 NaN NaN 0 127.8904 135.5709 94.07485 153.9096 227.3707 52 
NaN 0.00652657 0.02295361 0.05879146 NaN 0 0 0 159.7282 0 0 0 0 53 
3.710251e-05 0.00723658 0.03558254 NaN 0 0 0 0 0 0.0967159 0.2901477 0.4835795 0.6770112 53 
0.02507965 0.007498248 0.03006789 0.0606458 NaN NaN 0 0 179.5853 44.56481 136.7307 248.3476 351.3521 54 
0 0.00826456 0.03713418 0.05538985 0.1933201 0 0 0 150.5209 155.6032 2.066171e-14 NaN NaN 54 
2.044128e-19 0.008936925 0.03857755 0.05644944 1.701012e-14 0 0 0 136.705 3.520218e-06 3.441224e-11 3.441309e-11 NaN 55 
0.01607352 0.05304386 0.01909949 0.01290946 0.0151137 0.01953961 0.02550686 0 13.42006 13.02322 14.01721 13.56012 13.93449 55 
0.03137205 0.0109978 0.02994832 0.04488556 0.0772446 NaN 0 0 136.905 155.1575 100.0303 170.0559 245.7452 56 
0.001297047 0.00835954 0.03977235 0.0574825 NaN NaN 0 0 153.5118 2.411626 7.599211 13.59599 19.59262 56 
0.03181819 0.01033855 0.02530351 0.04828612 0.08749696 NaN NaN 0 156.2058 184.3265 112.3438 196.5099 279.1441 57 
NaN 0.007525268 0.03005847 0.05493492 NaN 0 0 0 136.4952 0 0 0 0 57 
0.03544149 0.02128668 0.0208719 0.02105156 NaN 0.03436435 0.0559371 6.93514e-06 70.81137 77.47378 125.0014 128.748 104.8137 58 
0.0309696 0.01151671 0.02906121 0.04210174 0.07349675 NaN 0.001271541 0 115.0029 141.8368 82.53729 147.4413 218.0598 58 
0 0.007088576 0.03214166 0.05722054 1.346483e-19 0 0 0 156.9531 1.338514e-10 8.112247e-13 8.112247e-13 NaN 59 
0.03100025 0.01057323 0.02282651 0.04554008 0.07881535 NaN NaN 0 139.3957 155.7902 102.2081 173.1602 252.3197 59 
0.01696882 0.07142774 0.01770654 0.01233463 0.01495937 0.01915665 0.02503094 4.538986e-05 13.12908 13.56884 14.24434 14.29531 14.39004 60 
0.01800335 0.06780676 0.01788781 0.01306392 0.01573418 0.01942424 0.02546068 3.304526e-05 14.38232 14.45019 14.27405 15.04354 14.78012 60 
0.02957641 0.01106109 0.02255858 0.04058843 0.06757967 NaN 0 0 123.6866 130.791 89.07974 144.6133 215.2593 61 
0.02077436 0.07600943 0.01881635 0.01380141 0.01596016 0.0205637 0.02712564 2.256837e-05 16.24475 15.56127 16.855 16.06064 16.37193 61 
0.02534876 0.007048258 0.02517017 0.07102507 NaN 0 0 0 218.2018 55.60674 170.7219 297.1117 415.4161 62 
0.02895097 0.01121997 0.01861316 0.03985935 0.06637282 NaN 0 0 120.2467 122.3375 86.122 136.2491 202.8567 62 
0 0.007165925 0.03219075 0.04215053 0.0001224124 1.18222e-08 0 0 126.6898 126.689 1.066214e-05 6.804708e-15 6.80471e-15 63 
0.0310425 0.01078996 0.02576058 0.04713733 0.0826836 NaN 0 0 145.0001 158.1992 106.7731 178.6366 254.6559 63 
0.03098209 0.01130944 0.0289298 0.04407306 0.07514245 1.022291e-13 0 0 127.4641 141.554 94.18355 158.4175 230.7401 64 
0.03095053 0.01091383 0.02535591 0.04584356 0.08003464 NaN NaN 0 138.8157 156.9279 100.584 171.3748 245.7215 64 
0.01278617 0 0.01814946 0.01215106 0.01561446 0.01943977 0.02517967 6.753872e-05 11.90804 12.85794 12.41858 12.27014 12.92446 65 
0.01636921 0.06207986 0.01845333 0.01248349 0.015271 0.01946017 0.02541167 1.860999e-05 13.16959 13.61644 14.03794 14.1256 13.87694 65 
0.0190841 0.07765486 0.02072396 0.01262501 0.01547172 0.01947503 0.02554046 1.591478e-05 14.05215 14.72408 14.89258 15.51393 14.99326 66 
0.02086606 0.07778946 0.01820115 0.01381133 0.01634363 0.02058265 0.02696414 2.52237e-05 16.26949 15.99109 16.35655 15.94722 16.79315 66 
0 0.007465492 0.03346992 0.06099321 0 0 0 0 157.6279 2.77365e-14 NaN NaN NaN 67 
0.01612043 0.05866378 0.01883415 0.01281109 0.01561449 0.01983229 0.02580046 6.939224e-05 13.46683 13.67967 13.94986 13.35158 14.27154 67 
NaN 0.006047852 0.02584151 0.06224463 NaN 0 0 0 196.0232 0 0 0 0 68 
0 0.01037349 0.04512113 0.05313095 0.1607384 0 0 0 138.6068 146.1879 0 NaN NaN 68 
0.01757586 0.06269344 0.01960854 0.0131931 0.01622935 0.01995445 0.02610261 2.340892e-05 14.20653 14.53521 13.93722 14.81565 14.19705 69 
0.03342198 0.009610912 0.02716826 0.05707818 0.1075279 NaN NaN 0 188.7072 207.2658 148.1459 251.7299 358.7408 69 
NaN 0.006530773 0.02706651 0.06041017 NaN 0 0 0 170.5613 0 0 0 0 70 
0.03431982 0.009426699 0.02648929 0.0578287 0.1127901 NaN NaN 0 183.2667 225.5617 144.3794 258.4266 376.0732 70 
0 0.009348543 0.04339254 0.05314288 0.1630335 0 0 0 142.9753 150.9332 1.80776e-14 NaN NaN 71 
0.0130436 0 0.01769143 0.01199258 0.01502719 0.01896201 0.02463296 7.90298e-05 11.74073 12.42643 12.5651 12.72838 12.75696 71 
0.0002002543 0.00644663 0.03286841 NaN 0 0 0 0 0 0.5667409 1.700221 2.833698 3.967172 72 
0.0128121 0 0.01829247 0.01218998 0.01571614 0.01946438 0.02518473 8.227292e-05 11.87304 12.85289 12.28506 12.91144 12.1504 72 
0.0159815 0.05674607 0.01957884 0.01274026 0.01563229 0.01980741 0.02586296 3.101849e-05 13.33959 13.68087 13.85286 13.73574 13.7874 73 
0.0309295 0.01083889 0.02457611 0.04428186 0.07623599 NaN NaN 0 140.6281 159.6681 99.42127 168.7717 241.5352 73 
0.01425196 0.03427708 0.01956671 0.01258775 0.01523699 0.01914883 0.0249237 5.990928e-15 12.51526 12.60658 12.81452 13.14619 13.00859 74 
0.01655347 0.06358114 0.02009362 0.01195173 0.01540532 0.01939888 0.02532659 5.381273e-05 12.58456 13.99031 13.85699 14.09745 14.09281 74 
0.03322907 0.01114646 0.03728602 0.04781437 0.08268071 NaN NaN 0 141.4257 156.8054 112.7129 190.0517 277.1293 75 
0.03640855 0.01975865 0.02158363 0.02970257 0.03152413 NaN 0.06221755 6.243789e-07 94.9047 78.95935 101.5773 142.7725 114.9769 75 
0.02582911 0.008186567 0.03942701 0.05677601 NaN NaN 0 0 164.3876 41.47663 126.9026 236.3545 337.4405 76 
0.01226269 4.4172e-06 0.01764372 0.01220569 0.01531647 0.01926719 0.02503061 9.887759e-15 12.0226 12.62925 12.58239 12.62965 12.6057 76 
7.359714e-08 0 0 0 0 0 0 0 0 323497224894 NaN NaN NaN 77 
0 0 0 0 0 0 0 0 0 0 NaN NaN NaN 77 
1.664617e-07 0 0 0 0 0 0 0 0 4.8679e+11 NaN NaN NaN 78 
0.02439581 0.007579069 0.02794669 0.06021692 NaN NaN 0 0 190.0406 45.69722 141.938 248.4282 337.7906 78 
0.03305859 0.01034929 0.03132466 0.04880746 0.08845089 NaN 0 0 146.671 180.9763 111.8367 200.1719 294.5813 79 
0.02967409 0.01158921 0.02649833 0.03951303 0.06532321 NaN NaN 0 117.0157 129.9646 82.38699 136.4975 199.9155 79 
0.01270972 0 0.0191556 0.01253734 0.01496128 0.01907845 0.0247444 5.942984e-05 12.27406 12.1226 12.64743 12.40409 12.94996 80 
0 0.008353815 0.03656295 0.05925044 0 0 0 0 144.3937 0 NaN NaN NaN 80 
NaN 0.007738446 0.03677261 0.059202 NaN 0 0 0 157.9853 0 0 0 0 81 
0 0.009191352 0.03971808 0.05838507 0 0 0 0 142.2617 0 NaN NaN NaN 81 
0.03186342 0.01064068 0.02933711 0.05009052 0.09084315 NaN 0 0 158.6221 159.5672 122.1987 196.542 278.7728 82 
0 0.009105916 0.03881227 0.05769557 0 0 0 0 139.7018 0 NaN NaN NaN 82 
0.01361219 0.04079843 0.01910776 0.0129468 0.01553153 0.02001465 0.02616263 1.342294e-05 13.11892 12.86533 13.45937 12.73263 12.85784 85 
0.03099402 0.01085084 0.0272512 0.04064844 0.06951108 NaN 0 0 128.9272 156.9553 89.38295 157.3153 232.0725 85 
3.554851e-19 0.007192543 0.0305672 0.05693578 9.737821e-17 0 0 0 148.7449 6.703299e-08 1.263912e-09 1.263913e-09 1.263914e-09 86 
0.02215164 0.0859777 0.01597158 0.01365049 0.01591422 0.02019757 0.0266448 7.116076e-06 16.67613 16.3643 17.22707 17.25953 17.1563 86 
0.03306273 0.01029245 0.03267976 0.0497143 0.08861084 NaN NaN 0 155.5732 181.928 119.9823 208.8262 304.0286 87 
0.03067494 0.02416784 0.01900968 0.02341223 0.03162659 0.04310914 NaN NaN 55.18183 62.29215 62.45677 54.70778 59.55402 87 
0.02458742 0.008299762 0.03255372 0.05440878 1.324263e-15 0 0 0 150.4577 36.36009 111.6887 206.2318 289.3312 88 
0.02031354 0.07610417 0.0229436 0.01321486 0.01563885 0.01993647 0.02622169 1.4898e-05 15.01442 15.00703 15.77281 16.02586 15.4437 88 
0.01266902 1.034686e-05 0.01754955 0.0123353 0.01515785 0.01941211 0.02524557 9.624754e-10 12.1256 12.41393 12.83265 12.39087 12.73641 89 
0.01633779 0.05331286 0.01966325 0.01250383 0.0152151 0.01880948 0.02452465 1.088246e-05 13.12497 13.42763 13.36498 13.8104 14.40023 89 
0 0.00749416 0.03592144 0.05916985 0 0 0 0 160.7309 4.556897e-07 7.160545e-15 NaN NaN 90 
0.0159207 0.06137613 0.01803095 0.01285785 0.01590358 0.0201448 0.02633406 1.053104e-05 13.59448 14.01258 14.00087 13.77731 13.69984 90 
0 0.008175469 0.03575864 0.05920131 0 0 0 0 144.6215 0 NaN NaN NaN 91 
0.03056401 0.01079482 0.02140832 0.0449097 0.07842073 NaN NaN 0 137.1203 157.5894 97.49029 167.5918 241.4918 91 
0.03122158 0.01129219 0.03268751 0.04050589 0.06698047 NaN NaN 0 119.995 135.8003 88.59918 149.5146 225.4959 92 
0.03136171 0.01035025 0.02471151 0.04934763 0.08822599 NaN 0 0 154.1501 163.7681 117.3763 194.983 280.9646 92 
0.0340399 0.01020426 0.03449293 0.05315517 0.09811348 NaN NaN 0 164.602 196.9347 129.0307 227.4034 328.9804 93 
0.02602312 0.007508039 0.03259816 0.06764195 2.534518e-11 0 0 0 188.7467 49.86796 150.5602 271.318 389.9529 93 
0.03639548 0.02056074 0.02402162 0.02630742 0.02888766 NaN 0.05763734 7.470982e-06 81.21301 73.58419 87.32743 128.2519 105.2933 94 
0.0162553 0.05800822 0.01899865 0.01295998 0.01539901 0.01902599 0.02491133 6.970002e-15 13.6627 13.43882 13.46384 14.38631 13.78389 94 
0.0001598962 0.007174394 0.03644831 NaN NaN 0 0 0 0 0.4292252 1.287674 2.146124 3.004571 95 
0.01425984 0.03815733 0.02313727 0.0118754 0.01522429 0.01905085 0.0247771 1.426833e-05 12.00873 13.12418 12.93807 13.37058 13.06809 95 
0 0.007000631 0.02519189 0.05367936 0.1761773 0 0 0 152.0566 158.5151 8.713965e-13 1.080915e-14 1.080915e-14 96 
0.0173573 0.05990122 0.02110956 0.01335667 0.01567424 0.0201806 0.02644506 2.624632e-05 14.37201 13.86878 14.77534 14.44421 14.02478 96 
0.01658256 0.06763194 0.01930815 0.0128757 0.01525018 0.0193218 0.0252276 1.677868e-05 13.78206 13.58406 14.10205 14.12347 14.32443 97 
0.01626929 0.05807328 0.02082851 0.01246403 0.01567199 0.01967591 0.02567734 1.407026e-05 13.04604 13.88257 13.7105 13.99493 13.7426 97 
0 0.007489474 0.03432525 0.0608433 3.163309e-21 0 0 0 158.4135 1.856545e-11 6.87917e-15 NaN NaN 98 
0.01426775 0.04492408 0.02013702 0.01171823 0.01507301 0.01887081 0.02456563 1.091204e-05 11.78752 13.02873 12.93312 13.38655 13.24666 98 
NaN 0.007187109 0.0341534 0.0583895 NaN 0 0 0 160.8577 0 0 0 0 99 
0.03094392 0.01025312 0.03661561 0.03929975 0 NaN NaN 0 121.2183 147.9072 140.2954 214.3199 305.228 99 
0.0170058 0.06996121 0.02238856 0.0129542 0.01577891 0.01934879 0.02530062 1.284943e-05 13.84216 14.06192 13.61409 14.37366 14.28679 100 
0.02354298 0.008586264 0.02978409 0.0559259 1.873308e-16 0 0 0 154.2758 36.92802 113.8213 198.3407 265.4871 100 
