0.03828731 0.01881094 0.02146044 0.01364708 0.01765092 0.02205541 0.02951868 1.892322e-05 13.83931 18.80108 26.74899 43.58092 64.67742 1 
0.04390329 0.01928681 0.02314562 0.01319479 0.01684209 0.02099797 0.02818766 4.883752e-05 13.14093 18.45406 27.7807 46.41931 70.96359 2 
0.03291994 0.018784 0.02079742 0.01450106 0.01771111 0.02229838 0.02967405 3.260225e-16 14.79948 18.21807 25.777 38.86534 55.12748 3 
0.03323457 0.01920573 0.02071258 0.01386895 0.0172348 0.02272107 0.03099428 9.333149e-17 14.14147 17.94648 24.87329 36.25915 53.2331 4 
0.03600458 0.01896624 0.02202019 0.01357377 0.01648031 0.02157634 0.02885963 1.805136e-16 13.84719 17.57229 25.36744 37.59933 55.34757 5 
0.03385222 0.01648754 0.0215709 0.01372196 0.01688723 0.02101516 0.02789204 6.413513e-17 13.72437 17.26824 24.18422 36.873 52.3835 6 
0.03789505 0.0174914 0.02184203 0.01403321 0.01686849 0.02126452 0.02848368 2.069268e-15 14.07159 18.18234 27.79805 44.26757 65.57053 7 
0.0397853 0.018242 0.02198617 0.01379078 0.01712525 0.02172375 0.02910353 9.854559e-16 14.00668 18.67921 28.34021 45.90143 68.9667 8 
0.03778652 0.01823043 0.02127055 0.01376938 0.01678514 0.02218602 0.03020333 7.194604e-15 13.901 18.31927 27.68642 43.25168 66.58277 9 
0.03317183 0.01637299 0.02114848 0.01393109 0.01690189 0.02129144 0.02798168 8.317862e-16 14.04046 17.38712 24.77177 37.48061 53.66814 10 
0.04210005 0.01858148 0.02186126 0.01417128 0.01727813 0.02200691 0.02959691 7.049142e-14 14.30989 19.35124 31.14163 51.83825 79.73579 11 
0.0377062 0.01766651 0.0213593 0.01332122 0.01695648 0.02100572 0.02780214 8.378996e-16 13.3744 18.01735 25.77053 41.61838 62.67473 12 
0.03248085 0.0171774 0.02083952 0.01270323 0.01651637 0.02101224 0.02803205 7.807456e-17 12.84667 16.95259 21.82266 32.05988 46.38024 13 
0.03696246 0.01942645 0.02188939 0.01326514 0.01768724 0.02205859 0.02948423 1.137809e-15 13.30325 18.29084 24.34347 38.63833 56.826 14 
0.03111418 0.01876109 0.02066797 0.01395699 0.01660236 0.0216278 0.02919799 1.320538e-17 14.34709 17.252 23.87186 33.6631 46.92574 15 
0.03682395 0.01600886 0.02118612 0.01360779 0.01668128 0.02109186 0.02809707 8.274277e-16 13.66746 17.85759 26.59126 42.42713 63.47213 16 
0.03530018 0.0188143 0.02106741 0.01352725 0.0173197 0.02236538 0.03011947 8.421064e-16 13.77194 18.28249 25.3324 38.85896 58.34143 17 
0.03238862 0.01740643 0.02087375 0.01300666 0.017149 0.02170124 0.02890949 1.73618e-16 13.12858 17.34068 22.10688 33.00417 47.63323 18 
0.03559141 0.01383025 0.02229926 0.01231437 0.01585968 0.01967991 0.0258682 5.332163e-16 12.23889 16.32828 21.9269 33.66772 49.43002 19 
0.03675755 0.01750399 0.02203412 0.01456167 0.01720434 0.02172689 0.0289524 2.804794e-16 14.57055 18.12604 28.13554 43.70244 62.61943 20 
0.03249815 0.01747785 0.02142601 0.01377617 0.01687982 0.02123034 0.02815577 4.776548e-17 13.92421 17.1486 23.48303 34.61971 48.2221 21 
0.03541323 0.01584589 0.02138441 0.01415244 0.01660131 0.02114392 0.02821166 2.849396e-16 14.12115 17.66612 27.0114 41.98704 61.39545 22 
0.03432547 0.01561195 0.02134298 0.01280979 0.01670602 0.02139752 0.02850763 5.792644e-17 12.77871 17.12078 22.89596 35.08302 52.84009 23 
0.03887507 0.01873311 0.02209218 0.01468467 0.01741056 0.0216884 0.02873119 7.723332e-16 14.85279 18.88997 30.11929 48.14606 70.28324 24 
0.03361842 0.01638391 0.02095272 0.01387598 0.01726484 0.02208261 0.02941046 9.972234e-17 13.9783 17.69626 24.98506 38.29318 55.98966 25 
0.03664586 0.01745951 0.02175746 0.01343612 0.01673333 0.02139262 0.02846714 4.276511e-16 13.51223 17.54942 25.10159 38.72509 57.0752 26 
0.0321709 0.01609881 0.02108329 0.01300212 0.01647101 0.02167609 0.02916635 2.298824e-16 13.05138 16.73772 22.17949 31.98563 47.37901 27 
0.03382744 0.01609254 0.02142833 0.0134875 0.01664389 0.02139984 0.02854471 2.379105e-16 13.54368 17.15319 24.00629 36.10714 52.45454 28 
0.0460004 0.02179493 0.02248718 0.01480701 0.01881678 0.0237104 0.0319659 8.321491e-14 14.97963 21.29571 33.93689 58.63299 90.49162 29 
0.03615055 0.01828986 0.02122221 0.01364114 0.0171551 0.02185067 0.02930355 3.632298e-16 13.80599 18.1658 25.85477 40.40232 60.09954 30 
0.03555601 0.0170872 0.02061439 0.01342847 0.01710755 0.02178775 0.02924042 1.573242e-15 13.47416 17.9931 25.3327 39.96629 60.33046 31 
0.03515704 0.01571363 0.02082171 0.01370052 0.01709315 0.0216814 0.02886538 2.135943e-16 13.66863 17.75933 25.6196 40.52103 60.56031 32 
0.03283013 0.01666713 0.02123538 0.0131372 0.01661217 0.02148846 0.02876661 2.400848e-16 13.14937 16.88565 22.51619 33.00704 47.95807 33 
0.0443707 0.01772979 0.02282421 0.01369183 0.0172994 0.02206313 0.0296349 1.859817e-05 13.58488 19.15777 30.41972 51.95742 81.55209 34 
0.03122066 0.01637851 0.0215649 0.01379407 0.01630204 0.01955293 0.02624452 6.989527e-17 13.88195 16.58197 22.73333 33.29821 44.31893 35 
0.03410605 0.01822924 0.02166103 0.01332901 0.01750427 0.02141552 0.0284205 3.387255e-16 13.39895 17.63618 22.81475 35.35649 49.58988 36 
0.0345369 0.01736276 0.02189235 0.01297078 0.01662758 0.02114342 0.02812854 1.247684e-16 13.06318 17.14508 22.9498 34.50174 50.32877 37 
0.04060219 0.01911341 0.02250718 0.01424536 0.01721627 0.02174114 0.02917626 3.693222e-15 14.35814 18.92373 29.70239 48.15941 72.24984 38 
0.03523382 0.01745425 0.0211086 0.01459075 0.01755352 0.02201785 0.02951687 2.186882e-15 14.6197 18.33342 27.5643 43.27193 62.47207 39 
0.03611551 0.01975824 0.02192273 0.01388669 0.01708706 0.02168701 0.02915072 2.251697e-16 14.14535 18.14675 25.91866 39.57286 57.19806 40 
0.03260572 0.01769712 0.02082194 0.01338308 0.01677292 0.02137972 0.02864445 2.988087e-16 13.53962 17.23811 23.10138 34.05866 48.53893 41 
0.03412991 0.01804013 0.02162194 0.01331037 0.01650951 0.02115168 0.02829706 2.284655e-16 13.44094 17.09402 23.38528 34.48897 49.23754 42 
0.03353771 0.01702131 0.02179403 0.01345009 0.01638874 0.02075235 0.02741128 3.083017e-16 13.51683 16.81611 23.23989 34.21778 48.30592 43 
0.03682974 0.0162481 0.02136794 0.01383741 0.0171654 0.02169552 0.02888166 2.140222e-15 13.83758 18.07314 26.82456 43.02184 64.2818 44 
0.03446702 0.01997442 0.02223533 0.01407539 0.01733904 0.02232918 0.02949421 1.123721e-16 14.4784 18.00267 25.23718 36.96568 52.95348 45 
0.03767018 0.01651279 0.02228233 0.01343205 0.01634406 0.02060747 0.02732907 9.3998e-17 13.41192 17.25946 25.39885 39.4153 57.261 46 
0.03991246 0.018645 0.02177907 0.01387537 0.01713517 0.02205676 0.02978608 9.922993e-16 14.03468 18.79302 28.74437 46.40555 70.55478 47 
0.03672126 0.01811815 0.02237709 0.01359469 0.01644403 0.02091097 0.02795008 3.520829e-16 13.6825 17.40761 25.28653 38.44602 55.28404 48 
0.03777058 0.01635317 0.02127378 0.01342061 0.01654001 0.02131498 0.02828363 1.171784e-15 13.27935 17.66232 26.30181 41.98165 64.91116 49 
0.03744479 0.01909921 0.02257284 0.01278734 0.01580351 0.02023778 0.0271064 6.069261e-17 12.98228 16.96094 23.76272 35.55355 51.26473 50 
0.03548447 0.01826031 0.02192677 0.01361079 0.01715675 0.02135486 0.02844255 3.801814e-16 13.59903 17.55063 24.18656 37.25461 52.9113 51 
0.0386031 0.01899944 0.0215775 0.01430975 0.0179421 0.02309801 0.03126735 2.061875e-05 14.4502 19.1559 28.70871 46.0972 69.02725 52 
0.03677705 0.01852472 0.02171601 0.01450742 0.01732883 0.02236819 0.03014295 6.978523e-16 14.74121 18.48216 28.33331 43.61877 63.47668 53 
0.04308195 0.01883045 0.02301308 0.01444357 0.01662034 0.02090815 0.02805126 1.648203e-05 14.54205 19.02365 32.16091 52.60654 79.01793 54 
0.03631705 0.01769199 0.02166412 0.01326015 0.0171881 0.02103508 0.02782299 5.451777e-16 13.48097 17.98855 24.64909 39.27694 57.29905 55 
0.03593855 0.01793505 0.0207503 0.01298522 0.01686709 0.02169415 0.02909515 1.194058e-15 13.13098 17.85466 24.53495 38.07435 58.04981 56 
0.03141356 0.0174139 0.02060731 0.01428615 0.01713895 0.02136416 0.02838025 1.427305e-16 14.56836 17.5811 24.70709 36.72835 51.15863 57 
0.03743793 0.01908663 0.0211333 0.01473045 0.01818875 0.02306414 0.03090402 3.177501e-16 14.99905 19.50446 29.64333 47.77963 71.42276 58 
0.04125134 0.01888796 0.02231585 0.01376178 0.01735609 0.02179727 0.02920286 2.207596e-15 13.9294 19.03612 28.87063 47.8198 72.69174 59 
0.03984957 0.01949998 0.0225854 0.01336278 0.01650508 0.02124356 0.02869197 3.40872e-05 13.59949 18.14828 26.89852 42.18036 63.00642 60 
0.0374141 0.01785815 0.02115086 0.01399067 0.01758888 0.02253963 0.03023052 3.334227e-16 14.11685 18.6962 27.6283 44.34244 67.32032 61 
0.03488001 0.01839692 0.02128998 0.01436105 0.01721033 0.02219981 0.02979689 5.343211e-16 14.52988 18.06128 26.73226 40.46288 58.79387 62 
0.04068244 0.0186099 0.02203821 0.01395003 0.01634104 0.02116521 0.0283957 2.215908e-15 14.14026 18.48851 29.74587 47.56002 72.40893 63 
0.03304938 0.01745699 0.02128511 0.0135554 0.01744965 0.02170811 0.02870363 9.044363e-17 13.72215 17.59296 23.24101 35.43 50.06459 64 
0.03023712 0.01593293 0.02064685 0.01343879 0.01631927 0.02069349 0.02712189 1.325436e-16 13.43928 16.3054 21.60487 30.66036 42.49948 65 
0.03510688 0.01866559 0.02196756 0.01400039 0.01714869 0.02134246 0.02843357 6.664811e-17 14.24081 17.98366 25.63129 39.31569 56.10357 66 
0.03180111 0.01650922 0.02105978 0.01289726 0.01626219 0.02115959 0.02824767 5.987677e-17 12.87858 16.36497 21.32181 30.20241 43.4053 67 
0.04080513 0.01841627 0.02252684 0.01347397 0.01680825 0.02086531 0.02782806 2.635091e-15 13.5211 18.17771 27.20121 44.2397 65.77714 68 
0.03868791 0.01572368 0.02085102 0.01332383 0.0171081 0.02176316 0.0288743 6.467358e-15 13.33743 18.32934 27.21641 45.39931 71.41439 69 
0.0406351 0.01882999 0.02302734 0.01356293 0.01672838 0.02142086 0.02854652 4.467492e-16 13.68198 18.20193 27.51261 43.70413 65.85123 70 
0.0400657 0.01544968 0.02217304 0.01320723 0.01677411 0.02138126 0.02837921 3.608171e-18 13.05789 17.68685 26.30676 42.9697 65.64957 71 
0.04339892 0.01985036 0.02283902 0.01409253 0.01682201 0.02165952 0.02921275 5.704123e-15 14.40394 19.28994 31.45795 51.24622 78.31409 72 
0.03628887 0.02012604 0.02157082 0.01419106 0.01752729 0.02215433 0.02973427 1.872884e-05 14.46858 18.47986 26.51268 40.78132 58.4257 73 
0.038647 0.01833301 0.02201946 0.01330814 0.01722563 0.02172597 0.02893754 1.603502e-15 13.31321 18.14034 25.68827 41.29086 62.31474 74 
0.04185619 0.01768538 0.02229988 0.01387412 0.01664263 0.02150046 0.02881122 2.879683e-05 13.84003 18.42673 29.56197 48.00119 73.37283 75 
0.04000709 0.02018891 0.02292116 0.01421279 0.01671352 0.02152582 0.02893725 1.008818e-15 14.33378 18.25717 28.51553 43.99583 64.19197 76 
0.03917789 0.0192025 0.02214425 0.01368402 0.01717332 0.02243912 0.03028634 4.953978e-15 13.79719 18.48289 27.35592 42.98486 66.03087 77 
0.03510205 0.01935926 0.02107441 0.01429601 0.01756094 0.0224069 0.03026346 9.433239e-16 14.67279 18.63068 26.90044 41.29782 59.57743 78 
0.03393735 0.01859163 0.0214036 0.01359938 0.01660423 0.02123024 0.02865423 1.960869e-17 13.76021 17.43913 24.29907 36.14487 51.45499 79 
0.03819054 0.0179787 0.02264864 0.0133521 0.01616121 0.02075511 0.02754054 1.379437e-15 13.45784 17.33481 25.55687 39.06309 57.32299 80 
0.037346 0.02062459 0.02224691 0.01371052 0.01740543 0.02211105 0.0295785 3.350275e-16 13.98566 18.41978 25.75357 39.66451 57.86987 81 
0.03256791 0.01328847 0.02226638 0.01268738 0.01563036 0.01977131 0.02601666 1.868188e-16 12.55937 15.72079 20.83728 29.94982 41.80592 82 
0.03414134 0.01713713 0.02098536 0.0142545 0.01721399 0.02149416 0.02871071 9.587591e-16 14.29334 17.81397 25.93601 40.01746 57.0875 83 
0.03539515 0.0183153 0.02203031 0.01334813 0.01652201 0.02058735 0.02758676 2.022148e-16 13.61092 17.53031 24.44479 37.34135 53.27542 84 
0.04124679 0.01713821 0.0218943 0.01359525 0.01659803 0.02196108 0.02977536 1.61994e-15 13.58544 18.39194 29.03662 47.16023 74.39155 85 
0.03347393 0.01820141 0.02159128 0.01385805 0.01712958 0.0210537 0.02790917 1.641532e-16 14.00835 17.49476 24.01039 36.31243 50.53548 86 
0.03199588 0.0151801 0.02127041 0.01339743 0.01604731 0.02095033 0.0278022 4.174171e-17 13.38694 16.35572 22.59482 32.32934 45.65777 87 
0.03722648 0.01811665 0.02186009 0.01332416 0.01701598 0.02142 0.02870475 4.095197e-16 13.40389 17.98089 25.29222 40.00485 59.27193 88 
0.04039909 0.02038273 0.022896 0.01365981 0.01717475 0.02124617 0.02826479 1.418179e-16 13.90364 18.48128 26.90824 42.99865 62.18758 89 
0.04050946 0.01767911 0.02195219 0.01456649 0.01744319 0.022301 0.0298859 1.675446e-05 14.6099 19.23312 31.43448 51.71789 79.08799 90 
0.0395244 0.01549965 0.022948 0.01302928 0.01644621 0.02053312 0.02691877 1.24242e-16 12.90795 17.25449 25.19189 40.47546 60.41206 91 
0.0313292 0.0150749 0.02047818 0.01320018 0.01651596 0.02111782 0.02806854 3.187756e-16 13.12495 16.657 22.16036 32.64633 47.17778 92 
0.03703925 0.02080787 0.02194308 0.01530936 0.01827764 0.02286471 0.03057222 5.668992e-15 15.71232 19.46594 29.97872 46.60338 66.51978 93 
0.03274968 0.01595568 0.0212224 0.0135477 0.01671522 0.02160214 0.02881799 2.718764e-16 13.50362 16.9553 23.3723 34.61667 50.2703 94 
0.04228728 0.01713152 0.02226211 0.0133214 0.0165216 0.02074241 0.02767661 2.581521e-15 13.29972 18.26272 28.36472 47.28135 73.05531 95 
0.03871761 0.02098463 0.02155497 0.01387146 0.01781832 0.02315522 0.03132686 7.824487e-16 14.23099 19.26611 27.64083 43.21454 65.77301 96 
0.03613172 0.01849574 0.02190612 0.01396708 0.01683139 0.02116558 0.0283784 1.779927e-05 14.09699 17.84561 26.14194 40.25275 57.69225 97 
0.04035075 0.01853202 0.02168123 0.01421542 0.01752904 0.02179356 0.02928313 3.393097e-15 14.26021 19.14429 29.72955 49.48788 74.75489 98 
0.03384547 0.01798145 0.02150583 0.01413819 0.0169369 0.0215478 0.02883583 1.076495e-16 14.18671 17.51883 25.18809 37.71372 53.68744 99 
0.03376066 0.01890181 0.02110289 0.0137489 0.01740776 0.02216296 0.02969825 3.631421e-16 13.99344 17.95701 24.36912 36.68167 52.70382 100 
