0.02790743 0.07238258 0.05112005 0.01264444 0.01567743 0.0201587 0.02642784 4.260024e-22 12.9666 14.24152 15.05709 14.99225 15.36036 1 
0.04109226 0.1013135 0.04874471 0.01407705 0.01655246 0.02103977 0.02786254 2.722024e-16 16.19627 18.34301 19.79738 21.23205 20.77149 1 
NaN 0.05703892 0.03651388 0.04860404 0.06227546 0.09150661 0.1230082 2.468867e-05 73.09522 80.44367 65.52144 58.87474 0 1 
0.0179606 0 0.04759692 0.01328762 0.01586861 0.01894506 0.02481789 4.525102e-05 12.96872 12.7113 12.32066 13.49525 12.77147 2 
0.01692544 8.363799e-06 0.04693359 0.01213961 0.0157131 0.01976932 0.02569962 3.547511e-05 11.84826 13.04599 12.83033 12.98517 12.76412 2 
0.02041509 1.54179e-08 0.05127104 0.01233479 0.0156907 0.01941167 0.02516215 2.090731e-05 11.97708 13.0347 12.81654 13.66026 13.06265 2 
0.03377151 0.1133237 0.05174224 0.01313931 0.01572745 0.01911287 0.02529645 4.291772e-05 14.91306 16.34213 16.07944 18.78417 17.34572 3 
0.01785665 8.054217e-06 0.046794 0.01263942 0.01519428 0.01933877 0.02511019 0 12.37399 12.48098 13.06547 12.87196 13.29184 3 
NaN 0.05638802 0.03660861 0.05498265 0.06682931 0.1003553 0.1212423 NaN 80.06963 78.97251 60.44534 59.66456 0 3 
0.01878426 3.444365e-18 0.04764185 0.01244362 0.01514575 0.0189709 0.02454004 2.031792e-05 12.08276 12.47421 12.80418 12.83164 13.67989 4 
0.0256109 0.1055307 0.04666102 0.0134763 0.01581347 0.02004782 0.02628799 9.465637e-06 15.29808 15.46309 16.14279 16.12321 15.9934 4 
0.01841923 4.015605e-06 0.05030184 0.0125194 0.01533392 0.01950223 0.0253489 0 12.21894 12.64342 13.10027 12.95192 13.20998 4 
0.03431375 0.09504146 0.04875009 0.01354315 0.01597159 0.01966259 0.02589387 0 14.79625 15.92377 16.50517 18.48469 17.26431 5 
0.0002686327 0.03565292 0.0338323 0.05599022 0.09768551 0.1401125 9.089456e-07 6.819083e-09 91.75542 85.64022 79.46172 1.243265 1.840063 5 
0.01997748 1.413056e-05 0.05175222 0.01204327 0.01491499 0.01853794 0.02406862 4.861781e-05 11.76628 12.55118 12.76254 13.19817 13.84594 5 
0.0255697 0.08603769 0.05207829 0.01272958 0.01540027 0.01932051 0.02512884 7.888159e-06 13.23997 14.00975 14.40257 15.41032 14.27517 6 
4.304315e-15 0.05045711 0.035069 0.05060695 0.06185034 0.08394527 0.1455788 3.807529e-15 75.38023 66.57217 69.24268 59.37537 3.171834e-07 6 
0.01820703 9.366732e-06 0.0513029 0.01245933 0.01516311 0.01933379 0.02512085 0 12.19768 12.5534 13.1092 13.09844 13.10223 6 
0.02535315 0.06990376 0.05037507 0.01180949 0.01501748 0.01891883 0.02466805 0 12.14546 13.73731 14.03901 14.87889 14.91486 7 
1.303375e-14 0.05618037 0.03472735 0.04742002 0.05533363 0.07702066 0.1185364 2.148065e-17 68.76148 66.80931 61.61698 54.39322 3.209435e-06 7 
0.001048422 0.03466605 0.03330116 0.05358962 0.09334526 0.123958 1.997829e-07 1.466896e-13 85.20102 76.4543 76.24394 4.612784 6.882975 7 
NaN 0.05843768 0.03286533 0.05214904 0.05811592 0.08046101 0.1032913 1.612402e-05 72.38989 65.08079 51.30214 51.34132 0 8 
0.01934819 3.518873e-06 0.04677549 0.01293053 0.01570861 0.02001716 0.02606278 1.492023e-14 12.58141 12.78123 13.31972 13.05282 13.12295 8 
0.02676858 0.08829448 0.05234885 0.01266065 0.01559639 0.01967463 0.02567082 0 13.25783 14.39454 14.70223 15.12843 15.08857 8 
0.02030472 3.746952e-06 0.05061623 0.01285602 0.01599575 0.02025348 0.02638394 1.284882e-16 12.48319 13.07813 13.30483 13.04694 13.2821 9 
0.02760757 0.07981946 0.05188452 0.01282151 0.01542166 0.01946381 0.025361 0 13.24168 14.01212 14.73107 14.92939 15.49085 9 
NaN 0.04403621 0.03976215 0.04450386 0.06930399 0.1210911 0.1199165 2.551871e-05 78.30257 94.30624 73.90383 73.65632 0 9 
0.03694395 0.1073352 0.04729099 0.01373605 0.01601571 0.02053579 0.02723423 0 17.34719 18.84073 20.37334 20.50526 21.50018 10 
3.136736e-06 0.04683524 0.03602965 0.05628093 0.08048606 0.1384607 0.1394595 1.154834e-05 86.06737 88.2185 65.54772 67.16881 0.01798311 10 
0.03444847 0.1233927 0.05333323 0.01332713 0.01593222 0.02001095 0.02617987 1.604435e-19 15.50932 16.99011 17.29228 17.63999 19.06544 10 
0.0009198824 0.03709547 0.03006044 0.04245762 0.06566134 0.09668868 1.71044e-08 7.961465e-12 62.73714 64.22274 61.43826 3.067948 4.670863 11 
NaN 0.02618603 0.03276597 0.0424419 0.07739606 0.1016248 NaN NaN 70.18724 68.47036 70.35682 0 0 11 
0.03224542 0.1077016 0.05092023 0.01338116 0.01550966 0.01962525 0.02579132 0 15.07658 15.71357 16.90856 17.44835 17.40252 11 
0.02927269 0.1053474 0.048861 0.01360293 0.01590422 0.01997669 0.02619058 1.69366e-05 15.24943 15.66578 16.35018 16.70154 16.76982 12 
1.681856e-16 0.05945232 0.03423996 0.05294287 0.06412435 0.09813729 0.1144944 3.567993e-19 73.85652 76.09724 55.72252 53.17076 3.801061e-08 12 
0.02213007 0.06541072 0.04813474 0.01259218 0.01554253 0.01982334 0.02571174 2.641332e-22 12.82546 13.61283 14.0846 13.39145 14.8238 12 
0.02345522 0.06210199 0.04818805 0.01271863 0.01544648 0.01919299 0.02496042 2.367053e-16 12.97151 13.56365 13.81418 14.21416 14.77491 13 
0.01687174 1.202094e-05 0.04759196 0.01226224 0.0156106 0.01928611 0.02492266 1.086985e-20 11.95569 12.89834 12.52797 12.59496 13.41515 13 
0.02188304 5.759979e-06 0.04688764 0.01189054 0.01533492 0.01892033 0.02459125 1.720929e-05 11.59328 12.98054 12.86585 13.91029 13.72346 13 
0.02091083 1.627373e-05 0.05544449 0.01215655 0.01523913 0.01919645 0.02489318 6.388708e-10 11.87695 12.82822 13.11093 13.17471 13.789 14 
NaN 0.05931069 0.03423722 0.05785327 0.0647011 0.09000083 0.119682 7.992529e-05 80.9803 72.62823 57.58346 53.8493 0 14 
0.01762935 1.160345e-05 0.04695952 0.0123264 0.01497441 0.01912331 0.02484329 0 12.06755 12.41868 13.03358 12.97269 13.25195 14 
0.01830321 5.221443e-06 0.04975478 0.01193779 0.01494988 0.01925087 0.02504726 4.297595e-15 11.74678 12.62904 13.26791 13.14907 13.18587 15 
NaN 0.07741187 0.03297437 0.04888998 0.0576009 0.08691019 0.08989924 3.787038e-05 63.3589 73.35462 47.02415 43.07121 0 15 
NaN 0.05106702 0.03744456 0.05829119 0.07465194 0.107455 0.1609789 1.576338e-05 89.22555 85.95496 74.39349 66.09131 0 15 
0.01408646 2.557998e-06 0.05114496 0.01261898 0.01522501 0.0194119 0.02521174 0 12.17732 12.2583 12.72466 12.477 12.7995 16 
3.423955e-14 0.06718603 0.03281658 0.05466216 0.0539773 0.07921367 0.1473757 6.65156e-14 72.78033 62.44044 62.60634 44.74405 4.752477e-06 16 
0.01678097 5.043452e-06 0.05588289 0.01236882 0.01501777 0.01847153 0.02406088 9.536475e-15 12.12145 12.44258 12.4214 12.96096 13.43333 16 
0.0260911 0.08133546 0.05299425 0.01320466 0.01521762 0.01958465 0.02551652 1.586783e-05 13.62722 13.58833 15.0058 14.94067 14.59425 17 
NaN 0.04788286 0.0397536 0.05798058 0.0775673 0.09317103 0.1463783 2.363321e-05 95.62941 80.60929 77.94021 75.3733 0 17 
0.01715624 7.606428e-06 0.04913145 0.0128115 0.01556607 0.01946385 0.02523426 6.643495e-05 12.51683 12.66429 12.78179 12.69608 13.20792 17 
0.0208597 7.745888e-06 0.05149461 0.01302634 0.01578487 0.01991707 0.02587334 0 12.70069 12.92875 13.37694 13.4205 13.18541 18 
0.01599859 3.750007e-06 0.04558366 0.01263946 0.01566105 0.0198644 0.02585438 0 12.37404 12.78039 12.94652 12.67501 12.77053 18 
0.0228155 0.07263408 0.04901981 0.01306435 0.01511196 0.01880737 0.02459726 2.91168e-19 13.42933 13.22031 13.87904 14.86693 13.9794 18 
0.02521178 0.05919137 0.04744693 0.01280152 0.01521676 0.01928788 0.02513888 0 12.98075 13.3964 14.33725 14.74577 14.67385 19 
0.01751675 2.751813e-06 0.04838971 0.01185871 0.01532517 0.01926721 0.02498977 1.822207e-16 11.46737 12.75214 12.73806 13.19877 12.85028 19 
0.01923493 1.688047e-05 0.04453533 0.01265327 0.01570945 0.01929616 0.02509035 2.111616e-15 12.4002 12.94915 12.77244 13.36842 13.37834 19 
0.03770506 0.1189009 0.05033336 0.01479971 0.01638684 0.02035286 0.02686866 2.178798e-23 18.38819 18.55899 20.03366 20.9274 20.33556 21 
NaN 0.07497424 0.03310491 0.04748376 0.04677335 0.0637294 0.09530696 6.613743e-05 63.01447 62.93004 53.65462 45.84263 0 21 
0.0298046 0.1080109 0.04927407 0.01358284 0.01629178 0.02064179 0.02712259 2.403273e-21 15.24541 16.2536 16.6299 16.80306 16.71019 21 
0.02246019 0.07068474 0.04858545 0.01308761 0.01609605 0.02016028 0.02627541 2.723128e-05 13.39239 14.02229 13.98795 14.25164 14.01462 22 
0.0286966 0.08056037 0.05294811 0.01254885 0.0156201 0.01910818 0.02489246 3.181638e-18 13.01957 14.41718 14.23949 15.47301 15.73363 22 
1.222759e-15 0.04959018 0.03567629 0.05098439 0.06594255 0.09817547 0.1722433 4.823753e-16 75.41193 75.99096 71.85188 59.03032 1.47245e-07 22 
NaN 0.06288342 0.03298227 0.05076854 0.0572866 0.08092656 0.1223903 1.096109e-05 68.40335 69.50624 58.0634 47.55981 0 23 
0.00135687 0.0336779 0.03395249 0.05384381 0.09530649 0.1376159 NaN NaN 86.7856 81.84015 79.07287 6.103247 9.101615 23 
0.02570903 0.07012023 0.05048923 0.0125631 0.01509937 0.01921466 0.02498027 1.739111e-22 12.96393 13.62357 14.50661 14.39412 15.41211 23 
0.02797865 0.07933242 0.05215304 0.01304105 0.01569019 0.01998687 0.02606192 1.460394e-05 13.36195 14.14464 15.01366 15.2697 14.94257 24 
NaN 0.05248901 0.03761265 0.05428068 0.06628869 0.08717757 0.1521552 3.3879e-05 84.41171 73.05341 73.40887 61.68162 0 24 
0.01623712 9.862851e-06 0.04682876 0.01255007 0.01560347 0.01989819 0.02589973 0 12.18612 12.70469 12.98717 12.44491 12.94829 24 
0.01926857 6.781995e-06 0.0512856 0.01233765 0.01507228 0.01866345 0.0242955 0 12.06622 12.56065 12.71694 13.27659 13.53038 25 
0.02840822 0.07852084 0.04605968 0.01410637 0.01652602 0.02068835 0.02705897 6.894088e-05 15.20277 15.3975 16.24124 16.84487 15.62956 25 
0.02702081 0.07845453 0.0524204 0.01310068 0.01560326 0.01963452 0.02557693 3.71954e-15 13.48627 14.0199 14.7287 15.33827 14.67731 25 
0.02231623 0.08705868 0.05097981 0.01325949 0.01589579 0.01950871 0.02537955 9.343145e-06 13.74953 13.93524 13.73703 14.15944 14.56806 26 
1.006449e-15 0.04948397 0.03537772 0.05378404 0.06931558 0.09932849 0.1358654 3.470795e-21 80.52106 77.40106 65.14749 60.97184 1.423719e-07 26 
0.01706048 6.477659e-06 0.05024606 0.01263684 0.01515503 0.01961141 0.02554451 5.310411e-12 12.3462 12.4089 13.2535 12.65774 13.05358 26 
0.01728662 8.829601e-06 0.0474613 0.01229944 0.01537777 0.01934036 0.02510003 9.449629e-18 12.04116 12.74747 12.85031 13.17124 12.87337 27 
1.755853e-06 0.05795814 0.03513021 0.05295057 0.05881415 0.07929193 0.1280132 1.717493e-05 75.59973 68.78058 62.8964 59.53833 0.008377059 27 
6.120591e-16 0.06478503 0.03300042 0.0510352 0.05654259 0.07939905 0.1140182 2.240619e-17 69.59614 70.26658 56.84462 47.85092 1.127103e-07 27 
0.03627456 0.09022532 0.04805383 0.0129804 0.01594245 0.02014814 0.02645828 8.342706e-23 14.09519 16.16266 16.97064 18.16636 18.74502 28 
NaN 0.0464157 0.03883109 0.04931987 0.06512337 0.09167149 0.1483363 NaN 79.26859 77.75555 76.23037 69.91447 0 28 
0.02197463 4.256284e-06 0.05211751 0.01212239 0.01560061 0.0197529 0.02549142 3.456381e-22 11.81933 13.15308 13.31417 13.89823 13.1105 28 
0.0241595 0.07711491 0.05164938 0.01270195 0.01586762 0.0195355 0.0254659 0 13.0452 14.15438 13.77718 14.85148 14.35938 29 
0.04120638 0.1204151 0.05244274 0.01450643 0.01652135 0.02052152 0.02715673 0 17.91833 19.43652 20.15808 22.31887 21.03219 29 
0.02673085 0.07613284 0.05260971 0.01255491 0.01567034 0.02005894 0.02620788 1.04618e-22 12.99854 14.29123 14.85342 14.28571 15.7524 29 
1.577543e-17 0.05182427 0.03665203 0.04307371 0.05917573 0.08776989 0.1382532 2.194487e-20 65.75032 78.08375 71.50343 63.43061 8.35764e-09 30 
0.04116952 0.1272135 0.05340099 0.01386333 0.01636693 0.01998932 0.02620873 8.426563e-24 17.61731 19.88428 19.08581 22.36824 21.98475 30 
0.03440052 0.09130498 0.04766857 0.01323123 0.01551996 0.01959084 0.02577199 5.513374e-05 14.44641 15.56127 16.90124 18.29221 17.31036 30 
0.03090178 0.114705 0.05054124 0.01377994 0.01606848 0.02026617 0.02662552 2.568394e-22 15.63018 16.23024 16.9421 17.767 16.41008 31 
0.0228233 0.08845174 0.05064178 0.01220541 0.01528898 0.01921568 0.02502778 3.621664e-14 12.76852 14.00167 14.07658 14.8561 14.21095 31 
0.04293993 0.1211272 0.0519956 0.01475302 0.01696715 0.02126378 0.02809599 0 18.32815 20.48818 21.02401 22.79225 22.12844 31 
0.03534002 0.1046009 0.05156282 0.01401879 0.01612172 0.02014979 0.02644547 1.514086e-05 15.67475 16.40802 17.60996 18.33634 18.13538 32 
NaN 0.04913029 0.0366312 0.05148097 0.06643774 0.09437441 0.1440878 NaN 77.3673 75.51108 68.34845 60.97173 0 32 
0.01805787 5.106434e-06 0.05230584 0.01217264 0.01480218 0.01875448 0.02434362 0 12.02657 12.46127 12.97647 13.04611 13.5387 32 
NaN 0.05098846 0.03774653 0.04581295 0.05779916 0.0808767 0.1180542 4.376337e-05 72.56248 73.6554 67.50565 65.24641 0 33 
0.01731379 7.47013e-06 0.05436127 0.01185769 0.01516732 0.01895961 0.02460967 0 11.59682 12.76128 12.71829 12.93746 13.34916 33 
0.07263433 0.02963041 0.05063641 0.04776179 0.0423297 4.722112e-05 0.07490619 6.812043e-16 109.6079 104.7977 195.6225 273.0712 307.9864 33 
NaN 0.05563695 0.03514612 0.04830371 0.0558489 0.07513716 0.1168703 5.307588e-05 71.43964 65.53986 62.12334 55.15526 0 34 
0.01931971 7.332434e-06 0.05246325 0.01262539 0.01533057 0.01950745 0.02532684 0 12.234 12.57689 13.12271 13.21079 13.01203 34 
0.02901538 0.09599377 0.05530554 0.01309686 0.01443029 0.01880461 0.02448788 0 13.6047 13.16681 15.37456 14.77796 15.96929 34 
0.02353232 0.07768706 0.05019439 0.01274379 0.01482962 0.01938122 0.02528923 3.129175e-22 13.13637 13.18571 14.69385 14.18969 14.61967 35 
0.01637051 1.640834e-05 0.04607707 0.01260171 0.01552308 0.01941522 0.0252177 0 12.46309 12.8043 12.80469 13.02575 12.87316 35 
0.02698717 0.07422596 0.04360677 0.01268374 0.01583768 0.02015875 0.02644666 2.501385e-05 13.50812 14.94331 15.37794 15.67629 16.03312 35 
0.02010564 4.339722e-06 0.04809804 0.01259712 0.01551171 0.01917766 0.02491277 0 12.29479 12.82653 12.87745 13.62401 13.20431 36 
0.02786609 7.224548e-06 0.05001749 0.01261393 0.01552608 0.01948978 0.02531546 0 12.23551 13.23612 14.09345 14.67233 14.98127 36 
0.02041256 9.194594e-06 0.05188154 0.0127447 0.01579266 0.01988731 0.02585403 1.205614e-05 12.38785 12.98446 13.18751 13.23048 13.23664 36 
0.03679877 0.1312301 0.05425807 0.01344344 0.01592328 0.01989416 0.02622093 2.291332e-18 16.03823 17.77569 17.9798 19.72455 18.56833 37 
0.02496769 0.08164485 0.05175828 0.0130207 0.01593845 0.02023733 0.02640147 8.922657e-06 13.43306 14.21659 14.59747 14.1141 15.04272 37 
0.02560352 0.06866888 0.04921336 0.01235652 0.0154286 0.01945846 0.02536826 2.990128e-19 12.64326 13.88948 14.2348 14.75404 14.91993 37 
0.02888489 0.1275982 0.05207826 0.01326898 0.01609627 0.02017981 0.02636296 2.161259e-21 15.51342 16.71757 16.52771 16.59746 17.79225 38 
0.02180926 0.08181498 0.04971733 0.01278899 0.01546193 0.01973753 0.02576137 7.127648e-15 13.29889 13.75483 14.32873 14.0584 14.30632 38 
0.02514288 0.07280401 0.05124843 0.01254573 0.01571424 0.01958958 0.02545613 1.00453e-05 12.86806 14.08781 14.04679 14.42693 15.12041 38 
7.165478e-14 0.06057069 0.0362396 0.05529796 0.06526359 0.09393521 0.1408393 9.730486e-15 80.16205 80.99235 66.63507 54.61843 1.792711e-05 39 
0.01832645 6.403637e-06 0.0502805 0.01252604 0.01497378 0.01882973 0.02448164 0 12.27552 12.39018 12.866 13.16482 13.34337 39 
0.02640899 0.08247613 0.05242401 0.01248427 0.01546506 0.01926487 0.02513363 0 12.8695 14.07137 14.19023 15.17943 14.8529 39 
0.02274194 0.07980762 0.05004822 0.01257986 0.01479135 0.01869482 0.02440768 1.363204e-21 12.96768 13.15012 13.94353 14.3353 14.67183 40 
0.02428204 1.209607e-05 0.05237532 0.01243644 0.01519515 0.01946695 0.0251979 1.217268e-05 12.1131 12.84307 13.75468 13.39784 14.52158 40 
9.29361e-13 0.05776219 0.03422354 0.05317862 0.05882687 0.08892377 0.160894 3.234414e-05 74.9929 68.48672 70.14904 54.02069 1.027955e-05 40 
0.03115493 0.07358505 0.05096068 0.01315349 0.01569982 0.01974523 0.02570365 0 13.34405 14.2172 15.25762 15.53886 16.22959 41 
0.02004768 1.372694e-05 0.05198186 0.01222864 0.01549205 0.0193171 0.0250522 0 11.95961 12.97776 12.93452 13.57826 13.14153 41 
0.01949565 5.842933e-06 0.05058616 0.01218446 0.01493877 0.01891465 0.02456652 0 11.90422 12.50452 13.01216 13.37911 13.34085 41 
0.02541534 0.09354207 0.05271241 0.01302671 0.01524336 0.01952538 0.0254752 0 13.53822 13.72176 14.80232 14.70166 14.7882 42 
NaN 0.04899641 0.03575689 0.05214326 0.0668223 0.09518435 0.1546661 7.263906e-06 78.56496 75.56286 70.18188 60.45599 0 42 
0.03693526 0.1117486 0.04772291 0.01311182 0.01620166 0.02081045 0.02769003 8.964707e-06 16.9683 19.93046 20.5125 21.08519 21.41085 42 
3.511238e-08 0.07121964 0.03596129 0.05547614 0.05489549 0.07536539 0.1153981 6.481794e-05 77.56057 72.9846 63.17241 55.00561 0.0001601885 43 
0.02965253 0.0876615 0.04826488 0.01317321 0.01647116 0.0203418 0.02653176 0 14.30784 15.96808 15.40244 16.69978 16.78603 43 
0.0330871 0.09984827 0.05655172 0.01307115 0.01580434 0.02005632 0.02617979 7.530306e-15 13.59121 14.90227 15.73718 15.7015 16.83475 43 
0.03082489 0.109359 0.04896028 0.01246962 0.01593787 0.0198021 0.02595956 4.564942e-05 14.00304 16.37945 15.78453 17.25649 17.20334 44 
1.880846e-16 0.04348071 0.03816176 0.04681808 0.06664294 0.0997996 0.1275416 1.052258e-21 77.62709 82.36124 71.17082 70.69718 1.611915e-08 44 
0.0001982186 0.02577892 0.03035513 0.03200711 4.113701e-125 0.07774915 1.03655e-08 8.841374e-10 52.15713 52.15767 67.9784 0.8126625 1.217933 44 
0.02625185 0.07261853 0.05085657 0.01304192 0.01604553 0.01987955 0.02584124 8.233502e-15 13.37122 14.29008 14.27426 14.76293 15.13119 45 
0.0309909 0.1237202 0.05266357 0.01333227 0.0159069 0.02057247 0.02715181 3.449395e-17 15.48046 16.63359 17.65547 16.87664 17.65938 45 
0.02211204 0.06772532 0.04869673 0.01194532 0.01560876 0.01941592 0.02514629 0 12.17607 13.93981 13.51384 13.76387 14.81221 45 
0.0223001 0.06634723 0.04807879 0.01321204 0.0156117 0.01916876 0.02505821 1.219128e-05 13.45052 13.42619 13.61536 14.38432 14.15212 46 
0.02731304 0.06798715 0.0497431 0.01265729 0.01557937 0.01982319 0.02584429 4.027786e-16 12.84849 13.93604 14.63933 14.61969 15.52193 46 
0.02816997 8.785397e-06 0.0491025 0.01247058 0.01573021 0.01943583 0.02524857 0 12.19622 13.53108 13.99174 15.18644 15.04039 46 
0.0270566 0.08953976 0.05392992 0.01285864 0.01575979 0.01939128 0.02524509 0 13.37281 14.38264 14.23839 15.05622 15.35427 47 
0.0275581 0.1031585 0.04839475 0.01324031 0.0153092 0.01928058 0.02518527 0 14.88277 14.97765 15.95784 15.95043 17.05723 47 
0.01674346 6.079043e-06 0.04877016 0.01209017 0.01485692 0.01891641 0.02456906 0 11.88464 12.43014 12.93419 12.94561 13.25261 47 
0.03293417 0.1022166 0.05151361 0.01397384 0.01685365 0.02083779 0.02710559 1.335553e-05 15.46583 16.77637 16.45647 17.49866 17.81322 48 
NaN 0.06191383 0.03282118 0.04833762 0.05251238 0.0730082 0.09607617 NaN 65.94045 62.28606 49.69229 48.24926 0 48 
0.04977662 0.1022356 0.04992393 0.01514388 0.0165604 0.02129337 0.02846231 0 19.70237 21.81963 25.96276 26.19642 28.59259 48 
0.02822659 0.07488962 0.05114049 0.01274969 0.01506402 0.01908644 0.02479278 2.299765e-16 13.10465 13.66768 14.76214 14.76106 15.90054 49 
0.03063969 0.1047216 0.04966377 0.01333523 0.01582475 0.01977159 0.02588742 3.117264e-05 15.0617 15.9405 16.36753 16.99243 17.38057 49 
0.03010177 0.09189937 0.05378975 0.01297533 0.01567123 0.01941528 0.02527412 1.224031e-19 13.41379 14.4233 14.74846 15.44442 15.96443 49 
8.047583e-16 0.05941585 0.03451522 0.05289906 0.06872382 0.1015803 0.1416554 4.316623e-16 75.51074 83.45787 64.77684 53.20078 1.177491e-07 50 
0.03725132 0.1118617 0.04911417 0.0142111 0.01550178 0.02024274 0.02684943 5.566225e-06 17.06841 17.12918 20.4025 20.46367 18.86019 50 
0.02321065 0.05757294 0.04783243 0.01209176 0.01544381 0.0192514 0.02506052 0 12.19031 13.62402 13.57066 14.20851 14.61187 50 
0.03357146 0.1015345 0.05038998 0.01336455 0.01570103 0.01952708 0.02554277 0 14.8968 15.84951 16.60325 17.4313 18.1694 51 
0.02355011 0.08843874 0.0523099 0.01235898 0.01536995 0.01978834 0.02587947 2.171486e-16 12.7181 13.84824 14.48515 14.17727 14.57495 51 
0.0270597 0.06290055 0.04862174 0.01320314 0.01576439 0.01956158 0.02541067 8.41812e-06 13.42275 13.90814 14.52367 14.83929 15.40704 51 
NaN 0.05457034 0.03406385 0.0481271 0.06597427 0.1019738 0.1232769 NaN 67.96751 77.55986 58.51073 52.97877 0 52 
0.02542577 0.0617114 0.04806991 0.01325095 0.01578523 0.01973472 0.02569438 0 13.32426 13.64353 14.27807 14.51346 14.79791 52 
0.01937875 8.661113e-06 0.04770627 0.0127622 0.01542781 0.01892121 0.02456315 0 12.46867 12.67272 12.71799 13.76325 12.90377 52 
0.02362056 2.742532e-06 0.04869033 0.01228348 0.01532777 0.01936162 0.02515702 0 12.01324 12.98543 13.51387 13.90922 14.11522 53 
0.02183671 0.07074551 0.04880505 0.01210985 0.0157063 0.01959175 0.02543907 1.598744e-14 12.41015 14.03858 13.62565 13.83333 14.64021 53 
0.03198181 0.114265 0.05079449 0.01331734 0.01632093 0.02025565 0.02656117 4.128945e-17 15.10351 16.81616 16.35534 17.87645 17.17688 53 
NaN 0.03850517 0.03977241 0.04958817 0.07423648 0.1049539 0.1318121 0 85.90293 84.36762 74.8411 78.44696 0 55 
NaN 0.04940625 0.03717004 0.04160586 0.05734001 0.08548067 0.1174542 5.613621e-05 65.32636 76.16412 63.11648 70.91906 0 55 
0.02488329 1.266704e-05 0.05130041 0.01256891 0.01553079 0.01926118 0.02498205 8.464451e-14 12.35524 13.21301 13.58249 14.03702 14.45602 55 
NaN 0.0597677 0.03319966 0.04801917 0.05111749 0.0693148 0.1154744 7.769204e-05 65.51718 55.25081 58.87301 50.59343 0 56 
5.849868e-19 0.04889897 0.03661576 0.04773241 0.06351315 0.09440988 0.1548873 0 72.38609 76.69793 70.20063 59.2698 8.132024e-11 56 
0.0364537 0.1171531 0.0524279 0.01358326 0.01610715 0.01991942 0.0260945 1.705449e-05 15.45135 16.95493 17.11524 18.64628 18.75555 56 
2.783471e-15 0.06807058 0.03486859 0.04731866 0.05046984 0.06990342 0.10436 2.291839e-18 65.79025 66.6838 57.99703 49.82139 8.623461e-07 57 
7.98247e-09 0.05996285 0.03297177 0.05825532 0.06286008 0.08071814 0.1313965 6.404589e-05 79.24883 64.70804 60.4788 52.51122 4.752583e-05 57 
0 0.05412369 0.03640314 0.0549205 0.07151857 0.1126744 0.128264 0 83.7784 87.17953 65.8812 64.22491 2.43371e-14 57 
0.0186915 6.957593e-06 0.05035633 0.01214542 0.01482451 0.01887028 0.02450059 0 11.87823 12.40235 13.00745 13.06357 13.51461 58 
0.01532055 5.474877e-17 0.04416339 0.01245557 0.01481339 0.01879149 0.02440152 0 12.16909 12.12541 12.68543 13.11252 12.79037 58 
NaN 0.05278121 0.0366072 0.05142773 0.06193444 0.08132688 0.1467363 3.481529e-05 77.73853 65.29575 70.63869 58.49635 0 58 
0.02204237 0.08621028 0.05038621 0.01289627 0.01562447 0.01982956 0.02586029 2.149749e-16 13.34867 13.82817 14.23 13.98668 14.39673 60 
NaN 0.05966659 0.03551275 0.05258715 0.05906553 0.08149472 0.1119426 1.290352e-05 77.02271 72.39155 59.97052 58.3591 0 60 
0.02121528 0.09107838 0.05003659 0.0127213 0.01519987 0.01905304 0.02480767 3.613732e-16 13.18548 13.4675 13.82221 14.01598 14.64137 60 
0.02237495 3.583632e-06 0.04898594 0.01191653 0.0151736 0.01961691 0.02558945 0 11.65436 12.90616 13.64866 13.63602 13.75011 62 
0.01853968 6.02813e-06 0.05022642 0.01251934 0.01517322 0.01888757 0.02457338 0 12.21888 12.51884 12.74437 13.27756 13.2214 62 
NaN 0.07787756 0.03264026 0.05078992 0.04812583 0.06488316 0.09506241 2.768869e-05 65.22771 63.65042 50.20258 45.39357 0 62 
0.02647328 0.07302401 0.05014544 0.01188187 0.01572362 0.01948657 0.02538516 0 12.15749 14.38602 13.86903 15.22289 14.91835 63 
NaN 0.04417526 0.03952758 0.05429583 0.07600935 0.1078003 0.1528675 1.080854e-05 91.29264 88.52135 79.29408 74.59982 0 63 
0.02903444 0.09731688 0.0483355 0.01294537 0.0149381 0.01898276 0.0250052 7.52395e-06 14.38758 14.74627 16.08139 17.09885 16.15576 63 
0.01994502 1.102604e-05 0.05457078 0.01236017 0.01531528 0.01898779 0.02460809 0 12.06352 12.76887 12.81279 13.06311 13.70607 64 
0.02444936 0.07550663 0.05148868 0.01326255 0.01562265 0.01949068 0.02539941 6.809396e-05 13.54892 13.63776 14.18363 14.43019 14.66687 64 
0.04008627 0.1002291 0.0493167 0.01462856 0.01655003 0.02064772 0.02705564 2.228975e-05 16.90711 17.87482 19.78564 20.35449 21.41864 64 
1.560316e-15 0.05522 0.03504539 0.05158545 0.06258042 0.0916864 0.1567694 7.994283e-17 75.06631 75.33475 68.4506 54.70943 4.459125e-08 65 
0.03217409 0.1052896 0.05105623 0.01309286 0.01609181 0.02004857 0.02620186 0 14.58207 16.27298 16.15776 17.07773 17.81034 65 
NaN 0.0597701 0.03583372 0.05026754 0.05967946 0.0852856 0.1216302 NaN 72.24989 74.84558 61.96917 53.7894 0 65 
0.001947017 0.03991068 0.02718869 0.04545237 0.06717626 0.09514372 9.978744e-09 2.991595e-14 62.39473 59.13526 54.31539 6.467846 9.743844 66 
0.03487198 0.1272987 0.04989336 0.01415167 0.01638523 0.02087517 0.0276502 9.313329e-06 18.10202 19.22727 20.06058 20.57789 19.33804 66 
0.03321823 0.09405471 0.04571014 0.01443098 0.01644162 0.02035169 0.02676583 5.672986e-05 16.63504 16.84991 18.00561 18.9293 18.4142 66 
0.02110585 1.065668e-05 0.0515873 0.01248893 0.01491331 0.01873239 0.02429362 0 12.25164 12.51088 13.11478 13.85129 13.29547 67 
0.0251478 0.05206103 0.04670727 0.01263112 0.01543359 0.01944249 0.02532513 1.845946e-17 12.76977 13.57449 14.19214 14.60722 14.92568 67 
0.01960957 6.61305e-06 0.04925765 0.01245172 0.01485285 0.01889049 0.02439945 0 12.22758 12.40261 13.14064 13.71209 13.00001 67 
0.01849097 8.726866e-06 0.05415841 0.01259994 0.01605704 0.01984922 0.02578223 0 12.32274 13.25092 12.72429 13.04178 13.02075 68 
0.02795212 0.08694394 0.05248738 0.01325536 0.01536889 0.01992112 0.02599612 9.012694e-16 13.69097 13.89438 15.4702 15.0995 14.99147 68 
0.01926034 6.967477e-06 0.05202199 0.01180633 0.0153127 0.01884822 0.02449634 1.145473e-05 11.57021 12.97186 12.62898 13.28596 13.55746 68 
2.113097e-18 0.04667109 0.0350897 0.04381012 0.06031561 0.08990809 0.1424217 0 65.81424 72.36987 66.6276 58.05226 6.481037e-10 69 
0.02098779 1.284796e-05 0.04695968 0.01280985 0.01602197 0.01995246 0.02588636 9.586097e-13 12.48961 13.18015 13.17004 13.69987 13.22746 69 
0.02626875 0.06893672 0.04858651 0.01273174 0.01544292 0.01965802 0.02563338 0 12.92 13.72835 14.52655 14.81787 14.82949 69 
0.01653043 4.421009e-06 0.04725597 0.01189059 0.01542892 0.01929227 0.02506244 7.577206e-13 11.59332 12.89 12.67263 12.96539 12.97759 70 
0.02461385 2.344338e-06 0.04830078 0.01273939 0.01500368 0.01907609 0.02477147 0 12.47186 12.70908 13.88338 14.21338 14.22157 70 
0.02802308 0.06911268 0.05111801 0.01327052 0.01602666 0.02003293 0.02609395 1.253102e-05 13.61945 14.35762 14.90563 15.22484 15.38954 70 
0.03602853 0.1186977 0.05053943 0.01442928 0.01696866 0.02135729 0.0281811 0 17.9172 19.46412 19.46245 20.16225 20.06022 71 
0.04119648 0.1117983 0.05007271 0.01530077 0.01674754 0.02152826 0.0287115 8.349438e-06 19.57645 20.2519 23.15772 23.0602 22.00319 71 
0.02250609 1.642532e-05 0.05389432 0.01255759 0.01546496 0.01918663 0.02484829 3.560304e-05 12.35667 13.03936 13.24484 13.46991 14.07454 71 
0.021446 0.08557776 0.05089167 0.01300928 0.01578061 0.01968048 0.02560593 5.451338e-14 13.53129 13.93125 13.90504 13.99327 14.41753 72 
0.02625867 1.154219e-05 0.04811506 0.01277362 0.01575158 0.01934179 0.02514412 0 12.46706 13.3349 13.77547 14.81682 14.41486 72 
4.286258e-06 0.06215973 0.03616303 0.04746338 0.05719663 0.08190195 0.1130456 1.398206e-05 68.87932 76.08704 59.70777 60.74003 0.0187214 72 
NaN 0.05002341 0.03808625 0.04753654 0.0633889 0.09546288 0.1638216 2.9413e-05 74.18753 80.667 76.33461 63.62128 0 73 
0.03732346 0.1064636 0.0479803 0.01404115 0.01709397 0.02122086 0.02795362 1.855965e-05 17.50555 20.05993 19.22597 21.59766 21.04016 73 
0.02600107 0.06594082 0.04987978 0.01292248 0.01573111 0.01989445 0.02595198 0 13.28886 14.06062 14.65307 14.79157 14.99487 73 
0.04165538 0.1304073 0.05427631 0.01337766 0.01622488 0.02026341 0.02676111 1.947514e-05 15.68375 18.50631 18.4929 20.98802 19.60701 74 
9.845578e-07 0.04140985 0.0401207 0.05909302 0.08724114 0.119372 0.2088867 1.618152e-05 102.5695 94.12173 91.07628 79.63002 0.006754515 74 
0.0214646 0.06595419 0.04675831 0.01242219 0.01497531 0.01932818 0.02518152 1.040348e-17 12.62952 13.13288 14.08408 14.10466 13.9945 74 
NaN 0.0420379 0.03828388 0.04993872 0.07325425 0.1107802 0.1508696 1.209216e-05 82.66824 86.48257 75.85471 70.58734 0 75 
0.01949 3.778301e-06 0.0474944 0.01213431 0.01463818 0.01897599 0.02460163 0 11.87949 12.29456 13.31182 12.90902 13.83071 75 
7.718428e-08 0.03889593 0.04121477 0.04867057 0.07059341 0.09892452 0.1912763 2.59179e-05 87.86997 84.08428 93.09148 82.27695 0.0004838697 75 
0.03706501 0.1109091 0.05069931 0.01519737 0.01653317 0.0212614 0.02814912 2.608014e-18 18.13245 17.70857 20.96266 19.13231 20.32143 76 
1.400523e-08 0.09397507 0.0325184 0.06004683 0.04878924 0.05792953 0.08838401 3.453465e-05 75.93075 52.75169 53.90752 43.33668 5.492937e-05 76 
NaN 0.05429542 0.03562606 0.05134845 0.06059858 0.08146302 0.1234857 5.634643e-05 75.64512 69.25208 63.5085 58.15577 0 76 
NaN 0.06950253 0.03380403 0.05291608 0.05155347 0.07269921 0.116982 2.771625e-05 69.53394 62.40344 58.56284 46.20121 0 77 
0.02106456 4.076178e-11 0.0498624 0.0123489 0.0154994 0.01934133 0.02512468 1.683357e-05 12.06487 12.96619 13.06316 13.55571 13.51928 77 
0.01842799 1.028809e-05 0.05046302 0.01255353 0.01558718 0.01883636 0.02459753 2.930496e-11 12.21459 12.80384 12.34834 13.26544 13.23157 77 
0.02087846 9.874612e-06 0.05428608 0.0126456 0.01561126 0.01946388 0.02527942 0 12.31682 12.92236 13.06276 13.50218 13.30003 78 
NaN 0.05145803 0.03665538 0.0557833 0.07015352 0.09968229 0.1464678 6.967367e-05 84.74783 81.69357 70.4731 65.30077 0 78 
0.02055578 1.967911e-06 0.05202544 0.01276575 0.01557719 0.0191073 0.02486095 0 12.5232 12.91383 12.88743 13.4184 13.52586 78 
0.01499396 6.701259e-06 0.04592778 0.01254869 0.01536006 0.01931725 0.02507631 6.046381e-17 12.27262 12.53525 12.67653 12.62056 12.97069 79 
0.03841266 0.1006726 0.04790361 0.01277329 0.01577201 0.02082525 0.02769564 1.086272e-23 14.8793 17.59355 19.44033 18.90565 20.95523 79 
0.03303006 0.1156743 0.05227266 0.01275404 0.01546097 0.01999501 0.02631701 0 14.67617 16.37344 17.48779 17.40832 18.01694 79 
0.02421026 0.07295025 0.05035476 0.01251032 0.01588912 0.01995533 0.02597247 1.460282e-05 12.83458 14.21448 14.07587 14.17019 14.92585 80 
0.01744888 3.57793e-06 0.04463526 0.01235088 0.01539839 0.01945902 0.02527612 1.824269e-09 12.00506 12.66201 12.88059 13.04528 12.94446 80 
0.01671746 2.969852e-06 0.05048996 0.01231527 0.01549991 0.01929161 0.02505771 7.135316e-08 12.06896 12.84925 12.67208 13.07577 12.88948 80 
0.02806584 0.08048214 0.05232794 0.01233807 0.01527684 0.01940114 0.02530134 0 12.66723 14.00005 14.62883 15.25485 15.22412 81 
0.02440752 0.07014674 0.04970511 0.01332019 0.01586135 0.01982821 0.0258359 0 13.61929 13.84257 14.30426 14.73032 14.25925 81 
0.04140791 0.1070365 0.04871109 0.01373455 0.01606293 0.02083035 0.02775324 1.017154e-16 17.26474 19.57383 21.62729 22.29115 22.30431 81 
0.02117325 7.245745e-06 0.05169815 0.01268969 0.01511509 0.01902125 0.02471739 0 12.42321 12.58816 13.21452 13.42549 13.65978 82 
0.02980516 0.1114377 0.04976998 0.01351823 0.01591418 0.02018749 0.02650256 4.752434e-05 15.36845 16.08376 16.81805 17.42811 16.29929 82 
NaN 0.07113184 0.03343737 0.04996109 0.04875297 0.06865924 0.1165108 5.116073e-05 67.56721 61.54614 58.19112 44.20863 0 82 
0.02579334 0.08122071 0.04560217 0.01293125 0.01632505 0.02011604 0.02609576 2.670319e-05 13.95663 15.41677 14.66566 15.40626 16.24305 83 
0.01830237 6.498927e-06 0.05056905 0.01230588 0.01482119 0.0185064 0.02408051 0 12.01054 12.3066 12.67294 13.10202 13.53054 83 
0.04204822 0.1038945 0.04872322 0.01339511 0.01634415 0.02055951 0.02729361 3.877434e-05 15.69048 18.7416 19.36313 22.09378 20.8413 83 
NaN 0.05674997 0.03594341 0.05182856 0.05868268 0.07805323 0.1309717 2.807496e-05 74.96704 63.8913 66.35914 56.99329 0 84 
0.03764027 0.1232505 0.05445764 0.01399468 0.01553223 0.02002612 0.02631934 0 16.14985 16.43368 19.00859 18.01873 19.60963 84 
0.02468772 0.07777483 0.05048549 0.01239307 0.0158096 0.01941815 0.02531509 3.509371e-05 12.72031 14.24335 13.69257 14.93885 14.53999 84 
NaN 0.0578562 0.03337345 0.04931758 0.05616898 0.0791926 0.1228986 6.048478e-05 68.94711 67.15824 59.93658 51.2134 0 85 
0.02530313 0.07885712 0.04318696 0.01340328 0.01600131 0.01955279 0.02567223 9.733103e-06 14.34696 14.74184 14.68159 16.19624 15.10595 85 
0.03158498 0.1094584 0.05143681 0.01339704 0.01583257 0.02012743 0.02633963 0 15.25027 16.13762 17.03055 16.49315 18.28191 85 
0.03059553 0.09012669 0.04534691 0.01369771 0.01612545 0.02038637 0.02675817 9.239131e-16 15.61326 16.29611 17.25064 17.24921 18.20345 86 
0.02676419 0.1128895 0.04761324 0.01365982 0.01560193 0.02011669 0.02641201 1.293021e-18 15.56214 15.31358 16.81583 16.21576 16.30697 86 
0.03948831 0.106942 0.04923239 0.01404746 0.01689151 0.02072792 0.02719779 6.02526e-05 17.70375 20.2717 19.34637 22.70725 21.95242 86 
0.02378025 0.0865748 0.05173104 0.01304261 0.0153331 0.01928896 0.02514129 0 13.48584 13.58276 14.22704 14.3614 14.74228 87 
0.02541121 5.010696e-06 0.04661011 0.01225701 0.01496251 0.01898447 0.02466137 0 11.92607 12.75175 13.69142 14.23781 14.54219 87 
0.03887873 0.1080012 0.05065759 0.01275117 0.01525187 0.01976974 0.02601424 6.422362e-17 14.2374 16.2424 18.00129 19.02823 18.71214 87 
0.02484644 5.559289e-06 0.04876002 0.01260848 0.01550264 0.01956054 0.0254143 0 12.29326 13.07807 13.76209 14.04029 14.33248 88 
0.01538504 9.723531e-21 0.04880903 0.01221681 0.01545257 0.018982 0.02468586 4.148704e-05 12.02134 12.84829 12.40541 12.92064 13.04395 88 
0.01911356 8.412696e-06 0.04526994 0.01230722 0.01475216 0.01896229 0.02462862 0 11.95031 12.22282 13.11106 13.23731 13.34235 88 
0.01889997 6.682038e-06 0.05279255 0.01241782 0.01483993 0.0186883 0.02431021 0 12.14462 12.33702 12.87129 13.26518 13.38185 89 
0.03495489 0.1039461 0.05056547 0.01332546 0.01560596 0.01957667 0.02579211 0 14.80627 15.93786 16.97577 18.38466 17.61041 89 
0.02305222 0.05561019 0.04615824 0.01177761 0.01576875 0.01998485 0.02611582 2.597572e-05 11.88052 14.02184 13.80944 13.86666 14.7239 89 
0.01902326 5.332827e-06 0.05214125 0.0124368 0.01523742 0.01880402 0.02444775 0 12.2005 12.68468 12.71004 13.16184 13.54265 90 
0.03214226 0.1154417 0.05145585 0.01325666 0.01548719 0.01981617 0.02603758 9.459601e-06 15.135 15.95428 17.21279 17.29252 17.65005 90 
4.062413e-17 0.04618442 0.04084971 0.0576305 0.07895156 0.1094109 0.1568418 0 98.41834 92.47839 82.80103 77.23712 1.122594e-08 90 
0.02880551 0.05520466 0.04750463 0.01251727 0.01492587 0.01948763 0.02545099 0 12.70008 13.49781 15.2201 15.11461 15.86126 91 
0.01626156 9.688345e-06 0.04873096 0.01229299 0.01551578 0.01961782 0.02546571 0 12.07172 12.87098 12.91972 13.03958 12.61258 91 
0.02725916 0.06631618 0.04964983 0.01195711 0.01515379 0.01941897 0.02535359 0 12.2093 13.82733 14.53011 14.84517 15.44591 91 
0.02276811 7.263226e-06 0.04860674 0.01254867 0.01509039 0.01897493 0.0246573 0 12.2726 12.68422 13.38124 13.88446 13.83706 92 
NaN 0.07357856 0.03117401 0.0532713 0.04960505 0.06781847 0.1049361 3.824647e-05 67.62276 60.05187 51.89819 40.79782 0 92 
0.02343427 3.450641e-06 0.04717557 0.01261934 0.01536005 0.01941284 0.02522092 0 12.40481 12.96727 13.69669 13.91233 14.16285 92 
NaN 0.05100472 0.03551435 0.0597455 0.07461508 0.1015675 0.1643433 2.884842e-05 88.63119 78.16041 71.04686 60.73572 0 93 
0.02044476 6.137682e-06 0.05041341 0.01203874 0.01572746 0.01976632 0.02565642 0 11.79797 13.27401 13.09277 13.59217 13.16565 93 
0.03018126 0.1019813 0.04959719 0.01326554 0.01649585 0.02063446 0.02700425 7.754769e-18 14.83122 16.63291 16.1959 17.76337 15.96189 93 
0.02333745 0.07672535 0.05018141 0.01339364 0.01540878 0.01990815 0.02598833 0 13.86746 13.47451 14.849 13.97542 14.59543 94 
0.02477996 0.06080666 0.04824555 0.01282321 0.01557315 0.01972925 0.02570571 0 12.92723 13.59383 14.24411 14.30791 14.77998 94 
0.02843369 0.1079286 0.05680795 0.01240844 0.01514451 0.01892 0.0247077 1.237817e-18 12.9811 14.15735 14.47607 15.27889 15.68015 94 
0.01926008 6.422094e-06 0.05105668 0.01235331 0.01576392 0.01932686 0.02505383 1.802589e-08 12.09389 13.13291 12.64931 13.64726 12.88743 95 
0.03259738 0.08554783 0.05437382 0.01366894 0.01575254 0.01963439 0.02559568 5.517794e-22 14.16683 14.58998 15.96656 16.13715 16.3402 95 
0.04298384 0.1278254 0.05385471 0.01432386 0.0161337 0.02092105 0.02780828 3.900577e-15 18.2976 20.04458 22.35158 22.62706 21.76354 95 
0.02311095 0.0583547 0.04655094 0.0123879 0.01546405 0.01926875 0.02503799 1.909639e-17 12.47122 13.51321 13.60524 14.0219 14.70741 96 
0.0351315 0.1128619 0.04925026 0.01408686 0.01662225 0.02055312 0.02686928 1.261651e-18 17.13189 18.47319 18.22052 19.59921 19.98565 96 
0.02471736 0.05446227 0.04603841 0.01241291 0.01563479 0.01924288 0.02506477 4.648187e-14 12.608 13.86438 13.73092 15.09498 14.44663 96 
0.02199922 9.40133e-06 0.04746859 0.01224036 0.01517917 0.01855631 0.02422402 0 11.89763 12.72518 12.78996 13.89359 13.7397 97 
0.02551159 0.06824813 0.05029947 0.01329596 0.01552978 0.01926606 0.02516524 2.122215e-18 13.60137 13.63983 14.33726 14.96926 14.61158 97 
0.03033574 0.09838689 0.04831664 0.01292068 0.01523523 0.01934795 0.025402 4.714318e-22 14.32192 15.13432 16.23073 16.76848 17.00985 97 
0.01650778 1.85831e-06 0.04784584 0.01289778 0.01606135 0.01934304 0.025198 1.582711e-10 12.63982 13.03071 12.22082 12.90132 12.99851 98 
NaN 0.04624521 0.03664941 0.04997162 0.06640513 0.09244389 0.1206771 1.692114e-05 78.77377 75.28604 64.52845 67.5003 0 98 
0.02354157 0.07634922 0.05059498 0.01345829 0.01591872 0.01951581 0.02548185 1.702602e-05 13.88706 13.87893 13.96362 14.69381 14.26851 98 
NaN 0.05822733 0.0337134 0.04491707 0.05579198 0.07998535 0.1220993 3.054932e-05 63.96895 71.12974 62.0205 52.6505 0 99 
NaN 0.05766607 0.03418153 0.05071242 0.05865412 0.08754223 0.1045859 5.216055e-05 71.84807 69.10518 51.57873 56.04496 0 99 
0.01811901 6.655637e-06 0.05232114 0.01258016 0.01523816 0.01914624 0.02487593 0 12.35372 12.60256 12.9155 13.1339 13.16772 99 
0.03367043 0.1215666 0.05309128 0.01338724 0.01612631 0.02027042 0.02665504 2.312e-05 15.47542 17.12046 17.25784 18.50503 17.46203 100 
0.02554599 0.08366315 0.05186916 0.012836 0.01604576 0.0202819 0.02645146 2.335749e-05 13.25685 14.48821 14.54269 14.9785 14.36212 100 
0.02724515 0.05754816 0.04763133 0.01262539 0.01504567 0.01947446 0.02541223 1.787514e-05 12.8353 13.47817 14.9221 14.74645 15.52345 100 
