1 0.1600012 0.1982353 0.6644123 0.4800688 0.9999999 1 1 1212.819 2425.639 2719.72 3038.221 3038.221 1825.402 1 
1 0.1540848 0.1875105 0.6420039 0.7196726 1 1 1 1181.508 2363.017 2837.163 3021.853 3021.853 1840.344 1 
1 0.2907687 0.1023603 0.4990625 0.2103824 0.4004292 1 0.9999996 691.517 1383.034 1529.064 1748.533 2077.149 1385.632 1 
1 1 0.03305789 0.191553 0.2496819 0.2988117 0.5036268 1 185.998 371.9959 567.9967 743.9972 951.9955 971 2 
1 0.1920377 0.164797 0.513321 0.3237809 0.3339622 0.9999969 0.9999927 906.3329 1812.666 2090.889 2284.944 2671.958 1765.626 2 
1 0.1436124 0.1693369 0.6453257 0.6935543 1 1 1 1260.658 2521.316 3001.855 3214.181 3214.181 1953.522 2 
0.9999843 0.1635941 0.1813642 0.5700217 0.4566287 0.319618 0.9998048 0.9989857 1082.207 2164.398 2537.124 2678.857 2980.553 1898.537 3 
1 0.1228967 0.2016502 0.7398251 0.3352202 0.999955 0.9999937 0.9999965 1611.444 3222.888 3412.856 3789.569 3789.586 2178.142 3 
1 0.5279332 0.07105683 0.3116234 0.2627933 0.3380015 0.4494393 0.9999998 360.0597 720.1194 929.138 1127.326 1301.783 1155.432 3 
1 1 0.03548836 0.1593921 0.252417 0.3053312 0.4953499 0.9999999 157.0012 314.0024 523.0034 712.0027 925.0024 985 4 
1 0.1847004 0.146344 0.5173509 0.3807803 0.4150668 1 1 920.6803 1841.361 2168.422 2389.181 2700.285 1779.605 4 
1 0.2201516 0.1361217 0.4661263 0.3484611 5.367784e-54 0.4378205 1 831.4799 1662.96 1994.809 1994.809 2266.467 1783.808 4 
1 0.350342 0.09845469 0.3982289 0.3073585 0.3365749 0.5742382 1 525.405 1050.81 1294.837 1479.927 1689.428 1319.354 5 
1 0.205045 0.130731 0.4878502 0.2854827 0.4648815 1 1 824.4674 1648.935 1896.03 2183.531 2514.469 1690.001 5 
1 0.1963086 0.1417892 0.4686379 0.3648634 0.3835946 0.9999842 0.9999647 820.3686 1640.737 1980.122 2206.744 2570.901 1750.538 5 
1 0.2390924 0.1474975 0.4707454 0.3200017 0.3279471 0.9999792 0.9999414 727.9871 1455.974 1717.886 1900.407 2274.435 1546.456 6 
1 0.1969571 0.1537594 0.5248014 0.3367196 0.4957977 1 1 893.8662 1787.732 2060.267 2326.434 2597.113 1703.247 6 
1 0.1734209 0.1806205 0.6149046 2.905865e-282 0.544627 1 1 1143.103 2286.206 2286.206 2676.098 3002.095 1858.992 6 
1 0.385107 0.08676585 0.3425226 0.2551337 0.4114395 0.3864363 0.9999996 446.8038 893.6076 1112.422 1375.263 1520.56 1304.451 7 
0.9999922 0.1589514 0.1629528 0.6424808 0.1961655 0.170998 0.999963 0.9999025 1264.874 2529.737 2667.791 2764.518 3233.518 1968.734 7 
1 0.9999996 0.03896933 0.168699 0.2261611 0.3570299 0.4791157 1 165.9999 331.9998 516.9996 742.9996 937.9999 984.0001 7 
1 0.2001933 0.1263534 0.5829587 0.3449999 0.6019968 0.9999994 0.9999984 964.3507 1928.701 2166.711 2438.738 2618.586 1654.235 8 
1 0.2381677 0.1414649 0.4987902 0.3981959 0.5224794 0.9999955 0.999974 751.8315 1503.663 1804.491 2042.037 2259.141 1507.31 8 
1 0.2524503 0.139815 0.4885649 0.2619354 0.4041861 1 0.9999997 729.0919 1458.184 1658.099 1885.779 2221.405 1492.313 8 
1 1 0.03806439 0.1724844 0.263027 0.3249158 0.4488782 0.9999999 167.9998 335.9996 547.9994 740.9995 920.9998 974 9 
0.2469762 1 0.1418061 0.2038547 0.2471339 0.3401015 0.4948815 1 201.0007 250.6431 255.9028 264.2017 258.2551 986 9 
1 0.999999 0.0402436 0.1824662 0.268077 0.3304961 0.5292663 1 178.9994 357.9987 572.9967 766.9989 975.0009 981.0002 9 
1 0.1692927 0.1519143 0.5988027 0.2605437 0.4072487 1 1 1122.605 2245.21 2441.176 2667.679 2997.354 1874.749 10 
1 0.1720983 0.1805649 0.5193618 0.3496668 0.5709413 1 1 959.031 1918.062 2228.4 2557.94 2805.588 1846.557 10 
1 0.1558258 0.1725904 0.5436097 0.4797877 0.5276773 1 1 1065.565 2131.13 2560.349 2805.92 3025.731 1960.166 10 
0.9999995 0.4849591 0.08134841 0.3039149 0.2836949 0.295813 0.4604711 0.9999998 363.0636 726.127 962.0357 1138.236 1331.38 1194.623 11 
1 0.1453215 0.2111293 0.5752222 0.425164 0.4551486 0.9999992 0.9999999 1183.805 2367.61 2739.284 2968.004 3241.8 2057.996 11 
1 0.9999992 0.03706084 0.1682054 0.2601719 0.3200011 0.4754971 1 164.0003 328.0006 538.9999 731.0008 925.0035 975.0002 11 
1 0.2103995 0.1499817 0.5104193 0.3482601 0.3241408 0.9999874 0.9999831 846.2528 1692.506 1975.19 2146.666 2504.204 1657.956 12 
1 0.1973527 0.1358517 0.5366618 0.4459209 0.5610059 0.9999347 0.9999314 892.0341 1784.068 2127.497 2366.894 2554.212 1662.19 12 
1 0.2167981 0.1775894 0.5009167 0.2795808 0.320751 0.9999797 0.9999363 821.2878 1642.576 1871.351 2060.436 2460.849 1639.57 12 
1 0.2330125 0.1237048 0.4425261 0.3851738 2.167613e-42 0.5848905 1 746.9627 1493.925 1856.37 1856.37 2194.755 1687.951 13 
1 0.2604499 0.1496512 0.4680191 0.2145582 0.4477888 1 0.9999997 695.1835 1390.367 1559.909 1837.829 2180.558 1485.374 13 
1 0.4407742 0.07561513 0.3452584 0.280624 0.3289844 0.5099808 1 422.1574 844.3148 1068.974 1258.44 1455.52 1222.729 13 
1 0.2156244 0.1377691 0.5390559 0.2771717 0.4774474 0.9999966 0.999983 867.5226 1735.045 1940.655 2196.665 2476.859 1609.337 14 
1 1 0.03155185 0.1536078 0.2423876 0.3263667 0.4964198 1 148.9996 297.9991 496.9994 699.9996 907.9995 970 14 
1 0.9999998 0.0364778 0.1827532 0.2349232 0.3694529 0.4817662 1 178.0016 356.0033 543.0018 767.9986 952.9983 974 14 
1 0.2841742 0.1419318 0.4627293 0.1927991 0.2956566 0.4164598 1 700.517 1401.034 1557.85 1751.963 1944.548 1513.881 16 
1 0.7398488 0.05219499 0.2196404 0.2757253 0.3541822 0.489526 0.9999997 231.2347 462.4695 688.9924 899.7415 1087.857 1052.788 16 
1 0.09176539 0.215593 0.8072542 0.4679667 1 1 1 2179.892 4359.784 4603.354 4880.27 4880.27 2700.378 16 
1 0.2599186 0.1350056 0.4744586 0.3417599 0.5072752 1 1 681.2205 1362.441 1620.321 1872.277 2117.005 1435.785 17 
1 0.1888681 0.1466043 0.5267804 0.3692551 0.3002464 0.9999835 0.999988 926.8443 1853.689 2161.133 2318.811 2686.289 1759.451 17 
1 0.1368245 0.1831356 0.6078097 0.1615682 0.4254449 1 1 1345.079 2690.158 2830.385 3139.976 3558.073 2212.994 17 
1 0.9999999 0.03914163 0.1835913 0.2700979 0.3149726 0.4849253 1 179.0015 358.003 573.0005 755.9999 949.001 975 18 
1 0.1648167 0.1588187 0.5431781 0.5466852 1.475211e-16 1 1 1031.717 2063.434 2537.789 2537.789 2931.126 1899.409 18 
1 0.199322 0.1283153 0.515848 0.2484107 0.4765019 1 1 888.2749 1776.55 1983.649 2282.223 2610.245 1721.97 18 
1 0.1786802 0.1344849 0.5105951 0.384841 0.724786 0.9999964 0.9999954 912.5031 1825.006 2161.601 2551.564 2699.639 1787.136 19 
1 0.2258469 0.1551401 0.5310533 0.1905663 0.4369898 1 1 845.953 1691.906 1834.263 2098.494 2438.925 1592.972 19 
1 0.2452374 0.1476755 0.5179887 0.2747316 0.4597574 1 1 783.1769 1566.354 1766.573 2009.583 2295.134 1511.957 19 
1 0.6502979 0.05955032 0.2549107 0.2686104 0.3241904 0.5760874 0.9999989 273.8477 547.6954 762.7022 952.4943 1180.419 1074.289 20 
1 0.2509035 0.1526536 0.417085 0.3630313 1.18031e-37 0.527217 0.9999994 685.7296 1371.459 1719.378 1719.378 2041.219 1644.1 20 
1 0.2113859 0.1738022 0.490678 0.4286343 0.4699503 0.9999985 0.9999833 790.2686 1580.537 1932.144 2152.405 2400.833 1610.564 20 
1 0.1866793 0.138744 0.5654859 0.3278218 0.3639741 0.9999972 0.9999962 985.9308 1971.862 2220.213 2405.559 2729.441 1743.511 21 
1 0.2141912 0.152581 0.4816969 0.2688767 0.3735591 0.9999962 0.9999974 807.9435 1615.887 1849.633 2087.066 2485.228 1677.286 21 
1 0.1421344 0.1831973 0.6237295 0.6713359 0.9999993 0.9999995 0.9999998 1231.543 2463.086 2961.848 3206.026 3206.026 1974.483 21 
1 0.5093474 0.06511539 0.3165376 0.2703954 0.3237558 0.5258842 1 369.2578 738.5155 954.1004 1142.432 1349.304 1166.553 22 
1 1 0.03259447 0.1923885 0.2318468 0.2951949 0.4752967 0.9999993 187.0016 374.0033 556.0026 734.0048 936.0044 972 22 
1 0.1841056 0.1509643 0.5721439 0.3123134 0.7710146 1 1 988.8526 1977.705 2208.653 2600.736 2717.181 1728.328 22 
1 0.1090583 0.2083467 0.7415499 0.4615783 0.9999941 0.9999994 0.9999999 1770.066 3540.132 3824.887 4157.046 4157.048 2386.982 25 
1 0.5577219 0.0612889 0.2896784 0.2946686 0.280317 0.5981522 0.9999997 326.4717 652.9433 888.8381 1047.118 1290.188 1127.014 25 
1 0.2167391 0.1415342 0.5696778 0.1866371 0.4986682 1 1 913.8255 1827.651 1956.484 2236.462 2517.935 1604.109 25 
1 0.5968387 0.06041366 0.2848823 0.2503474 0.2740409 0.5148846 1 318.4833 636.9666 837.1102 1001.348 1225.365 1117.947 26 
1 0.4068344 0.09714084 0.3629762 0.2712182 0.2194938 0.6232527 0.9999996 462.2875 924.5751 1144.619 1274.399 1562.025 1273.603 26 
1 0.1044496 0.2571726 0.7683569 0.5148311 1 1 1 1886.46 3772.921 4065.719 4341.648 4341.648 2455.188 26 
1 0.1497407 0.1493302 0.5812934 0.2625477 0.4832338 1 1 1189.012 2378.023 2602.881 2908.086 3234.47 2045.458 27 
1 0.1357388 0.1852304 0.761916 0.4190021 1 1 1 1532.736 3065.473 3266.154 3544.423 3544.423 2011.687 27 
1 0.2631352 0.1030615 0.4486483 0.3020907 0.2453861 0.4509139 1 703.297 1406.594 1667.689 1815.706 2020.954 1567.591 27 
0.9999955 0.2484805 0.135412 0.5267114 0.2880273 0.3441165 0.9999496 0.9995469 780.9871 1561.971 1764.094 1936.021 2263.704 1482.761 28 
1 1 0.03903667 0.1670113 0.2438101 0.3076915 0.4799087 0.9999999 162.0009 324.0019 521.0002 709 912.0018 970 28 
1 0.4236609 0.08639352 0.4097174 0.2517008 0.338508 0.4724608 0.9999999 502.9662 1005.932 1188.321 1371.873 1541.338 1227.593 28 
1 0.1909758 0.164183 0.5824166 0.1590711 0.4454857 0.999999 0.9999991 1021.36 2042.72 2159.208 2433.543 2775.019 1753.659 29 
0.9999988 0.4272639 0.08123206 0.3492251 0.2730366 0.3250577 0.4952267 0.9999997 430.8221 861.6436 1080.844 1270.556 1465.631 1233.652 29 
1 0.1865438 0.1790506 0.4868829 0.4558102 0.4534984 0.999999 0.9999952 857.9166 1715.833 2127.951 2351.083 2619.976 1762.059 29 
1 0.9999999 0.03421991 0.1993873 0.2477645 0.3056025 0.4914425 1 195.0007 390.0015 584.0009 764.0007 965.0007 978 31 
1 0.1961952 0.1474974 0.536951 0.2854912 0.5507195 0.9999978 0.9999946 917.7208 1835.442 2061.383 2372.799 2626.854 1709.133 31 
1 0.1779118 0.1815698 0.5838513 0.212492 0.4405518 1 1 1062.616 2125.231 2286.172 2548.941 2882.627 1820.011 31 
1 0.3491401 0.09973455 0.3846866 0.338406 0.3292136 0.5768796 1 507.1405 1014.281 1288.789 1465.469 1673.141 1318.321 32 
1 0.2465528 0.1543782 0.4930753 0.2661859 0.3141238 0.9999884 0.9999754 746.5544 1493.109 1697.413 1874.333 2260.628 1514.078 32 
0.9999973 0.1932328 0.1638978 0.5178985 0.4051186 0.2263525 0.9999233 0.9995171 900.7345 1801.467 2141.144 2254.042 2639.896 1739.21 32 
0.9999989 0.2386081 0.1473594 0.5706757 0.245123 0.6489896 0.9999999 0.9999998 851.0572 1702.113 1859.053 2172.718 2342.365 1491.315 33 
1 1 0.03329156 0.1561231 0.2273271 0.3599379 0.5036685 0.9999997 153.0006 306.0013 494.0006 724.001 930.0012 980 33 
1 0.1398126 0.191427 0.6401777 0.731235 1 1 1 1266.298 2532.596 3053.048 3244.34 3244.34 1978.042 33 
1 1 0.04716334 0.1779826 0.2265336 0.3058257 0.4941716 1 172.999 345.9981 526.9986 715.999 927.9987 972 34 
1 0.1627299 0.1745596 0.5684955 0.4618216 2.644795e-14 1 1 1112.558 2225.117 2615.108 2615.108 3069.58 1957.022 34 
1 0.2142589 0.1579149 0.5530992 0.3042561 0.4680786 0.999997 0.9999857 887.0538 1774.108 1992.178 2225.592 2490.841 1603.788 34 
1 0.2168382 0.1592267 0.517744 0.197212 0.5167815 1 1 834.9882 1669.976 1823.359 2146.023 2447.732 1612.744 35 
1 1 0.03391893 0.1857877 0.2481302 0.3084585 0.4988014 0.9999999 183.0009 366.0018 565.002 751.0021 959.0017 985 35 
1 0.1909003 0.1405241 0.4874289 0.3590987 0.3361433 0.9999948 0.9999871 869.8244 1739.649 2068.113 2265.169 2654.338 1784.516 35 
1 0.2174527 0.1565722 0.5564204 0.259889 0.4704735 1 0.9999998 883.1864 1766.373 1949.355 2194.517 2470.451 1587.265 36 
1 0.1111863 0.2116425 0.7155738 0.589235 0.9999916 0.9999999 1 1682.193 3364.387 3758.372 4033.022 4033.025 2350.831 36 
1 0.1376081 0.2005782 0.7349382 0.2734164 0.9999748 0.9999995 0.999988 1490.083 2980.166 3127.103 3517.567 3517.577 2027.494 36 
1 0.2796481 0.1091527 0.432137 0.3203015 0.5907517 3.93104e-22 0.9999999 633.1494 1266.299 1532.793 1866.872 1866.872 1465.159 37 
1 0.1606814 0.1744669 0.5851069 0.6365677 0.9999674 0.9999688 0.999976 1070.732 2141.464 2624.775 2900.7 2900.709 1829.977 37 
1 0.1550561 0.1963045 0.6824811 0.4314846 0.9999684 0.9999863 0.9999678 1270.861 2541.722 2796.841 3132.969 3132.98 1862.119 37 
1 0.1648841 0.1350027 0.5678972 0.4828184 2.445951e-06 1 1 1085.897 2171.794 2570.717 2570.718 2998.033 1912.136 38 
1 0.1799234 0.1454706 0.4993474 0.3254472 0.5303639 1 1 911.7328 1823.466 2120.962 2447.995 2737.581 1825.849 38 
1 0.1701878 0.1994649 0.5806044 0.6413783 0.999988 0.9999943 0.999991 1022.689 2045.378 2519.186 2784.108 2784.111 1761.422 38 
0.9999995 0.3725317 0.08596807 0.3628221 0.3016921 0.319481 0.4385134 1 477.9923 955.9844 1209.235 1396.51 1571.436 1317.429 39 
1 0.2004716 0.1330509 0.4730967 0.4223586 0.2145347 0.9999677 0.9998572 813.3322 1626.664 2009.251 2121.506 2532.485 1719.167 39 
1 0.1786112 0.1453844 0.5993982 7.014776e-07 0.4585323 0.9999998 0.9999956 1113.049 2226.099 2226.099 2567.199 2969.994 1856.945 39 
1 0.5144538 0.06431455 0.3087786 0.3030529 0.3242646 0.5900253 0.9999995 355.8677 711.7355 953.1576 1133.193 1354.557 1152.501 40 
1 1 0.0334988 0.1795128 0.2571071 0.3361066 0.5012527 1 176.9996 353.9993 561.999 763.9993 963.9993 986 40 
1 0.1366284 0.2053804 0.6642787 0.7622785 0.9999971 0.9999997 0.9999999 1325.085 2650.171 3160.659 3319.858 3319.858 1994.773 40 
1 0.1226507 0.1838982 0.5590554 0.3810982 0.3839147 1 1 1329.242 2658.484 3058.033 3307.142 3706.899 2377.657 42 
0.9999972 0.1771286 0.1461772 0.6556906 0.1423207 0.5262442 0.9999673 0.999768 1157.66 2315.318 2401.828 2676.195 2923.187 1765.559 42 
0.999985 0.2252718 0.09758869 0.4942575 0.4687262 0.2752384 0.9998484 0.9986521 768.2095 1536.407 1904.831 2019.746 2322.34 1554.27 42 
1 0.184164 0.1740641 0.5459748 0.3444783 0.5287186 1 1 955.934 1911.868 2185.708 2461.224 2706.81 1750.876 43 
1 0.1983007 0.1200661 0.5329157 0.3271062 0.2816021 0.9999943 0.9999457 913.0285 1826.057 2087.821 2239.457 2626.296 1713.27 43 
1 0.2120894 0.1344617 0.5677339 0.3546042 0.5744024 0.9999925 0.999967 896.1302 1792.26 2034.208 2287.149 2474.562 1578.433 43 
1 0.1930928 0.141642 0.4881419 0.3909735 0.2830589 0.9999896 0.9999778 859.9226 1719.845 2072.387 2227.831 2621.543 1761.624 45 
1 0.2276538 0.1325858 0.5176918 0.3314021 0.4298888 0.9999841 0.999935 812.8732 1625.746 1876.722 2094.391 2383.056 1570.188 45 
1 0.2950251 0.1124854 0.4299454 0.3085903 0.2933446 0.5388855 1 623.8919 1247.784 1503.051 1670.825 1888.622 1451.096 45 
0.9999988 0.5241812 0.07906883 0.2874023 0.2897586 0.2808496 0.5437012 0.9999998 334.0043 668.0082 907.9696 1073.159 1303.139 1162.149 46 
1 0.1339002 0.1543792 0.6631376 0.6060043 0.9999842 0.9999996 0.9999977 1374.437 2748.875 3171.981 3447.061 3447.065 2072.628 46 
1 0.1843956 0.1591127 0.5851007 0.2377623 0.5402959 1 1 1030.676 2061.352 2235.123 2536.116 2792.212 1761.536 46 
0.9999981 0.3787469 0.09429707 0.3268808 0.3286941 0.1983784 0.6944835 0.9999999 425.255 850.5092 1138.343 1254.959 1582.225 1300.948 47 
1 0.2417394 0.1268698 0.4506634 0.4419614 0.3984383 0.9999687 0.9993795 682.7851 1365.57 1733.406 1918.459 2197.843 1515.067 47 
1 0.2234264 0.1492552 0.5265193 0.4297614 0.3796183 0.9999992 0.9999981 823.7944 1647.589 1965.96 2126.326 2388.399 1564.605 47 
0.9999982 0.3957253 0.08283545 0.3444464 0.3130242 0.3107511 0.5348815 0.9999997 442.393 884.7852 1148.34 1328.079 1541.317 1284.36 48 
1 0.2753633 0.1149779 0.4534439 0.246963 0.4701705 1 0.9999998 650.2912 1300.582 1494.158 1771.676 2084.407 1434.116 48 
1 0.1269748 0.1881393 0.7184158 0.6428857 1 1 1 1512.496 3024.992 3406.111 3617.817 3617.817 2105.321 48 
1 0.1933002 0.1433408 0.5656925 0.3151633 0.6219418 1 1 957.3476 1914.695 2146.34 2459.397 2649.694 1692.346 49 
0.9999863 0.1168977 0.1957347 0.6698351 0.3326936 0.0858815 0.9999095 0.9998649 1634.239 3268.456 3536.404 3582.52 4073.794 2439.764 49 
1 0.2025068 0.1350412 0.5120204 0.2776917 0.3206695 0.9999956 0.9999819 874.2999 1748.6 1979.986 2172.985 2581.847 1707.549 49 
1 0.1693228 0.1641452 0.5701567 0.3736366 0.4702469 1 1 1051.524 2103.048 2399.248 2632.748 2895.796 1844.272 50 
1 0.1311871 0.208343 0.6512267 0.7117577 0.9999993 1 1 1341.918 2683.836 3195.364 3402.519 3402.519 2060.601 50 
1 0.3244995 0.08387516 0.3911138 0.338352 0.2205806 0.5320361 0.9999998 548.7329 1097.466 1386.509 1511.187 1745.574 1403.001 50 
1 0.2307104 0.1472138 0.5401641 0.1792384 0.6025749 1 1 832.4782 1664.956 1791.979 2142.471 2373.636 1541.158 52 
1 0.1693085 0.1772327 0.670372 0.3851749 0.9999998 0.9999999 0.9999998 1175.713 2351.427 2574.1 2929.536 2929.536 1753.822 52 
1 0.240488 0.1525948 0.4886515 0.2928172 0.3018568 0.9999807 0.9999505 757.039 1514.078 1746.048 1915.158 2306.272 1549.241 52 
1 0.1226083 0.194629 0.5371559 0.6495134 0.5177537 1 1 1231.839 2463.678 3153.086 3345.698 3525.1 2293.262 53 
1 1 0.03219835 0.1745373 0.2698997 0.3492328 0.5078525 1 169.9994 339.9987 556.9983 761.9983 955.9985 974 53 
1 0.9999995 0.02620093 0.1832999 0.2443884 0.3514835 0.4961842 1 180.0005 360.0011 556.0004 768.9995 964.0005 982.0001 53 
1 0.4085616 0.08982318 0.3611964 0.266724 0.3105878 0.4007597 1 465.2257 930.4513 1149.908 1337.295 1503.989 1288.013 55 
1 0.1351219 0.184287 0.6085893 0.7040046 0.9999862 0.9999958 0.999997 1258.422 2516.844 3086.628 3326.188 3326.191 2067.769 55 
1 0.1759999 0.1658557 0.5829881 0.3382378 0.674822 1 1 1034.375 2068.749 2319.007 2649.421 2808.638 1774.264 55 
1 0.1921664 0.1196502 0.4582013 0.4173613 0.269799 0.9999957 0.9999727 812.0189 1624.038 2024.775 2175.709 2584.205 1772.188 56 
1 0.9999995 0.03671932 0.1550154 0.2493997 0.3674105 0.5100997 1 153.0002 306.0004 513.9998 743.999 945.9991 987.0001 56 
1 0.1632409 0.1468663 0.5750281 0.1985357 0.5400911 1 1 1115.218 2230.436 2394.069 2750.834 3054.633 1939.415 56 
1 0.1960119 0.163335 0.557557 0.213509 0.4420853 1 1 959.3931 1918.786 2081.334 2346.04 2680.102 1720.709 57 
1 0.1409761 0.1690003 0.608383 0.454652 0.5264915 1 1 1262.935 2525.871 2895.481 3128.897 3338.824 2075.888 57 
1 0.204734 0.1314265 0.4931263 0.4030545 0.5206583 1 1 815.9544 1631.909 1969.951 2230.624 2470.61 1654.656 57 
1 0.2129993 0.1246778 0.4946803 0.3379205 0.4160426 1 0.9999999 817.1513 1634.303 1916.374 2146.302 2469.029 1651.878 58 
1 0.1925071 0.1303473 0.5201613 0.2517989 0.4381849 1 1 914.5122 1829.024 2041.447 2318.028 2672.644 1758.132 58 
1 0.1876398 0.1560332 0.5486714 0.2214973 0.3168908 0.9999992 0.9999989 980.8789 1961.758 2140.474 2339.526 2768.613 1787.735 58 
1 0.5844342 0.04531012 0.2708334 0.2876266 0.2723175 0.4978218 0.9999999 306.4122 612.8245 850.1036 1010.138 1223.028 1131.368 59 
1 0.09064938 0.2207722 0.7093569 0.9999963 0.9999775 0.9999986 1 1941.903 3883.806 4679.455 4679.458 4679.458 2737.554 59 
1 0.2235415 0.146686 0.5073385 0.3739967 0.419053 0.9999971 0.9999877 801.0239 1602.048 1892.961 2097.014 2379.897 1578.874 59 
1 0.230693 0.1634604 0.4927358 0.2240858 0.5560597 0.9999995 0.999987 771.8346 1543.669 1721.726 2064.556 2338.261 1566.427 61 
1 0.1584927 0.1481689 0.6360895 0.2501662 0.5191647 0.9999954 0.9999963 1230.652 2461.303 2637.436 2911.519 3165.365 1934.714 61 
1 0.1677238 0.1785777 0.5768371 0.2968073 0.5352624 1 1 1073.475 2146.95 2380.684 2677.09 2934.442 1860.967 61 
1 0.1930098 0.1829658 0.5413862 0.3393187 0.5164337 0.9999993 1 932.8685 1865.737 2133.881 2403.51 2655.979 1723.111 62 
1 0.1327139 0.2194127 0.6911467 0.5363364 0.9999874 0.9999988 0.9999992 1409.386 2818.772 3156.564 3448.582 3448.586 2039.2 62 
0.999999 0.1058311 0.2104918 0.7928682 0.9996503 0.9998056 0.9999674 0.9999531 1871.32 3742.639 4231.335 4231.502 4231.497 2360.191 62 
1 0.190111 0.1444712 0.5989463 0.2006926 0.4394733 1 1 1036.517 2073.034 2212.325 2456.127 2767.085 1730.568 64 
1 0.1742282 0.1591289 0.5287151 0.434428 0.4074632 0.9999994 0.9999993 970.26 1940.52 2316.243 2515.551 2805.388 1835.128 64 
1 0.3211265 0.09439551 0.3682293 0.3662344 0.2697345 0.5078319 0.9999994 517.1157 1034.231 1359.16 1510.828 1719.353 1404.331 64 
1 0.9999999 0.03528672 0.16175 0.2378646 0.3550952 0.486419 0.9999999 159.0002 318.0004 514.0008 737.0004 934 983 65 
1 0.2243803 0.12288 0.5437045 0.1737912 0.6153232 1 1 851.5011 1703.002 1827.195 2190.492 2417.611 1566.11 65 
1 0.149752 0.1596087 0.528099 0.4317195 0.5602058 1 1 1075.374 2150.748 2565.604 2871.522 3111.686 2036.312 65 
1 0.1704469 0.1699098 0.5553247 0.3912893 0.4934327 1 1 1026.976 2053.952 2375.728 2622.727 2876.3 1849.325 68 
1 0.1292944 0.1594035 0.6822501 0.5316019 0.9999747 0.9999896 0.9999905 1438.909 2877.818 3234.074 3547.965 3547.973 2109.064 68 
0.9999973 0.2623056 0.1141844 0.4116056 0.3375863 0.1808293 0.4851089 0.9999997 640.6784 1281.355 1590.532 1700.233 1941.313 1556.535 68 
1 0.1412991 0.1702198 0.6863779 0.6071551 1 1 1 1352.087 2704.173 3079.274 3321.973 3321.973 1969.887 69 
1 0.1260237 0.1757853 0.6790576 0.2113885 0.4132637 0.9999863 0.9999968 1523.908 3047.816 3200.067 3434.797 3768.054 2244.151 69 
0.9999999 0.2133893 0.1808084 0.5047679 0.3614601 0.253441 0.9999662 0.9998509 829.7256 1659.451 1953.698 2085.437 2473.488 1643.777 69 
0.9999936 0.1566145 0.1744453 0.7046561 0.1864873 0.9999261 0.9998756 0.9998654 1302.918 2605.827 2707.65 3151.854 3151.867 1849.012 70 
1 0.1458217 0.1973217 0.6988152 0.3735279 0.9999645 0.999997 0.9999889 1358.165 2716.33 2934.978 3301.677 3301.69 1943.525 70 
1 0.1519101 0.1508478 0.6445208 0.2184538 0.7057821 0.9999881 0.9999552 1257.643 2515.287 2666.815 3049.429 3208.926 1951.284 70 
1 0.4156583 0.09645665 0.3363474 0.3137199 0.2525352 0.4794669 0.9999998 426.0119 852.0238 1115.728 1261.407 1468.147 1266.583 71 
0.9999995 0.2069803 0.1488738 0.5250197 0.3264997 0.2971823 0.9999573 0.9998397 874.7361 1749.472 2007.851 2166.244 2540.818 1666.102 71 
1 0.2504899 0.1202207 0.5513895 0.204946 0.4842843 1 1 810.6887 1621.377 1756.555 2010.513 2280.954 1470.265 71 
1 0.9999999 0.0324953 0.194242 0.2627565 0.3477491 0.5305052 1 188.9974 377.9949 583.9966 784.9959 984.9972 973 72 
1 0.1762656 0.1648943 0.4845191 0.4870551 0.6225966 0.9999336 0.9998726 879.6078 1759.216 2215.01 2513.87 2695.02 1815.424 72 
1 0.2063346 0.1600972 0.5442086 3.748534e-77 0.4858261 1 1 935.1678 1870.336 1870.336 2250.85 2653.567 1718.4 72 
1 0.1591803 0.1743402 0.5679444 0.3849437 0.999975 0.9999673 0.9999029 1080.815 2161.631 2478.137 2983.833 2983.846 1903.03 73 
1 0.1761049 0.1685349 0.5972436 0.1905423 0.4914106 0.9999997 0.9999988 1073.514 2147.027 2284.967 2572.931 2870.961 1797.447 73 
1 0.1458547 0.1420216 0.6316053 0.5035558 3.226286e-05 1 1 1282.43 2564.86 2941.519 2941.531 3312.859 2030.429 73 
1 0.1674348 0.1665388 0.5819556 0.5195171 4.02227e-08 1 1 1081.402 2162.805 2566.375 2566.375 2939.624 1858.221 74 
0.9999996 0.6846678 0.05905784 0.2512554 0.266228 0.3322334 0.5045704 0.9999998 268.8689 537.7377 751.0482 946.3754 1144.467 1070.102 74 
1 0.1188463 0.1980225 0.7488138 0.5340246 1 1 1 1674.83 3349.66 3649.683 3911.475 3911.475 2236.644 74 
1 0.9999988 0.03634138 0.1600426 0.2657801 0.2859479 0.5300911 1 157.0018 314.0037 533.0061 706.0034 935.0021 981.0002 75 
1 0.1257364 0.2330995 0.6392556 0.7720442 1 1 1 1360.305 2720.611 3313.268 3488.258 3488.258 2127.952 75 
1 0.9999991 0.04536957 0.2000002 0.2474475 0.3406794 0.4807203 1 196.0002 392.0004 585.9992 787.0004 974.0006 980.0002 75 
1 0.1934114 0.1520507 0.5567166 0.4296878 3.854246e-07 1 1 961.9567 1923.913 2253.035 2253.035 2689.868 1727.911 77 
1 0.1988722 0.1527369 0.4913184 0.3128181 0.3981201 0.9999991 0.999998 845.0101 1690.02 1963.696 2203.045 2564.893 1719.883 77 
1 0.2304093 0.1452319 0.4883156 0.3391794 0.4728042 1 1 764.1016 1528.203 1799.773 2049.933 2328.872 1564.77 77 
1 0.1628766 0.1841747 0.6436648 3.871971e-102 0.415404 1 1 1260.245 2520.491 2520.491 2810.308 3218.167 1957.922 78 
1 0.4058674 0.07420844 0.3581424 0.2992498 0.287439 0.4804772 1 453.5252 907.0503 1150.281 1313.998 1509.001 1266.326 78 
1 0.9999999 0.03411887 0.1820026 0.2612493 0.341794 0.5064277 0.9999999 177.9985 355.9971 564.997 766.9978 963.9985 978 78 
1 0.1721237 0.1733055 0.5416137 0.2514771 0.7783453 0.9999991 0.9999994 999.5441 1999.088 2211.825 2704.683 2845.037 1845.493 79 
0.9999999 0.2432032 0.1402806 0.4617766 0.3732489 0.2853362 0.9999659 0.9997502 707.4658 1414.932 1722.707 1870.172 2239.505 1532.052 79 
0.9999999 0.2211537 0.163802 0.5289724 0.2483619 0.3067125 0.9999911 0.9998946 854.8725 1709.745 1898.805 2074.296 2470.969 1616.1 79 
1 0.2171879 0.1521291 0.5209974 0.3372635 0.4074932 0.9999997 0.999999 842.849 1685.698 1947.047 2156.32 2460.609 1617.761 80 
0.9999987 0.5396541 0.07887589 0.3030208 0.267334 0.3347854 0.5481966 0.9999998 344.8174 689.6343 901.6603 1096.199 1308.103 1137.933 80 
1 0.9999999 0.03777056 0.1804269 0.262436 0.3490736 0.5025977 1 176.9988 353.9975 564.9964 771.9979 966.0011 981 80 
1 0.2422366 0.1174715 0.4563526 0.3646217 0.2993813 0.4841616 0.9999996 730.9053 1461.811 1779.294 1944.922 2132.587 1601.624 82 
0.3842567 1 0.0801177 0.18413 0.2456368 0.3223158 0.4999979 1 180.9998 250.5502 293.2764 307.6943 323.232 983 82 
1 1 0.03225815 0.1491308 0.2388975 0.3154604 0.4492995 0.9999989 145.9991 291.9982 491.0001 691.0016 885.9964 979 82 
1 0.08276067 0.2006339 0.7334059 0.6660334 0.999991 0.9999982 0.9999991 2199.476 4398.952 4931.455 5198.463 5198.465 2998.989 83 
1 0.2330507 0.1389056 0.4900802 0.2891305 0.5579445 1 1 759.7443 1519.489 1748.046 2061.579 2309.989 1550.245 83 
0.9999987 0.256433 0.1436741 0.4086357 0.2539661 0.5383485 0.4887674 0.9999999 631.9556 1263.91 1496.172 1863.476 2017.424 1546.501 83 
1 0.1895531 0.1589648 0.5103795 0.3570777 0.4497025 1 1 897.0766 1794.153 2101.45 2350.267 2654.742 1757.666 84 
1 0.2557664 0.1238324 0.4586253 0.3578602 0.4164093 0.9999996 0.9999748 680.5386 1361.077 1648.556 1863.36 2164.405 1483.866 84 
0.9999996 0.1918318 0.1338538 0.5795356 0.2932731 0.402151 0.999965 0.999901 995.9831 1991.966 2203.886 2409.257 2714.558 1718.588 84 
1 0.2839776 0.1111063 0.447653 0.3038277 0.5524752 1 1 619.9909 1239.982 1472.407 1766.636 2004.972 1384.981 85 
1 0.1381387 0.1963549 0.7707752 0.5282514 0.999987 0.9999881 0.9999968 1527.835 3055.67 3295.692 3510.038 3510.041 1982.206 85 
1 0.1370561 0.2058035 0.5638826 0.5243298 3.104546e-06 1 1 1226.059 2452.118 2949.318 2949.319 3400.376 2174.316 85 
1 0.2087743 0.1417349 0.6066981 0 0.4379534 1 1 1005.741 2011.483 2011.483 2297.023 2663.471 1657.73 86 
1 0.2204093 0.1482607 0.5033293 0.3026205 0.3777967 0.9999987 0.9999932 812.3799 1624.76 1867.35 2078.555 2426.392 1614.013 86 
1 0.09584182 0.2252795 0.7423155 0.4753404 0.9999435 0.9999771 0.9999965 1961.922 3923.844 4247.576 4604.877 4604.897 2642.976 86 
1 1 0.03934001 0.1724827 0.2456575 0.3651307 0.4533662 1 167.9982 335.9964 533.9968 755.9968 930.9968 974 87 
1 0.1990235 0.1530505 0.5416694 0.3599525 0.5089277 1 1 904.6781 1809.356 2084.896 2334.244 2574.844 1670.166 87 
0.999999 0.4283077 0.07961722 0.3381192 0.2833615 0.3282805 0.4028277 0.9999997 425.0893 850.1781 1085.97 1281.734 1443.094 1257.217 87 
1 0.1195205 0.1884179 0.7047272 0.5391334 0.9999931 0.9999985 0.9999985 1573.322 3146.644 3502.043 3805.846 3805.848 2232.526 88 
0.9999997 0.4869503 0.07543624 0.2947501 0.3012765 0.3453878 0.3515795 0.9999999 351.3183 702.6364 955.8894 1158.752 1293.929 1191.919 88 
1 0.194585 0.1445471 0.5278769 0.2428168 0.5857141 1 1 909.9032 1819.806 2017.411 2378.325 2633.607 1723.703 88 
1 0.1579597 0.1784312 0.5172963 0.4603469 0.276299 0.9999914 0.9999968 1025.831 2051.662 2492.321 2635.05 3008.891 1983.063 89 
1 0.2871518 0.1373782 0.4376671 0.3613722 0.4049917 0.9999804 0.9999171 609.647 1219.294 1502.357 1704.949 2002.588 1392.947 89 
1 0.1107729 0.1825199 0.5877351 0.3134413 0.5823349 1 1 1489.819 2979.639 3307.194 3725.004 4024.668 2534.848 89 
1 0.2655297 0.1305916 0.3819034 0.2945369 0.178322 0.5808166 1 606.5309 1213.062 1502.193 1625.684 1956.183 1588.179 91 
1 0.2118817 0.1318253 0.5304024 0.3068343 0.392463 0.9999995 0.9999987 868.6744 1737.349 1973.332 2182.557 2506.439 1637.765 91 
1 0.1752291 0.1436491 0.5273795 0.3949353 0.4905263 1 1 958.9684 1917.937 2257.343 2512.412 2777.333 1818.365 91 
1 0.148054 0.1539023 0.5851813 0.2881121 0.4991175 1 1 1202.557 2405.114 2650.718 2953.61 3257.573 2055.016 92 
1 0.112192 0.1703209 0.54929 0.4279898 0.2023895 0.9999995 0.9999993 1417.486 2834.971 3332.763 3467.413 3998.063 2580.578 92 
1 0.9999999 0.02770746 0.1756208 0.2681714 0.3270563 0.5114511 1 170.0009 340.0019 554.0024 745.0028 946.0021 968 92 
0.9999973 0.3221634 0.1114002 0.3814082 0.3674219 0.3188241 0.6254876 0.9999993 521.6681 1043.335 1354.198 1524.832 1752.862 1367.742 93 
1 0.2243863 0.1525011 0.4979623 0.3296453 0.5023711 1 1 784.6087 1569.217 1829.977 2096.369 2360.247 1575.639 93 
1 0.2000429 0.1344787 0.4964253 0.3421645 0.4672805 1 1 850.0668 1700.134 1995.185 2260.254 2562.443 1712.376 93 
1 0.1310853 0.1662059 0.6292733 0.3820098 0.6061729 1 1 1381.089 2762.178 3072.999 3377.799 3575.826 2194.737 94 
0.9999963 0.2031246 0.1380905 0.4773231 0.4004337 0.2746189 0.4844985 0.9999992 837.1441 1674.285 2041.351 2192.278 2385.43 1753.831 94 
1 0.2000042 0.1579912 0.5585344 0.1668951 0.4580585 1 1 955.278 1910.556 2036.57 2324.706 2665.608 1710.33 94 
1 0.2130722 0.1440877 0.5825292 0.2409148 0.561547 0.9999903 0.9999767 929.5633 1859.127 2019.618 2303.582 2525.298 1595.737 95 
1 0.169473 0.1463702 0.5228912 0.4997429 2.389794e-05 1 0.9999997 997.4809 1994.962 2449.8 2449.811 2905.107 1907.626 95 
0.9999997 0.2222137 0.1156049 0.5188455 0.3766257 0.4045442 0.9999504 0.9997417 814.8013 1629.602 1914.184 2104.735 2385.197 1570.412 95 
1 0.9999999 0.03790318 0.195299 0.2490454 0.3265661 0.4773792 1 191.0024 382.0049 578.003 771.0034 960.9999 978 96 
1 0.190964 0.1482806 0.5258483 0.1498403 0.5193973 1 1 937.6129 1875.226 2001.906 2375.225 2720.661 1783.048 96 
0.9999997 0.4212995 0.08063802 0.3452756 0.2888113 0.3111841 0.5864822 0.9999983 432.1677 864.3352 1101.014 1282.375 1517.819 1251.66 96 
1 0.1299723 0.2020156 0.7702167 0.6482324 0.9999526 0.9999879 0.9999864 1577.637 3155.274 3460.374 3625.931 3625.939 2048.303 97 
0.9999997 0.1504048 0.188691 0.6249482 0.2244942 0.4305448 0.9999482 0.999959 1270.203 2540.406 2711.535 2966.055 3302.677 2032.493 97 
1 0.1513409 0.1893752 0.5365768 0.2722957 0.4515403 0.9999946 0.9999949 1103.737 2207.475 2467.043 2780.273 3160.733 2056.998 97 
1 0.2092404 0.1409303 0.5347805 0.3467333 0.5264959 1 1 879.6437 1759.287 2024.616 2287.81 2524.512 1644.869 99 
1 0.2355277 0.1150118 0.4870083 0.308938 0.3526437 0.9999954 0.9999707 755.9895 1511.979 1757.994 1952.057 2308.301 1552.313 99 
1 0.2029028 0.160222 0.4731371 0.3629206 0.3607745 0.9999961 0.9999848 808.4989 1616.998 1943.737 2150.665 2517.302 1708.805 99 
1 0.1839509 0.1589668 0.6038602 1.37575e-35 0.4719716 1 1 1086.927 2173.855 2173.855 2510.388 2886.892 1799.965 100 
1 0.1630116 0.1761652 0.620458 0.3111264 3.64807e-06 1 1 1196.551 2393.103 2620.83 2620.832 3125.048 1928.497 100 
0.999996 0.3327763 0.1071228 0.3422534 0.3171895 0.3142042 0.5653024 0.9999997 477.9517 955.9015 1247.247 1444.305 1687.448 1396.485 100 
