0.03563471 0.1302629 0.03018981 0.01320807 0.0164049 0.02169089 0.02884916 6.871589e-15 15.99199 18.50785 20.3543 20.24688 20.96079 1 
0.04300505 0.163525 0.02885682 0.01313525 0.01600637 0.02115088 0.02813611 1.282626e-05 18.93767 22.12849 24.47174 24.74485 26.09646 1 
0.04545357 0.1253455 0.02051789 0.01372809 0.01662285 0.02282335 0.0305549 7.907512e-06 22.6215 26.6726 30.98867 28.07599 31.80657 1 
0.03509974 0.1863816 0.03580131 0.01200042 0.01553615 0.02047042 0.02697304 2.105939e-05 14.23156 17.36001 18.90207 19.16754 20.10821 2 
0.04279711 0.1251738 0.03424777 0.01417834 0.01759696 0.02348706 0.03153518 2.540744e-05 19.94744 23.87488 26.09525 25.35424 25.65761 2 
0.02703412 0.147357 0.02416683 0.01168001 0.01513964 0.02021252 0.0265512 4.478984e-05 12.0017 14.30181 16.02166 16.22003 16.26138 2 
0.03537022 0.1524075 0.03274319 0.0127751 0.01646315 0.02128144 0.02812482 2.584694e-05 15.69171 18.9374 19.69263 19.65424 21.57524 3 
0.04523033 0.1053152 0.02562182 0.01467829 0.01789731 0.02234086 0.03084927 3.253868e-05 24.35443 28.93441 28.39457 34.20221 29.4868 3 
0.04531612 0.1252647 0.02721507 0.01498333 0.01663062 0.02209279 0.02974911 2.92516e-05 22.58449 23.46123 27.99707 27.57162 28.52364 3 
0.04406171 0.1060112 0.02897967 0.0133032 0.01771401 0.02236074 0.03055304 5.692831e-06 20.11372 26.28828 25.80654 29.77143 27.76269 4 
0 0.008033266 0.0485549 0.04546491 0.08293396 0.0001059768 NaN NaN 160.9118 181.8363 181.8353 0 0 4 
0.04183319 0.1256756 0.02114137 0.01389779 0.0179786 0.02279893 0.03047556 9.205515e-06 21.11778 26.3382 25.5452 26.67799 28.13547 4 
0.04269352 0.1626627 0.03046986 0.01301007 0.01772777 0.02159882 0.02899917 1.163168e-05 18.4317 24.51004 22.01928 26.92839 24.08741 5 
0.0405916 0.1247332 0.02458553 0.01282777 0.01669896 0.02177131 0.02917314 7.77122e-06 18.87527 23.6989 24.82734 25.44587 26.43661 5 
0.03899542 0.1575327 0.03355491 0.01300758 0.01636329 0.02046134 0.02752083 1.417826e-05 16.86434 20.09211 20.07463 23.21077 21.97772 5 
0.0363962 0.1027488 0.02402206 0.01391776 0.01786547 0.02255131 0.03035044 1.122682e-05 18.48456 22.25735 21.85705 24.07401 22.97548 6 
8.847729e-07 0.007104804 0.0504604 0.0491811 0.1040683 0.1741472 0.3017974 1.622181e-05 218.7643 274.3553 312.0809 328.5012 0.0139767 6 
0.04944225 0.09734472 0.02288377 0.01355329 0.01844912 0.02324503 0.03174924 7.871393e-06 24.72569 33.98839 32.52775 36.9569 36.32975 6 
0.03735067 0.1358022 0.02784079 0.01336999 0.01730401 0.02252854 0.0300143 1.10954e-05 16.9462 20.7107 21.51522 21.32889 22.4973 7 
0.05528399 0.09335037 0.02841076 0.01438821 0.02007159 0.02522194 0.03478415 2.155331e-05 28.09263 40.71838 38.20703 42.6427 41.41616 7 
NaN 0.006388028 0.04083611 0.04716124 0.1082902 0.2550471 0.04249252 0.1496383 207.1335 278.7692 280.9327 46.05753 0 7 
0.02853693 0.1486873 0.03426149 0.0115424 0.01491737 0.01994494 0.0262272 3.876017e-05 11.95682 14.28305 16.101 16.3785 16.70782 8 
0.05554043 0.1208664 0.03588526 0.01396638 0.01842563 0.02346096 0.03188662 0 25.6844 34.91007 34.32871 37.62366 37.58628 8 
0.05758651 0.01379715 0.03075427 0.03091907 0.0411043 0.04960849 0 0 152.3184 208.3703 210.6715 271.5078 333.6492 8 
0.04751465 0.09828074 0.02679863 0.01353375 0.01778613 0.02395439 0.03258514 3.290244e-05 23.66664 31.11296 33.81 31.88027 35.75158 9 
0.06087546 0.08096994 0.02962467 0.01720011 0.02153378 0.02711937 0.03790866 7.13032e-06 40.04595 53.70612 50.92894 56.94816 52.31612 9 
0.03359351 0.1273241 0.02921959 0.01373113 0.01673533 0.02181666 0.02901566 9.310946e-06 16.09629 17.95853 19.38423 19.62677 19.71276 9 
0.03853964 0.1585855 0.0307286 0.01215906 0.01555809 0.02065068 0.02741212 2.653103e-05 16.49109 20.16456 22.18338 22.60996 23.14079 10 
0.03011401 0.1621706 0.03257216 0.01188875 0.01582975 0.02033062 0.02688144 1.704521e-05 12.67319 15.68833 16.33004 17.68739 16.78428 10 
0.02627911 0.1391082 0.02598736 0.01097631 0.01596385 0.02001119 0.02634607 1.6756e-05 11.11474 15.05325 14.83973 16.07383 16.03125 10 
0.03315995 0.1453733 0.02632206 0.01275724 0.01687821 0.02114947 0.02793559 7.408195e-15 14.93339 18.39317 17.89949 19.2269 19.77248 11 
0.04433508 0.1406555 0.02774971 0.01353504 0.01711777 0.02134373 0.02856192 4.850522e-20 20.82068 25.5408 24.66496 28.17409 28.15579 11 
0.03103929 0.1384359 0.02927433 0.01209739 0.01632005 0.02093617 0.02768114 8.386799e-06 13.80627 17.35569 17.68982 18.34874 18.63983 11 
0.02460061 0.1342425 0.02407122 0.01211895 0.01693392 0.02122409 0.02782939 2.291837e-14 12.00537 15.31135 14.72863 15.85314 14.67316 12 
0.04028088 0.1248351 0.02343229 0.01309774 0.01743097 0.02266151 0.03039281 9.139265e-06 18.58629 23.8702 24.46778 24.85922 25.43721 12 
0.04075347 0.1234043 0.03253062 0.01272531 0.01681924 0.02255241 0.03016265 1.105306e-05 16.72485 21.29216 23.36874 22.21921 25.1831 12 
0.03554548 0.1312635 0.02112375 0.01352984 0.01637341 0.02110486 0.02833975 3.601877e-05 16.7113 18.70008 20.05919 21.69843 20.53201 13 
0.02699238 0.1491969 0.02387636 0.01288722 0.01667311 0.02139703 0.02808882 1.561452e-14 12.78502 14.95818 15.41914 15.49668 16.13649 13 
0.04081341 0.1242435 0.02434106 0.01263685 0.0170962 0.02195021 0.02941128 2.970244e-05 17.97126 23.54998 23.74346 25.0001 25.9337 13 
2.628096e-05 0.008015897 0.05531034 0.0496847 0.1193185 0.3356117 0.3687371 2.295309e-05 192.4821 286.9726 287.1497 303.7508 0.3728471 14 
7.609845e-12 0.007206393 0.04588234 0.04634265 0.1081605 0.2854643 NaN 0.02395889 180.6777 250.7519 252.1876 0 0 14 
0.04676451 0.1404627 0.02762197 0.0133891 0.01669106 0.02177653 0.0293724 6.270581e-06 20.257 24.72606 26.49407 28.35761 28.00095 14 
0.0415317 0.1250708 0.02167185 0.01298478 0.01804105 0.02264055 0.03030889 1.094812e-05 19.16569 25.94456 24.38485 26.42797 26.92541 15 
0.0474576 0.104829 0.02376921 0.01454962 0.0180089 0.02335822 0.03163275 3.028789e-05 24.69993 30.0664 31.35198 32.1726 34.02975 15 
0.05193666 0.08815439 0.02468054 0.01648783 0.01979597 0.02481033 0.03407992 8.212527e-06 33.12692 40.22701 38.3749 45.15525 40.40397 15 
NaN 0.006261713 0.02524419 0.04454457 0.09325204 0.1722146 0.2227844 NaN 208.3522 289.5762 306.5811 353.0165 0 16 
0.04234667 0.1635351 0.02104103 0.01303693 0.01684494 0.02182993 0.02898451 1.799759e-14 17.68239 21.97834 22.89666 23.24605 25.45117 16 
0.05509962 0.1003224 0.02875488 0.01529946 0.016849 0.02212612 0.03051719 1.086461e-05 30.04818 32.61308 38.75922 40.83795 40.53255 16 
0.04248116 0.1141754 0.0221145 0.01352779 0.01713663 0.02224082 0.03003674 1.328731e-05 20.26418 24.78972 26.03267 27.46429 27.48785 17 
0.05468342 0.09352506 0.02903897 0.01508206 0.0184406 0.02439994 0.03358064 8.602804e-06 30.30946 38.10015 41.20573 42.36433 41.89861 17 
0.03542559 0.1528949 0.02677171 0.0128102 0.01597712 0.02093977 0.02768628 9.859642e-06 15.75096 18.29592 19.88991 19.82664 21.54954 17 
0.04200638 0.1067775 0.01983069 0.01373194 0.01756038 0.02317623 0.03125318 3.505918e-05 20.55899 25.27858 26.98679 25.71168 29.70109 18 
0.04379542 0.1151771 0.03009125 0.01394592 0.01685868 0.02312641 0.03116331 7.257887e-06 21.42177 24.89614 29.08194 25.71769 30.67929 18 
0.03984763 0.1130677 0.02366615 0.01365579 0.01696574 0.02219514 0.02992694 2.888679e-15 19.20303 22.6794 24.39511 25.30004 25.04142 18 
0 0.006968148 0.06512072 0.05016515 0.115392 0.238863 NaN 0.0007548718 241.5966 306.3549 369.6705 0 0 19 
NaN 0.007243461 0.05288802 0.04622403 0.08115207 NaN NaN NaN 197.5421 196.3833 196.3678 0 0 19 
0.03948195 0.1051093 0.02288717 0.01389446 0.01766188 0.02314226 0.03127263 1.843669e-05 19.36971 23.46257 24.82219 25.28109 25.13125 19 
0.03448726 0.1507009 0.03180985 0.01346092 0.01652082 0.02128382 0.02822728 9.478765e-06 16.23144 18.36243 19.35097 20.02859 20.17786 20 
0.04667488 0.09790305 0.0238276 0.01494193 0.01805312 0.02334317 0.03292598 2.278146e-05 24.63887 29.28355 31.08539 35.61072 29.24774 20 
0.04632208 0.1402043 0.02849069 0.01305324 0.01741514 0.02209876 0.02959864 1.739527e-05 20.9613 27.70098 27.07876 29.05602 30.14131 20 
0.04032664 0.1226717 0.02604147 0.01345458 0.01657181 0.02135151 0.02904216 8.340389e-06 18.15848 21.25759 22.63949 25.23716 23.31561 21 
0.03091434 0.1715058 0.02731143 0.01253396 0.01540375 0.02118106 0.0277084 0 13.77849 15.60593 18.34094 18.05454 16.81849 21 
0.04595068 0.08385674 0.02273405 0.01676309 0.01905869 0.02444241 0.03408405 2.948035e-05 27.96854 30.35448 33.18664 36.59297 32.0937 21 
6.685338e-07 0.006307838 0.04942657 0.04976243 0.1083979 0.196955 0.3057544 5.468426e-06 256.4695 333.5835 364.464 369.2857 0.01238925 22 
0.04888319 0.1126814 0.02220103 0.01392901 0.01829649 0.02398942 0.03249351 6.913048e-06 24.68111 32.51633 33.4039 32.53517 35.76998 22 
0.03292462 0.1263151 0.02058359 0.01297198 0.01701352 0.0216566 0.02887379 1.05487e-05 15.08971 18.40971 18.54453 20.03472 19.07534 22 
0.0345868 0.1882407 0.0228297 0.01264332 0.01607472 0.02049503 0.02712508 6.573027e-06 15.13645 17.95916 18.49505 19.84403 19.83269 23 
0.05036972 0.1237489 0.02845985 0.01411074 0.01786394 0.0229283 0.0310527 1.074259e-05 23.99187 30.38815 30.82781 33.30895 33.08608 23 
0.04316195 0.1625907 0.03169422 0.01277754 0.01693785 0.02102888 0.02830268 1.209158e-14 18.3172 23.67562 22.60136 26.63254 24.71569 23 
0.04309211 0.139916 0.02865176 0.01292784 0.0160814 0.0211595 0.02848495 3.205534e-05 18.70171 22.47062 24.62072 26.15179 25.68606 24 
0 0.006551928 0.03516485 0.04181747 0.0975182 0.3125823 NaN 0.01325007 170.2484 260.9418 254.9326 0 0 24 
1.343013e-10 0.006226987 0.02313739 0.05113489 0.1210368 0.1805258 NaN NaN 204.4693 232.1576 270.621 0 0 24 
0.04415616 0.1146724 0.02450115 0.01422757 0.01653982 0.02255287 0.03028249 5.501354e-06 21.68008 23.93211 28.66592 26.55597 29.90024 25 
0.04996557 0.1133272 0.02938874 0.01399656 0.017309 0.02265949 0.03103577 6.81968e-06 23.47978 28.95066 31.17664 33.72592 32.08477 25 
0.04888074 0.104662 0.02392133 0.01395422 0.01797836 0.02349416 0.03192025 1.232861e-05 23.93414 30.77553 32.15223 33.08787 34.52252 25 
0.04493669 0.1144311 0.01963757 0.01359362 0.01730953 0.02212317 0.03002284 5.332352e-06 21.30062 26.47056 27.01386 29.92064 29.21393 26 
0.05028437 0.09759628 0.02952522 0.01549749 0.01863111 0.02482243 0.03385348 7.998062e-06 26.88574 32.0796 35.37991 33.77536 36.9951 26 
0.04089206 0.1385565 0.01831391 0.0128381 0.01651497 0.02070462 0.02809593 2.356428e-05 18.33981 22.69815 22.53999 26.44449 24.2972 26 
0.03397405 0.1858842 0.03215736 0.01273546 0.01570368 0.02047254 0.02699918 6.035024e-06 15.22265 17.37653 18.79761 19.19321 19.87481 27 
2.116132e-07 0.006845936 0.04375823 0.04276584 0.09057943 0.1757613 0.2459323 7.661865e-06 189.9854 276.3924 296.9262 335.9754 0.002887422 27 
0.03833857 0.1561317 0.02268221 0.0121803 0.01642675 0.02022193 0.0275836 2.255482e-05 15.62317 20.21793 19.40708 24.00971 20.74981 27 
0.03301015 0.1464782 0.0251082 0.01289653 0.01609575 0.02062457 0.02750556 7.123861e-06 15.65493 18.07893 18.87152 20.55583 19.09726 28 
0.0574402 0.1080272 0.03920853 0.0146509 0.01823548 0.02281464 0.03198578 1.231222e-05 28.99337 37.68728 36.59277 45.01066 38.64763 28 
0 0.007262185 0.04669108 0.04610885 0.08058736 1.797554e-38 0.1934706 1.412823e-05 190.7604 219.478 219.478 299.6356 4.086178e-05 28 
0.0260176 0.1392441 0.0226381 0.01209191 0.01626218 0.01997559 0.0265251 2.086758e-05 12.12973 14.90304 14.37877 16.72983 15.19714 29 
0.04489759 0.00724279 0.06809998 0.0635063 0.1108608 0.001085204 1.234886 0.2258867 339.9087 406.4776 307.6099 538.203 833.2471 29 
NaN 0.008154533 0.05478837 0.04166802 0.08351305 0.1422115 0.2300696 4.529098e-06 179.2115 241.5216 276.8819 300.7243 0 29 
0.04005806 0.1124925 0.02458533 0.01304577 0.01628386 0.02273941 0.03044441 1.599286e-05 16.93537 20.08099 24.13771 21.61051 25.51494 30 
0.05170505 0.09509223 0.02123398 0.01538618 0.02007316 0.02528784 0.03448442 1.1288e-05 29.2872 38.7949 36.32821 39.85909 39.69424 30 
0.05063789 0.1126261 0.0238675 0.01310428 0.01803349 0.02362627 0.03202285 2.215138e-05 22.90543 31.83741 32.67238 31.74769 37.35048 30 
0.03130539 0.1716365 0.02580854 0.01173595 0.01624224 0.02122637 0.02791544 7.814965e-06 12.4142 16.10946 17.01072 16.8784 18.01727 31 
0.04602142 0.1134873 0.02556021 0.01475995 0.01745972 0.02208189 0.03033966 1.153047e-05 23.32904 26.62897 27.62346 31.87256 28.82699 31 
0.03317586 0.1445386 0.02657697 0.01177649 0.01590107 0.02087117 0.02758207 1.118466e-05 13.44387 17.08027 18.3092 18.46926 19.6916 31 
0 0.00679464 0.04860472 0.05067017 0.09237551 1.714844e-75 0.2479633 4.836915e-09 225.8051 256.6865 256.6865 355.8441 2.201584e-09 32 
0.03538591 0.1342053 0.0249063 0.01402773 0.01661022 0.02230207 0.02966302 8.789653e-06 17.86364 19.35631 22.11015 20.13476 22.48899 32 
0.02405739 0.1969095 0.02625978 0.01141657 0.01517156 0.01957877 0.02562493 3.365469e-05 11.02366 13.40763 14.24935 14.85045 15.20046 32 
0.04643549 0.1142025 0.03257381 0.01607989 0.01877478 0.02398293 0.03242208 1.646252e-05 25.63783 28.85001 29.63371 31.1558 30.28991 33 
0.02985029 0.1652002 0.02399453 0.01236883 0.01548106 0.02039734 0.02689943 9.794273e-06 13.38146 15.37588 16.95046 17.64162 17.05329 33 
0.02567493 0.1346001 0.03139577 0.01212026 0.01579223 0.02086158 0.02737884 2.541602e-05 11.95093 14.15954 15.4269 15.03426 15.76203 33 
0.03918582 0.1128103 0.02646716 0.01392471 0.01788416 0.02264648 0.03039305 1.136701e-05 18.88696 23.02295 22.7262 24.63783 24.45047 34 
1.004314e-11 0.009958809 0.06487817 0.04881325 0.103803 0.1954537 0.4232561 1.277915e-05 185.9837 244.4553 281.9171 284.1117 2.020439e-05 34 
0.04568913 0.09895727 0.02307323 0.01441294 0.01892972 0.02367812 0.03205669 1.062314e-05 22.52411 29.03106 27.41366 31.57757 30.70077 34 
0.04971012 0.09192365 0.0243856 0.01488789 0.01967909 0.02474535 0.03351582 1.158704e-05 25.98477 34.41273 32.27817 36.08611 37.1015 35 
0.04971658 0.09121135 0.02187505 0.01447359 0.01837618 0.02480933 0.03394644 3.085304e-05 27.01731 34.51381 37.8995 35.46499 39.58914 35 
0.03800402 0.1568222 0.03589301 0.01289442 0.01686925 0.02169196 0.02888944 8.023275e-06 16.32961 20.35659 20.77656 22.09391 21.16131 35 
0.02036277 0.1427833 0.0280278 0.01114081 0.01566179 0.01947447 0.02550676 1.850386e-05 10.19543 13.06256 12.92364 13.90142 14.10349 36 
0.03026255 0.1580221 0.03357571 0.01268604 0.01598853 0.01946641 0.02623897 3.506443e-05 13.34381 15.36648 14.99213 18.09113 16.59946 36 
0.05429969 0.08717066 0.02640814 0.01660264 0.01945394 0.02496564 0.03482806 8.667648e-06 34.06715 40.77405 42.16157 46.87839 41.89638 36 
0.03844326 0.1353946 0.02393147 0.01321798 0.01586509 0.02062728 0.02778182 1.212149e-05 17.413 19.57482 21.52908 23.25034 22.58207 37 
0 0.009488656 0.07106577 0.04861627 0.0854811 1.22856e-34 0.1930471 1.126389e-05 197.2016 219.2005 219.2005 283.7429 2.909587e-05 37 
NaN 0.009819214 0.06666166 0.04368519 0.09311671 0.1860342 0.2348874 9.587823e-06 174.1941 250.8277 261.7044 283.516 0 37 
NaN 0.006495152 0.04169168 0.0467162 0.1017807 0.2074444 0.4101181 5.753388e-06 212.6661 300.3529 340.0952 341.5078 0 38 
0.03335367 0.1774528 0.03498565 0.01222285 0.01612348 0.02011028 0.02660973 6.978596e-06 13.82059 17.0307 16.81449 18.66891 18.95739 38 
0.03698261 0.1347718 0.03124552 0.0126355 0.01681759 0.02118021 0.02813784 7.807788e-06 16.84385 21.30275 20.77644 22.3863 23.15929 38 
0.03677301 0.156219 0.01934314 0.01361577 0.01549677 0.02126419 0.02808016 8.682416e-06 17.48108 18.23005 22.21049 20.8071 22.13466 39 
0.03439977 0.1480006 0.02904442 0.01257524 0.01658828 0.02119818 0.02802297 6.42412e-06 14.68881 18.14526 18.4614 19.13615 20.29727 39 
0.0450948 0.114286 0.02647431 0.0133739 0.01937813 0.02398534 0.032466 9.266428e-17 21.66272 31.25404 27.8795 31.20952 29.86315 39 
0.04843723 0.123806 0.02963166 0.01471463 0.01726304 0.02208393 0.03005764 6.858591e-06 25.23684 29.00905 30.43459 33.524 31.62881 40 
0.04511268 0.1136642 0.0236802 0.01484316 0.0176948 0.02300325 0.03118259 9.630581e-06 23.99946 27.67092 29.52121 30.66123 29.80972 40 
0.02980529 0.1361157 0.02515492 0.01312409 0.01676233 0.02155131 0.02849359 3.443083e-05 14.62021 17.03282 17.51889 17.97773 17.6808 40 
0.03676497 0.1329181 0.02639843 0.01259702 0.01676037 0.02167857 0.02889877 1.003701e-05 15.37233 19.39791 20.12333 21.04231 21.39656 41 
0.04855629 0.1134403 0.02269538 0.01441207 0.01738252 0.02283006 0.03100784 2.007035e-05 23.91763 28.33874 30.96216 32.1916 32.26069 41 
0.04251098 0.1396434 0.0309177 0.01343235 0.01652637 0.02137526 0.02868762 5.720717e-06 19.10031 22.51672 23.92643 25.48521 25.56853 41 
0.02723524 0.1455418 0.02786949 0.01243596 0.01545283 0.01986362 0.0262357 1.131088e-05 12.7427 14.32141 15.31254 16.28097 16.37388 42 
0.04059472 0.1576219 0.03457895 0.01281815 0.01616179 0.0207742 0.02806581 4.843356e-06 16.41702 19.81147 20.85204 23.52092 21.5833 42 
0.04264336 0.125545 0.02983317 0.01377511 0.01722933 0.02294808 0.03078143 1.446545e-05 20.14796 24.32342 26.54043 25.87505 26.86 42 
1.036755e-10 0.006018635 0.01295557 0.04504928 0.1010886 0.2204185 NaN NaN 198.9075 271.2244 283.6093 0 0 43 
0.02851211 0.1605383 0.02632659 0.01310785 0.01579091 0.02078471 0.02734577 4.756762e-14 14.05013 15.22129 16.85061 17.06896 16.66163 43 
0.04200358 0.1063622 0.02458256 0.01336945 0.01838844 0.02377691 0.03212027 1.1217e-05 19.30304 25.8429 25.75671 25.74974 28.17802 43 
NaN 0.005976915 0.03508215 0.04904334 0.1051539 0.1891568 0.2299909 2.630877e-05 252.1533 326.1265 330.8838 409.301 0 44 
0.01811908 0.1017991 0.02787093 0.01131082 0.01472941 0.01964664 0.02559963 1.386888e-05 10.00508 11.71535 13.15904 13.04233 13.45845 44 
0.0405743 0.1393562 0.02688367 0.0134528 0.01680588 0.02191748 0.02923147 1.91907e-05 18.9983 22.62507 23.97648 24.09752 25.48678 44 
0.0336734 0.1065648 0.02662136 0.01247801 0.0181967 0.02280115 0.03031828 1.041895e-05 15.21178 21.00047 19.37334 20.40228 21.51317 45 
NaN 0.00637153 0.03900719 0.04682339 0.1063361 0.2225161 NaN 0.02917413 204.6662 270.5803 288.0833 0 0 45 
1.535319e-06 0.0101593 0.06639256 0.04775179 0.09939072 0.1752631 0.3023172 8.267975e-06 172.3024 224.1325 251.5683 272.1651 0.01901078 45 
0.04681374 0.1147249 0.02441464 0.01344179 0.01727997 0.02325133 0.03132733 3.086388e-05 21.0569 26.66188 29.50102 28.30305 31.52475 46 
0.04307083 0.1145733 0.02766142 0.01423892 0.01809853 0.02411707 0.03267345 6.549715e-06 21.87174 26.98284 28.74644 26.39755 29.64583 46 
0.05532594 0.1090019 0.03459802 0.01394418 0.01828402 0.023773 0.03266814 0 26.91499 36.61707 37.54284 40.44169 38.23754 46 
0.04985242 0.1034419 0.02874939 0.0162691 0.01876786 0.02392384 0.03253284 1.149597e-05 28.56499 32.26316 33.48736 36.0369 34.99957 47 
0.05002878 0.1240847 0.03538693 0.01448782 0.01698995 0.02237045 0.03067326 8.252686e-06 23.46752 27.17776 30.31154 32.61356 30.00281 47 
0.01789797 0.0928465 0.02489158 0.01204836 0.01497213 0.01951346 0.02546814 7.83838e-06 10.4368 11.45962 12.55736 12.8561 13.35462 47 
0.04713362 0.1248353 0.02374892 0.01316716 0.01671054 0.02210444 0.02974666 2.821846e-15 21.78488 27.32885 29.5955 30.09675 31.51722 48 
1.649771e-09 0.007262675 0.04775275 0.04739208 0.1061827 0.2341046 0.2839238 4.553307e-06 193.1833 275.8697 282.7952 311.6532 2.384455e-05 48 
0.05335117 0.09457593 0.02795236 0.0146605 0.01981797 0.02443698 0.03310136 1.414099e-15 27.93927 38.72787 34.4026 41.3981 40.26379 48 
0.03939319 0.1382563 0.02482511 0.01284749 0.01693513 0.02181695 0.02936226 5.661036e-15 17.5181 22.21044 22.73964 24.78132 22.70519 49 
0.0445523 0.1633576 0.03362354 0.01397856 0.01734522 0.02140017 0.02898416 4.239071e-06 20.34898 24.46011 23.25987 28.17749 24.88327 49 
7.983357e-11 0.008644386 0.05369279 0.04815108 0.1050589 0.2070931 0.3043531 4.234923e-06 177.4969 240.7823 256.9482 275.7969 3.409562e-06 49 
0.0403933 0.1383034 0.02815935 0.0137841 0.0168897 0.02121541 0.0287748 9.641716e-06 18.9465 22.00637 22.19774 25.68788 23.22533 50 
0.04005753 0.1238391 0.02636456 0.01400764 0.01751375 0.02173978 0.02921623 5.112226e-15 19.81251 23.48921 22.59254 26.15862 24.72411 50 
NaN 0.005842072 0.0277236 0.04287781 0.08893034 0.1657047 0.3359572 4.847579e-06 229.4015 322.1489 380.6627 384.8868 0 50 
NaN 0.007999266 0.05672819 0.04641691 0.09340304 0.1558944 0.3692495 7.188511e-06 189.8743 236.7362 295.9071 300.6947 0 51 
NaN 0.007552203 0.05299596 0.04775847 0.1008711 0.1781092 0.2952948 1.772302e-05 199.0916 259.6441 288.0374 322.1299 0 51 
0.03722776 0.1529247 0.02878364 0.01164886 0.01552229 0.02059442 0.02733409 5.897124e-06 14.30751 18.21011 20.0081 20.63826 21.34949 51 
0.04584912 0.1259123 0.03091767 0.01197199 0.01675213 0.02293499 0.03061516 4.121838e-05 18.06102 25.13407 28.02128 26.64799 29.07013 52 
NaN 0.006081087 0.03034134 0.04859152 0.1055474 0.196123 0.2648347 1.21693e-05 229.4059 303.3065 323.047 340.1271 0 52 
0.02468184 0.2070085 0.02613853 0.01304429 0.01545418 0.02015 0.02632593 1.81828e-05 12.4296 13.00851 14.3807 14.48663 15.31724 52 
0.0352528 0.1499276 0.02795044 0.01281656 0.01615559 0.02120276 0.02803678 4.136866e-05 14.88772 17.48297 19.0266 19.03573 20.5956 53 
0.04170675 0.1138968 0.01953212 0.0138153 0.01761889 0.02181366 0.02958497 0 19.63006 23.96876 23.03921 27.52253 25.68259 53 
0.02529801 0.1328624 0.02787251 0.01129664 0.01625441 0.02113253 0.02776492 3.910794e-05 10.89851 14.51768 15.07441 14.8512 15.47165 53 
0.04756253 0.1058428 0.03153475 0.01512344 0.01838127 0.02396276 0.0325108 1.051143e-05 25.54206 30.28906 31.74483 29.7292 36.48888 54 
0.0423808 0.1249182 0.02629996 0.01350249 0.01647705 0.02171749 0.02916122 5.64343e-06 19.96281 23.33668 25.68763 26.15147 27.01164 54 
0.03611555 0.1198077 0.02172427 0.01331552 0.01779263 0.0225306 0.03013129 1.705906e-05 16.83969 21.25283 20.70874 22.28298 21.68979 54 
0.04178799 0.1633882 0.02951343 0.01428496 0.01704366 0.02179285 0.02896401 2.719254e-15 21.3265 24.11765 24.76667 25.41141 26.27776 55 
0.04667928 0.1144222 0.03316273 0.01418301 0.01712267 0.02235809 0.03043283 2.196517e-06 21.92463 25.79868 28.09119 29.97474 29.20182 55 
0.03628308 0.1928944 0.0326795 0.01157465 0.01694467 0.02131495 0.02812128 1.694401e-14 13.89772 19.5425 18.8651 19.9461 20.60273 55 
0.0311978 0.1380492 0.02283395 0.01165917 0.01614058 0.02063018 0.02724472 2.117842e-05 12.87941 16.69886 17.04575 17.84246 18.77936 56 
0.05455844 0.1087857 0.02614602 0.01470508 0.01824244 0.0224307 0.03172191 7.122544e-06 27.43931 34.74507 32.68634 43.29966 35.01593 56 
0.04631409 0.1256243 0.03462969 0.01370571 0.01719302 0.02250939 0.03024535 5.278316e-06 22.19738 27.39549 28.92839 28.92368 31.07487 56 
0.03830761 0.12266 0.02782475 0.01411503 0.01692923 0.022309 0.02989015 7.864644e-06 19.50896 21.90449 24.02222 23.87499 23.78131 57 
4.734635e-06 0.005849629 0.02913642 0.04692476 0.09684142 0.1770106 0.4641162 7.796471e-06 240.3831 316.1463 394.1664 397.1078 0.08148959 57 
0.04436217 0.1255552 0.02270135 0.01326421 0.0168326 0.02250365 0.03020009 9.104326e-06 19.99675 24.72523 27.26794 27.03781 28.28817 57 
0.03578288 0.1554987 0.02473609 0.01277676 0.0165792 0.02198773 0.02918097 5.339474e-06 15.83185 19.30032 20.82328 19.16703 22.52582 58 
0.03605613 0.1099976 0.02042187 0.0135538 0.01759183 0.02303909 0.03095814 1.133746e-05 16.90619 20.63932 21.69488 22.03521 21.61384 58 
0.02070932 0.1496641 0.02645538 0.01127819 0.01552229 0.01933841 0.0253772 8.590453e-06 10.43112 13.05258 13.03252 14.14865 14.19261 58 
NaN 0.005594122 0.03826086 0.0454884 0.1019284 0.2148008 NaN 0.03133328 245.9727 333.9369 384.472 0 0 59 
0.03441717 0.1458708 0.02618833 0.01321764 0.01535819 0.02018015 0.02684139 6.011138e-06 15.18276 16.05282 18.37524 19.01789 19.93317 59 
0.03737114 0.1356348 0.02434157 0.01132398 0.01602671 0.02176936 0.02888412 9.143338e-06 14.6583 20.04326 22.26413 21.58799 22.51873 59 
1.857372e-12 0.009714571 0.06071755 0.05062435 0.106709 0.1626311 0.2922459 1.96236e-06 187.2085 220.0982 252.1049 258.6797 8.562808e-07 60 
0.03615196 0.1342866 0.02600772 0.01254235 0.01540727 0.02114498 0.02802623 3.104443e-05 16.7067 19.26609 22.6277 21.26973 23.04054 60 
0.05053846 0.112108 0.02585415 0.01356869 0.01716309 0.02147981 0.03079572 8.239307e-06 22.4636 28.48257 28.54727 36.87597 29.61191 60 
0 0.006302314 0.02819637 0.04677276 0.07917482 NaN 0.1836521 1.673906e-05 217.2105 232.6941 232.6941 351.5132 5.298715e-05 61 
0 0.006455716 0.05094632 0.05082344 0.09025164 3.051885e-60 0.1779004 4.051125e-07 261.4194 266.7371 266.7371 362.73 2.291142e-07 61 
0 0.005838737 0.03381552 0.04983977 0.1213064 0.3430584 NaN 0.003931366 229.5085 313.0776 315.6696 0 0 61 
0.04992258 0.09752931 0.02622766 0.014684 0.01808632 0.02441757 0.03336684 6.058945e-06 25.56179 31.48496 35.32079 34.79769 35.07729 62 
0 0.01018596 0.06099554 0.04347273 0.07556067 0.006836796 NaN 2.971401e-05 145.5818 159.4607 159.4282 0 0 62 
0.02037634 0.1230621 0.02483317 0.0109775 0.01468282 0.0184885 0.02457602 1.014455e-05 9.675396 11.80398 12.35763 14.1756 13.47982 62 
0.03838489 0.1131986 0.02283288 0.01398671 0.01738752 0.02338396 0.03143529 8.371592e-06 19.1453 22.48086 24.9481 23.61947 24.34011 63 
0.04950259 0.1031621 0.0259818 0.01485499 0.01810773 0.02305803 0.0319839 6.269801e-06 26.96024 32.87044 33.34153 38.30114 33.58002 63 
0.03479678 0.1310818 0.0215783 0.01330838 0.01667531 0.0218633 0.02916394 7.089101e-06 16.42782 19.17888 20.59773 21.17886 20.21679 63 
0.03972217 0.1244563 0.02500928 0.01240932 0.01724045 0.0220264 0.02950451 7.764369e-06 18.12057 24.43494 24.05386 25.20094 25.92507 64 
0.03359565 0.1469934 0.02160706 0.01206153 0.01669454 0.02034003 0.02726047 5.719484e-15 14.43204 18.85579 17.50057 21.08368 19.19288 64 
0.03859836 0.122565 0.026029 0.01278839 0.01631334 0.02163088 0.02898425 1.012378e-05 17.7036 21.55424 23.54304 23.9138 24.00354 64 
4.840639e-09 0.01074506 0.06989813 0.04315841 0.09218899 0.1867677 0.2355375 3.643016e-06 162.4424 235.2176 243.7127 263.0792 5.799806e-05 65 
3.51282e-13 0.006266258 0.02964726 0.04517123 0.09852672 0.169998 NaN 0.02280454 198.8603 249.0306 281.2015 0 0 65 
6.433617e-14 0.006934898 0.0436687 0.04515533 0.09648236 0.1868862 0.317812 4.113946e-06 191.08 267.481 297.6856 303.4762 3.377889e-06 65 
6.783524e-06 0.008336975 0.06686493 0.04576091 0.1062652 0.2666035 0.3442645 1.756988e-05 203.4277 316.3387 325.093 351.8903 0.1014479 66 
0.04372753 0.1063858 0.03024867 0.01400088 0.01725324 0.02359728 0.0318902 3.132229e-05 20.84183 24.9209 28.69829 27.48113 27.91796 66 
0.04596516 0.1251829 0.02793829 0.01331054 0.0171185 0.02177316 0.02929415 0 21.69047 27.45117 27.4389 29.96801 30.67635 66 
0.03794932 0.1201671 0.02729041 0.01337401 0.01596466 0.02136732 0.02875804 9.739467e-06 17.35802 19.40134 22.34285 23.02818 22.17661 67 
0.05014044 0.0873818 0.02239411 0.0152074 0.01832346 0.02431133 0.03345892 1.605524e-05 26.33088 31.36487 35.154 36.05836 36.65092 67 
0.02850504 0.1659005 0.02138502 0.01323511 0.0167581 0.02132898 0.02805102 1.068579e-05 14.43106 16.5112 16.68378 17.09686 17.11868 67 
0.03570651 0.1352014 0.02684531 0.01283648 0.01728936 0.02250332 0.03002481 8.865667e-06 16.93313 21.67049 22.04967 22.01511 21.7383 68 
0.04026866 0.1143886 0.02757001 0.01389826 0.01697764 0.02262712 0.03034892 6.798391e-06 19.65505 22.61326 25.21856 23.03106 27.87791 68 
0.05498673 0.1079085 0.03128492 0.0153134 0.01820537 0.02380088 0.03322761 3.192114e-16 30.23874 36.98812 39.42583 43.11196 37.1853 68 
0.03170159 0.139295 0.03120338 0.01279353 0.01710263 0.02197384 0.02909475 6.261725e-06 14.0312 17.42808 17.64447 18.27773 17.74106 69 
NaN 0.007744679 0.05980509 0.05232193 0.1146809 0.1920496 0.2508774 1.797843e-05 225.8311 276.7891 292.1979 318.8228 0 69 
0.03775171 0.1227211 0.02455437 0.01402905 0.01744628 0.02322406 0.03110094 8.847398e-06 17.94346 20.9503 22.93627 22.3583 22.40658 69 
0.02003833 0.1373137 0.02628942 0.01112437 0.0155502 0.0203251 0.02645371 8.386853e-15 9.803877 12.50621 13.38374 12.97008 14.009 70 
0.04167043 0.1137551 0.0255835 0.01345221 0.01658463 0.02237507 0.03011986 8.092514e-06 18.93659 22.35308 25.52413 25.3138 25.93418 70 
0.05169714 0.09066466 0.02795012 0.01561839 0.01982048 0.02535907 0.03483073 2.265676e-05 27.95856 35.8804 35.5559 38.53601 37.80439 70 
0.04027914 0.1386356 0.02624953 0.01300072 0.01738259 0.02145587 0.02863054 0 18.00444 23.15025 21.57322 25.01745 24.45478 71 
0.04170698 0.1251439 0.02982336 0.01326091 0.01756859 0.02250978 0.03013161 7.76766e-06 19.3502 24.82844 24.70385 25.36429 27.23244 71 
NaN 0.009634477 0.0603229 0.04485137 0.09621349 0.1754852 NaN 0.04119557 149.4122 191.9192 214.6747 0 0 71 
0 0.006483507 0.04057705 0.05197872 0.1252359 0.2248757 NaN 0.003684873 213.6751 256.569 280.6151 0 0 72 
0.06002165 0.06724275 0.02295982 0.01706597 0.02135418 0.02746229 0.03840409 8.491329e-06 41.07472 54.83202 54.98227 59.39216 59.44381 72 
0.02887137 0.1305746 0.02463923 0.01204623 0.01653523 0.02101121 0.02765678 1.299751e-05 13.10431 16.63006 16.57795 16.97102 18.03552 72 
0.03619875 0.1521862 0.02816682 0.01293593 0.01645564 0.02010006 0.02692802 2.023789e-16 15.91926 18.92387 18.11274 21.53432 20.9104 73 
1.158465e-08 0.01121854 0.06312268 0.04847742 0.1024559 0.1890916 0.3499676 2.383961e-05 162.9677 212.9781 238.5262 250.1946 0.0001460957 73 
0.03264419 0.1399821 0.02293993 0.0131224 0.01536671 0.02085121 0.02766386 1.047421e-05 14.3547 15.32657 18.20239 18.44669 18.10382 73 
0.04210754 0.1248106 0.02460764 0.01387522 0.0167618 0.02298698 0.03086264 1.745887e-05 19.60815 22.70905 26.49985 25.88116 24.68379 74 
0.03789126 0.1371514 0.0203997 0.01329717 0.01644376 0.02190924 0.02918263 3.734958e-05 17.69187 20.60919 22.86281 22.53824 23.06456 74 
NaN 0.006243953 0.04633763 0.04872641 0.1035173 0.1857904 0.360785 3.871665e-06 243.9478 319.3642 369.7115 377.536 0 74 
0.03865582 0.1378293 0.02886905 0.01409831 0.01700293 0.02188134 0.02901992 2.945845e-05 18.93756 21.22649 22.3339 22.13014 24.69092 75 
0.04079082 0.2001575 0.03071081 0.01179613 0.01591535 0.01967468 0.02650197 2.086444e-05 15.67529 20.46988 19.83566 23.8926 22.35388 75 
0.04691495 0.1053051 0.02672841 0.01282081 0.01722092 0.02227174 0.03105764 6.889955e-06 20.13813 26.9846 28.03874 32.4175 28.39061 75 
0.04660775 0.1253949 0.02368554 0.0138165 0.01770279 0.02336337 0.03152862 3.243856e-05 22.39897 28.22107 29.75736 27.78142 33.10815 76 
0.03991286 0.1057566 0.02022732 0.01447452 0.01791146 0.02290148 0.03083922 1.343551e-05 20.40303 23.80897 24.39905 25.85665 25.98694 76 
NaN 0.009006406 0.06019559 0.04311452 0.09148481 0.1687723 NaN 0.04240636 156.8161 204.8629 238.0541 0 0 76 
1.43451e-11 0.006900316 0.04867089 0.0431283 0.09322785 0.1900087 NaN 0.05291598 190.6241 262.6169 310.7154 0 0 77 
0.03527924 0.1533718 0.02190415 0.01244412 0.0161201 0.02150067 0.02845131 1.945792e-05 15.48639 18.91869 20.74886 20.36827 20.91521 77 
0.03974887 0.1377525 0.02974387 0.01250794 0.01687016 0.02126 0.02859984 1.867772e-05 17.33252 22.58722 22.13449 25.03461 23.47014 77 
0.03724717 0.1557963 0.03030528 0.01264844 0.01664138 0.02135136 0.02848176 6.653696e-06 15.87533 19.8667 20.31514 21.98828 20.80233 78 
0.04892612 0.1399265 0.03164694 0.01406494 0.01727718 0.0223799 0.03012357 3.204092e-05 22.96899 27.90222 29.18311 30.75596 30.8222 78 
0.02271951 0.1680089 0.03210418 0.01041379 0.01471084 0.01989636 0.02593469 1.979933e-05 9.47847 12.44232 14.17276 13.96562 14.45688 78 
0.04340196 0.1243074 0.03311965 0.01294825 0.01673864 0.02176596 0.02958301 9.895899e-06 17.95587 22.59793 23.94648 26.35954 24.76675 79 
0.03786858 0.1575636 0.01806687 0.01302288 0.01638177 0.02050952 0.02753684 1.586551e-05 17.06055 20.23317 20.22142 23.18422 21.94249 79 
0.04204743 0.09925522 0.02093826 0.01436396 0.0178917 0.02317145 0.03145452 8.801796e-06 21.00449 25.03167 26.32838 27.77395 27.64346 79 
NaN 0.006398133 0.03943909 0.0466983 0.09795773 0.1711417 0.2463293 2.418632e-06 220.6194 290.3047 317.4208 347.9989 0 80 
0.06348708 0.01173533 0.04238823 0.04139226 0.05379106 0.06391098 NaN 1.729824e-06 234.1709 328.8005 319.0485 446.7252 521.0395 80 
0.03656224 0.1918176 0.02586276 0.01217257 0.0156012 0.02075322 0.02738671 2.76198e-05 14.55794 17.6488 19.57226 20.01124 20.23224 80 
0.02696185 0.1451201 0.03112831 0.01252797 0.01626274 0.02107882 0.02770245 3.907063e-05 12.49049 14.74357 15.52172 15.78857 15.77666 81 
0.04072479 0.1240241 0.02542921 0.01475423 0.01792231 0.02229075 0.03057618 6.94518e-06 21.29963 24.57628 23.86788 28.595 23.41048 81 
NaN 0.007565341 0.0589665 0.04440054 0.09674261 0.2010212 0.3044448 3.741111e-05 203.3037 300.6256 322.1699 366.9142 0 81 
0.04792485 0.09260388 0.02687313 0.0152676 0.01846527 0.02370492 0.03251465 1.010652e-05 25.76311 30.56732 31.91072 34.97443 33.73953 82 
0.03791729 0.1354875 0.03105086 0.01353978 0.01730335 0.02175543 0.02908413 2.868847e-05 17.62164 21.27308 20.86814 23.12048 22.19433 82 
0.0376539 0.193609 0.03412511 0.01192505 0.01564498 0.02056771 0.02714462 8.380151e-06 14.73563 18.43521 19.90054 20.41688 21.23678 82 
0.03609259 0.1328522 0.02325251 0.01184947 0.01593996 0.02100584 0.02795156 1.105081e-05 15.3434 19.67918 21.10143 21.46653 22.20669 83 
NaN 0.006916571 0.04199184 0.04569045 0.09676407 0.1815867 0.2959022 2.282596e-05 190.7104 262.3073 291.5315 319.5306 0 83 
0.05280439 0.08937103 0.02197053 0.01549666 0.01756721 0.02512528 0.03413899 2.111675e-05 29.65011 33.51296 43.11178 37.86081 41.11632 83 
0.06841595 0.08741722 0.02949993 0.01522503 0.01965148 0.02557931 0.03517047 7.863027e-06 38.41129 54.29485 55.73545 56.7251 63.41201 84 
NaN 0.007063862 0.06027513 0.05140583 0.1152473 0.2274542 0.3123335 1.787043e-05 248.3313 329.5236 348.8224 372.0077 0 84 
0.05276275 0.1211548 0.03292671 0.01567077 0.017584 0.02309422 0.03120902 8.577688e-06 29.47178 32.76075 36.61785 36.17801 37.597 84 
0.04166672 0.1247149 0.02733606 0.01363972 0.01696127 0.02247125 0.03014022 1.050611e-05 19.44286 23.17915 25.31887 25.22269 25.95391 85 
0.03297778 0.1442863 0.02492454 0.01228166 0.01596526 0.02060007 0.02743952 1.224482e-05 14.236 17.29003 18.18791 19.68048 18.80662 85 
0.04095032 0.1387737 0.02921405 0.0143147 0.01676055 0.02102228 0.02832257 7.269704e-06 20.00723 21.87129 22.61263 25.41565 24.49769 85 
0.04615826 0.1399938 0.02650267 0.0131007 0.01739863 0.02152409 0.02912578 1.660977e-05 20.83103 27.37328 25.6487 30.70304 28.34916 86 
0.03778174 0.1575744 0.03579762 0.0129122 0.01691695 0.02157821 0.02858805 9.676668e-06 16.85265 20.9719 20.92343 21.49368 22.88172 86 
0.03744435 0.1364371 0.03049737 0.01397875 0.01675851 0.02156538 0.02880943 8.436204e-06 18.81887 20.97088 22.16035 23.14068 22.74016 86 
0.04205037 0.1390008 0.03452011 0.0145806 0.01741742 0.02162387 0.02910321 6.438934e-06 20.39267 23.01902 22.66167 26.22788 24.48681 87 
5.972511e-08 0.006018461 0.04138047 0.04759093 0.1033832 0.1622567 NaN NaN 245.8289 335.5458 315.5377 315.4566 0.001074785 87 
0.04639178 0.1141435 0.02270668 0.0134204 0.01718153 0.02240583 0.03037682 3.501095e-05 21.52631 27.14068 28.66217 30.3861 30.51086 87 
0.03432901 0.1441471 0.03379079 0.01294326 0.01494739 0.02093013 0.0275595 9.514058e-06 14.65731 15.49684 19.40203 18.17422 19.77822 88 
NaN 0.007295437 0.05210464 0.04863673 0.100486 0.1590263 0.2729174 5.102854e-06 213.8485 263.678 302.7999 336.0312 0 88 
0.0426818 0.1392059 0.02992495 0.01395964 0.01612288 0.02122125 0.02859517 6.149805e-06 19.51669 21.2357 24.23177 25.34707 24.95887 88 
0.02824467 0.1625313 0.02613768 0.01307457 0.01572076 0.0207025 0.02720899 3.355066e-05 14.54827 15.68685 17.33265 17.06851 17.32009 89 
0.03027167 0.163712 0.02870077 0.01203698 0.01613187 0.02033159 0.02684217 2.852939e-15 12.71495 15.80275 15.89568 17.23086 17.41859 89 
0.03760759 0.1558791 0.03694353 0.01379331 0.01613907 0.02143054 0.02837955 9.143589e-06 17.55759 18.97605 21.54672 20.80425 22.20623 89 
1.648195e-09 0.007115826 0.04616525 0.04339724 0.08820238 0.1494256 0.2247886 5.366836e-06 193.3023 256.3707 286.09 319.0024 2.411671e-05 90 
0.04296395 0.1252291 0.02403161 0.01275194 0.01636889 0.02178986 0.02926437 3.347981e-15 18.88825 23.55893 25.90596 26.38482 27.11702 90 
0.05825466 0.1047778 0.02156838 0.01416593 0.01875746 0.02357757 0.03341591 0 29.60291 41.16113 39.83856 48.22544 40.35268 90 
0.03537279 0.1551068 0.02804751 0.01280892 0.01695159 0.02151156 0.02840118 1.139566e-05 16.18866 20.14089 19.86495 20.2624 22.1113 91 
0.03941082 0.1230823 0.02594121 0.01352459 0.01840217 0.02245745 0.03012058 1.352246e-05 18.48826 24.17024 21.43044 26.03819 23.35837 91 
0.06160222 0.01289557 0.03534894 0.03865567 0.03812766 NaN 0.07521258 1.034544e-05 230.6779 220.2403 314.9118 442.7026 397.1449 91 
0.02089081 0.1477791 0.02839751 0.01120801 0.01582326 0.01997191 0.02612175 2.011554e-05 9.977418 12.8772 13.02864 13.81117 13.78255 92 
0.03462574 0.1298291 0.0283923 0.01367767 0.01702993 0.02209475 0.02944562 1.560973e-05 16.20823 18.66881 19.72579 20.34698 19.86814 92 
0.04395156 0.1143956 0.02302678 0.01399352 0.01724531 0.02259395 0.03050978 3.702615e-05 21.85019 26.05891 27.9843 28.66721 29.08905 92 
0.0184776 0.1144791 0.0303108 0.01202895 0.0161009 0.02065507 0.02693455 1.257258e-05 10.48263 12.50654 12.91526 12.92426 13.13443 93 
0.05930965 0.0793085 0.02464266 0.01521376 0.02035624 0.02576051 0.0355038 9.653527e-06 34.25428 48.44799 46.26961 50.6998 53.61726 93 
0.04828505 0.1404571 0.03827492 0.0127967 0.01684255 0.0209398 0.02833335 1.149069e-05 19.76714 25.83736 24.87295 29.77525 28.89565 93 
0.02003968 0.1343672 0.03629247 0.01173875 0.01535087 0.02011727 0.0262403 1.139512e-05 10.63802 12.49199 13.53694 13.52082 13.68957 94 
0.04069817 0.1247147 0.02958679 0.01507741 0.01826192 0.02262793 0.02990465 6.704758e-06 21.72896 24.65462 23.28373 25.88811 26.40853 94 
0.05422747 0.07801073 0.03117924 0.01500737 0.01945716 0.02576885 0.03608658 7.813079e-06 27.7914 37.22572 39.97457 42.36235 41.00809 94 
1.1845e-09 0.01080463 0.06896943 0.04291979 0.09134948 0.1829812 0.2742887 4.722257e-06 160.7803 236.097 255.0202 267.8574 1.453079e-05 95 
0.04050343 0.1382015 0.02672469 0.01298967 0.01637733 0.02051772 0.02797214 1.041526e-05 18.22301 21.98761 22.05224 26.16152 23.57038 95 
0.03615879 0.1345839 0.02564335 0.01350655 0.01640001 0.02156991 0.02854255 3.89306e-06 17.21323 19.28344 21.21748 20.02235 23.48278 95 
0.04454746 0.1066514 0.02279759 0.01241852 0.01711904 0.02275734 0.03073693 6.669466e-06 19.45409 26.43104 28.20093 27.19155 31.79258 96 
NaN 0.009279999 0.06081001 0.0474521 0.09809831 0.1620063 0.220789 2.483714e-05 182.9044 230.1029 242.9879 286.931 0 96 
0.04616648 0.09289825 0.02660943 0.01456779 0.01870155 0.02420313 0.0333974 8.440781e-06 23.95359 30.47805 31.16584 33.77867 31.18282 96 
0.03207549 0.1403367 0.02577657 0.01278122 0.01607189 0.02063974 0.02736511 1.092404e-05 14.27336 16.50743 17.41773 18.39357 18.79541 97 
0.03581583 0.1493184 0.03860332 0.01324184 0.01617664 0.02173706 0.02874707 1.064806e-05 15.6177 17.73002 20.09454 19.04893 20.5459 97 
0.05480671 0.08271908 0.02614439 0.01682024 0.01988583 0.0263207 0.03656444 5.844681e-06 33.97724 41.18691 44.74708 45.27416 43.77141 97 
NaN 0.005871957 0.04620287 0.04475418 0.09179897 0.1290753 NaN 0 261.386 346.6445 344.8251 344.7512 0 98 
0.04417199 0.1256352 0.02777004 0.01385512 0.01598757 0.02217164 0.02959264 1.764733e-05 21.44246 23.56113 28.95915 26.16957 29.69116 98 
0.03489202 0.1883131 0.02122153 0.01309276 0.01603331 0.02061728 0.02734795 7.589271e-06 15.33677 17.37622 18.45682 19.7456 19.44261 98 
0.04513498 0.1405473 0.02554376 0.01255344 0.01749511 0.02208789 0.02968807 8.131273e-06 19.32383 26.67304 25.7836 28.48182 27.90746 99 
1.726849e-05 0.007174597 0.05331648 0.04809308 0.1034787 0.1908112 0.3116392 5.547637e-06 213.98 283.1344 313.3267 335.6501 0.2703776 99 
0.02959955 0.1616863 0.0281583 0.0120689 0.01545883 0.02013746 0.0265063 2.107912e-05 13.0037 15.3296 16.52267 16.97929 17.64929 99 
NaN 0.006771948 0.04202561 0.04825906 0.1092132 0.2010992 NaN NaN 197.0079 246.125 262.7943 0 0 100 
0.02297862 0.182403 0.02780421 0.01152487 0.01579643 0.02004768 0.02617018 3.455276e-05 10.67954 13.37233 13.6693 14.1085 14.81306 100 
7.837698e-16 0.009383028 0.059144 0.04379919 0.08932302 0.1557109 0.2369427 5.598359e-06 165.4894 221.693 245.8911 261.787 5.475403e-06 100 
