0.9999934 0.1477738 0.2643912 0.3451487 0.4379703 0.2703767 0.530823 0.9999999 683.6531 1367.302 1935.382 2132.476 2414.807 1980.75 2 
1 0.1561608 0.2825703 0.2710349 0.311763 0.4533666 0.4416337 1 544.4441 1088.888 1545.408 2002.309 2245.603 2008.76 2 
1 0.1062833 0.343798 0.4112095 0.3522888 0.6094677 0.2003952 1 1016.359 2032.718 2545.395 3119.878 3193.646 2471.634 2 
0.9431753 0.1603614 0.2619235 0.2738596 0.4192519 0.2885519 1 1 517.6932 1005.969 1524.298 1667.706 2140.087 1890.36 3 
1 0.1071944 0.3305418 0.4318831 0.3597681 0.5979401 0.2296938 0.9999996 1045.021 2090.042 2584.602 3110.852 3192.13 2419.685 3 
0.9999972 0.11966 0.2724611 0.4257219 0.243408 0.4995683 0.4538912 0.9999999 961.2706 1922.539 2238.162 2728.272 2951.108 2257.978 3 
0.9999999 0.1545696 0.2820345 0.3474477 0.3775156 0.3918316 0.3574353 0.9999994 653.6004 1307.201 1770.619 2070.028 2236.135 1881.147 4 
1 0.1491587 0.3175505 0.3051789 0.375829 0.4315377 0.3677823 1 616.9498 1233.9 1761.808 2140.156 2323.456 2021.601 4 
1 0.1290636 0.3216616 0.4334979 0.4947981 0.4162482 0.739517 1 883.4989 1766.998 2338.277 2581.071 2832.875 2038.07 4 
0.9999864 0.08725774 0.3777406 0.3813699 0.4123692 0.3268527 0.6044187 0.9999999 1123.285 2246.556 2997.907 3347.837 3783.431 2945.396 5 
0.9999962 0.1131923 0.3247678 0.3559411 0.3063726 0.2783975 0.5823136 0.9999998 901.297 1802.591 2302.233 2617.149 3092.471 2532.152 5 
1 0.1480637 0.2918571 0.3490924 0.3939706 0.3524385 0.3016785 0.9999997 702.5951 1405.19 1921.307 2201.115 2356.212 2012.633 5 
0.9999999 0.1283503 0.2841329 0.2511321 0.3430904 0.426401 0.4714571 1 592.2566 1184.513 1790.441 2285.135 2598.874 2358.347 6 
1 0.150533 0.3195445 0.3484488 0.5342512 0.3427488 0.6326316 0.9999999 657.8487 1315.697 1972.873 2169.237 2407.453 1887.935 6 
0.9999921 0.1047071 0.3661342 0.3373461 0.3999177 0.3298729 0.6550813 0.9999998 897.9015 1795.796 2501.141 2850.259 3314.862 2661.662 6 
0.9999987 0.1472807 0.3271617 0.3421679 0.4358874 0.3341682 0.8248005 0.9999998 658.776 1317.551 1869.612 2108.36 2500.725 1925.301 7 
1 0.1563409 0.2957276 0.3419436 0.3566107 0.5727392 0.4210255 0.9999998 639.822 1279.644 1718.743 2172.474 2314.983 1871.133 7 
0.999998 0.1261592 0.3304445 0.3366015 0.4128443 0.3819853 0.7314273 0.9999999 761.1034 1522.205 2141.484 2477.916 2876.041 2261.141 7 
0.9999996 0.1066628 0.3389347 0.3420543 0.2098765 0.3841863 0.4101598 1 947.0778 1894.155 2276.49 2829.479 3193.04 2768.794 8 
0.999998 0.1500472 0.2506243 0.3267208 0.337083 0.3002053 0.2393813 0.9999999 673.2576 1346.514 1814.178 2090.281 2244.347 2060.651 8 
1 0.134929 0.2548651 0.3403313 0.3301048 0.1487844 0.5856008 0.9999999 748.7178 1497.436 1976.5 2121.146 2605.753 2199.967 8 
0.9999918 0.1599252 0.2412878 0.337342 0.3189753 0.3034723 0.4753556 0.9999999 656.7368 1313.468 1724.955 1991.561 2282.435 1946.798 9 
0.9999936 0.0942892 0.3705529 0.4362283 0.3531146 0.3701868 0.3581832 0.9999997 1230.478 2460.947 3022.469 3403.262 3635.305 2820.72 9 
0.999999 0.22269 0.1676282 0.3515869 0.2756698 0.2520763 0.5753659 0.9999998 534.5517 1069.103 1340.87 1520.87 1828.158 1520.397 9 
1 0.1288053 0.338692 0.3270403 0.3583947 0.5604552 0.3065226 0.9999995 714.4185 1428.837 1955.705 2484.332 2611.411 2184.497 10 
1 0.1487782 0.2461784 0.3604044 0.2134913 0.3403936 0.5726829 0.9999998 759.6875 1519.375 1807.201 2168.142 2568.688 2107.875 10 
0.9999999 0.1145743 0.3863777 0.305301 0.3949318 0.2557764 0.349113 1 768.2109 1536.422 2226.774 2497.303 2772.107 2516.241 10 
0.9999996 0.1143533 0.3065882 0.2888817 0.4627079 0.3336898 0.4302307 0.9999998 708.475 1416.95 2223.911 2536.59 2805.207 2452.474 11 
0.9999946 0.08020625 0.3873752 0.3730295 0.4034778 0.3128945 0.4320606 0.9999998 1209.597 2419.188 3239.46 3618.905 3978.916 3242.632 11 
0.999998 0.1167335 0.2941119 0.330957 0.416526 0.3664172 0.511285 0.9999999 779.7268 1559.452 2215.998 2552.988 2850.912 2355.977 11 
0.8882789 0.1008211 0.3507012 0.3436787 0.4765203 0.4897218 1 1 1021.718 1929.288 2643.517 2848.381 3051.353 2972.886 12 
0.9999996 0.1838603 0.1875762 0.3305794 0.2765997 0.4633503 0.3333071 0.9999999 549.4966 1098.993 1406.772 1779.744 1923.723 1662.223 12 
0.9488091 0.113179 0.3356189 0.3242933 0.3671228 0.3383779 0.9999631 0.9999885 830.6813 1618.839 2171.397 2430.901 3031.177 2561.512 12 
0.8717647 0.1099723 0.3610865 0.28992 0.3786718 0.6841272 0.9996063 0.9982533 827.5417 1548.963 2117.838 2707.8 2758.196 2854.38 13 
1 0.2131177 0.1854848 0.2612849 0.3268872 0.3200921 0.5110321 0.9999998 422.4319 844.8638 1235.271 1492.596 1771.918 1616.749 13 
0.9999999 0.1636237 0.3119923 0.3962571 0.2257494 0.4207932 0.3073211 1 745.8116 1491.623 1748.149 2118.364 2274.971 1882.141 13 
0.9999958 0.1645627 0.2276326 0.3447251 0.2751751 0.3677382 0.5266358 0.9999997 644.2861 1288.569 1625.571 1952.002 2247.57 1868.985 14 
1 0.1125238 0.3354587 0.3470803 0.3465227 0.7898185 0.9999124 0.9999333 791.1175 1582.235 2097.941 2866.06 3070.449 2279.35 14 
0.9999861 0.1007182 0.350549 0.4320049 0.1260778 0.4613166 0.5573629 0.9999999 1221.441 2442.865 2645.305 3292.709 3714.043 2827.378 14 
0.9999984 0.1042497 0.3168875 0.3575121 0.4387466 0.3828095 0.6046485 0.9999994 911.452 1822.902 2541.557 2893.477 3236.548 2549.43 15 
0.9999963 0.08706553 0.3154274 0.3475734 0.465392 0.3005636 0.5438944 0.9999994 1022.392 2044.781 2937.917 3246.278 3636.568 2941.515 15 
0.1002021 1 0.5541462 0.1370372 0.2188814 0.3260042 0.50272 1 111.0001 122.1226 165.235 194.5558 204.4973 810 15 
0.9999867 0.1101208 0.3274891 0.4229526 0.3764756 0.3364004 0.5791636 0.9999998 1035.435 2070.856 2602.667 2898.946 3237.442 2448.111 16 
0.9999997 0.1156795 0.2487053 0.3402607 0.3806972 0.3687726 0.273014 0.9999997 847.3363 1694.672 2320.127 2695.339 2870.682 2490.256 16 
1 0.1785817 0.2436607 0.3115042 0.2301771 0.233855 0.4864181 0.9999999 593.7319 1187.464 1489.522 1725.768 2102.246 1906.016 16 
1 0.09136159 0.3969408 0.3570078 0.4686288 0.4032552 0.2412145 1 1018.12 2036.239 2895.561 3288.482 3428.736 2851.814 17 
0.9999979 0.2452568 0.1546805 0.2374928 0.3578257 0.3608156 0.6252703 1 338.5441 677.0875 1066.024 1317.875 1596.841 1425.492 17 
1 0.1311938 0.2674462 0.3093065 0.2975749 0.5178341 0.3279034 1 686.173 1372.346 1828.306 2385.646 2555.812 2218.425 18 
1 0.1943132 0.2595043 0.3151235 0.338246 0.513146 0.3602272 0.9999999 504.5055 1009.011 1379.888 1752.224 1879.477 1600.977 18 
0.9999987 0.1238945 0.323577 0.3795561 0.4210352 0.4872627 0.6920783 0.9999997 815.4008 1630.8 2191.996 2568.015 2841.854 2148.301 18 
0.9150343 0.113735 0.373752 0.3102718 0.4349183 0.3206077 1 1 791.4222 1515.601 2151.985 2287.875 2768.907 2550.739 19 
0.8938445 0.08801283 0.3743562 0.3159494 0.2992783 0.4002698 0.9999376 0.9992116 1079.512 2044.428 2526.877 2914.171 3586.954 3416.724 19 
0.9999891 0.1331507 0.2946085 0.4063316 0.2622668 0.3864345 0.7609708 1 841.3328 1682.656 2005.023 2355.435 2778.817 2070.557 19 
0.2225833 0.4225877 0.545776 0.1128207 0.2058307 0.2585312 0.5198756 1 205.8806 251.7061 389.2585 419.0446 588.8859 1824.847 20 
0.8706688 0.07904645 0.4727451 0.3937514 0.380659 0.3516979 0.9999695 0.9999762 1467.595 2745.385 3250.465 3322.27 3799.851 3727.213 20 
0.999993 0.1207562 0.2992295 0.3753964 0.3340997 0.3069168 0.384408 0.9999999 894.5666 1789.127 2286.397 2590.579 2854.628 2382.992 20 
0.1741584 0.5406409 0.5533301 0.1240999 0.1946183 0.2878575 0.4976277 1 179.419 210.6663 283.1428 342.8946 421.1484 1445.762 21 
0.9999978 0.08078511 0.4140031 0.3613484 0.4143714 0.4979915 0.6188523 0.9999999 1101.922 2203.842 3010.847 3578.82 3933.143 3049.473 21 
1 0.1569737 0.2628137 0.2966255 0.3733348 0.4385749 0.3186021 0.9999998 586.2263 1172.453 1691.422 2073.474 2229.293 1976.318 21 
1 0.142281 0.309274 0.342257 0.3643371 0.560593 0.6141318 1 667.864 1335.728 1803.35 2260.719 2480.884 1951.352 22 
0.9999987 0.1146593 0.3050648 0.4300315 0.3814422 0.4495767 0.4871073 0.9999998 959.5778 1919.154 2404.284 2757.964 2968.888 2231.413 22 
1 0.1112053 0.3713487 0.3307282 0.2442133 0.5596458 0.3284676 0.9999995 845.4516 1690.903 2108.723 2832.38 3019.411 2556.333 22 
1 0.09844862 0.3512416 0.3101309 0.3683628 0.4350588 0.3855011 1 873.6965 1747.393 2463.302 2997.372 3264.721 2817.186 23 
1 0.1155648 0.3550657 0.4289102 0.3417205 0.7418227 0.999926 0.9999765 943.4148 1886.83 2316.081 2929.492 3142.962 2199.563 23 
0.9999903 0.102875 0.3449076 0.3302709 0.4284874 0.1475813 0.3981958 0.9999998 913.8766 1827.744 2621.789 2778.069 3137.536 2767.052 23 
0.2762581 0.3763611 0.4893964 0.1416051 0.2422502 0.2935488 0.5177649 1 273.6792 349.2853 498.3894 506.7093 599.8055 1932.693 24 
0.9999867 0.1098833 0.329107 0.4418575 0.3485607 0.6007738 0.9996959 0.9988733 1019.478 2038.942 2487.784 2991.745 3326.517 2307.255 24 
1 0.1328403 0.3279106 0.393356 0.3062905 0.6336259 0.430953 0.9999997 798.191 1596.382 1973.423 2514.508 2649.338 2029.182 24 
0.9999968 0.1081712 0.297342 0.4653914 0.1994735 0.4388169 0.5129412 0.9999999 1146.557 2293.11 2555.826 3018.489 3321.981 2463.64 25 
0.999996 0.170151 0.2702658 0.2965585 0.5562964 0.2054917 0.8747205 0.9999995 511.4591 1022.916 1697.805 1808.413 2182.507 1724.648 25 
1 0.1645531 0.2701272 0.3031437 0.3953768 0.5182903 0.6348669 0.9999997 547.1135 1094.227 1591.487 1985.608 2218.163 1804.799 25 
0.9999987 0.1305626 0.2742159 0.3364495 0.4137347 0.5790084 0.9997108 0.9992485 681.8352 1363.669 1920.027 2376.495 2708.291 2026.56 26 
0.06868579 1 0.6291691 0.1135266 0.2138963 0.2894281 0.5341459 0.9999994 94.00005 100.4565 163.8998 178.2576 231.2436 828 26 
0.9999917 0.1114219 0.2921793 0.3970641 0.3128515 0.372234 0.3971883 0.9999997 987.4098 1974.811 2443.874 2827.362 3084.232 2486.777 26 
0.9999999 0.1285564 0.3176594 0.382675 0.3253073 0.4509334 0.367301 1 824.7419 1649.484 2082.292 2487.073 2668.104 2155.202 27 
0.1794093 0.5103959 0.5243614 0.120035 0.213392 0.3046989 0.5059445 1 180.2541 212.5933 320.1226 374.1502 432.7853 1501.679 27 
0.9999977 0.1308691 0.3055735 0.3096547 0.5227409 0.1097099 0.6004344 0.9999998 664.9231 1329.845 2104.743 2182.356 2560.542 2147.305 27 
1 0.1273015 0.2991548 0.2989749 0.4392235 0.6108445 0.3742863 0.9999997 644.2675 1288.535 1952.05 2469.52 2592.911 2154.922 28 
0.9351228 0.08980411 0.3616451 0.357272 0.2006662 0.5750363 0.9999999 0.9999999 1102.527 2133.525 2393.115 3149.533 3618.948 3085.959 28 
0.9999992 0.1853892 0.1982356 0.2833832 0.284196 0.4639891 0.5135851 0.9999996 485.6106 971.2207 1320.215 1728.066 1970.046 1713.618 28 
0.9999998 0.1269959 0.2885554 0.2999861 0.3982577 0.4114315 0.4714176 0.9999996 677.3298 1354.659 1984.122 2375.425 2639.312 2257.871 29 
0.9999783 0.1766558 0.2629595 0.3605228 0.3734319 0.3903983 0.7413739 0.9999978 594.5576 1189.102 1582.897 1840.828 2139.422 1649.154 29 
0.9999939 0.1936057 0.1595289 0.3073545 0.2821913 0.339036 0.4268334 0.9999996 537.334 1074.665 1416.37 1711.054 1956.267 1748.255 29 
1 0.1757812 0.2515904 0.3017568 0.3640466 0.5279475 0.3272136 0.9999996 529.2385 1058.477 1504.295 1915.461 2035.756 1753.858 30 
1 0.1702253 0.2606516 0.4170972 0.2801164 0.5325972 0.1772972 1 716.9104 1433.821 1714.469 2098.605 2158.374 1718.809 30 
1 0.172983 0.2179683 0.2911097 0.3131084 0.4412798 0.1546616 0.9999999 549.3307 1098.661 1517.504 1922.974 2002.374 1887.023 30 
0.999985 0.1169149 0.32309 0.3417572 0.4771506 0.08514755 0.5972442 0.9999997 821.2825 1642.553 2397.301 2467.687 2919.549 2403.117 31 
1 0.100522 0.3785134 0.3737946 0.4600692 0.7971693 0.9998728 0.9998392 935.299 1870.598 2591.469 3265.877 3437.451 2502.174 31 
0.9999983 0.2334036 0.2149793 0.2864685 0.3768613 0.269994 0.8480006 1 407.1626 814.3245 1196.519 1367.142 1758.351 1421.317 31 
0.9999875 0.06966716 0.3880309 0.4378255 0.6264348 0.2946458 0.9994716 0.999385 1406.906 2813.795 3945.408 4144.197 4619.896 3213.396 32 
0.9999998 0.1522191 0.2558882 0.3135907 0.3360404 0.3593602 0.2377474 1 630.823 1261.646 1725.647 2055.104 2194.74 2011.613 32 
0.9999911 0.1987863 0.2462109 0.2875013 0.3463315 0.3284242 0.780098 0.9999997 473.033 946.0617 1352.055 1603.711 2005.152 1645.325 32 
1 0.1515701 0.3220373 0.3519527 0.4771739 3.368535e-34 0.3966226 0.9999997 686.324 1372.648 1975.663 1975.663 2237.715 1950.046 33 
1 0.08244434 0.3410484 0.4462162 0.4729694 0.5474218 0.1671906 0.9999996 1298.082 2596.164 3358.12 3822.908 3887.153 2909.087 33 
0.9999961 0.2340228 0.1753708 0.2288177 0.3368463 0.3537117 0.5862853 0.9999996 346.2344 692.4674 1085.534 1359.247 1652.457 1513.145 33 
0.9999999 0.1152404 0.2860156 0.3533549 0.3555346 0.2356699 0.7022671 1 859.23 1718.46 2277.504 2516.322 3060.258 2431.635 34 
0.9999999 0.09445519 0.3399146 0.364453 0.3713965 0.5899296 0.6682927 1 995.359 1990.718 2635.367 3279.036 3578.047 2731.104 34 
0.9999999 0.1841171 0.1990477 0.2837665 0.2816979 0.34482 0.6158951 0.9999998 505.2571 1010.514 1369.758 1685.626 2055.267 1780.538 34 
0.999999 0.1203605 0.269739 0.302129 0.2953322 0.460629 0.483171 0.9999997 739.5909 1479.181 1983.707 2538.216 2851.937 2447.931 35 
1 0.09658994 0.3887044 0.292926 0.4542836 0.4424746 0.5262374 0.9999998 797.3411 1594.682 2469.018 2933.754 3241.905 2721.988 35 
0.9999942 0.1422586 0.2827859 0.3430345 0.2899126 0.1680198 0.4568101 0.9999998 766.3416 1532.679 1958.165 2133.259 2529.331 2234.007 35 
0.9999966 0.1065186 0.2997519 0.4147804 0.295026 0.4427697 0.6129208 0.9999999 1061.054 2122.105 2563.768 3031.053 3391.497 2558.111 36 
0.9999956 0.1441007 0.2650652 0.2999055 0.2576947 0.3790548 0.5120842 0.9999997 652.4701 1304.937 1697.43 2125.988 2485.488 2175.585 36 
0.9999905 0.1378419 0.2856617 0.3943739 0.2868465 0.4571718 0.6233873 0.9999996 791.0021 1581.997 1930.418 2326.438 2619.557 2005.716 36 
0.9999994 0.1158402 0.2617944 0.3544831 0.2748262 0.4127467 0.1774446 1 897.9579 1795.915 2245.307 2734.739 2858.304 2533.147 37 
0.9999922 0.1449607 0.2896458 0.3586455 0.2498884 0.4290527 0.7015352 0.9999998 731.4082 1462.811 1789.642 2210.577 2603.534 2039.363 37 
0.1161608 0.6964508 0.5635506 0.1199563 0.1996537 0.2854815 0.5043791 1 137.8457 153.8579 219.7795 256.5927 321.497 1149.133 37 
0.8352048 0.1008414 0.4042252 0.288831 0.369099 0.3788896 1 0.9999961 961.9812 1765.432 2348.753 2527.89 3039.471 3330.602 38 
1 0.07877337 0.3409292 0.3781157 0.4441762 0.9043772 0.9999601 0.9999276 1129.99 2259.979 3085.474 4019.688 4118.461 2988.476 38 
0.9999997 0.1475081 0.2439207 0.3052124 0.3884915 0.2974658 0.285809 1 644.1805 1288.361 1858.051 2124.796 2304.85 2110.598 38 
0.8960944 0.09774048 0.4091907 0.3711273 0.336309 0.3868703 0.9999999 0.9999991 1135.783 2153.552 2577.038 2803.428 3295.301 3060.359 39 
0.9999859 0.1129382 0.3352023 0.4010151 0.3112182 0.4094068 0.6060938 0.9999992 956.4448 1912.876 2357.46 2760.284 3112.474 2385.059 39 
0.9999992 0.1522423 0.2493613 0.3170067 0.3833506 0.4057283 0.6041467 0.9999998 624.1619 1248.323 1763.837 2100.284 2398.005 1968.923 39 
0.9999945 0.1405054 0.2799027 0.4173245 0.2325802 0.5973597 0.5806627 0.9999985 811.5664 1623.128 1886.661 2406.103 2609.396 1944.689 40 
0.9999725 0.1064311 0.2856587 0.4161584 0.5140094 0.1041695 0.7744845 1 1024.341 2048.653 2787.269 2859.945 3344.426 2461.42 40 
0.9999991 0.1699975 0.2549995 0.3237922 0.1867324 0.4930406 0.7368386 1 588.4212 1176.842 1406.309 1899.048 2272.366 1817.28 40 
0.9999967 0.1476028 0.2781909 0.3218166 0.3679003 0.2282434 0.6568074 0.9999998 637.0091 1274.016 1767.884 1961.551 2391.663 1979.416 41 
0.9999906 0.2405282 0.1626626 0.2717336 0.3090173 0.2841244 0.4775629 0.9999999 403.4161 806.8284 1140.926 1353.179 1608.575 1484.601 41 
1 0.2038307 0.2100088 0.2456397 0.3397409 0.4528366 0.5712572 1 397.5086 795.0172 1209.756 1574.747 1826.683 1618.259 41 
0.9999999 0.1835538 0.2366968 0.3251777 0.3550894 0.3871489 0.4115817 1 561.3257 1122.651 1536.29 1827.135 2016.628 1726.212 42 
0.9999979 0.2586067 0.145438 0.2640221 0.3124085 0.3559542 0.492514 1 379.0854 758.17 1088.298 1346.93 1577.404 1435.81 42 
1 0.1600456 0.3063859 0.3043627 0.4312239 0.5557208 0.7256924 0.9999989 537.5056 1075.011 1604.769 1993.073 2218.354 1766.003 42 
0.9229557 0.1116492 0.3511517 0.3703998 0.2556708 0.5090773 1 1 985.3801 1894.842 2177.087 2644.023 3052.351 2660.315 43 
0.9999997 0.1162139 0.2976969 0.2898026 0.3354826 0.4323406 0.3926686 0.9999996 731.5532 1463.106 2064.546 2579.602 2845.15 2524.316 43 
1 0.1398661 0.3068805 0.3611326 0.3205441 0.5538275 0.2219927 1 736.5956 1473.191 1890.888 2381.241 2468.936 2039.682 43 
0.9999954 0.1374322 0.2818067 0.3564568 0.2556236 0.3558918 0.5353606 0.9999996 786.0228 1572.042 1934.784 2310.714 2674.956 2205.1 44 
0.9999998 0.1236176 0.2836508 0.3139644 0.4876422 0.4429265 0.7524646 0.9999999 695.8421 1391.684 2133.127 2478.177 2804.726 2216.309 44 
0.9999997 0.1583369 0.3082549 0.3335148 0.4076252 0.3975201 0.6914383 0.9999998 606.4703 1212.94 1706.962 1992.353 2291.425 1818.421 44 
0.9999805 0.08965132 0.3835993 0.306022 0.3740476 0.4278918 1.294805e-07 1 970.5748 1941.131 2764.375 3353.84 3353.775 3171.585 45 
1 0.1527627 0.2922788 0.3665702 0.3273202 0.4224398 0.2201952 1 713.7063 1427.413 1831.089 2181.546 2287.051 1946.984 45 
1 0.1222416 0.3822775 0.389031 0.3831937 0.7450245 0.9999404 0.999927 801.8981 1603.796 2086.38 2665.106 2863.157 2061.27 45 
1 0.1102046 0.308123 0.4092215 0.3237168 0.5462618 0.2122629 0.9999998 1016.492 2032.985 2508.031 3050.156 3145.739 2483.966 46 
0.9999997 0.08520706 0.371855 0.3529831 0.4241723 0.4905808 0.5725254 0.9999996 1068.17 2136.34 2966.848 3519.949 3848.773 3026.122 46 
0.9999999 0.1320129 0.327566 0.3759328 0.2729514 0.4181498 0.2320358 0.9999997 825.8659 1651.732 2025.942 2442.74 2577.314 2196.844 46 
0.9999998 0.1364867 0.2740295 0.3332065 0.4735148 0.4560821 0.5645758 1 659.5718 1319.144 1944.134 2261.068 2474.462 1979.469 47 
1 0.1234733 0.3239204 0.3864407 0.3836868 0.5475805 0.3405634 0.9999996 850.5795 1701.159 2219.321 2675.083 2803.325 2201.061 47 
0.9999931 0.1063374 0.3772115 0.3492036 0.3253585 0.2677432 0.5445321 0.9999999 902.9387 1805.871 2353.362 2657.305 3109.96 2585.708 47 
0.9999996 0.08357986 0.3895502 0.5123704 0.4172753 0.7633343 0.9988748 0.9978378 1412.069 2824.138 3384.907 3982.684 4167.81 2755.954 48 
1 0.09667219 0.3390062 0.3725422 0.5075796 0.8144902 0.999488 0.9989718 941.5188 1883.038 2687.938 3323.942 3468.726 2527.281 48 
0.9999994 0.1712491 0.2748486 0.3701188 0.3345721 0.4403719 0.5646993 0.9999995 630.8444 1261.688 1620.882 1935.482 2161.246 1704.438 48 
0.9999933 0.2412085 0.197485 0.2516025 0.3476992 0.3236856 0.6195294 0.9999994 360.8102 721.618 1094.777 1321.374 1614.694 1434.048 49 
0.9999969 0.1532106 0.2583213 0.3369758 0.3569443 0.3890406 0.6619101 0.9999998 665.894 1331.786 1799.448 2127.221 2467.933 1976.089 49 
0.9999998 0.1061969 0.3617134 0.3273495 0.3436945 0.3289389 0.2547804 1 894.7088 1789.418 2421.294 2818.193 3024.49 2733.192 49 
0.9999948 0.137083 0.2941461 0.3462685 0.3374254 0.3603298 0.5684492 0.9999997 744.2731 1488.542 1962.663 2298.123 2636.644 2149.41 50 
1 0.1151719 0.3456493 0.3482576 0.4229685 0.206063 0.1834314 0.9999999 885.8317 1771.663 2472.852 2669.97 2809.281 2543.611 50 
1 0.1415797 0.3159859 0.3963058 0.2463331 0.6486629 0.5868025 1 755.959 1511.918 1795.584 2358.552 2537.481 1907.515 50 
0.9999843 0.1319457 0.2649122 0.4155983 0.4431841 0.3185643 0.5790336 0.9999989 864.2051 1728.397 2266.935 2482.457 2749.408 2079.424 51 
0.9999832 0.1721321 0.238798 0.3554948 0.3503043 0.3474654 0.7123349 0.9999992 627.5951 1255.18 1653.741 1910.572 2254.154 1765.413 51 
0.9999997 0.2279377 0.2046209 0.2585952 0.3363195 0.3176942 0.2568783 0.9999996 399.3605 798.7209 1183.802 1425.219 1558.406 1544.346 51 
0.9999997 0.1297693 0.2820204 0.3842103 0.3689356 0.6343024 0.9993479 0.997662 801.6187 1603.237 2077.24 2591.522 2887.83 2086.406 52 
1 0.229151 0.146511 0.307733 0.3135377 0.4842993 0.446854 0.9999998 458.3664 916.7328 1240.03 1582.832 1745.946 1489.494 52 
1 0.1386367 0.2903487 0.3549336 0.3348547 0.524309 0.3363774 1 721.5055 1443.011 1882.101 2339.401 2478.962 2032.79 52 
0.9999999 0.1293739 0.3378771 0.3598523 0.336934 0.4410046 0.5351646 1 773.1333 1546.266 2009.665 2411.836 2684.647 2148.474 53 
0.174595 0.5314603 0.5195002 0.1513749 0.1950016 0.3110813 0.5234098 0.9999997 225.796 265.2188 293.1463 368.1729 431.7182 1491.634 53 
0.9999998 0.07429421 0.3825301 0.4006187 0.2986685 0.4802011 0.2058655 1 1373.129 2746.258 3359.84 4051.718 4205.896 3427.522 53 
0.9999987 0.1218084 0.2901471 0.3448319 0.3909492 0.3980827 0.4203517 0.9999996 780.0804 1560.16 2139.593 2498.935 2727.328 2262.205 54 
1 0.1057896 0.3699538 0.3575677 0.3801925 0.5107814 0.2714674 0.9999999 917.0852 1834.17 2460.615 2982.254 3117.885 2564.788 54 
1 0.152971 0.2722047 0.2800203 0.4626435 0.4814489 0.5103907 1 536.1913 1072.383 1710.201 2066.868 2262.937 1914.83 54 
0.9999975 0.1162908 0.2990491 0.3845419 0.2246876 0.3270441 0.3861442 0.9999998 989.0984 1978.194 2333.881 2735.275 3054.207 2572.147 55 
0.9999839 0.09799675 0.3137174 0.3922342 0.3683129 0.2836279 1.292389e-06 1 1122.692 2245.366 2886.051 3197.68 3197.629 2862.3 55 
0.9999984 0.1364528 0.3179888 0.3658024 0.4533342 0.4223915 0.9999375 0.9995804 711.0471 1422.093 1980.94 2265.589 2654.814 1943.801 55 
0.3556848 0.3070569 0.4159554 0.1328963 0.2074556 0.3082357 0.5470894 1 276.8261 375.289 508.1903 621.9923 762.9909 2083.023 56 
0.9999971 0.1621988 0.2637811 0.2863894 0.4144832 0.3773089 0.7018202 0.9999988 524.1918 1048.382 1589.758 1878.31 2212.525 1830.347 56 
0.9999935 0.1058231 0.3471742 0.3679658 0.3177847 0.3689943 0.4626064 0.9999999 945.1493 1890.293 2406.182 2814.838 3138.115 2568.579 56 
0.9999974 0.1147959 0.306485 0.4130315 0.4664516 0.4245875 0.6655284 1 906.1645 1812.327 2413.005 2704.728 2967.843 2193.935 57 
0.9614179 0.06767254 0.3910243 0.3812348 0.3719263 0.4467961 1 1 1477.858 2898.698 3678.979 4210.147 4881.127 3876.504 57 
0.9999997 0.09939936 0.3091768 0.3792599 0.3723286 0.46732 0.3890439 0.9999998 1006.235 2012.469 2625.663 3108.742 3322.966 2653.153 57 
0.9999998 0.1080734 0.385076 0.4344417 0.3544912 0.4201971 0.4348041 0.9999999 1073.564 2147.127 2642.553 3021.63 3249.061 2471.134 58 
0.999999 0.09415387 0.338029 0.345686 0.2963013 0.5457856 0.4668146 0.9999999 956.0493 1912.098 2448.285 3143.297 3413.302 2765.658 58 
0.9999947 0.1054638 0.3408233 0.2972346 0.3022081 0.3606827 0.3669336 0.9999999 825.107 1650.21 2239.76 2730.738 3050.062 2775.945 58 
0.122592 0.7052584 0.5268947 0.1131189 0.2008848 0.3046079 0.511599 1 127.6145 143.259 218.5537 270.3387 317.5868 1128.145 59 
1 0.1253545 0.3326182 0.4247487 0.3408562 0.6040965 0.3553424 0.9999998 901.634 1803.268 2219.492 2705.722 2818.955 2122.747 59 
1 0.1708038 0.2294705 0.290901 0.3135157 0.51075 0.2254785 0.9999999 532.9201 1065.84 1473.111 1928.584 2026.96 1831.964 59 
1 0.133815 0.3064243 0.3084991 0.4371997 0.3352845 0.1520019 1 680.198 1360.396 2026.979 2314.68 2401.379 2204.863 60 
0.9999933 0.1145594 0.317272 0.3844326 0.2220955 0.3793312 0.1750896 0.9999998 977.8786 1955.751 2303.498 2765.528 2897.879 2543.693 60 
0.9999963 0.1134119 0.2792342 0.316177 0.3572964 0.2539744 0.6551678 0.9999998 802.5428 1605.083 2225.246 2508.561 3053.806 2538.271 60 
0.9999934 0.1206197 0.3369981 0.3569273 0.3136306 0.4186226 0.6090576 0.9999998 820.941 1641.877 2105.751 2530.721 2890.178 2300.023 61 
1 0.1236703 0.3178414 0.3320012 0.5044296 0.3325274 0.2560253 0.9999996 744.0761 1488.152 2243.338 2490.048 2616.835 2241.185 61 
1 0.1373558 0.2715484 0.3581915 0.4374548 0.5752029 0.3347759 0.9999996 720.9217 1441.843 2006.925 2424.907 2528.248 2012.671 61 
0.999999 0.1820323 0.2496071 0.3452819 0.2487915 0.4863145 0.6774444 1 587.9811 1175.962 1453.343 1860.649 2152.104 1702.901 62 
0.871142 0.1040633 0.414301 0.3166129 0.3684683 0.4465017 1 1 951.4059 1780.215 2307.486 2589.206 2973.386 3004.95 62 
0.9999831 0.1679558 0.245555 0.3344939 0.4775331 0.1642272 0.6501252 0.9999995 601.5117 1203.013 1774.486 1877.143 2216.855 1798.274 62 
1 0.1181371 0.3227115 0.390637 0.4386232 0.383647 0.2882805 0.9999996 897.4655 1794.931 2408.993 2710.506 2850.149 2297.441 63 
1 0.1585857 0.213915 0.3476843 0.2987686 0.5714327 0.3518602 1 643.3574 1286.715 1647.343 2131.016 2258.653 1850.407 63 
0.9999826 0.1256404 0.3046195 0.365514 0.5679339 0.3547133 0.9999511 0.9993469 740.3897 1480.767 2210.662 2407.596 2765.865 2025.612 63 
0.1820646 0.4609807 0.6461615 0.1682382 0.2216171 0.2958877 0.4952246 1 279.8421 330.7914 366.8385 385.4337 445.6867 1663.368 64 
0.1419288 0.8339241 0.5164504 0.1325602 0.2263388 0.2938958 0.5049912 1 128.3117 146.5228 210.8386 220.8376 262.9738 967.9504 64 
0.9999925 0.1308265 0.2922914 0.3422584 0.2364299 0.4587424 0.633565 0.9999998 779.8383 1559.671 1913.989 2438.932 2831.333 2278.508 64 
0.9999996 0.100918 0.309865 0.4243974 0.6399095 0.4247838 0.9999271 0.9996919 1020.846 2041.692 2927.682 3139.463 3426.224 2405.402 65 
0.1438119 0.8408539 0.52804 0.1211435 0.2106426 0.2824702 0.4899532 1 116.5499 133.3112 197.2767 216.8988 265.8305 962.0814 65 
0.9999973 0.1080981 0.3419352 0.4931468 0.2964459 0.9983051 0.9974423 0.9985735 1082.598 2165.194 2495.039 3276.542 3277.856 2195.286 65 
0.9999999 0.1181068 0.3303435 0.3800812 0.3819632 0.4556458 0.4198512 1 872.2708 1744.541 2287.956 2688.593 2889.549 2294.959 66 
0.9999994 0.09177449 0.3452797 0.3148872 0.3033272 0.4023285 0.2060461 1 959.0257 1918.051 2550.969 3135.821 3314.836 3045.617 66 
0.9999978 0.1086623 0.3230909 0.3360748 0.5013268 0.1966573 0.5013468 0.9999997 856.0398 1712.078 2559.883 2725.723 3065.367 2547.17 66 
0.9999988 0.1158244 0.3112083 0.2767107 0.5225478 0.4314948 0.7640791 0.9999988 621.7601 1243.519 2092.767 2427.587 2764.647 2246.968 67 
1 0.08189931 0.4537 0.4133348 0.5250785 0.6867986 0.9996806 0.9992146 1233.426 2466.853 3386.086 3957.108 4217.428 2984.085 67 
0.9999952 0.2092856 0.2195623 0.3330743 0.2565058 0.3703245 0.4367585 0.9999995 549.6562 1099.31 1381.613 1684.638 1909.671 1650.251 67 
0.1231854 1 0.557985 0.1387216 0.2591023 0.3213602 0.5069652 1 115.0002 129.1665 200.9105 194.749 205.9912 829 68 
0.1720632 0.5250854 0.5641758 0.1111262 0.2034795 0.2846898 0.5058805 1 163.7856 191.967 299.6058 348.6275 437.5917 1473.87 68 
1 0.258069 0.149359 0.2980596 0.3341434 0.3067955 0.8169442 1 403.1405 806.281 1123.52 1317.467 1675.471 1352.55 68 
1 0.1013402 0.3864838 0.3878659 0.4686597 0.9210797 0.9999259 0.9998931 927.7627 1855.525 2541.739 3258.331 3319.726 2391.968 69 
0.1120708 0.7750333 0.622346 0.1298107 0.2004514 0.3196149 0.4990869 0.9999997 132.8985 147.7926 195.1431 249.5343 269.845 1023.787 69 
0.9053691 0.1224908 0.3445887 0.3159477 0.4248914 0.2747399 0.9999895 0.9999984 800.1413 1524.565 2116.363 2189.813 2705.159 2532.512 69 
0.999995 0.09787261 0.32381 0.4151086 0.4015357 0.3662324 0.5737064 0.9999995 1113.901 2227.797 2857.994 3201.977 3543.483 2683.397 70 
0.8695153 0.1470872 0.2848627 0.3210268 0.3043499 0.4303391 0.9999997 0.9999739 741.1524 1385.596 1681.878 1931.686 2300.823 2308.694 70 
0.9999959 0.1239595 0.3241187 0.3886823 0.3343272 0.4070053 0.5410159 0.9999998 863.384 1726.764 2180.749 2548.646 2838.636 2221.31 70 
1 0.1480399 0.2871957 0.2974936 0.34346 0.4462451 0.08499906 1 621.6146 1243.229 1747.391 2177.451 2222.812 2089.506 71 
1 0.09433256 0.4000548 0.3245281 0.5023285 0.3778356 0.6376217 1 869.43 1738.86 2647.888 2988.167 3345.44 2679.059 71 
1 0.1410439 0.2830754 0.2789532 0.3062811 0.5531571 0.4542512 1 588.5924 1177.185 1643.164 2226.984 2441.215 2110.004 71 
0.9999962 0.0995981 0.3330402 0.3947666 0.3049429 0.3049274 0.4385845 1 1064.472 2128.939 2626.594 2972.47 3318.256 2696.458 72 
0.2084407 0.5916319 0.4633293 0.1136913 0.1814905 0.2773946 0.5441233 1 148.7464 179.7513 247.9221 314.9621 438.8382 1308.337 72 
0.9999879 0.1166084 0.2770371 0.3766213 0.4712331 0.2216553 0.6335656 0.9999999 866.3358 1732.661 2408.364 2576.399 2950.273 2300.283 72 
0.9999957 0.111636 0.3088293 0.3860153 0.3936609 0.4471325 0.5720151 0.9999995 922.864 1845.724 2423.564 2821.516 3102.976 2390.745 73 
1 0.1365949 0.2402644 0.3279476 0.4082561 0.6037857 0.3476574 0.9999997 659.0606 1318.121 1869.508 2352.056 2462.144 2009.652 73 
1 0.2180852 0.1914538 0.2908046 0.243191 0.5349406 0.5968778 1 440.3455 880.6909 1141.85 1576.611 1802.21 1514.231 73 
0.9621265 0.09759707 0.3359526 0.3790288 0.4537841 0.2697647 0.999958 1 1055.549 2071.121 2777.422 2927.048 3505.932 2784.878 74 
1 0.1463255 0.2459761 0.3769287 0.2272757 0.528687 0.1906253 1 745.098 1490.196 1770.123 2273.294 2358.801 1976.761 74 
0.9999959 0.1612333 0.2264783 0.3266766 0.4183256 0.2975707 0.4271079 0.9999996 601.791 1203.579 1722.453 1937.141 2153.59 1842.161 74 
0.9999972 0.09038299 0.3352767 0.3898363 0.3985198 0.3494246 0.3788873 0.9999998 1161.924 2323.844 3048.593 3430.807 3700.429 2980.543 75 
1 0.1698547 0.2662556 0.3283411 0.3370493 0.5011955 0.3136507 0.9999997 600.6645 1201.329 1615.471 2023.737 2151.179 1829.392 75 
1 0.1436741 0.2578595 0.310098 0.4646794 0.3202972 0.409308 1 633.5237 1267.047 1921.992 2163.66 2373.57 2042.979 75 
0.9999993 0.204127 0.184622 0.329436 0.280611 0.39105 0.2566841 0.9999999 534.127 1068.254 1373.336 1679.186 1801.438 1621.338 76 
1 0.1340312 0.3133302 0.3531675 0.5420221 0.6469188 0.9999372 0.9999684 686.5815 1373.163 2054.748 2427.309 2630.636 1944.068 76 
1 0.1609837 0.2905405 0.3785833 0.2544292 0.519603 0.4779294 0.9999995 702.1271 1404.254 1697.481 2143.957 2341.24 1854.617 76 
0.1775235 0.430748 0.6738907 0.1271079 0.2334298 0.3394438 0.5182179 1 227.5146 267.9038 412.2741 479.7412 495.1535 1789.933 77 
0.8864809 0.1002217 0.4241289 0.3011232 0.2751263 0.4825918 1 1 938.013 1769.544 2167.626 2683.125 3195.047 3115.047 77 
0.9999959 0.1645403 0.2592557 0.3203634 0.4171524 0.3593918 0.5809352 0.9999997 565.3711 1130.74 1631.072 1882.306 2142.46 1764.781 77 
1 0.07938658 0.4085376 0.4311482 0.609454 0.212437 0.3321453 0.9999996 1373.24 2746.481 3850.712 4001.033 4186.133 3185.077 78 
0.9999912 0.118919 0.2291483 0.3610513 0.2857686 0.3095191 0.2202144 0.9999998 891.5411 1783.074 2233.93 2582.701 2754.025 2469.292 78 
0.2122735 0.4034153 0.5640968 0.1393585 0.2108098 0.3028847 0.4960456 1 260.2835 315.5348 405.8445 470.3829 538.5255 1867.727 78 
1 0.1920183 0.2012253 0.2804751 0.269751 0.304601 0.5714749 1 479.2613 958.5226 1290.178 1563.658 1920.459 1708.748 79 
1 0.1602812 0.3066857 0.3238708 0.4476239 0.4330843 0.7673473 0.9999997 580.3895 1160.779 1703.143 1993.001 2284.155 1792.04 79 
1 0.1311107 0.3172472 0.3023422 0.3538502 0.4496436 0.3821181 0.9999994 678.9649 1357.93 1912.313 2367.503 2580.399 2245.684 79 
0.9999978 0.09441519 0.3012548 0.4776964 0.4910374 0.7694506 0.9988516 0.9968618 1197.087 2394.171 3036.87 3549.445 3702.846 2505.957 80 
0.8392889 0.1504949 0.2530384 0.2547748 0.3324319 0.4261088 1 0.9999998 591.4609 1087.867 1488.157 1741.116 2124.099 2321.504 80 
0.9999741 0.1354539 0.3013456 0.3724824 0.2856754 0.2912818 0.6898542 0.9999997 790.1158 1580.211 1960.433 2237.344 2702.162 2121.217 80 
0.9999913 0.1034178 0.342757 0.430105 0.2981816 0.3318519 0.2843694 0.9999997 1160.556 2321.102 2779.611 3137.729 3342.754 2698.308 81 
0.9999987 0.1658806 0.2693746 0.3547334 0.2846464 0.4213908 0.5536906 1 651.2332 1302.465 1639.657 1996.747 2268.23 1835.838 81 
0.9999964 0.1317218 0.2411 0.3733231 0.3211519 0.4146179 0.6537761 0.9999999 820.1022 1640.201 2082.313 2469.783 2827.432 2196.762 81 
1 0.1706746 0.3028594 0.3461354 0.3157388 0.5482907 0.6544381 0.9999996 591.9412 1183.882 1536.942 1956.463 2182.651 1710.144 83 
1 0.1379889 0.3044364 0.30676 0.3640964 0.4490789 0.2425305 0.9999997 666.8667 1333.733 1882.44 2312.806 2440.854 2173.904 83 
0.9999999 0.09339033 0.3966365 0.3884293 0.4038773 0.5728547 0.6895435 0.9999999 1006.753 2013.506 2653.693 3194.992 3473.303 2591.856 83 
0.9999997 0.1148273 0.3610682 0.343295 0.3186613 0.4305186 0.3623484 0.9999995 827.4976 1654.995 2159.422 2623.749 2846.304 2410.457 84 
0.9999958 0.1404446 0.3254705 0.3813523 0.4238667 0.3536301 0.6983255 0.9999999 754.9361 1509.869 2028.969 2278.477 2596.953 1979.629 84 
1 0.08677694 0.3628225 0.4535137 0.3318065 0.2603051 0.6286689 1 1325.458 2650.915 3180.871 3458.676 3954.961 2922.641 84 
0.9999932 0.1405929 0.3173202 0.406625 0.4421001 0.447967 0.9998551 0.9985117 789.7014 1579.397 2088.857 2376.848 2731.691 1942.088 85 
0.9999948 0.1507399 0.286263 0.3564634 0.2986261 0.4260111 0.5968555 0.9999998 683.4632 1366.923 1735.385 2104.051 2400.52 1917.345 85 
0.9999909 0.1228835 0.3127174 0.3688683 0.2923194 0.3891165 0.4703155 0.9999997 862.8302 1725.653 2157.188 2563.697 2863.838 2339.129 85 
0.9999997 0.1189325 0.2757381 0.4377405 0.376947 0.6047201 0.4975669 0.9999994 967.1517 1934.303 2402.571 2870.622 3022.849 2209.418 86 
1 0.1585208 0.2907256 0.3445082 0.2758499 0.5811708 0.4328691 0.9999992 637.3109 1274.622 1609.118 2119.449 2278.648 1849.915 86 
0.9999846 0.1298339 0.2388143 0.3467705 0.3619906 0.4017134 0.7219149 0.9999995 739.5922 1479.173 1983.478 2340.523 2724.405 2132.8 86 
0.9999731 0.1598624 0.2875143 0.3363225 0.3033761 0.4123216 0.8060638 0.9999999 613.1916 1226.367 1593.429 1940.948 2340.2 1823.225 87 
0.08427956 0.9999998 0.6389252 0.1339714 0.2030387 0.3119587 0.4861455 1 112.0001 121.4394 157.2349 193.2518 209.2869 836.0001 87 
0.9999988 0.1241506 0.2491547 0.3621965 0.4313735 0.3900059 0.5581556 1 773.4184 1546.836 2134.338 2436.369 2700.039 2135.356 87 
0.9999997 0.1288731 0.3331156 0.3296154 0.3492155 0.5932678 0.9997761 0.9987717 667.4879 1334.976 1809.057 2333.197 2692.457 2025.051 88 
0.9999936 0.137889 0.312573 0.3043779 0.3374541 0.3028693 0.5385603 0.9999999 652.8503 1305.696 1809.175 2108.559 2479.686 2144.867 88 
0.9999999 0.09807806 0.3549159 0.340862 0.4690536 0.3041387 0.2353237 0.9999999 907.6304 1815.261 2638.506 2921.925 3074.521 2662.75 88 
0.2041166 0.434603 0.5664343 0.1420382 0.2377337 0.3183531 0.5291066 0.9999999 246.2056 296.4603 414.0631 445.4087 499.7711 1733.377 89 
1 0.1209517 0.3443832 0.3947658 0.5294237 0.8692852 0.9999631 0.9999489 802.167 1604.334 2255.441 2758.526 2834.172 2032.008 89 
0.9999998 0.1074015 0.3825877 0.353921 0.3998088 0.335962 0.2963723 0.9999997 912.6282 1825.256 2491.335 2827.267 3024.053 2578.621 89 
1 0.1776404 0.2413152 0.2992925 0.3735573 0.2882173 0.1255202 1 557.4583 1114.917 1602.457 1838.1 1911.146 1862.587 90 
0.9999862 0.1018552 0.3382782 0.4330941 0.3634132 0.3922976 0.5539039 0.9999992 1050.723 2101.432 2601.228 2944.663 3239.336 2426.085 90 
1 0.1295496 0.3181044 0.3359037 0.4333948 0.380009 0.1856703 0.9999999 764.345 1528.69 2183.612 2508.984 2607.547 2275.489 90 
0.123113 0.6804304 0.5290614 0.1293119 0.2009156 0.2686068 0.5281104 0.9999999 149.9076 168.3632 223.5247 244.1682 341.6019 1159.272 91 
0.999982 0.1074403 0.3719701 0.3515516 0.4100464 0.2510224 0.6608605 0.9999997 875.0454 1750.075 2411.879 2650.863 3122.132 2489.095 91 
1 0.1310205 0.3205999 0.4127482 0.3305539 0.6622822 0.4256038 0.9999996 855.042 1710.084 2112.216 2651.585 2768.643 2071.583 91 
0.9999903 0.1792176 0.2254034 0.3067937 0.3203583 0.2899013 0.2994082 0.9999996 563.7116 1127.418 1535.453 1786.397 1970.43 1837.429 92 
0.9999978 0.1790323 0.2182785 0.3085997 0.5066316 0.3169271 0.7257601 0.9999991 508.4261 1016.851 1593.953 1772.061 2050.665 1647.526 92 
0.09773466 1 0.5935382 0.1259259 0.2274004 0.2979883 0.5234379 1 102 111.9689 171.9427 179.8046 218.5737 810 92 
1 0.131238 0.3379469 0.3573322 0.424735 0.384623 0.3583478 0.9999999 746.9152 1493.83 2064.394 2361.621 2532.033 2090.255 93 
0.9999945 0.1837283 0.2541734 0.2991975 0.3117384 0.3041385 0.4156482 0.9999996 528.0951 1056.187 1441.784 1700.702 1946.929 1765.039 93 
0.9999989 0.1303962 0.2828486 0.3671152 0.2783423 0.5082133 0.5910023 0.9999999 790.1111 1580.221 1959.351 2458.909 2744.604 2152.216 93 
0.9999759 0.1701306 0.2537927 0.3327128 0.4000028 0.1523468 0.3582918 0.9999996 623.2135 1246.412 1746.351 1860.561 2088.279 1873.127 95 
1 0.1363489 0.3359397 0.3457893 0.2586177 0.5159572 0.4665619 1 748.2561 1496.512 1862.625 2404.142 2641.165 2163.907 95 
0.9999987 0.2517099 0.1664404 0.2905047 0.2859197 0.4314615 0.632285 0.9999997 409.3504 818.7002 1104.548 1412.567 1669.198 1409.101 95 
1 0.1332053 0.2586667 0.3298251 0.3704967 0.3046267 0.7329718 0.9999996 690.815 1381.63 1901.686 2170.86 2621.23 2094.489 96 
1 0.09894897 0.4021292 0.4251694 0.3338212 0.7936028 0.9999097 0.9999215 1061.363 2122.725 2601.748 3360.388 3557.674 2496.329 96 
0.9999999 0.1088293 0.3191471 0.3769734 0.3970425 0.7182726 0.9998847 0.9995946 873.1158 1746.231 2319.165 2944.113 3189.207 2316.12 96 
0.9999946 0.1107616 0.3783411 0.3204736 0.352828 0.3484079 0.5222131 0.9999997 821.7467 1643.489 2258.253 2651.121 3034.81 2564.164 97 
1 0.1002624 0.3341155 0.3241222 0.2660487 0.5630013 0.104736 1 877.8696 1755.739 2242.764 2999.189 3060.683 2708.453 97 
1 0.1128542 0.3516735 0.281457 0.305337 0.5307152 0.3726214 0.9999997 717.8849 1435.77 1995.366 2671.031 2893.656 2550.602 97 
0.9999991 0.1765721 0.2512216 0.3910069 0.3031943 0.5473174 0.8271006 0.9999998 651.4838 1302.967 1610.613 1997.586 2262.31 1666.17 98 
1 0.1781905 0.2783308 0.3834911 0.2941238 0.5022921 0.4524101 0.9999994 628.7252 1257.45 1554.737 1913.105 2073.755 1639.478 98 
0.103532 0.7634928 0.6523971 0.1337518 0.2221054 0.3310567 0.4931462 1 141.4569 156.1022 219.6435 258.6738 261.881 1057.607 98 
1 0.1134704 0.3089802 0.3740847 0.5471783 0.1049221 0.7875198 1 846.2242 1692.448 2467.195 2534.466 2986.405 2262.119 99 
0.9999946 0.1303497 0.2886619 0.3608198 0.3124326 0.357533 0.7702465 0.9999999 798.032 1596.06 2037.733 2385.246 2866.237 2211.719 99 
0.9999988 0.187872 0.1980586 0.3110202 0.308264 0.4094686 0.42607 0.9999996 537.7635 1075.526 1442.75 1780.168 1987.501 1729.031 99 
1 0.137604 0.2742792 0.3604406 0.3337385 0.5623433 0.5298766 0.9999999 719.6293 1439.259 1865.408 2343.821 2541.112 1996.527 100 
0.9999942 0.06815771 0.3953586 0.4381899 0.3722362 0.3678334 0.4656837 1 1614.125 3228.24 3998.562 4476.411 4858.842 3683.619 100 
0.9999814 0.1270459 0.3240428 0.3596783 0.352304 0.2417786 0.6008216 0.9999998 803.012 1606.009 2109.623 2333.454 2755.222 2232.584 100 
