0.0004443741 0.02406851 0.06405105 0.05136082 0.1170593 2.73507e-06 NaN 0 185.7146 258.6557 2.005501 3.912732 6.187243 1 
2.806893e-12 0.1276377 0.04725055 0.07225025 0.07497626 0.09912806 0.1853749 2.716921e-14 96.40188 121.6242 114.3964 96.63809 6.872012e-05 1 
0.0003467893 0.02494473 0.05778342 0.05703897 0.1258561 NaN 2.549774e-05 0 171.0037 186.264 1.475003 2.790276 4.353359 1 
0.0002185898 0.02082968 0.06123997 0.04829416 0.1008417 NaN 2.453301e-08 0 161.3767 191.3054 0.8429634 1.67254 2.708437 2 
2.570193e-07 0.1054754 0.05382208 0.06554452 0.07128487 0.1122589 0.176524 1.245258e-05 98.99327 122.1778 126.6006 89.89125 0.001045792 2 
3.213313e-05 0.1143208 0.05548597 0.0732196 0.09234833 0.1065877 0.1687061 1.020642e-05 113.621 154.8571 127.1792 101.2011 0.1376566 2 
1.249322e-07 0.06343612 0.05883939 0.0537291 0.0814135 0.1247185 0.2139998 2.927209e-05 100.2157 135.6632 130.0656 109.2288 0.0006774026 3 
NaN 0.03568688 0.07415573 0.05469302 0.09164919 0.1470994 0.268609 3.203507e-05 159.9429 192.1843 207.0615 216.2309 0 3 
4.854801e-18 3.384519e-05 0.004682178 0.01122729 0.01522672 0.01960772 0.02547538 2.027515e-22 9.16147 13.13838 14.25981 12.22442 1.427194e-10 3 
0.001679624 0.2878897 0.03033672 0.06237252 0.05376937 0.04592261 0.06877654 2.141304e-05 61.87188 85.08556 72.55803 52.13639 3.044892 4 
8.162936e-11 0.2676889 0.03391631 0.09430806 0.05415457 0.05115635 0.1063084 3.352509e-05 99.92313 107.2673 77.58769 68.86882 1.291971e-05 4 
NaN 0.0671482 0.03143122 0.05194981 0.07100438 0.1103052 0.01537581 0.2884255 71.32681 85.3216 80.30138 0 0 4 
0.0001582845 0.01540244 0.07303683 0.05767278 0.1483945 NaN 0 0 249.312 306.72 0.8564882 2.014144 3.063944 5 
0.0001918987 0.01577639 0.07315787 0.05137845 0.1254558 NaN 0 0 229.355 313.9766 1.094987 2.255847 3.502306 5 
4.749251e-07 0.3256891 0.02084464 0.0698959 0.03202139 0.0486524 0.05027239 2.53171e-05 64.36578 66.44277 64.37117 36.63957 0.0008489555 5 
1.211543e-06 0.1611227 0.04922761 0.0796535 0.0764196 0.09414991 0.1336937 9.71609e-06 101.3611 127.5198 115.8931 75.47544 0.0039381 6 
0.0002053482 0.0199289 0.0593492 0.04992188 0.1069848 NaN NaN 0 170.1496 200.0095 0.8493003 1.673273 2.680201 6 
0.0001458382 0.01508455 0.07559996 0.05083992 0.1155222 NaN 0 0 249.6423 300.6887 0.4019144 1.79071 2.834674 6 
7.837433e-10 0.05452631 0.06625598 0.05565657 0.08079799 0.1313977 0.2396043 2.157663e-05 126.8449 157.521 168.2879 155.0525 0.000194489 7 
0.0002422274 0.02895356 0.04184461 0.05396679 0.1100727 NaN 0 0 117.7245 132.2779 0.7261132 1.345594 2.121282 7 
5.41704e-07 0.5555999 0.05883281 0.1580523 0.1952573 0.08918094 0.1840998 1.661058e-05 164.6375 271.5672 213.638 146.701 0.001185334 7 
0.000185568 0.01773974 0.06172713 0.05544598 0.1357826 NaN NaN 0 218.8695 275.0171 0.9375593 2.054608 3.155544 8 
0.0001395963 0.0187083 0.05071844 0.04950287 0.1076906 NaN NaN 0 143.7436 170.4464 0 0.9934648 1.580202 8 
5.679431e-08 0.1444598 0.04806761 0.08122571 0.06949689 0.1144476 0.1568484 3.61601e-05 110.6304 127.0645 132.0373 86.10282 0.0002066599 8 
0.0001843228 0.01909517 0.05879694 0.05353481 0.1231346 NaN 0 0 194.7664 235.8545 0.8024296 1.777494 2.770939 9 
0.0002673193 0.0204177 0.06590286 0.051121 0.1118881 NaN 0 0 180.9848 220.1448 1.2259 2.340443 3.710427 9 
0.0001795891 0.01638602 0.07752782 0.04987568 0.112421 NaN 0 0 258.1692 328.1151 1.097345 2.277754 3.614476 9 
NaN 0.08132712 0.05569695 0.06173185 0.07976915 0.1106206 0.1648587 3.653736e-05 108.4394 136.5121 116.4662 98.82928 0 10 
7.820977e-05 0.0278403 0.04926237 0.05345648 0.1108895 NaN 0 0 132.5579 154.4627 0.3294629 0.4903145 0.7734825 10 
0.0005405369 0.03632932 0.03528685 0.05370248 0.1009762 NaN 0 0 122.3073 140.8305 1.589674 2.92518 4.68626 10 
0.0003843422 0.01605934 0.09213616 0.0548936 0.1296451 NaN 0 0 295.3384 349.3979 2.944294 5.512951 8.598322 11 
0.0002379519 0.02463786 0.05192702 0.06523133 0.1715595 NaN 0 0 185.7997 216.1463 1.198385 2.17193 3.247609 11 
8.015068e-05 0.01910947 0.06527008 0.05096592 0.119618 NaN 0 0 199.8356 277.8798 0 0.78312 1.231365 11 
9.610194e-05 0.02239137 0.05235831 0.05684987 0.1313204 NaN 0 0 162.0475 185.1922 0.3926064 0.7677603 1.183471 12 
0.0001263096 0.01802415 0.06743756 0.0610599 0.1625203 NaN 0 0 239.1707 289.11 0.7732916 1.530005 2.303709 12 
0.0003134489 0.0081244 0.1327473 0.05714882 0.1555747 NaN 0 0 609.5164 806.4709 5.277842 9.868114 14.96141 12 
0.000280825 0.02316139 0.05790292 0.05151876 0.1097244 5.354675e-11 0 0 155.8351 184.3114 1.144191 2.092737 3.32357 13 
5.900839e-05 0.02103613 0.05741714 0.05901513 0.1419137 NaN NaN 0 174.4498 188.4399 0 0.5013556 0.7705307 13 
0.00020289 0.0189678 0.05778756 0.05262106 0.117559 NaN 0 0 179.1655 202.2682 0.6295401 1.757853 2.776778 13 
0.004924332 0.03015873 0.06892044 0.06090644 0.1342669 0.0005283469 NaN 0 191.138 226.4919 23.25476 42.82391 66.04227 14 
0.0001873509 0.03450384 0.0389243 0.05503737 0.1113248 1.031846e-06 0 0 108.4496 131.618 0.5032288 0.9424424 1.479176 14 
5.635133e-05 0.02013291 0.05365869 0.0538399 0.1225014 NaN 0 0 160.3464 184.3045 0 0.4502293 0.7012261 14 
0.0001998596 0.01875759 0.0602984 0.05579362 0.1335314 NaN 0 0 230.7456 280.5394 1.133852 2.29622 3.539988 15 
0.0001209565 0.01565834 0.05969865 0.05034698 0.1141162 NaN 1.054528e-05 0 203.1256 248.17 0 1.225388 1.935844 15 
0 0.0672521 0.0656369 0.05546467 0.07779678 0.1151162 0.1588326 9.58056e-06 117.7372 151.4404 127.6469 137.5742 2.329732e-06 15 
3.425134e-08 0.1648938 0.04559918 0.07639396 0.07370048 0.09877488 0.1372023 5.487674e-05 93.77358 119.7481 115.0726 69.90323 0.0001081559 16 
0.0002197531 0.01774543 0.07140806 0.05347868 0.1240098 NaN 0 0 219.0036 263.5031 1.067991 2.386234 3.721659 16 
9.482041e-13 0.1500686 0.05497406 0.08402682 0.07727318 0.1311015 0.1872017 3.530829e-05 126.3636 153.5291 162.7407 93.43541 2.700299e-05 16 
0.0002629374 0.01940372 0.06241461 0.05194521 0.1139186 NaN 0 0 173.5064 200.0869 0.9584505 2.175782 3.456683 17 
0.0001912853 0.01968537 0.05225178 0.05333906 0.1202935 NaN 0 0 153.487 178.1138 0.3776218 1.446452 2.263238 17 
1.42456e-11 0.02178351 0.04930213 0.05625835 0.1368149 6.88152e-06 0 0 142.3215 177.9989 0.003081111 1.032367e-07 1.576691e-07 17 
7.804083e-05 0.02019714 0.05586808 0.05965045 0.1477224 NaN 2.306568e-12 0 191.6047 220.9267 0.1954882 0.7431289 1.131184 18 
0.0002411876 0.02194799 0.05081783 0.04797111 0.1087446 NaN 4.118657e-05 0 134.4323 189.3703 0.6742393 1.607446 2.5549 18 
2.443441e-05 0.02953239 0.03650763 0.0506343 0.09877201 5.323218e-10 0 0 103.5392 113.9615 0.06643804 0.119969 0.1920797 18 
7.91766e-05 0.02156136 0.0593106 0.05499422 0.1259715 NaN 0 0 186.3779 231.2868 0 0.7113124 1.107326 19 
0.0001947622 0.02241657 0.0563549 0.04986014 0.1052752 0.0001946515 0 0 147.3617 174.145 0.7462233 1.390761 2.219849 19 
0.0001943973 0.01945575 0.05833128 0.05181144 0.1157502 NaN NaN 0 166.4535 201.6337 0.6077933 1.593266 2.50657 19 
6.40937e-05 0.01498338 0.07346265 0.05960717 0.1598458 NaN 0 0 266.3885 317.6337 0 0.8822823 1.331003 20 
5.965896e-05 0.02251237 0.05915925 0.05700076 0.1313423 NaN 0 0 177.0736 188.2145 0.316868 0.5110092 0.7932701 20 
0.0003504541 0.02108855 0.06409442 0.05128399 0.1243524 NaN NaN 0 167.2742 237.6953 1.511978 2.95025 4.592104 20 
0.0002748541 0.0299394 0.05212701 0.05517979 0.1139734 3.660678e-06 0 0 148.3457 173.293 1.028764 1.892515 2.975337 21 
0.0002775967 0.0230303 0.05196983 0.04708351 0.098841 NaN NaN 0 124.9662 161.5297 0.8669567 1.676922 2.707514 21 
NaN 0.03525513 0.07074509 0.04753331 0.08590971 0.1500263 0.3033233 2.448365e-05 123.7237 173.9779 187.127 199.1162 0 21 
0.0001615473 0.01779398 0.05780009 0.04789941 0.1104048 NaN 3.552412e-06 0 162.0613 225.3685 0.1608745 1.323867 2.096182 22 
0.09366522 0.03923556 0.07530975 0.0554418 0.08020746 0.1354176 NaN 0.08239976 144.1626 242.3853 330.406 319.9167 497.8666 22 
0.0002893601 0.02389372 0.05520545 0.05112258 0.1108115 0.0006961296 0 0 162.3208 206.3718 1.299224 2.253311 3.571021 22 
0.105414 0.0500721 0.07027017 0.06149597 0.08564371 0.1230308 0 0 134.3359 226.9712 308.4353 389.4799 NaN 23 
0.0001920419 0.01818755 0.06069693 0.05332809 0.1244359 NaN NaN 0 191.0239 237.664 0.7291057 1.830042 2.846849 23 
0.0003037426 0.02470198 0.051456 0.0454247 0.09978842 NaN NaN 0 119.2054 172.594 0.8282447 1.763461 2.853785 23 
NaN 0.02699718 0.07049176 0.05965651 0.1301676 0.2817037 NaN NaN 162.3482 200.0365 201.4101 0 0 24 
0.0002400793 0.01906553 0.07845456 0.05089806 0.1111138 NaN 0 0 225.8824 264.2611 1.444506 2.588821 4.131912 24 
0.0001368039 0.01484443 0.06288426 0.04878901 0.1167731 NaN NaN 0 196.5296 277.2413 0 1.377048 2.162063 24 
NaN 0.08535867 0.05498255 0.0674676 0.07499337 0.1043256 0.1542281 3.548971e-05 111.555 123.822 104.8034 88.88405 0 25 
3.680781e-08 0.05837895 0.0677029 0.0653931 0.102681 0.1712482 0.3177848 4.765203e-05 142.7869 187.5291 184.4795 159.5826 0.0002700266 25 
0.0005484127 0.02237488 0.07604128 0.05543731 0.125852 NaN 0 0 207.7816 252.2785 2.935005 5.467523 8.513219 25 
0.000236679 0.02848571 0.03968534 0.04931094 0.09783173 1.701379e-07 0 0 108.1292 127.2251 0.6654396 1.227967 1.968724 26 
0.0001880851 0.0199513 0.06466638 0.0502879 0.1114089 NaN 0 0 199.741 251.2346 0.8915687 1.849347 2.926849 26 
NaN 0.02047368 0.0566363 0.05731632 0.1436026 NaN 0 0 178.43 227.1049 0 0 0 26 
0.000191071 0.0201802 0.055628 0.04685044 0.1077542 NaN NaN 0 150.9146 217.6289 0.6399882 1.448313 2.306112 27 
NaN 0.04608225 0.06202931 0.05691776 0.08563154 0.1395044 0.2646034 1.179174e-05 114.9912 133.5349 144.9359 135.0951 0 27 
0.0001848094 0.02120922 0.05244269 0.0506828 0.1112731 NaN 3.125737e-06 0 147.0375 182.5673 0.5532038 1.340944 2.116918 27 
7.283443e-05 0.0183443 0.06184699 0.05646194 0.1356853 NaN 3.315906e-05 0 198.9676 226.1106 0.2433632 0.722742 1.114088 28 
0.2823226 0 0.06688942 0.01153803 0.01496914 0.01931587 0.02505384 1.365531e-13 9.576562 31.58224 48.914 68.83636 88.4679 28 
0.0004392706 0.0331924 0.04143287 0.04907726 0.097985 NaN 0 0 112.3013 146.481 1.158864 2.269865 3.668697 28 
2.822892e-10 0.2820639 0.04627384 0.1165221 0.08499722 0.1090265 0.1196726 2.365885e-05 127.0677 150.2861 138.5937 68.14336 6.100132e-06 29 
0.0002514089 0.02267992 0.05048303 0.05011067 0.1082693 NaN 2.372374e-08 0 130.1868 163.8362 0.7852423 1.599305 2.536159 29 
0.0001024271 0.02501307 0.04499627 0.05483716 0.1201139 NaN 0 0 133.0859 153.12 0.3549679 0.6706862 1.042116 29 
0.0001908735 0.01936543 0.06029964 0.05233786 0.1180085 NaN 0 0 180.796 221.5026 0.6878096 1.693244 2.658421 30 
0.0003383735 0.01780992 0.07538444 0.05826854 0.1455732 9.795432e-12 2.592393e-05 0 246.556 301.2554 2.256305 4.139854 6.323705 30 
0.0006267288 0.02449019 0.07461301 0.05978414 0.1414384 0.0001819788 0 0 205.9779 249.0468 3.266822 6.157195 9.431504 30 
0.0002119941 0.02051512 0.05692374 0.05457692 0.1255358 NaN 0 0 188.282 225.0686 0.959836 1.973282 3.064246 31 
NaN 0.06390417 0.05962925 0.06477803 0.08025633 0.1188084 0.1956341 2.456615e-05 126.0837 134.48 132.7214 119.6377 0 31 
0.0002351759 0.02180756 0.05855561 0.05131741 0.111028 NaN 0 0 157.5513 189.8736 0.8623969 1.788928 2.835019 31 
0.0002446031 0.0215803 0.06590758 0.0510607 0.1108597 NaN 0 0 195.5243 239.3997 1.191219 2.299881 3.651531 32 
0.0003485394 0.02461653 0.06293604 0.05750215 0.1302208 NaN 0 0 193.0408 196.2291 1.784845 3.12895 4.900803 32 
NaN 0.02614281 0.07432426 0.05588562 0.1160029 0.2028827 NaN 0.04032137 176.007 201.5916 208.8913 0 0 32 
7.773236e-05 0.04417452 0.06826357 0.050515 0.0842249 0.1364795 0.2161407 6.141528e-06 133.6114 178.9659 177.7445 178.5839 0.6146893 33 
0.0001062836 0.01991617 0.06464163 0.05964363 0.150413 NaN 0 0 203.808 247.2021 0.5045504 1.078228 1.637138 33 
NaN 0.04078942 0.06331259 0.05657291 0.1055581 0.2027088 0.02177395 0.1771253 134.1856 169.1713 149.3397 0 0 33 
0.007307305 0 0.004247771 0.01178825 0.01543175 0.01987032 0.02573163 8.382821e-05 9.560268 13.25801 14.38439 12.64667 8.892671 34 
0.0002864896 0.02689506 0.04018115 0.05412336 0.118158 NaN 0 0 115.4654 141.6827 0.8228822 1.612572 2.511225 34 
NaN 0.212929 0.04945123 0.09933693 0.08627207 0.1021828 0.235188 NaN 118.7286 149.5615 138.9127 119.8401 0 34 
0.0001493526 0.02023331 0.06888034 0.05800509 0.1437405 NaN 0 0 235.9978 291.9357 0.8969787 1.759917 2.684856 35 
7.987951e-10 0.04858213 0.05026266 0.05684263 0.09854033 0.1922914 NaN 0.09747377 111.5032 144.2116 147.0055 0 0 35 
0.0001956438 0.01915668 0.06254325 0.05039788 0.1094752 NaN 5.445714e-06 0 177.8003 207.625 0.7581609 1.678744 2.678154 35 
0.0002491257 0.01657163 0.07381196 0.05506491 0.1373443 NaN 8.332912e-06 0 281.8172 371.5217 1.699747 3.531885 5.429116 36 
0.000244897 0.01973534 0.06713677 0.05719723 0.1360932 NaN 0 0 225.9798 257.2568 1.477588 2.715466 4.18855 36 
NaN 0.0464834 0.04779102 0.04663028 0.06214599 0 NaN 0 95.70709 98.34765 98.34765 0 0 36 
3.559985e-05 0.02353367 0.0536618 0.05426012 0.1264996 NaN 0 0 152.6462 198.9809 0.09069067 0.267546 0.4145856 37 
0.0003128022 0.0180583 0.07372964 0.05652889 0.1359917 NaN NaN 0 251.213 305.7213 2.039458 3.853577 5.944734 37 
0.0001633988 0.01240901 0.08292605 0.05261133 0.13051 NaN 0 0 285.5211 378.3353 1.077384 2.398771 3.707787 37 
0.000224169 0.02486647 0.05090389 0.05096301 0.1052667 6.982665e-07 0 0 131.8054 143.5043 0.7935885 1.412607 2.256667 38 
0.0002517918 0.02166064 0.0570777 0.05042381 0.113326 NaN 3.120453e-05 0 160.641 212.6293 0.9739221 1.989793 3.13869 38 
NaN 0.05532492 0.04879411 0.05057425 0.07870041 0.1260014 NaN NaN 94.56153 114.4427 101.4821 0 0 38 
8.896613e-08 0.01531726 0.05916335 0.06246177 NaN 1.04593e-10 0 0 216.8265 0 0.0005747171 0.001075119 0.001575523 40 
1.817178e-06 0.1528238 0.05554619 0.06940685 0.06726664 0.1034623 0.1702857 3.920259e-05 103.1795 134.1749 145.4751 118.4641 0.006210938 40 
0.0005171961 0.03188106 0.04986996 0.05068003 0.1044276 2.432628e-07 0 0 140.7219 185.9633 1.725464 3.318928 5.330208 40 
0.0002272156 0.02077503 0.05326802 0.05872129 0.1442127 NaN 5.309839e-05 0 167.4258 198.1451 0.9388227 1.905983 2.90194 41 
0.0001753952 0.02014022 0.06332532 0.04480521 0.09661356 NaN 0 0 166.7486 232.0565 0.6169725 1.406009 2.298115 41 
2.928048e-06 0.273333 0.04713423 0.09816126 0.05024279 0.0565318 0.08226122 3.323289e-05 115.4058 118.6087 96.05242 63.77531 0.007826102 41 
0.000412767 0.01938852 0.08312691 0.05343236 0.1221703 NaN 0 0 236.3285 292.8371 2.608203 4.738223 7.417982 42 
0.0001578504 0.02015282 0.05926898 0.04645692 0.09739858 NaN 0 0 163.425 205.3783 0.5742194 1.240502 2.016956 42 
4.316987e-06 0.06730219 0.06392355 0.06136695 0.07518286 0.12623 0.2300208 1.980179e-05 127.9455 145.2891 163.8877 141.3501 0.02682288 42 
0.0001450846 0.01457267 0.06585741 0.04981534 0.1171737 NaN NaN 0 206.4502 276.9714 0 1.518517 2.384375 43 
5.12229e-10 9.40703e-06 0.004136234 0.01068104 0.01597497 0.0193659 0.02531816 0 8.726413 13.40646 14.2766 12.16275 5.731834e-07 43 
0.0003176632 0.02901168 0.04128957 0.04681829 0.09448895 NaN 0 0 106.4257 139.4834 0.8110894 1.586231 2.583124 43 
0.0002779311 0.02846092 0.04987652 0.04380931 0.09609141 NaN NaN 0 121.2133 185.5375 0.7842254 1.59127 2.617988 44 
0.0002760301 0.02315248 0.05178287 0.04737405 0.1036477 NaN NaN 0 142.3939 197.9749 0.8657323 1.888011 3.038664 44 
0.0001563565 0.01896868 0.0580821 0.04474162 0.09610276 NaN NaN 0 153.6673 209.0069 0.2169895 1.170923 1.90929 44 
NaN 0.01387301 0.08900903 0.05793548 0.1511702 NaN 0 0 329.26 402.1877 0.103456 0 0 45 
0.0001759773 0.02389118 0.04449772 0.04877537 0.09955514 NaN NaN 0 122.1722 138.1675 0.5040717 1.037263 1.669519 45 
0.0003642276 0.02119336 0.06525211 0.05136772 0.1151409 NaN NaN 0 171.3702 224.7266 1.519702 3.001655 4.742727 45 
6.081648e-05 0.02272933 0.05004307 0.05307642 0.118798 NaN 0 0 138.7235 171.6209 0 0.4161745 0.6495347 46 
4.694711e-05 0.01914181 0.06414875 0.05911721 0.1464307 NaN 0 0 191.9411 219.3545 0 0.4483157 0.6840019 46 
8.093952e-05 0.02382836 0.05057714 0.05970829 0.1425224 NaN 0 0 145.6754 147.4405 0.4028137 0.5732085 0.8806409 46 
0.0002313569 0.01925868 0.0611528 0.05367226 0.1246681 NaN 4.585519e-08 0 188.6202 235.8177 1.058424 2.158952 3.358918 47 
0.000300642 0.02204079 0.05591127 0.05153488 0.1189259 NaN 0 0 147.3548 198.4691 1.054451 2.190507 3.428616 47 
0.0003453306 0.01727746 0.0845905 0.05758477 0.1398451 0.0004237257 6.141531e-06 0 298.427 346.7252 2.783781 5.002006 7.720516 47 
0.0001068549 0.02470532 0.05012236 0.05685832 0.1280344 NaN 0 0 151.224 178.5609 0.3159061 0.778154 1.20396 48 
0.0002049697 0.02042688 0.05851043 0.05285098 0.1176751 NaN 3.499684e-05 0 161.2332 188.7301 0.8100999 1.618344 2.5406 48 
0.0001173264 0.02818815 0.04592574 0.05524982 0.1151244 6.398818e-05 0 0 131.4082 136.5444 0.3929641 0.7271352 1.143632 48 
5.856827e-07 0.09007932 0.0509946 0.08575806 0.09163769 0.1343334 0.2222067 3.385025e-05 138.6878 149.7979 135.3606 105.2503 0.003188034 49 
0.0002033456 0.02211768 0.05147413 0.05126123 0.1099685 NaN NaN 0 134.0044 156.8416 0.6120756 1.3253 2.099113 49 
0.0002162756 0.02332206 0.05726439 0.05663203 0.1346907 NaN 0 0 190.6043 240.9575 1.077622 2.029009 3.11794 49 
0.0003346394 0.02547272 0.05739154 0.05148047 0.1088149 NaN 0 0 168.2428 209.0535 1.403321 2.639767 4.204886 50 
0.0001124937 0.01988589 0.07345921 0.06433028 0.1731586 NaN 0 0 253.3442 287.1457 0.7784228 1.414263 2.121055 50 
0.0002198487 0.0195 0.06535214 0.05022331 0.1128291 1.005313e-10 0 0 187.8954 243.3913 1.078972 2.038746 3.220893 50 
7.238437e-05 0.02608709 0.04817693 0.05381881 0.1147176 NaN 0 0 133.8869 155.4014 0.1469876 0.4690647 0.7347303 51 
0.000223784 0.01939788 0.06420412 0.04886327 0.1203263 0.0005077992 0 0 178.0514 264.2581 0.9741023 2.051299 3.206464 51 
5.14293e-05 0.01976204 0.06362885 0.05675132 0.1347212 NaN 0 0 189.7395 227.2724 0 0.4789745 0.7382555 51 
0.0001711624 0.0217221 0.05114013 0.05532279 0.1280115 NaN 0 0 147.1321 172.5319 0.6691588 1.270479 1.957834 52 
0.0001885981 0.02239149 0.05386379 0.05538842 0.1307705 NaN 0 0 167.1539 213.5365 0.7588387 1.555598 2.400166 52 
0 2.728147e-05 0.004114547 0.01022019 0.01488155 0.01943792 0.02524558 1.462744e-21 8.24769 12.7206 14.19778 12.2855 8.553801e-15 52 
0.000218648 0.01801909 0.06222658 0.05482047 0.128315 NaN NaN 0 208.2713 250.56 0.7732076 2.233765 3.472052 53 
5.133046e-05 0.02283632 0.05065539 0.05354932 0.1211407 NaN 0 0 140.9701 173.6156 0.04967721 0.3610158 0.5607943 53 
7.626775e-05 0.01724542 0.0613886 0.0569493 0.1401616 NaN 0 0 194.8479 223.6862 0 0.7509284 1.151382 53 
3.283794e-15 3.743723e-05 0.004110574 0.01131847 0.01555561 0.0194624 0.02528614 7.169313e-05 9.11137 13.14256 14.17672 11.75084 1.06704e-05 54 
9.546395e-15 0.02929962 0.06077914 0.04611928 0.0710209 0 3.368959e-07 0 133.5447 141.5323 141.5323 0.0003088293 1.684794e-10 54 
0.000258172 0.02631617 0.05070775 0.04773833 0.1016471 NaN 0 0 131.9288 177.6523 0.8276026 1.648368 2.645456 54 
2.816915e-07 0.2573023 0.03577873 0.08148878 0.07272343 0.05438768 0.1097849 2.252033e-05 88.13787 117.5302 85.35175 73.51971 0.0006518471 55 
NaN 0.0699268 0.06359048 0.0564362 0.09472374 0.13399 0.2207744 6.476629e-05 111.8628 171.0366 145.8816 141.7277 0 55 
3.45129e-17 5.114443e-18 0.004715998 0.01103594 0.01531896 0.01910615 0.02498872 2.553502e-05 8.850824 12.96798 14.15942 12.37272 1.426841e-06 55 
9.374658e-11 0.09301071 0.06206561 0.06540576 0.0800092 0.1047713 0.1689572 2.160967e-05 116.9358 149.2065 124.5894 121.8487 1.358558e-05 56 
0.0008261351 0.02525322 0.07318876 0.05594154 0.1219615 NaN 0 0 191.3874 216.2206 4.162561 7.489537 11.70344 56 
0.0001756168 0.01691091 0.05908716 0.0509719 0.1185612 NaN 0 0 178.9951 235.1597 0 1.573871 2.466778 56 
NaN 0.2497366 0.04975496 0.09112745 0.06474835 0.08876266 0.1101715 1.980837e-05 104.486 124.4546 122.6639 82.34122 0 57 
0.0001947446 0.01986864 0.05993464 0.05018218 0.1112297 0.000626061 8.22924e-10 0 169.1828 212.8067 1.063759 1.63155 2.579116 57 
0.0002635197 0.02301117 0.06200068 0.05626101 0.1284401 NaN 0 0 203.8472 208.5199 1.411189 2.527034 3.968228 57 
1.952463e-09 0.03227464 0.03553059 0.05185297 0.1024577 5.010287e-05 0 0 104.9352 125.7295 0.03125695 1.53603e-05 1.942915e-05 58 
0.0002685784 0.02367467 0.04990472 0.05194254 0.1140053 NaN 0 0 134.7881 169.0699 0.8752103 1.769114 2.780274 58 
0.000333199 0.01736015 0.07486687 0.05813427 0.1459205 NaN NaN 0 244.6954 291.3947 2.119035 4.099702 6.254584 58 
4.538172e-05 0.01991812 0.06030905 0.05704717 0.1377282 5.853011e-05 0 0 177.4746 208.1511 0.2664169 0.4063899 0.6221493 59 
0.0002204369 0.01772194 0.06501713 0.05098864 0.1149669 NaN 3.239422e-13 0 205.9699 263.3972 0.6774566 2.199512 3.481139 59 
3.726178e-06 0.0489754 0.06637096 0.06978521 0.102323 0.1664256 0.3457536 6.264763e-05 157.459 173.0705 180.3023 172.9539 0.03036831 59 
0.0002749322 0.02044464 0.06493302 0.05049916 0.1134143 NaN 0 0 186.2159 245.7827 1.249484 2.487093 3.935938 60 
0.0004775967 0.02355264 0.06476917 0.05395927 0.1262883 NaN 0 0 167.6481 223.7912 1.981474 3.900957 6.062603 60 
0.0003054084 0.026256 0.04979538 0.04882053 0.1051215 NaN 0 0 127.5455 172.2403 0.9294247 1.869654 2.98884 60 
0.000164074 0.02150663 0.05481635 0.05269834 0.1167231 NaN 0 0 153.1165 160.2398 0.6311231 1.220054 1.929589 61 
5.901649e-09 0.3711148 0.05483033 0.1406612 0.09382419 0.1193958 0.1431009 8.769118e-05 165.0559 197.2963 188.4988 124.5528 0.000104675 61 
NaN 0.09219212 0.05679907 0.05937397 0.06996821 0.0959779 0.1524433 1.025887e-05 105.8154 132.8213 123.4945 108.284 0 61 
0.0003586473 0.02687246 0.0470687 0.05121323 0.1159279 NaN NaN 0 130.4245 179.7675 1.163562 2.273481 3.574557 62 
NaN 0.01534976 0.08092014 0.04803869 0.1174042 NaN 3.289085e-05 0 215.3203 329.4831 0 0 0 62 
0.0001237677 0.02272247 0.05845846 0.05689844 0.128831 NaN 0 0 149.6999 163.8146 0.1857978 0.8864258 1.378304 62 
0.000227025 0.01638726 0.08594546 0.05208599 0.1190127 NaN 0 0 254.8818 297.4254 1.545189 2.838845 4.475788 63 
0.0002458222 0.0230786 0.05093175 0.05043496 0.1182724 NaN NaN 0 136.6312 189.8141 0.8368353 1.69885 2.65389 63 
0.000219788 0.03003415 0.04568379 0.0613219 0.1334708 NaN 0 0 152.1818 164.379 0.8838545 1.562643 2.399233 63 
2.100314e-12 0.1315589 0.05199814 0.07966154 0.08076702 0.1351393 0.1986489 1.979771e-05 112.2039 138.9004 144.6061 87.18798 7.132639e-06 64 
8.809606e-13 0.06207041 0.05259272 0.04976137 0.06431322 0.1023836 0.2040366 2.143341e-05 87.64838 99.99485 112.8952 91.21054 1.240302e-05 64 
0.0002138883 0.02112701 0.05623695 0.0473464 0.1000382 NaN NaN 0 146.5394 187.0199 0.682754 1.505167 2.433285 64 
0.0002354545 0.01708443 0.07699168 0.05492696 0.1293008 NaN 2.6957e-06 0 251.1544 280.942 1.53481 2.87175 4.488932 65 
1.652003e-06 0.02485649 0.05387986 0.05338586 0.1252203 2.037616e-05 0 0 151.5185 205.1424 0.01707484 0.01230633 0.01911651 65 
0.0001819645 0.02164547 0.04611295 0.04871177 0.1031748 NaN 3.500193e-09 0 122.355 150.0421 0.1821373 1.089762 1.742149 65 
7.398486e-05 0.02028283 0.05724583 0.0567994 0.1363108 NaN 0 0 177.0256 209.5529 0.2186481 0.6593443 1.010458 66 
0.0002765872 0.02458964 0.05114624 0.05300935 0.1147186 NaN 0 0 143.4469 172.5637 0.9861057 1.922109 3.017614 66 
0.0002577055 0.02249501 0.05539412 0.05472866 0.1227 NaN NaN 0 167.4388 196.6779 1.133203 2.104477 3.277828 66 
2.201631e-08 0.108845 0.05046007 0.07515038 0.07340503 0.1178713 0.1830375 1.554737e-05 116.038 132.2986 134.445 94.34051 9.787866e-05 67 
NaN 0.05143399 0.06593973 0.05781987 0.08462817 0.1318986 0.2241608 2.632856e-05 136.0337 160.5059 162.2668 147.7128 0 67 
0.0002605599 0.01741935 0.07911361 0.0571637 0.1391442 NaN NaN 0 259.0333 287.8993 1.686491 3.302522 5.106044 67 
0.0002504283 0.02188499 0.05010604 0.05278549 0.1162914 NaN 0 0 150.8587 168.7161 1.0061 1.876385 2.941189 68 
0.0001970025 0.01963927 0.05576347 0.05335738 0.1244866 NaN NaN 0 158.95 198.4807 0.6935395 1.58101 2.450607 68 
0.0001738818 0.01546079 0.08410882 0.057365 0.1442232 NaN 0 0 292.0299 341.8642 1.220242 2.55573 3.914632 68 
0.0001671627 0.01611655 0.09454116 0.06093691 0.1601503 1.449453e-08 0 0 324.1169 375.4786 1.505021 2.694171 4.084968 69 
8.246203e-05 0.01860909 0.05161884 0.0541272 0.1281721 NaN 0 0 160.3107 191.1324 0 0.6800279 1.048232 69 
0.0001869357 0.0176204 0.06361159 0.04875205 0.1088795 NaN 0 0 171.9482 225.8589 0.5622357 1.582489 2.519183 69 
0.0001915073 0.01617059 0.06852209 0.05294384 0.1229893 NaN 2.140676e-08 0 207.8835 252.8855 0.4482877 1.968108 3.078057 70 
8.551286e-05 0.02051102 0.05598653 0.06457104 0.175654 NaN 0 0 229.0527 261.437 0.3916391 0.9815169 1.467122 70 
0.0002292116 0.02262313 0.05236862 0.05051086 0.1089975 NaN 0 0 150.7678 188.089 0.8369392 1.672656 2.655233 70 
0.0001655522 0.01979849 0.04965319 0.0530766 0.1212072 NaN NaN 0 138.6067 166.9318 0 1.154691 1.796153 71 
0.0003726843 0.01816523 0.07716037 0.05419944 0.1299474 0.0006797597 0 0 228.5834 297.1703 2.373831 4.219431 6.537092 71 
0.0001948819 0.02402469 0.04678283 0.05070346 0.1080826 NaN NaN 0 123.4081 150.5166 0.5626463 1.17891 1.864569 71 
3.686017e-10 0.02987021 0.05799164 0.04782506 0.0955329 0.1959702 7.716628e-07 0 125.368 168.5776 157.2653 0.0005277557 3.187973e-06 72 
0.0003649856 0.02262587 0.06111222 0.05165597 0.1140416 NaN NaN 0 178.7103 231.8838 1.561291 3.094324 4.901539 72 
0.0002949906 0.02532308 0.04684212 0.0486052 0.1017963 NaN NaN 0 119.0944 153.7097 0.81257 1.674353 2.690227 72 
3.987278e-10 0.1123694 0.05596007 0.07692376 0.06330443 0.1330207 0.2104514 1.507825e-05 120.1881 120.6081 149.7438 96.10637 5.564695e-06 73 
0.0003047232 0.02265918 0.06183405 0.0534203 0.1217829 NaN 0 0 192.3315 248.4333 1.546543 2.840865 4.439234 73 
0.000337937 0.02682837 0.06243024 0.05757655 0.1258671 2.945492e-06 0 0 166.3937 190.085 1.46412 2.648633 4.112485 73 
0.0002986982 0.02382003 0.05508903 0.05147033 0.1089646 NaN NaN 0 135.9986 161.7624 1.00356 1.941837 3.08339 74 
0.000267382 0.02236114 0.0553493 0.05056008 0.1140729 NaN NaN 0 146.7268 195.1988 0.9622687 1.939859 3.052599 74 
0.0003231541 0.02506108 0.05573221 0.05054478 0.1078001 NaN 0 0 144.1184 183.8826 1.20392 2.216046 3.528395 74 
0.000281795 0.02468372 0.05001989 0.0505729 0.1112041 NaN 3.582438e-09 0 132.9239 174.4412 0.8922028 1.832042 2.891805 75 
0.0007839371 0.03419458 0.05324828 0.06280507 0.1348413 NaN 0 0 152.8987 177.1027 2.947441 5.394977 8.283201 75 
4.201451e-18 4.184856e-05 0.004235015 0.01079605 0.01580732 0.01987175 0.02579917 9.198664e-16 8.863555 13.39606 14.27254 12.19352 3.04e-09 75 
0.0002059744 0.01806236 0.06337357 0.04999144 0.1136511 NaN 6.773425e-09 0 174.0826 230.1301 0.5468318 1.769837 2.796496 76 
0.0002260532 0.02216999 0.05910793 0.05050408 0.106584 NaN 0 0 155.4899 174.303 0.9041288 1.676939 2.685168 76 
0.0002103991 0.01898432 0.06130578 0.04902201 0.1188309 NaN 6.810324e-09 0 195.6368 286.861 0.9691942 2.087979 3.275764 76 
0.0004073665 0.02533412 0.05911312 0.05888634 0.133763 0 0 0 199.2371 230.0683 2.123405 3.84965 5.935709 77 
0.0002128661 0.01845425 0.0674921 0.04614722 0.1024678 NaN NaN 0 171.76 241.5443 0.6981779 1.773181 2.86616 77 
0.0001834329 0.01791624 0.05648941 0.056243 0.1346673 NaN 0 0 200.8391 235.3714 0 1.825691 2.817193 77 
0.0001205821 0.01969234 0.06078739 0.05967557 0.1475861 NaN 2.211219e-05 0 197.7398 228.3952 0.422254 1.175277 1.792217 78 
0.0001973013 0.02066812 0.05678677 0.04538209 0.1080597 NaN NaN 0 144.2213 223.741 0.6230422 1.435938 2.294363 78 
NaN 0.05783884 0.05215646 0.05110713 0.09477315 0.1639639 0.01375202 0.1913248 104.0222 157.0552 129.9416 5.787702 0 78 
0 0.02676663 0.05788338 0.05923622 0.1420066 3.099838e-18 0 0 153.1413 193.8901 5.740191e-10 1.929753e-14 1.929753e-14 79 
0.0002707732 0.01920248 0.0616503 0.05466407 0.1296387 NaN 0 0 180.9484 223.8675 1.263712 2.463449 3.802857 79 
0.0002768185 0.02373596 0.04822239 0.05510239 0.1206309 NaN NaN 0 130.7071 144.9526 0.8642784 1.737601 2.717571 79 
4.7817e-05 0.01587608 0.06999494 0.05972622 0.1594243 NaN 0 0 238.6539 296.2968 0 0.5813084 0.8774833 80 
0 0.02260553 0.04808044 0.05400347 0.130777 NaN 0 0 153.4908 206.5054 0 2.702452e-14 2.702452e-14 80 
0.000209812 0.03053408 0.04484358 0.05654365 0.1166434 NaN 0 0 122.7527 139.4651 0.6400851 1.196248 1.870545 80 
0 0.02422087 0.04773584 0.05617683 0.1342932 NaN 0 0 142.8187 184.3256 0 2.325678e-14 2.325746e-14 81 
0.0003144296 0.02385068 0.05724559 0.05208136 0.1150725 NaN 7.463204e-05 0 153.3492 195.3499 1.198628 2.343707 3.683882 81 
0 0.01825843 0.04571767 0.05957912 2.870335e-05 0 0 0 144.9673 0.0294495 2.004989e-12 3.160219e-15 3.160219e-15 81 
0.0001765901 0.01959362 0.05656021 0.05371119 0.1224368 NaN 0 0 163.1463 190.3572 0.6197571 1.429761 2.229008 82 
1.113224e-11 0.1072201 0.05087962 0.059281 0.08089516 0.116069 0.1902994 9.951551e-06 96.80909 143.3597 143.3985 96.474 2.797281e-06 82 
4.208343e-05 0.02216593 0.05089385 0.06096916 0.1532974 NaN 0 0 155.8621 180.5644 0 0.3296195 0.4977217 82 
0.0001969775 0.01872774 0.0674305 0.04849974 0.1056465 NaN 0 0 188.3094 240.0832 0.8383822 1.799322 2.883858 83 
8.380017e-05 0.01488356 0.05955775 0.0537128 0.1301439 NaN NaN 0 200.5248 236.5217 0 0.8681509 1.340952 83 
0.0002151286 0.02569158 0.05920283 0.06125371 0.1430244 NaN 0 0 182.7651 189.5484 1.049707 1.868618 2.866026 83 
0.0001707499 0.01757265 0.06644388 0.05607431 0.1347835 NaN NaN 0 201.291 226.4902 0.8243539 1.709494 2.64254 84 
0.0002758426 0.02639636 0.04639636 0.05436775 0.116826 NaN 0 0 153.0973 181.505 1.10917 2.023859 3.167672 84 
0.000229533 0.0216337 0.05166563 0.05480632 0.1251436 NaN NaN 0 160.4677 192.655 0.8871699 1.814422 2.815676 84 
0.0002169747 0.01693903 0.07557877 0.0511954 0.1146604 NaN NaN 0 249.4064 302.5238 1.284479 2.611495 4.144588 85 
0.000194696 0.01879588 0.05815176 0.04999901 0.1112559 NaN 7.930572e-06 0 190.9245 245.1704 0.6140572 1.810186 2.874432 85 
0.0001649639 0.02103451 0.05375101 0.05817883 0.1450986 NaN 4.908955e-13 0 168.5771 167.3826 0.7126962 1.372106 2.116559 85 
0.0002078275 0.02072999 0.05004762 0.04925531 0.1078885 NaN NaN 0 128.3519 165.2098 0.2009161 1.314036 2.086706 86 
NaN 0.2249016 0.04916509 0.0836853 0.08147533 0.06625076 0.1006453 4.879176e-06 103.2145 140.0951 102.4075 74.87841 0 86 
4.290012e-09 0 0.004007018 0.01103536 0.01524157 0.01932788 0.02513447 7.559343e-05 9.082099 13.20752 14.3321 12.06623 1.248509e-05 86 
7.110637e-05 0.0249072 0.04436606 0.05367562 0.1147985 NaN 0 0 126.4113 136.9298 0.1720446 0.4385751 0.6880792 87 
0.0002629573 0.02678957 0.04340895 0.05293143 0.1103358 NaN 0 0 133.2593 154.461 0.8676516 1.673802 2.641197 87 
NaN 0.0718885 0.05616146 0.05609663 0.07390422 0.1054076 0.1785389 4.227979e-05 105.4423 133.2296 123.9461 124.3674 0 87 
8.429338e-05 0.02166387 0.04729364 0.05477282 0.1262502 NaN NaN 0 142.4573 145.2756 0.1511096 0.592742 0.9258358 88 
3.300552e-10 0.1616091 0.05440791 0.08923945 0.09447187 0.09476138 0.2172574 2.771583e-05 124.3403 163.147 111.9681 128.7158 1.153454e-05 88 
0.0001838766 0.01797704 0.05610045 0.04946523 0.1069755 NaN NaN 0 156.5308 178.2423 0 1.391665 2.232406 88 
0.0003293151 0.01827441 0.07925548 0.05369764 0.1224164 NaN 6.306628e-05 0 239.7247 287.7994 1.929085 3.792425 5.956036 89 
0.000320067 0.02689773 0.04799265 0.05097342 0.1080707 NaN 0 0 141.1839 180.963 1.088241 2.138032 3.400514 89 
4.001306e-08 0.06525867 0.03335037 0.05449784 0.07468448 0.1386117 NaN 0.1041767 75.63246 89.59986 98.67556 0 0 89 
0.000236218 0.01549942 0.08064449 0.05178063 0.1201364 NaN 1.177528e-05 0 247.6387 315.4602 1.476896 2.880265 4.524621 90 
8.717254e-05 0.02791867 0.04904377 0.05853368 0.1279991 3.418312e-06 0 0 142.1487 143.9296 0.3372512 0.5845525 0.9077132 90 
0.0001677023 0.01928521 0.05417631 0.04734372 0.101151 NaN 0 0 162.9896 207.6038 0 1.318134 2.129315 90 
9.536121e-06 0.109878 0.05124247 0.06956259 0.05724307 0.0967006 0.1485773 1.12692e-05 108.9926 105.4965 119.2439 88.64212 0.04049355 91 
1.201299e-19 0.2199988 0.0495636 0.09700477 0.06619738 0.07307012 0.1599495 7.979765e-15 116.9022 131.6163 112.6083 101.3087 1.503397e-07 91 
4.560115e-05 0.02256129 0.05311529 0.05251907 0.1156648 NaN 0 0 156.2153 187.81 0.1489964 0.3511415 0.5503586 91 
1.368007e-05 0.02378063 0.05096856 0.0570774 0.1304959 0.0001979737 0 0 147.4682 169.1835 0 0.09937487 0.1529916 92 
0 0.033398 0.05078472 0.04660274 0.07293094 0 0 0 113.2776 127.7159 127.7159 1.658258e-14 NaN 92 
0.0002186269 0.017429 0.07011241 0.04815159 0.1047484 NaN NaN 0 184.9573 235.844 0.6192819 1.946657 3.132572 92 
0.0001450539 0.02400806 0.04555542 0.0533865 0.1301446 NaN NaN 0 134.7864 184.5436 0.4369365 0.9935969 1.530088 93 
0.0001879996 0.01614839 0.06727836 0.05169087 0.128893 NaN 2.636345e-08 0 197.426 276.0462 0.8093939 1.914829 2.959921 93 
3.525943e-05 0.1519537 0.04589007 0.0870958 0.0894904 0.09163864 0.1454285 1.906634e-05 116.6285 146.3041 102.916 88.71705 0.1287471 93 
0.0001461808 0.02724285 0.04582793 0.05524624 0.1180281 NaN 0 0 131.8138 150.8196 0.4963217 0.9319431 1.451343 94 
0.0001988532 0.01978869 0.05707493 0.0508869 0.110558 NaN 0 0 187.3394 222.3941 0.6778102 1.782996 2.841333 94 
0.0003347831 0.02093609 0.06205833 0.05292236 0.1183582 NaN 0.0001983187 0 153.2723 189.3987 1.235214 2.484855 3.900371 94 
0.0002109937 0.1607172 0.04541939 0.08519684 0.08491832 0.09652055 0.1458538 1.782623e-05 106.6239 135.3059 117.3103 81.94113 0.6993345 95 
NaN 0.04342885 0.07329156 0.05239208 0.09857912 0.1736329 0.2430514 1.372066e-05 140.1291 207.5757 188.1732 191.6594 0 95 
0.0001516544 0.02170559 0.04439764 0.05337359 0.1190291 NaN 4.128438e-05 0 129.4011 146.8692 0.3878769 0.9861404 1.535936 95 
0.0001926889 0.01760632 0.06634617 0.04791779 0.1023928 NaN NaN 0 194.7829 237.1306 0.5871704 1.787735 2.895508 96 
4.887866e-06 0.1055232 0.04796405 0.06790342 0.1042856 0.1188365 0.1677127 4.100904e-05 96.67123 146.2432 104.0644 88.34172 0.01953647 96 
0.0003240877 0.02877387 0.03796183 0.05023017 0.1018554 NaN NaN 0 99.66838 121.7689 0.8048437 1.545059 2.462944 96 
0.0002008346 0.0176362 0.06241648 0.05305662 0.121438 NaN NaN 0 207.56 249.6445 0.6987614 2.037587 3.195231 97 
0.0002478229 0.0212315 0.05927239 0.04553457 0.09252895 NaN 3.605918e-09 0 142.1708 176.01 0.6945698 1.63757 2.704648 97 
0 2.087958e-05 0.004165427 0.01098461 0.01528167 0.01912891 0.02481949 1.727928e-10 8.853598 12.99725 14.19432 11.72891 4.05352e-10 97 
0.0003115407 0.02168363 0.0573678 0.0518691 0.1249261 NaN 0 0 154.5088 216.9293 1.178271 2.406051 3.742684 98 
0.0003074334 0.02686077 0.04901306 0.05210851 0.1074195 NaN 0 0 139.8638 163.7927 1.081579 2.020427 3.213372 98 
4.528648e-05 0.02324787 0.04453642 0.06034877 0.1466138 NaN 0 0 140.9689 157.3129 0 0.3199945 0.4851501 98 
0.0001731759 0.0168543 0.06215002 0.0477226 0.1071988 NaN 4.481947e-06 0 174.7383 236.481 0 1.493779 2.38619 99 
0.0002750388 0.01927003 0.08242016 0.06186498 0.1640027 0.000196061 0 0 284.4297 290.887 2.277207 3.788121 5.786436 99 
0.0002250858 0.01719284 0.07091244 0.05002646 0.1120298 NaN 0 0 197.5027 252.5567 0.9310121 2.165021 3.43856 99 
0.000218139 0.02248834 0.05205581 0.04878146 0.1059312 NaN 0 0 139.9149 182.4146 0.747922 1.498956 2.386831 100 
6.013018e-14 0 0.004274635 0.01156132 0.01577133 0.01975167 0.02569963 3.257269e-05 9.318426 13.27096 14.1674 11.8702 2.274064e-06 100 
0.0001567733 0.01816184 0.05380614 0.05756312 0.1444369 NaN 1.166879e-08 0 168.3028 196.1993 0.1942873 1.364025 2.073501 100 
