NaN 0.03727083 0.1877746 0.05553554 0.1121942 0.2152357 0.01634236 0.1110863 229.7694 342.9257 372.6778 3.854442 0 1 
0 0.0686907 0.05885009 0.06108026 0.1110658 0.2205927 0 0 94.41146 143.5989 160.8545 3.003181e-14 NaN 1 
4.97189e-05 0.03427661 0.1817536 0.05334435 0.1049881 0.1879121 0.2495678 4.336289e-06 265.8979 404.0268 417.9969 434.1445 0.6624689 1 
0 2.674654e-05 0.003210065 0.01477713 0.01786771 0.0252592 0.03296777 4.234331e-05 6.280279 8.683151 10.27248 9.183507 1.913305e-06 4 
0 0.01553604 0.242974 0.05390692 0.1121403 0.2562953 0.0001256722 0 460.3302 668.5257 943.9299 0.02238825 1.019226e-08 4 
0 2.337039e-05 0.003374992 0.01404466 0.01773053 0.02390274 0.03142266 0 6.432453 9.113328 10.64125 9.64877 2.131487e-15 4 
1.063027e-14 0 0.003016467 0.01408025 0.01826245 0.02432936 0.03165071 7.138504e-05 6.561396 9.386881 10.77373 9.813614 6.135251e-06 5 
0 0.05589845 0.05774065 0.05688464 0.1005599 0.1737033 NaN 0.002390983 88.58649 122.1072 125.507 0 0 5 
0 0.0540158 0.07569052 0.06214309 0.09970469 0.1618337 NaN 0 137.3948 150.989 203.4847 0 0 5 
0 0.02859743 0.1105168 0.04712744 0.09334016 0.1954634 0 0 151.5541 226.279 309.3787 7.190432e-12 6.768947e-14 6 
NaN NaN NaN 0.07880954 0.05571811 0.01143842 2.12706e-06 3.645773e-07 2803814 3215236 1620649 18.808 0 6 
2.250182e-17 0 0.004306766 0.01133946 0.01931104 0.02420877 0.03142362 6.695634e-05 5.465621 9.695478 10.96932 9.945474 6.183627e-06 6 
0.1873629 0 0.003204985 0.01304177 0.01756346 0.02396918 0.03120473 6.218438e-11 6.116591 11.92226 25.44126 51.8845 98.66945 7 
0 0 0.003750845 0.01455114 0.01836197 0.0253573 0.0327889 2.207272e-05 6.548011 9.198839 10.60372 9.547519 5.867354e-07 7 
0 0.01685935 0.2061073 0.04563684 0.08090421 0.1202822 0.2303514 0 334.2482 422.455 572.8361 714.7056 1.269005e-13 7 
NaN 0.01893158 0.2106287 0.05283746 0.1018731 0.1779455 0.3544642 4.343087e-06 422.544 597.0201 760.4938 816.0223 0 8 
0.002062085 0.03617128 0.1456867 0.05919153 0.1087758 0.1508037 NaN 0.03316901 210.3454 236.8995 274.4631 6.516619 21.38665 8 
0 2.25696e-05 0.003333133 0.01217573 0.01692938 0.02468935 0.03189307 0 5.284266 8.230193 10.34673 9.663359 1.523443e-15 8 
7.675043e-10 0 0.003238175 0.01335643 0.01769113 0.02359125 0.03093076 0 6.384372 9.3447 10.88457 9.841833 0.001159006 9 
0 0.08264465 0.13267 0.05456456 0.07541503 0.1141919 0.1890916 0 130.4256 163.7871 193.251 203.2068 4.180849e-12 9 
NaN 0.01872791 0.2357531 0.05513508 0.1031894 0.136093 NaN NaN 478.2447 619.9354 675.6094 675.6624 0 9 
0 0.0580648 0.1532685 0.05016203 0.08557588 0.1338991 0.1985308 3.511262e-06 154.5099 224.3227 242.1025 263.6014 1.882126e-06 10 
8.165713e-06 0.05172305 0.1534935 0.06039615 0.09537209 0.1510261 0.2822963 9.047327e-06 202.7006 251.2327 307.1856 329.4916 0.07360678 10 
0 5.538594e-05 0.002721066 0.01390137 0.0177627 0.02253014 0.03032775 7.625699e-13 6.436335 9.186 10.60857 9.997936 6.660008e-11 10 
0 4.201933e-05 0.003174278 0.01392128 0.01775759 0.02232581 0.03001149 1.719778e-13 6.501239 9.254773 10.64904 10.15939 8.716832e-12 12 
NaN 0.08617941 0.1286939 0.0600816 0.089098 0.1324641 0.1943947 5.090299e-06 137.6365 189.3102 183.0821 179.3854 0 12 
0.002416834 0.09983088 0.01871303 0.06347695 0.07642675 0.1069715 NaN 0.145889 63.02236 64.52237 66.28175 2.3713 6.125754 12 
0 0 0.00214591 0.01288849 0.01828748 0.02382488 0.03136888 6.624721e-05 5.902927 9.113356 10.63622 9.626221 5.438347e-06 15 
0.001204306 0.08406931 0.09371357 0.06097854 0.114375 0.1924984 NaN 0.03205755 229.8212 377.0754 335.2925 0 11.40227 15 
3.526221e-11 1.380169e-05 0.004873075 0.01390803 0.019353 0.02498751 0.03253083 4.888618e-09 6.369876 9.509041 10.69652 9.55689 2.063211e-08 15 
9.342044e-08 0.03974514 0.1197152 0.04985538 0.08219668 0.09841838 1.307861e-07 3.498351e-06 171.4443 204.2964 215.9928 215.9928 0.0008001208 16 
6.820488e-05 0.08590006 0.1302482 0.04717417 0.1345897 0.2088416 0.2764671 1.108051e-05 98.53836 259.2514 214.8015 201.3848 0.3085834 16 
2.57839e-08 0.01644328 0.2022105 0.04560666 0.0945081 0.1735681 0.2594533 3.141778e-06 346.1996 558.7795 633.5063 721.7783 0.0004826991 16 
4.087429e-09 1.697971e-16 0.003057902 0.01398709 0.01842096 0.02482836 0.03203228 7.642582e-05 6.43406 9.31352 10.71532 9.787171 7.186098e-06 20 
0 0.08681791 0.1313678 0.07828985 0.1091835 0.1657831 0.33471 0 151.9502 196.1765 203.8096 224.0816 3.284673e-12 20 
0 0 0 0 0 0 0 0 0 0 0 NaN NaN 20 
0 1.957327e-05 0.003904775 0.01136211 0.01796927 0.02278764 0.03014075 0 5.465173 9.240048 10.85866 10.08374 1.429332e-15 21 
0.0004610292 0.03488912 0.1844716 0.05986418 0.119767 0.2232773 0.2870686 7.161443e-06 259.0623 392.3697 389.7011 460.3731 5.636802 21 
0.001547545 0.08639116 0.04077034 0.06433144 0.08819621 0.1328444 NaN 0.1403327 77.14623 89.86604 91.24091 1.661938 5.02279 21 
NaN 0.00696722 0.3575303 0.0515616 0.1123267 0.2422437 NaN 0.001436868 1059.496 1642.472 1999.89 0 0 22 
0 0.05312783 0.1555119 0.05501872 0.100694 0.1664822 0.2517201 1.292396e-05 172.9506 266.5443 255.9185 335.3815 1.85033e-05 22 
1.58249e-09 0.06524685 0.07424208 0.05952956 0.1205742 0.2281434 NaN 0.07389227 85.63859 140.3496 122.2182 0 0 22 
NaN 0.1052695 0.01941204 0.06924558 0.08333404 0.1566992 NaN NaN 63.33284 71.55875 90.9148 0 0 23 
0 0.03746013 0.1054017 0.05788951 0.1159102 0.2362926 0.0001895151 0 143.7921 208.6409 240.6136 0.06531962 5.263527e-09 23 
0 0 0.002234067 0.01350785 0.01612347 0.02333013 0.03075072 6.71119e-05 6.105547 8.524861 10.4785 9.771074 6.011736e-06 23 
1.324198e-06 0.2060396 0.105926 0.07191061 0.09886611 0.1230221 0.1812614 4.480763e-06 83.3632 139.1799 144.6766 111.4778 0.002959894 24 
0 0.03599802 0.1167829 0.04681295 0.0826705 0.1096851 0 2.647859e-06 157.2829 216.0221 227.1525 227.1525 1.617859e-06 24 
0.0001366856 0.04930021 0.1308199 0.04695215 0.08851703 0.1487669 0.2415853 1.902568e-06 118.4546 189.8825 211.4958 214.3227 0.7941683 24 
8.241096e-05 0.05693046 0.1532113 0.04939641 0.08089903 0.1299052 0.234194 3.822236e-06 159.095 218.2507 268.768 261.79 0.6040699 25 
0 0.04661186 0.1150704 0.06832823 0.1236512 0.2336882 1.405056e-05 0 280.5978 352.5658 434.7291 0.007246522 7.813767e-11 25 
NaN 0.05703016 0.1504744 0.04994457 0.100192 0.1842545 0.186981 4.025819e-07 158.4922 273.2787 237.2382 268.6571 0 25 
8.353285e-06 0.04272552 0.1258964 0.0482892 0.08472643 0.1361294 0.2242673 6.119048e-06 139.6592 197.843 229.764 255.6325 0.05759844 26 
NaN 0.01876849 0.1659179 0.05330439 0.1085384 0.2003548 NaN 0.006515687 271.4777 374.2759 462.6378 0 0 26 
NaN 0.01817003 0.2414466 0.05755284 0.1208534 0.228132 0.003050719 0.01032828 443.8904 619.4052 713.0831 0 0 26 
3.629688e-11 0 0.002967171 0.01384483 0.0188243 0.02453878 0.03199632 1.581873e-05 6.437845 9.486041 10.77065 9.677488 3.053852e-07 32 
0 9.601765e-06 0.00226993 0.01275944 0.01807968 0.02198361 0.03007898 2.770812e-17 5.831063 9.022627 10.46477 9.985673 2.036066e-11 32 
0 0 0.003020935 0.01119032 0.01893413 0.02307907 0.03075072 6.964814e-05 5.21469 9.279324 10.69725 9.834694 6.526449e-06 32 
0 0.03626692 0.1853594 0.05252401 0.1061199 0.1917429 0.2626505 3.37189e-06 223.274 360.9861 376.1011 423.8441 3.897119e-06 33 
0 3.460595e-05 0.003154405 0.01350044 0.01627089 0.02383794 0.0312347 0 6.034696 8.477831 10.45853 9.644606 2.38121e-15 33 
NaN 0.02367364 0.153958 0.05025024 0.1126064 0.2619988 0.06463842 0.1881969 172.4813 290.9856 310.7669 45.35866 0 33 
0.0002238779 0.08168107 0.05129344 0.06030246 0.1124667 0.1871626 NaN 0.08036112 86.59578 139.6023 119.5088 0 0.8554776 36 
0.1199162 0.04065837 0.1190115 0.07094692 0.08179893 0.1302756 NaN NaN 165.9549 225.5104 381.425 382.2811 604.641 36 
NaN 0.0704897 0.06642003 0.05834797 0.08963532 0.1499333 NaN 0.03593606 120.1257 150.2628 181.7907 0 0 36 
0 0.02121971 0.1810498 0.04901127 0.08834937 0.1192901 1.559351e-08 0 305.0444 397.8094 472.8854 472.8854 7.647356e-13 38 
0 0.00909512 0.2705374 0.05711976 0.1085373 0.1709926 0.3765953 1.75241e-06 959.4431 1194.788 1625.595 1759.608 2.026233e-05 38 
0.0002553123 0.1223371 0.1150008 0.0718846 0.09346874 0.1314013 0.2190227 1.186416e-05 121.9118 169.9138 171.4022 162.2022 1.013329 38 
2.081235e-09 0 0.002998414 0.01340883 0.0168171 0.02359048 0.03083235 0 6.315561 9.001423 10.78157 9.897633 0.001778931 40 
0 9.789061e-06 0.0022027 0.01339518 0.01749833 0.02360474 0.03108268 0 6.108203 8.929094 10.58395 9.769189 8.351222e-16 40 
0 0.05094405 0.1561997 0.05706563 0.08647387 0.1340115 0.2703479 5.44242e-06 197.6169 223.4525 310.3664 338.6931 5.545729e-06 40 
6.028526e-11 0.03016977 0.1215318 0.05849651 0.1210139 0.2412187 NaN 0.007659558 190.3083 270.506 291.4977 0 0 41 
0 3.314134e-05 0.003688733 0.01249609 0.01712188 0.02330055 0.03071454 0 5.760696 8.784152 10.61423 9.727675 4.447856e-14 41 
0 0.01448752 0.1731253 0.06548235 0.1464043 0.2896243 NaN NaN 396.9131 521.8081 595.4497 0 0 41 
NaN 0.04148112 0.08617217 0.05127318 0.1016242 0.1557825 NaN NaN 125.3463 191.3488 171.8601 0 0 43 
0.002960137 0.09693792 0.02504916 0.04922835 0.06683902 0.09729093 NaN 0.1111841 59.82712 72.21362 77.44618 3.762365 7.539172 43 
0 0.03234269 0.1868479 0.05293031 0.09170395 0.1285417 0.1778685 2.715967e-06 292.1768 354.4372 382.1025 499.6487 2.719524e-06 43 
0.1552439 0 0.002736862 0.01392133 0.01858941 0.02204315 0.0302964 0 6.501263 11.95253 24.34478 48.97437 85.51393 44 
0.1424515 0.01838046 0.2612282 0.06089697 0.06986704 0 0.2004946 3.642385e-12 606.2944 962.4118 1325.427 2267.842 1886.128 44 
0 4.243675e-05 0.003224028 0.01145661 0.01684676 0.02217873 0.02945637 2.908512e-16 5.625197 9.05349 10.91167 10.14831 4.030574e-10 44 
0.1346808 0.0503673 0.1619716 0.08367706 0.1248892 0.1871817 NaN NaN 248.5913 441.4159 548.0435 668.2839 1036.916 45 
0.007452393 0.004008622 0.256525 0.05067369 0.09975488 0.1643979 0.02406299 0.06784751 1000.829 1292.794 1799.891 128.29 405.2126 45 
0 0.03330928 0.1868043 0.05283097 NaN 0.1371206 0.3315257 1.058804e-05 265.2284 265.2284 466.3741 524.4804 2.977395e-05 45 
0 0.005613171 0.3309058 0.05666666 0.1133504 0.186423 0.2364011 5.161632e-07 1175.134 1602.111 1702.012 2176.118 2.943975e-06 46 
0.001514062 0.01618529 0.1800726 0.05357455 0.1038694 0.139293 NaN 0.02138643 335.0188 383.1771 489.6509 5.965085 26.11467 46 
1.977076e-05 0.1024692 0.03902132 0.07460923 0.113843 0.1752695 NaN 0.1056677 123.1008 172.0893 161.3301 0 0.09063207 46 
0.0005515445 0.08811206 0.03431859 0.0485124 0.06727403 0.09688817 NaN 0.1363061 54.47034 64.52705 68.04419 0 1.331178 48 
0 0.02675154 0.1594465 0.04689426 0.1040506 0.2079495 0.2873979 2.675919e-05 181.5203 328.7837 332.1942 427.1881 8.722496e-05 48 
7.95888e-13 0 0.003007313 0.01314853 0.0180296 0.0233909 0.03093076 4.428063e-05 6.114065 9.192216 10.70032 9.787972 4.266023e-06 48 
0.002875752 0.03847796 0.1472648 0.05177117 0.09752349 0.1657074 0.001045873 0.03229237 175.0088 242.5021 275.8054 0 25.40599 49 
0 0 0.003688708 0.012498 0.01705241 0.02331273 0.03064305 6.457602e-05 5.836564 8.86458 10.69962 9.839077 5.598315e-06 49 
0 0.02540689 0.1755478 0.03891908 0.07806572 0.1403489 0.2633117 2.209005e-06 185.1539 309.8714 403.7204 450.1063 3.02276e-06 49 
4.398725e-16 0.02660337 0.1589922 0.0552315 0.1049933 0.185866 0.3974731 1.099848e-05 209.1857 298.456 374.2854 420.3063 1.878189e-05 50 
4.423097e-06 0.05412616 0.116026 0.06514405 0.1116086 0.1835462 NaN 0.05768904 154.1754 190.4158 207.5432 0 0.03100414 50 
2.763028e-14 0 0.002575384 0.01441297 0.01938334 0.02503247 0.03262736 1.732057e-05 6.615551 9.584084 10.7098 9.513117 3.440732e-07 50 
0 0.05039889 0.1114382 0.0742491 0.1476834 0.3350795 1.23471e-07 0 262.4967 371.9713 414.7324 3.280296e-05 2.69598e-14 51 
0.127356 0.06963356 0.1423957 0.03905057 0.07571097 0.1143376 NaN NaN 102.08 224.9649 294.9968 289.2771 506.7745 51 
1.448537e-08 0.08409414 0.04903294 0.05554351 0.1135904 0.185963 NaN 0.05337469 76.45128 138.6415 125.4905 0 0 51 
0 0.03625085 0.190392 0.04383642 0.0773043 0.1203381 0.1965992 3.760575e-07 206.2815 288.4469 360.9226 419.8378 4.102267e-07 52 
0 0.04993868 0.1461008 0.04710223 0.08366071 0.1316697 0.2067489 NaN 154.6913 232.1983 248.4226 316.4746 1.421542e-09 52 
0.0008744828 0.04177316 0.1050928 0.05608053 0.09793753 0.145167 NaN 0.07789443 149.5729 172.7835 208.6542 3.885642 6.659457 52 
0 1.710865e-05 0.00153013 0.01272922 0.01918925 0.02408312 0.03149921 0 5.906359 9.457275 10.74109 9.846548 1.339242e-15 53 
0 0.1113511 0.1053852 0.07116254 0.06998438 0 0.1766018 1.673261e-05 128.1311 131.0502 131.0502 176.0322 1.229346e-05 53 
5.933823e-05 0.00741635 0.3518704 0.0505164 0.1099982 0.235512 NaN 0.001140767 965.6894 1517.609 1582.119 0 3.037093 53 
0 0.1016094 0.02965386 0.05642778 0.1215902 0.1809621 NaN NaN 70.59163 139.9647 122.3141 0 0 54 
0 2.864576e-05 0.00254886 0.01402359 0.01849005 0.02344229 0.0311277 3.867953e-15 6.563038 9.471512 10.7593 9.689544 1.510197e-08 54 
0 0 0.003799333 0.01278663 0.01872188 0.02498831 0.03262263 4.446026e-05 5.3576 8.538517 10.16987 9.407657 2.362257e-06 54 
0.002029784 0.09018967 0.03238579 0.05094373 0.07021408 0.107702 NaN 0.1167029 54.4441 66.62497 76.12652 0.8261071 4.914648 56 
0 0 0.004590079 0.01126034 0.01824314 0.02333481 0.03075064 6.232467e-05 5.213538 9.010112 10.65835 9.902447 5.407024e-06 56 
0 0.02496241 0.1258357 0.05305627 0.1047288 0.2212543 2.557987e-14 0 260.6786 364.1201 519.733 7.763342e-08 7.830031e-14 56 
NaN 0.01833276 0.1765813 0.04992603 0.09242225 0.158103 0.3614034 4.664863e-06 264.655 355.1435 491.8036 504.3843 0 57 
0.1316114 0.04902046 0.1635084 0.07739672 0.09745505 0.1444297 NaN NaN 241.3662 376.2662 547.6947 652.1224 1027.266 57 
0.1285255 0.02130105 0.2102133 0.05479085 0.1051929 0.1140272 3.404874e-06 1.279445e-06 337.6688 766.1187 683.7862 1088.523 1361.475 57 
0 0.04733367 0.1016276 0.05565965 0.08795773 0.1124 0 0 208.1591 244.3753 274.3184 274.3184 5.130251e-14 60 
0.0009543126 0.09180535 0.02835629 0.05177008 0.07475473 0.1114326 NaN 0.1492088 45.05411 58.41708 51.93248 0 1.908849 60 
0 0.01993909 0.1767912 0.05930317 0.1276357 0.2672504 NaN 0.002480492 325.9596 467.0242 540.3938 0 0 60 
NaN 0.0105843 0.1759322 0.05209802 0.09158012 0.0003587767 NaN 0.02468175 390.0815 482.6589 482.3943 0 0 61 
0 0.118491 0.04375849 0.07519625 0.07881571 0 0.1659432 0 131.8434 145.0876 NaN NaN NaN 61 
0 4.264891e-05 0.002932434 0.01322245 0.01842988 0.02320116 0.03072951 0 6.320332 9.531813 10.87133 9.928659 1.237874e-15 61 
0 0.03619343 0.09994337 0.0700221 0.1330841 0.221917 NaN NaN 206.2034 234.0918 302.7916 0 0 64 
0 3.465116e-05 0.003989027 0.01222355 0.01756788 0.0227889 0.03009303 0 5.610612 8.843506 10.54371 10.13189 2.083957e-15 64 
NaN 0.02475591 0.1279735 0.0488343 0.1048433 0.2213767 NaN NaN 170.887 275.6631 312.2894 0 0 64 
1.214213e-23 0 0.003474591 0.01303205 0.01889243 0.02473762 0.03227846 6.635062e-16 5.825326 9.10632 10.54546 9.534952 5.812889e-08 65 
0.03247604 0.05851855 0.09890315 0.04870529 0.09002963 0.153971 NaN NaN 77.28149 123.547 141.3622 72.9889 121.6492 65 
0 0.0327477 0.1900147 0.05127202 0.08740292 0.1221599 0.2020204 5.759837e-06 270.8434 328.6535 387.773 510.0422 1.099209e-05 65 
1.543356e-10 0.01762264 0.2440391 0.04374159 0.08684662 0.15945 0.3339442 1.625639e-06 422.2642 662.0501 873.2582 883.818 6.562927e-06 66 
0.1244521 0.03183824 0.180744 0.07564613 0.09485671 0.1397742 0.01854086 0.08141297 353.9428 540.7351 773.0264 905.8651 1414.854 66 
3.951877e-18 1.262724e-12 0.003278468 0.01139104 0.01844969 0.02524815 0.03258646 3.082347e-05 4.943712 8.581098 10.39117 9.542409 1.169134e-06 66 
0.0001818225 0.0232004 0.155138 0.05101089 0.100781 0.1770577 0.2860456 9.109559e-06 211.1218 315.0598 356.5421 414.1902 1.991364 68 
NaN 0.05840891 0.07938595 0.06524538 0.1269072 0.2408796 NaN NaN 140.8063 211.4213 208.0449 0 0 68 
NaN 0.03350299 0.1911833 0.04840408 0.09605215 0.1860495 0.4321113 6.902256e-06 216.9913 354.5744 464.1411 494.6872 0 68 
NaN 0.001388787 NaN 0.04769045 0.09962043 0.2288732 NaN NaN 4298.693 6717.992 7675.777 10.14004 0 72 
0 0.03360507 0.139523 0.0521148 0.09376577 0.1469812 0.2160761 1.667688e-05 184.6523 249.711 269.9762 332.7793 5.326177e-05 72 
NaN 0.03319404 0.1862419 0.05662613 0.1052946 0.1823463 0.3480801 8.418432e-06 267.9465 377.7072 456.1329 492.4225 0 72 
1.401643e-08 1.807985e-05 0.003863333 0.01315085 0.01795133 0.02427391 0.03145002 8.638594e-10 5.970484 8.983856 10.60767 9.859336 7.092798e-06 73 
0 0.0198532 0.2401074 0.05154045 0.09218398 0.1317822 0.2226373 NaN 427.736 521.9934 675.2649 757.9072 6.319762e-07 73 
0 0.08823705 0.1343382 0.05066111 0.08633417 0.1293164 0.2207383 1.1559e-05 104.4064 172.0209 184.3714 200.87 1.002981e-05 73 
1.353499 0 0.007055842 0.01296034 0.0196082 0.02424289 0.0315772 7.609055e-05 5.974718 53.63388 157.3096 374.864 709.8663 74 
0.7792121 0 0.004575721 0.01275953 0.01925107 0.02415076 0.03159404 7.014572e-05 5.831105 30.30632 86.87873 206.4475 396.7918 74 
0 3.180653e-15 0.002738236 0.01260133 0.01795331 0.02352005 0.03070978 4.172563e-16 5.834415 9.070063 10.67657 10.03434 1.907006e-08 74 
0 0.01654398 0.1492372 0.05469769 0.1093833 0.1938723 1.403298e-06 0 260.2038 328.9403 452.4877 0.0007422167 1.271359e-13 75 
0 0.01182342 0.2021239 0.05144212 0.105198 0.2069544 8.076876e-06 0 520.5496 726.2481 997.0604 0.008236095 4.557918e-12 75 
0 0 0.003020937 0.01291071 0.01769115 0.0233749 0.03059915 6.21553e-05 6.119676 9.21956 10.8146 10.05122 5.653924e-06 75 
0 5.431787e-05 0.00209494 0.01173707 0.01833379 0.02322861 0.03070401 0 5.539899 9.242158 10.78017 9.839308 2.915492e-15 77 
0 0.1199337 0.112467 0.08480165 0.08492775 0.1179642 0.1627713 5.416918e-06 156.4202 157.9812 136.3798 148.3851 1.439106e-06 77 
NaN 0.03241321 0.1239935 0.0505512 0.09768578 0.1805856 NaN NaN 163.7243 232.1936 291.8026 0 0 77 
NaN 0.02891773 0.1845992 0.04946949 0.09999953 0.1931754 NaN 0.002418517 245.6435 364.0294 378.6735 0 0 79 
0.1543554 0 0.003650403 0.01294234 0.01836596 0.02445568 0.03180259 3.508528e-05 5.901707 10.83073 20.56003 41.4225 78.66446 79 
2.086453e-05 0.01881093 0.2395552 0.05740218 0.1101071 0.1889186 0.4031905 5.219492e-06 462.2731 622.4693 799.217 827.2418 0.4837594 79 
0.03300496 0.001933868 NaN 0.04835316 0.08030941 0.2516515 NaN 0.007655307 2352.751 1486.269 4620.269 2358.446 4667.733 81 
0 0.133543 0.1145037 0.07932364 0.1047691 0.1353188 0.2076158 9.378729e-06 119.7015 169.4532 144.3073 145.073 3.550644e-06 81 
1.429336e-07 1.199187e-05 0.00401147 0.01298731 0.01902794 0.02452294 0.03190464 4.843653e-05 5.974161 9.366159 10.70638 9.744885 7.620888e-05 81 
0 0 0 0 0 0 0 0 0 0 0 NaN NaN 82 
6.909926e-11 0 0.003485435 0.013107 0.0181797 0.0248379 0.03216471 7.483464e-05 5.898152 8.971857 10.58579 9.658039 7.107098e-06 82 
0 0.03698923 0.08970894 0.05821162 0.1061011 0.1943601 NaN 0 111.3641 138.856 189.3651 0 0 82 
1.768451e-10 0.08034367 0.05177354 0.06647464 0.08981857 0.1532085 NaN 0.03864021 99.72915 107.2049 140.8586 0 0 83 
NaN 0.09811487 0.02408753 0.05466075 0.09018527 0.138383 NaN 0.005435494 58.42057 91.43526 90.4539 0 0 83 
NaN 0.05681481 0.1500775 0.05411653 0.1032314 0.1755452 0.2377511 8.006952e-06 167.4571 270.6188 261.6393 263.0278 0 83 
NaN 0.0481144 0.09775435 0.05743527 0.1236278 0.2663419 NaN NaN 122.0014 201.2658 188.4673 0 0 84 
NaN 0.03560953 0.1810622 0.04953775 0.1100336 0.221095 0.2991444 4.42463e-06 226.5895 408.0429 407.1828 393.5114 0 84 
0 3.490848e-05 0.003474539 0.01282777 0.01850999 0.02286538 0.03048651 4.988748e-09 5.977739 9.306696 10.68439 10.03123 4.216671e-08 84 
0.0004893559 0.05744092 0.1043199 0.05713398 0.09462956 0.1436293 NaN 0.01581882 224.5926 272.3591 284.1907 0 5.01386 85 
NaN 0.02885087 0.1861114 0.04686084 0.09423352 0.1734381 NaN 0.01950561 224.9462 344.1902 409.1355 0 0 85 
0 0.03289078 0.1909325 0.05057162 0.09051799 0.1406013 0.2506907 7.719679e-06 248.8575 341.849 396.9001 522.5229 1.536423e-05 85 
4.842958e-05 0.01764303 0.2431823 0.04853973 0.09118417 0.1539244 0.3063806 3.14919e-06 457.5178 636.2354 845.6641 914.3917 1.145443 86 
0 0.01643403 0.2417823 0.05260697 0.113141 0.2443234 NaN NaN 451.8877 690.5097 844.5965 0 0 86 
0 0.03573611 0.1012861 0.0563469 0.1069619 0.2080392 NaN NaN 175.7162 238.6631 314.6045 0 0 86 
4.160079e-05 0.02210629 0.1294152 0.06291146 0.130028 NaN 2.66609e-10 0 284.0818 306.3551 0 0.3756494 0.635641 87 
0 7.749734e-05 0.002178977 0.01347956 0.01870881 0.0243342 0.03189878 2.31342e-11 6.106243 9.20905 10.60607 9.605365 1.537605e-09 87 
NaN 0.03432729 0.1498425 0.04391964 0.0895259 0.1674534 0.01475994 0.09375223 141.0686 227.9671 263.3019 0 0 87 
0 0.1896557 0.1038799 0.08810753 0.07863602 0.1045341 0.1636349 6.366458e-06 113.9933 134.8775 128.2147 112.9374 1.562267e-06 88 
0.00288681 0.005027634 0.3285947 0.05163183 0.1121626 0.2265793 NaN 0.008198441 1110.622 1662.297 1717.504 101.558 172.975 88 
3.709019e-05 0.02111942 0.1109921 0.0637527 0.1366616 NaN NaN 0 194.6557 241.0415 0 0.2513483 0.4100662 88 
0 0.006818129 0.2556843 0.05430606 0.1150136 0.219359 0.3284284 0 866.713 1336.786 1489.629 1765.349 3.316948e-13 90 
0 8.759113e-06 0.004363103 0.01356912 0.01915803 0.02328944 0.03104966 0 6.445333 9.716743 10.85219 9.807941 2.578481e-15 90 
0.1331772 0.06873144 0.1459673 0.06316425 0.07475322 0.1171835 NaN NaN 161.5726 205.3897 418.7251 440.885 722.2256 90 
0.1274162 0.06347368 0.1212132 0.04497571 0.06945208 0.109396 0.03968597 0.9570951 84.53627 154.2815 227.635 229.6264 379.4556 91 
0 4.520516e-05 0.002618229 0.01365503 0.01938321 0.02404359 0.03187885 3.369949e-12 6.172072 9.388047 10.58814 9.461864 4.80117e-11 91 
0 0.1223239 0.1202312 0.05927205 0.07838493 0.1113427 0.2433686 1.576957e-05 97.67906 139.8085 151.1662 189.0252 6.62359e-06 91 
0 0.04284678 0.07251544 0.05603833 0.09607038 0.1749585 NaN NaN 101.9469 121.2799 177.5172 0 0 92 
NaN 0.03025402 0.1837362 0.05451456 0.1087406 0.2097314 NaN NaN 233.1779 336.8113 419.8892 0 0 92 
0.02654021 0 0.004058327 0.01237123 0.01801449 0.02325348 0.03050371 1.189248e-05 5.839218 9.265478 11.17431 12.19639 13.34907 92 
1.552603e-18 0 0.00234128 0.01334698 0.01690684 0.02275639 0.03041951 3.378924e-05 5.9661 8.615505 10.35921 9.915173 1.650326e-06 93 
0.001996636 0.09194738 0.05589426 0.05287484 0.0805704 0.1225096 NaN 0.05649076 114.9808 156.4404 157.2883 0 9.44269 93 
0.4019901 0 0.003754373 0.01306038 0.01758102 0.02343537 0.03074099 4.520244e-05 6.255921 19.62075 52.91852 114.7298 217.5796 93 
0.002849296 0.1020319 0.02095469 0.06619548 0.08485265 0.1259855 NaN 0.1411705 67.94059 80.12193 78.5944 3.615924 7.679303 94 
NaN 0.2179353 0.1046134 0.08824443 0.07535534 0.1633302 0.2239056 2.773731e-06 98.52226 119.4638 163.7645 97.58767 0 94 
0 5.01656e-05 0.0036093 0.0128157 0.01811748 0.02331138 0.03106865 1.954509e-05 5.677354 8.798919 10.37961 9.727787 5.192903e-07 94 
0.0001991276 0.004859032 0.329516 0.05326905 0.1215534 0.2999519 0.01556777 0.04688505 1142.831 1810.129 1932.422 75.3374 12.77186 95 
NaN 0.04369406 0.1515929 0.07021184 0.1312454 0.2368407 NaN NaN 456.911 574.3158 670.694 0 0 95 
0 1.816186e-05 0.004054404 0.01182763 0.01729909 0.02194602 0.02955145 0 5.618122 8.981052 10.67675 10.1665 1.382378e-15 95 
0.1425694 0 0.00286285 0.01239587 0.0182604 0.02526945 0.03289728 4.491218e-05 5.280639 9.507456 16.43642 31.57237 62.28875 97 
0.002652585 0.1000286 0.05686059 0.06025278 0.08895501 0.1425926 NaN 0.08420863 170.9782 233.9503 262.4991 7.70764 17.62073 97 
0 0.1314043 0.1153841 0.07856262 0.1131975 0.1705337 0.2055315 1.588833e-15 119.3739 178.394 120.9924 155.6235 2.915449e-09 97 
0 0.01819158 0.2442719 0.04881282 0.09663883 0.17071 0.3083413 7.667305e-06 419.0876 637.3753 784.1763 891.5926 5.437549e-05 100 
0 0.03310101 0.1898155 0.04355736 0.09378013 0.1737491 0.2915376 5.070685e-06 212.0911 385.4985 438.4883 495.2193 9.327389e-06 100 
NaN 0.01912469 0.2378231 0.06092001 0.1195315 0.2087652 0.4647271 2.055378e-06 466.0096 631.9348 783.7718 768.0901 0 100 
