NaN 0.0392727 0.1905007 0.05403527 0.1073221 0.2006239 0.009459218 0.07638855 226.8875 337.7168 368.2487 0 0 1 
0 0.06280336 0.06279841 0.05803912 0.1098691 0.2151647 0 0 100.4201 156.7506 171.8567 3.137052e-14 NaN 1 
8.612532e-08 0.0332397 0.1818321 0.0512168 0.1015485 0.1826154 0.2458828 1.784554e-06 270.9494 418.2926 436.492 452.7094 0.001193628 1 
0 4.383669e-05 0.003139412 0.01448797 0.01775632 0.02498747 0.03261612 3.83259e-05 6.287778 8.772262 10.38017 9.269136 1.614394e-06 4 
NaN 0.01458231 0.2397688 0.05261615 0.1110099 0.2574643 NaN 0.01877595 476.7909 710.4902 978.2541 0 0 4 
0 4.310314e-05 0.003314913 0.0136781 0.01723552 0.02342733 0.0308043 0 6.442384 9.152519 10.77673 9.856418 1.111231e-13 4 
0.3464226 4.01203e-17 0.003593425 0.01382863 0.0180177 0.02410076 0.03137663 3.2797e-05 6.5686 19.11883 51.00368 107.9839 201.0825 5 
1.170993e-10 0.0552304 0.05772495 0.05505458 0.09911133 0.1720696 NaN 0.006912732 89.21819 126.191 125.8228 0 0 5 
0 0.06302151 0.06233341 0.05873083 0.08783786 0.1423384 NaN 0.01259846 108.1542 118.3619 158.8094 0 0 5 
0 0.02851532 0.1107693 0.04517979 0.08924086 0.1815898 3.124658e-12 0 152.4436 229.1276 311.4321 1.803905e-05 1.164146e-13 6 
9.986058e-05 NaN NaN 0.01891333 0.05610739 NaN NaN NaN 103904.6 298636 0 1098.118 1386.117 6 
1.39698e-16 0 0.004186621 0.01103047 0.01880488 0.02367184 0.0308068 3.153168e-05 5.471113 9.744842 11.11994 10.08806 1.419642e-06 6 
0.1282642 0 0.003041272 0.01278225 0.01740655 0.02368556 0.03082869 6.08832e-05 6.122699 10.60075 19.17091 36.52864 68.34284 7 
0 4.259809e-05 0.003672089 0.01425326 0.01817968 0.02496607 0.03232505 0 6.556499 9.28675 10.71858 9.657034 1.317389e-15 7 
0 0.01655391 0.2062262 0.04405119 0.07812472 0.1167456 0.2199732 2.42978e-06 338.5909 432.3827 587.8925 729.9908 3.532017e-06 7 
4.005746e-05 0.01855061 0.2117949 0.05155721 0.09890894 0.1724168 0.3495552 6.147908e-06 430.1065 607.3467 784.5955 851.3857 0.889677 8 
0.001857367 0.03655156 0.1461206 0.05815812 0.1058457 0.1472986 NaN 0.03421081 211.3498 237.6129 283.7846 7.128549 19.5202 8 
1.189934e-09 0 0.003650461 0.01196348 0.01675537 0.02437407 0.03154684 6.440486e-05 5.287857 8.28545 10.43289 9.742258 5.398101e-06 8 
2.912787e-07 0 0.003182751 0.01312217 0.01766146 0.02328123 0.03058206 2.673555e-05 6.390495 9.455272 10.98223 9.944535 0.0001640378 9 
0 0.08067348 0.1328858 0.05260412 0.07312867 0.1123068 0.1881802 2.025023e-14 131.2859 164.8486 200.8345 208.3189 3.536469e-08 9 
NaN 0.01752144 0.2345357 0.05378501 0.1006342 0.133982 NaN 3.121718e-07 497.1456 645.15 718.9891 718.3586 0 9 
0 0.05540397 0.1534049 0.04845568 0.08592815 0.1368374 0.1994456 5.093159e-06 159.7023 242.5366 257.2281 283.1711 6.444617e-06 10 
NaN 0.04946019 0.1546734 0.05660671 0.08961683 0.1404004 0.2648682 8.763837e-06 206.1471 255.6356 318.3473 353.3332 0 10 
0 1.216199e-05 0.002670676 0.01362333 0.0173842 0.02209363 0.02984917 0 6.443834 9.21657 10.69692 10.12072 1.915004e-15 10 
0 8.236023e-06 0.00344247 0.01345874 0.01733926 0.02182781 0.02933861 1.250513e-12 6.514031 9.363188 10.82462 10.38142 6.744316e-13 12 
NaN 0.08478219 0.1289759 0.0594027 0.08939137 0.1332734 0.1909303 7.785855e-06 138.7133 193.2137 184.8064 184.3556 0 12 
0.001029554 0.09932994 0.02110227 0.06390597 0.07825973 0.1108985 NaN 0.2395865 70.06797 74.36409 73.34695 0 2.88774 12 
0 0 0.002126528 0.01262522 0.01790438 0.02343607 0.03086753 6.653976e-05 5.908605 9.143702 10.73863 9.822247 5.919389e-06 15 
0.001696193 0.06595178 0.1235671 0.05513391 0.1066054 0.1882604 NaN 0.04506421 279.344 453.2962 439.4441 6.194619 21.50719 15 
1.132134e-07 5.835825e-05 0.004816446 0.01368207 0.01911995 0.02458017 0.03205207 4.863274e-05 6.375846 9.563684 10.78518 9.6815 6.528409e-05 15 
1.416847e-08 0.08316873 0.1287181 0.05766606 0.07607252 0.1099969 0.1799146 5.732788e-06 147.0085 168.3511 189.3411 184.4845 8.433433e-05 16 
0.0005886186 0.1263068 0.1144685 0.05101653 0.1464953 0.1694326 0.2366164 1.719485e-05 82.49143 229.2063 179.3321 154.0074 1.93166 16 
0.0002781144 0.01271426 0.1979026 0.04594184 0.0980898 0.197982 NaN NaN 384.7276 601.3781 682.0822 0 6.168568 16 
0 0.02028868 0.1458444 0.05752378 0.1165594 0.2087731 NaN NaN 275.4674 358.4091 453.9092 0 0 20 
0 0.08501406 0.131705 0.07473387 0.1039937 0.1592509 0.3151869 1.312395e-05 151.6652 195.3284 208.1086 227.4454 2.178176e-06 20 
0 0.02381273 0.1450642 0.05966036 0.1196965 0.2049092 8.344775e-19 0 233.3889 302.2275 361.8815 3.001771e-11 6.081498e-14 20 
0 2.138403e-05 0.003847957 0.01111708 0.01758428 0.02231756 0.02959578 6.068906e-16 5.469603 9.270997 10.95711 10.24881 5.969115e-15 21 
1.016529e-08 0.03386737 0.1849639 0.05928147 0.120772 0.2306834 0.3034351 1.244135e-05 265.7596 410.7279 408.055 486.161 0.0001309481 21 
6.907782e-06 0.08548853 0.04072088 0.06291077 0.0865883 0.1330059 NaN 0.1037962 78.36212 92.4486 97.44829 0 0.02304917 21 
NaN 0.006637947 0.3523479 0.05029152 0.1087777 0.2286195 NaN 0.0006592501 1077.981 1669.314 2032.855 0 0 22 
0.001767356 0.03395094 0.1465092 0.04921206 0.09884674 0.1872103 NaN 0.07719781 186.536 280.8843 285.4927 4.89554 17.19696 22 
2.52468e-09 0.06650539 0.07333998 0.05904865 0.1198311 0.2222094 NaN 0.05490852 85.37927 141.4848 124.7068 0 0 22 
0 0.1027041 0.01676323 0.06310052 0.07854104 0.1413113 NaN 0.1367224 56.8695 67.05521 82.53661 0 0 23 
0 0.03856233 0.1049032 0.05713182 0.1139802 0.2348442 7.18865e-08 0 142.7592 208.9118 243.2422 2.360081e-05 2.906551e-14 23 
0 2.19539e-05 0.002206148 0.01328449 0.01610634 0.023093 0.03044985 1.284751e-10 6.110864 8.613484 10.56821 9.888287 6.464909e-10 23 
0 0.1978364 0.1060207 0.0703851 0.09987904 0.1238923 0.1908535 1.000816e-05 84.33785 143.3617 148.967 121.5069 2.448826e-06 24 
0.0003699843 0.09749339 0.1070875 0.05363161 0.07228976 0.1106307 0.1902115 7.157659e-06 104.6476 136.9511 158.0661 141.9378 1.540842 24 
0.0005971295 0.04795891 0.1312158 0.04406526 0.08232938 0.1372102 0.2254085 5.524009e-06 119.6348 190.7331 218.1401 221.2838 3.582925 24 
6.987369e-09 0.05511204 0.1535387 0.04778087 0.07832305 0.1287488 0.2460584 4.005665e-06 162.3919 222.7809 286.6173 273.447 0.0001813985 25 
0 0.03932431 0.1221185 0.06389123 0.1218908 0.2400322 0 0 309.1563 406.9343 501.4758 2.771477e-14 NaN 25 
1.913692e-09 0.05547065 0.1506351 0.04907066 0.09917447 0.1795282 0.192344 8.674812e-06 161.601 280.964 249.2926 280.3543 2.145566e-05 25 
9.104608e-05 0.04235448 0.1259574 0.04793103 0.08469962 0.1368075 0.2253358 9.0338e-06 140.7346 201.3777 233.2161 259.2337 0.6367189 26 
0 0.01822042 0.1665207 0.05121005 0.1042035 0.1942217 NaN NaN 278.9298 390.5533 486.2318 0 0 26 
NaN 0.0176505 0.2430374 0.05501066 0.1140773 0.209234 0.01870438 0.07504993 453.4723 630.6668 737.2575 0 0 26 
4.413648e-09 0.05151777 0.07770985 0.05869716 0.1037819 0.1784054 NaN 0.01838006 133.4385 177.1336 197.2981 0 0 32 
0 2.42377e-05 0.002729626 0.01257532 0.01781189 0.0218167 0.02981882 3.39429e-19 5.834949 9.043154 10.53696 10.05737 1.988734e-12 32 
0 4.454872e-18 0.002967253 0.01098514 0.01859722 0.02276847 0.03035604 7.367975e-05 5.217941 9.307755 10.78799 9.936533 7.547457e-06 32 
0 0.03450443 0.1865085 0.05112812 0.1047607 0.1914528 0.2727265 3.720023e-06 232.4911 382.9716 402.5647 463.6914 4.726988e-06 33 
0 2.76756e-05 0.003115058 0.01335837 0.01636022 0.0237491 0.03111363 0 6.037986 8.559698 10.52276 9.688314 8.903945e-16 33 
NaN 0.02348481 0.1552413 0.04813422 0.1064575 0.237023 0.0274321 0.1032076 174.3798 293.3245 317.9116 18.92239 0 33 
0.0004917685 0.07769691 0.05402152 0.05661853 0.1045724 0.1750063 NaN 0.05969753 89.68442 143.3489 125.2427 0 2.006638 36 
0.118704 0.04001241 0.1190843 0.06920498 0.08017139 0.1271008 NaN NaN 167.0178 226.5927 385.4634 386.3352 612.5372 36 
NaN 0.07370087 0.06175319 0.0570263 0.08758422 0.1471971 NaN NaN 115.638 149.4958 177.2317 0 0 36 
0 0.05392972 0.1558906 0.05134484 0.08125128 0.1285447 0.2332767 5.623431e-06 169.8967 218.8857 281.0296 307.5594 5.54969e-06 38 
0 0.009017385 0.2718144 0.05573469 0.1052427 0.1659308 0.3694305 7.766431e-07 969.0012 1207.587 1662.721 1797.919 9.649042e-06 38 
NaN 0.1172512 0.1150813 0.06794316 0.09172966 0.1293401 0.2156606 1.045918e-05 122.6381 175.4646 178.0642 169.7321 0 38 
0.005427077 0 0.002971821 0.01322244 0.01656766 0.02330255 0.03047329 8.666435e-06 6.320327 9.023329 10.8739 10.12528 2.897784 40 
0 2.165776e-05 0.002175462 0.0131755 0.0171959 0.02333007 0.03071622 0 6.11343 8.951538 10.66708 9.887193 2.226612e-15 40 
NaN 0.05021119 0.1562914 0.0555876 0.08434134 0.1326457 0.2694004 4.168896e-06 198.8176 224.9649 320.1758 342.8334 0 40 
0 0.02702522 0.1227698 0.05622826 0.1160513 0.2307778 1.167272e-11 3.393877e-13 203.9288 289.7695 331.6726 0.000157002 1.125291e-11 41 
0 2.664822e-05 0.003655544 0.0123171 0.01709119 0.02311595 0.03048025 0 5.764402 8.867166 10.69467 9.843458 1.076016e-15 41 
0 0.01435415 0.1741092 0.06261852 0.1370987 0.2600247 NaN 3.634184e-05 400.7076 526.1261 607.8645 0 0 41 
2.42463e-13 0.04531324 0.09246784 0.05191511 0.1018281 0.2506201 0.002058772 0.1500597 133.0143 209.684 300.4098 0.09765122 8.80384e-06 43 
0.0008427834 0.09588477 0.02986993 0.05019761 0.06934873 0.1026829 NaN 0.06740263 69.09225 85.67668 92.64374 0 2.475847 43 
0 0.03182604 0.1868813 0.05293655 0.09214908 0.1307724 0.1846677 0 296.7664 363.8808 394.7625 513.8928 3.562731e-13 43 
0 0.1084695 0.05387278 0.06729 0.06334616 6.269455e-108 0.166929 2.088179e-05 125.7298 115.4658 115.4658 182.9094 2.14081e-05 44 
0.1127256 0.01802587 0.2597395 0.04841892 0.05974487 NaN NaN 0 496.254 739.7746 1027.424 1248.585 1661.396 44 
0.0007489949 0.05776801 0.07331696 0.04116746 0.07364388 0.1209315 NaN 0.02402443 95.58619 143.5881 166.636 0 3.641316 44 
NaN 0.04816419 0.1445395 0.05569475 0.1068767 0.1947593 0.04828483 0.1785772 165.6748 237.0829 232.2709 0 0 45 
0.002141587 0.003973043 0.254371 0.04921604 0.096823 0.1578378 NaN 0.01389716 999.7324 1287.963 1797.788 30.60179 117.1542 45 
0 0.031403 0.1868221 0.05052093 NaN 0.1291758 0.3029894 5.265657e-06 272.3173 272.3173 478.4102 552.6042 1.342679e-05 45 
0 0.005486587 0.3295016 0.05402441 0.1076268 0.1775152 0.2164857 2.647684e-07 1188.053 1644.916 1708.415 2236.203 3.123575e-06 46 
0.001124102 0.01592046 0.1804338 0.05231876 0.10103 0.1367886 NaN 0.02161968 339.679 392.7208 499.5093 0 19.80672 46 
NaN 0.1002391 0.04277904 0.07431782 0.1213252 0.185482 NaN NaN 132.0735 194.1647 171.2418 0 0 46 
0.0007193547 0.08493606 0.03915268 0.04815742 0.06791844 0.09775817 NaN 0.1194538 59.91414 70.96988 75.14821 0 1.918201 48 
0 0.02665701 0.1593534 0.04612586 0.1028098 0.2063565 0.2785207 1.302407e-05 182.1121 332.4544 336.1055 428.1901 2.094419e-05 48 
0 1.978101e-05 0.002954034 0.01288477 0.01765423 0.02309619 0.03052104 0 6.120267 9.222499 10.80671 9.915774 7.516728e-16 48 
0 0.05158039 0.1572425 0.05437634 0.09462569 0.1515092 0.2802985 1.687859e-05 176.4276 257.1774 282.5387 348.3416 2.649573e-05 49 
3.103423e-16 0 0.003601896 0.01212528 0.01663401 0.02282229 0.03001833 5.578636e-05 5.844384 8.934763 10.85378 10.04874 4.501335e-06 49 
NaN 0.02453157 0.1761451 0.03728167 0.07434435 0.1347983 0.2625637 1.65605e-07 190.3023 317.5096 428.1203 471.7365 0 49 
0 0.02578908 0.1598259 0.05329478 0.1006282 0.175506 0.3822509 NaN 213.694 304.3372 384.2434 444.5122 3.08837e-09 50 
NaN 0.0550103 0.1158697 0.06361051 0.1088122 0.1809456 NaN 0.03165653 154.7736 194.9205 212.2304 0 0 50 
0 0.0524543 0.09335468 0.07045018 0.1278488 0.2298789 NaN 0.002596192 201.3683 260.8883 278.573 0 0 50 
0 0.04774672 0.1139486 0.07133249 0.1431809 0.315277 0 0 268.538 383.6839 424.2784 3.795087e-14 NaN 51 
0.1315315 0.06816171 0.1400949 0.04207196 0.08201997 0.1251259 0.01214516 0.3235727 109.816 246.9835 333.7327 337.2004 591.2346 51 
NaN 0.07505797 0.05708485 0.05301772 0.1126954 0.1946145 NaN NaN 86.39229 159.7916 144.6807 0 0 51 
0 0.0351985 0.1909243 0.04253386 0.07598283 0.1187918 0.191378 0 211.0574 301.7649 371.7337 440.9731 9.598839e-14 52 
0 0.04940767 0.1459921 0.04597588 0.08223514 0.1296989 0.2003235 0 155.3544 235.4774 251.4539 319.2427 4.672679e-14 52 
0.0001615296 0.03903191 0.1061872 0.05322362 0.0939611 0.1409427 NaN NaN 155.6136 183.9388 222.8008 0 1.315375 52 
0 4.761829e-05 0.001511708 0.01252288 0.01887751 0.02379225 0.03110791 1.075933e-15 5.910799 9.485508 10.82724 9.963806 7.081635e-14 53 
0 0.084604 0.1135517 0.06219508 0.07171482 0 0.1731417 1.240618e-05 136.0337 147.6772 NaN NaN NaN 53 
0.001941545 0.00724202 0.3553725 0.04908094 0.1069648 0.2307759 NaN 0.009803475 991.2984 1572.423 1690.67 63.5667 103.2999 53 
0 0.09742591 0.03738288 0.05623198 0.122968 0.1879745 0.0006675662 0.0025465 83.09979 165.7919 145.9061 0.2255162 1.67135e-06 54 
0 3.043702e-05 0.002497442 0.01355917 0.01794051 0.02274754 0.0303038 2.561299e-14 6.576199 9.555389 10.92925 9.979208 3.23576e-09 54 
0 0 0.003748363 0.0126132 0.01869801 0.02482528 0.03240535 4.941196e-05 5.360611 8.620312 10.24427 9.478543 2.803836e-06 54 
0.000306692 0.08917676 0.03380912 0.05083652 0.0708977 0.109038 NaN 0.1009126 56.51936 70.05446 79.62876 0 0.7739835 56 
0 2.41678e-05 0.00446717 0.01094061 0.01782386 0.02281345 0.03014077 3.721726e-05 5.21867 9.079585 10.79823 10.06529 2.019475e-06 56 
0 0.02563411 0.1245527 0.05179883 0.1019022 0.2152893 1.035022e-17 0 257.4095 362.5205 518.6303 8.573315e-11 4.074173e-14 56 
1.60918e-08 0.01808508 0.1768294 0.04880305 0.09047157 0.1547193 0.3455656 2.297044e-06 267.5009 362.2795 499.7379 516.3811 0.0002264153 57 
0.006135085 0.04188139 0.147242 0.05189394 0.09328469 0.1464912 NaN 0.01301114 172.4534 223.2193 252.8746 28.11501 51.91591 57 
0.1285032 0.02081144 0.2096447 0.05487543 0.1048285 0.1126731 NaN NaN 348.6892 792.296 725.9878 1149.57 1435.818 57 
0 0.04392732 0.104568 0.0534516 0.08561118 0.1102615 0 NaN 217.771 256.9573 296.2219 296.2219 1.756178e-09 60 
0.0009117333 0.0893814 0.03209546 0.05165335 0.07658068 0.1159046 NaN 0.1368289 50.10344 66.41514 58.71543 0 2.037099 60 
0 0.0253657 0.1444404 0.05744503 0.1202729 0.2470131 NaN NaN 235.5764 339.1919 395.377 0 0 60 
0.0002535333 0.009964967 0.1750486 0.05047917 0.08934137 NaN NaN 0.01037037 407.3894 514.6005 514.6177 0 5.83585 61 
0 0.1213493 0.03488137 0.07169828 0.0758428 0 0.1555463 1.821545e-05 113.8492 127.6416 127.6416 132.9305 1.529463e-05 61 
0 3.548155e-05 0.002881675 0.01296495 0.01823923 0.02285934 0.0303262 0 6.326897 9.616923 10.97721 10.05457 2.308471e-15 61 
0 0.0366194 0.09913449 0.06788363 0.127475 0.2128641 NaN 0.001222068 205.2511 235.0683 304.5611 0 0 64 
0 1.774027e-05 0.003963227 0.0121473 0.01745601 0.02271601 0.02998713 0 5.612054 8.851501 10.57615 10.16473 3.447602e-15 64 
9.926363e-09 0.02290462 0.1278821 0.04742215 0.1019477 0.2167848 NaN 0.0205355 179.8645 291.8093 339.7842 0 8.392186e-05 64 
5.890605e-11 0 0.003369889 0.0126799 0.01847159 0.02441403 0.0318271 4.65923e-05 5.832756 9.176531 10.69747 9.656919 0.0003120044 65 
0 0.07537862 0.1111621 0.05223236 0.09160505 0.144575 0.3111731 4.681561e-05 83.84664 137.7662 152.4942 175.4373 3.105621e-05 65 
0 0.03199293 0.1897964 0.04935604 0.08423943 0.1188568 0.1967002 2.364662e-06 274.5558 336.8942 403.2873 523.4919 1.703802e-06 65 
2.141864e-06 0.01676957 0.2456311 0.04311248 0.08605208 0.1592805 0.3297227 2.99359e-06 440.4116 696.9154 922.6546 981.1092 0.05127141 66 
0.117123 0.03074531 0.1820932 0.06577797 0.0862171 0.127411 NaN NaN 338.9276 523.6384 720.3786 832.1697 1313.34 66 
2.779507e-12 0 0.003246549 0.01126537 0.01835543 0.02514541 0.03241609 7.3197e-05 4.945499 8.627672 10.45304 9.607667 6.778763e-06 66 
1.229012e-07 0.02297839 0.1551825 0.04798392 0.09338511 0.1594548 0.2474598 4.188397e-08 210.9124 313.4572 357.2248 414.3136 0.001359458 68 
0 0.05633329 0.0808165 0.06397679 0.1245045 0.2388778 NaN 0.001027918 144.2711 216.4748 219.9837 0 0 68 
NaN 0.03330632 0.1914434 0.0467224 0.09210906 0.1742008 0.3795979 1.555549e-05 216.6977 352.9341 461.5421 493.5761 0 68 
0.0006190359 0.001410384 0 0.04589103 0.1068468 0.2581819 0.00076849 NaN 4425.331 7825.42 8207.207 0 159.7145 72 
0 0.03301961 0.1396231 0.05132379 0.09334864 0.1487238 0.2179238 0 187.5204 258.3979 278.6791 342.0824 2.253318e-14 72 
NaN 0.03270013 0.1857278 0.05516575 0.1036875 0.1801981 0.3317052 7.737935e-06 269.8751 387.8255 461.8679 498.9525 0 72 
0.04146901 0 0.003846641 0.01288046 0.01756794 0.02373119 0.03078893 0 5.976534 9.157384 11.75133 14.76437 20.98162 73 
0 0.0191489 0.2414487 0.0499869 0.08931978 0.128173 0.216236 3.476078e-06 440.4307 543.0211 699.193 811.9925 1.833857e-05 73 
0 0.08505987 0.1346429 0.04912935 0.08502934 0.1292142 0.2261134 0 106.4896 177.6743 194.7154 212.4744 2.577197e-14 73 
6.496834e-09 0 0.002630322 0.01269768 0.01929436 0.0240488 0.03129297 0 5.980608 9.606289 10.82953 9.977782 0.003026497 74 
2.704073e-09 0 0.002666684 0.01265359 0.01926877 0.02403544 0.03149921 4.992444e-19 5.833306 9.420926 10.69999 9.832203 0.001910246 74 
0 1.086321e-05 0.002687285 0.01234621 0.01768198 0.02312082 0.03026533 0 5.839759 9.12876 10.77708 10.15636 2.193206e-15 74 
0 0.01613842 0.1493753 0.05320822 0.1063705 0.1905513 NaN 0 265.4842 341.2309 465.9867 0 4.716747e-14 75 
0 0.01172534 0.2029348 0.04904444 0.09956647 0.190263 2.466327e-10 1.762138e-11 525.6527 738.6742 1007.459 0.001193108 1.530148e-10 75 
0 2.318348e-05 0.002984871 0.0127822 0.0175084 0.02326136 0.03044252 4.730082e-05 6.122672 9.234245 10.87036 10.09379 3.297885e-06 75 
0.001006225 0.06153197 0.09984591 0.04850188 0.09915609 0.178757 NaN 0.002677148 173.4439 301.7628 292.1232 0 8.47774 77 
0 0.1163766 0.1123152 0.08214836 0.08376021 0.1156597 0.1675899 5.749977e-06 157.9946 162.3527 148.1731 153.0039 1.958616e-06 77 
5.131781e-07 0.03093608 0.1246052 0.04923969 0.09564172 0.1764255 NaN 0.01706003 168.4079 240.8328 302.2915 0 0.004719681 77 
0.1068251 0.0294658 0.1930893 0.06943026 0.1148076 0.1868361 NaN NaN 355.142 645.8984 762.2912 840.3154 1376.991 79 
3.562137e-07 0 0.00342668 0.01278186 0.01823368 0.02417948 0.03145113 6.854556e-05 5.905218 9.154421 10.71038 9.837498 0.0001927774 79 
6.730688e-07 0.01816098 0.2408649 0.05646301 0.1092746 0.1924652 0.4184289 6.28949e-06 477.7013 656.2395 843.9359 886.4518 0.01636383 79 
0 0.004530983 0.3305868 0.05312233 0.1184781 0.2777612 NaN 0 1234.811 1898.775 2308.583 0 0 81 
0 0.1298917 0.1144334 0.07641166 0.102851 0.1335263 0.2052286 1.859395e-05 119.8418 171.8104 148.4847 148.4624 1.359044e-05 81 
1.450849e-08 0 0.004152922 0.0126465 0.01870174 0.02426306 0.03152598 5.873714e-05 5.981792 9.463095 10.8588 9.864886 8.495944e-06 81 
0 0.02778156 0.1728758 0.0482473 0.08807023 0.1449339 0.2661665 4.52621e-06 193.2084 270.8446 350.3447 390.3201 6.799905e-06 82 
1.598179e-07 0 0.003390376 0.0126769 0.0177743 0.02420467 0.03137642 2.119e-05 5.907434 9.07884 10.76099 9.876047 8.182771e-05 82 
0 2.343511e-05 0.004932641 0.01394773 0.01844481 0.02553581 0.03291402 1.420587e-15 6.164897 9.005076 10.50777 9.535711 9.678703e-15 82 
0 0.07909139 0.0520166 0.06416382 0.08729176 0.1503134 NaN NaN 100.8819 109.9216 146.0347 0 0 83 
NaN 0.09634399 0.02889825 0.05549162 0.09322646 0.1425992 NaN 0.02021226 66.77757 105.4635 102.4796 0 0 83 
8.145485e-05 0.05541139 0.1508199 0.0526856 0.102261 0.175849 0.2293985 2.909411e-06 170.4047 280.7181 268.6781 276.6342 0.6502617 83 
3.243932e-10 0.04608646 0.09856155 0.05544199 0.1182444 0.2479837 NaN NaN 125.1162 205.6151 200.2741 0 0 84 
5.19044e-07 0.03469277 0.1828367 0.04829276 0.106571 0.2115481 0.2890721 3.085792e-06 231.4909 416.0653 423.4119 422.1343 0.006238949 84 
0 2.58282e-05 0.003421509 0.01259553 0.01826199 0.02261472 0.03013182 0 5.982876 9.362972 10.78134 10.14866 2.323201e-15 84 
0.0006184586 0.0632075 0.09672737 0.05767666 0.09205024 0.138591 NaN 0.003148476 212.8888 255.8011 272.6973 0 5.896121 85 
NaN 0.02955391 0.1795254 NaN 0.05569 0.1642244 NaN NaN 0 0 0 0 0 85 
0 0.03219502 0.1913121 0.04853693 0.08648017 0.1332733 0.2353948 7.494243e-06 251.2287 344.3765 403.6418 534.7083 1.228939e-05 85 
NaN 0.01749921 0.2435953 0.04675192 0.08773512 0.1470308 0.2819039 2.645638e-06 460.0521 644.6573 853.3364 918.2484 0 86 
0 0.0155963 0.2423438 0.05041837 0.1084353 0.2310689 0.00195314 0.002944696 468.2941 725.1471 878.28 2.868907 5.078944e-05 86 
0 0.03550715 0.1015006 0.05482792 0.1035232 0.1963343 NaN NaN 176.2453 239.0448 314.7319 0 0 86 
4.776736e-09 0 0.002782417 0.01448794 0.01721263 0.0251039 0.03260941 6.35385e-17 6.287768 8.645994 10.3834 9.432822 0.002429178 87 
6.584082e-09 0 0.002139604 0.01317549 0.01827237 0.02379224 0.03127042 0 6.113428 9.244916 10.71622 9.761121 0.00268852 87 
0.1206901 0.03005802 0.1589316 0.05841316 0.1035149 0.1525593 NaN 0.04119627 218.122 450.6977 577.9605 576.4108 960.8073 87 
0 0.1810784 0.1040067 0.08361307 0.07574589 0.1049795 0.1652128 1.534338e-05 114.0122 134.9007 134.9318 119.5888 7.693169e-06 88 
0 0.004802849 0.3243319 0.05024207 0.08620933 0.0009807033 NaN 0.002535439 1148.815 1378.22 1378.024 0 0 88 
3.355469e-07 0.1390558 0.1123279 0.09258278 0.09533849 0.1687332 0.3445935 2.000064e-05 134.8278 157.1099 182.4908 119.404 0.001294086 88 
0.0007582512 0.006213409 0.2533717 0.05241925 0.1134722 0.2309821 NaN 0.0008766078 877.6306 1310.426 1484.799 0 36.93294 90 
0 4.436876e-05 0.004447083 0.01317523 0.0187543 0.02275562 0.0304215 6.373729e-05 6.455862 9.820076 11.0099 9.956564 5.577617e-06 90 
0.1308587 0.06667459 0.1459332 0.06131168 0.07278704 0.1163548 0.004403012 0.04858372 164.7813 208.7151 432.4772 446.8606 736.1928 90 
0.1261943 0.06233329 0.1204195 0.04522163 0.06989341 0.112126 4.074527e-05 NaN 86.53678 157.5949 237.1147 234.5571 400.2914 91 
0 3.479951e-05 0.002579232 0.01342944 0.01905498 0.0239256 0.03162176 1.298298e-19 6.177545 9.41751 10.68288 9.564796 6.54973e-13 91 
0 0.1797964 0.1083606 0.06673092 0.0775076 0.09952422 0.2258289 2.509156e-05 87.52619 126.7107 129.9421 156.6855 1.596594e-05 91 
0 0.04193533 0.07291454 0.05479665 0.0944448 0.171389 NaN NaN 103.461 124.5576 181.0856 0 0 92 
NaN 0.02746578 0.1833524 0.05251754 0.1047223 0.1997038 NaN 0.02603693 244.7915 353.1288 447.6383 0 0 92 
1.071088e-12 0 0.003975222 0.01214944 0.01768587 0.02301386 0.0301733 6.816796e-05 5.843882 9.240028 10.87701 10.17812 7.118262e-06 92 
0 0 0.002295671 0.01306858 0.0165331 0.02240488 0.02998234 5.131507e-05 5.972339 8.640573 10.45496 10.0381 3.955572e-06 93 
0.0005777092 0.0912595 0.05603602 0.05201522 0.07918916 0.1204203 NaN 0.05779154 115.8722 157.5679 162.1624 0 2.779041 93 
1.634291e-09 0 0.002865263 0.01285626 0.0173938 0.02321774 0.03045998 3.27644e-18 6.260997 9.34367 10.97262 9.986962 0.001609859 93 
0.001964316 0.1013312 0.02394537 0.06701207 0.0869334 0.1293172 NaN 0.1291996 75.52447 89.95676 87.50738 1.843966 5.840433 94 
NaN 0.2044647 0.1047525 0.0847948 0.07837324 0.1587592 0.2057739 2.362391e-05 99.86063 126.3938 168.0363 111.5255 0 94 
0 2.862409e-05 0.003540694 0.01249173 0.01786644 0.02293658 0.03057009 0 5.683736 8.895433 10.51122 9.902222 9.639361e-16 94 
1.353736e-05 0.004697245 0.3230903 0.05238447 0.1191417 0.2889797 NaN NaN 1163.432 1849.259 1995.201 0 0.8937214 95 
NaN 0.04634172 0.1492564 0.06755998 0.1242624 0.2189897 NaN NaN 445.6319 569.9128 647.0841 0 0 95 
0 0 0.003981194 0.01161606 0.01698452 0.02159116 0.02916103 1.263891e-05 5.622171 9.00414 10.75262 10.26446 2.54735e-07 95 
NaN 0.08307625 0.06589896 0.05387877 0.09192056 0.1938385 NaN 0.07974034 96.88746 150.0101 207.8519 0 0 97 
0.001837786 0.09494796 0.06654336 0.05796388 0.08672644 0.1407692 NaN 0.06060928 188.5102 257.6988 297.3303 1.114011 13.84993 97 
0 0.1266779 0.1158053 0.07387049 0.1077736 0.1674224 0.1972659 1.248997e-05 118.6897 178.935 120.3042 161.9864 4.430032e-06 97 
0 0.01805805 0.2448835 0.0473051 0.09361097 0.1646935 0.2912121 5.096898e-06 422.0922 646.4243 793.8204 908.6226 1.993814e-05 100 
0 0.03238646 0.1905059 0.04151566 0.08850999 0.1614402 0.2703123 3.072366e-06 214.7127 388.4418 449.0481 508.9319 5.63926e-06 100 
0 0.01313122 0.230743 0.06277854 0.134646 0.2615177 0.0003995605 0.005791899 541.6923 717.5608 907.118 0.3626083 2.768072e-06 100 
