0.02377876 0.023551 0.01093183 0.0205314 0.03027865 0.04272045 0.06783294 5.450251e-15 22.17122 29.66502 34.79972 42.97888 40.18765 1 
0.02180465 0.02358053 0.009529737 0.01892565 0.02868064 0.04110725 0.06211903 7.745588e-16 20.04977 27.5587 31.54265 34.81725 35.08425 2 
0.02045814 0.02236414 0.00865907 0.02119366 0.03000792 0.04105817 0.06011771 1.441276e-05 22.18682 26.99514 31.30335 36.25396 37.45372 3 
0.02162626 0.02352928 0.009609995 0.01947942 0.02619669 0.03825201 0.06158723 9.473519e-06 20.46945 24.23169 32.62264 34.96249 34.17833 4 
0.02501782 0.02476414 0.01065857 0.0177534 0.02755133 0.04063386 0.06236937 1.129995e-05 19.54902 28.31076 34.64135 35.45157 39.24341 5 
0.02181516 0.02368023 0.01024779 0.01787806 0.02562857 0.03696956 0.05602554 1.632355e-05 19.26765 24.98802 31.0566 32.02569 34.46519 6 
0.0236155 0.02481532 0.01012377 0.01714371 0.02576085 0.03513611 0.05040418 2.099366e-16 18.94791 26.29547 29.38011 35.33639 33.95962 7 
0.02172452 0.02276489 0.00975456 0.01985687 0.02960114 0.04088546 0.05813217 5.651344e-16 21.83192 28.98602 32.19494 38.40215 38.43404 8 
0.02217255 0.02355799 0.009255805 0.02023475 0.02758734 0.03755396 0.05797981 2.761929e-15 20.62879 24.72173 30.72933 37.32799 35.12385 9 
0.02381303 0.02295592 0.008711049 0.02211755 0.03093113 0.04187978 0.06672495 3.067712e-05 24.3213 29.91458 36.66397 48.17187 44.1624 10 
0.02111471 0.0236082 0.009514079 0.01668297 0.02552567 0.03425993 0.04950135 8.824091e-16 17.13716 24.21738 25.97518 32.33851 28.63411 11 
0.02168672 0.02376883 0.008964395 0.02130512 0.02912679 0.03937911 0.05794479 6.428041e-17 22.86687 26.52042 31.65451 35.94986 37.78108 12 
0.02200786 0.02266282 0.01044578 0.02107211 0.02996103 0.0422636 0.06672577 1.104222e-05 21.53938 27.13361 33.92064 40.26571 38.76417 13 
0.02169767 0.02365983 0.0095847 0.0186286 0.02684577 0.03769598 0.0581011 2.413657e-05 19.08997 24.8684 29.50565 34.18463 32.03448 14 
0.02125802 0.02321991 0.009899635 0.01955821 0.02751273 0.03779092 0.05644123 9.587907e-16 20.75223 25.73463 30.34784 35.34215 34.80497 15 
0.02325955 0.02367766 0.009664247 0.01856407 0.02779828 0.03933018 0.0575437 5.220183e-16 21.18248 28.83154 33.93515 37.65794 38.91427 16 
0.0219835 0.02400053 0.01000705 0.01796994 0.02663913 0.03780543 0.05515842 1.420999e-05 19.85919 26.54822 30.84073 31.91532 34.92695 17 
0.0222432 0.02414261 0.009730376 0.01849904 0.02688817 0.03705379 0.05504339 2.069958e-05 19.44809 25.56423 29.12738 34.34965 33.01782 18 
0.02369021 0.02411134 0.009510717 0.01770919 0.0277514 0.03801215 0.05240183 3.573216e-16 19.79682 28.69266 30.78822 37.8276 36.86154 19 
0.02097221 0.02340215 0.009223946 0.01930815 0.02824023 0.04084379 0.06327578 1.083821e-05 19.80026 25.86634 30.57441 32.03423 33.87373 20 
0.02233027 0.02480453 0.009090207 0.01776623 0.02598234 0.03470886 0.04899073 2.274953e-16 18.38571 24.29211 25.67958 31.07878 30.22574 21 
0.02210824 0.02355424 0.008633184 0.01911762 0.02914616 0.04156833 0.06206599 2.828017e-05 20.83487 28.67597 31.92264 35.67985 35.89657 22 
0.02221399 0.02495341 0.01020813 0.01714832 0.02466702 0.03336715 0.04729957 1.156513e-05 18.45106 24.0141 26.8182 30.65193 30.58221 23 
0.02135518 0.02393799 0.009670638 0.01818486 0.02469497 0.03360616 0.05119937 2.30068e-16 18.91586 22.89726 27.71259 32.94485 30.05224 24 
0.02168928 0.02246619 0.009551345 0.02109755 0.029998 0.0402664 0.06079216 1.117199e-05 22.51986 28.04642 32.76304 42.19173 39.10101 25 
0.02125784 0.02340606 0.009149006 0.01959355 0.02731287 0.03750302 0.05613584 1.359023e-05 20.52079 25.17629 30.0928 34.80205 34.14152 26 
0.02331679 0.02379852 0.008827841 0.0198208 0.0282243 0.03973713 0.06339184 8.67422e-16 21.3818 27.44633 33.73603 40.74956 37.16352 27 
0.0217374 0.02303784 0.009167491 0.02087403 0.028659 0.03921719 0.06116597 4.706361e-05 21.87184 26.16672 32.25482 39.0018 37.25025 28 
0.02102231 0.02311461 0.009012337 0.01903854 0.02725933 0.03755644 0.05554997 2.098055e-16 20.60025 26.21349 30.61318 35.53771 34.46419 29 
0.02391889 0.02639519 0.01019156 0.01772971 0.0259462 0.03571401 0.05192237 1.23566e-05 17.95592 24.04184 26.89203 30.51522 30.48031 30 
0.02134773 0.02256884 0.009119751 0.02143086 0.03087947 0.04216277 0.06081261 8.369637e-16 23.30645 29.10068 32.89715 39.72624 40.15257 31 
0.02319174 0.02482126 0.01096281 0.02089587 0.02795258 0.03663347 0.0528051 5.835873e-16 22.03244 25.18932 30.0418 36.0367 37.50578 32 
0.02247249 0.02442916 0.0101711 0.01847334 0.02772512 0.03842119 0.05692368 1.109609e-15 19.49908 26.58022 28.54852 33.97462 33.14131 33 
0.02240362 0.02411848 0.01004145 0.01794094 0.0270888 0.03823101 0.05773978 4.376118e-05 18.83759 26.10943 29.84918 34.234 32.74176 34 
0.02338269 0.02391747 0.009804094 0.01879762 0.02984675 0.04164729 0.05865644 7.233875e-17 19.75778 28.93391 30.78608 37.63394 36.79804 35 
0.02336761 0.02479238 0.01051023 0.01820791 0.02468884 0.03343091 0.05033782 3.63201e-16 19.53719 23.78635 29.12371 35.17674 33.29037 36 
0.02177297 0.02312896 0.008942927 0.02009072 0.02811986 0.03891894 0.05890565 1.659636e-16 21.58263 26.52438 32.42982 37.49593 36.77502 37 
0.02179497 0.02427737 0.009301412 0.01850996 0.02503348 0.0339137 0.0517492 2.064931e-05 18.80652 22.65646 27.06455 32.37996 30.00394 38 
0.02267497 0.02437864 0.009594063 0.01636353 0.02374944 0.03510101 0.05508574 1.015225e-16 16.68336 22.61781 28.98592 31.21085 29.46588 39 
NaN 0.01398721 0.01010817 0.02311335 0.03789641 0.05588486 0.08595037 NaN 25.34639 32.27958 35.26169 36.9505 0 40 
0.02206198 0.02309653 0.009374781 0.02006023 0.02935502 0.04065884 0.06066504 1.528149e-05 21.27107 27.76544 31.53883 37.96935 36.92592 41 
0.02271323 0.02301384 0.009556408 0.0211776 0.02980783 0.04207024 0.06492377 1.717598e-15 22.76697 28.09668 35.06071 39.5352 41.24013 42 
0.02233221 0.02330377 0.009462029 0.02037578 0.02872121 0.03936519 0.05941526 2.170426e-16 21.88378 27.19718 32.94844 39.61055 37.9411 43 
0.0218382 0.02307785 0.00961767 0.01850282 0.02645263 0.03894288 0.06117527 1.322487e-05 20.36301 26.17818 33.87923 34.68337 36.55201 44 
0.02165931 0.02331929 0.009481166 0.02054913 0.02933459 0.04037988 0.060042 1.27606e-16 21.16685 26.55967 31.07938 36.5011 35.87689 45 
0.02414095 0.02387147 0.0108691 0.02161249 0.0303117 0.04105409 0.06122362 1.450624e-15 22.68731 27.96031 33.42421 41.35845 41.35725 46 
0.02258435 0.02418511 0.009762004 0.01876667 0.02699813 0.03765419 0.05620221 1.274212e-16 19.45843 25.29609 29.94963 34.26526 33.93009 47 
0.02286752 0.02448872 0.009577165 0.01726507 0.02568276 0.03709272 0.05625253 2.255949e-16 18.21161 24.99063 30.44902 32.70144 32.33681 48 
0.02100273 0.02369061 0.009373179 0.01920015 0.02694429 0.03558043 0.05102786 2.739043e-16 20.12992 24.76054 27.25723 33.51427 31.95049 49 
0.02120493 0.02317368 0.009628412 0.01876164 0.02834547 0.04001766 0.05953081 4.816046e-17 19.80746 27.01181 30.00253 34.17066 33.98115 50 
0.02168738 0.02358747 0.009138578 0.01871208 0.02857581 0.03940545 0.05454403 3.699594e-16 20.12243 27.63038 29.01934 34.21302 34.26738 51 
0.0192161 0.02170819 0.0078954 0.0217495 0.03071615 0.04270229 0.0671672 1.708969e-05 22.43681 26.95331 32.11386 37.35408 35.15726 52 
0.0208833 0.02260641 0.008797306 0.01975702 0.02784429 0.03950488 0.06168696 5.31067e-05 20.98013 26.13575 32.35812 36.41395 35.56269 53 
0.02232737 0.02441175 0.009789393 0.01851337 0.02641343 0.03714638 0.05583394 1.064205e-05 19.15005 24.64901 29.58342 32.89392 32.67673 54 
0.02224644 0.02440334 0.009620338 0.0165059 0.02598372 0.03638147 0.05329256 2.814265e-16 17.14196 25.09639 27.66604 31.37151 29.84212 55 
0.02197118 0.02377127 0.009343176 0.01977833 0.02885653 0.03921536 0.05463797 9.142801e-16 20.74033 26.74924 28.80566 34.38802 35.40582 56 
0.02333144 0.02484993 0.009120932 0.01843378 0.0265893 0.03704485 0.05751957 3.756886e-05 19.02252 25.09647 29.38153 35.08224 32.36053 57 
0.02250087 0.02257789 0.009336189 0.02239719 0.03489076 0.04923086 0.07251284 4.218853e-05 23.00123 32.19374 33.70345 45.58394 42.05594 58 
0.02092383 0.02270106 0.008967713 0.0195777 0.02769914 0.0394785 0.06338652 9.747875e-17 20.24984 25.52785 31.52041 36.32294 33.67177 59 
0.02124055 0.02342723 0.009126841 0.01761905 0.02441242 0.03666324 0.05851769 1.554089e-05 18.18399 22.89251 30.77363 31.50877 31.17149 60 
0.02082132 0.0223089 0.009085557 0.02138089 0.03225671 0.04477166 0.06262094 3.142754e-16 22.26475 29.49514 31.37702 38.94488 38.50452 61 
0.02195269 0.02483821 0.01010629 0.01739324 0.02358317 0.03216755 0.04669077 2.179943e-16 18.4935 22.41938 26.68961 29.59868 30.23647 62 
0.01986903 0.02237708 0.009101613 0.01917394 0.02848466 0.03830671 0.05275146 1.566885e-16 20.18816 26.53669 28.10112 34.54843 33.05237 63 
0.0235573 0.02430205 0.009504268 0.01812143 0.02694721 0.03687422 0.05480686 2.770657e-17 20.23272 27.59002 31.04623 38.60135 35.5819 64 
0.02300349 0.02448239 0.00972364 0.01740698 0.02553152 0.03670433 0.05562158 1.366497e-05 18.44142 24.87681 30.41654 32.91808 32.76604 65 
0.02255023 0.0230285 0.01030908 0.02011984 0.0318751 0.04522698 0.06114222 1.455703e-05 21.62097 30.93056 32.06395 38.4089 40.12389 66 
0.02115976 0.02291831 0.009701211 0.02153512 0.02781823 0.03647388 0.05664273 1.547889e-05 22.87775 24.40217 31.84098 38.37754 37.63416 67 
0.02170484 0.02278842 0.009740087 0.02161274 0.03208239 0.04362757 0.06130711 2.253635e-15 22.16396 29.00495 31.04156 40.45656 39.18703 68 
0.02236638 0.02376826 0.009800128 0.01859455 0.02656699 0.03689914 0.0557977 1.671438e-16 19.94675 25.73084 30.4743 35.69792 34.55366 69 
0.02157275 0.02304673 0.009418735 0.02069795 0.02980244 0.04043297 0.05904055 1.265947e-05 21.74403 27.48031 30.72215 37.9897 36.92828 70 
0.02053596 0.02243105 0.008827916 0.02008094 0.0293572 0.04049347 0.05950249 2.867295e-05 21.65091 27.8162 31.02448 36.97945 35.87698 71 
0.02340581 0.02365835 0.01045104 0.01867017 0.02805841 0.04061808 0.06267808 7.740905e-17 20.21458 27.95389 33.90702 37.96453 37.97454 72 
0.02258123 0.02477323 0.009089983 0.01683787 0.02582685 0.03431726 0.04852502 2.428668e-05 17.55616 24.9166 25.63622 32.71364 30.0948 73 
0.02237435 0.02384139 0.009562645 0.01877572 0.02797846 0.03792801 0.05307043 3.829159e-16 20.31685 27.27031 29.89787 36.26252 35.08847 74 
0.02201726 0.02417136 0.009155781 0.01897179 0.02764277 0.03752296 0.05490531 0 19.76655 25.77954 27.92518 34.06008 32.35759 75 
0.02185975 0.02394559 0.008092737 0.01791309 0.02718188 0.03866543 0.05865405 3.120398e-16 18.74603 26.01136 29.42034 32.76503 31.83531 76 
0.02164143 0.02209455 0.00901944 0.02311799 0.033238 0.04620499 0.06860266 1.814621e-16 25.10519 30.73866 37.19966 41.90427 45.34384 77 
0.02196412 0.02389793 0.009702869 0.01869803 0.0267161 0.03782646 0.05756025 1.776004e-16 19.44811 25.04646 30.0795 33.31571 33.62505 78 
0.02190694 0.02356626 0.01050256 0.0189699 0.02707547 0.03653336 0.05248802 3.569685e-16 20.44956 26.03013 29.38835 35.43657 35.54784 79 
0.02190443 0.02252338 0.009537967 0.02052692 0.02948211 0.03998891 0.05882857 2.276882e-15 22.69506 28.69262 33.67344 41.67554 40.01415 80 
0.02077309 0.02281943 0.00862767 0.01885388 0.02790859 0.03898239 0.05870574 9.891045e-16 19.98358 26.61815 30.34584 35.5735 33.50932 81 
0.02303253 0.02358946 0.009381938 0.02015595 0.02832558 0.03807093 0.05609286 1.428865e-05 21.02126 26.24003 31.32679 38.91045 37.96209 82 
0.0242429 0.02390461 0.009103985 0.02045249 0.03033508 0.04199207 0.06180293 6.112583e-16 22.32429 29.83957 33.89218 41.57001 40.20978 83 
0.02126983 0.02182443 0.009266045 0.02043635 0.02959582 0.04213552 0.06557088 4.536213e-16 22.7093 29.16986 36.32185 41.98442 40.94946 84 
0.0225186 0.02468788 0.009565561 0.01784084 0.02619577 0.03731881 0.05574285 1.781537e-16 19.04131 25.41962 29.76689 31.42768 33.10869 85 
0.02210986 0.02463425 0.0101605 0.01769492 0.02678997 0.03704668 0.05316706 2.488567e-16 17.63405 24.43542 26.52697 30.21157 30.54032 86 
0.02172551 0.0236803 0.009758599 0.01931104 0.02752678 0.03843716 0.05739572 9.873313e-06 20.23175 25.61949 30.26362 33.87146 34.25044 87 
0.02003873 0.02161452 0.009494818 0.02319129 0.03499634 0.04939173 0.06868708 1.327371e-16 23.85321 30.69728 32.47716 39.92287 40.65607 88 
0.02319537 0.02423782 0.009212698 0.01925411 0.03024464 0.04164534 0.0595978 1.24764e-05 19.52178 28.11691 29.36878 37.59635 34.37588 89 
0.02269298 0.02355017 0.009118434 0.01915536 0.02797338 0.03928588 0.05859331 8.93869e-17 20.75113 27.33937 32.34751 36.97446 37.15505 90 
0.02259443 0.02380244 0.009905943 0.02027301 0.02862843 0.03974467 0.05906211 1.145177e-05 21.52318 26.74905 31.89951 35.99994 37.49877 91 
0.02401211 0.02518901 0.01074295 0.01773932 0.02596775 0.03644043 0.05404859 9.668098e-06 19.15869 25.78678 30.08018 33.77282 34.77525 92 
0.02323295 0.02361576 0.01053915 0.01972371 0.02895255 0.03993267 0.05849494 6.727094e-16 21.59711 28.52986 32.3764 39.22387 38.99924 93 
0.02100293 0.02389428 0.008882049 0.01912485 0.02748451 0.03719327 0.05298436 4.566938e-16 18.67736 23.78062 26.07296 30.33971 30.22498 94 
0.02037364 0.02312419 0.00842954 0.02017604 0.02691557 0.03577034 0.05385596 3.367798e-16 21.25869 24.16023 29.35757 34.87618 33.1585 95 
0.02154702 0.02310628 0.009237247 0.02024429 0.02908608 0.03963637 0.05720204 2.526867e-16 21.17189 26.77438 30.26422 36.10729 36.46336 96 
0.02297448 0.02541602 0.009442208 0.01851729 0.02589169 0.03573779 0.05245677 2.136147e-16 19.36409 24.18995 28.29573 31.31023 32.13789 97 
0.02394483 0.02465199 0.009704264 0.01935962 0.02776872 0.0403959 0.06357672 1.193369e-05 20.98083 27.1874 33.36575 35.3783 37.39313 98 
0.0216989 0.02329646 0.01110462 0.01920316 0.02820411 0.03898445 0.05635827 1.246264e-16 20.20445 26.48155 29.54584 34.34501 35.05392 99 
0.02261838 0.02451544 0.01020403 0.01879139 0.02799819 0.03834577 0.05267123 9.578135e-16 20.18081 27.03241 29.22599 33.61803 35.48901 100 
