0.05749908 0.03594678 0.02813807 0.01591198 0.02015614 0.02856664 0.04324781 1.213016e-05 22.27762 32.87993 50.51228 70.44964 91.26365 1 
0.06267644 0.03991916 0.03054064 0.0158252 0.01977024 0.02571245 0.03702109 0 22.0076 31.9756 44.77009 68.66974 89.23984 2 
0.07033391 0.03768092 0.03023738 0.0143997 0.02086643 0.02797124 0.03937309 1.699265e-21 20.07147 34.86158 48.29989 73.81494 113.6872 3 
0.06832892 0.03588011 0.03058899 0.01840397 0.0270469 0.03532176 0.05221892 7.493712e-15 27.55503 50.31471 65.48181 98.25199 130.5899 4 
0.05883166 0.03570573 0.02780986 0.01607401 0.02091274 0.02777724 0.03995832 1.420723e-20 22.3328 34.13699 48.48718 72.83716 100.3195 5 
NaN 0.02907954 0.01932749 0.01551403 0.02218041 0.03132522 0.04834123 1.81308e-05 20.56121 26.27156 30.71042 32.28732 0 6 
0.000386627 0.02726434 0.01887875 0.01585321 0.02312314 0.03290426 0.04967846 6.813775e-13 20.58052 26.59563 31.06526 31.84985 0.8388829 7 
0.07325068 0.03609902 0.02998011 0.01897456 0.02510344 0.03334025 0.04910063 4.334781e-15 25.1494 43.18127 63.57451 102.2773 145.8071 8 
NaN 0.02787584 0.02150622 0.01660069 0.02514791 0.03507773 0.05424529 1.70269e-05 22.25725 29.63367 33.61932 38.5556 0 9 
0.0693316 0.03358345 0.02904077 0.02194274 0.02578002 0.03617225 0.05424457 5.361876e-16 30.34842 45.89034 76.88055 112.7875 165.4971 10 
0.05321286 0.03950861 0.02879788 0.01418554 0.01782735 0.02438935 0.03515581 0 18.4188 25.82766 37.23051 50.1822 65.29684 11 
0.07345075 0.03880205 0.03090117 0.01682894 0.02053731 0.02844049 0.04150616 0 22.86287 35.00585 57.78555 83.50475 129.5387 12 
0.05433346 0.03968746 0.02929847 0.01364084 0.01813446 0.02458573 0.03484068 2.617698e-17 19.40859 28.46896 38.7576 50.62915 70.03869 13 
0.07172929 0.03752136 0.03028672 0.01842395 0.02196892 0.03061849 0.04525222 1.138697e-05 25.86995 39.61436 65.20706 95.37724 137.6972 14 
0.05535352 0.03756613 0.02852871 0.01353906 0.0210807 0.0274061 0.03804255 9.805274e-22 18.30244 31.81901 37.6131 54.23371 75.6907 15 
0.001184421 0.02757558 0.01997104 0.01606085 0.02397188 0.03460967 0.05368436 6.022116e-08 20.73571 27.48442 32.5138 34.0248 2.512449 16 
0.06167158 0.03802165 0.02874748 0.01621684 0.0195356 0.02820405 0.04155564 2.513439e-05 22.40602 32.50398 53.07702 72.24003 99.37877 17 
0.071419 0.0369553 0.03089654 0.01839216 0.02203705 0.02970225 0.04347589 2.397098e-05 25.01223 37.72565 60.83064 93.47564 134.6226 18 
0.06734602 0.03660364 0.02985989 0.01742402 0.02346313 0.03093286 0.04504408 6.191266e-06 24.25316 40.88053 57.27832 89.05549 123.2548 19 
0.06514358 0.03837734 0.02987857 0.01684345 0.02228425 0.03037042 0.04424432 2.842702e-19 24.29501 39.28819 56.23847 78.22977 110.5791 20 
0.06069593 0.03888025 0.03012712 0.0158365 0.02050415 0.02723117 0.03832677 1.819275e-21 23.60649 35.35275 48.12922 67.88518 93.88594 21 
0.0646293 0.03806546 0.02974568 0.01559132 0.02127254 0.02902991 0.04248223 1.754188e-05 22.11144 36.35283 51.98505 74.00113 103.2232 22 
0.06725394 0.0365132 0.02994534 0.01722581 0.02123378 0.03269683 0.04873667 6.719888e-16 24.4278 37.00076 63.9392 84.05816 119.3125 23 
0.05935644 0.03558614 0.0279212 0.01697928 0.02107922 0.03003594 0.04435255 1.307212e-05 23.8544 34.51241 54.7488 73.054 104.1028 24 
0.04811455 0.03774028 0.02765849 0.01326141 0.01705127 0.02256155 0.03179985 1.068831e-05 17.60493 24.22224 32.60541 44.32318 57.73054 25 
0.0794651 0.03938522 0.0311687 0.01748784 0.02169193 0.03082718 0.04624235 8.430974e-06 23.4933 38.6824 64.6953 97.62467 141.6393 26 
0.06323753 0.03905025 0.02949517 0.01439205 0.01828427 0.02696942 0.04013006 7.095705e-17 19.49644 29.36831 47.72903 65.40179 88.25444 27 
NaN 0.02881896 0.01965542 0.01496624 0.02383623 0.03312191 0.04990168 3.249891e-05 19.2069 27.9201 30.13459 33.39866 0 28 
2.832316e-06 0.02678167 0.02177579 0.01801417 0.02743973 0.03885115 0.06115621 5.763523e-06 25.46678 33.26637 37.68165 42.52324 0.007111074 29 
0.05527328 0.03583171 0.02767085 0.01610461 0.01995531 0.02712331 0.04002912 9.525787e-06 23.28105 32.64668 48.50572 68.44115 88.9992 30 
0.06284682 0.03975909 0.03034479 0.01606444 0.02037093 0.02887091 0.04241481 0 22.1485 33.71636 51.19913 68.64028 93.00594 31 
0.05889051 0.03461656 0.02786435 0.01635981 0.02232922 0.0313734 0.0465841 7.859094e-15 22.87924 36.09385 52.85879 72.76748 100.1718 32 
0.07387241 0.0355636 0.03000084 0.0184129 0.02405571 0.03264362 0.04802471 6.533932e-06 25.15389 43.27113 67.04618 104.0733 154.9519 33 
0.07041569 0.0384027 0.03000287 0.01830754 0.02160163 0.02885832 0.04395611 0 25.82516 39.1642 61.42863 96.03622 127.6912 34 
0.0582587 0.04096446 0.02975719 0.01433512 0.01883604 0.02493323 0.03529289 0 20.11158 30.04841 40.40613 56.68019 76.11955 35 
3.110986e-06 0.02475034 0.02166574 0.01790115 0.02638873 0.03595664 0.05690039 9.124282e-06 26.31652 32.40736 37.47518 45.19047 0.007779686 36 
0.06822894 0.034249 0.02891163 0.01889393 0.0242995 0.03411515 0.05104498 9.992718e-06 26.80937 43.60655 68.55529 100.1537 144.7304 37 
0.06610099 0.04167283 0.03127714 0.01438407 0.01990189 0.02744614 0.03971326 0 20.07801 33.20127 47.13437 62.55279 92.19516 38 
0.06331071 0.03839974 0.0304691 0.0154832 0.02169811 0.02867678 0.04225151 1.694491e-05 19.98208 33.07473 44.70937 67.88222 90.23147 39 
0.06263275 0.03822991 0.0299539 0.01668703 0.02076352 0.02894384 0.04385941 1.867647e-15 23.65742 34.93444 53.25005 75.38078 96.20404 40 
0.06971083 0.03774459 0.03023039 0.01594549 0.02082358 0.02964238 0.04370967 0 21.83489 34.60224 55.09276 77.18781 115.282 41 
0.05919475 0.03867834 0.02908896 0.01564529 0.01864915 0.02718208 0.04046692 0 21.95658 29.97476 49.33416 65.34355 84.5916 42 
0.06950054 0.03789872 0.03024534 0.01744777 0.02189568 0.03020639 0.04540363 2.627406e-14 25.02921 39.78241 61.35835 90.52754 123.1325 43 
0.06940711 0.03829376 0.03081273 0.01770332 0.02158136 0.03061219 0.04552463 0 23.6715 35.90094 58.79574 79.83496 122.8758 44 
NaN 0.03001442 0.02023259 0.01642054 0.02304025 0.03124464 0.04858808 1.467215e-05 21.19754 26.27342 29.77821 33.81981 0 45 
0.05209301 0.03616365 0.02707278 0.01552227 0.01971226 0.02612896 0.03870669 3.412981e-17 22.79104 32.28102 44.42627 64.32835 78.72578 46 
0.06787526 0.03919218 0.03031154 0.01551784 0.01958376 0.02823306 0.04142624 0 21.32012 32.79655 53.21955 71.18643 108.4745 47 
0.06267799 0.03456858 0.02912951 0.01874144 0.02343808 0.03404165 0.05120494 5.874364e-06 28.31281 42.84968 67.62118 89.61007 123.0127 48 
NaN 0.02740066 0.02097102 0.01659082 0.0246226 0.03466069 0.05395321 3.008612e-05 22.79459 29.53744 34.30878 38.18711 0 49 
0.06422399 0.03887651 0.02990736 0.01430903 0.0196854 0.02666327 0.03875725 3.113846e-20 19.74144 31.96218 45.32528 66.01927 92.0794 50 
0.07439549 0.04069671 0.03215552 0.0157148 0.02002849 0.02944523 0.04327951 0 22.49289 36.18604 59.41963 79.08237 118.5842 51 
6.779606e-14 0.02719333 0.0197135 0.01741122 0.02436045 0.0333208 0.05197184 3.280826e-16 23.76331 28.2271 32.95815 36.75461 2.591739e-05 52 
0.06473891 0.03604857 0.02891165 0.01612608 0.02256703 0.03019375 0.04402633 3.400859e-17 22.05935 37.20363 51.98944 79.14837 110.9499 53 
0.05827414 0.03650825 0.02833903 0.01477252 0.02101746 0.02832305 0.04055981 0 21.99509 35.73496 47.25666 65.80843 91.33628 54 
0.05953656 0.0400346 0.02927757 0.01498474 0.02056675 0.02718944 0.03943521 0 20.5251 32.72335 43.18302 62.24462 81.22989 55 
0.06114458 0.04106907 0.03036827 0.01340358 0.01851329 0.02405563 0.03532055 0 18.84977 29.78488 38.49077 59.63358 74.63457 56 
0.06185878 0.03880758 0.02993748 0.0166615 0.0223664 0.02934808 0.0431141 1.328217e-05 23.46537 37.45461 49.44534 73.96996 93.96048 57 
0.06815484 0.03816928 0.03020859 0.01784333 0.02207382 0.02892694 0.043185 5.702486e-14 23.54107 36.24421 53.51573 86.15994 114.5962 58 
0.07441235 0.03631958 0.03106805 0.01908921 0.02340849 0.03267149 0.0483708 9.325294e-14 27.5577 43.71055 70.82586 102.817 153.5604 59 
7.524128e-17 0.02774333 0.02092984 0.01541113 0.02322613 0.03288649 0.05358193 1.428374e-15 20.6494 27.86334 32.90327 38.50509 5.250636e-07 60 
NaN 0.0265393 0.02109164 0.01752275 0.02700959 0.03902254 0.06214973 3.653332e-05 23.53474 31.51868 36.40629 39.83191 0 61 
0.06154404 0.03570203 0.02915047 0.01777296 0.02138589 0.03031037 0.04528232 7.760591e-17 24.63762 34.81106 56.86602 78.95412 107.787 62 
0.07369174 0.03637747 0.03035994 0.01917426 0.02267479 0.03086973 0.0452881 1.311737e-15 28.24672 43.72343 71.1036 107.7785 157.399 63 
0.06146573 0.03853844 0.02923478 0.01531137 0.01927082 0.02640357 0.03940246 1.011399e-23 21.89678 32.46526 48.66227 70.22823 91.46944 64 
0.07208558 0.03536847 0.0293016 0.01832599 0.02450546 0.03223707 0.04574368 6.780623e-14 24.68038 42.99128 62.47938 102.8935 151.6201 65 
0.07859 0.03704284 0.03057092 0.01887759 0.02272463 0.0331656 0.04936723 9.997643e-14 24.78473 40.68408 71.62449 105.0759 164.1224 66 
NaN 0.03043937 0.02086719 0.015993 0.02284877 0.03142308 0.04835352 3.839118e-05 21.16651 26.84934 30.97439 34.91529 0 67 
0.06786551 0.0374118 0.02996064 0.01660961 0.02218917 0.02920524 0.04209339 0 22.11526 36.15408 50.89768 81.49434 113.5378 68 
NaN 0.02835495 0.02170895 0.01619188 0.02497759 0.03762778 0.06131838 1.674137e-05 22.38926 30.75977 37.90102 39.4306 0 69 
0.07076973 0.03884844 0.030646 0.01674718 0.02090531 0.02886924 0.04213464 4.52073e-16 23.57431 36.88585 57.91195 83.47294 121.957 70 
0.059671 0.03757889 0.02936118 0.01653535 0.02078049 0.02920452 0.04284033 0 23.59871 34.05291 51.62594 67.93175 93.21737 71 
0.06503373 0.0403085 0.03135209 0.01482 0.02033154 0.02816459 0.04220624 6.607072e-06 19.66453 31.95696 46.10224 65.42217 85.55668 72 
0.0566782 0.03589664 0.02802955 0.01528746 0.0210399 0.0278196 0.04062898 3.93167e-18 21.45895 33.66783 44.60303 67.25343 86.92051 73 
0.07345907 0.03703591 0.0302253 0.01910419 0.02238609 0.02983623 0.0450473 1.135617e-05 25.23403 38.65712 63.27863 102.3303 143.5352 74 
0.05929528 0.03671335 0.02892025 0.01488569 0.02187089 0.02987759 0.04346199 0 21.62297 36.66936 48.89573 64.48886 94.33214 75 
0.07226571 0.03692642 0.02909051 0.01816029 0.02295533 0.03076449 0.04597266 1.788799e-05 24.73147 41.02957 63.26977 100.468 142.5266 76 
0.05493349 0.03679908 0.02837311 0.0162212 0.02045094 0.02681812 0.03923503 0 24.41167 34.64209 46.98698 69.30386 84.99809 77 
0.07681444 0.03906997 0.03097517 0.01735615 0.02151289 0.02878103 0.04277931 5.61509e-14 24.3155 39.13397 60.80004 97.50912 137.4517 78 
0.04983741 0.04416502 0.02900908 0.01207506 0.01546284 0.02208947 0.0314926 0 17.41015 23.57071 33.52123 39.46536 48.97301 79 
NaN 0.02701667 0.01685993 0.01478248 0.02246169 0.03273067 0.05204387 1.136631e-05 19.97969 20.54795 0 0 0 80 
0.06686352 0.03645813 0.02929464 0.01821723 0.02334818 0.0309514 0.04296429 0 25.43352 40.28382 57.40863 88.51567 128.8455 81 
0.05329031 0.03478526 0.02715599 0.015699 0.02119958 0.0282641 0.04136801 2.301951e-16 22.3427 33.89164 45.38682 66.22417 84.81495 82 
0.05447758 0.0365835 0.02791532 0.01433337 0.02010043 0.02628655 0.03691441 3.141446e-16 18.38869 29.1021 37.73626 55.72495 77.15327 83 
0.06197732 0.03719003 0.02864599 0.01538648 0.02114609 0.02848373 0.04080638 0 21.86003 35.44312 49.18378 70.40587 101.2811 84 
0.07348328 0.03545539 0.0306473 0.0187588 0.02552022 0.03432558 0.05036856 4.981416e-16 26.25358 46.90606 69.54866 104.9629 156.2878 85 
0.0589255 0.03704763 0.02923064 0.01742702 0.02100786 0.02828459 0.04150483 4.617171e-23 24.74778 34.40649 51.77227 73.47883 96.25726 86 
0.06404105 0.03628474 0.02831573 0.01647969 0.01991064 0.02724834 0.03990084 6.03345e-06 21.58543 31.62068 51.76229 77.63426 111.9763 87 
0.06570025 0.03786205 0.02970403 0.01677493 0.02096837 0.02876078 0.04495209 0 22.03267 33.19896 51.39966 78.81737 101.2363 88 
0.07988643 0.04010866 0.03171138 0.01755312 0.02112812 0.02856647 0.04196712 8.40035e-06 23.24049 37.39011 61.30981 96.73069 141.8708 89 
0.001027341 0.02764075 0.02085335 0.01572235 0.02398753 0.03541891 0.05467589 1.705397e-13 21.37357 28.9641 35.35929 36.1659 2.22207 90 
0.06075438 0.037219 0.02944744 0.01650603 0.02031718 0.02747312 0.04024839 3.373144e-20 23.94823 33.96399 51.06338 72.99251 97.36054 91 
0.06037499 0.0371679 0.02843478 0.01632909 0.01986407 0.02697597 0.0395454 3.870358e-20 22.34567 32.16049 49.72831 72.17935 98.30494 92 
4.103366e-11 0.02770027 0.02118521 0.01562703 0.02349552 0.03345294 0.05115965 1.008232e-15 22.51643 29.8967 35.38719 38.77399 0.001280776 93 
0.06684545 0.03745139 0.02959375 0.01574941 0.02115761 0.0297428 0.04399971 1.155771e-05 21.95592 36.32288 55.359 78.61281 111.9734 94 
0.05612344 0.0399581 0.02937415 0.01422708 0.01915401 0.02516327 0.03702336 4.042927e-20 18.63356 28.31081 37.33178 54.88991 68.12348 95 
0.05732453 0.03744001 0.02857199 0.01566651 0.01975912 0.02684898 0.03874913 0 22.59954 32.53829 47.41493 65.22515 88.9089 96 
0.06266187 0.04025975 0.03018117 0.01331884 0.01796626 0.02562022 0.03699146 3.506164e-22 17.08277 26.62877 40.33367 54.25435 78.49569 97 
0.0808766 0.03882246 0.03190226 0.0181251 0.02279553 0.03215761 0.04792777 1.429311e-18 24.23246 40.61447 67.19325 97.47353 154.4826 98 
0.07047998 0.03884398 0.02997783 0.01664173 0.02109393 0.02862713 0.04296692 7.737447e-06 23.01327 37.00111 56.66351 86.64295 118.8756 99 
0.06019385 0.03885951 0.02989795 0.01458376 0.01929455 0.02576045 0.03666507 0 20.00224 30.60442 42.7624 61.4044 85.70167 100 
