0.9999999 0.5227325 0.196598 0.1102943 0.1928601 0.254368 0.4616238 0.9999999 174.1369 348.2737 619.1844 907.5841 1297.836 1578.838 1 
1 0.5588117 0.1498431 0.1152914 0.1827761 0.2772461 0.498491 0.9999999 171.8514 343.7028 584.7353 883.5232 1271.803 1490.583 2 
1 0.4503308 0.1998992 0.1449224 0.1751891 0.3367741 0.5595304 1 239.8952 479.7903 727.76 1120.934 1554.176 1655.335 3 
0.9999993 0.6245304 0.1538513 0.1123719 0.1668032 0.274981 0.4424905 1 161.7809 323.5618 536.7212 829.5072 1171.094 1439.692 4 
0.9999992 0.6438264 0.128361 0.1012144 0.1616027 0.2921726 0.43544 0.9999999 141.3923 282.7845 485.6873 793.2464 1117.694 1396.959 5 
1 0.4763577 0.1799468 0.1416118 0.1670739 0.2728001 0.4836436 1 230.9886 461.9772 695.9058 1014.051 1424.218 1631.139 6 
1 0.5123652 0.1789028 0.1251733 0.1724781 0.3246093 0.4888921 1 197.1871 394.3742 632.0708 1002.265 1378.827 1575.313 7 
1 0.390403 0.2217366 0.1412323 0.2061681 0.2793564 0.5542024 0.9999999 243.4057 486.8114 791.9477 1120.164 1589.398 1723.442 8 
0.9999987 0.5330586 0.1625263 0.1236704 0.1764121 0.2602881 0.4329934 0.9999999 198.913 397.8258 646.478 948.6316 1320.438 1608.412 9 
0.9999997 0.4576536 0.1854632 0.1524408 0.1427611 0.3169526 0.4174747 0.9999999 260.1019 520.2037 726.657 1119.581 1473.085 1706.248 10 
0.9999925 0.4554291 0.2075787 0.1412872 0.2047485 0.2919452 0.4032162 0.9999999 239.4073 478.8129 776.7318 1114.548 1444.904 1694.473 11 
1 0.5401603 0.1871773 0.1494754 0.21256 0.2803277 0.5075007 0.9999999 235.1857 470.3714 754.8238 1050.225 1435.097 1573.408 12 
1 0.3771983 0.2310643 0.1465773 0.2065236 0.2709152 0.5095838 1 273.1378 546.2756 874.7101 1216.569 1685.39 1863.438 13 
1 0.4311372 0.2012071 0.1202453 0.1956044 0.2776409 0.4447193 1 213.4526 426.9052 732.3789 1081.156 1484.712 1775.144 14 
1 0.3685189 0.2327007 0.163686 0.2072361 0.2783214 0.4643996 0.9999999 306.7095 613.419 938.1699 1283.931 1700.286 1873.767 15 
1 0.5983936 0.1457176 0.1120656 0.1736865 0.2920805 0.4741899 0.9999999 165.4984 330.9968 558.752 875.2345 1238.968 1476.799 16 
1 0.4524173 0.2061823 0.1154386 0.1715453 0.272125 0.4729598 0.9999999 192.358 384.7159 637.5676 969.8629 1390.238 1666.323 17 
0.999997 0.4152186 0.2263376 0.1548921 0.1701734 0.3029605 0.4062839 0.9999999 272.2211 544.4414 797.1927 1170.594 1519.633 1757.489 18 
0.9999999 0.6494308 0.153412 0.1048428 0.1817272 0.2872833 0.4731571 1 141.7151 283.4303 503.3158 787.7522 1121.637 1351.691 19 
1 0.5090936 0.1942033 0.1240697 0.1822697 0.3054819 0.5009965 0.9999999 194.5298 389.0597 639.385 982.4574 1373.225 1567.908 20 
1 0.7258988 0.145045 0.09319896 0.1622028 0.2472 0.4595312 1 121.2744 242.5488 433.9429 678.3182 1020.301 1301.242 21 
0.9999996 0.4430816 0.1975278 0.1478084 0.1728685 0.2735371 0.4346979 0.9999999 252.8464 505.6928 757.6986 1087.525 1468.302 1710.637 22 
0.9999911 0.5461596 0.1700779 0.1113262 0.2021402 0.293728 0.4035052 0.9999999 163.0096 326.0178 589.0484 893.9943 1189.86 1464.252 23 
0.9999943 0.5641524 0.1675211 0.1205184 0.1721845 0.2869619 0.4241163 0.9999999 184.4048 368.8086 600.5139 920.1818 1257.058 1530.098 24 
0.9999994 0.5575617 0.158469 0.1188474 0.1908117 0.276346 0.4571132 1 175.8246 351.6492 600.3893 891.8926 1240.828 1479.415 25 
1 0.5032351 0.1821167 0.1185009 0.1918467 0.3255914 0.4875738 0.9999999 182.8773 365.7545 626.7387 984.6921 1346.199 1543.256 26 
0.9999894 0.536524 0.1798017 0.1151659 0.1626023 0.2932983 0.405247 0.9999999 175.2611 350.5204 569.4694 900.1867 1223.109 1521.815 27 
0.9999561 0.5690911 0.1755799 0.1293287 0.173138 0.2924428 0.4125688 0.9999995 200.3811 400.7534 634.3012 960.478 1286.053 1549.394 28 
0.9999989 0.4937429 0.1891825 0.1275912 0.1744451 0.3085692 0.4336348 0.9999998 208.6742 417.3481 666.2488 1029.716 1382.888 1635.491 29 
1 0.3253522 0.2206601 0.1471165 0.185481 0.2582304 0.4370322 1 307.4388 614.8775 945.465 1320.348 1790.968 2089.764 30 
1 0.6217979 0.1327 0.1016105 0.182193 0.238701 0.4714677 0.9999999 148.0109 296.0218 534.4467 789.9081 1174.038 1456.65 31 
1 0.435699 0.2144171 0.1497445 0.1910544 0.3340375 0.4973395 0.9999999 261.7241 523.4482 807.3704 1208.936 1607.103 1747.805 32 
1 0.4646624 0.2197983 0.1503122 0.1542156 0.3088926 0.4609151 1 243.2612 486.5223 698.586 1057.843 1428.322 1618.373 33 
1 0.4522714 0.1885036 0.1158599 0.2131562 0.3283791 0.4959796 1 190.2144 380.4287 689.835 1064.89 1445.349 1641.762 34 
1 0.4307315 0.1882052 0.1370884 0.196148 0.2581868 0.487178 1 236.8743 473.7486 766.2091 1075.661 1508.815 1727.894 35 
0.9999922 0.594968 0.1561239 0.1239072 0.1715718 0.2838709 0.4176632 1 184.9478 369.8941 594.2528 901.7717 1225.787 1492.631 36 
0.9999999 0.5618201 0.1821046 0.1045371 0.1836584 0.2721043 0.4702841 0.9999999 156.6827 313.3653 559.8608 857.9907 1233.05 1498.824 37 
1 0.4820574 0.1912302 0.1454868 0.170907 0.3381499 0.5044741 1 238.6282 477.2565 716.7959 1109.739 1497.728 1640.206 38 
0.9999995 0.4601051 0.1928725 0.1300011 0.1688788 0.317941 0.4213661 0.9999999 217.4008 434.8015 680.5027 1064.956 1412.474 1672.299 39 
1 0.5228817 0.1665061 0.1389986 0.2026113 0.2845983 0.464224 0.9999999 214.2663 428.5325 697.4451 998.6413 1350.117 1541.5 40 
1 0.4346263 0.2106925 0.1413196 0.1546257 0.2917774 0.4568545 0.9999999 237.0495 474.099 696.8141 1052.093 1446.064 1677.4 41 
1 0.6535987 0.1388043 0.12472 0.1717486 0.2931367 0.488735 0.9999998 177.5403 355.0807 569.0744 871.5848 1228.101 1423.511 42 
0.9999993 0.3759948 0.2273101 0.1632277 0.1989865 0.2722966 0.4257814 0.9999999 313.9141 627.8279 948.0469 1299.046 1698.442 1923.166 43 
1 0.4238264 0.2134609 0.1460886 0.1700439 0.2797325 0.4642387 1 252.5327 505.0654 756.0662 1098.765 1508.407 1728.627 44 
1 0.4371023 0.1835249 0.1208159 0.2203923 0.3040324 0.4807589 1 205.9571 411.9142 742.2299 1097.475 1488.429 1704.719 45 
0.9999888 0.528003 0.1834242 0.1243041 0.2018811 0.2616787 0.4120383 0.9999998 197.0325 394.0627 674.2799 964.168 1301.178 1585.085 46 
0.9999995 0.4901028 0.1541336 0.1458316 0.1719404 0.2843386 0.4284724 0.9999999 240.8363 481.6724 724.2169 1056.349 1414.532 1651.468 47 
1 0.4451694 0.1944179 0.1441646 0.1645301 0.3191074 0.4753801 0.9999999 249.4115 498.8229 742.4319 1137.176 1537.58 1730.046 48 
1 0.3941753 0.2157983 0.1291828 0.206818 0.2238608 0.4567943 1 236.003 472.0061 801.0305 1083.513 1530.889 1826.892 49 
1 0.4922757 0.1739834 0.1139972 0.1683622 0.2883033 0.4666812 0.9999998 199.1367 398.2735 658.8509 1029.938 1457.444 1746.856 50 
0.9999996 0.5546649 0.1582693 0.1408345 0.17633 0.2749244 0.4472171 0.9999999 214.6123 429.2246 660.0844 956.5597 1306.245 1523.862 51 
0.999987 0.5959831 0.1549347 0.09706961 0.17542 0.2838927 0.4252193 0.9999995 140.9925 281.9831 512.042 819.0462 1148.335 1452.488 52 
1 0.3941095 0.2266904 0.1388849 0.1700133 0.2709277 0.4573391 0.9999999 253.8053 507.6106 775.1513 1129.011 1564.51 1827.451 53 
0.9999984 0.7016217 0.1416213 0.1077689 0.1768314 0.2729648 0.4537883 0.9999999 144.0054 288.0106 498.8352 766.7256 1090.512 1336.243 54 
1 0.464228 0.1689181 0.1332296 0.1822008 0.3164406 0.4806665 0.9999999 224.0958 448.1917 713.8281 1091.119 1482.865 1682.028 55 
1 0.4585327 0.1869968 0.1575294 0.179233 0.2345303 0.5266243 0.9999999 261.7823 523.5646 774.4938 1043.99 1507.205 1661.8 56 
1 0.4991408 0.1731557 0.1206654 0.1816678 0.2962143 0.4858042 1 194.3944 388.7887 646.1438 989.5361 1385.893 1611.019 57 
0.9999983 0.4860743 0.1938186 0.1329517 0.1998596 0.2411497 0.4366641 1 214.0247 428.0491 707.0061 976.3234 1346.391 1609.793 58 
0.9999997 0.5312365 0.1703706 0.1174879 0.165024 0.2825499 0.4472835 0.9999999 180.7678 361.5355 585.6115 905.9561 1269.785 1538.608 59 
0.9999994 0.4218121 0.2024608 0.1496048 0.1882332 0.2610292 0.4216646 0.9999999 256.1118 512.2235 786.2553 1094.734 1462.973 1711.923 60 
1 0.4285093 0.2032555 0.1490446 0.1975061 0.3172931 0.470807 1 263.7771 527.5542 825.0002 1208.469 1596.929 1769.787 61 
1 0.4674708 0.1925552 0.1492942 0.1728108 0.2748446 0.5020643 0.9999999 248.2187 496.4374 740.8603 1062.421 1488.379 1662.615 62 
0.9999995 0.4663274 0.1858133 0.112611 0.1744117 0.2851815 0.4142066 1 186.6191 373.2381 629.7246 975.9616 1335.433 1657.201 63 
1 0.5289611 0.1613108 0.1149444 0.1654423 0.2706735 0.4872178 0.9999999 185.3236 370.6472 606.7277 929.0686 1352.239 1612.289 64 
1 0.5078186 0.1748066 0.1195761 0.183058 0.294994 0.3963946 1 196.9789 393.9578 659.4524 1008.972 1340.087 1647.31 65 
1 0.4425722 0.2171895 0.1272618 0.178994 0.2434382 0.4098599 1 210.1983 420.3966 678.4168 966.5214 1333.5 1651.7 66 
1 0.5142632 0.1946024 0.1259136 0.1910312 0.2505491 0.5076515 0.9999999 196.4602 392.9204 653.452 929.8791 1349.635 1560.277 67 
0.9999991 0.478972 0.2049388 0.1225492 0.1777635 0.2527629 0.4348554 1 202.5776 405.155 662.9922 964.4406 1351.968 1653.031 68 
1 0.4607768 0.2011374 0.1399303 0.1973661 0.2733834 0.5098101 0.9999999 236.6259 473.2519 760.3014 1079.436 1511.865 1691.027 69 
1 0.4561801 0.1684683 0.1149374 0.1802482 0.3070253 0.4389584 0.9999999 192.9644 385.9288 653.7596 1027.738 1398.259 1678.865 70 
1 0.5565215 0.1472491 0.1314017 0.1689532 0.2537927 0.5271746 0.9999999 208.5055 417.011 649.8748 940.5715 1391.155 1586.779 71 
1 0.4659108 0.2144131 0.1550261 0.1749498 0.2974757 0.4897447 0.9999999 259.7767 519.5534 767.2683 1114.781 1516.711 1675.696 72 
1 0.4485408 0.1945509 0.1607508 0.1732577 0.2977333 0.4567782 1 278.7593 557.5186 809.669 1167.901 1553.863 1734.108 73 
1 0.3778496 0.2406024 0.1424713 0.1819254 0.2774221 0.5850194 0.9999999 262.0813 524.1626 811.142 1169.149 1714.662 1839.538 74 
1 0.5495365 0.153761 0.1297693 0.1790771 0.2715105 0.4622875 1 198.4151 396.8303 635.1047 931.6741 1299.528 1528.984 75 
1 0.250883 0.3418288 0.1821154 0.2298206 0.3701342 0.9999996 1 382.7377 765.4753 1160.51 1650.512 2484.359 2101.622 76 
0.9999997 0.5284725 0.180272 0.1129859 0.1805409 0.2898823 0.4403691 0.9999999 170.3585 340.7169 582.177 899.8781 1242.602 1507.785 77 
1 0.5097339 0.1659758 0.1288921 0.1644904 0.2237034 0.5283565 0.9999999 202.1282 404.2565 628.9617 884.2887 1352.432 1568.197 78 
0.9999994 0.6870641 0.1340953 0.1005338 0.2021099 0.2579262 0.4583848 0.9999999 144.1414 288.2828 548.9274 814.3266 1164.337 1433.761 79 
0.9999542 0.5253458 0.1503188 0.1160522 0.2133918 0.2742692 0.3925715 0.9999999 190.4088 380.8089 690.2755 1003.137 1328.113 1640.718 80 
0.9999999 0.4162494 0.203186 0.1367686 0.2047957 0.3219896 0.4225404 0.9999999 233.0981 466.1962 767.4972 1144.201 1479.369 1704.325 81 
0.9999998 0.5276413 0.1677206 0.122094 0.157918 0.3004127 0.4392158 0.9999999 193.3723 386.7445 606.3177 958.0566 1317.824 1583.798 82 
1 0.431191 0.2167523 0.1410529 0.196026 0.2785789 0.5552282 1 234.2955 468.5911 748.2715 1067.821 1527.285 1661.047 83 
1 0.5011381 0.17946 0.09931586 0.1791391 0.29718 0.4573028 0.9999999 161.6819 323.3638 586.0309 943.719 1330.56 1627.957 84 
1 0.5167575 0.1837136 0.1439644 0.1664896 0.2580929 0.5323536 1 216.8074 433.6148 648.2484 925.579 1349.975 1505.979 85 
1 0.7160204 0.1256412 0.1064449 0.1729586 0.2836582 0.5024671 0.9999998 148.0919 296.1839 511.1997 802.8422 1172.912 1391.255 86 
1 0.4224404 0.2087034 0.158434 0.174476 0.2482251 0.4997381 0.9999999 277.0333 554.0666 810.815 1112.357 1568.742 1748.573 87 
0.9999998 0.4778765 0.1855747 0.1330333 0.1742145 0.2985824 0.4405413 0.9999999 226.0628 452.1255 708.7837 1072.031 1447.956 1699.294 88 
1 0.5236669 0.1641571 0.1347154 0.1935703 0.2568576 0.4842414 0.9999999 204.392 408.784 662.9072 934.8418 1315.825 1517.213 89 
0.7958336 0.6818738 0.1868967 0.09180053 0.1787656 0.2995613 0.3865695 1 134.9471 242.3426 431.5266 671.8607 831.5581 1470.004 90 
1 0.5989197 0.1487353 0.1167106 0.1680733 0.2355145 0.4837571 0.9999998 173.7027 347.4054 568.3575 825.9316 1230.397 1488.32 91 
1 0.4375118 0.2131434 0.1260715 0.2120453 0.2454487 0.4932956 0.9999999 212.6222 425.2444 737.7776 1022.833 1455.113 1686.521 92 
0.9999981 0.4747821 0.1947894 0.1221596 0.1815455 0.301461 0.4169426 0.9999999 198.0449 396.0894 654.4558 1005.592 1344.835 1621.198 93 
0.9999999 0.4432035 0.2062353 0.1398466 0.1988402 0.2848171 0.4547203 0.9999999 246.0081 492.0162 792.8853 1138.155 1532.389 1759.129 94 
1 0.4352635 0.1979575 0.1251849 0.1810327 0.3120406 0.4467611 0.9999999 216.0201 432.0401 705.3249 1091.102 1471.084 1725.608 95 
1 0.5482772 0.1702887 0.1264486 0.1537385 0.3020356 0.4865346 0.9999999 198.8626 397.7252 608.9331 960.0811 1354.883 1572.675 96 
1 0.5884269 0.1715981 0.108639 0.1883572 0.2875636 0.4756573 1 158.1021 316.2042 560.5404 863.3044 1220.093 1455.298 97 
1 0.5197829 0.1749381 0.1188146 0.1719269 0.2628886 0.4936603 0.9999999 180.9058 361.8116 592.4831 884.5556 1288.834 1522.589 98 
0.9999964 0.7410645 0.1339224 0.08907243 0.1469105 0.2603309 0.4382208 0.9999993 118.7924 237.5843 416.0602 685.8634 1021.795 1333.66 99 
1 0.4383274 0.198497 0.1201117 0.1816635 0.251372 0.4762193 0.9999999 212.2308 424.4616 706.8965 1026.712 1480.294 1766.945 100 
