7.447963e-13 0.06615958 0.02272331 0.01354683 0.0194773 0.02581696 0.03809923 1.354021e-05 21.38824 32.06478 33.97643 36.35352 1.078343e-05 1 
5.507964e-16 0.08837658 0.02232284 0.01545655 0.01917225 0.0254955 0.03865553 1.38746e-05 23.03927 32.56871 35.40809 36.00535 2.656521e-06 2 
0 0.0625683 0.02481172 0.01752464 0.02167896 0.03288953 0.05262544 5.937508e-06 29.00915 36.80984 46.44804 47.76743 6.326167e-07 3 
3.239442e-05 0.08257559 0.0195462 0.01381924 0.01648105 0.0225898 0.03255857 4.549867e-06 19.89545 26.33745 29.8201 28.97603 0.05998047 4 
NaN 0.1144397 0.02175665 0.01468827 0.01640008 0.02337946 0.03229838 1.305727e-05 20.51891 28.143 33.51935 28.44963 0 5 
1.16816e-17 0.0727419 0.02479245 0.01733569 0.02028812 0.02814932 0.04295478 7.494905e-16 28.27692 34.40304 39.00306 41.70136 2.854307e-07 6 
5.576578e-10 0.06708174 0.02168538 0.01521491 0.01925989 0.02881377 0.04302069 3.948397e-06 23.96825 31.88974 39.86904 38.46002 1.274641e-06 7 
3.130695e-15 0.05567979 0.02737487 0.01740347 0.02500803 0.03483333 0.05601103 1.55244e-05 29.99388 42.60909 46.99184 53.58451 4.894607e-06 8 
0.0005397584 0.07431856 0.02133284 0.01487038 0.01849536 0.02495533 0.0364756 1.423998e-05 23.9177 31.63394 34.22299 35.22804 1.183067 9 
5.037727e-07 0.06509073 0.02395349 0.01750302 0.01999618 0.02973037 0.04457679 1.178964e-05 29.8645 32.96621 42.76363 41.58872 0.001323476 10 
NaN 0.06080546 0.02434081 0.01640304 0.02227408 0.03084487 0.04559905 1.02077e-05 27.79452 38.07364 41.3682 40.66567 0 11 
2.284589e-14 0.06866958 0.02152548 0.01705012 0.02092843 0.02744669 0.04105204 1.94281e-05 26.82679 35.3823 35.45579 36.14818 5.036652e-06 12 
6.121575e-12 0.05260963 0.02773203 0.0172526 0.0247596 0.03446999 0.05331059 9.894624e-06 32.14915 44.8369 48.88729 54.88251 2.447874e-06 13 
0 0.06324445 0.02614847 0.0150302 0.02177693 0.03016354 0.04521234 2.681506e-16 26.68077 39.51488 43.97745 45.75178 1.332663e-07 14 
3.243716e-08 0.04981588 0.02682278 0.01842767 0.02575874 0.03605117 0.05433009 1.07626e-05 34.52916 45.59922 49.79248 53.88057 0.000101954 15 
1.674375e-13 0.0887983 0.02056527 0.01462391 0.0175368 0.02434141 0.03528403 1.323396e-05 21.59658 29.71681 34.18584 32.315 2.057162e-06 16 
4.541416e-09 0.06437494 0.02621048 0.01461883 0.02021331 0.02851216 0.0436364 1.664937e-05 24.35968 34.22599 40.17579 43.69302 1.118249e-05 17 
NaN 0.05482483 0.02579595 0.01739723 0.0223925 0.03210402 0.04859801 1.078743e-05 30.57544 37.22551 44.65094 45.39597 0 18 
1.045308e-06 0.0854915 0.01938357 0.013509 0.01735912 0.02312079 0.03331902 1.146112e-05 18.25999 26.59877 29.49587 27.93338 0.001793975 19 
4.161402e-10 0.06557943 0.02269077 0.01507572 0.01984269 0.02832395 0.04304634 1.758731e-05 23.63734 32.55432 38.41577 38.82212 4.589416e-06 20 
1.806035e-11 0.1145424 0.02160313 0.01308182 0.01516203 0.01923185 0.02795851 1.007682e-05 17.02261 24.12832 25.38969 25.39313 1.034317e-06 21 
1.165394e-06 0.06274836 0.02500655 0.01715691 0.02139938 0.0297089 0.04432834 1.071685e-05 29.34924 36.12124 40.8685 43.01916 0.003034789 22 
0.003130503 0.07556492 0.0218472 0.0142991 0.02031717 0.02715371 0.03973538 1.327529e-05 20.9375 31.97433 34.48296 32.18623 6.173511 23 
0.001135834 0.07343509 0.0207077 0.01440309 0.0178067 0.02486586 0.03621728 1.308404e-05 22.03813 29.06668 33.40738 32.29517 2.355603 24 
NaN 0.08927818 0.02335288 0.01582785 0.01972537 0.02581516 0.03776578 7.319911e-06 23.41597 33.13801 34.66545 33.55377 0 25 
4.904531e-10 0.06814051 0.02261172 0.01503343 0.02072506 0.03001228 0.04491125 1.301162e-05 23.20044 33.90157 40.59497 38.66587 2.731961e-06 26 
NaN 0.07329077 0.02255023 0.01427201 0.01802372 0.02602363 0.0381753 1.13276e-05 21.71935 28.75371 34.71403 32.9955 0 27 
NaN 0.07472685 0.02113863 0.01510338 0.01778456 0.02488366 0.03621975 3.209335e-05 23.40108 29.50554 33.60753 31.4966 0 28 
6.903448e-07 0.06501652 0.02270296 0.01517415 0.01952916 0.02834893 0.04215182 1.932718e-05 24.81718 32.842 39.57148 38.32337 0.001606919 29 
2.954713e-08 0.05050101 0.0296419 0.01735508 0.0248885 0.0351288 0.05300403 7.940851e-06 36.26803 48.66943 55.27619 62.35106 9.42131e-05 30 
5.997733e-08 0.09793838 0.02022864 0.01377481 0.01764022 0.02180649 0.03235687 1.215853e-05 20.06508 29.90182 29.26768 31.15132 0.000106071 31 
2.056908e-11 0.05424577 0.02349015 0.01694101 0.02239174 0.03295482 0.05111305 1.272615e-05 29.60958 38.6788 46.56735 46.51955 3.011992e-06 32 
6.334105e-07 0.05511765 0.02324552 0.01666063 0.02055715 0.02983189 0.04548027 3.420817e-06 26.96311 31.60192 39.5005 40.81266 0.001574793 33 
1.048782e-10 0.06792158 0.02528098 0.01538786 0.02335099 0.03294169 0.05013841 6.360708e-06 25.2632 40.57288 46.94265 44.86779 7.20429e-07 34 
7.802784e-09 0.06241925 0.02464861 0.01659102 0.02257377 0.03065651 0.04644169 7.386288e-06 28.66753 39.4943 41.9855 46.47712 1.995552e-05 35 
NaN 0.08617286 0.02120842 0.01529941 0.017326 0.02389525 0.03452529 9.220794e-06 22.83638 28.91942 32.28782 30.04894 0 36 
2.303681e-07 0.06751122 0.02066961 0.01294507 0.01833336 0.02474282 0.0367145 1.728936e-05 19.40239 28.99133 32.31504 33.43869 0.000434942 37 
2.569353e-12 0.06234414 0.02256753 0.0168648 0.02035493 0.03084746 0.04691208 8.847982e-06 27.66174 34.09461 43.05785 41.84004 1.22131e-06 38 
1.900031e-11 0.06636195 0.02481015 0.01590732 0.02027705 0.0302248 0.04526389 1.122989e-05 26.6018 34.62149 43.21523 41.2794 5.620591e-05 39 
3.170605e-07 0.07120452 0.02128349 0.01662097 0.02096702 0.02806568 0.0413024 1.139133e-05 25.62122 34.49695 36.07436 35.71642 0.0007415784 40 
4.679648e-13 0.06357722 0.0270727 0.01700318 0.02094495 0.03028995 0.04621284 1.216246e-05 28.52113 34.39363 42.40085 44.63485 2.124433e-06 41 
2.908291e-09 0.08729949 0.01805681 0.01520469 0.01641255 0.02286112 0.03300237 2.11493e-05 21.64405 27.09015 30.79908 29.11375 7.391152e-06 42 
1.104068e-06 0.05078994 0.02637087 0.01801652 0.02464553 0.034327 0.0508797 1.439906e-05 34.64877 44.69003 48.86577 52.19975 0.003521849 43 
2.151924e-16 0.05913386 0.02619042 0.01707495 0.02186769 0.03077577 0.04693413 1.080022e-15 29.51621 36.78248 42.85481 46.22203 1.892132e-07 44 
6.979084e-10 0.06605056 0.02509974 0.01567773 0.02388936 0.0325513 0.04936622 9.043027e-06 26.72613 42.6472 46.46861 46.02343 2.27081e-06 45 
NaN 0.07114202 0.02244283 0.01489379 0.02005812 0.02644953 0.03794847 2.209288e-05 23.60792 33.63185 34.21172 34.3163 0 46 
8.733334e-07 0.0827122 0.02398084 0.01834286 0.02006958 0.02794854 0.04121288 1.568014e-05 30.29265 35.95901 40.04277 38.71492 0.002186577 47 
3.634796e-10 0.06128388 0.02414232 0.01685853 0.02078171 0.0308941 0.04720326 1.253115e-05 29.16605 35.82428 44.89155 45.14828 3.202726e-06 48 
5.683336e-15 0.05737383 0.02740535 0.01576046 0.0235364 0.03190389 0.04625109 2.081575e-15 28.79265 42.42807 43.24809 49.93373 4.774572e-06 49 
6.666513e-15 0.07340628 0.02367022 0.01432544 0.01849667 0.02645669 0.03965774 1.953535e-05 25.02448 34.60714 41.38758 41.83423 7.663723e-06 50 
1.202366e-06 0.09242176 0.02407711 0.01813221 0.01889455 0.02554917 0.03727049 1.165287e-05 27.63099 32.93708 34.89182 33.68894 0.002718274 51 
0.001884396 0.08102805 0.02027537 0.01269366 0.01744324 0.02380643 0.0343793 3.487384e-05 18.43738 27.8071 31.8505 30.18295 3.305305 52 
1.059672e-12 0.05635628 0.02793222 0.01646764 0.02215807 0.03129331 0.04785979 1.026162e-05 30.0938 38.95233 45.6303 50.46912 1.849243e-06 53 
1.609817e-05 0.0892719 0.01777396 0.01335489 0.01593656 0.02087387 0.02964658 1.193307e-05 17.84538 24.57104 26.40141 25.02419 0.02732821 54 
7.361566e-11 0.07093641 0.0236869 0.01672039 0.02103666 0.03066612 0.04621508 1.283248e-05 28.12416 37.59649 44.97532 43.65975 2.971253e-06 55 
3.624135e-12 0.07138197 0.02599848 0.0189426 0.02183911 0.02888498 0.04528382 1.474862e-05 31.47882 37.4918 38.0041 45.19052 3.867725e-06 56 
9.912367e-15 0.07013711 0.02260702 0.01508485 0.01986776 0.02802438 0.04232224 3.857401e-06 24.30199 33.96328 39.51187 39.90397 3.135065e-07 57 
0.0002218789 0.06613148 0.02384495 0.01578394 0.02123282 0.02819393 0.04039831 4.103312e-06 25.40887 35.05577 35.35256 38.09546 0.5159569 58 
8.624118e-07 0.08206963 0.0240301 0.01520391 0.01839521 0.02599494 0.0382467 1.71319e-05 23.39286 30.84111 36.13377 35.63309 0.001754192 59 
1.577989e-11 0.062482 0.02655563 0.01769785 0.02298109 0.03150723 0.0462735 1.136229e-05 30.29736 38.84202 41.81817 44.40382 6.245015e-05 60 
9.695141e-18 0.06346832 0.02630202 0.01785415 0.02301419 0.03293851 0.05009166 9.760674e-16 31.59804 41.88004 48.01843 47.03489 2.870133e-07 61 
2.138661e-10 0.06247922 0.02330751 0.01714012 0.02087693 0.02883711 0.04449295 1.449625e-05 28.49741 34.74153 39.20821 42.84245 3.714781e-06 62 
4.173906e-05 0.06891002 0.02491296 0.01441368 0.0199001 0.02830903 0.04215671 2.284638e-06 23.88635 34.04994 40.21173 40.31229 0.09038775 63 
3.127907e-11 0.0977984 0.02682115 0.01609579 0.01835819 0.0252436 0.03839174 1.442679e-05 25.95106 34.62073 39.12251 40.20413 3.743244e-06 64 
5.24673e-15 0.0667588 0.02145541 0.01429811 0.01920228 0.02701599 0.0399285 5.522357e-16 23.55342 32.85461 37.81433 36.33937 4.160958e-06 65 
2.264959e-12 0.05779129 0.02515599 0.01516631 0.02117131 0.02904228 0.04234119 5.170399e-06 25.05019 34.03177 37.56752 41.42713 5.522306e-07 66 
1.828659e-09 0.06328347 0.02197114 0.01487535 0.0200509 0.02663089 0.04063922 1.768013e-05 23.20967 32.24605 33.96318 38.08227 6.276446e-06 67 
7.520894e-05 0.06284169 0.02413686 0.01460845 0.01979476 0.02703089 0.03986755 5.457407e-06 24.14822 32.98228 36.40165 39.41102 0.1681043 68 
1.233352e-15 0.06055914 0.0237352 0.01633741 0.02179609 0.02969349 0.04563296 1.501699e-05 27.62699 37.49743 40.41766 43.97686 4.032031e-06 69 
6.822571e-08 0.0757101 0.02551641 0.01537878 0.02082653 0.03016594 0.04492203 1.195003e-05 25.8189 37.40499 45.02969 42.87511 0.0001542283 70 
9.451424e-16 0.08207391 0.02080683 0.01617753 0.01793082 0.02390753 0.03838081 1.326679e-05 25.67017 31.74789 33.97885 38.52043 2.712354e-06 71 
3.389164e-09 0.05536199 0.02282688 0.01692449 0.0211165 0.02976893 0.0455757 1.523914e-05 28.36031 34.40889 40.09637 42.16114 9.893241e-06 72 
3.670217e-07 0.06011929 0.02339454 0.01793446 0.02159315 0.03043742 0.04596487 4.959499e-06 31.1003 36.71143 42.54356 43.52085 0.001032743 73 
0 0.04981791 0.02726732 0.0167856 0.02352615 0.03334308 0.05584638 1.984417e-05 30.87774 41.36324 48.3089 58.15482 8.690152e-06 74 
3.988885e-07 0.08981775 0.02319642 0.01687845 0.01900767 0.02548048 0.03755871 1.087016e-05 25.80688 33.07459 35.14593 34.87883 0.0008624104 75 
0 0.02241128 0.02605028 0.01944541 0.03275623 0.05022412 NaN NaN 40.8669 55.32563 67.04008 0 0 76 
1.43795e-06 0.07346047 0.02307575 0.01439951 0.01931146 0.02690107 0.03958654 1.288313e-05 21.71137 30.98963 35.61114 34.80956 0.00286617 77 
1.808318e-14 0.08068104 0.02437272 0.01641896 0.01909045 0.02510095 0.04101338 1.29513e-05 25.74818 32.22885 33.44373 41.4549 2.916477e-06 78 
6.727131e-06 0.1059426 0.01962701 0.01363049 0.01807804 0.0207865 0.02944261 1.247236e-05 19.54286 31.16218 28.54106 27.13285 0.01207988 79 
NaN 0.08419206 0.02240197 0.01505651 0.02103021 0.02664678 0.03879936 1.707083e-05 24.70348 38.20293 36.9443 32.69434 0 80 
2.604344e-07 0.05962456 0.02571049 0.01678649 0.02377238 0.03433686 0.05214848 1.085795e-05 28.60964 40.70892 47.25512 45.50601 0.0006801069 81 
7.05664e-07 0.07306644 0.02169511 0.01488708 0.01792502 0.02638609 0.03870492 1.636396e-05 23.57813 29.91194 37.11457 35.85898 0.001513378 82 
0 0.06014161 0.02647353 0.01716043 0.02319562 0.03200056 0.05158478 1.037779e-05 28.50428 38.93954 42.94406 48.63182 1.914575e-06 83 
6.514582e-13 0.0762963 0.02487164 0.01341788 0.01935121 0.02736996 0.04055624 1.441878e-05 21.84373 34.00346 40.63481 39.48238 3.002686e-06 84 
1.900502e-13 0.07788011 0.02505477 0.01786062 0.01979304 0.0267295 0.0428936 3.41521e-06 26.89772 31.82736 34.71701 39.63626 2.367116e-07 85 
9.912598e-17 0.09737899 0.01696648 0.01362608 0.01544076 0.02061363 0.03000407 2.488927e-05 18.95735 26.05509 29.02222 27.709 6.254547e-06 86 
3.082155e-10 0.05848642 0.02550263 0.01797575 0.02249348 0.03043317 0.0466893 1.092274e-05 31.43191 37.93968 41.20088 47.62642 2.639788e-06 87 
5.789507e-07 0.06501926 0.02295081 0.01566554 0.01982705 0.02838663 0.04238502 1.263181e-05 26.62036 34.50414 40.76989 40.49957 0.001423739 88 
1.499877e-08 0.07609633 0.02224024 0.01665009 0.02057811 0.02704457 0.04032965 1.437475e-05 25.26175 33.66698 34.23603 36.45865 3.324193e-05 89 
0.2015163 0.09647572 0.04147761 0.01314475 0.01598408 0.02045279 0.03075024 6.65232e-17 19.32283 48.08537 85.88238 138.1365 242.7676 90 
2.914787e-09 0.08467596 0.0202226 0.01449092 0.01696718 0.02212923 0.0336171 2.150208e-05 21.56713 28.10178 29.22303 32.57151 8.358864e-06 91 
4.645549e-14 0.0562622 0.02445073 0.01521655 0.02286894 0.03077998 0.04601038 1.743386e-05 25.66302 38.46749 39.77862 45.01373 5.782199e-06 92 
NaN 0.06693095 0.02462744 0.01517332 0.02045981 0.02928725 0.04362654 1.446494e-05 24.59896 34.1992 40.30217 39.13688 0 93 
5.296731e-13 0.05988615 0.02447001 0.01629028 0.02206203 0.03054121 0.04570739 1.543345e-05 28.6567 39.17876 42.98493 44.32756 4.402842e-06 94 
2.785643e-08 0.06259498 0.02554826 0.01554004 0.02130577 0.03122969 0.04732825 1.373018e-05 26.81601 37.35167 45.43196 45.07806 6.816449e-05 95 
7.565172e-10 0.07454533 0.02172796 0.0152421 0.01738119 0.02584964 0.03826556 1.513524e-05 23.97086 29.25706 36.73347 36.37727 3.706423e-06 96 
1.037594e-06 0.06968576 0.01942018 0.01328838 0.01829497 0.0247241 0.03637223 5.469824e-06 19.33855 28.54224 31.8293 31.52075 0.001969512 97 
1.32116e-09 0.07875389 0.02432818 0.01538868 0.01923264 0.02614345 0.04014088 1.64067e-05 23.43063 31.64788 35.17267 38.08335 4.921919e-06 98 
NaN 0.1033725 0.01841681 0.01182211 0.01366642 0.01885239 0.0263343 3.925153e-05 15.76668 21.62258 25.44014 24.12478 0 99 
7.392177e-09 0.06327508 0.02571362 0.01484931 0.0207582 0.02839317 0.0432343 1.446489e-05 26.23793 37.23458 41.02555 46.18284 1.810313e-05 100 
