0.9999961 0.138944 0.8971384 0.2175931 0.3630823 0.2891597 0.5228449 0.9999999 259.208 518.415 856.8213 1028.473 1249.099 1191.251 1 
0.8085839 0.2606561 0.9292318 0.1393321 0.1730332 0.3432873 0.5615434 1 138.1519 249.8593 349.6948 525.0204 684.7714 991.5292 1 
0.9999996 0.1427001 0.8967522 0.1474886 0.3322487 0.1986602 0.5164628 1 189.2823 378.5645 742.0732 887.2095 1189.568 1283.369 2 
0.7785576 0.2627254 0.9183023 0.1849574 0.20559 0.2715181 0.4653529 1 190.3607 338.5675 436.054 520.431 631.0936 1029.214 2 
0.8937459 0.1919377 0.8853854 0.1732265 0.2952968 0.2699503 0.7698794 1 198.0393 375.0362 614.3016 728.8395 1025.771 1143.239 3 
0.8288475 0.2339813 0.8948457 0.1221909 0.2812074 0.3146054 0.5460646 1 123.9793 226.7392 438.3915 564.7693 707.7141 1014.636 3 
0.9002381 0.2027097 0.9021422 0.1764173 0.2537701 0.3011592 0.4602642 1 202.3241 384.464 585.8015 739.6278 892.5517 1146.85 4 
0.9999953 0.1807691 0.8845735 0.1902889 0.2266784 0.3772476 0.5945487 1 204.7744 409.5478 607.062 861.2612 1110.748 1076.124 4 
0.9999999 0.1761961 0.8882484 0.2610275 0.31777 0.3444903 1 1 266.8779 533.7559 773.8422 951.4092 1289.291 1022.413 5 
0.9999997 0.1652912 0.9241145 0.187485 0.2622962 0.441527 0.4110002 1 211.842 423.684 664.4907 963.5216 1118.976 1129.914 5 
0.9999972 0.1684378 0.896026 0.1965504 0.3207853 0.4387318 0.9109102 0.9999996 207.8893 415.778 688.3803 941.613 1236.711 1057.69 6 
1 0.157073 0.888579 0.2027135 0.3689783 0.5362667 0.5222657 1 216.5583 433.1167 747.3899 1035.615 1165.785 1068.298 6 
1 0.1658849 0.8965537 0.2273986 0.1992589 0.2963628 0.4228667 1 271.3831 542.7663 726.4912 945.3008 1164.983 1193.425 7 
1 0.1756162 0.8926152 0.3068568 0.2145816 0.3960224 0.7501754 1 313.337 626.6741 778.5509 998.7014 1250.576 1021.118 7 
0.8304969 0.2264252 0.905144 0.1555047 0.2365091 0.2779249 0.4402401 1 181.1205 331.5404 507.9752 630.5863 762.4246 1164.727 8 
0.8020029 0.2309228 0.886754 0.1720587 0.1134662 0.3443077 0.5239642 1 186.2562 335.6342 370.8747 571.0171 730.9372 1082.515 8 
1 0.1731516 0.885206 0.1755807 0.1952484 0.2902595 0.4124587 1 225.3236 450.6473 657.2165 904.3472 1153.589 1283.306 9 
0.9999999 0.1862963 0.8728052 0.1725274 0.2718667 0.4245753 0.3703871 1 182.5929 365.1857 603.2725 874.0077 1009.912 1058.341 9 
0.8961152 0.2301523 0.9145741 0.1459301 0.1848007 0.3427116 0.4556616 1 152.126 288.4484 423.0171 627.8115 779.9688 1042.458 10 
0.8795642 0.1960259 0.9003757 0.2002877 0.2498172 0.2197724 0.729485 0.9999996 224.5208 422.0013 595.1311 671.2567 973.186 1120.992 11 
1 0.1797032 0.8985816 0.1917176 0.279814 0.4139353 0.2926087 1 217.1205 434.241 690.3775 963.2622 1076.315 1132.502 12 
1 0.1632523 0.8181309 0.2589466 0.1808131 0.4497515 0.2606663 1 294.1532 588.3064 740.5163 1050.664 1149.574 1135.961 13 
0.9999998 0.173868 0.8994821 0.2021022 0.1552425 0.4553048 0.4202785 0.9999997 235.9104 471.8207 616.4092 974.6353 1154.748 1167.282 14 
0.9999986 0.1493741 0.8949458 0.2180609 0.2919312 0.3438965 0.653999 1 261.1964 522.3924 795.8196 1023.887 1308.455 1197.814 15 
0.9999945 0.1604776 0.8997692 0.1396617 0.3159438 0.267119 0.4344586 0.9999999 174.5481 349.0953 688.8101 885.2796 1119.471 1249.792 16 
0.9999962 0.1608047 0.8881336 0.2428531 0.1858563 0.4013861 0.7083117 1 267.5217 535.0423 690.0549 962.6103 1250.524 1101.578 17 
1 0.175903 0.8912042 0.2044504 0.2645754 0.2503192 0.559134 1 233.1906 466.3812 706.4522 873.493 1153.211 1140.573 18 
1 0.1797002 0.8796163 0.1709928 0.2183346 0.2250191 0.5901579 1 183.7227 367.4455 561.9214 718.5905 1037.027 1074.447 19 
0.9097863 0.1897784 0.8750719 0.2390916 0.2034524 0.3559985 0.5099022 1 274.0903 523.4539 653.701 842.0838 994.2804 1146.382 20 
0.8667606 0.2181476 0.89202 0.1519951 0.2216467 0.3065726 0.3762445 1 160.4925 299.6011 458.148 610.7698 711.2238 1055.906 21 
0.8463215 0.2249873 0.9066255 0.1543257 0.1712958 0.3172307 0.4415606 1 164.5031 303.7256 411.4632 585.2112 720.4948 1065.948 22 
1 0.198691 0.9013704 0.1776809 0.2526315 0.3087933 0.6382365 1 171.2114 342.4228 542.6024 725.4693 986.7195 963.5893 23 
0.8893861 0.1933137 0.9017924 0.1531645 0.247472 0.2309025 0.7080344 1 181.1074 342.1817 552.1327 665.0507 1001.819 1182.437 24 
0.9999999 0.1788825 0.9053898 0.1540568 0.2374425 0.3967611 0.4515435 1 178.9681 357.9361 591.2788 888.6078 1092.733 1161.702 25 
0.9999997 0.1803387 0.9298272 0.1545067 0.2046192 0.351884 0.4466074 1 183.0682 366.1364 571.1214 851.5035 1082.141 1184.856 26 
0.8913412 0.2201898 0.9096935 0.2100179 0.289113 0.3170785 0.372314 1 208.9856 395.2632 579.5859 693.8011 760.5017 995.0849 27 
0.9999984 0.1821823 0.8642843 0.2502567 0.2241501 0.3181046 0.3860984 1 258.1106 516.2209 689.5493 880.393 1038.344 1031.384 28 
0.9999984 0.1813111 0.8969402 0.1860257 0.1958541 0.4089562 0.4919886 0.9999997 204.1613 408.3223 583.2836 877.063 1085.953 1097.49 29 
0.999996 0.1401525 0.9065066 0.2181353 0.236445 0.3013159 0.4614251 1 292.6465 585.2919 833.3052 1074.632 1332.837 1341.583 30 
1 0.1479261 0.8754546 0.2432091 0.2242907 0.6128529 0.523484 1 270.5274 541.0548 729.862 1130.049 1262.387 1112.324 31 
0.999998 0.153423 0.9119995 0.2210339 0.3110727 0.5111192 0.8062621 1 228.2382 456.476 706.6881 989.9195 1208.342 1032.594 32 
0.9275781 0.2200195 0.88255 0.1627747 0.2954792 0.2830491 0.3235163 1 168.2298 324.2761 556.4647 688.7141 780.2324 1033.513 34 
1 0.1661974 0.9162026 0.1812019 0.3339683 0.1483614 0.5569399 1 210.6799 421.3598 739.2978 833.3683 1134.111 1162.681 35 
0.972536 0.1682091 0.9316286 0.2296933 0.3933799 0.3637188 1 1 231.9564 457.5424 750.9852 901.9945 1177.475 1009.853 36 
0.9108714 0.1933706 0.9021622 0.1831102 0.1827511 0.3801994 0.6283035 1 206.9228 395.4028 528.8627 768.5563 993.8447 1130.045 37 
0.9999992 0.194821 0.921438 0.2177574 0.17177 0.4217688 0.375126 1 231.09 462.1797 604.772 894.7562 1043.89 1061.227 38 
1 0.1859848 0.858459 0.128194 0.2648802 0.4358046 0.2022301 1 139.8606 279.7213 531.6613 836.3788 916.1564 1091.007 39 
1 0.1649974 0.9220488 0.2312461 0.2403883 0.3096022 0.4269662 1 248.6042 497.2085 695.8796 890.2441 1075.301 1075.063 40 
0.9999999 0.1659638 0.8841653 0.2915712 0.243594 0.4209842 0.4627557 0.9999999 325.5209 651.0418 843.7042 1095.56 1255.857 1116.437 41 
0.9999987 0.1693956 0.8521592 0.232026 0.149698 0.4969453 0.5141003 1 271.6652 543.3301 677.934 1057.882 1255.614 1170.839 42 
1 0.1491213 0.923693 0.2049864 0.3491773 0.3537574 0.3160292 0.9999998 261.6357 523.2714 877.5887 1111.211 1246.086 1276.356 43 
1 0.1536321 0.917464 0.1874632 0.329081 0.4431122 0.6789818 1 214.8908 429.7815 736.2935 1013.197 1249.484 1146.309 44 
0.9999969 0.1835633 0.8452794 0.1906922 0.2106668 0.3608149 0.6411906 1 207.1106 414.2206 599.3929 849.7296 1134.08 1086.099 45 
0.999999 0.1732277 0.8825773 0.258303 0.2924932 0.2952626 0.580773 1 259.9041 519.808 738.0935 893.9939 1110.103 1006.198 46 
1 0.1571638 0.8962823 0.1932278 0.2218753 0.2986861 0.5186332 1 248.2459 496.4919 726.4625 967.3574 1260.707 1284.732 47 
0.9999961 0.1590819 0.8625588 0.2099838 0.3217123 0.2986945 0.5935862 1 245.2615 490.5219 787.3769 974.3217 1234.864 1168.002 48 
0.8833074 0.2127548 0.8772533 0.1807667 0.223289 0.3001821 0.4755052 1 192.7722 363.0494 515.7589 659.2675 808.1408 1066.415 49 
0.9999997 0.1980229 0.8802292 0.2124768 0.2113571 0.2909746 0.544035 1 207.154 414.3079 576.5866 752.7762 986.3444 974.9486 50 
0.8292039 0.2614754 0.9158417 0.1513171 0.2108319 0.3078013 0.4453242 1 149.1987 272.9149 402.7266 537.2075 649.0177 986.0004 51 
0.9999984 0.162036 0.8889544 0.1733378 0.2571953 0.3311884 0.7431515 1 191.4015 382.8028 617.5725 842.1304 1179.134 1104.211 52 
0.88171 0.2169276 0.8937161 0.232776 0.1725785 0.3262747 0.7700927 1 249.0088 468.5623 554.776 710.7205 978.9808 1069.736 53 
1 0.1478902 0.8742593 0.1852857 0.3179139 0.1109405 0.5623345 1 243.5169 487.0338 827.4436 908.4692 1273.607 1314.278 54 
1 0.1600203 0.8963501 0.221837 0.228854 0.2908364 0.5406532 1 262.585 525.17 735.9673 942.549 1214.887 1183.684 55 
0.7989071 0.2440976 0.8420677 0.1443499 0.2499752 0.2629475 0.5900013 1 143.4257 258.0096 418.6477 502.1292 678.4444 993.598 56 
0.8216677 0.2238219 0.918892 0.211347 0.1764659 0.1889533 0.6280842 0.9999996 241.3269 439.6174 520.1314 567.5054 844.0826 1141.852 57 
0.8372682 0.2543028 0.8840058 0.1389833 0.2405024 0.3266816 0.5281691 1 137.6722 252.9407 416.9023 560.6739 699.7986 990.5662 58 
0.8519268 0.2101764 0.8776717 0.1659965 0.185458 0.2760137 0.6128398 1 204.6421 378.9822 513.5471 668.6621 941.2333 1232.81 59 
0.8470506 0.2634249 0.9120416 0.1784098 0.2232882 0.2466451 0.5009704 1 174.6781 322.6393 452.9061 537.7361 691.2914 979.0839 60 
0.9999946 0.1761043 0.912222 0.1703701 0.2234055 0.3612107 0.3605388 1 193.1552 386.3093 596.4388 860.2826 1028.507 1133.739 61 
0.724657 0.2826758 0.9443242 0.1712516 0.1920006 0.308422 0.5742901 1 173.3791 299.0194 377.7835 482.8571 619.1635 1012.423 62 
0.999993 0.1779169 0.9038978 0.2082528 0.2626195 0.3624996 0.7379453 1 219.3073 438.6131 657.5756 880.4391 1169.664 1053.082 63 
0.9999996 0.1551149 0.8820131 0.2365639 0.2270989 0.2763016 0.5061647 0.9999997 290.2255 580.4509 793.1543 993.1711 1258.346 1226.838 64 
0.9252143 0.1796419 0.8968348 0.1905315 0.3257353 0.1553501 0.6491287 0.9999999 233.8701 450.25 740.2253 788.9428 1097.262 1227.461 65 
0.8011158 0.2762736 0.9105779 0.1371362 0.2128295 0.28831 0.5865529 1 133.9617 241.2805 372.6855 489.8573 669.4056 976.8515 66 
0.9600907 0.1886508 0.9112795 0.1660951 0.3303429 0.2160213 0.670652 1 169.6966 332.6206 600.7936 700.0648 972.1017 1021.683 67 
0.9999991 0.1833506 0.8898841 0.1829067 0.2190058 0.3736062 0.3496438 0.9999997 212.7894 425.5786 633.7622 911.128 1073.724 1163.376 68 
0.7860373 0.217958 0.8970975 0.1790389 0.2185877 0.2926399 0.5119722 1 215.6832 385.2182 518.9768 634.0896 778.2896 1204.672 69 
1 0.1608156 0.9058929 0.2112093 0.3042931 0.2067667 0.6683144 1 255.0563 510.1126 799.9649 936.9873 1288.299 1207.6 70 
0.822976 0.2152601 0.9004322 0.166094 0.1606477 0.2859194 0.5370511 1 195.1606 355.7731 450.2018 605.6543 813.8394 1175.001 71 
1 0.1562639 0.9163193 0.1939445 0.245691 0.3257195 0.7160068 0.9999999 236.8777 473.7553 715.6359 957.5185 1316.043 1221.369 72 
0.9999936 0.1606137 0.8741969 0.2064247 0.315249 0.2907472 0.5436225 0.9999999 242.9169 485.8322 780.2292 966.147 1212.697 1176.782 73 
0.9999988 0.1637089 0.8853419 0.159931 0.3397113 0.3424353 0.6356902 0.9999999 177.2234 354.4465 670.6833 881.1648 1138.097 1108.124 74 
0.9138927 0.1661514 0.9122208 0.2198389 0.1887292 0.3788351 0.6715653 1 264.9019 506.9938 640.7585 874.5068 1117.351 1204.982 75 
1 0.2018435 0.877008 0.1896946 0.2693493 0.3642675 0.4806411 1 193.3147 386.6293 609.0496 828.8299 1013.189 1019.084 76 
1 0.180316 0.9196853 0.18802 0.3797 0.3975925 0.3275317 1 205.2905 410.581 747.2095 965.8599 1074.366 1091.855 77 
1 0.1352357 0.9171997 0.252548 0.2334047 0.4257497 0.3251545 1 332.8753 665.7507 895.6993 1217.244 1358.263 1318.068 78 
1 0.1922154 0.8782239 0.1703974 0.2507438 0.4358524 0.2876702 0.9999998 182.1726 364.3453 586.738 876.3792 984.2262 1069.105 79 
1 0.148348 0.8829057 0.3040824 0.2157637 0.4758943 0.3540695 1 370.9046 741.8092 924.9593 1241.76 1365.293 1219.75 80 
0.9999944 0.1610968 0.8797289 0.2832845 0.2574262 0.3782815 0.1193497 1 316.7202 633.4386 839.7129 1064.797 1108.944 1118.029 81 
0.9246602 0.1636977 0.9400818 0.1379307 0.3029388 0.4154898 5.495181e-37 1 183.3194 352.8276 673.3377 954.4427 882.5352 1329.069 82 
0.9999985 0.1583705 0.9138816 0.2121263 0.224555 0.4674954 0.6899893 1 233.7366 467.4728 662.4168 977.1305 1224.475 1101.875 83 
0.854951 0.2055436 0.8880703 0.1732147 0.2268316 0.3209054 0.6372661 1 204.3851 379.1243 545.422 708.3608 932.0379 1179.952 84 
1 0.1994681 0.8959486 0.2113385 0.1907055 0.3583086 0.5632047 1 205.6521 411.3042 557.6594 780.1999 1004.663 973.0933 85 
0.9999972 0.1331216 0.9121882 0.1749376 0.2659548 0.3178969 0.3838652 1 247.9812 495.9617 807.0102 1079.926 1304.711 1417.541 86 
1 0.1654299 0.840544 0.2089749 0.1297163 0.2571731 0.512207 0.9999999 260.0334 520.0669 647.746 868.0446 1193.971 1244.329 87 
0.8998413 0.190555 0.8979402 0.189473 0.2193407 0.3423249 0.5950624 1 220.4759 418.8692 583.7872 777.3626 987.6516 1163.627 88 
0.9999997 0.1713143 0.878027 0.219188 0.3072076 0.4451864 1 1 227.763 455.5259 704.7814 955.0219 1266.884 1039.122 89 
0.9999971 0.1934141 0.9050595 0.177777 0.428386 0.215445 0.4672923 0.9999999 170.7077 341.4148 679.6363 776.8657 942.3193 960.2349 90 
0.7266717 0.2710241 0.9086745 0.1611316 0.2354651 0.2744202 0.5986181 0.9999999 166.0682 286.7452 411.9454 480.739 636.4385 1030.637 91 
0.9999984 0.1621015 0.8992701 0.1914863 0.3182715 0.3966017 0.573885 0.9999995 203.6736 407.3469 681.051 913.5647 1116.577 1063.646 92 
0.9999997 0.1687034 0.9052749 0.1502769 0.370903 0.3597727 0.7298779 1 166.0498 332.0996 680.3436 892.8484 1168.859 1104.959 93 
0.8700395 0.226193 0.8913042 0.2386672 0.1132472 0.277968 0.5833479 1 256.495 479.6557 509.9786 645.3793 867.1013 1074.697 94 
0.9461096 0.1824651 0.9224641 0.1906437 0.2257129 0.2900136 0.3270133 1 224.7785 437.4436 629.2611 809.6353 937.5533 1179.05 95 
0.7986718 0.2458986 0.9090744 0.1243389 0.2561478 0.2542729 0.5311319 1 130.1683 234.1301 421.8076 510.2746 677.6286 1046.883 96 
1 0.1654118 0.8693549 0.1804153 0.2965575 0.2172585 0.6266806 0.9999999 199.5938 399.1876 668.0788 806.65 1119.518 1106.302 97 
0.9999927 0.1837007 0.8730766 0.199392 0.2387723 0.3438899 0.6154625 1 217.843 435.6844 644.5337 873.5048 1142.372 1092.536 98 
1 0.1886102 0.8864483 0.2225887 0.209608 0.3259531 0.5569638 1 244.0022 488.0044 666.6323 886.1852 1139.057 1096.202 100 
