NaN 0.01401202 0.02305188 0.0379136 0.07515174 0.1305648 0.1967658 1.772126e-05 45.40102 71.78092 80.5987 93.58492 0 1 
0.07012727 0.04009986 0.01595275 0.02648495 0.03644137 0.055703 0.09192013 4.382735e-16 26.41819 37.94356 56.38135 69.08273 63.65748 1 
2.126548e-10 0.0145846 0.02230134 0.02954818 0.06184043 0.1051029 0.1472872 7.174761e-06 37.67332 67.69314 74.60847 92.84235 2.60915e-06 2 
0.06204535 0.03934258 0.01712519 0.02977383 0.03983727 0.05436866 0.07997511 1.018556e-05 30.37792 40.09877 49.66673 61.60754 64.25221 2 
0.08089908 0.03214815 0.02181773 0.03794754 0.06175149 0.08240808 0.1613159 2.24283e-05 43.79501 81.20341 93.05039 146.4955 125.5776 3 
0.07730267 0.03878937 0.02101806 0.02684807 0.04996689 0.06838546 0.1077271 0 27.24102 55.03596 62.18538 79.25156 78.17696 3 
0.07255057 0.03177568 0.01895319 0.03429119 0.05166532 0.07368869 0.1115752 0 40.10807 65.87312 82.64834 104.881 117.8454 4 
NaN 0.01554314 0.02112399 0.03245424 0.05723385 0.09013143 0.1624772 3.116976e-05 35.28405 49.32653 63.95113 75.90311 0 4 
2.01263e-14 0.01422953 0.01953259 0.03880465 0.07271202 0.1185032 1.317027e-15 0 40.10202 53.87824 60.30184 8.00682e-06 8.174886e-06 5 
NaN 0.01463245 0.01738671 0.03280608 0.06029228 0.1012126 0.1881566 3.288772e-05 37.30047 55.23142 72.94807 79.24736 0 5 
NaN 0.01438715 0.0215534 0.03434008 0.06614275 0.115859 NaN 0.08056165 36.21456 54.50067 66.2799 0 0 6 
0 0.01427486 0.02106508 0.03622897 0.0725279 0.1370808 0.293432 2.140815e-14 39.16528 63.59113 80.36429 84.47969 1.900105e-07 6 
2.229184e-17 0.0147629 0.01956203 0.03542065 0.06080374 0.08764375 0.1357344 8.870805e-16 42.91342 54.99787 67.39468 78.37082 7.681671e-08 7 
0.06705538 0.02909969 0.01853858 0.0513809 0.06375166 0.09382265 0.1771636 1.259813e-05 53.67107 70.1867 103.6558 139.0909 137.6356 7 
0.07513218 0.03654994 0.01940211 0.02882738 0.04292612 0.05986817 0.08802752 0 34.33417 55.6089 67.3285 83.81345 96.34677 8 
0.07774776 0.03980914 0.02365548 0.03209505 0.03780635 0.05716566 0.0927038 6.676519e-06 34.74339 39.8314 70.60507 83.17314 82.0621 8 
1.911436e-13 0.01507999 0.02094714 0.02929049 0.05075764 0.07589705 0.1200778 3.654294e-06 37.90397 52.29057 66.2212 78.99374 9.810351e-07 9 
5.560415e-08 0.01589529 0.02367681 0.03069659 0.05722736 0.0966811 0.1746059 3.712839e-05 32.71949 50.21874 65.23571 69.82798 0.0001140131 9 
0.07187574 0.03458857 0.01744337 0.02947683 0.04231131 0.06501322 0.1043301 1.281445e-17 31.03166 47.32355 70.71726 85.03532 91.31936 10 
0.07923009 0.03280513 0.02041858 0.040289 0.05540984 0.07533674 0.1331522 2.765368e-05 46.02676 71.45107 83.28195 138.0104 120.9168 11 
2.692729e-18 0.01470945 0.0182349 0.03218782 0.05970336 0.1004036 0.180742 0 36.55638 54.57997 69.64833 72.08205 7.029772e-10 12 
4.993104e-09 0.01593403 0.03000715 0.03984753 0.06793821 0.1012868 0.191754 9.182215e-06 45.50953 54.90352 74.13883 76.47436 1.3466e-05 13 
NaN 0.01493516 0.01893028 0.03278499 0.05421672 0.08467658 0.165681 6.46923e-06 38.68123 48.06406 70.71458 78.11263 0 14 
0.0005898642 0.01392021 0.02056515 0.03621002 0.06736835 0.1094338 0.1899759 4.538738e-05 44.64416 65.14107 78.63773 94.65148 1.548229 15 
NaN 0.01475573 0.02053381 0.02728133 0.0564872 0.09552592 0.1417585 5.873956e-06 34.33431 61.40708 71.43296 83.57036 0 16 
NaN 0.01476738 0.02205142 0.03855331 0.06568566 0.09719982 0.1891337 1.930874e-05 43.65123 53.98465 71.65903 87.24987 0 17 
1.341635e-14 0.01502442 0.02078497 0.03344745 0.06073811 0.09347502 0.1413917 1.816683e-15 38.33992 54.96712 62.91903 77.41875 1.133299e-06 18 
0 0.01658281 0.02285091 0.03069146 0.05435422 0.08068894 0.1287628 1.498967e-05 32.95551 47.30861 55.95374 74.39739 3.828595e-06 19 
0.07451141 0.03086543 0.02215032 0.04557322 0.05669613 0.08292005 0.1342533 0 52.54319 70.97916 103.8368 128.5391 143.1413 20 
0.07381081 0.03679603 0.0213324 0.02984594 0.04486952 0.06478704 0.09840852 0 31.24992 49.84902 64.56147 75.80429 88.06262 21 
6.433152e-08 0.01561256 0.02103326 0.03389563 0.05786501 0.08715925 0.1481854 6.257927e-06 37.61538 49.49682 65.22467 75.62194 0.0001355498 22 
4.480602e-08 0.01628453 0.01797755 0.03140061 0.05682647 0.08885033 0.1493459 2.11982e-05 30.57373 45.03116 54.50097 67.48528 7.994214e-05 23 
0.08204967 0.03339808 0.02091288 0.03295057 0.05144964 0.06931449 0.1288129 0 39.10342 69.51386 81.56618 133.8877 114.0059 24 
NaN 0.01521586 0.01953933 0.02804558 0.05163542 0.08556642 0.1522448 8.65023e-06 32.89454 50.42378 67.5693 76.11836 0 25 
8.492223e-13 0.01524513 0.01607611 0.02704944 0.04784659 0.07531459 0.1264004 1.342185e-05 33.16641 48.29915 64.65133 75.50379 5.603493e-06 26 
0.06804296 0.03311984 0.01747001 0.03895815 0.05801777 0.0833864 0.1243241 0 39.2976 61.81754 74.36212 87.493 106.7842 27 
NaN 0.01578009 0.02294621 0.03836185 0.06660065 0.09734933 0.150796 1.253286e-05 39.98738 50.89958 61.00846 67.81394 0 28 
NaN 0.01546281 0.02034033 0.03200644 0.05503636 0.08695708 0.1620551 1.327341e-05 35.26898 47.59945 65.30323 75.18135 0 29 
NaN 0.01369073 0.02100499 0.03568882 0.06385651 0.09738249 0.1539209 2.282518e-05 48.79249 67.06157 82.04196 95.7667 0 30 
0 0.01422886 0.02346398 0.04004557 0.07040452 0.1198693 0.2955126 1.581057e-05 45.80999 59.59661 86.49352 91.76643 3.003915e-06 31 
NaN 0.01442902 0.02007747 0.03883394 0.07314593 0.1291934 0.2940047 3.967081e-05 40.19143 59.38032 77.22539 87.4885 0 32 
0.07009986 0.03273699 0.02032466 0.03296066 0.05640956 0.08080633 0.118565 7.121049e-15 34.06529 62.60768 72.30774 85.71585 108.6405 34 
0 0.01468677 0.01749214 0.03144995 0.06207488 0.1023714 0.1321939 6.575009e-06 37.32392 61.023 63.65035 80.51251 1.020078e-06 35 
NaN 0.01370113 0.01536212 0.03960318 0.0792708 0.1493268 0.003313647 0.01014577 40.1457 60.47853 66.52871 0 0 36 
0.07862362 0.03202536 0.01966445 0.03817198 0.04922674 0.07893312 0.139543 1.451485e-05 43.68315 62.84446 101.1328 128.4459 126.8841 37 
NaN 0.01525498 0.01584912 0.03412263 0.05678279 0.08569377 0.1566555 NaN 36.21184 44.7932 61.48564 66.55312 0 38 
4.060816e-09 0.01660259 0.02550741 0.02550898 0.05028672 0.08795699 0.1610172 6.48254e-06 28.13294 48.10206 65.5223 66.49522 7.268338e-06 39 
6.106419e-17 0.01491344 0.01734068 0.03816196 0.06771791 0.1027867 0.1635536 1.842383e-15 40.99032 54.94756 66.35881 75.97002 7.933437e-08 40 
8.532078e-07 0.01417568 0.02066927 0.04247933 0.07592761 0.115449 0.2092493 1.136241e-05 47.15829 58.76268 72.50435 79.12468 0.002465601 41 
NaN 0.0150145 0.02452942 0.03586243 0.0593221 0.09140119 0.1925484 9.164912e-06 42.4156 50.45571 74.49727 82.40215 0 42 
5.95931e-08 0.01334947 0.0175009 0.03427182 0.06797605 0.1190739 0.188048 7.889893e-06 44.0795 70.61574 82.33196 87.15068 0.000164995 43 
3.448104e-15 0.01394805 0.0175761 0.03413332 0.06713681 0.1200951 0.24067 7.560031e-14 39.46508 63.5564 80.28406 91.46841 8.900484e-07 44 
NaN 0.01613307 0.02571525 0.03230182 0.05637724 0.08727619 0.1582799 1.235009e-05 35.39407 48.74296 62.7539 76.83003 0 45 
NaN 0.01511228 0.02147458 0.04101428 0.07507058 0.1178324 0.1848861 1.860495e-05 41.35333 56.18444 63.66982 75.07457 0 46 
6.318542e-12 0.01443483 0.02078924 0.03228832 0.05721294 0.0868919 0.1410954 6.786123e-06 41.97371 58.57967 72.49737 88.54204 7.860811e-07 47 
NaN 0.01466404 0.02514364 0.03464642 0.06601082 0.1087189 0.1722622 1.63625e-05 41.39967 63.04815 72.28133 87.3378 0 48 
0.07584806 0.03495412 0.02236503 0.03498948 0.04880443 0.0696751 0.1074708 0 37.58486 57.02343 75.60793 96.00332 106.1247 49 
NaN 0.01646172 0.02093422 0.03485143 0.05977304 0.08778784 0.1423769 1.2882e-05 34.08751 44.73276 54.3538 65.63429 0 50 
0.06620447 0.03804554 0.01713563 0.02803117 0.04089073 0.05897899 0.09018824 0 27.74289 41.8351 54.59559 64.56331 69.94327 51 
NaN 0.01540489 0.02260156 0.03231982 0.05991342 0.09641838 0.1780079 5.139576e-05 35.71066 54.1585 67.42793 86.75129 0 52 
0.06867911 0.03182422 0.01932719 0.04229803 0.05082318 0.07136028 0.1415809 1.864032e-05 45.88036 57.0737 85.84462 124.3475 109.7343 53 
9.924204e-06 0.01439802 0.02417892 0.03222554 0.06299202 0.1026669 0.1307262 6.122031e-06 42.92186 68.86792 71.16804 92.76387 0.02461577 54 
8.875267e-05 0.01460802 0.02032605 0.03591228 0.06331128 0.09445158 0.1508072 7.200173e-07 43.04298 57.80917 69.44916 84.61864 0.2192086 55 
0.08019561 0.0414371 0.02787356 0.02926834 0.04566553 0.06134084 0.0971011 9.207198e-06 29.20034 50.112 56.33633 80.74676 75.38881 56 
0.06968413 0.0354238 0.01763863 0.03600092 0.04459378 0.05751531 0.09272472 1.209707e-05 41.3963 51.28262 62.97848 103.2334 90.40156 57 
0.06933768 0.03787757 0.02092916 0.02727817 0.04348988 0.06253145 0.09857001 8.534335e-06 27.23537 46.3607 58.1906 71.95552 72.62266 58 
0.07775651 0.03479497 0.02281622 0.0320011 0.04208096 0.05905201 0.1025215 0 39.71592 57.59205 79.13255 114.966 105.7709 59 
0.06116965 0.03631046 0.01686236 0.0302917 0.04305589 0.0590423 0.08652375 3.142677e-16 29.77072 42.70446 50.61475 69.09968 70.44667 60 
0.001843488 0.01541796 0.01785102 0.03052803 0.05461139 0.08706546 0.1465866 7.662428e-06 34.61081 50.21812 65.76269 72.82366 3.753651 61 
0.06334812 0.0422681 0.01410306 0.02766829 0.03586671 0.05004755 0.07943597 1.589035e-05 28.60846 37.15184 48.92692 61.00101 55.01693 62 
9.057185e-11 0.01506859 0.01880648 0.03438973 0.0623155 0.09922099 0.1806189 1.996769e-05 36.09274 51.54408 62.97677 77.23432 1.063272e-05 63 
1.310107e-14 0.01448965 0.0233899 0.03720463 0.06550785 0.09630681 0.1480858 3.050342e-15 46.12435 60.66502 71.73692 86.14277 1.630836e-06 64 
NaN 0.01386304 0.02053681 0.03519269 0.06924207 0.1186815 0.1536171 NaN 43.83788 68.70678 69.23443 91.59139 0 65 
0.06506074 0.03999979 0.01769769 0.02515307 0.03770701 0.05276106 0.08545006 1.819825e-05 24.73471 38.58076 47.71771 64.48461 57.43812 66 
0 0.01532575 0.01846703 0.03281328 0.06585777 0.1119977 0.1641575 4.188283e-05 33.71352 56.25588 60.32183 77.10194 1.869453e-05 67 
1.494314e-14 0.01523618 0.01907949 0.03025318 0.05312079 0.08351959 0.141379 4.381599e-16 35.46427 49.7137 65.11661 71.7785 6.02917e-07 68 
0.07386586 0.0372277 0.02126042 0.03118465 0.04180945 0.05808165 0.08878665 0 38.27513 54.85424 69.56039 88.48989 90.32554 69 
0 0.01407077 0.01844932 0.03395655 0.06371004 0.1009495 0.1475939 6.291454e-16 42.14097 62.80686 68.50761 88.57687 1.605973e-07 70 
0.07828768 0.03695453 0.02118835 0.03150913 0.03996095 0.0564882 0.09215647 0 37.29078 49.7516 72.26056 96.82889 94.11859 71 
0 0.01421366 0.01782411 0.033251 0.06020073 0.09443396 0.1691206 2.30742e-14 41.0383 58.99897 73.06909 92.98378 4.642903e-07 72 
NaN 0.01454006 0.02265796 0.0345468 0.06580005 0.1083019 0.166336 1.005036e-05 41.08531 62.56003 71.76111 84.31806 0 73 
0.001505026 0.01496426 0.02162995 0.02997207 0.06109578 0.1055959 0.1748519 1.249278e-05 34.31299 59.47854 70.66453 83.80269 3.135796 74 
0.08562868 0.03023971 0.01961114 0.04816489 0.05801561 0.08940457 0.1672403 0 58.72392 82.06525 127.4701 169.8155 165.7545 75 
1.169541e-15 0.01576893 0.01953439 0.03159084 0.05749835 0.09305349 0.159242 6.631896e-17 32.26683 47.3097 58.52744 65.97175 1.719376e-07 76 
4.225344e-15 0.01423518 0.01613194 0.03190211 0.06477775 0.1177768 0.200608 0 35.17279 59.02798 69.47155 71.88845 2.412577e-07 77 
NaN 0.01324333 0.0208925 0.03957515 0.07046267 0.10962 0.1972518 2.774998e-05 52.79478 69.0357 89.28837 96.4471 0 78 
1.42445e-09 0.01584172 0.02219173 0.02969198 0.05414555 0.0906141 0.1654255 2.523291e-05 32.11765 48.06469 64.13445 66.7553 1.184232e-05 79 
8.116592e-08 0.01346058 0.02248321 0.04396418 0.07832954 0.1176237 0.2287301 7.660844e-06 54.2187 65.42754 84.62004 88.56739 0.0002661809 80 
NaN 0.01429226 0.02207915 0.04250436 0.07662394 0.09506993 NaN 2.296485e-05 47.98806 61.39003 61.75667 61.73286 0 81 
0.06649498 0.0239695 0.01582986 0.02958909 0.05731559 0.0726305 0 1.392959e-05 39.74324 80.01277 73.96926 102.1029 130.7405 82 
NaN 0.01453666 0.01992612 0.03644543 0.06422855 0.1043704 0.2191341 2.347639e-05 40.70074 55.1536 75.33411 88.24312 0 83 
0.0731735 0.0334481 0.02129839 0.03366011 0.04755623 0.06878096 0.1185701 6.909715e-20 40.18827 62.34448 83.20051 111.2403 103.2568 84 
1.508184e-06 0.01620391 0.01909756 0.03442696 0.05797398 0.08594227 0.1515488 1.539553e-05 33.74458 43.1202 55.69993 66.45032 0.002952729 85 
NaN 0.01368599 0.02051466 0.03181476 0.06017456 0.09788154 0.156104 1.697056e-05 45.10782 69.82913 86.53956 99.31542 0 86 
1.634251e-18 0.01641913 0.03113736 0.03376357 0.05493314 0.07383793 0.1196731 1.303961e-05 42.01298 49.92821 63.46818 81.86892 4.339909e-06 87 
0.07653199 0.03138476 0.02006757 0.03862309 0.05257143 0.07789145 0.1325281 0 45.14582 68.42588 96.69005 126.4463 127.0114 88 
9.676071e-05 0.01447664 0.02084508 0.03575804 0.06716651 0.1131894 4.60502e-06 0 37.4277 53.21662 64.35169 0.1359838 0.2270545 89 
1.141071e-13 0.01543002 0.01772905 0.03175871 0.06820721 0.1281802 0.1633244 1.156816e-15 30.80866 55.67391 57.41174 64.70045 2.244204e-05 90 
0.06486145 0.04206211 0.01921277 0.02733111 0.03900414 0.05259532 0.08337426 1.843314e-05 28.20475 41.55335 46.95084 64.63967 55.04751 91 
NaN 0.01491127 0.02100045 0.03446396 0.06647578 0.1139807 0.2040141 5.978948e-05 36.91854 58.00734 71.14628 81.60785 0 92 
NaN 0.01453769 0.01907182 0.0287367 0.06173636 0.1114867 0.1929832 1.252896e-05 32.79296 60.80972 71.08242 85.19453 0 93 
0.06643813 0.03394232 0.02029974 0.03953696 0.04765819 0.05916138 0.09914283 2.16299e-05 42.59034 45.64809 71.34598 100.7298 98.86929 94 
0.07830466 0.03038357 0.01692301 0.03937154 0.05555378 0.08049529 0.1241606 0 46.58072 72.48061 98.01221 117.5106 151.9226 95 
0.07329011 0.03977701 0.0193158 0.02498126 0.04285375 0.05790823 0.08619365 1.056111e-05 26.45699 48.46938 51.94741 71.54133 69.48029 96 
0 0.01552203 0.02368359 0.03238888 0.06181483 0.09886069 0.1492643 1.372966e-05 36.69357 57.5568 64.48412 82.95285 3.146249e-06 97 
NaN 0.01546791 0.02212625 0.03259213 0.05769834 0.08938079 0.1548954 3.872902e-05 36.21257 50.53511 62.86561 76.1764 0 98 
2.578276e-14 0.0152276 0.01989217 0.03392155 0.05805781 0.0855106 0.1423536 3.060716e-17 38.01399 49.19826 61.15504 72.7686 2.265692e-06 100 
