1 0.1518374 0.5570064 0.2147544 0.1623661 0.5422372 0.9999978 0.9999998 283.3081 566.6161 734.813 1205.32 1602.526 1319.219 1 
1 0.2402245 0.410711 0.1979814 0.161265 0.4134237 0.3968994 1 191.5837 383.1673 508.3253 777.4407 928.988 967.6851 1 
0.9999999 0.1855015 0.5196179 0.200406 0.1129911 0.2969939 0.3438723 1 264.2463 528.4926 647.62 925.363 1151.438 1318.555 2 
0.6598051 0.2644782 0.5400062 0.1522544 0.1534389 0.178307 0.5390823 1 200.4219 332.6613 390.7202 426.2479 699.71 1316.362 2 
1 0.1713969 0.4657137 0.1814992 0.1687769 0.3257819 0.5170896 1 227.6344 455.2688 628.5277 906.5162 1204.002 1254.19 3 
1 0.1904914 0.5412331 0.1148802 0.2939091 0.3663489 0.2584259 0.9999999 141.7975 283.5951 604.6937 887.2994 1013.619 1234.308 3 
1 0.1615719 0.4861382 0.1745743 0.3976808 0.4505167 0.9999999 0.9999999 198.1414 396.2828 768.8526 1023.073 1333.139 1134.998 4 
1 0.1756854 0.4934324 0.1875198 0.2890966 0.2350141 0.6603594 1 222.0852 444.1704 722.352 883.1163 1228.681 1184.329 4 
1 0.2148553 0.3880111 0.1762472 0.2400246 0.298673 0.3980149 1 200.2219 400.4438 625.0605 837.4738 1035.994 1136.029 5 
1 0.1487334 0.4761442 0.2636368 0.07837337 0.2594774 0.4361113 1 383.3691 766.7382 850.6594 1106.729 1425.437 1454.156 5 
1 0.1818155 0.5069708 0.1450427 0.2364777 0.3654425 0.453321 1 181.5751 363.1503 616.2519 914.8903 1149.964 1251.873 6 
1 0.1714228 0.5177219 0.1696587 0.2338263 0.3496665 0.3400756 0.9999998 215.927 431.854 678.9585 962.0772 1141.149 1272.714 6 
0.9999999 0.1724588 0.4701138 0.1664056 0.2084623 0.2107194 0.6148187 0.9999999 226.2274 452.4548 688.6981 877.7182 1313.011 1359.494 7 
1 0.2073884 0.4639145 0.1153032 0.203903 0.2262033 0.3541632 1 135.0709 270.1419 481.4608 668.0901 894.1957 1171.441 7 
1 0.1277451 0.5841647 0.2117275 0.3998947 0.4085218 0.9999949 0.9999995 281.9221 563.8441 983.5779 1240.896 1613.453 1331.533 8 
1 0.1467218 0.4847043 0.2059317 0.2693535 0.5590076 0.9999997 0.9999999 252.2789 504.5577 766.5801 1163.9 1477.34 1225.061 8 
1 0.1717012 0.4264088 0.2537011 0.2637341 0.4253986 0.9999916 0.9999923 279.684 559.3681 776.3504 1034.035 1382.096 1102.415 9 
1 0.1807464 0.37114 0.1517832 0.2218136 0.2140727 0.4826444 1 188.1847 376.3694 609.6376 784.8288 1095.257 1239.825 9 
1 0.1866838 0.5007517 0.1492186 0.198663 0.2924559 0.3692545 1 198.2665 396.533 621.1079 886.031 1122.699 1328.698 10 
1 0.2119951 0.5110974 0.1620161 0.2292398 0.2699847 0.5081834 1 179.3303 358.6606 571.289 764.3034 1029.521 1106.867 10 
1 0.1803665 0.4878725 0.1633917 0.2500586 0.4458893 0.999984 0.9998698 166.4094 332.8187 545.8836 830.8046 1184.873 1018.469 11 
0.9999999 0.2102266 0.3840243 0.1677047 0.1582176 0.2946958 0.5584158 0.9999997 190.3531 380.7062 530.1738 764.5243 1077.727 1135.049 12 
1 0.1872963 0.4608318 0.2204058 0.2060885 0.2363591 0.5657098 0.9999999 256.389 512.778 699.6735 869.846 1180.874 1163.259 13 
1 0.2157125 0.4228374 0.1593124 0.2098941 0.3442086 0.3587709 0.9999998 171.6049 343.2098 533.2804 779.5562 947.8946 1077.16 14 
1 0.1672777 0.4625448 0.2464411 0.2634469 0.3106149 0.9999858 0.9999607 281.0971 562.1941 788.6343 985.2811 1421.717 1140.626 15 
1 0.1619203 0.4914639 0.2062936 0.3150006 0.5053792 1 1 247.137 494.274 793.7922 1122.962 1445.124 1197.987 16 
0.9999999 0.1871621 0.4751079 0.2280715 0.07234303 0.381542 0.2577564 1 277.9494 555.8987 623.955 956.9222 1096.039 1218.694 17 
1 0.1781561 0.5148784 0.2122025 0.1772837 0.2696718 0.3332813 1 280.7585 561.5169 746.3016 977.5521 1186.278 1323.069 18 
1 0.1955181 0.4687101 0.1810683 0.2589447 0.2244089 0.4763622 1 209.7874 419.5748 665.2672 823.0557 1082.836 1158.609 19 
0.9999997 0.1996104 0.4265668 0.1647453 0.1691355 0.2784726 0.5018574 0.9999997 190.4519 380.9038 544.2187 767.6292 1058.135 1156.039 20 
1 0.1408071 0.5083617 0.1569709 0.2014626 0.1803211 0.5914219 1 241.5442 483.0884 744.4335 931.2271 1433.404 1538.783 21 
1 0.1869526 0.4839205 0.168433 0.250805 0.2284698 0.3982174 1 208.692 417.3841 675.7958 852.1557 1089.317 1239.021 22 
1 0.2091285 0.401029 0.1871539 0.2355607 0.2823793 0.4424481 1 205.7075 411.4151 621.8716 814.7286 1031.579 1099.136 23 
1 0.1933028 0.4720474 0.1711456 0.3466916 0.377625 0.9999931 0.9999969 181.1481 362.2961 666.4473 882.8812 1239.59 1058.444 24 
1 0.1950198 0.5134173 0.2511637 0.2046363 0.402816 0.9999948 0.9999899 271.8926 543.7852 709.6713 969.3879 1354.422 1082.531 25 
1 0.1428246 0.5258078 0.1873802 0.263516 0.5242768 1 1 252.1551 504.3101 792.4733 1214.709 1597.842 1345.687 26 
1 0.2259784 0.4733349 0.1730868 0.1310173 0.3277747 0.4129354 1 199.2249 398.4498 523.1504 794.2484 1023.836 1151.012 27 
1 0.1412706 0.6163867 0.2275231 0.2471091 0.3303669 0.5567777 0.9999999 304.4963 608.9925 864.4571 1121.598 1411.795 1338.309 28 
1 0.1491708 0.4684455 0.2297393 0.2885362 0.3328341 0.9999925 0.9999918 295.0762 590.1523 875.6068 1109.877 1579.468 1284.395 29 
1 0.172539 0.4797358 0.1667145 0.3096124 0.4628755 0.9999985 0.9999988 185.5492 371.0985 658.2413 954.6129 1298.525 1112.976 30 
1 0.1812931 0.4464285 0.2290905 0.1995512 0.2895656 0.2919483 1 281.4239 562.8478 751.8259 971.3277 1128.552 1228.44 31 
0.9999997 0.1672082 0.5719181 0.1496772 0.1752948 0.2665091 0.4341281 0.9999999 209.3897 418.7794 627.3017 888.755 1201.143 1398.942 32 
1 0.1378444 0.4899031 0.2824776 0.2704127 0.5172648 1 1 370.1233 740.2466 994.4755 1349.279 1680.398 1310.275 33 
1 0.1259177 0.5027879 0.2418816 0.4214415 4.680609e-16 1 1 349.5628 699.1256 1160.865 1160.865 1794.744 1445.182 34 
1 0.1418898 0.5336237 0.2182617 0.1470052 0.4923327 0.9999832 0.9999534 274.9687 549.9373 694.7143 1108.306 1534.773 1259.812 35 
1 0.2607046 0.4086689 0.1724256 0.1746857 0.2777568 0.439558 1 172.6987 345.3974 490.1917 680.2025 897.3792 1001.584 36 
1 0.2337772 0.4256194 0.1869255 0.2194922 0.2897591 0.5800746 1 184.0271 368.0541 543.7504 724.7834 982.1844 984.4941 37 
1 0.1784255 0.513948 0.1868824 0.3091511 0.4335736 0.9999904 0.999993 201.8572 403.7144 675.2334 938.3057 1281.984 1080.13 38 
1 0.1736098 0.4957606 0.1940951 0.2564764 0.1838171 0.4487554 1 265.0586 530.1172 812.3833 962.7986 1262.51 1365.612 39 
1 0.215645 0.3854225 0.164044 0.2184338 0.2958751 0.4062008 0.9999998 180.932 361.8641 563.2635 776.4759 982.5839 1102.948 40 
1 0.1508498 0.5247085 0.1595 0.3959122 0.2911202 0.9999922 0.9999956 205.5827 411.1655 840.0717 1030.59 1494.499 1288.92 41 
1 0.1619008 0.4405424 0.1507525 0.1801456 0.3387811 0.4446322 0.9999999 210.0812 420.1624 633.3592 962.0691 1247.328 1393.55 43 
1 0.1453408 0.5700952 0.2001441 0.3602017 0.6020296 0.999994 1 234.0298 468.0595 804.9477 1165.195 1403.335 1169.306 44 
1 0.1690142 0.5679688 0.1888837 0.1245536 0.3598458 0.3774073 1 242.6781 485.3562 615.1565 943.4521 1163.868 1284.801 45 
1 0.1513854 0.521372 0.2173336 0.2866617 0.2591375 0.9999919 0.9999657 277.547 555.094 841.6147 1026.377 1554.598 1277.055 46 
1 0.1359904 0.5315302 0.2283434 0.3079559 0.3856445 0.9999971 0.9999981 308.9643 617.9286 939.4667 1218.12 1662.032 1353.069 47 
1 0.1481852 0.5192549 0.2208554 0.2727246 0.3404307 0.9999884 0.9999926 290.2882 580.5764 859.8718 1113.424 1604.664 1314.381 48 
1 0.1439805 0.5759935 0.2012701 0.2430407 0.3006478 0.6324808 0.9999999 270.9739 541.9479 803.3006 1048.026 1408.077 1346.32 50 
1 0.158247 0.4985854 0.1747933 0.2574408 0.4514625 0.9999908 0.9999988 221.2606 442.5212 711.439 1061.622 1487.098 1265.842 51 
1 0.2083192 0.4985132 0.1783341 0.2079827 0.3465277 0.5564864 1 192.106 384.2121 568.3016 811.2279 1066.156 1077.225 52 
1 0.1474774 0.5431459 0.2479065 0.3049844 0.4510642 0.9999991 0.9999994 305.2553 610.5107 892.9498 1183.272 1536.588 1231.333 53 
1 0.2185535 0.470478 0.1421583 0.2019453 0.2984151 0.533558 1 155.6376 311.2752 500.9385 724.6061 1005.178 1094.819 54 
1 0.2270363 0.4294142 0.1676765 0.2420282 0.2963261 0.3426946 0.9999997 171.8625 343.7249 550.1997 741.8122 897.7432 1024.964 55 
1 0.1713755 0.4857063 0.1852841 0.3573673 0.6308922 1 1 204.3217 408.6433 729.7114 1093.962 1307.07 1102.748 56 
1 0.1478534 0.5110682 0.1702613 0.2697381 0.1212276 0.4985089 1 243.5697 487.1393 807.317 912.3991 1292.131 1430.564 57 
1 0.1891299 0.4730115 0.1485547 0.3408929 0.1150578 0.591316 0.9999997 179.8447 359.6894 711.0766 789.2466 1144.762 1210.63 58 
1 0.1942008 0.397496 0.1679046 0.3143599 0.4115604 0.999997 0.9999847 170.0081 340.0163 604.8707 842.6149 1182.535 1012.528 59 
1 0.1657461 0.5275039 0.1755697 0.2429328 0.3171217 0.2203479 1 241.4203 482.8405 758.2409 1030.41 1159.551 1375.068 61 
1 0.2269089 0.4756959 0.1397357 0.3460079 0.3158579 0.4535857 0.9999999 136.6877 273.3754 564.541 738.3685 909.1466 978.1876 62 
1 0.1840484 0.5194665 0.2032705 0.2440784 0.2558568 0.493268 1 239.1778 478.3556 707.1718 888.4858 1148.606 1176.648 63 
1 0.165865 0.5718629 0.1936729 0.2632515 0.2181159 0.4387769 0.9999998 259.3499 518.6998 802.9491 976.4633 1249.382 1339.113 64 
1 0.2249681 0.4311561 0.1643831 0.2565076 0.3117446 0.4840417 1 168.9956 337.9912 558.3477 757.4613 970.243 1028.059 65 
1 0.1701658 0.4879131 0.210913 0.2533721 0.2992294 0.3938511 1 264.5547 529.1095 779.8912 1001.02 1204.982 1254.331 66 
1 0.1553071 0.5277485 0.2476556 0.1539869 0.5008222 0.999999 0.9999976 309.1936 618.3873 763.0254 1161.004 1557.675 1248.482 67 
1 0.1878535 0.441896 0.2562553 0.1939291 0.2554298 0.6051704 1 298.2339 596.4677 764.3291 942.5476 1256.935 1163.815 68 
1 0.1269171 0.581393 0.2222181 0.2953874 0.3527397 0.9999994 0.9999971 338.9171 677.8342 1028.234 1323.067 1864.072 1525.155 69 
1 0.2236086 0.470099 0.2128577 0.1612019 0.3897343 0.4033253 1 228.1846 456.3691 592.3946 868.2468 1042.46 1072.005 70 
1 0.1750905 0.4300696 0.1800599 0.1881782 0.1903164 0.5854735 1 251.3886 502.7772 718.1943 895.0617 1335.611 1396.139 71 
1 0.152536 0.5543353 0.1519519 0.3220663 0.3539058 0.9999987 0.9999959 203.3169 406.6337 772.0882 1044.335 1541.351 1338.035 72 
1 0.1547935 0.4779923 0.1920967 0.3764746 0.4048483 0.9999983 0.9999996 226.2037 452.4075 810.5657 1050.718 1403.755 1177.552 73 
1 0.2014753 0.4519327 0.2484462 0.2480947 0.2492798 0.9999885 0.9999268 253.2571 506.5141 696.5812 840.1763 1272.616 1019.364 74 
1 0.1933972 0.507304 0.1822775 0.1824174 0.3242192 0.3867503 1 206.9233 413.8467 583.1823 829.2489 1027.607 1135.21 75 
1 0.2026902 0.4404226 0.1428197 0.1795566 0.3183313 0.5480281 1 157.9488 315.8975 486.114 733.7014 1024.254 1105.931 76 
1 0.1693475 0.4689762 0.2050009 0.1726038 0.4427772 0.9999965 0.999996 248.1114 496.2228 662.2992 1014.797 1458.404 1210.294 77 
1 0.1676823 0.4371498 0.1630869 0.1557579 0.3608035 0.4144561 1 226.6938 453.3877 634.5846 988.9397 1249.124 1390.018 78 
1 0.1735928 0.4718777 0.1923044 0.163021 0.3085117 0.3311824 0.9999999 259.3234 518.6468 696.2063 977.4524 1186.222 1348.505 79 
1 0.1615824 0.45944 0.2079072 0.1486413 0.3929558 0.9999881 0.9999847 260.04 520.0799 667.3404 998.779 1510.784 1250.75 80 
1 0.1301022 0.4772994 0.2098438 0.2418321 0.3630752 0.9999901 0.9999946 315.2399 630.4798 917.5393 1244.293 1817.494 1502.26 81 
1 0.2366924 0.4532511 0.2014201 0.2046156 0.286845 0.3446971 1 198.664 397.328 558.4941 738.1988 892.2033 986.317 82 
1 0.156363 0.5525829 0.1401024 0.1831541 0.2929959 0.5293515 1 198.3273 396.6545 619.6008 910.9307 1283.056 1415.588 83 
1 0.199982 0.4371519 0.1104372 0.2780869 0.2971552 0.4873596 1 125.0674 250.1349 530.2819 746.3914 995.5062 1132.476 84 
1 0.2186388 0.4518872 0.2525633 0.2274688 0.3299786 0.5428831 0.9999999 251.6834 503.3668 672.7931 862.6649 1071.965 996.5162 85 
1 0.1527741 0.5742989 0.1681272 0.2981809 0.5109235 0.9999927 0.999993 202.9972 405.9944 705.489 1065.645 1410.397 1207.403 86 
0.9999997 0.1576654 0.5227095 0.2038563 0.2498653 0.1754263 0.5568604 0.9999997 279.1765 558.3529 830.7811 974.2572 1349.801 1369.477 87 
1 0.1301935 0.5097652 0.2083901 0.2383308 0.3909112 0.9999902 0.9999949 307.3276 614.6552 892.8928 1240.493 1782.093 1474.77 88 
1 0.1453065 0.5696646 0.1613373 0.4713069 2.930831e-10 0.9999982 0.9999994 213.4203 426.8406 949.7088 949.7088 1536.24 1322.821 89 
1 0.187266 0.4535628 0.1388484 0.3173955 0.1820833 0.3895532 1 170.9478 341.8956 678.4096 810.1872 1040.781 1231.183 90 
1 0.2105528 0.4364433 0.21009 0.2421828 0.2660201 0.3739898 1 237.5715 475.1431 691.4697 871.5415 1057.354 1130.809 91 
1 0.1574885 0.4755567 0.2125911 0.2996561 0.4489656 0.9999998 1 266.791 533.582 829.6897 1140.397 1521.74 1254.949 92 
1 0.164933 0.5235568 0.2356924 0.2050894 0.4111986 0.9999996 0.999996 291.1271 582.2542 775.8735 1084.459 1526.326 1235.2 93 
1 0.2084591 0.4276716 0.1825102 0.2262305 0.3056049 0.4283054 1 196.774 393.548 592.9429 801.3608 1004.192 1078.154 94 
1 0.2064045 0.4454651 0.200086 0.1846724 0.2797664 0.5949103 1 227.8104 455.6208 623.8116 831.5553 1149.724 1138.562 95 
1 0.2025153 0.5431434 0.1737303 0.2528404 0.3461418 0.213952 1 197.6023 395.2046 632.8255 875.8811 974.1128 1137.408 96 
0.9999999 0.1798131 0.4933135 0.2021277 0.2272928 0.1725213 0.4392871 1 255.9213 511.8426 741.4573 876.1275 1159.876 1266.137 97 
1 0.1269909 0.5693951 0.2305748 0.3158021 0.4169705 0.9999958 0.9999973 322.9716 645.9432 986.2996 1293.772 1723.694 1400.724 98 
1 0.2105633 0.5292324 0.1842528 0.1467239 0.3836615 0.4851903 1 194.807 389.6141 516.1596 798.5072 1018.58 1057.281 99 
1 0.1786379 0.435348 0.2183904 0.1430481 0.3525207 0.4624319 0.9999999 285.6109 571.2219 717.444 1026.24 1288.518 1307.8 100 
