0 0.02704121 0.05244853 0.03392302 0.05446392 0.08592873 0.1686606 1.279988e-05 40.6445 49.20449 73.55631 76.44911 3.628873e-06 1 
NaN 0.0385386 0.04973994 0.03766962 0.05840381 0.08976499 0.1667742 1.95317e-05 33.09148 39.27681 53.5767 54.03073 0 1 
6.404113e-10 0.02903968 0.05141517 0.03640727 0.05729708 0.07982712 0.1359514 9.752308e-06 41.37933 46.45537 63.58745 68.18787 2.543593e-06 2 
0 0.03615391 0.05475117 0.03949901 0.0619993 0.07954041 0.1225544 2.016493e-05 41.94837 47.8435 49.93781 73.58488 5.267008e-06 2 
3.397294e-07 0.03176754 0.05718857 0.03558559 0.05880654 0.08747409 0.1473213 5.840824e-06 39.91273 51.53855 66.15359 77.24216 0.0007401281 3 
0 0.02724321 0.04777993 0.02628071 0.05597167 0.09899309 0.1731361 4.357353e-06 28.60935 54.03141 66.19787 64.87357 3.900144e-07 3 
0 0.0247093 0.04833166 0.0369749 0.07783478 0.1571216 NaN NaN 36.2771 61.9288 70.25291 0 0 4 
2.6906e-12 0.03053196 0.0521888 0.03775227 0.06941722 0.1120318 0.1883953 5.140258e-05 37.04212 55.416 61.12522 75.11903 1.884948e-05 4 
0 0.0384572 0.05137296 0.03532134 0.06044219 0.09472317 0.1558581 2.28452e-05 34.41622 48.61576 57.18483 61.80331 6.519417e-06 5 
9.958478e-12 0.03189033 0.05915213 0.04619622 0.07472094 0.0883789 0.1380673 1.53307e-05 53.20155 53.60798 66.12881 77.61081 5.399432e-06 5 
0 0.02606703 0.05048161 0.03171825 0.05909337 0.09931609 0.176856 6.417968e-06 36.42616 56.79702 72.86078 79.61809 8.389497e-07 6 
0 0.02660699 0.05179097 0.03475312 0.06313003 0.1035891 0.1779207 1.515409e-05 39.75769 58.68166 73.39865 77.15887 5.115647e-06 6 
7.991375e-07 0.03176618 0.05493634 0.03376413 0.05853081 0.0878785 0.1498237 2.844923e-05 38.08011 53.87944 61.97622 82.2779 0.001710885 7 
NaN 0.03579942 0.05488572 0.02568228 0.04760349 0.07332373 0.1065842 4.282802e-06 26.99694 43.76277 52.18452 58.53891 0 7 
0 0.02129502 0.0555709 0.04208504 0.08584541 0.1707125 2.605095e-13 0 47.37674 73.94787 86.07994 1.716657e-05 8.76585e-13 8 
0 0.02379817 0.05028214 0.03927191 0.07296919 0.1282095 NaN NaN 43.06027 60.48358 78.62669 0 0 8 
0 0.0290557 0.05204165 0.04464176 0.08107022 0.1321076 NaN NaN 43.51893 56.05667 64.47705 0 0 9 
0 0.04227047 0.06565819 0.03209812 0.05666811 0.08460242 0.1212855 3.582263e-05 35.88047 53.99878 57.97289 74.45666 2.548589e-05 9 
1.116597e-10 0.0296444 0.0481604 0.02930841 0.05119282 0.07824005 0.1227411 9.213654e-06 33.34188 48.36639 59.11765 68.84573 1.793755e-06 10 
1.351567e-05 0.03239281 0.04810088 0.03153537 0.05522691 0.08375379 0.1262876 6.175835e-06 30.27121 43.99527 50.19815 59.11464 0.02395015 10 
0 0.03249464 0.05288772 0.03301813 0.059377 0.1011105 0.2195396 1.938915e-05 30.19189 45.97544 61.53532 72.34859 2.256691e-06 11 
5.586095e-08 0.03934082 0.05154906 0.0322091 0.05115327 0.07562293 0.1297438 2.028981e-05 32.36019 41.66173 53.26149 64.16744 0.0001016479 12 
6.54093e-11 0.03099081 0.05229832 0.04181112 0.07099104 0.1030578 0.1562478 1.141493e-05 41.84046 53.39963 57.33331 73.15313 7.379876e-06 13 
0 0.0379849 0.05063263 0.03231996 0.05552577 0.08856129 0.1499107 6.286743e-06 29.58319 42.62054 53.42107 54.88643 4.860226e-07 14 
3.9061e-13 0.03071641 0.05234464 0.04273903 0.07402284 0.1129857 0.1884722 5.139069e-05 42.89406 56.47415 63.41517 76.04489 2.352394e-05 15 
0 0.02512434 0.04769555 0.03941713 0.07619554 0.1396614 NaN NaN 39.4815 58.58022 68.49512 0 0 16 
0.0004338083 0.03186762 0.05019016 0.03987204 0.06117539 0.08184751 0.1500274 6.833045e-06 41.29523 41.55582 61.09552 64.14439 0.9977766 17 
4.379826e-11 0.02787987 0.04715368 0.03882324 0.06454361 0.09190571 0.1423357 4.820711e-06 41.54126 50.94332 60.66999 68.1268 4.981492e-07 18 
2.008791e-08 0.03226208 0.04954466 0.03483602 0.06202596 0.09566404 0.1399199 6.182118e-06 34.95845 50.83537 55.29138 65.92271 4.082054e-05 19 
1.045654e-06 0.03566144 0.05462737 0.03402459 0.05547063 0.08290878 0.1437505 7.474338e-06 34.15804 44.64653 56.99839 68.52802 0.001965403 20 
0 0.02820902 0.06284796 0.03332459 0.05937115 0.0891589 0.1414971 5.030155e-15 42.3314 61.66164 70.61979 95.08579 3.104708e-07 21 
1.491508e-12 0.02955764 0.05000818 0.03381809 0.06210567 0.09861276 0.142109 1.347218e-05 36.88222 55.6899 62.39603 68.5045 3.722366e-06 22 
3.963498e-09 0.04132441 0.0517581 0.0352535 0.06003465 0.0908676 0.1318004 1.304519e-05 33.02474 46.51886 50.86822 56.10878 7.868887e-06 23 
0 0.03522932 0.04676705 0.03061796 0.05774089 0.09435619 0.1540832 2.96045e-05 27.63369 45.00462 51.81173 56.49976 8.098223e-06 24 
0 0.02997971 0.0457332 0.03861559 0.06261894 0.09110592 0.1629987 2.735604e-05 37.89408 45.50416 56.31572 64.82203 6.864406e-06 25 
0 0.02326066 0.05432049 0.03871963 0.0720576 0.1304982 8.621226e-17 0 44.19201 62.53659 84.7639 4.358468e-09 6.785072e-15 26 
8.082512e-18 0.0334905 0.04909725 0.03261036 0.05047579 0.07359204 0.1265383 2.730417e-15 33.04311 39.16037 53.32435 60.02285 1.676842e-07 27 
2.396701e-08 0.02133583 0.04796187 0.04271654 0.07712728 0.1198504 0.1983003 1.44485e-05 48.75596 65.90293 76.00923 91.98791 6.489096e-05 28 
0 0.02948756 0.05541663 0.0405498 0.0720064 0.1144376 0.1883859 2.188387e-05 47.09845 65.12545 76.6163 84.21378 9.171624e-06 29 
0 0.0283956 0.05241008 0.03397147 0.06537067 0.1152633 NaN NaN 33.24117 52.07784 63.17379 0 0 30 
2.024452e-18 0.03268276 0.053555 0.03995599 0.06635992 0.09449288 0.1356929 7.832237e-16 43.25175 53.48286 60.68254 65.78271 2.932751e-07 31 
NaN 0.02653935 0.05371333 0.03069408 0.05292196 0.07933872 0.1249429 4.9608e-06 36.28043 50.80267 63.24639 75.94459 0 32 
0 0.02374156 0.0519909 0.04866432 0.09144179 0.1523019 4.019727e-14 0 53.20911 66.52939 80.34853 5.10606e-06 1.715111e-14 33 
2.665522e-20 0.03080238 0.05753868 0.03886756 0.06900087 0.1077951 0.1655286 1.148172e-05 45.99107 64.50451 73.00576 83.52218 2.414274e-06 34 
1.448577e-13 0.02643658 0.0567787 0.04011307 0.06534005 0.1007259 0.22473 5.069076e-05 44.52069 53.17597 77.37602 92.85885 2.149417e-05 35 
1.616143e-12 0.0480704 0.04903135 0.03215501 0.04923729 0.0704356 0.1088558 1.453287e-05 26.956 34.24902 40.05137 45.40479 1.604556e-06 36 
1.656295e-08 0.03711998 0.04971536 0.03528143 0.05818144 0.08530562 0.1379541 3.563387e-05 31.66504 42.13266 47.88394 58.7353 3.164768e-05 37 
0 0.0291808 0.04870653 0.03557975 0.06670026 0.1139098 0.2044223 8.990336e-06 33.42582 51.82086 62.43038 66.25299 1.073875e-06 38 
2.198623e-17 0.02811827 0.05363332 0.03647137 0.06603403 0.1031055 0.133826 6.144657e-15 43.55968 62.57697 65.017 77.55401 1.781689e-07 39 
NaN 0.05054929 0.05502752 0.0329705 0.05419388 0.08215816 0.1293279 1.290196e-05 28.63374 40.59529 47.32504 50.7791 0 40 
0 0.02371919 0.04916951 0.03368569 0.07187057 0.1406918 NaN 0.01394491 36.19894 63.87345 69.52997 0 0 41 
5.86265e-13 0.03559963 0.06252211 0.03242818 0.05523639 0.08858464 0.1580766 1.63919e-05 36.70786 51.78177 69.60307 78.079 4.968893e-06 43 
0.1235417 0.06107889 0.05920669 0.02550765 0.03864912 0.05498032 0.1086435 2.600254e-06 27.35084 51.37201 66.87492 55.29257 107.848 44 
8.599235e-08 0.02569405 0.05323458 0.03577381 0.05783332 0.08468387 0.148895 1.382495e-05 41.19925 49.40303 68.5877 76.97006 0.0001951445 45 
NaN 0.02439982 0.05096564 0.03883221 0.07262982 0.1196397 NaN NaN 44.04347 61.68221 66.44144 0 0 46 
0 0.02253156 0.0553542 0.04175664 0.0801839 0.1400406 NaN NaN 50.10669 71.0019 81.70391 0 0 47 
5.003798e-13 0.02758433 0.04971195 0.03672443 0.06525201 0.1008535 0.1585239 2.378045e-05 41.20386 58.01919 65.67193 79.36002 8.143036e-06 48 
4.007799e-11 0.02278867 0.05466665 0.03994013 0.07183253 0.1132407 0.198055 3.09871e-05 47.6642 66.33715 79.99445 96.32302 1.3266e-05 50 
0 0.03408595 0.0514105 0.03086912 0.05497992 0.08912062 0.15097 1.479594e-05 32.91746 49.46454 62.87005 65.81847 3.777887e-06 51 
0 0.02953573 0.04573927 0.03314735 0.05587761 0.08670447 0.1573349 2.094486e-05 32.42125 43.96632 56.10144 65.72061 4.112399e-06 52 
0 0.02577729 0.05071139 0.04241128 0.07757144 0.1287445 0.225971 1.121759e-05 44.95816 62.99199 73.61347 80.19626 1.891944e-06 53 
7.831401e-18 0.03471249 0.05003769 0.02971716 0.05192172 0.08054295 0.1386994 1.88431e-14 28.03355 41.63144 50.91469 61.7753 5.558208e-07 54 
3.390565e-13 0.03742041 0.05101548 0.03257082 0.05712896 0.08828688 0.1320838 1.365517e-05 30.82502 45.25176 51.65157 55.38258 2.638252e-06 55 
0 0.02326822 0.04716317 0.03869394 0.07848533 0.1653612 6.225402e-15 0 38.23298 61.24302 76.81083 4.016208e-07 1.212271e-14 56 
4.98584e-10 0.02673637 0.05626838 0.03545017 0.06765351 0.1096149 0.1375895 2.05985e-05 42.87435 67.17691 67.59541 87.2692 0.0001100721 57 
4.358835e-10 0.02979272 0.04766133 0.03146239 0.06666676 0.1190096 0.1482938 4.471457e-05 32.62787 59.57001 56.51543 72.56996 2.13519e-05 58 
0 0.03603795 0.05030604 0.03475497 0.06744054 0.1180466 NaN 0.0950192 29.95039 48.19769 53.86408 0 0 59 
0 0.02596175 0.05200523 0.03448731 0.0634862 0.1042444 0.1760401 4.381262e-06 41.85117 62.40415 75.57778 74.38065 6.253177e-07 61 
0 0.03400523 0.04457942 0.03056522 0.06471582 0.1138918 0.1874137 1.744254e-05 25.11292 46.66956 50.92173 53.22504 1.896842e-06 62 
8.920812e-10 0.02955862 0.04839587 0.03805509 0.06713961 0.1039097 0.1534902 2.64789e-05 36.55177 50.71384 56.28307 63.19908 9.166057e-06 63 
3.701788e-09 0.02568005 0.05013991 0.03774926 0.06990031 0.1124602 0.1527443 1.905176e-05 41.41172 60.69689 64.7454 74.24725 1.105625e-05 64 
0 0.03820823 0.04881075 0.03183739 0.05714159 0.09059609 0.1405432 1.852052e-05 28.61884 43.68173 50.07124 51.7147 4.205744e-06 65 
0.1369637 0.06532536 0.06724841 0.03186388 0.03744699 0.04946059 0.07293903 0 37.19126 59.81626 75.95856 87.84919 113.8588 66 
0 0.02595314 0.05196517 0.04128653 0.06755249 0.0982832 0.2004949 3.378837e-05 46.39451 53.83268 72.82307 86.80382 1.129639e-05 67 
2.390246e-06 0.03425721 0.05328073 0.04870966 0.08116951 0.1171362 0.2000642 1.235138e-05 46.10534 54.69906 60.16486 72.36846 0.006113056 68 
0 0.01947402 0.05276464 0.04220141 0.08268334 0.1466716 NaN NaN 55.57556 79.50581 85.81708 0 0 69 
0 0.03188906 0.04405083 0.03549804 0.05583682 0.08065817 0.1379396 9.104022e-16 34.8186 40.94557 53.29415 57.73232 1.505624e-07 70 
0 0.03258708 0.05298435 0.03530571 0.05924455 0.08455384 0.1310636 1.54193e-05 39.68232 52.65168 56.84441 78.53125 3.295628e-06 71 
0 0.02231198 0.05100582 0.03337494 0.06837151 0.126964 NaN NaN 38.00725 63.79658 73.9854 0 0 72 
0 0.02845914 0.05395638 0.03820913 0.07825856 0.150398 NaN 0.01106029 37.97797 62.33696 66.98402 0 0 73 
1.458965e-07 0.03472602 0.04617633 0.0398906 0.06578902 0.09494199 0.15052 1.70735e-05 36.37375 46.01728 49.232 62.52879 0.0003048021 74 
9.539603e-07 0.03006602 0.05171201 0.03484168 0.05752488 0.08423115 0.1359011 1.702516e-05 36.2196 46.57666 58.40972 67.47587 0.001917349 75 
4.304144e-06 0.03719625 0.05383248 0.02988968 0.05062164 0.07666686 0.1293411 1.880584e-05 28.73385 41.0087 51.28536 63.51282 0.00681312 76 
0 0.0284291 0.05203516 0.03683939 0.06222784 0.09616726 NaN NaN 38.75057 47.48749 64.7587 0 0 77 
0 0.03216934 0.05642484 0.03316489 0.05392577 0.08426225 0.1537926 4.941679e-06 38.6631 49.59387 70.03056 78.33123 4.342021e-07 78 
0 0.03037617 0.05390065 0.03634106 0.06024238 0.08924334 0.1457867 9.474328e-06 42.30677 53.62344 67.90807 71.56303 2.245514e-06 79 
4.820863e-06 0.03503705 0.0576103 0.03735159 0.05810822 0.08445347 0.1693878 1.455197e-05 39.56026 46.27126 63.29995 80.53426 0.01021618 80 
0 0.02819038 0.05506009 0.03580954 0.06260723 0.09646633 0.1620547 1.792457e-14 45.20472 62.83776 75.96883 91.29341 5.277074e-07 81 
NaN 0.02862842 0.04550193 0.04230157 0.07454148 0.1141846 NaN NaN 35.05709 43.87586 49.12275 0 0 82 
2.671318e-08 0.02455087 0.05559898 0.03238548 0.05742702 0.09159833 0.1665332 2.208439e-05 39.35301 57.03625 75.60567 91.94386 5.828728e-05 83 
0 0.03659432 0.05500966 0.02664527 0.05598056 0.09380986 0.1571431 2.517713e-05 26.23122 49.71125 58.84713 66.51351 7.21576e-06 84 
0 0.03317258 0.04302711 0.04367409 0.07111487 0.1038559 0.1846043 7.549233e-05 36.06348 42.63563 50.01878 55.76563 3.171043e-05 85 
0 0.02092738 0.04694893 0.03373298 0.06567851 0.1207306 NaN 0.005726748 37.51591 58.77641 76.66068 0 0 86 
0 0.02869488 0.05811392 0.03824607 0.06824004 0.1044763 0.1442324 7.245087e-06 44.25912 62.04209 65.04893 82.06981 7.828128e-07 87 
0 0.02581594 0.05992112 0.03726971 0.06400177 0.1007218 0.1878592 1.626706e-05 50.36074 66.90645 89.31882 102.2247 6.26134e-06 88 
0 0.02312253 0.05439685 0.03349963 0.07074197 0.1267658 0.1928943 7.494771e-06 41.14178 73.73303 81.10484 94.91826 1.114602e-06 89 
4.259418e-16 0.03073077 0.05453025 0.03012115 0.06248604 0.1059926 0.1360028 3.398911e-06 34.57176 62.20942 64.5099 72.0517 2.962314e-07 90 
0 0.03084817 0.04884394 0.04005226 0.06972965 0.1070628 0.157673 2.138637e-05 41.85994 55.94461 61.89349 67.26843 7.469134e-06 91 
0 0.02102345 0.05146199 0.04065418 0.06598311 NaN NaN 0 50.24895 62.22481 62.22481 1.80244e-11 7.846115e-15 92 
0 0.0283954 0.05285687 0.04075079 0.0708704 0.1075414 NaN NaN 42.27535 51.87127 63.71267 0 0 93 
0 0.03565052 0.05219692 0.03639242 0.06188252 0.09550111 0.1560562 6.764033e-06 34.69768 47.63184 56.86996 62.65769 6.601258e-07 94 
3.334435e-13 0.03598616 0.05078482 0.0352798 0.05613141 0.08145132 0.1352835 5.409857e-06 35.29207 43.72331 54.05829 62.36244 4.404978e-07 95 
0 0.02883952 0.04565592 0.03291007 0.05877058 0.0937787 0.151519 6.290703e-06 32.18509 46.95824 56.16653 56.16432 6.09364e-07 96 
NaN 0.03218267 0.05467026 0.03626464 0.06197639 0.08991494 0.114582 4.596032e-06 41.1384 54.97687 57.39519 69.36034 0 97 
0 0.02027683 0.05235125 0.04200964 0.08102924 0.1427926 NaN 0.005554219 51.74391 73.29009 86.87443 0 0 98 
1.577727e-11 0.03087816 0.04642747 0.03538606 0.05560237 0.08524622 0.1631352 3.984473e-05 30.91632 36.95963 52.42688 57.69381 1.426503e-05 99 
0 0.03326533 0.05655086 0.04005016 0.06380229 0.09022289 0.1544332 1.428559e-05 45.86373 52.75023 68.35345 75.22572 4.013054e-06 100 
