0.9999986 0.07242525 0.3433069 0.2217807 0.292668 0.2126881 0.9999942 0.9999967 607.6395 1215.278 1839.298 2160.063 3347.446 2739.821 1 
0.999994 0.2143035 0.2239541 0.2186452 0.2523501 0.1743314 0.99999 0.9999156 224.0925 448.1837 650.2685 754.6428 1248.989 1024.914 1 
1 0.1747547 0.2071215 0.1947255 0.2380006 0.4327908 0.9999904 0.9999967 240.4383 480.8766 717.5247 1045.437 1475.19 1234.755 2 
1 0.1238563 0.2694354 0.2496083 0.2436764 0.5752424 0.9999983 1 371.5224 743.0447 1015.207 1501.136 1859.944 1488.422 2 
1 0.1696357 0.163067 0.1733628 0.2112877 0.4566003 0.999991 0.9999882 218.2007 436.4015 656.2328 1030.921 1476.833 1258.637 3 
1 0.1615141 0.1876858 0.1606024 0.2126625 0.2709463 0.4397055 1 247.7374 495.4747 770.833 1047.051 1373.856 1542.551 4 
0.9999996 0.3119137 0.1042183 0.1318705 0.1423111 0.2801585 0.3548279 1 128.3081 256.6161 376.823 579.7894 764.8333 972.9857 4 
1 0.2321872 0.1899066 0.1578598 0.2309763 0.3761865 0.999997 0.9999848 163.7394 327.4789 529.2382 781.9405 1200.984 1037.246 5 
1 0.2264035 0.1781861 0.1444828 0.1980097 0.3147558 0.5160361 1 163.4911 326.9821 518.6693 763.0403 1037.577 1131.561 5 
1 0.147507 0.1941676 0.2105876 0.124709 0.3823924 0.4002248 1 339.0793 678.1587 836.6736 1262.11 1537.115 1610.158 6 
1 0.14334 0.2229422 0.1939561 0.1467886 0.3099925 0.5739671 1 314.0327 628.0655 819.6333 1164.807 1605.796 1619.092 6 
1 0.3756758 0.08275899 0.1246055 0.1653198 0.2524506 0.41796 0.9999999 111.8595 223.7191 353.6355 519.2262 724.1698 897.7091 7 
1 0.125425 0.2183567 0.2063064 0.252533 0.5174414 0.9999894 0.9999861 311.0493 622.0986 924.2937 1387.125 1818.75 1507.705 7 
1 0.1085258 0.3096579 0.1849228 0.4128608 5.683502e-09 0.9999986 0.9999994 359.4536 718.9071 1373.023 1373.023 2303.256 1943.804 8 
1 0.2621642 0.1656905 0.1493008 0.1755445 0.3402801 0.3896673 1 160.2811 320.5622 480.8806 737.0929 930.6535 1073.545 8 
1 0.1805657 0.2381925 0.1591036 0.1785515 0.3279129 0.3127996 1 210.529 421.0579 619.7305 919.4487 1111.601 1323.22 9 
1 0.2718867 0.1183713 0.1185926 0.2404364 0.1587026 0.4623833 1 121.4364 242.8728 459.877 568.6738 835.3497 1023.98 10 
1 0.1850651 0.1830699 0.1113319 0.3026566 0.1488749 0.5330125 1 140.5463 281.0926 620.6314 737.0996 1092.008 1262.408 10 
0.9999999 0.1438686 0.2591313 0.182405 0.2197427 0.2641805 0.3693971 1 305.9091 611.8182 913.1246 1195.764 1486.565 1677.087 11 
1 0.128258 0.2169446 0.1818036 0.1951363 0.3799999 2.140751e-09 1 343.1574 686.3148 987.6755 1460.015 1460.015 1887.517 12 
1 0.3436406 0.09341057 0.1282257 0.1636882 0.3594694 0.3728324 1 113.5545 227.109 353.4809 585.5747 739.7643 885.5829 13 
1 0.1050211 0.2434264 0.181305 0.2636979 0.5385285 0.9999911 0.9999988 333.3563 666.7126 1063.655 1660.534 2172.001 1838.65 14 
1 0.1960034 0.208234 0.1530392 0.1733065 0.3401265 0.5330061 0.9999999 193.9526 387.9052 573.9302 875.7456 1187.846 1267.34 15 
0.9999996 0.2851575 0.1505792 0.1733099 0.1121873 0.3252214 0.3869935 1 168.4166 336.8332 426.9587 658.9141 845.1615 971.7659 16 
1 0.1316724 0.2831718 0.1844966 0.2437981 0.4162622 0.999986 0.9999931 281.091 562.1819 865.0926 1256.194 1804.639 1523.556 17 
1 0.1160517 0.2696946 0.2067574 0.1543792 0.507818 0.9999887 0.9999974 362.0027 724.0055 938.4158 1534.82 2112.854 1750.858 18 
1 0.3785556 0.1052059 0.09996225 0.22042 0.2528011 0.4067419 1 87.2231 174.4462 347.5502 502.3235 688.3916 872.5604 19 
0.9999997 0.1058423 0.3139017 0.2068724 0.2263356 0.2474925 0.9999913 0.9999942 396.9204 793.8407 1138.267 1429.646 2315.584 1918.672 20 
0.9999998 0.1284242 0.2195081 0.174205 0.2893593 0.3823671 0.9999911 0.9999944 288.1952 576.3903 971.6983 1342.916 1942.534 1654.345 21 
0.9999998 0.231946 0.2050886 0.146779 0.2300385 0.2678509 0.5847762 0.9999998 163.9047 327.8093 546.9836 743.4783 1057.563 1116.677 22 
1 0.2902579 0.1165805 0.1525067 0.1861434 0.2610599 0.4884143 1 148.2208 296.4416 449.7635 624.7662 866.7031 971.8973 23 
1 0.2047014 0.1844788 0.1925483 0.2354285 0.3579341 0.2867791 0.9999998 224.8102 449.6205 671.5689 929.5656 1062.286 1167.553 24 
1 0.4591219 0.09155644 0.144811 0.1624116 0.2698001 0.4631092 0.9999999 104.6183 209.2367 309.5793 449.1973 624.1918 722.4476 25 
0.9999999 0.1550377 0.2110102 0.1615008 0.1928379 0.337518 0.31387 1 251.6313 503.2626 755.1956 1111.114 1330.383 1558.081 26 
1 0.1093107 0.2674648 0.1982267 0.2677551 0.5348817 0.9999953 0.9999991 347.7315 695.463 1072.055 1622.923 2101.94 1754.211 27 
1 0.1190977 0.2340443 0.200119 0.2602575 0.558024 0.9999944 0.9999992 319.1522 638.3044 970.3046 1496.89 1913.962 1594.812 28 
0.9999988 0.1180338 0.2255837 0.2494141 0.1825628 0.3636267 0.9999866 0.9999924 432.1983 864.3961 1101.846 1488.455 2165.039 1732.854 29 
1 0.1269716 0.2655215 0.1170735 0.2774596 0.3830323 2.167827e-07 1 228.4553 456.9106 934.9536 1411.785 1411.785 1951.383 30 
1 0.2164284 0.1515471 0.1745776 0.2524689 0.1467994 0.4800475 1 203.3876 406.7751 649.5592 755.0867 1049.513 1165.027 31 
1 0.2118789 0.1839173 0.1443342 0.2231674 0.272053 0.4743704 1 169.9764 339.9529 564.8348 777.7981 1048.112 1177.659 32 
1 0.1069034 0.259696 0.2807922 0.1836734 0.3914713 0.9999953 0.9999752 514.6409 1029.282 1271.396 1692.643 2347.455 1832.817 33 
0.9999995 0.08571154 0.2890257 0.2006528 0.2536972 0.3582119 0.9999885 0.999996 466.7873 933.5744 1405.338 1902.461 2793.118 2326.343 34 
1 0.316398 0.1156299 0.1253045 0.2522514 0.2439662 0.5317135 0.9999998 113.8426 227.6853 428.1458 573.1166 811.9911 908.5281 35 
1 0.3007962 0.1566545 0.1594958 0.1395852 0.3205136 0.4515222 1 153.0077 306.0153 418.5648 640.9256 853.7747 959.3213 36 
0.9999998 0.2451939 0.167934 0.1454853 0.2332791 0.2489307 0.4414471 1 163.2103 326.4205 550.0472 733.0102 976.7035 1121.833 37 
0.9999998 0.1864221 0.1903589 0.155502 0.2669042 0.2844467 0.5086533 1 203.9196 407.8391 703.4205 934.3519 1229.844 1311.363 38 
1 0.1338201 0.2840583 0.2378225 0.150011 0.530663 0.9999975 0.9999996 366.2826 732.5652 908.6584 1438.141 1906.432 1540.151 39 
0.9999999 0.3340132 0.12626 0.1382276 0.1904974 0.282167 0.5076748 1 122.8194 245.6388 391.5048 566.4045 792.2919 888.5303 40 
1 0.1512684 0.2378963 0.1920493 0.1982866 0.4587417 0.9999972 0.9999965 271.1382 542.2764 768.4574 1187.975 1682.953 1411.816 41 
1 0.1454593 0.2183546 0.1469591 0.3493418 0.3388371 4.409966e-26 1 233.8163 467.6327 941.764 1240.985 1240.985 1591.03 42 
1 0.1201782 0.3164327 0.2010282 0.228876 0.533843 0.9999996 0.9999952 316.2975 632.5949 920.3153 1437.813 1889.696 1573.399 43 
1 0.1708931 0.244866 0.1664334 0.2081969 0.3457387 0.3901826 0.9999999 228.2958 456.5916 694.6437 1007.657 1238.775 1371.695 44 
0.9999999 0.09419416 0.3081523 0.1871131 0.1025621 0.5109716 0.9999844 0.9999934 392.8941 785.7882 960.8487 1743.562 2492.65 2099.768 45 
0.9999996 0.3489856 0.1027239 0.1464935 0.2035807 0.263484 0.3966727 1 123.2894 246.5787 392.8134 543.5469 710.6829 841.6031 46 
1 0.1557651 0.215692 0.2069074 0.2633454 0.4995964 0.9999968 0.9999946 263.3202 526.6403 792.4419 1163.904 1535.966 1272.647 47 
0.9999998 0.159711 0.2053382 0.168527 0.2303487 0.2730263 0.3582443 1 269.3145 538.629 844.7013 1123.915 1390.251 1598.05 48 
1 0.1642085 0.177196 0.2018695 0.2427212 0.3869204 0.9999935 0.9999908 268.0542 536.1084 793.3454 1103.875 1595.91 1327.859 49 
1 0.3157547 0.106649 0.1257699 0.2477347 0.2289726 0.4397399 1 101.4072 202.8143 377.4386 498.8536 678.639 806.2913 50 
0.9999997 0.09479519 0.2899472 0.1690903 0.2706703 0.1329934 0.9999941 0.999995 358.7521 717.5041 1194.671 1365.665 2480.405 2121.66 51 
1 0.1466411 0.2193539 0.1542501 0.2387056 0.3650001 2.893427e-23 1 252.3901 504.7803 835.113 1219.647 1219.647 1636.24 52 
1 0.1388572 0.2446324 0.2034068 0.2652696 0.4131587 0.9999817 0.9999803 288.1667 576.3334 875.6994 1218.278 1704.859 1416.702 53 
1 0.1666239 0.2515637 0.1829145 0.2188106 0.4117537 0.9999862 0.9999485 222.1483 444.2966 661.4321 980.6272 1436.635 1214.493 54 
0.999959 0.1168241 0.258644 0.2290173 0.272368 0.2763814 0.9999909 0.9999408 385.2999 770.5841 1123.842 1384.649 2067.549 1682.405 55 
1 0.3798446 0.1357261 0.1225426 0.1813844 0.3595126 0.4200097 1 97.4678 194.9356 321.5258 526.923 680.6146 795.3792 56 
1 0.4427625 0.0796353 0.1015458 0.2029524 0.2186311 0.4801137 0.9999999 76.84193 153.6839 291.6672 410.1427 613.4331 756.7222 57 
1 0.3072498 0.1563634 0.1448909 0.1811597 0.2056505 0.4873501 0.9999999 136.7666 273.5332 419.7584 555.6803 811.5463 943.9284 58 
0.9999998 0.2001463 0.1338075 0.1650688 0.1572497 0.320662 0.3635573 1 209.9295 419.859 586.8331 873.7827 1094.795 1271.77 59 
0.999999 0.1005641 0.2823332 0.2076354 0.2819935 0.2327555 0.9999905 0.9999871 407.8116 815.6229 1254.478 1514.56 2371.875 1964.076 60 
1 0.08224433 0.3687248 0.207901 0.1340681 0.2809922 0.5995691 1 510.7769 1021.554 1282.457 1755.97 2482.429 2456.827 61 
1 0.1427282 0.2759091 0.2096699 0.2463209 0.4165498 0.9999876 0.9999915 294.3719 588.7438 862.0629 1210.418 1698.343 1403.978 62 
1 0.1170063 0.1914256 0.1994856 0.2041275 0.2688821 0.5010451 1 401.7862 803.5725 1132.692 1477.723 1947.791 2014.111 63 
1 0.2357529 0.1877812 0.1673873 0.2244963 0.3248183 0.4903342 0.9999998 178.2387 356.4774 555.5134 778.8433 1006.468 1064.828 64 
1 0.2316187 0.2398722 0.1582665 0.2097005 0.2200024 0.4726034 0.9999999 185.7299 371.4598 578.6012 750.3471 1038.12 1173.526 65 
0.9999996 0.08374436 0.3277442 0.2029812 0.3245304 0.2575304 0.9999859 0.9999984 501.6465 1003.293 1642.535 1985.18 2973.025 2471.394 66 
0.9999997 0.3182174 0.1067901 0.1330811 0.2249404 0.3217321 0.5274418 1 106.9108 213.8216 370.479 544.1443 737.2496 803.3508 67 
1 0.1055005 0.241182 0.1933053 0.1955381 0.5240894 0.9999982 0.9999918 360.2848 720.5695 1014.566 1648.468 2224.096 1863.812 68 
0.9999998 0.2573931 0.1699282 0.1001812 0.2513248 0.2741611 0.4488505 1 108.8335 217.667 463.3452 663.9911 902.4241 1086.366 69 
0.9999992 0.09464091 0.3474455 0.1592941 0.3479872 0.3191419 0.9999913 0.9999809 327.6338 655.2674 1256.99 1616.799 2384.41 2056.786 70 
1 0.08534305 0.2979727 0.2483896 0.3880816 0.3842092 0.9999842 0.9999945 527.4003 1054.801 1674.132 2049.33 2650.67 2123.279 71 
1 0.1488293 0.2143197 0.1609542 0.1564368 0.4179318 0.2694726 1 262.1231 524.2463 738.0069 1219.746 1400.545 1628.558 72 
1 0.1974529 0.1837992 0.1825665 0.2408444 0.3614266 0.3587657 1 212.804 425.6079 655.0893 916.5232 1082.239 1165.624 74 
1 0.2623749 0.1624079 0.1475554 0.2044755 0.338892 0.5947384 1 141.0953 282.1906 448.8636 668.6185 923.5806 956.2195 75 
1 0.401469 0.1021328 0.1171644 0.196747 0.3345281 0.3796467 1 92.22012 184.4402 321.1558 507.8776 648.8946 787.1004 76 
0.9999999 0.1227939 0.2995683 0.1743732 0.1971825 0.3997828 0.9999898 0.9999962 301.4027 602.8054 884.2025 1342.231 2029.888 1728.493 77 
1 0.5248635 0.05346857 0.1301708 0.1371047 0.32647 0.5060872 1 87.70639 175.4128 255.7661 420.8685 593.2506 673.7795 78 
1 0.3630614 0.05932459 0.1066342 0.1999934 0.3024388 0.5591954 1 88.19425 176.3885 324.1593 502.9333 733.5085 827.0728 79 
1 0.185356 0.2065939 0.1480115 0.1880964 0.3001954 0.4258322 1 210.4826 420.9652 648.8603 944.1599 1237.299 1422.069 80 
1 0.2097931 0.2001494 0.1417989 0.191195 0.32538 0.3423854 1 181.2018 362.4035 572.0826 860.6938 1065.572 1277.878 81 
1 0.1794584 0.1580746 0.1514376 0.3417089 0.2845436 0.5806828 0.9999998 189.5369 379.0738 741.9847 940.9194 1231.378 1251.584 82 
1 0.1212956 0.2672441 0.1815425 0.1919737 0.2496096 0.4741546 0.9999998 354.5932 709.1864 1016.082 1338.511 1798.112 1953.224 84 
1 0.118464 0.2452317 0.2308324 0.2015549 0.5089582 0.9999991 0.9999999 396.8716 793.7431 1060.286 1597.691 2116.177 1719.306 85 
1 0.09837301 0.2942105 0.2152898 0.3013537 0.4060283 0.9999901 0.9999984 437.2161 874.4323 1354.673 1806.732 2468.036 2030.826 86 
1 0.07580407 0.3487719 0.224569 0.4113591 4.003392e-07 0.9999992 0.9999993 567.3845 1134.769 1940.689 1940.69 3093.932 2526.549 87 
0.9999998 0.2456205 0.1401695 0.1613609 0.2208964 0.2960871 0.5778147 1 167.0078 334.0155 525.7508 725.9803 1001.033 1034.995 89 
1 0.1514839 0.263034 0.1556554 0.2070105 0.4347419 0.9999924 0.9999989 231.1257 462.2515 721.7866 1154.005 1715.977 1484.855 90 
0.9999999 0.2445455 0.1917487 0.1675707 0.1709421 0.2872697 0.4293138 1 175.9215 351.8429 501.2314 709.3652 931.0587 1049.834 91 
1 0.2824272 0.145857 0.188944 0.1888702 0.2431886 0.4302541 0.9999999 187.7526 375.5053 527.7237 686.7018 899.5681 993.6947 92 
1 0.4187951 0.08026501 0.1169623 0.1948968 0.2280141 0.3984179 1 90.79484 181.5897 315.1875 441.0243 610.7683 776.2746 93 
1 0.1736171 0.1808321 0.1480475 0.3149961 0.1936889 0.5541707 1 207.4233 414.8467 790.8375 949.2063 1314.558 1401.06 94 
1 0.1092221 0.3030719 0.17869 0.2236734 0.3541176 0.5044572 0.9999999 338.8607 677.7215 1026.093 1454.267 1848.225 1896.361 95 
1 0.1389814 0.1621083 0.2091716 0.1555088 0.2803996 0.4849199 1 352.6722 705.3444 912.6952 1228.431 1621.354 1686.043 96 
0.9999998 0.1468932 0.2135128 0.2132276 0.188603 0.2200892 0.443686 1 347.2965 694.593 936.2806 1165.124 1524.923 1628.76 98 
1 0.193199 0.2656616 0.1203111 0.2572142 0.2452065 0.4851035 1 165.6936 331.3872 643.0062 863.6667 1193.167 1377.209 99 
1 0.1350382 0.182946 0.1950746 0.1802519 0.3663073 0.2468752 1 340.7351 681.4702 934.8965 1357.077 1537.382 1746.691 100 
