1002 2 0 0 0 1 1 0 0 0 2 1 104 151 200 218 210 104 246 429 615 803 
1000 0 0 0 0 0 0 0 1 0 0 0 100 147 189 203 222 100 237 416 606 807 
1001 1 0 0 0 1 0 0 0 1 1 0 104 150 217 207 211 104 247 449 633 825 
1000 0 0 0 0 0 0 0 0 0 1 0 92 150 196 206 222 92 233 418 610 810 
1000 0 0 0 0 0 0 0 0 1 0 0 104 159 206 203 188 104 252 441 623 788 
1002 2 0 0 0 1 1 0 0 0 2 1 92 147 208 218 221 92 229 419 621 813 
1002 2 0 0 0 1 1 0 0 0 1 2 102 163 195 194 224 102 255 436 611 812 
1001 1 0 0 0 1 0 1 0 0 1 0 114 168 180 224 220 114 272 433 642 830 
1001 1 0 1 0 0 0 0 1 0 1 0 116 140 180 205 218 116 242 410 595 793 
1001 1 0 0 0 0 1 0 0 0 1 1 93 166 193 220 223 93 249 419 621 813 
1003 3 0 0 1 1 1 0 1 1 1 2 91 191 166 204 233 91 272 418 608 807 
1000 0 0 0 0 0 0 1 0 0 0 0 108 180 194 190 208 108 276 453 626 813 
1000 0 0 0 0 0 0 0 0 1 0 0 95 171 171 214 201 95 263 422 618 797 
1001 1 0 0 1 0 0 0 0 1 0 1 98 164 204 215 225 98 253 443 636 833 
1003 3 0 0 2 0 1 0 0 2 1 1 102 151 175 216 229 102 249 409 610 811 
1001 1 0 0 0 1 0 0 0 0 1 1 112 181 189 219 213 112 277 447 637 818 
1001 1 0 0 0 0 1 0 0 1 0 1 104 151 189 211 230 104 250 424 607 817 
1001 1 0 0 1 0 0 0 0 1 0 1 91 171 199 212 225 91 254 432 628 825 
1001 1 0 0 0 1 0 0 0 0 2 0 101 163 196 198 202 101 255 438 612 789 
1001 1 0 0 1 0 0 0 1 1 0 0 87 174 198 212 191 87 252 434 622 795 
1002 2 0 0 0 1 1 0 0 1 1 1 94 162 163 224 223 94 249 404 608 801 
1002 2 0 1 1 0 0 0 1 2 0 0 90 146 204 224 227 90 225 414 616 817 
1000 0 0 0 0 0 0 0 0 1 0 0 88 157 191 199 203 88 240 415 602 784 
1001 1 0 0 1 0 0 0 0 1 1 0 92 147 201 202 229 92 231 415 594 807 
1001 1 0 0 0 0 1 0 0 1 0 1 94 162 220 215 220 94 250 455 641 833 
1002 2 0 0 0 1 1 0 0 0 1 3 106 180 189 203 184 106 275 452 637 800 
1001 1 0 0 1 0 0 1 0 1 0 0 114 161 198 203 205 114 259 436 619 799 
1000 0 0 0 0 0 0 0 1 0 0 0 95 155 207 220 222 95 239 431 635 836 
1001 1 0 0 0 1 0 0 1 0 1 0 92 157 193 225 207 92 240 416 623 806 
1002 2 0 0 1 1 0 0 0 1 1 1 82 172 195 225 222 82 246 422 620 818 
1000 0 0 0 0 0 0 1 0 0 0 0 103 174 184 212 208 103 266 434 613 808 
1001 1 0 0 0 0 1 0 0 1 0 1 104 165 174 201 231 104 260 421 609 816 
1002 2 0 0 0 0 2 0 1 1 0 2 97 163 205 216 222 97 258 443 633 825 
1002 2 0 1 0 1 0 0 1 0 2 0 100 188 199 222 182 100 279 456 650 810 
1002 2 0 0 0 1 1 0 0 0 1 2 96 164 211 208 203 96 255 444 630 809 
1000 0 0 0 0 0 0 0 0 1 0 0 87 153 209 200 214 87 229 420 594 786 
1003 3 0 0 1 0 2 0 0 2 0 2 110 156 177 228 214 110 250 418 618 807 
1000 0 0 0 0 0 0 0 0 1 0 0 105 160 196 189 199 105 257 430 599 779 
1001 1 0 0 0 0 1 0 0 1 0 1 91 167 197 215 218 91 248 430 618 814 
1001 1 0 0 0 0 1 1 0 0 0 1 94 179 187 197 216 94 265 433 611 803 
1000 0 0 0 0 0 0 0 0 0 0 1 95 178 186 208 226 95 260 425 614 819 
1001 1 0 0 0 1 0 0 1 0 1 0 93 145 186 214 210 93 230 401 597 789 
1001 1 0 0 0 0 1 1 0 0 0 1 94 182 191 208 206 94 266 445 626 811 
1001 1 0 0 0 0 1 0 0 0 1 2 105 161 188 207 219 105 257 434 614 809 
1000 0 0 0 0 0 0 0 1 0 0 0 120 181 181 208 203 120 288 452 642 822 
1001 1 0 0 0 1 0 0 0 1 1 0 87 153 169 203 234 87 231 385 572 782 
1001 1 0 0 1 0 0 0 0 2 0 0 91 149 190 182 213 91 233 406 578 772 
1001 1 0 0 1 0 0 0 0 2 0 0 110 140 173 221 243 110 237 403 604 823 
1002 2 0 0 0 1 1 0 0 1 2 1 100 161 189 219 222 100 249 427 621 815 
1002 2 0 1 0 0 1 0 2 0 0 1 101 158 201 214 213 101 252 438 634 820 
1002 2 0 0 0 0 2 0 0 0 0 3 102 154 191 195 232 102 243 422 602 809 
1000 0 0 0 0 0 0 0 1 0 0 0 100 159 211 189 224 100 251 438 606 804 
1000 0 0 0 0 0 0 0 0 0 1 0 105 156 213 191 221 105 246 445 616 813 
1000 0 0 0 0 0 0 0 0 0 0 1 105 159 200 220 213 105 252 432 626 814 
1001 1 0 0 0 0 1 0 0 0 1 1 96 149 213 175 233 96 239 431 588 813 
1004 4 0 0 0 3 1 0 1 0 3 1 99 168 151 228 226 99 254 389 602 806 
1002 2 0 0 0 0 2 0 0 0 0 3 104 162 210 216 203 104 257 441 628 806 
1001 1 0 1 0 0 0 0 1 1 0 0 113 160 185 198 218 113 262 435 620 807 
1000 0 0 0 0 0 0 0 1 0 0 0 107 152 190 241 200 107 254 425 640 809 
1003 3 0 1 1 0 1 1 1 1 0 1 94 174 190 209 208 94 256 437 623 817 
1000 0 0 0 0 0 0 0 0 1 1 0 101 152 189 229 210 101 240 406 612 802 
1000 0 0 0 0 0 0 0 0 0 1 0 101 141 213 233 180 101 234 434 643 803 
1000 0 0 0 0 0 0 1 1 0 0 0 126 160 190 221 200 126 272 434 629 805 
1004 4 0 0 1 2 1 0 0 2 2 1 104 161 188 187 238 104 258 431 605 818 
1000 0 0 0 0 0 0 0 0 1 0 0 96 170 206 196 202 96 256 450 627 807 
1002 2 0 0 0 0 2 0 0 1 0 2 101 164 191 219 206 101 257 429 621 798 
1002 2 0 0 1 1 0 0 0 1 2 0 102 158 187 208 209 102 250 421 614 809 
1000 0 0 0 0 0 0 0 0 0 0 1 96 156 185 202 208 96 245 417 604 789 
1003 3 0 0 1 0 2 0 1 1 0 2 94 169 177 218 208 94 251 416 617 810 
1001 1 0 0 1 0 0 0 1 2 0 0 95 141 190 222 228 95 232 410 614 812 
1000 0 0 0 0 0 0 0 1 0 0 0 83 181 193 216 230 83 256 421 615 827 
1001 1 0 0 0 0 1 0 0 0 1 1 111 155 195 198 235 111 248 423 599 816 
1001 1 0 0 0 1 0 0 0 1 1 1 107 135 197 205 234 107 237 422 602 805 
1002 2 0 0 0 2 0 0 0 0 3 0 95 145 199 218 211 95 235 409 612 801 
1001 1 0 0 0 1 0 0 0 0 1 1 94 157 198 209 215 94 244 426 613 803 
1002 2 0 0 0 2 0 0 0 0 3 0 97 155 188 215 224 97 245 414 611 808 
1001 1 0 0 0 1 0 0 1 1 1 0 106 152 204 194 205 106 252 434 607 789 
1001 1 0 0 0 0 1 0 0 1 0 1 98 162 173 233 224 98 249 413 623 823 
1000 0 0 0 0 0 0 0 0 0 1 0 107 154 194 201 218 107 250 429 619 818 
1001 1 0 0 0 1 0 0 0 1 1 0 83 159 177 206 235 83 231 393 584 794 
1001 1 0 0 0 0 1 0 0 0 1 1 89 158 173 241 212 89 241 398 618 808 
1000 0 0 0 0 0 0 0 0 0 0 1 111 164 192 233 206 111 263 439 648 832 
1002 2 0 0 0 1 1 0 0 0 2 1 99 169 184 225 208 99 254 421 633 824 
1001 1 0 0 0 0 1 0 0 1 0 1 95 177 159 205 227 95 257 401 581 791 
1001 1 0 1 0 0 0 0 2 0 0 0 99 171 177 231 209 99 260 417 628 809 
1001 1 0 1 0 0 0 0 2 1 0 0 107 142 221 162 217 107 241 448 601 801 
1001 1 0 0 0 0 1 0 0 0 0 2 90 151 192 209 248 90 233 406 597 821 
1000 0 0 0 0 0 0 0 0 1 0 0 89 138 215 206 215 89 215 409 579 778 
1000 0 0 0 0 0 0 0 0 0 0 1 102 179 184 187 204 102 270 443 618 791 
1000 0 0 0 0 0 0 0 0 0 0 1 83 161 207 197 210 83 236 427 600 795 
1001 1 0 1 0 0 0 0 1 1 0 0 82 156 202 193 202 82 229 413 588 774 
1000 0 0 0 0 0 0 0 0 0 1 0 111 156 168 222 217 111 254 411 611 803 
1001 1 0 0 0 1 0 1 0 0 1 1 85 152 205 203 226 85 228 412 598 798 
1002 2 0 0 0 0 2 0 1 0 0 2 98 169 164 202 219 98 258 404 589 789 
1000 0 0 0 0 0 0 0 1 0 0 0 120 154 207 190 211 120 263 455 623 809 
1000 0 0 0 0 0 0 0 0 0 0 1 92 157 187 212 219 92 237 415 610 814 
1001 1 0 0 1 0 0 0 0 1 1 0 124 163 181 189 200 124 279 445 619 790 
1001 1 0 0 0 0 1 0 0 0 1 1 101 145 196 224 209 101 239 420 624 809 
1000 0 0 0 0 0 0 0 0 1 0 0 99 161 206 206 211 99 246 438 618 804 
1002 2 0 0 1 0 1 0 0 1 1 1 106 175 189 205 208 106 265 434 615 800 
1001 1 0 0 0 1 0 0 0 1 1 0 99 158 200 198 225 99 249 432 614 814 
1000 0 0 0 0 0 0 0 0 0 0 1 98 174 180 206 207 98 257 417 598 785 
1001 1 0 0 0 0 1 0 0 0 0 2 97 180 185 189 210 97 259 424 597 786 
1002 2 0 0 1 1 0 0 0 1 2 0 99 162 221 206 212 99 253 454 637 824 
1000 0 0 0 0 0 0 0 0 0 1 0 98 165 194 211 196 98 253 433 627 800 
1000 0 0 0 0 0 0 1 0 0 0 0 90 169 183 214 228 90 253 421 614 819 
1001 1 0 0 1 0 0 0 0 1 0 1 106 154 164 231 220 106 252 397 607 805 
1000 0 0 0 0 0 0 0 1 0 0 0 115 170 189 208 200 115 271 442 637 813 
1001 1 0 0 1 0 0 0 1 1 0 0 105 147 184 226 226 105 239 408 612 815 
1001 1 0 1 0 0 0 0 1 0 1 0 102 169 171 186 230 102 261 414 584 792 
1002 2 0 0 2 0 0 0 1 2 1 0 89 162 183 200 235 89 245 411 592 803 
1000 0 0 0 0 0 0 0 0 1 0 0 90 156 198 200 221 90 242 421 597 800 
1002 2 0 0 1 1 0 0 0 2 1 0 96 163 176 209 223 96 248 410 600 807 
1001 1 0 0 0 1 0 0 0 0 2 0 102 177 194 210 228 102 269 446 634 837 
1001 1 0 0 0 0 1 0 0 0 0 2 115 137 201 213 211 115 241 430 618 813 
1001 1 0 0 1 0 0 0 0 1 0 1 96 160 194 202 214 96 248 422 599 796 
1001 1 0 0 0 1 0 0 1 0 1 0 92 190 209 202 186 92 276 460 645 809 
1002 2 0 0 1 1 0 0 0 1 2 0 114 160 186 216 209 114 262 431 630 823 
1000 0 0 0 0 0 0 1 0 0 0 0 115 158 194 215 203 115 266 443 633 814 
1000 0 0 0 0 0 0 0 0 1 0 0 113 176 195 214 194 113 273 454 639 812 
1001 1 0 0 0 0 1 0 0 0 0 2 90 153 193 210 216 90 237 413 599 787 
1000 0 0 0 0 0 0 0 1 0 0 0 101 144 192 209 214 101 240 413 603 794 
1000 0 0 0 0 0 0 0 1 0 0 0 102 157 185 210 217 102 244 415 608 806 
1001 1 0 0 0 1 0 0 0 1 1 0 106 154 184 217 226 106 245 413 610 813 
1000 0 0 0 0 0 0 0 0 1 0 0 94 148 179 232 205 94 232 398 607 794 
1000 0 0 0 0 0 0 0 0 0 0 1 102 166 203 202 198 102 250 440 624 801 
1002 2 0 0 1 1 0 0 1 1 1 0 90 160 178 217 232 90 242 405 599 808 
1002 2 0 0 1 0 1 0 0 1 0 2 117 153 197 216 200 117 258 441 636 815 
1001 1 0 0 0 1 0 1 0 0 1 0 91 170 210 199 203 91 253 439 610 791 
1000 0 0 0 0 0 0 0 0 0 1 0 102 159 162 216 239 102 252 403 605 817 
1001 1 0 0 0 1 0 0 1 0 1 1 95 149 213 213 233 95 234 429 623 823 
1000 0 0 0 0 0 0 0 0 0 1 0 105 159 189 206 217 105 255 437 619 811 
1001 1 0 0 0 0 1 1 0 1 0 1 92 204 205 195 209 92 276 456 625 808 
1000 0 0 0 0 0 0 0 0 0 1 0 95 159 183 224 218 95 247 414 615 812 
1001 1 0 0 0 0 1 0 0 0 0 2 97 153 186 212 223 97 242 412 599 800 
1000 0 0 0 0 0 0 0 0 0 0 1 89 150 205 200 212 89 229 417 596 787 
1000 0 0 0 0 0 0 0 0 0 0 1 107 170 213 202 190 107 268 468 636 808 
1000 0 0 0 0 0 0 0 0 0 0 1 90 163 203 220 197 90 244 432 635 812 
1002 2 0 2 0 0 0 0 3 0 0 0 121 166 179 200 200 121 274 436 615 798 
1001 1 0 0 1 0 0 0 0 1 1 0 103 142 185 227 205 103 238 410 614 798 
1000 0 0 0 0 0 0 0 0 0 0 1 107 147 192 208 239 107 242 416 604 811 
1001 1 0 0 1 0 0 0 0 2 0 0 94 153 204 217 217 94 239 427 622 821 
1002 2 0 1 0 0 1 0 2 1 0 1 94 176 185 203 221 94 256 420 605 807 
1000 0 0 0 0 0 0 1 0 0 0 0 95 176 181 207 210 95 264 428 611 801 
1000 0 0 0 0 0 0 0 1 0 0 0 95 164 198 221 198 95 249 430 635 807 
1000 0 0 0 0 0 0 0 0 1 0 0 107 158 169 210 203 107 261 414 612 794 
1001 1 0 0 0 1 0 0 0 1 1 0 99 162 191 211 224 99 256 426 611 811 
1002 2 0 1 1 0 0 0 2 2 0 1 109 163 179 218 209 109 258 418 621 808 
1001 1 0 0 0 1 0 0 0 0 2 0 113 172 175 212 218 113 273 431 623 816 
1002 2 0 0 0 0 2 0 1 0 0 2 86 155 203 194 238 86 231 414 595 816 
1000 0 0 0 0 0 0 0 1 0 0 0 95 144 205 203 223 95 228 411 594 801 
1001 1 0 0 1 0 0 1 0 1 0 0 99 162 188 216 226 99 247 418 614 820 
1000 0 0 0 0 0 0 0 0 0 1 0 82 142 200 227 221 82 218 402 601 804 
1001 1 0 0 1 0 0 1 0 1 0 0 75 149 219 215 209 75 217 423 615 799 
1001 1 0 0 1 0 0 0 0 2 0 0 102 163 183 196 237 102 257 425 601 812 
1000 0 0 0 0 0 0 0 0 0 1 0 117 137 182 188 218 117 248 416 593 793 
1001 1 0 0 0 1 0 0 0 1 1 0 96 148 186 197 222 96 232 406 583 782 
1000 0 0 0 0 0 0 0 0 0 0 1 101 162 172 212 223 101 252 403 596 793 
1001 1 0 0 0 0 1 0 0 1 0 1 82 170 208 204 206 82 241 434 611 791 
1001 1 0 0 0 0 1 0 0 1 0 1 113 166 195 173 228 113 269 449 604 806 
1002 2 0 2 0 0 0 1 2 0 0 0 104 151 202 217 220 104 248 429 622 822 
1001 1 0 1 0 0 0 0 1 0 0 1 101 176 189 216 198 101 267 441 624 797 
1000 0 0 0 0 0 0 0 0 0 0 1 123 168 190 195 202 123 281 456 635 824 
1003 3 0 1 0 0 2 0 1 0 0 3 102 148 187 213 226 102 242 413 609 804 
1002 2 0 0 0 1 1 0 1 0 1 1 80 170 194 195 204 80 245 425 606 791 
1000 0 0 0 0 0 0 0 0 0 1 0 85 157 201 202 230 85 236 411 595 799 
1000 0 0 0 0 0 0 0 0 1 0 0 98 158 165 229 208 98 247 396 607 797 
1000 0 0 0 0 0 0 0 1 1 0 0 103 160 206 202 218 103 257 445 630 824 
1000 0 0 0 0 0 0 0 1 0 0 0 119 160 212 218 197 119 270 457 647 826 
1001 1 0 1 0 0 0 0 1 0 0 1 89 141 193 206 225 89 225 409 591 796 
1001 1 0 0 0 1 0 0 0 0 1 1 93 151 199 211 212 93 234 421 611 799 
1001 1 0 0 0 1 0 0 0 1 1 0 98 156 213 184 209 98 248 442 604 797 
1001 1 0 0 0 1 0 0 0 0 2 1 100 165 207 214 192 100 252 435 620 786 
1000 0 0 0 0 0 0 0 0 1 0 0 93 169 186 216 222 93 252 419 617 822 
1000 0 0 0 0 0 0 0 0 0 0 1 89 153 198 215 229 89 238 424 622 829 
1000 0 0 0 0 0 0 0 0 0 0 1 107 129 176 208 243 107 228 390 578 793 
1002 2 0 0 0 0 2 1 0 0 0 2 76 155 224 220 211 76 221 429 627 812 
1001 1 0 0 0 1 0 0 0 0 1 1 113 154 194 199 230 113 257 431 608 815 
1001 1 0 0 0 1 0 0 0 0 2 1 103 145 226 220 228 103 242 447 643 845 
1002 2 0 1 0 1 0 0 1 2 2 0 89 144 166 252 220 89 228 381 607 800 
1000 0 0 0 0 0 0 0 0 0 1 1 99 164 157 212 234 99 250 387 583 798 
1001 1 0 0 0 1 0 0 0 0 1 1 115 164 173 198 236 115 271 422 603 823 
1001 1 0 0 0 1 0 0 0 0 1 1 98 171 186 189 231 98 262 426 599 811 
1001 1 0 0 0 1 0 0 1 0 1 0 98 148 207 215 205 98 241 429 621 799 
1000 0 0 0 0 0 0 0 0 0 0 1 92 178 170 208 242 92 257 409 600 813 
1000 0 0 0 0 0 0 0 0 0 1 0 84 144 168 255 228 84 218 374 599 804 
1003 3 0 0 0 1 2 1 0 0 1 2 108 160 215 208 198 108 258 454 636 806 
1000 0 0 0 0 0 0 0 1 0 0 0 109 169 193 225 201 109 265 437 644 826 
1000 0 0 0 0 0 0 0 0 0 1 0 107 163 201 227 189 107 256 440 636 807 
1002 2 0 0 0 1 1 0 0 1 1 1 93 177 215 214 214 93 263 455 647 838 
1000 0 0 0 0 0 0 0 0 0 1 0 93 176 173 230 217 93 259 417 625 817 
1003 3 0 1 0 1 1 1 1 0 1 1 99 158 209 229 219 99 248 440 642 834 
1001 1 0 0 1 0 0 0 0 2 0 0 91 169 188 206 235 91 252 421 605 818 
1003 3 0 1 1 0 1 0 1 2 0 2 97 154 190 212 249 97 240 413 615 830 
1000 0 0 0 0 0 0 0 0 0 0 1 91 157 194 203 228 91 243 418 593 801 
1001 1 0 0 0 0 1 0 0 0 0 2 85 174 184 203 223 85 251 422 610 811 
1001 1 0 0 0 1 0 0 1 0 1 0 100 150 215 213 208 100 241 436 629 804 
1000 0 0 0 0 0 0 0 0 1 0 0 99 162 193 212 226 99 255 430 622 827 
1000 0 0 0 0 0 0 0 0 0 0 1 105 145 199 234 215 105 237 417 623 813 
1003 3 0 0 2 1 0 0 1 2 1 0 99 149 194 205 222 99 235 409 596 789 
1002 2 0 0 0 1 1 0 0 0 1 3 119 170 194 197 199 119 282 458 637 814 
1001 1 0 0 0 0 1 0 0 0 0 2 102 180 214 211 193 102 273 474 662 826 
1002 2 0 0 1 0 1 0 0 1 0 3 108 161 206 181 232 108 252 440 601 809 
1003 3 0 0 0 0 3 0 1 0 0 3 106 161 197 222 190 106 256 436 644 816 
1001 1 0 0 0 1 0 0 1 0 1 0 99 173 198 213 184 99 259 440 625 789 
1000 0 0 0 0 0 0 0 0 0 0 1 111 161 172 199 228 111 261 421 599 804 
1002 2 0 0 0 1 1 1 0 0 1 1 105 156 201 200 194 105 250 435 615 779 
1000 0 0 0 0 0 0 0 1 0 0 0 84 157 207 194 216 84 234 424 595 793 
1001 1 0 0 0 0 1 0 0 0 0 2 97 141 202 219 222 97 232 417 610 801 
1000 0 0 0 0 0 0 1 0 0 0 0 101 171 187 201 196 101 258 429 608 782 
1001 1 0 0 0 0 1 0 0 0 0 2 98 173 184 206 215 98 262 423 611 809 
1001 1 0 0 0 1 0 0 0 0 1 1 99 170 199 203 214 99 262 445 623 814 
1001 1 0 0 1 0 0 0 0 1 0 1 91 147 189 223 216 91 231 400 597 791 
1001 1 0 0 0 0 1 0 0 0 1 1 110 164 190 190 235 110 259 430 600 817 
1001 1 0 0 1 0 0 0 0 1 1 0 103 174 199 210 206 103 266 447 633 819 
1000 0 0 0 0 0 0 0 0 0 0 1 96 177 201 201 221 96 261 441 617 814 
1001 1 0 0 0 1 0 0 0 0 1 1 104 162 162 211 236 104 255 402 597 809 
1002 2 0 0 0 2 0 1 0 0 2 0 101 165 194 207 225 101 253 431 620 818 
1001 1 0 0 0 0 1 0 0 1 1 2 103 132 189 227 209 103 222 397 596 783 
1001 1 0 0 0 0 1 0 1 1 0 1 101 147 206 223 188 101 236 427 626 792 
1000 0 0 0 0 0 0 0 0 0 1 0 104 154 203 209 207 104 247 435 624 807 
1001 1 0 0 0 0 1 0 0 0 1 1 96 154 191 195 224 96 240 416 594 801 
1003 3 0 2 0 0 1 0 2 1 1 1 117 161 186 187 225 117 268 439 605 808 
1001 1 0 1 0 0 0 0 2 1 0 0 86 157 173 222 226 86 236 395 606 814 
1000 0 0 0 0 0 0 0 0 0 1 0 83 150 198 247 212 83 227 403 623 809 
1000 0 0 0 0 0 0 0 0 0 1 0 98 163 203 186 207 98 251 441 605 796 
1000 0 0 0 0 0 0 0 0 0 0 1 111 167 189 199 214 111 263 430 609 796 
1000 0 0 0 0 0 0 0 0 0 1 0 89 157 193 219 230 89 230 410 613 815 
1000 0 0 0 0 0 0 0 0 1 0 0 81 147 193 214 226 81 221 404 600 801 
1002 2 0 0 0 2 0 0 1 0 2 0 96 156 206 221 201 96 243 439 632 813 
1002 2 0 0 1 1 0 0 1 1 1 1 94 167 194 226 216 94 255 432 638 826 
1001 1 0 1 0 0 0 0 1 1 0 0 95 161 195 217 198 95 248 425 624 801 
1002 2 0 0 2 0 0 0 1 2 0 0 101 154 192 203 202 101 247 423 611 797 
1001 1 0 0 0 1 0 0 0 0 1 1 72 138 208 219 217 72 206 405 600 795 
1001 1 0 1 0 0 0 0 1 0 0 1 89 153 190 226 212 89 230 403 608 795 
1000 0 0 0 0 0 0 0 1 0 0 0 104 163 171 218 218 104 253 413 614 812 
1004 4 0 0 2 1 1 1 1 2 1 1 104 165 189 212 215 104 251 424 610 798 
1001 1 0 0 0 0 1 0 0 0 0 2 97 159 181 210 227 97 244 409 594 808 
1001 1 0 0 0 0 1 0 0 0 0 2 104 168 189 199 223 104 260 437 618 825 
1001 1 0 0 0 1 0 0 0 1 1 0 89 140 191 213 211 89 223 405 602 791 
1002 2 0 0 0 1 1 0 0 1 1 1 102 158 202 207 199 102 252 432 617 794 
1001 1 0 0 0 0 1 0 0 0 1 1 121 171 180 227 188 121 282 441 648 813 
1000 0 0 0 0 0 0 0 0 0 1 0 84 161 182 212 227 84 237 404 602 807 
1001 1 0 0 0 0 1 0 0 0 0 2 108 158 182 211 224 108 256 422 611 803 
1002 2 0 1 0 0 1 0 1 1 1 1 108 169 188 213 205 108 269 436 625 809 
1001 1 0 1 0 0 0 1 1 0 0 0 88 150 192 214 215 88 230 414 608 806 
1000 0 0 0 0 0 0 1 0 0 0 0 89 160 211 228 221 89 239 433 632 831 
1001 1 0 0 1 0 0 0 0 2 0 0 91 154 189 213 230 91 239 410 600 805 
1000 0 0 0 0 0 0 0 1 1 0 0 105 145 219 217 199 105 235 433 623 810 
1002 2 0 0 1 0 1 1 0 1 0 1 85 153 196 200 208 85 233 417 599 792 
1001 1 0 0 1 0 0 0 1 1 0 0 103 165 182 196 226 103 260 429 610 813 
1002 2 0 0 0 1 1 0 1 1 1 1 119 152 190 198 210 119 263 439 623 814 
1003 3 0 0 1 0 2 0 0 2 1 2 102 152 195 215 214 102 247 433 620 806 
1002 2 0 0 1 0 1 1 0 1 0 1 95 158 191 225 215 95 240 416 621 810 
1001 1 0 0 0 0 1 0 0 1 0 1 119 151 173 209 225 119 262 416 608 811 
1001 1 0 0 0 0 1 0 0 0 1 1 95 166 181 221 212 95 256 421 622 816 
1001 1 0 0 0 0 1 0 0 0 0 2 103 172 190 197 217 103 266 447 624 817 
1002 2 0 1 0 0 1 0 1 0 0 2 121 161 193 205 219 121 274 449 640 828 
1000 0 0 0 0 0 0 0 0 0 1 0 119 164 171 207 207 119 271 423 612 802 
1001 1 0 0 0 0 1 0 0 1 0 1 97 161 198 189 232 97 252 434 603 816 
1001 1 0 0 1 0 0 0 0 1 0 1 93 156 192 216 220 93 238 417 612 807 
1001 1 0 0 0 1 0 1 0 0 1 0 102 124 205 208 228 102 217 405 592 794 
1002 2 0 1 0 1 0 0 1 0 1 1 100 148 188 205 225 100 238 404 594 801 
1001 1 0 0 0 0 1 0 0 1 0 1 108 134 179 218 225 108 236 403 600 799 
1001 1 0 0 0 1 0 0 0 0 1 2 124 156 213 213 202 124 272 462 653 839 
1002 2 0 0 0 0 2 0 0 0 0 3 92 158 181 207 222 92 242 407 595 795 
1000 0 0 0 0 0 0 0 0 1 0 0 117 146 192 204 216 117 255 437 618 811 
1001 1 0 0 0 1 0 0 0 1 1 0 94 151 184 210 254 94 239 407 601 822 
1003 3 0 1 0 1 1 0 1 1 1 1 91 152 203 221 221 91 233 420 619 817 
1004 4 0 2 0 0 2 0 3 0 0 2 87 162 182 225 203 87 242 415 627 804 
1001 1 0 0 0 1 0 0 0 0 1 1 103 177 192 185 220 103 268 446 617 814 
1002 2 0 1 0 1 0 0 2 0 1 0 102 186 182 218 193 102 279 437 629 804 
1002 2 0 0 1 0 1 1 0 1 0 1 119 166 158 200 220 119 276 426 609 811 
1000 0 0 0 0 0 0 0 0 0 0 1 85 163 184 210 214 85 241 412 603 793 
1001 1 0 0 1 0 0 0 0 2 0 0 109 157 196 207 200 109 257 433 618 790 
1001 1 0 0 0 1 0 0 0 1 1 1 105 156 200 213 214 105 253 434 625 815 
1001 1 0 0 0 0 1 0 0 0 1 1 103 172 201 194 205 103 263 445 622 802 
1001 1 0 1 0 0 0 0 1 1 0 0 91 171 196 200 216 91 254 432 614 808 
1000 0 0 0 0 0 0 0 0 0 1 0 89 159 177 213 230 89 238 397 596 808 
1001 1 0 0 0 0 1 0 0 0 0 2 101 160 208 211 208 101 250 441 631 819 
1001 1 0 0 0 0 1 0 0 0 0 2 128 176 171 187 217 128 294 447 614 809 
1002 2 0 2 0 0 0 0 2 0 0 1 90 159 206 230 208 90 240 424 622 805 
1002 2 0 0 1 1 0 0 1 1 1 0 85 160 189 206 224 85 239 411 592 799 
1001 1 0 0 0 0 1 0 0 1 0 1 101 157 174 229 231 101 249 410 624 824 
1001 1 0 0 0 0 1 1 0 0 0 1 111 154 195 181 238 111 253 433 596 808 
1000 0 0 0 0 0 0 0 0 1 0 0 82 157 211 202 238 82 231 426 605 813 
1001 1 0 0 0 1 0 0 0 1 1 1 103 154 171 211 245 103 249 405 602 812 
1001 1 0 0 1 0 0 0 0 2 0 0 102 169 209 225 196 102 261 444 642 814 
1001 1 0 1 0 0 0 0 1 0 1 0 102 153 187 207 224 102 244 411 598 798 
1001 1 0 0 0 0 1 0 0 0 0 2 106 145 203 205 210 106 245 435 613 799 
1002 2 0 0 0 1 1 0 0 0 2 2 110 165 200 203 193 110 262 443 629 799 
1001 1 0 0 0 1 0 0 0 0 1 1 93 147 194 193 242 93 236 419 592 815 
1000 0 0 0 0 0 0 0 0 0 1 0 108 140 210 207 225 108 238 433 618 822 
1000 0 0 0 0 0 0 0 0 0 0 1 105 148 177 204 210 105 243 408 600 790 
1001 1 0 1 0 0 0 0 1 1 0 0 86 172 193 215 200 86 248 428 622 806 
1000 0 0 0 0 0 0 0 1 0 0 0 101 170 193 207 228 101 255 431 621 830 
1000 0 0 0 0 0 0 0 0 0 1 1 98 150 194 215 224 98 240 419 610 814 
1002 2 0 1 1 0 0 1 2 1 0 0 99 155 175 221 216 99 244 404 604 797 
1001 1 0 0 0 1 0 1 0 0 1 0 90 158 188 195 219 90 243 415 595 796 
1001 1 0 0 0 0 1 0 1 0 0 1 93 154 185 206 236 93 239 407 587 801 
