1339 339 0 37 79 101 122 0 37 89 115 136 187 261 315 337 369 187 425 694 996 1314 
1385 385 0 59 100 104 122 0 60 108 123 138 175 289 327 377 386 175 437 720 1035 1365 
1340 340 0 53 91 105 91 0 53 100 127 116 196 292 340 331 339 196 451 747 1034 1321 
1383 383 0 62 89 102 130 0 62 103 118 145 194 279 329 368 373 194 444 722 1040 1362 
1384 384 0 51 89 117 127 0 51 103 138 153 183 286 347 366 366 183 440 734 1047 1361 
1347 347 0 52 81 113 101 0 52 90 128 119 194 266 328 361 344 194 433 726 1040 1331 
1356 356 0 57 80 110 109 1 57 91 120 118 183 265 322 358 381 183 420 690 1009 1332 
1341 341 0 59 93 86 103 0 60 100 95 126 187 279 302 337 374 187 437 708 1003 1321 
1336 336 0 57 88 89 102 1 57 95 109 121 162 270 318 353 390 162 403 683 979 1313 
1366 366 0 59 81 106 120 1 59 88 120 138 168 288 320 383 351 168 437 717 1047 1341 
1318 318 0 42 79 89 108 0 42 90 106 130 175 266 310 346 381 175 416 681 974 1297 
1330 330 0 47 89 92 102 0 48 95 110 116 186 285 320 327 362 186 436 716 996 1305 
1337 337 0 49 77 98 113 1 50 84 113 132 170 281 323 344 390 170 426 714 999 1317 
1346 346 0 55 77 97 117 0 55 89 117 137 172 255 328 351 374 172 406 693 998 1318 
1318 318 0 37 69 94 118 0 37 78 115 133 157 276 323 354 384 157 409 675 963 1303 
1372 372 0 46 94 110 122 0 46 103 126 140 169 287 359 365 361 169 427 737 1037 1354 
1365 365 0 64 88 105 108 0 64 99 119 124 195 280 323 350 360 195 457 731 1032 1345 
1351 351 0 54 72 102 123 0 55 81 114 142 166 282 316 352 398 166 422 694 999 1338 
1349 349 0 48 79 107 115 0 48 87 117 130 178 273 339 344 354 178 428 722 1014 1326 
1324 324 0 50 70 94 110 1 50 77 112 125 172 254 323 344 378 172 402 685 968 1299 
1368 368 0 43 86 112 127 0 43 98 128 145 158 266 318 375 399 158 398 666 998 1346 
1374 374 0 48 93 115 118 1 48 100 123 137 176 265 344 352 400 176 414 712 1013 1355 
1352 352 0 49 91 103 109 1 49 99 119 130 168 290 332 368 346 168 434 724 1049 1335 
1374 374 0 51 93 112 118 0 51 104 126 137 180 289 337 337 383 180 447 732 1026 1353 
1369 369 0 48 84 112 125 0 48 88 129 140 180 284 325 360 372 180 433 711 1020 1348 
1338 338 0 55 77 99 107 0 55 85 112 130 184 268 313 354 385 184 427 697 998 1315 
1335 335 0 48 81 99 107 0 48 86 115 125 172 251 356 332 367 172 402 719 998 1312 
1371 371 0 52 94 99 126 0 52 101 120 142 165 272 319 372 400 165 418 699 1008 1353 
1355 355 0 43 80 110 122 0 44 85 121 142 165 266 352 348 390 165 408 709 1006 1340 
1371 371 0 58 88 112 113 0 58 96 130 137 172 278 314 381 378 172 421 697 1032 1349 
1345 345 0 50 78 103 114 0 50 86 120 129 175 268 333 369 371 175 418 704 1009 1326 
1341 341 0 53 66 99 123 0 53 77 112 139 190 271 318 361 360 190 434 704 1012 1315 
1354 354 0 56 86 99 113 0 56 90 112 133 189 262 341 352 362 189 428 737 1034 1334 
1354 354 0 50 86 101 117 0 51 95 117 141 170 291 322 350 376 170 438 723 1017 1329 
1354 354 0 44 87 105 118 0 44 96 114 137 175 260 330 398 358 175 406 693 1031 1325 
1369 369 0 53 92 98 126 0 53 102 111 144 178 295 336 362 359 178 434 727 1035 1349 
1357 357 0 47 88 102 120 0 47 92 119 141 204 264 335 351 372 204 429 728 1017 1335 
1337 337 0 51 78 102 106 1 51 84 119 130 167 263 329 351 389 167 407 701 1000 1320 
1349 349 0 46 78 112 113 0 47 90 130 134 177 263 332 391 359 177 409 687 1021 1327 
1391 391 0 43 96 143 109 0 43 99 155 131 193 268 344 372 378 193 421 723 1055 1377 
1370 370 0 50 89 110 121 0 51 93 128 139 179 269 332 370 372 179 413 712 1028 1350 
1346 346 0 49 79 101 117 0 50 87 116 138 161 279 330 375 371 161 417 697 1018 1327 
1359 359 0 55 66 111 127 0 55 76 130 154 175 276 316 374 385 175 421 691 1008 1335 
1354 354 0 59 77 103 115 1 59 91 121 131 188 293 325 341 374 188 448 720 1010 1343 
1345 345 0 56 77 94 118 1 56 84 99 136 176 268 310 354 389 176 415 682 993 1322 
1372 372 0 73 86 108 105 0 73 96 123 125 229 276 316 359 361 229 470 738 1044 1353 
1349 349 0 44 72 113 120 1 44 77 128 140 174 260 309 365 373 174 412 689 999 1323 
1353 353 0 47 97 90 119 0 48 103 103 130 163 261 330 352 382 163 405 703 1001 1330 
1346 346 0 49 81 109 107 0 49 89 118 123 185 266 334 378 350 185 414 700 1030 1323 
1359 359 0 59 85 97 118 0 59 95 118 135 198 284 315 359 381 198 450 719 1018 1340 
1384 384 0 52 98 106 128 1 52 107 127 146 203 268 335 372 362 203 434 736 1046 1356 
1336 336 0 40 86 90 120 0 40 90 110 133 165 263 306 357 379 165 399 671 976 1308 
1348 348 0 52 89 91 116 0 52 97 110 134 185 275 327 344 370 185 428 713 1000 1323 
1330 330 0 54 73 91 112 0 55 84 105 129 163 272 322 341 381 163 410 694 987 1314 
1374 374 0 44 94 120 116 0 44 101 134 137 158 284 358 359 370 158 412 718 1033 1349 
1373 373 0 55 91 110 117 1 56 98 123 137 193 307 342 351 362 193 462 757 1054 1356 
1381 381 0 66 91 120 104 0 66 104 130 127 197 281 336 343 368 197 452 735 1041 1347 
1338 338 0 46 80 106 106 1 46 89 122 127 195 268 318 353 348 195 424 703 1013 1312 
1376 376 0 52 95 122 107 0 53 105 140 126 182 279 353 373 350 182 436 749 1066 1362 
1348 348 0 54 78 99 117 0 55 87 114 131 172 266 327 343 395 172 411 693 983 1323 
1375 375 0 58 75 115 127 0 59 88 131 143 194 282 327 377 352 194 446 732 1056 1356 
1359 359 0 50 91 101 117 0 50 101 116 136 194 255 337 337 384 194 421 717 1015 1346 
1361 361 0 48 103 108 102 0 49 110 127 126 183 322 336 352 349 183 468 764 1059 1347 
1355 355 0 49 91 108 107 0 49 100 127 126 175 282 335 335 357 175 428 724 1012 1322 
1362 362 0 56 84 104 118 0 56 96 119 128 195 276 310 362 372 195 444 701 1015 1337 
1366 366 0 53 90 115 108 0 54 102 126 130 175 292 355 358 357 175 442 742 1048 1343 
1374 374 0 46 104 109 115 0 46 115 134 138 200 290 342 363 339 200 450 754 1060 1341 
1372 372 0 47 81 122 122 0 47 90 134 140 156 267 350 378 371 156 393 699 1033 1346 
1354 354 0 46 86 98 124 1 46 90 108 143 182 283 312 346 366 182 426 703 1001 1315 
1327 327 0 51 76 91 109 0 52 85 106 123 174 285 311 343 355 174 434 701 997 1302 
1336 336 0 47 67 115 107 0 47 75 131 131 164 261 322 363 390 164 403 686 985 1309 
1360 360 0 53 80 108 119 0 53 91 123 133 191 273 318 354 363 191 441 718 1028 1339 
1368 368 0 56 90 106 116 0 57 104 117 136 196 297 323 358 355 196 461 737 1047 1349 
1364 364 0 53 79 98 134 1 53 92 116 150 178 256 312 343 419 178 409 680 976 1344 
1359 359 0 51 101 90 117 0 52 108 106 130 158 288 325 348 392 158 421 711 1005 1341 
1343 343 0 49 84 97 113 0 50 90 110 134 176 279 321 360 374 176 420 696 1011 1323 
1331 331 0 48 89 97 97 0 48 94 112 111 174 282 326 338 360 174 429 720 1007 1318 
1345 345 0 53 93 99 100 0 54 103 112 112 181 289 331 356 335 181 443 731 1033 1321 
1361 361 0 46 89 117 109 0 46 100 126 133 191 285 345 346 373 191 439 735 1031 1342 
1348 348 0 56 79 99 114 0 56 85 109 120 187 278 294 338 375 187 435 696 992 1333 
1354 354 0 49 84 109 112 0 49 92 122 127 185 264 315 369 366 185 425 700 1017 1330 
1339 339 0 47 84 94 114 0 47 92 114 130 158 289 329 354 372 158 418 698 991 1311 
1373 373 0 62 94 118 99 0 62 105 135 119 203 285 329 373 342 203 453 738 1069 1355 
1388 388 0 58 101 109 120 0 58 119 127 139 168 305 354 360 359 168 442 746 1051 1361 
1326 326 0 55 80 94 97 0 55 87 102 114 170 284 312 333 368 170 428 697 992 1305 
1369 369 0 60 79 100 130 0 60 88 122 150 189 251 322 378 382 189 419 701 1020 1340 
1337 337 0 43 85 93 116 0 43 91 105 131 167 288 322 349 373 167 426 702 998 1320 
1340 340 0 51 79 100 110 1 51 83 114 121 168 283 317 353 346 168 433 711 1015 1316 
1326 326 0 40 79 104 103 1 40 88 118 124 178 251 321 358 366 178 400 684 993 1301 
1353 353 0 45 105 100 103 1 46 115 122 120 170 282 343 366 362 170 422 722 1034 1328 
1354 354 0 50 81 100 123 0 50 94 115 139 179 271 328 341 396 179 421 695 989 1328 
1380 380 0 59 111 100 110 0 60 117 123 135 204 295 347 355 367 204 461 764 1065 1367 
1343 343 0 51 93 96 103 0 51 102 116 124 157 290 319 344 389 157 422 695 984 1318 
1343 343 0 42 94 78 129 0 43 98 103 144 168 269 313 376 384 168 400 679 994 1329 
1347 347 0 48 96 92 111 1 49 101 111 131 177 291 319 343 369 177 434 711 1004 1319 
1339 339 0 42 87 101 109 0 43 98 117 130 163 282 336 345 357 163 420 710 1006 1315 
1352 352 0 53 100 100 99 0 53 107 123 117 186 297 347 332 358 186 453 754 1022 1329 
1373 373 0 59 85 124 105 0 59 95 135 123 161 299 364 358 340 161 437 749 1055 1345 
1362 362 0 59 85 97 121 0 59 93 111 142 176 294 330 334 398 176 441 729 1007 1349 
1350 350 0 37 89 105 119 0 37 96 120 140 179 280 319 371 376 179 422 700 1021 1335 
1377 377 0 63 100 115 99 0 63 108 128 119 177 304 343 360 348 177 454 750 1058 1355 
1352 352 0 69 81 95 107 1 69 97 109 125 204 302 328 332 354 204 472 752 1040 1341 
1379 379 0 56 92 111 120 0 56 102 127 143 173 285 343 355 376 173 433 730 1037 1359 
1337 337 0 44 84 90 119 1 45 89 99 144 179 269 310 353 369 179 426 698 995 1313 
1347 347 0 54 73 108 112 0 55 83 121 135 179 253 328 359 394 179 403 676 989 1326 
1361 361 0 56 95 97 113 0 57 112 112 128 188 281 350 373 345 188 432 732 1046 1341 
1387 387 0 69 84 115 119 0 69 96 126 142 192 291 341 348 373 192 463 748 1050 1366 
1336 336 0 50 87 101 98 0 50 93 118 113 176 285 319 337 364 176 440 719 1008 1320 
1341 341 0 45 89 102 105 1 45 94 111 118 163 269 324 356 359 163 412 699 1004 1316 
1366 366 0 56 99 102 109 0 57 106 118 126 177 294 340 362 358 177 439 735 1035 1342 
1376 376 0 53 103 115 105 0 54 113 129 129 174 309 346 341 371 174 458 754 1047 1358 
1322 322 0 50 78 87 107 0 50 89 100 121 199 258 311 346 372 199 425 692 989 1303 
1379 379 0 50 92 117 120 0 50 103 129 141 166 287 327 342 368 166 436 718 1023 1349 
1362 362 0 52 100 105 105 0 52 109 120 124 195 276 315 351 376 195 439 721 1028 1346 
1360 360 0 52 83 102 123 1 52 95 113 137 158 267 342 357 362 158 404 700 1013 1329 
1364 364 0 67 87 101 109 0 67 98 117 127 189 294 327 336 373 189 457 740 1024 1338 
1373 373 0 56 89 118 110 0 56 94 137 137 180 275 323 360 378 180 427 715 1031 1348 
1403 403 0 66 95 114 128 0 66 109 132 151 185 300 365 362 373 185 459 765 1068 1385 
1369 369 0 52 93 96 128 0 52 103 115 146 168 287 336 363 398 168 432 716 1021 1352 
1328 328 0 38 87 97 106 0 38 90 117 127 168 296 333 356 354 168 439 725 1016 1307 
1361 361 0 47 84 110 120 0 48 93 128 140 183 262 338 354 369 183 419 718 1016 1333 
1334 334 0 56 79 97 102 0 56 89 109 117 185 294 342 333 337 185 452 746 1023 1313 
1352 352 0 68 84 99 101 1 68 92 116 120 221 279 328 332 334 221 468 758 1033 1326 
1336 336 0 51 83 103 99 0 52 90 117 117 193 275 329 344 348 193 440 727 1021 1319 
1300 300 0 34 74 95 97 0 34 79 115 115 168 272 317 355 369 168 402 680 971 1281 
1337 337 0 43 79 97 118 0 43 89 106 134 162 255 323 362 392 162 384 673 990 1325 
1369 369 0 54 95 113 107 0 55 104 126 131 209 299 341 358 346 209 468 755 1058 1344 
1376 376 0 56 94 112 114 0 56 106 133 125 181 281 326 376 358 181 432 716 1040 1348 
1363 363 0 52 79 99 133 0 52 82 113 151 185 251 307 359 413 185 410 679 976 1347 
1370 370 0 47 88 110 125 1 47 98 121 145 176 259 333 375 383 176 404 700 1027 1342 
1374 374 0 57 95 106 116 0 57 107 126 136 184 284 334 349 378 184 440 733 1032 1359 
1351 351 0 51 89 105 106 0 51 98 121 125 187 282 332 352 352 187 432 723 1028 1330 
1367 367 0 57 87 98 125 0 57 97 116 139 172 277 342 362 373 172 431 730 1033 1351 
1362 362 0 54 89 99 120 0 54 99 118 140 192 256 337 361 383 192 420 720 1020 1340 
1318 318 0 50 74 91 103 1 50 83 107 120 171 243 316 352 372 171 393 673 974 1295 
1369 369 0 58 77 116 118 0 59 90 123 140 174 277 312 351 386 174 430 698 1008 1346 
1324 324 0 34 66 107 117 0 34 74 115 131 167 258 336 356 377 167 389 669 979 1302 
1367 367 0 58 85 108 116 0 58 95 118 136 197 267 322 374 372 197 430 717 1034 1348 
1360 360 0 59 77 108 116 1 59 81 125 138 183 291 317 368 354 183 446 719 1041 1342 
1365 365 0 63 83 110 109 0 63 99 129 126 193 296 321 372 353 193 462 723 1042 1342 
1363 363 0 56 77 101 129 0 56 83 116 151 176 258 319 359 392 176 405 691 993 1339 
1352 352 0 53 86 94 119 0 54 93 106 134 186 298 318 338 360 186 456 728 1020 1328 
1363 363 0 45 96 108 114 0 45 106 127 140 181 285 333 364 377 181 438 727 1023 1341 
1399 399 0 50 94 132 123 0 51 102 140 143 181 272 357 390 361 181 423 737 1081 1383 
1361 361 0 55 94 103 109 0 55 101 116 129 194 283 324 342 384 194 448 725 1018 1344 
1349 349 0 60 90 94 105 0 61 95 119 119 189 303 319 356 363 189 466 734 1028 1336 
1372 372 0 44 94 107 127 1 44 101 121 147 174 286 319 373 380 174 431 705 1035 1349 
1322 322 0 49 92 86 95 0 49 94 102 111 164 274 316 338 361 164 415 696 987 1297 
1353 353 0 61 76 115 101 0 61 84 126 124 164 290 359 361 333 164 435 742 1052 1332 
1335 335 0 53 74 92 116 0 53 84 109 126 187 257 308 351 399 187 416 683 979 1324 
1378 378 0 53 92 112 121 0 53 100 131 145 166 284 338 358 372 166 425 719 1031 1352 
1357 357 0 57 87 96 117 1 57 95 115 132 195 282 304 359 356 195 445 717 1024 1336 
1336 336 0 57 86 90 103 0 58 96 110 122 174 271 332 354 358 174 415 708 1002 1311 
1376 376 0 64 79 100 133 0 64 90 114 154 191 264 311 360 394 191 430 698 1007 1353 
1364 364 0 48 92 107 117 0 48 97 125 138 191 253 336 367 373 191 413 712 1028 1346 
1386 386 0 59 83 117 127 0 59 92 134 146 194 275 342 372 366 194 434 728 1050 1362 
1352 352 0 52 91 98 111 1 52 97 114 125 187 280 330 368 351 187 434 725 1029 1332 
1359 359 0 65 76 100 118 0 65 91 114 142 198 299 322 353 357 198 463 735 1035 1330 
1373 373 0 65 85 93 130 1 65 99 110 141 185 286 302 367 378 185 446 698 1015 1347 
1360 360 0 52 105 90 113 1 52 111 108 136 202 292 354 330 365 202 457 761 1032 1338 
1357 357 0 57 82 111 107 0 57 93 120 129 187 289 349 331 362 187 444 747 1039 1339 
1330 330 0 41 88 102 99 0 42 92 117 122 191 294 324 342 343 191 455 730 1027 1313 
1352 352 0 49 86 94 123 0 50 92 104 142 191 274 315 352 374 191 432 707 1009 1330 
1375 375 0 49 91 126 109 0 49 100 143 130 161 287 353 395 370 161 424 730 1062 1362 
1346 346 0 50 72 106 118 0 50 84 119 138 168 270 332 362 375 168 412 687 999 1322 
1350 350 0 53 80 113 104 0 53 88 124 122 179 286 314 368 344 179 440 707 1036 1330 
1358 358 0 50 85 108 115 0 50 93 116 130 185 281 324 347 352 185 437 719 1029 1341 
1337 337 0 49 80 107 101 0 49 88 125 121 189 299 335 344 350 189 449 732 1019 1314 
1314 314 0 50 85 75 104 0 50 87 89 114 176 271 313 345 361 176 416 700 1000 1296 
1353 353 0 47 89 102 115 0 47 96 112 132 163 284 320 339 377 163 424 699 1003 1331 
1354 354 0 49 86 97 122 1 49 93 109 143 171 279 314 349 404 171 422 693 991 1334 
1342 342 0 47 87 106 102 0 47 99 122 121 178 274 348 364 345 178 419 719 1028 1320 
1331 331 0 55 78 101 97 0 55 84 120 110 182 286 304 373 338 182 433 692 1014 1307 
1325 325 0 44 86 84 111 0 44 92 99 130 184 260 315 349 388 184 412 691 987 1305 
1337 337 0 50 75 111 101 0 50 86 125 116 181 278 328 349 370 181 430 712 1010 1316 
1346 346 0 52 83 102 109 0 53 100 119 130 181 292 328 344 387 181 443 719 1003 1331 
1323 323 0 39 83 94 107 0 39 93 108 131 190 269 312 332 366 190 431 700 984 1299 
1371 371 0 63 86 100 122 0 63 95 111 150 173 286 317 355 403 173 429 699 1014 1352 
1321 321 0 44 71 103 103 0 44 83 119 124 169 268 306 350 375 169 407 661 971 1287 
1377 377 0 47 74 119 137 0 48 82 131 156 173 274 331 361 396 173 412 699 1016 1355 
1378 378 0 67 97 122 92 0 67 111 142 122 211 286 330 336 360 211 468 756 1051 1353 
1388 388 0 43 109 107 129 0 43 116 125 153 180 264 360 372 383 180 416 740 1051 1374 
1358 358 0 52 85 108 113 1 53 95 120 138 176 246 322 361 385 176 396 675 993 1324 
1321 321 0 47 75 96 103 0 48 79 108 123 174 262 317 349 378 174 412 689 987 1307 
1364 364 0 50 74 115 125 1 50 83 122 145 163 271 318 388 382 163 409 682 1021 1345 
1365 365 0 51 84 111 119 0 52 91 122 139 159 267 351 372 374 159 400 700 1016 1336 
1361 361 0 48 83 109 121 0 48 87 128 145 177 278 319 372 371 177 426 708 1028 1340 
1373 373 0 50 83 111 129 0 50 94 122 145 180 289 336 369 378 180 435 720 1035 1352 
1346 346 0 42 91 99 114 0 42 103 118 135 164 273 318 372 406 164 405 675 993 1328 
1322 322 0 45 80 88 109 1 45 88 106 125 177 256 333 338 372 177 405 696 980 1300 
1369 369 0 61 92 90 126 0 61 105 106 139 202 290 307 334 379 202 467 730 1020 1352 
1317 317 0 38 84 86 109 0 38 93 113 123 160 250 326 344 377 160 388 678 957 1288 
1352 352 0 59 77 91 125 0 59 88 104 151 176 274 314 368 376 176 423 693 1012 1330 
1349 349 0 57 82 93 117 0 57 92 112 136 187 278 324 359 380 187 435 712 1015 1336 
1338 338 0 45 76 104 113 0 45 84 118 129 175 250 331 345 371 175 395 689 995 1316 
1359 359 0 50 82 98 129 0 50 92 106 149 168 274 329 336 390 168 408 700 996 1335 
1354 354 0 54 94 103 103 0 54 99 120 123 175 290 307 361 378 175 430 698 1018 1337 
1362 362 0 49 91 110 112 0 49 99 123 134 184 268 341 365 375 184 422 722 1032 1338 
1333 333 0 39 80 109 105 1 39 88 121 118 156 249 337 356 365 156 386 688 997 1311 
1324 324 0 42 74 86 122 0 42 82 110 136 171 248 317 348 368 171 386 674 967 1293 
