1084 84 0 5 21 26 32 0 6 22 35 40 111 187 239 267 263 111 272 476 690 903 
1071 71 0 4 17 27 23 0 5 17 29 32 99 185 207 261 285 99 267 445 673 907 
1075 75 0 8 18 17 32 0 8 19 20 38 98 198 204 248 303 98 276 443 646 898 
1066 66 0 2 12 25 27 0 3 12 28 30 114 171 213 262 256 114 264 452 673 883 
1064 64 0 5 19 20 20 0 5 19 29 28 108 179 220 230 275 108 269 458 642 873 
1067 67 0 4 10 20 33 1 5 11 21 37 105 182 208 265 260 105 263 437 651 859 
1066 66 0 7 13 20 26 1 7 13 22 30 97 142 228 254 284 97 221 421 641 873 
1085 85 0 6 16 23 40 0 6 16 25 46 93 170 205 240 287 93 248 418 624 864 
1079 79 0 7 13 30 29 0 7 15 32 38 102 178 221 261 280 102 263 452 672 902 
1050 50 0 5 12 13 20 0 5 14 13 23 105 195 202 234 266 105 277 439 640 854 
1075 75 0 6 15 21 33 0 6 16 23 38 107 172 216 274 278 107 258 441 671 884 
1073 73 0 7 13 26 27 0 7 14 27 32 98 173 215 259 270 98 248 425 649 870 
1063 63 0 5 17 15 26 0 5 17 22 27 106 160 230 274 289 106 250 454 663 898 
1090 90 0 5 23 22 40 1 5 24 24 41 96 168 251 281 267 96 242 455 680 896 
1062 62 0 7 14 18 23 0 7 14 20 26 87 180 217 250 275 87 249 432 639 860 
1077 77 0 9 12 22 34 0 10 16 27 39 98 181 208 237 273 98 261 440 643 870 
1063 63 0 5 6 25 27 0 5 8 25 34 109 159 217 244 280 109 252 432 639 871 
1077 77 0 5 21 23 28 0 5 21 24 36 99 183 235 255 260 99 265 469 689 901 
1073 73 0 4 19 19 31 0 4 19 25 35 98 168 213 260 281 98 249 432 638 876 
1084 84 0 5 16 35 28 0 6 18 37 36 104 185 226 250 272 104 274 466 675 892 
1096 96 0 13 18 23 42 0 13 21 28 46 116 175 243 259 270 116 273 479 683 917 
1090 90 0 5 20 27 38 0 5 20 32 48 101 160 236 288 289 101 244 449 690 912 
1072 72 0 4 16 26 26 1 5 17 30 31 79 160 220 276 276 79 225 421 659 883 
1058 58 0 5 13 15 25 0 5 14 19 29 108 149 202 257 288 108 239 414 626 856 
1068 68 0 3 15 24 26 1 4 17 27 31 100 156 218 271 297 100 239 419 641 880 
1072 72 0 8 15 20 29 0 8 17 24 35 100 197 241 262 244 100 270 469 683 878 
1082 82 0 14 19 24 25 1 14 26 31 29 108 195 216 263 279 108 285 462 686 906 
1085 85 0 8 19 29 29 0 8 22 32 34 88 180 244 247 280 88 251 465 666 893 
1089 89 0 2 22 32 33 0 3 23 37 43 100 179 227 275 268 100 261 455 691 913 
1078 78 0 5 19 27 27 0 5 20 36 31 99 170 220 286 276 99 250 439 674 894 
1078 78 0 6 15 32 25 0 6 16 35 34 87 158 234 272 275 87 234 434 654 875 
1066 66 0 3 14 21 28 0 4 15 23 29 96 171 218 228 259 96 247 431 613 836 
1070 70 0 4 11 25 30 0 4 12 28 37 103 176 241 246 265 103 258 453 657 878 
1074 74 0 7 12 24 31 0 7 13 28 40 106 186 221 258 258 106 270 449 661 868 
1075 75 0 11 16 20 28 0 11 19 24 34 112 181 238 235 257 112 276 475 669 884 
1069 69 0 8 16 11 34 0 8 18 14 38 101 155 238 263 290 101 237 443 658 891 
1063 63 0 3 20 12 28 0 3 21 17 34 99 156 221 252 260 99 239 433 638 847 
1067 67 0 5 15 25 22 0 5 17 29 29 109 183 221 265 272 109 268 450 660 884 
1061 61 0 6 15 20 20 0 6 16 24 21 99 165 237 249 275 99 250 437 648 863 
1078 78 0 5 14 29 30 1 5 15 33 39 99 184 224 267 293 99 261 441 661 901 
1083 83 0 4 20 23 36 1 4 22 28 44 109 176 213 258 271 109 262 449 659 883 
1074 74 0 9 18 25 22 0 9 20 32 29 101 179 226 254 280 101 262 460 664 889 
1079 79 0 8 13 19 39 0 8 14 22 43 84 171 238 260 285 84 238 442 655 886 
1058 58 0 3 16 19 20 0 3 17 23 23 116 166 237 262 246 116 253 457 666 860 
1081 81 0 7 18 22 34 0 7 21 28 41 103 190 233 266 275 103 270 467 677 911 
1072 72 0 4 13 24 31 0 4 14 26 33 106 157 213 268 275 106 248 426 653 871 
1078 78 0 3 17 28 30 0 3 18 34 38 89 182 235 270 278 89 254 449 675 897 
1078 78 0 6 21 18 33 0 6 22 22 40 101 172 231 260 295 101 247 442 663 899 
1060 60 0 1 13 27 19 1 1 13 29 29 101 183 202 250 266 101 262 427 638 854 
1071 71 0 2 9 29 31 0 3 9 34 36 86 188 229 256 251 86 261 452 666 867 
1082 82 0 8 15 31 28 0 9 18 36 34 96 180 228 268 265 96 258 452 670 886 
1092 92 0 9 24 29 30 0 9 25 36 37 109 182 208 268 291 109 265 440 664 900 
1075 75 0 8 15 23 29 0 8 20 29 36 102 178 221 244 292 102 260 448 639 877 
1080 80 0 6 16 26 32 0 7 18 28 43 100 185 212 275 295 100 262 436 662 898 
1073 73 0 5 15 25 28 0 5 16 28 32 86 170 225 275 249 86 243 438 672 876 
1067 67 0 5 14 19 29 0 5 16 19 33 118 184 206 243 272 118 271 448 647 874 
1083 83 0 3 14 25 41 0 4 14 28 46 98 176 217 282 267 98 253 432 661 869 
1072 72 0 4 15 26 27 0 4 16 29 35 97 161 197 262 277 97 236 411 633 854 
1061 61 0 5 15 15 26 1 5 17 18 32 99 176 220 222 276 99 257 446 629 854 
1074 74 0 4 13 23 34 0 4 15 27 36 92 155 217 237 306 92 230 419 615 874 
1074 74 0 7 21 22 24 0 7 24 26 28 104 188 198 249 288 104 273 439 656 892 
1060 60 0 4 12 18 26 1 4 13 20 31 98 162 235 269 281 98 240 436 649 871 
1073 73 0 7 13 19 34 0 7 14 22 42 95 178 210 255 280 95 254 431 655 881 
1074 74 0 10 13 20 31 0 10 14 24 38 95 194 225 255 253 95 264 455 656 866 
1085 85 0 6 18 27 34 1 7 19 29 42 105 181 216 272 310 105 265 444 665 916 
1070 70 0 7 19 17 27 0 7 20 23 33 101 171 218 252 293 101 256 446 650 879 
1079 79 0 7 26 22 24 0 7 26 28 31 116 186 227 265 273 116 278 469 690 903 
1070 70 0 7 15 23 25 0 7 17 26 32 89 170 236 279 244 89 242 440 678 868 
1089 89 0 6 18 24 41 0 6 18 30 48 88 160 232 244 292 88 234 436 639 881 
1065 65 0 9 11 19 26 0 10 13 23 30 101 182 219 255 274 101 264 447 646 868 
1074 74 0 8 15 25 26 0 9 16 26 33 108 177 212 254 263 108 270 449 658 872 
1088 88 0 4 16 32 36 0 4 17 36 43 94 156 218 252 308 94 231 417 634 884 
1066 66 0 4 20 22 20 1 4 20 25 28 103 186 218 282 258 103 261 437 674 879 
1066 66 0 5 16 16 29 0 5 17 19 33 99 185 222 264 267 99 261 444 654 872 
1067 67 0 4 15 24 24 0 5 16 26 29 89 207 213 246 284 89 275 446 650 866 
1065 65 0 6 10 17 32 0 6 10 19 35 106 159 213 250 287 106 242 423 631 878 
1068 68 0 6 9 25 28 0 6 10 29 33 98 160 229 267 306 98 243 441 656 895 
1061 61 0 2 14 17 28 1 3 15 20 32 100 165 224 215 268 100 248 438 614 843 
1086 86 0 6 12 35 33 0 6 14 39 43 93 166 243 278 279 93 247 453 688 905 
1071 71 0 6 14 21 30 0 6 15 24 34 95 174 222 258 292 95 250 442 641 883 
1068 68 0 5 14 28 21 1 5 14 33 24 101 165 222 257 276 101 250 441 654 879 
1085 85 0 10 17 23 35 0 10 18 28 41 106 171 234 251 269 106 262 461 663 891 
1074 74 0 6 9 33 26 0 6 10 34 29 100 182 217 254 261 100 267 440 651 867 
1073 73 0 8 14 30 21 0 8 15 31 28 114 194 226 248 282 114 278 468 671 901 
1067 67 0 5 16 15 31 1 5 18 21 33 110 172 212 254 268 110 263 440 639 862 
1065 65 0 7 13 24 21 0 7 13 26 31 118 171 207 242 303 118 263 437 644 879 
1088 88 0 7 19 29 33 0 8 23 32 36 128 192 233 253 266 128 288 473 683 906 
1079 79 0 5 15 27 32 1 5 16 31 38 103 180 232 248 283 103 258 451 655 888 
1083 83 0 7 14 23 39 0 7 15 27 45 91 176 231 286 298 91 249 444 674 907 
1066 66 0 5 13 22 26 0 6 14 25 31 108 166 220 261 267 108 253 441 653 867 
1069 69 0 9 12 20 28 1 9 16 24 34 112 173 240 258 259 112 265 462 685 893 
1076 76 0 6 15 30 25 0 6 17 34 30 94 178 218 255 278 94 260 440 660 886 
1073 73 0 6 17 25 25 0 7 19 28 34 99 169 210 246 301 99 248 429 641 882 
1067 67 0 6 18 20 23 0 6 19 22 29 109 183 218 269 264 109 275 458 679 881 
1071 71 0 7 22 20 22 0 7 23 25 25 108 196 211 251 261 108 283 465 683 889 
1080 80 0 4 17 27 32 0 5 17 29 37 86 169 245 252 273 86 237 449 654 879 
1071 71 0 6 13 31 21 1 6 15 35 26 96 187 231 261 255 96 265 462 677 878 
1065 65 0 4 18 15 28 0 5 19 18 31 94 168 240 277 277 94 248 449 676 884 
1054 54 0 5 11 19 19 0 5 13 21 24 97 171 206 226 280 97 250 431 620 841 
1083 83 0 10 12 32 29 0 10 13 37 33 116 167 213 247 270 116 267 449 650 883 
1070 70 0 5 18 24 23 0 5 19 28 28 102 192 229 258 262 102 273 465 670 879 
1065 65 0 8 17 14 26 1 8 18 18 28 107 171 212 243 265 107 265 439 640 854 
1074 74 0 9 17 21 27 1 10 19 25 30 116 190 249 248 247 116 273 477 677 884 
1085 85 0 10 20 26 29 0 10 23 31 36 109 179 232 255 258 109 266 465 676 871 
1079 79 0 9 20 20 30 0 9 22 22 33 100 167 209 253 290 100 250 424 628 870 
1069 69 0 5 8 21 35 0 6 9 27 43 99 165 203 262 283 99 239 417 640 869 
1092 92 0 8 18 32 34 0 9 19 34 43 99 190 228 270 277 99 264 458 681 900 
1059 59 0 4 11 24 20 0 4 11 26 28 101 149 225 255 271 101 227 420 635 847 
1069 69 0 5 17 22 25 0 5 17 28 29 81 177 215 260 260 81 241 415 634 846 
1068 68 0 6 20 20 22 0 7 21 20 31 112 180 231 221 264 112 273 469 662 873 
1064 64 0 7 9 16 32 0 7 11 17 35 107 144 220 277 294 107 236 430 661 895 
1077 77 0 7 12 26 32 0 7 13 27 41 94 181 226 265 293 94 258 431 654 894 
1084 84 0 9 19 20 36 0 10 20 21 38 101 190 205 259 268 101 271 450 663 890 
1076 76 0 4 16 28 28 0 4 16 32 37 87 157 225 256 292 87 232 423 639 873 
1061 61 0 2 13 16 30 0 2 15 17 31 91 174 231 247 274 91 243 436 639 866 
1080 80 0 9 17 25 29 0 9 20 33 35 113 181 218 258 293 113 277 456 645 884 
1068 68 0 7 17 23 21 0 8 19 26 25 82 185 240 270 251 82 249 451 666 869 
1084 84 0 8 11 38 27 0 8 12 40 35 98 160 229 249 301 98 242 425 635 891 
1067 67 0 9 11 23 24 0 10 15 26 28 115 175 223 238 269 115 276 461 660 877 
1089 89 0 5 19 27 38 1 5 21 31 43 102 157 246 257 300 102 245 453 654 906 
1080 80 0 10 14 30 26 0 10 16 34 33 108 187 234 246 258 108 278 486 685 886 
1062 62 0 3 15 16 28 0 3 16 21 34 107 177 217 256 271 107 262 448 660 885 
1064 64 0 6 10 27 21 0 7 10 30 27 80 145 236 270 274 80 217 422 633 848 
1070 70 0 11 15 15 29 1 11 15 20 34 103 185 206 235 284 103 261 439 633 860 
1073 73 0 11 8 20 34 0 11 11 22 34 83 172 210 232 300 83 239 418 605 863 
1089 89 0 6 15 30 38 1 6 15 30 47 106 186 221 255 280 106 271 452 668 891 
1076 76 0 9 15 25 27 0 9 19 31 38 106 168 236 266 289 106 256 455 674 908 
1062 62 0 5 15 16 26 0 5 18 20 29 109 176 225 257 255 109 266 456 664 872 
1073 73 0 5 12 24 32 0 5 14 27 36 107 180 221 263 285 107 270 447 659 892 
1090 90 0 5 20 31 34 1 5 21 36 39 102 164 230 253 269 102 249 441 657 881 
1064 64 0 3 11 24 26 0 3 11 27 31 97 170 207 240 288 97 253 432 635 873 
1066 66 0 6 14 18 28 0 6 15 19 35 90 182 227 261 271 90 257 444 653 870 
1074 74 0 6 16 23 29 1 6 18 26 34 85 178 240 256 278 85 249 448 656 888 
1068 68 0 11 15 16 26 0 11 15 21 36 100 165 220 264 274 100 247 435 648 867 
1076 76 0 9 11 27 29 0 9 15 29 38 119 177 219 227 274 119 267 454 648 876 
1068 68 0 5 9 24 30 0 5 10 27 36 92 202 233 223 258 92 279 477 657 868 
1064 64 0 9 12 22 21 0 9 15 24 25 110 188 206 249 260 110 270 443 647 858 
1082 82 0 5 20 22 35 0 5 21 27 39 106 189 217 250 280 106 275 456 663 886 
1060 60 0 5 12 21 22 0 5 12 23 26 89 185 204 260 276 89 260 426 638 853 
1080 80 0 5 13 31 31 0 6 15 37 40 84 180 211 259 265 84 257 435 651 871 
1080 80 0 7 21 18 34 0 7 21 21 40 108 193 224 255 278 108 280 470 679 905 
1082 82 0 7 18 27 30 0 8 19 31 33 97 178 232 259 260 97 260 453 661 875 
1065 65 0 6 14 16 29 0 6 17 17 33 107 181 232 245 273 107 264 452 653 881 
1070 70 0 7 18 17 28 0 7 19 20 32 103 186 255 256 271 103 273 472 678 892 
1072 72 0 7 16 24 25 1 7 16 26 29 100 180 221 252 290 100 267 447 656 892 
1067 67 0 5 13 22 27 0 5 14 27 36 109 181 231 248 276 109 268 463 657 881 
1068 68 0 3 12 22 31 0 3 12 25 36 96 173 211 248 282 96 242 423 629 861 
1084 84 0 6 20 22 36 0 7 21 25 40 97 188 230 247 272 97 269 457 664 894 
1059 59 0 7 18 13 21 0 7 22 18 26 123 164 224 245 250 123 266 457 653 858 
1068 68 0 5 14 23 26 0 5 16 26 30 91 169 249 239 248 91 243 462 669 860 
1090 90 0 1 20 29 40 0 1 20 30 47 91 178 246 264 268 91 253 463 681 895 
1078 78 0 5 18 24 31 0 5 18 29 36 94 168 206 285 275 94 243 429 663 879 
1078 78 0 8 17 19 34 1 9 18 23 40 90 170 226 262 275 90 243 440 656 879 
1097 97 0 7 26 27 37 0 8 26 34 48 110 201 240 222 285 110 289 490 673 907 
1071 71 0 7 16 22 26 0 8 18 26 29 87 165 222 276 286 87 230 420 647 882 
1066 66 0 3 7 30 26 0 3 9 32 28 110 170 244 288 257 110 260 458 694 894 
1076 76 0 5 15 25 31 1 5 15 30 37 101 171 225 266 284 101 250 444 649 873 
1080 80 0 8 15 23 34 0 8 20 27 39 102 178 230 253 267 102 262 463 665 881 
1070 70 0 8 17 24 21 0 8 20 33 29 106 159 226 256 286 106 248 443 654 879 
1070 70 0 9 11 23 27 0 9 12 25 30 96 172 206 277 270 96 255 435 671 878 
1066 66 0 5 14 18 29 0 6 15 23 34 100 187 246 279 261 100 269 473 688 883 
1082 82 0 8 13 29 32 0 8 14 37 39 76 159 223 246 292 76 225 414 614 852 
1082 82 0 5 20 26 31 0 5 22 28 35 91 171 226 274 283 91 245 450 676 897 
1068 68 0 5 14 17 32 0 5 15 20 34 115 191 219 253 271 115 282 470 680 894 
1074 74 0 7 9 29 29 1 8 10 31 34 104 170 221 268 286 104 249 436 649 877 
1066 66 0 2 19 19 26 0 2 19 22 32 81 156 235 294 313 81 224 421 660 905 
1071 71 0 5 15 22 29 0 5 18 28 34 97 180 213 267 275 97 260 434 645 865 
1074 74 0 9 16 18 31 0 9 19 20 36 107 169 226 247 294 107 257 451 660 901 
1084 84 0 7 13 30 34 0 7 15 34 45 90 177 238 263 298 90 249 446 657 889 
1075 75 0 8 15 16 36 0 8 15 19 41 105 184 226 244 284 105 265 448 642 875 
1072 72 0 6 14 24 28 0 7 18 27 33 109 184 219 259 281 109 273 459 661 894 
1068 68 0 7 8 26 27 0 7 10 28 32 101 180 224 247 281 101 254 429 635 868 
1068 68 0 7 19 19 23 0 7 21 22 27 109 166 218 247 289 109 259 443 642 872 
1071 71 0 8 15 20 28 1 8 16 24 35 125 182 216 233 251 125 280 460 651 851 
1081 81 0 4 13 29 35 0 5 13 34 41 100 170 221 288 279 100 248 433 667 894 
1070 70 0 4 11 21 34 0 5 11 23 40 82 147 223 253 294 82 215 406 615 851 
1066 66 0 6 15 20 25 0 6 15 25 29 98 189 219 243 274 98 272 452 653 879 
1089 89 0 8 14 34 33 0 8 16 38 40 97 178 238 276 282 97 255 463 697 926 
1075 75 0 9 15 22 29 0 9 17 27 33 96 182 217 242 256 96 255 442 641 858 
1078 78 0 5 20 23 30 0 5 22 28 36 95 184 227 261 288 95 251 440 657 892 
1064 64 0 4 24 16 20 0 5 25 21 25 92 165 214 252 275 92 237 422 634 850 
1071 71 0 4 19 21 27 0 4 20 24 34 105 185 224 274 253 105 271 452 679 872 
1075 75 0 8 20 18 29 1 8 21 20 32 119 160 221 248 275 119 255 443 659 885 
1076 76 0 10 21 21 24 0 11 23 27 28 111 174 223 244 279 111 265 455 654 883 
1072 72 0 4 15 22 31 0 4 19 27 37 101 167 223 265 282 101 250 441 655 880 
1074 74 0 2 16 29 27 0 2 17 31 33 97 175 236 249 266 97 259 459 665 881 
1081 81 0 5 15 23 38 0 5 15 25 41 96 156 223 246 288 96 232 429 639 885 
1059 59 0 3 9 20 27 0 3 9 22 31 91 155 221 235 300 91 228 410 606 852 
1059 59 0 3 10 18 28 1 3 10 23 31 94 173 231 233 268 94 250 444 635 847 
1078 78 0 9 14 22 33 1 9 15 26 37 96 176 231 247 288 96 248 453 651 888 
1082 82 0 10 22 23 27 0 10 25 26 33 81 166 255 271 251 81 237 457 684 875 
1080 80 0 10 18 23 29 0 10 19 28 37 117 165 234 259 298 117 264 471 682 914 
1059 59 0 7 13 17 22 0 8 15 19 27 100 163 235 275 257 100 246 442 668 871 
1076 76 0 5 22 21 28 0 5 24 25 32 76 189 227 269 263 76 249 442 668 880 
1076 76 0 7 14 28 27 0 8 16 31 33 81 191 251 255 285 81 256 469 657 882 
1081 81 0 5 28 23 25 0 5 31 27 34 91 182 208 253 264 91 258 439 657 861 
