1024 24 0 6 3 5 10 0 6 4 6 10 101 179 186 205 215 101 271 445 635 834 
1029 29 0 3 2 11 13 1 3 2 11 13 85 149 202 218 240 85 228 420 620 837 
1016 16 0 1 4 7 4 1 1 4 7 4 108 158 213 199 206 108 259 455 638 833 
1013 13 0 1 1 6 5 1 1 1 6 6 83 162 173 227 202 83 241 403 615 796 
1027 27 0 4 8 9 6 0 4 8 9 7 112 160 206 192 209 112 265 458 639 830 
1018 18 0 2 4 6 6 1 2 4 6 7 115 145 197 195 208 115 254 435 621 817 
1023 23 0 3 2 9 9 1 3 3 9 9 101 169 195 196 206 101 258 437 614 810 
1021 21 0 3 5 8 5 0 3 5 9 8 92 165 204 203 235 92 249 439 628 836 
1022 22 0 3 5 7 7 0 3 6 7 9 114 180 198 210 195 114 287 469 660 838 
1018 18 0 1 2 6 9 0 1 2 6 11 98 164 187 204 215 98 253 425 620 823 
1019 19 0 6 0 6 7 0 7 0 6 7 102 157 173 210 239 102 249 415 616 833 
1025 25 0 7 7 3 8 0 8 8 4 9 104 177 196 194 221 104 269 451 629 834 
1019 19 0 2 5 7 5 0 2 6 7 5 76 152 201 217 239 76 220 409 614 838 
1026 26 0 4 9 4 9 1 4 9 6 10 99 193 205 215 201 99 282 467 660 845 
1024 24 0 2 5 9 8 0 2 6 9 11 94 164 191 223 231 94 252 430 638 850 
1023 23 0 2 6 11 4 0 2 6 12 5 97 169 195 227 210 97 261 436 643 832 
1013 13 0 1 6 1 5 0 1 8 1 5 100 158 220 211 210 100 253 453 644 836 
1023 23 0 3 6 8 6 0 3 6 9 6 96 168 199 228 223 96 258 442 653 856 
1013 13 0 2 2 6 3 0 3 2 6 4 101 143 187 207 244 101 232 408 604 835 
1015 15 0 1 4 5 5 1 2 4 5 5 101 164 190 185 229 101 257 431 602 821 
1018 18 0 3 4 6 5 0 4 4 6 5 101 159 167 205 227 101 253 404 600 816 
1020 20 0 0 3 9 8 0 0 3 9 9 105 162 189 202 226 105 259 431 622 834 
1022 22 0 3 6 4 9 0 3 8 5 9 116 168 192 196 220 116 274 453 637 843 
1017 17 0 1 4 8 4 0 1 4 9 5 119 164 170 204 213 119 272 431 623 823 
1021 21 0 2 5 5 9 0 2 5 5 10 92 160 215 202 216 92 240 437 625 826 
1014 14 0 1 0 4 9 0 1 1 5 10 113 148 183 219 235 113 252 424 630 850 
1017 17 0 2 6 4 5 0 2 7 5 5 88 166 185 199 237 88 245 415 597 817 
1018 18 0 2 7 4 5 1 2 7 4 5 81 171 192 202 227 81 245 426 617 827 
1021 21 0 2 6 7 6 0 2 7 8 6 97 160 182 203 224 97 252 425 613 824 
1018 18 0 2 3 8 5 1 2 3 8 5 91 166 189 205 215 91 248 426 618 821 
1018 18 0 5 5 2 6 0 5 5 2 7 103 182 202 206 191 103 279 470 666 839 
1020 20 0 3 6 4 7 0 3 8 5 7 101 142 195 186 211 101 240 422 597 793 
1016 16 0 4 2 8 2 0 4 2 9 2 94 162 180 232 208 94 245 414 630 827 
1025 25 0 1 12 6 6 0 1 12 7 7 91 161 229 217 186 91 246 461 666 835 
1019 19 0 4 3 4 8 0 4 4 5 9 90 158 193 210 230 90 244 420 618 831 
1016 16 0 3 4 3 6 0 4 4 4 6 122 161 192 197 226 122 266 447 624 830 
1015 15 0 2 6 4 3 0 3 6 4 3 106 149 188 211 218 106 250 424 618 824 
1020 20 0 3 3 6 8 1 3 4 7 9 89 141 219 204 226 89 226 434 619 826 
1018 18 0 3 3 7 5 0 4 3 7 6 123 143 191 218 238 123 254 437 644 864 
1020 20 0 2 6 6 6 0 2 6 6 7 95 166 193 211 212 95 255 435 632 832 
1009 9 0 2 4 3 0 0 2 4 6 0 89 162 177 201 221 89 248 420 611 814 
1012 12 0 2 0 3 7 0 2 0 3 9 111 163 192 202 195 111 264 442 627 810 
1019 19 0 6 3 3 7 0 6 3 3 9 114 170 186 205 216 114 274 449 642 841 
1018 18 0 0 6 6 6 0 0 7 6 6 98 165 197 193 225 98 257 441 624 840 
1012 12 0 3 1 6 2 1 3 1 6 2 106 152 172 207 252 106 247 405 602 835 
1021 21 0 1 6 8 6 0 1 6 11 8 93 172 196 193 220 93 256 440 620 824 
1024 24 0 2 6 9 7 0 2 7 11 10 113 167 209 220 192 113 270 467 669 845 
1011 11 0 1 3 5 2 0 1 3 5 3 83 162 193 221 212 83 241 422 627 823 
1018 18 0 1 2 7 8 0 1 2 8 10 90 141 203 206 227 90 228 421 611 822 
1015 15 0 1 5 5 4 0 2 5 6 4 98 160 214 198 210 98 249 443 624 814 
1017 17 0 1 3 6 7 0 1 4 6 7 101 170 193 212 206 101 259 444 640 827 
1021 21 0 6 3 7 5 0 6 3 7 6 90 164 182 217 198 90 250 416 617 799 
1016 16 0 2 1 7 6 0 2 2 7 7 95 142 180 233 204 95 234 405 624 815 
1025 25 0 2 6 5 12 0 2 6 6 13 112 150 185 214 206 112 252 420 622 815 
1018 18 0 0 3 7 8 0 0 3 8 8 87 155 176 238 247 87 239 399 629 852 
1015 15 0 2 4 4 5 0 2 5 4 6 116 169 181 202 195 116 277 445 636 817 
1017 17 0 2 6 4 5 0 3 6 4 5 108 162 184 199 228 108 263 436 620 833 
1023 23 0 3 6 6 8 0 3 6 6 10 97 147 181 227 229 97 238 408 617 831 
1016 16 0 1 2 6 7 0 1 2 7 7 89 155 188 205 217 89 236 417 612 809 
1018 18 0 2 6 3 7 0 2 7 4 7 92 167 206 210 224 92 251 445 633 844 
1019 19 0 2 6 6 5 0 3 6 7 5 95 153 210 215 205 95 243 435 631 819 
1014 14 0 3 1 5 5 0 4 1 5 5 110 159 193 187 202 110 263 439 619 804 
1025 25 0 2 6 7 10 0 2 6 8 11 94 136 206 210 240 94 224 420 615 831 
1021 21 0 1 4 5 11 0 1 5 5 11 86 156 197 208 230 86 234 420 614 831 
1018 18 0 2 4 7 5 0 3 4 7 6 109 156 211 191 228 109 255 455 627 835 
1027 27 0 4 7 9 7 0 5 8 9 8 94 171 180 195 239 94 260 425 610 832 
1021 21 0 1 6 7 7 0 1 7 8 7 103 179 177 222 212 103 272 440 642 838 
1021 21 0 2 6 6 7 1 2 6 6 7 112 156 201 219 198 112 261 449 652 835 
1021 21 0 2 6 4 9 0 2 7 5 10 106 148 208 209 204 106 248 443 630 816 
1022 22 0 3 6 8 5 0 3 6 9 7 124 150 181 199 213 124 263 437 625 824 
1027 27 0 2 7 12 6 1 2 7 13 6 87 194 191 228 201 87 274 448 656 838 
1020 20 0 2 2 5 11 0 2 2 5 13 90 165 212 221 208 90 247 443 645 836 
1015 15 0 3 5 5 2 0 4 5 6 2 89 156 204 217 201 89 239 429 635 819 
1016 16 0 1 2 8 5 0 1 2 8 7 94 161 179 228 205 94 251 418 637 828 
1014 14 0 1 1 7 5 0 2 1 7 5 110 158 184 196 224 110 260 436 621 829 
1012 12 0 0 4 3 5 1 0 4 4 5 106 157 190 197 218 106 254 435 616 814 
1017 17 0 1 6 8 2 0 1 7 8 3 92 159 182 216 219 92 244 419 621 821 
1021 21 0 2 7 5 7 0 2 7 6 8 87 184 183 201 218 87 264 428 620 820 
1023 23 0 3 1 9 10 0 3 2 10 10 82 163 213 207 212 82 238 440 632 826 
1022 22 0 1 6 7 8 0 1 6 8 9 99 130 192 219 205 99 219 403 612 805 
1026 26 0 5 8 7 6 0 5 8 7 8 90 142 197 216 219 90 228 416 614 818 
1023 23 0 1 8 7 7 0 1 8 9 8 86 159 193 212 227 86 241 426 621 829 
1018 18 0 1 6 8 3 0 1 6 8 5 105 168 184 210 205 105 261 435 631 811 
1026 26 0 4 7 4 11 0 4 7 4 12 104 157 189 202 228 104 254 432 623 841 
1018 18 0 2 6 5 5 0 2 7 5 5 93 163 218 200 216 93 248 448 634 831 
1017 17 0 0 6 8 3 1 1 6 8 3 122 163 206 181 200 122 271 460 627 813 
1021 21 0 1 5 4 11 0 1 5 5 11 95 162 202 190 235 95 246 441 616 836 
1024 24 0 6 4 8 6 0 6 5 8 8 96 181 175 208 224 96 269 430 625 833 
1025 25 0 4 8 6 7 0 4 8 8 7 94 169 222 207 214 94 251 460 649 850 
1014 14 0 0 5 5 4 0 0 5 6 6 95 170 176 237 209 95 257 421 638 821 
1018 18 0 2 7 4 5 0 2 7 4 6 98 181 181 195 196 98 268 440 629 813 
1016 16 0 5 3 3 5 0 5 3 5 7 96 164 186 188 230 96 248 427 600 815 
1024 24 0 2 4 10 8 1 2 4 12 8 94 162 191 237 225 94 250 425 645 844 
1015 15 0 4 2 6 3 1 4 2 8 4 104 183 174 188 224 104 280 436 605 809 
1022 22 0 2 6 9 5 0 2 6 11 5 107 168 197 188 197 107 268 454 630 818 
1026 26 0 3 10 8 5 0 4 10 9 5 81 160 196 223 225 81 235 417 625 833 
1018 18 0 2 4 5 7 0 2 4 7 9 99 156 173 220 223 99 251 413 619 828 
1022 22 0 0 5 11 6 0 0 6 13 7 94 151 206 218 209 94 240 433 636 834 
1017 17 0 1 5 6 5 0 1 6 7 6 93 148 187 221 230 93 235 409 619 833 
1012 12 0 0 1 4 7 1 0 1 4 7 89 142 197 218 237 89 228 417 621 841 
1022 22 0 2 7 3 10 0 3 7 3 10 77 159 196 213 220 77 231 415 611 815 
1017 17 0 3 6 3 5 0 3 7 4 6 109 169 166 205 245 109 263 420 611 842 
1024 24 0 1 9 9 5 1 1 9 11 6 113 156 189 220 214 113 261 443 644 848 
1022 22 0 2 5 4 11 0 3 5 4 11 94 145 192 218 240 94 231 410 615 840 
1016 16 0 3 6 3 4 0 3 6 4 5 109 150 190 211 204 109 251 428 621 812 
1020 20 0 2 5 9 4 0 3 6 10 5 104 149 195 189 234 104 248 432 609 832 
1018 18 0 2 3 5 8 1 2 3 6 8 106 148 188 228 223 106 244 423 633 837 
1018 18 0 2 3 3 10 0 3 3 3 10 96 147 178 221 222 96 240 406 615 822 
1021 21 0 4 4 5 8 0 4 4 6 9 97 169 186 232 197 97 258 436 655 834 
1017 17 0 0 5 6 6 0 0 6 6 6 89 154 218 199 208 89 236 445 635 830 
1022 22 0 2 4 9 7 0 2 4 10 8 95 170 192 197 233 95 260 440 620 840 
1022 22 0 4 0 10 8 0 5 0 10 8 111 160 188 217 200 111 264 436 641 826 
1017 17 0 5 5 4 3 0 5 5 4 4 108 152 187 215 212 108 254 429 624 823 
1017 17 0 1 7 4 5 0 1 7 6 5 95 165 193 222 221 95 254 440 643 845 
1020 20 0 2 5 6 7 0 3 5 6 8 114 145 199 208 200 114 249 438 629 814 
1026 26 0 6 6 8 6 0 7 6 8 6 109 183 178 210 204 109 285 450 649 842 
1018 18 0 1 4 5 8 0 1 5 6 9 100 131 194 235 223 100 222 407 624 827 
1022 22 0 5 6 4 7 1 5 6 4 7 94 155 176 213 222 94 247 406 605 808 
1024 24 0 3 9 3 9 0 3 9 6 10 97 164 180 203 223 97 251 419 608 819 
1024 24 0 1 8 9 6 0 1 9 10 7 81 155 207 222 220 81 230 423 628 830 
1025 25 0 5 8 4 8 0 5 8 5 9 103 166 198 202 221 103 263 447 632 833 
1022 22 0 4 5 7 6 0 4 6 7 6 98 166 194 211 222 98 256 440 636 843 
1019 19 0 3 4 7 5 0 4 4 7 5 86 164 211 222 200 86 243 437 636 817 
1018 18 0 4 3 2 9 0 4 3 2 10 110 143 191 228 209 110 248 432 642 831 
1025 25 0 0 9 8 8 0 0 9 9 9 85 151 199 211 236 85 230 418 615 837 
1015 15 0 2 4 5 4 0 2 5 6 4 103 155 203 200 219 103 250 445 625 823 
1023 23 0 4 7 6 6 1 4 7 6 6 108 150 180 220 237 108 251 426 627 844 
1022 22 0 3 6 8 5 0 3 7 8 7 86 172 204 217 211 86 253 442 648 842 
1021 21 0 4 4 4 9 0 4 5 5 10 96 170 196 216 207 96 255 434 632 820 
1025 25 0 2 3 9 11 0 3 4 9 13 87 156 206 187 247 87 240 432 607 837 
1020 20 0 2 5 7 6 0 2 5 10 7 109 164 197 191 220 109 263 447 619 822 
1019 19 0 1 2 5 11 0 1 3 5 13 98 158 214 196 213 98 243 441 621 813 
1024 24 0 5 3 8 8 0 6 4 8 9 112 163 207 199 212 112 264 459 643 846 
1018 18 0 1 4 9 4 0 1 4 10 5 91 157 203 216 214 91 245 433 633 837 
1015 15 0 2 5 3 5 0 2 5 4 7 109 155 191 192 227 109 253 433 607 817 
1019 19 0 1 4 10 4 0 2 4 10 4 90 172 192 203 202 90 253 437 625 810 
1021 21 0 2 6 7 6 0 2 7 7 6 105 165 208 202 207 105 261 454 639 832 
1018 18 0 2 6 5 5 0 2 6 7 5 96 152 179 208 222 96 240 401 593 805 
1018 18 0 4 5 5 4 1 4 5 5 4 118 165 205 195 197 118 273 465 648 832 
1014 14 0 1 3 7 3 1 1 3 7 4 91 168 219 203 204 91 251 457 647 838 
1012 12 0 1 4 2 5 1 1 4 2 5 108 163 189 205 207 108 259 438 625 810 
1017 17 0 3 2 4 8 0 4 2 4 8 87 167 181 222 218 87 243 416 618 815 
1025 25 0 7 2 7 9 0 7 3 8 9 102 165 194 224 224 102 260 444 652 855 
1019 19 0 3 6 5 5 0 4 6 5 5 95 158 190 199 241 95 247 425 606 832 
1020 20 0 4 5 5 6 0 4 5 5 7 102 159 191 216 227 102 255 433 633 841 
1019 19 0 2 7 6 4 1 2 7 7 5 102 175 191 182 243 102 273 447 617 839 
1017 17 0 3 4 5 5 0 3 6 6 5 107 140 203 208 206 107 239 432 623 805 
1016 16 0 5 2 5 4 0 5 2 5 5 114 174 193 203 201 114 284 460 648 837 
1014 14 0 1 4 4 5 0 1 4 5 7 108 169 187 217 212 108 266 441 645 838 
1017 17 0 3 4 5 5 0 3 6 6 5 91 166 191 188 231 91 249 426 593 810 
1023 23 0 2 2 7 12 0 2 3 7 12 104 164 213 216 206 104 256 455 660 851 
1018 18 0 4 1 10 3 1 4 1 10 4 105 162 207 202 209 105 260 458 648 841 
1014 14 0 4 4 2 4 0 4 5 2 5 100 153 199 208 209 100 247 437 620 816 
1017 17 0 4 4 3 6 1 4 4 3 6 100 156 188 212 219 100 247 427 619 817 
1028 28 0 2 7 7 12 0 2 7 9 12 120 142 195 215 223 120 261 441 651 846 
1014 14 0 0 2 5 7 0 0 2 6 7 102 147 188 195 218 102 242 423 602 812 
1020 20 0 3 2 7 8 0 3 2 9 9 95 157 192 198 218 95 249 428 613 814 
1019 19 0 6 4 4 5 0 6 4 4 7 97 158 203 207 222 97 250 442 628 833 
1022 22 0 1 7 5 9 0 1 8 5 9 82 172 212 215 211 82 249 445 641 836 
1022 22 0 5 4 4 9 0 5 4 4 10 115 153 188 201 237 115 258 431 621 848 
1023 23 0 4 8 6 5 0 5 8 7 5 110 169 187 176 228 110 272 446 608 829 
1021 21 0 3 10 5 3 0 4 10 7 4 97 170 195 219 196 97 257 434 640 818 
1013 13 0 2 3 4 4 0 2 4 4 4 85 145 176 221 208 85 221 390 598 787 
1024 24 0 3 5 7 9 1 4 5 7 9 85 163 197 222 213 85 244 424 629 824 
1025 25 0 5 4 8 8 0 5 6 8 9 100 150 184 198 228 100 244 416 604 812 
1015 15 0 3 4 3 5 0 4 4 4 6 104 167 191 193 199 104 265 441 627 807 
1024 24 0 5 5 7 7 0 5 5 8 7 100 160 189 222 208 100 250 430 641 843 
1025 25 0 0 4 10 11 0 0 5 10 12 100 157 194 200 214 100 251 435 622 824 
1027 27 0 2 12 8 5 1 3 12 9 5 116 168 191 204 218 116 273 454 640 838 
1016 16 0 0 3 4 9 0 1 3 4 9 90 140 192 207 216 90 222 407 600 804 
1018 18 0 2 4 6 6 1 2 4 6 6 87 147 188 209 241 87 227 404 596 826 
1020 20 0 1 6 7 6 0 2 6 8 7 90 150 182 220 219 90 235 412 619 818 
1031 31 0 4 6 11 10 0 4 7 14 10 113 161 210 200 200 113 264 457 640 826 
1026 26 0 2 7 6 11 0 2 8 9 12 91 148 210 199 225 91 236 434 615 823 
1016 16 0 1 4 4 7 0 1 5 4 8 91 177 199 190 224 91 259 443 614 827 
1015 15 0 2 4 2 7 0 2 4 4 7 112 149 186 186 235 112 251 427 598 821 
1021 21 0 3 4 5 9 0 3 5 6 9 91 153 179 222 231 91 242 408 617 835 
1014 14 0 0 3 5 6 0 0 3 7 6 99 150 188 216 222 99 242 419 618 821 
1018 18 0 3 7 3 5 0 3 7 5 7 92 183 196 193 214 92 266 449 625 825 
1022 22 0 2 6 8 6 0 2 6 10 7 99 171 211 201 202 99 262 460 645 833 
1015 15 0 4 2 3 6 0 5 2 3 6 107 145 200 221 219 107 245 432 638 832 
1023 23 0 5 7 6 5 0 5 9 6 6 99 164 200 212 200 99 255 437 640 823 
1024 24 0 4 4 9 7 0 4 4 11 9 101 183 180 211 218 101 281 448 644 838 
1017 17 0 5 2 5 5 0 5 3 5 6 106 174 191 195 214 106 272 454 631 828 
1021 21 0 2 5 5 9 0 2 5 7 9 102 151 211 196 206 102 245 442 628 822 
1017 17 0 2 6 6 3 1 2 6 6 3 93 184 189 212 189 93 266 442 644 815 
1018 18 0 4 4 4 6 0 5 4 4 7 129 167 171 199 214 129 283 445 634 829 
1027 27 0 3 5 10 9 0 4 6 11 10 107 167 180 216 212 107 268 431 628 822 
1024 24 0 3 3 7 11 0 3 3 8 12 102 138 196 234 232 102 237 423 636 851 
1021 21 0 5 7 3 6 0 5 7 6 6 103 190 196 208 189 103 285 470 665 841 
1023 23 0 5 7 5 6 0 5 8 5 7 98 164 181 214 227 98 250 412 613 823 
1019 19 0 3 5 4 7 0 3 6 4 7 117 150 217 183 207 117 257 466 628 820 
1020 20 0 4 6 3 7 0 5 6 3 7 103 165 199 201 210 103 258 442 628 825 
1015 15 0 1 4 5 5 0 1 5 5 5 88 143 195 186 238 88 226 405 584 810 
1025 25 0 5 7 3 10 0 6 7 4 10 93 178 191 207 221 93 268 442 634 842 
1014 14 0 2 3 4 5 0 2 4 4 5 72 168 194 215 203 72 234 416 616 805 
1030 30 0 7 7 7 9 0 7 9 7 11 101 173 217 216 215 101 269 470 669 865 
1019 19 0 2 3 8 6 0 2 3 9 7 115 158 197 209 232 115 265 447 638 850 
1018 18 0 1 4 7 6 0 1 5 8 6 115 193 188 211 191 115 300 470 652 829 
1020 20 0 3 3 7 7 0 3 3 8 9 86 154 179 223 230 86 233 401 613 824 
1025 25 0 2 2 9 12 0 3 2 10 12 104 164 180 233 199 104 263 431 648 830 
1011 11 0 0 7 3 1 0 0 7 3 2 94 164 226 200 204 94 248 459 641 831 
1014 14 0 1 3 6 4 0 1 3 8 5 103 149 188 206 211 103 244 424 616 809 
1015 15 0 5 3 5 2 0 5 4 6 2 98 175 189 222 199 98 266 433 642 830 
1019 19 0 1 2 11 5 0 1 3 11 7 109 166 187 205 218 109 269 447 641 841 
1024 24 0 4 5 8 7 1 4 6 8 8 109 160 193 225 197 109 260 441 658 834 
1015 15 0 3 5 4 3 1 3 5 5 3 107 161 190 205 214 107 257 434 625 823 
1019 19 0 1 5 6 7 0 1 5 6 11 92 162 203 190 238 92 245 439 611 830 
1021 21 0 3 4 5 9 0 3 4 7 9 82 165 190 214 208 82 242 419 613 808 
1018 18 0 2 2 8 6 0 2 2 9 7 83 143 213 221 224 83 220 420 622 832 
1017 17 0 2 3 3 9 0 3 3 3 9 106 152 174 193 226 106 251 416 599 808 
1021 21 0 2 6 7 6 0 2 7 7 8 88 136 182 247 232 88 220 387 622 827 
1022 22 0 2 7 7 6 0 2 8 7 6 101 172 177 208 209 101 269 437 629 824 
1020 20 0 4 6 5 5 1 4 6 6 5 103 163 195 205 213 103 259 442 636 832 
1025 25 0 2 7 13 3 1 2 7 13 5 90 157 206 201 205 90 243 441 627 816 
1018 18 0 1 4 8 5 0 1 5 9 7 96 141 208 221 211 96 228 426 630 823 
1029 29 0 5 8 9 7 1 5 8 9 8 103 171 176 219 213 103 269 438 643 838 
1013 13 0 2 3 4 4 0 2 4 5 4 109 143 199 182 218 109 243 431 604 805 
1019 19 0 3 3 3 10 1 3 4 3 10 97 171 186 197 209 97 262 435 615 813 
1028 28 0 3 11 5 9 0 4 11 5 9 105 168 194 202 221 105 266 447 636 848 
1022 22 0 1 9 7 5 0 2 9 7 7 102 165 215 200 222 102 257 455 641 843 
1018 18 0 5 7 3 3 1 5 7 3 4 91 179 193 204 216 91 263 445 631 834 
1018 18 0 2 5 5 6 0 2 5 6 6 109 161 191 179 222 109 258 439 608 815 
1030 30 0 3 8 10 9 0 4 8 10 10 92 179 211 189 222 92 263 461 633 832 
1024 24 0 1 4 6 13 0 1 6 6 14 113 152 208 208 216 113 255 446 638 834 
1023 23 0 3 5 10 5 0 3 5 11 6 98 172 204 211 201 98 265 457 653 837 
1022 22 0 2 6 6 8 0 2 7 7 9 94 142 196 230 213 94 229 413 627 824 
1016 16 0 2 3 8 3 0 2 3 8 4 93 172 193 200 203 93 253 428 617 806 
1018 18 0 2 1 7 8 0 2 1 7 9 109 195 197 201 214 109 297 482 667 867 
1015 15 0 0 4 7 4 0 0 5 7 4 106 157 183 178 228 106 253 424 595 818 
1011 11 0 0 1 3 7 0 0 1 4 7 105 154 188 216 218 105 255 429 628 833 
1023 23 0 3 5 8 7 0 4 5 8 7 92 147 168 219 230 92 230 394 595 809 
1019 19 0 1 6 7 5 1 1 6 7 6 93 173 197 223 210 93 258 443 645 829 
1028 28 0 3 5 10 10 0 3 5 11 11 89 157 205 207 232 89 239 429 622 835 
1020 20 0 3 4 6 7 0 4 4 6 8 113 171 208 198 189 113 276 472 659 838 
1015 15 0 1 0 7 7 0 2 0 7 7 89 153 186 241 185 89 239 420 645 812 
1013 13 0 0 2 6 5 0 0 2 7 5 107 150 176 214 226 107 251 413 616 820 
1015 15 0 2 1 5 7 0 2 1 7 7 120 167 190 191 225 120 275 451 630 844 
1018 18 0 4 1 8 5 0 4 1 8 6 108 162 189 209 222 108 254 435 631 831 
1017 17 0 2 3 6 6 0 2 4 6 7 108 156 198 218 216 108 260 443 649 853 
1023 23 0 1 3 9 10 0 1 3 10 10 101 152 208 217 208 101 245 436 633 817 
1031 31 0 2 6 10 13 0 3 6 11 14 92 163 208 204 227 92 247 440 624 838 
1023 23 0 4 6 5 8 1 4 6 8 8 94 150 193 208 202 94 239 421 612 797 
1018 18 0 4 3 5 6 0 4 4 5 6 95 147 197 195 228 95 237 416 600 808 
1017 17 0 2 3 4 8 0 2 3 5 9 106 169 196 218 204 106 270 446 642 830 
1021 21 0 5 3 7 6 1 5 3 8 9 115 157 175 199 216 115 266 428 619 819 
1027 27 0 3 8 11 5 0 3 8 12 8 111 182 196 226 198 111 278 462 672 849 
1017 17 0 1 3 7 6 0 1 4 8 7 103 154 187 207 219 103 246 423 618 814 
1018 18 0 5 2 7 4 0 5 3 7 6 106 154 189 208 228 106 252 430 623 834 
1024 24 0 2 6 8 8 0 2 8 8 8 115 166 210 199 196 115 272 466 655 840 
1016 16 0 1 3 5 7 0 2 3 6 7 101 148 211 214 208 101 239 436 627 821 
1022 22 0 6 8 6 2 0 6 9 6 4 96 157 184 211 212 96 245 421 624 820 
1026 26 0 5 5 4 12 0 5 5 4 13 98 149 186 224 218 98 239 413 623 815 
1019 19 0 1 3 8 7 1 1 3 8 7 112 153 189 204 226 112 259 439 632 836 
1014 14 0 3 7 2 2 0 4 7 2 2 96 163 186 196 202 96 253 428 614 803 
1015 15 0 1 1 6 7 0 1 1 7 7 86 142 200 219 207 86 222 408 616 798 
1020 20 0 2 4 9 5 0 2 4 10 6 90 152 177 219 231 90 237 405 601 814 
1020 20 0 3 6 2 9 0 3 8 3 9 89 167 181 186 219 89 250 423 594 797 
1018 18 0 5 4 5 4 0 6 4 5 4 107 172 185 216 199 107 273 449 647 828 
1024 24 0 2 8 6 8 0 2 8 7 8 97 177 215 193 200 97 261 466 640 822 
1016 16 0 1 4 4 7 0 1 5 5 7 98 171 192 199 222 98 257 435 615 826 
1024 24 0 2 6 4 12 0 2 6 6 13 99 171 194 181 241 99 267 447 608 831 
1017 17 0 3 3 7 4 0 3 4 7 5 107 155 176 191 203 107 254 421 601 787 
1032 32 0 7 9 8 8 0 7 10 10 9 99 178 207 199 226 99 270 461 640 852 
1022 22 0 1 4 9 8 0 1 5 10 9 102 150 161 233 209 102 244 397 615 813 
1015 15 0 3 2 4 6 0 3 3 5 7 94 159 174 217 221 94 249 413 610 812 
1027 27 0 3 7 10 7 0 3 7 11 7 112 157 217 205 207 112 262 463 653 839 
1020 20 0 1 7 3 9 0 1 7 5 9 101 164 185 193 234 101 257 430 605 826 
1017 17 0 1 6 5 5 0 2 6 5 6 91 187 189 214 194 91 269 447 643 823 
1014 14 0 1 4 6 3 0 2 4 7 3 102 174 178 214 196 102 263 426 627 810 
1011 11 0 2 2 3 4 1 2 2 4 4 98 170 196 188 214 98 258 436 613 807 
1017 17 0 4 2 7 4 0 4 2 7 6 97 163 185 196 233 97 247 417 601 815 
1023 23 0 2 4 10 7 0 2 4 10 10 103 147 195 215 215 103 242 428 627 826 
1019 19 0 3 8 2 6 0 3 8 4 6 106 181 184 184 231 106 279 442 616 830 
1026 26 0 3 4 8 11 0 3 4 8 12 102 151 205 217 228 102 240 433 632 841 
1016 16 0 1 9 4 2 0 2 10 5 3 103 160 202 216 213 103 252 441 647 839 
1022 22 0 1 3 11 7 0 2 3 11 8 92 159 173 212 215 92 241 406 609 807 
1022 22 0 2 7 6 7 0 2 7 8 9 105 146 216 205 221 105 247 450 633 835 
1024 24 0 0 4 11 9 0 0 4 12 9 95 153 210 216 201 95 242 441 644 827 
1021 21 0 4 3 4 10 0 4 4 5 12 91 153 195 217 231 91 240 416 615 831 
1016 16 0 0 1 3 12 0 0 1 3 13 88 135 199 189 229 88 216 407 585 798 
1011 11 0 0 2 5 4 0 0 3 5 6 81 142 204 215 240 81 216 412 611 830 
1025 25 0 1 9 8 7 1 1 9 9 9 115 162 200 222 199 115 264 455 659 837 
1021 21 0 3 6 5 7 0 3 7 6 7 112 151 204 197 202 112 257 440 619 801 
1016 16 0 3 2 7 4 0 3 2 9 4 108 165 194 196 206 108 266 450 634 823 
1012 12 0 1 0 6 5 0 2 0 6 5 96 178 179 209 195 96 269 430 624 810 
1022 22 0 3 5 4 10 0 4 5 4 10 104 153 190 228 221 104 252 426 640 845 
1016 16 0 3 5 3 5 0 4 5 4 5 101 164 194 204 220 101 252 438 628 835 
1017 17 0 3 5 6 3 0 3 5 6 5 99 153 202 205 204 99 243 433 624 813 
1026 26 0 4 4 10 8 0 5 4 10 8 110 164 185 202 218 110 265 442 633 841 
1013 13 0 2 2 4 5 0 2 2 4 7 102 163 181 206 220 102 255 417 612 818 
