1402 402 0 27 75 124 176 0 27 77 141 206 91 195 275 374 464 91 276 515 833 1223 
1396 396 0 39 68 125 164 0 39 71 143 182 96 188 276 376 413 96 273 518 843 1205 
1436 436 0 29 83 156 168 0 29 86 165 196 108 191 301 387 415 108 279 550 894 1237 
1398 398 0 25 76 126 171 0 25 81 139 197 101 185 277 357 451 101 272 519 825 1209 
1402 402 0 27 71 119 185 0 27 76 135 210 91 176 284 351 421 91 254 510 810 1188 
1399 399 0 36 72 128 163 1 37 79 141 188 110 188 267 358 440 110 279 519 840 1217 
1420 420 0 33 74 135 178 0 33 77 148 211 101 188 303 373 432 101 272 545 871 1232 
1389 389 0 32 66 134 157 0 32 70 146 181 95 191 268 367 409 95 272 508 835 1182 
1427 427 0 33 76 116 202 0 34 84 130 226 106 196 272 364 467 106 288 534 847 1253 
1439 439 0 36 88 126 189 0 37 91 141 210 119 173 294 360 446 119 278 544 850 1242 
1426 426 0 33 79 135 179 0 33 85 144 205 109 213 300 335 448 109 304 564 856 1238 
1453 453 0 43 79 154 177 0 43 85 170 209 127 232 303 380 422 127 339 596 922 1274 
1426 426 0 30 82 121 193 0 31 87 135 218 103 198 286 375 437 103 291 537 867 1243 
1439 439 0 22 80 136 201 0 23 86 149 223 92 199 293 360 456 92 276 531 850 1249 
1438 438 0 31 82 140 185 0 32 88 152 212 113 215 271 357 433 113 304 552 862 1235 
1433 433 0 31 81 127 194 0 31 87 140 222 99 193 294 361 433 99 275 535 857 1228 
1392 392 0 22 68 129 173 0 22 70 136 199 87 182 275 364 444 87 249 488 809 1197 
1405 405 0 30 61 122 192 0 30 63 134 216 113 195 280 344 447 113 284 539 833 1217 
1373 373 0 20 69 120 164 0 20 71 134 195 92 191 273 348 424 92 267 513 816 1164 
1407 407 0 34 77 133 163 1 34 81 144 194 99 195 293 375 435 99 275 536 863 1222 
1374 374 0 28 67 127 152 0 28 71 137 178 88 179 254 355 445 88 251 473 782 1159 
1415 415 0 34 84 118 179 0 34 92 130 196 112 193 275 347 446 112 286 529 833 1222 
1367 367 0 21 90 110 146 0 21 93 122 168 89 205 278 324 419 89 273 523 798 1162 
1417 417 0 30 80 126 181 0 31 89 140 197 104 194 288 365 444 104 280 537 839 1229 
1396 396 0 29 71 124 172 1 29 76 131 198 98 196 281 340 422 98 280 523 825 1190 
1409 409 0 19 85 136 169 0 20 88 152 195 92 195 300 359 415 92 269 537 852 1200 
1383 383 0 23 65 118 177 0 24 69 137 204 94 174 276 344 455 94 255 507 797 1186 
1447 447 0 26 95 135 191 1 26 103 154 220 114 201 300 346 465 114 296 560 859 1252 
1433 433 0 31 81 129 192 0 31 84 142 213 103 197 298 363 446 103 278 546 856 1241 
1436 436 0 24 71 137 204 0 24 73 149 225 100 188 268 361 448 100 275 515 830 1240 
1410 410 0 32 71 124 183 0 32 79 135 203 92 193 265 362 446 92 275 503 828 1219 
1448 448 0 30 96 142 180 1 31 102 156 209 114 219 312 384 427 114 302 583 915 1278 
1392 392 0 28 69 127 168 0 28 75 145 199 113 182 283 362 435 113 272 524 831 1197 
1418 418 0 22 88 136 172 0 23 89 148 208 86 199 300 361 421 86 273 545 866 1217 
1413 413 0 27 70 118 198 0 27 79 132 223 102 201 272 362 432 102 286 524 846 1226 
1427 427 0 34 81 118 194 0 34 85 128 216 110 195 287 349 446 110 288 543 839 1228 
1399 399 0 22 73 128 176 0 22 80 142 203 88 188 287 364 454 88 265 510 828 1205 
1437 437 0 22 84 148 183 1 22 89 162 202 115 200 317 392 408 115 290 570 902 1258 
1424 424 0 34 61 134 195 1 34 69 144 223 100 183 296 348 447 100 267 534 838 1222 
1409 409 0 27 76 121 185 0 28 78 138 207 112 208 283 365 405 112 306 556 859 1216 
1390 390 0 24 64 126 176 0 25 68 138 203 103 168 275 355 436 103 258 500 808 1186 
1408 408 0 27 80 132 169 0 28 82 151 199 116 194 286 373 428 116 296 556 879 1235 
1456 456 0 32 92 139 193 0 33 95 150 210 118 214 283 357 452 118 312 565 873 1268 
1410 410 0 26 81 116 187 0 27 87 130 207 107 190 271 356 442 107 275 517 830 1211 
1434 434 0 31 88 140 175 0 31 94 158 195 90 204 294 367 424 90 285 550 870 1235 
1419 419 0 38 81 110 190 0 38 87 126 212 104 215 286 344 452 104 301 547 841 1234 
1441 441 0 31 83 124 203 0 31 87 134 224 118 187 282 347 444 118 297 551 856 1246 
1448 448 0 30 88 135 195 0 30 96 151 219 111 186 305 378 436 111 281 551 879 1258 
1412 412 0 33 70 106 203 0 33 74 114 221 93 201 252 359 452 93 279 503 815 1214 
1476 476 0 32 80 144 220 0 32 87 159 240 98 195 302 394 483 98 276 549 898 1316 
1424 424 0 40 83 122 179 0 41 89 138 202 119 194 277 350 432 119 300 545 848 1223 
1383 383 0 26 62 120 175 0 26 67 129 199 84 185 286 347 443 84 255 507 805 1191 
1406 406 0 17 77 124 188 0 18 79 132 212 100 183 264 360 462 100 266 506 823 1219 
1368 368 0 22 62 126 158 0 23 67 137 187 101 200 280 341 426 101 279 520 819 1182 
1434 434 0 31 91 137 175 0 32 98 148 195 104 191 295 375 430 104 283 554 881 1253 
1427 427 0 32 75 143 177 0 33 80 151 200 120 200 249 375 428 120 300 521 853 1224 
1420 420 0 24 71 142 183 0 25 77 152 206 97 186 291 374 442 97 274 534 862 1236 
1407 407 0 37 63 117 190 1 37 72 127 208 104 204 263 352 440 104 293 521 818 1203 
1406 406 0 34 74 108 190 1 34 79 117 212 96 186 270 354 443 96 260 507 816 1200 
1396 396 0 32 75 104 185 0 32 78 118 197 108 197 267 338 424 108 286 519 809 1190 
1444 444 0 28 89 142 185 0 28 94 152 207 113 210 312 371 428 113 305 579 902 1274 
1429 429 0 25 92 132 180 0 25 97 143 204 116 193 281 372 437 116 292 536 865 1238 
1409 409 0 21 83 112 193 0 21 85 124 209 87 184 279 350 446 87 253 503 804 1202 
1444 444 0 23 91 139 191 1 24 95 150 216 98 186 279 377 463 98 269 520 862 1259 
1435 435 0 30 75 122 208 0 31 78 138 229 100 196 300 359 460 100 284 552 852 1256 
1379 379 0 23 62 115 179 0 23 65 122 199 93 184 251 334 449 93 259 479 764 1157 
1396 396 0 27 80 116 173 0 27 85 127 195 101 202 264 374 445 101 284 515 843 1212 
1409 409 0 26 63 120 200 0 26 67 133 223 97 194 268 356 466 97 271 506 814 1216 
1450 450 0 30 79 152 189 0 30 81 167 214 109 218 285 378 436 109 300 550 884 1256 
1398 398 0 32 70 128 168 0 32 74 139 196 88 184 290 349 439 88 258 521 833 1219 
1444 444 0 26 74 140 204 0 27 83 152 221 116 197 284 396 440 116 297 539 897 1281 
1424 424 0 38 76 131 179 1 38 80 146 208 121 203 289 385 440 121 301 559 884 1253 
1449 449 0 40 83 141 185 0 40 91 160 208 125 204 291 368 439 125 307 568 885 1266 
1419 419 0 23 73 147 176 0 23 78 158 204 99 189 275 397 436 99 269 510 866 1234 
1415 415 0 33 76 134 172 0 33 87 149 196 109 198 273 357 428 109 289 533 845 1221 
1403 403 0 22 74 116 191 0 22 80 127 218 96 194 284 348 465 96 267 518 822 1213 
1386 386 0 26 77 113 170 0 26 79 126 195 90 191 284 341 429 90 260 508 806 1177 
1401 401 0 27 67 116 191 0 27 69 129 210 103 181 239 380 440 103 268 479 821 1202 
1445 445 0 39 82 138 186 0 39 91 162 216 99 219 290 364 447 99 309 557 875 1259 
1461 461 0 37 90 139 195 0 38 92 157 217 100 226 294 340 456 100 310 574 870 1275 
1407 407 0 26 81 124 176 0 26 84 137 196 97 202 287 340 418 97 279 542 835 1197 
1412 412 0 28 69 128 187 1 28 72 139 212 102 180 294 361 451 102 266 529 843 1234 
1396 396 0 28 66 140 162 0 28 72 151 188 101 194 270 378 420 101 279 518 852 1201 
1428 428 0 20 71 141 196 0 20 73 150 216 81 186 305 367 452 81 253 518 844 1237 
1386 386 0 27 73 126 160 0 27 76 138 184 112 185 254 370 415 112 277 500 827 1178 
1443 443 0 34 75 158 176 0 34 81 171 203 106 203 294 381 427 106 290 551 890 1249 
1428 428 0 36 70 128 194 0 36 77 135 213 117 194 263 363 445 117 293 522 847 1228 
1442 442 0 33 82 135 192 1 33 88 149 214 108 197 302 365 456 108 287 554 873 1268 
1390 390 0 34 67 120 169 0 34 72 131 193 107 204 258 353 415 107 291 521 830 1190 
1397 397 0 32 78 118 169 0 32 84 139 204 92 197 301 332 455 92 278 549 820 1210 
1398 398 0 20 73 132 173 0 20 79 144 199 104 197 257 367 453 104 278 502 834 1226 
1407 407 0 37 64 126 180 0 38 68 137 202 93 201 270 364 440 93 282 513 832 1206 
1402 402 0 31 70 116 185 0 31 77 132 207 94 188 289 347 438 94 266 523 819 1200 
1436 436 0 26 92 124 194 0 26 95 144 218 109 204 290 369 465 109 303 564 884 1272 
1403 403 0 24 73 126 180 0 24 78 135 205 94 190 297 358 441 94 266 531 846 1229 
1441 441 0 32 82 144 183 0 32 88 162 213 109 181 300 392 446 109 274 541 878 1259 
1407 407 0 35 72 123 177 0 36 76 146 198 93 195 286 371 434 93 275 528 842 1203 
1376 376 0 24 72 107 173 0 25 75 117 196 94 183 255 363 435 94 259 490 811 1181 
1398 398 0 21 53 118 206 0 21 58 137 232 88 177 271 364 453 88 243 483 794 1194 
1432 432 0 20 66 131 215 0 20 70 141 235 93 196 275 376 458 93 269 508 841 1247 
