1036 36 0 6 8 13 9 0 6 8 13 13 177 243 259 241 218 177 391 622 827 1015 
1033 33 0 5 9 7 12 0 5 9 8 14 177 237 247 249 223 177 386 600 811 1000 
1033 33 0 5 10 9 9 0 5 11 10 10 159 235 234 234 245 159 373 582 786 1005 
1048 48 0 10 14 9 15 1 11 16 12 20 216 243 214 250 233 216 422 595 816 1024 
1042 42 0 7 7 15 13 0 8 7 15 13 170 251 243 243 230 170 398 612 823 1018 
1040 40 0 7 12 8 13 0 7 13 9 18 175 240 228 248 237 175 395 597 815 1011 
1037 37 0 6 8 9 14 0 6 9 12 15 170 230 212 256 258 170 373 555 787 1012 
1042 42 0 6 7 19 10 0 6 9 21 12 190 218 244 244 252 190 385 596 806 1021 
1038 38 0 5 11 7 15 1 5 12 9 15 180 243 221 232 244 180 394 589 797 1009 
1059 59 0 14 18 17 10 1 14 21 20 15 179 231 244 242 266 179 382 592 794 1030 
1039 39 0 3 12 9 15 0 4 14 12 17 195 225 241 239 243 195 394 608 816 1025 
1038 38 0 8 9 9 12 0 8 11 10 13 184 228 242 223 251 184 388 604 805 1014 
1047 47 0 10 11 11 15 1 10 11 11 17 184 231 227 257 248 184 391 582 808 1019 
1038 38 0 5 8 15 10 0 5 9 16 15 182 213 231 248 225 182 381 590 810 1010 
1049 49 0 9 10 14 16 0 10 11 14 18 167 221 226 244 281 167 367 567 779 1026 
1050 50 0 11 14 12 13 0 12 16 16 16 180 231 234 273 232 180 388 599 837 1032 
1039 39 0 9 11 10 9 1 9 14 10 11 179 219 261 237 241 179 369 596 805 1017 
1053 53 0 10 11 17 15 0 10 12 20 17 183 222 245 254 244 183 385 604 823 1032 
1052 52 0 6 16 16 14 0 7 16 17 16 153 234 248 266 258 153 359 581 814 1035 
1048 48 0 8 13 14 13 0 8 16 18 17 169 228 251 238 261 169 370 589 801 1023 
1039 39 0 8 9 9 13 0 8 14 11 17 186 209 242 249 240 186 381 600 816 1018 
1052 52 0 10 16 12 14 1 10 17 14 15 194 244 232 243 250 194 408 607 823 1036 
1053 53 0 12 15 13 13 0 12 16 14 14 199 238 256 237 225 199 410 632 831 1026 
1056 56 0 10 17 7 22 0 10 18 10 22 179 243 253 240 238 179 397 620 828 1043 
1047 47 0 12 10 17 8 0 13 12 18 9 195 245 249 227 222 195 419 634 827 1018 
1049 49 0 8 19 5 17 0 9 19 10 17 183 228 244 239 252 183 386 605 803 1029 
1043 43 0 8 12 11 12 0 8 14 14 15 150 240 230 231 267 150 375 573 776 1018 
1039 39 0 5 10 12 12 0 5 10 15 14 169 214 243 248 265 169 365 583 795 1016 
1054 54 0 11 16 14 13 0 11 16 16 20 185 249 229 246 238 185 416 612 826 1031 
1043 43 0 9 12 11 11 0 9 13 11 14 175 237 237 219 257 175 387 597 792 1022 
1053 53 0 8 14 12 19 0 8 14 15 22 160 220 251 271 239 160 358 576 812 1027 
1049 49 0 9 12 12 16 0 9 13 13 18 167 213 239 266 281 167 353 563 785 1024 
1046 46 0 8 10 12 16 1 8 10 13 17 181 227 225 250 256 181 375 582 802 1024 
1041 41 0 8 6 12 15 0 8 8 12 16 191 224 225 238 253 191 393 592 800 1017 
1038 38 0 6 14 10 8 1 7 14 11 9 181 247 235 241 231 181 407 608 816 1017 
1044 44 0 10 12 12 10 0 10 15 15 13 178 239 252 219 258 178 390 614 795 1020 
1046 46 0 10 4 14 18 0 10 5 15 20 184 232 229 237 271 184 391 584 789 1026 
1035 35 0 4 13 10 8 0 4 13 13 10 174 248 240 219 247 174 391 594 782 1010 
1050 50 0 8 18 9 15 1 8 19 11 16 161 245 242 261 255 161 379 588 810 1025 
1049 49 0 11 10 16 12 0 11 12 19 14 171 231 242 238 251 171 383 596 801 1026 
1047 47 0 10 8 13 16 0 10 10 14 20 196 242 237 238 231 196 412 609 818 1025 
1050 50 0 10 10 16 14 0 11 11 16 15 178 223 254 241 253 178 376 594 810 1029 
1061 61 0 10 15 22 14 0 10 15 25 15 166 232 266 262 234 166 373 611 839 1045 
1058 58 0 8 14 19 17 0 8 17 24 18 166 261 239 249 238 166 405 603 816 1030 
1048 48 0 6 17 12 13 0 6 20 14 13 183 231 251 234 235 183 394 614 822 1028 
1047 47 0 8 15 15 9 0 8 17 17 13 183 215 241 230 237 183 377 595 801 1012 
1044 44 0 8 14 12 10 0 8 16 14 15 188 229 260 227 235 188 386 624 816 1017 
1046 46 0 11 10 6 19 0 11 13 8 22 180 213 213 239 277 180 380 571 778 1026 
1045 45 0 12 10 13 10 0 12 11 16 12 196 209 242 257 234 196 387 603 827 1023 
1048 48 0 12 8 12 16 0 12 8 15 17 185 213 228 239 253 185 376 580 798 1022 
1041 41 0 11 6 16 8 1 11 6 16 8 196 238 230 229 235 196 405 603 802 1018 
1045 45 0 9 16 13 7 0 9 18 16 9 204 233 251 236 218 204 413 627 833 1020 
1045 45 0 13 12 10 10 0 14 17 11 12 190 242 257 230 233 190 410 630 827 1024 
1051 51 0 8 11 16 16 0 8 13 18 19 195 211 221 274 253 195 381 574 817 1031 
1041 41 0 12 11 12 6 0 13 15 12 9 185 225 243 259 245 185 383 593 814 1018 
1049 49 0 7 15 11 16 0 7 15 17 19 157 234 240 257 250 157 371 590 812 1016 
1042 42 0 13 5 10 14 1 13 7 10 14 191 249 232 242 250 191 413 601 806 1022 
1047 47 0 10 7 15 15 0 11 7 16 18 203 234 211 242 252 203 404 594 808 1029 
1041 41 0 5 12 12 12 0 5 12 16 17 167 225 245 257 255 167 372 590 809 1025 
1043 43 0 7 12 15 9 0 7 15 16 9 187 248 246 234 216 187 402 618 824 1016 
1049 49 0 4 17 14 14 0 5 18 17 15 195 245 242 239 226 195 412 625 829 1026 
1045 45 0 9 12 14 10 0 10 16 16 11 175 241 234 234 262 175 394 589 799 1029 
1051 51 0 15 11 11 14 1 15 13 11 15 171 240 262 231 233 171 386 613 811 1020 
1041 41 0 3 13 14 11 1 3 13 17 15 178 240 254 243 237 178 394 616 821 1022 
1040 40 0 5 14 8 13 0 5 15 14 15 181 220 249 234 232 181 379 601 808 1013 
1037 37 0 9 11 12 5 0 10 13 13 6 179 222 248 234 261 179 378 595 797 1023 
1046 46 0 11 12 10 13 0 11 15 10 14 187 232 255 243 219 187 396 615 828 1019 
1040 40 0 10 7 12 11 1 11 11 12 11 182 218 250 225 247 182 375 594 795 1016 
1047 47 0 11 14 11 11 0 11 16 14 13 183 243 254 222 235 183 398 624 813 1018 
1052 52 0 6 14 13 19 0 6 14 16 24 178 224 229 250 266 178 375 575 792 1030 
1044 44 0 13 10 9 12 1 13 11 11 14 219 246 238 247 223 219 438 638 846 1027 
1043 43 0 11 10 6 16 0 11 10 8 18 192 235 236 251 226 192 398 604 821 1021 
1039 39 0 7 13 11 8 0 7 14 14 8 200 227 220 224 249 200 408 599 795 1016 
1053 53 0 16 13 10 14 0 16 17 13 17 186 253 238 241 242 186 409 618 825 1036 
1034 34 0 9 2 10 13 0 9 3 11 15 189 223 244 229 235 189 385 605 803 1011 
1057 57 0 3 17 22 15 1 3 18 25 17 177 229 247 270 236 177 384 603 832 1036 
1035 35 0 7 8 9 11 1 7 9 10 12 179 219 239 251 243 179 376 585 809 1016 
1049 49 0 8 16 12 13 1 8 18 13 16 178 252 249 236 239 178 399 619 823 1032 
1040 40 0 8 8 6 18 0 8 12 8 19 168 243 255 245 242 168 383 597 801 1015 
1042 42 0 9 8 13 12 1 9 11 17 12 164 217 247 243 253 164 359 574 790 1012 
1049 49 0 11 11 14 13 0 11 12 15 15 169 245 252 266 204 169 396 619 847 1024 
1046 46 0 13 12 7 14 0 13 16 7 15 179 249 229 249 234 179 405 603 814 1022 
1035 35 0 6 10 11 8 1 7 11 11 9 185 230 223 243 239 185 391 586 803 1009 
1063 63 0 16 18 16 13 0 16 19 18 16 177 247 272 220 249 177 405 644 830 1048 
1030 30 0 9 7 5 9 0 10 8 9 10 144 229 249 257 251 144 357 580 796 1014 
1038 38 0 8 8 12 10 0 8 9 13 13 169 234 211 231 271 169 381 563 776 1012 
1054 54 0 10 14 14 16 1 11 14 14 19 177 225 241 282 243 177 376 587 826 1032 
1053 53 0 7 17 16 13 0 7 18 19 15 189 237 234 253 224 189 392 605 833 1024 
1060 60 0 4 15 19 22 1 5 15 23 23 165 228 248 274 241 165 373 592 831 1045 
1041 41 0 8 9 10 14 0 9 9 10 14 189 248 226 232 234 189 411 615 819 1020 
1045 45 0 8 15 10 12 0 8 18 11 14 198 227 241 239 240 198 402 606 812 1023 
1045 45 0 9 13 9 14 1 9 13 11 14 175 234 244 230 246 175 382 598 799 1013 
1041 41 0 10 10 10 11 0 11 11 11 14 176 226 237 236 263 176 374 587 798 1029 
1037 37 0 12 9 6 10 0 13 11 7 11 159 223 237 241 265 159 361 569 785 1016 
1030 30 0 1 8 11 10 0 1 9 12 11 161 222 237 228 253 161 367 575 783 1008 
1034 34 0 9 8 9 8 0 9 8 10 10 192 237 204 230 256 192 413 592 795 1012 
1041 41 0 4 15 14 8 0 5 15 15 12 175 219 244 246 256 175 367 588 800 1022 
1036 36 0 5 8 9 14 0 5 9 10 14 185 220 232 247 225 185 381 593 805 1005 
1045 45 0 9 8 9 19 0 9 9 11 20 187 189 230 241 274 187 351 559 767 1018 
1050 50 0 11 14 11 14 0 11 16 12 16 182 206 267 246 244 182 368 600 814 1029 
1036 36 0 6 12 8 10 0 6 12 9 13 193 241 240 236 237 193 405 614 822 1025 
1052 52 0 11 10 14 17 0 11 11 16 20 170 243 263 258 245 170 390 613 822 1029 
1047 47 0 6 22 9 10 0 7 22 9 10 187 233 240 239 247 187 394 602 821 1023 
1052 52 0 13 7 22 10 0 13 10 23 13 185 244 232 248 248 185 397 600 814 1022 
1048 48 0 10 10 14 14 0 10 14 16 16 191 240 239 235 229 191 408 618 820 1020 
1044 44 0 11 12 13 8 0 11 12 16 12 175 237 243 254 229 175 391 600 829 1032 
1051 51 0 12 6 15 18 1 13 6 16 18 190 245 251 211 239 190 411 625 812 1028 
1044 44 0 12 13 11 8 0 12 14 14 10 169 241 253 244 241 169 385 603 816 1023 
1039 39 0 11 10 11 7 1 11 11 15 7 176 240 232 218 243 176 393 599 790 1010 
1041 41 0 10 8 10 13 1 10 8 10 16 186 231 245 239 235 186 394 613 817 1025 
1035 35 0 8 10 12 5 0 8 12 13 7 175 236 241 232 248 175 394 600 796 1013 
1050 50 0 11 11 16 12 0 11 12 20 17 177 244 248 234 238 177 400 617 818 1028 
1039 39 0 6 11 5 17 0 6 13 6 19 186 222 224 237 266 186 376 580 790 1019 
1054 54 0 6 14 18 16 0 6 15 20 19 170 230 234 261 249 170 378 586 815 1030 
1044 44 0 8 9 18 9 0 8 14 19 10 176 208 232 254 265 176 360 562 789 1021 
1054 54 0 8 15 21 10 0 9 17 25 12 180 233 266 218 252 180 380 607 804 1028 
1043 43 0 6 10 14 13 1 6 11 16 14 180 223 264 243 236 180 377 614 823 1027 
1047 47 0 7 13 13 14 0 8 15 13 15 189 225 244 232 245 189 390 597 794 1015 
1042 42 0 10 9 9 14 0 10 10 11 14 174 247 237 244 229 174 394 600 819 1020 
1042 42 0 12 6 13 11 0 13 7 13 11 172 223 238 254 244 172 373 581 806 1019 
1032 32 0 6 5 9 12 0 6 5 9 14 187 205 236 241 240 187 376 586 798 1007 
1032 32 0 7 9 8 8 0 7 11 10 11 179 235 250 236 230 179 385 604 803 1010 
1048 48 0 7 13 21 7 0 7 14 24 11 152 228 267 265 239 152 364 598 828 1028 
1058 58 0 8 20 12 18 0 8 22 17 19 173 217 246 256 250 173 376 599 818 1036 
1035 35 0 5 7 9 14 0 5 10 10 17 181 254 224 229 256 181 410 604 798 1011 
1051 51 0 10 13 12 16 0 10 14 12 22 182 234 244 222 246 182 395 614 804 1023 
1046 46 0 4 12 12 18 0 4 12 13 21 153 236 240 255 248 153 370 579 795 1017 
1034 34 0 11 4 7 12 0 11 8 8 14 164 236 227 240 263 164 378 575 785 1015 
1047 47 0 12 10 14 11 0 13 14 16 15 183 189 247 260 291 183 344 558 779 1026 
1036 36 0 9 9 12 6 0 9 9 13 7 192 243 229 223 243 192 414 611 804 1014 
1048 48 0 9 8 17 14 1 9 9 18 16 176 230 255 235 231 176 385 614 821 1023 
1053 53 0 3 17 17 16 0 3 19 18 18 156 249 254 223 266 156 377 593 790 1028 
1059 59 0 10 20 14 15 0 11 20 16 20 200 231 222 242 265 200 400 596 813 1034 
1044 44 0 5 8 16 15 0 5 8 16 20 176 236 252 235 243 176 382 599 798 1016 
1036 36 0 3 14 8 11 0 3 15 9 15 183 246 243 242 242 183 400 603 811 1014 
1052 52 0 8 14 16 14 0 9 15 17 16 183 235 230 233 257 183 398 596 803 1031 
1040 40 0 12 10 8 10 0 12 12 9 13 185 214 230 231 277 185 378 580 780 1021 
1038 38 0 7 11 4 16 0 7 13 5 17 171 218 243 240 260 171 368 587 794 1021 
1052 52 0 6 20 14 12 0 6 21 16 18 198 260 232 213 243 198 425 626 812 1023 
1048 48 0 12 13 9 14 0 12 14 13 14 182 244 236 246 248 182 397 597 809 1027 
1039 39 0 10 9 8 12 0 10 12 10 13 181 230 246 237 263 181 380 596 798 1023 
1048 48 0 12 9 15 12 0 13 11 17 16 181 218 237 239 274 181 376 583 787 1027 
1040 40 0 3 6 16 15 0 3 7 18 19 185 225 232 243 260 185 388 587 798 1025 
1028 28 0 8 7 7 6 1 8 7 8 8 182 230 219 228 247 182 389 582 778 1000 
1042 42 0 6 11 9 16 0 6 13 11 17 171 256 242 223 236 171 401 617 809 1019 
1042 42 0 6 16 9 11 1 6 17 11 12 184 203 249 276 228 184 360 584 823 1016 
1035 35 0 5 6 14 10 0 5 7 16 12 160 238 238 250 255 160 372 575 786 1007 
1048 48 0 9 13 15 11 1 9 16 17 14 182 227 235 240 268 182 384 584 792 1027 
1040 40 0 6 9 14 11 0 6 10 15 13 164 225 254 240 232 164 368 597 806 1009 
1059 59 0 14 16 14 15 0 14 18 18 16 199 235 234 240 260 199 410 611 807 1036 
1044 44 0 6 8 15 15 0 7 9 18 16 169 254 247 238 246 169 403 608 816 1025 
1044 44 0 12 12 10 10 0 12 14 13 12 197 235 235 236 241 197 402 602 799 1011 
1044 44 0 11 10 13 10 0 11 12 14 13 194 235 216 269 237 194 399 587 824 1021 
1041 41 0 8 14 8 11 0 8 15 12 15 176 239 257 245 239 176 386 605 812 1019 
1043 43 0 9 12 14 8 0 9 14 17 9 162 251 249 229 249 162 391 604 800 1021 
1033 33 0 3 10 14 6 0 3 11 17 10 175 238 232 246 229 175 392 593 808 1005 
1038 38 0 6 15 8 9 0 6 17 11 11 175 222 234 244 259 175 376 576 790 1016 
1035 35 0 5 9 7 14 0 6 10 7 14 143 222 220 267 272 143 347 541 783 1015 
1042 42 0 12 11 6 13 1 12 12 6 13 189 247 235 220 254 189 406 607 800 1025 
1062 62 0 14 13 11 24 0 14 13 15 25 180 212 258 264 263 180 369 599 821 1044 
1040 40 0 4 19 8 9 0 4 21 8 12 167 235 268 236 244 167 378 613 812 1025 
1046 46 0 11 16 6 13 0 11 18 9 15 178 235 241 230 246 178 391 591 792 1017 
1054 54 0 8 15 10 21 0 8 18 12 22 162 227 243 245 266 162 367 587 798 1029 
1052 52 0 13 11 17 11 1 13 13 18 17 201 236 246 247 229 201 404 620 837 1032 
1035 35 0 7 10 6 12 1 7 12 8 16 175 241 225 236 241 175 397 594 800 1013 
1033 33 0 9 9 4 11 0 9 10 5 11 171 212 247 230 262 171 366 580 785 1011 
1044 44 0 9 7 14 14 0 9 9 15 15 182 212 242 264 243 182 370 574 807 1021 
1035 35 0 8 14 6 7 1 8 14 7 9 181 202 263 242 241 181 364 597 797 1014 
1052 52 0 8 15 13 16 0 9 15 13 19 186 230 240 235 243 186 393 613 814 1028 
1050 50 0 12 12 15 11 1 12 15 16 14 177 229 230 246 256 177 386 588 810 1028 
1048 48 0 12 14 11 11 0 12 15 13 15 179 218 232 234 262 179 377 582 788 1021 
1052 52 0 11 10 20 11 0 11 10 22 16 163 235 278 262 223 163 378 619 842 1030 
1040 40 0 8 7 11 14 0 8 9 11 16 184 230 216 253 249 184 382 577 796 1016 
1043 43 0 11 12 10 10 1 11 14 12 12 176 238 240 249 244 176 392 600 819 1022 
1052 52 0 5 9 23 15 0 5 11 24 18 152 253 241 267 239 152 381 589 820 1028 
1041 41 0 11 8 12 10 0 11 10 12 11 177 227 232 240 243 177 386 592 800 1019 
1044 44 0 9 10 13 12 1 9 11 14 13 174 210 233 280 255 174 358 564 810 1026 
1036 36 0 6 12 10 8 1 6 13 10 9 178 224 233 222 255 178 383 584 782 1012 
1037 37 0 2 13 11 11 0 2 14 14 13 198 223 226 241 240 198 389 588 791 1009 
1032 32 0 7 6 11 8 0 8 10 12 11 200 235 227 213 261 200 402 593 782 1004 
1034 34 0 6 6 8 14 0 7 8 11 15 175 234 260 231 235 175 387 610 804 1016 
1046 46 0 9 10 18 9 0 9 14 19 13 171 236 236 236 258 171 389 592 797 1017 
1053 53 0 8 19 13 13 1 8 19 18 13 170 239 255 238 247 170 387 609 816 1032 
1043 43 0 7 11 8 17 0 8 11 9 18 182 226 239 258 234 182 386 599 824 1022 
1042 42 0 4 7 12 19 0 4 8 14 21 183 227 238 246 230 183 388 601 821 1019 
1051 51 0 9 14 15 13 0 9 15 17 14 209 239 233 239 249 209 414 609 819 1033 
1033 33 0 5 9 7 12 0 6 9 8 12 185 208 226 264 243 185 373 574 808 1014 
1042 42 0 8 9 11 14 0 9 11 12 15 181 239 240 249 256 181 387 596 804 1021 
1049 49 0 12 13 14 10 0 12 14 16 13 184 217 231 276 245 184 378 592 836 1031 
1046 46 0 8 14 9 15 0 8 14 12 19 188 253 234 221 232 188 421 624 818 1024 
1043 43 0 10 10 9 14 0 10 11 13 14 194 218 251 248 219 194 387 611 824 1018 
1037 37 0 4 12 11 10 0 4 13 15 13 160 237 232 239 261 160 377 580 791 1017 
1039 39 0 7 9 12 11 0 7 11 15 18 159 237 260 239 257 159 371 593 797 1015 
1043 43 0 9 8 16 10 0 9 11 18 13 195 257 237 244 227 195 420 620 832 1018 
1047 47 0 9 12 15 11 0 9 15 16 14 178 229 249 254 236 178 381 599 817 1018 
1044 44 0 16 8 10 10 0 16 8 11 12 161 254 248 235 236 161 391 601 811 1019 
1044 44 0 12 13 11 8 0 13 19 12 13 194 225 254 251 248 194 386 597 818 1023 
1045 45 0 9 9 18 9 0 9 11 22 13 202 241 241 232 240 202 419 621 823 1027 
1043 43 0 8 13 12 10 0 8 16 15 11 194 252 242 230 222 194 421 633 830 1025 
1039 39 0 7 11 9 12 0 7 12 10 13 196 232 245 237 222 196 394 610 823 1012 
1023 23 0 4 1 9 9 0 5 1 10 10 189 226 222 221 259 189 396 587 780 1007 
1042 42 0 7 8 16 11 0 7 11 16 13 193 239 233 222 242 193 404 604 806 1023 
1048 48 0 7 9 15 17 1 7 10 16 19 194 237 229 258 247 194 407 597 816 1024 
1040 40 0 8 9 13 10 0 8 10 13 13 156 241 226 250 257 156 370 570 805 1022 
1043 43 0 7 8 15 13 0 8 8 16 15 156 215 258 248 250 156 363 589 797 1018 
1041 41 0 8 11 11 11 1 8 11 13 13 173 246 235 239 242 173 400 600 805 1010 
1042 42 0 9 13 10 10 0 10 15 13 11 192 238 248 238 241 192 407 625 826 1028 
1048 48 0 5 15 9 19 1 5 16 11 22 163 234 247 261 228 163 379 595 821 1024 
1054 54 0 14 13 17 10 0 14 13 21 17 186 233 247 236 238 186 394 617 823 1036 
1045 45 0 10 15 10 10 0 10 15 14 11 171 223 256 258 237 171 365 594 816 1019 
1038 38 0 7 7 12 12 0 7 7 15 13 170 231 241 234 248 170 383 589 791 1013 
1039 39 0 3 11 9 16 0 3 13 9 16 171 214 258 231 267 171 354 582 782 1018 
1038 38 0 4 11 11 12 0 5 13 12 12 163 203 262 238 254 163 343 575 786 1018 
1045 45 0 13 12 8 12 0 13 14 9 12 214 225 239 218 236 214 409 625 811 1015 
1046 46 0 12 8 6 20 0 12 10 7 20 197 210 226 246 253 197 378 593 807 1025 
1032 32 0 3 10 11 8 0 3 12 14 11 178 222 248 238 237 178 371 581 792 1005 
1038 38 0 4 9 11 14 1 5 9 13 15 180 222 251 239 234 180 375 596 800 1005 
1046 46 0 7 13 12 14 1 7 14 15 15 178 236 240 246 246 178 392 601 813 1023 
1043 43 0 9 14 8 12 0 9 17 11 13 184 234 214 249 250 184 397 583 793 1016 
1038 38 0 8 13 10 7 1 8 13 12 7 188 246 234 234 222 188 399 604 814 1012 
1041 41 0 7 9 14 11 0 8 10 17 13 181 236 232 253 233 181 391 600 817 1024 
1028 28 0 2 11 7 8 1 2 11 8 9 196 231 215 224 252 196 399 590 792 1009 
1038 38 0 7 11 10 10 0 8 12 10 10 186 233 238 225 246 186 390 599 800 1016 
1046 46 0 5 11 14 16 0 5 15 16 16 151 222 293 260 235 151 356 609 823 1025 
1037 37 0 4 13 12 8 0 4 15 14 10 162 221 262 250 239 162 363 599 817 1021 
1052 52 0 8 20 9 15 0 9 20 11 15 174 248 258 225 242 174 401 625 812 1030 
1046 46 0 4 13 11 18 0 5 13 12 21 176 235 254 244 243 176 381 598 810 1018 
1039 39 0 8 12 11 8 0 8 12 13 9 178 235 246 234 230 178 395 602 816 1019 
1049 49 0 5 17 16 11 0 5 19 19 13 164 222 260 259 237 164 366 591 818 1023 
1047 47 0 12 12 17 6 1 12 13 20 8 203 246 224 244 231 203 413 615 832 1024 
1043 43 0 6 9 15 13 0 6 11 17 15 162 220 260 265 245 162 361 588 819 1022 
1032 32 0 6 6 6 14 0 7 7 7 16 192 220 228 236 250 192 383 582 788 1011 
1043 43 0 10 10 12 11 0 10 13 15 12 186 230 248 260 216 186 394 607 832 1022 
1049 49 0 7 21 12 9 0 7 22 17 12 175 221 264 235 247 175 373 610 807 1023 
1033 33 0 2 10 11 10 0 3 11 12 13 179 250 228 223 266 179 405 601 787 1011 
1044 44 0 8 7 12 17 0 8 10 13 17 176 215 221 243 276 176 366 561 777 1020 
1050 50 0 7 10 13 20 0 8 10 14 22 161 242 255 261 241 161 378 594 829 1028 
1057 57 0 12 15 11 19 0 13 19 11 19 178 218 248 241 258 178 366 593 806 1028 
1047 47 0 6 11 15 15 0 6 12 16 16 188 201 243 235 257 188 370 586 791 1020 
1047 47 0 5 14 15 13 0 5 14 18 16 168 253 224 244 249 168 390 591 811 1022 
1038 38 0 9 11 10 8 0 10 12 13 8 179 243 259 249 227 179 392 614 823 1028 
1035 35 0 5 9 10 11 1 5 11 12 14 193 234 231 262 236 193 397 581 804 1009 
1054 54 0 11 14 17 12 0 12 16 19 15 185 232 249 234 255 185 395 615 809 1038 
1051 51 0 9 17 10 15 1 9 18 15 17 190 235 253 236 259 190 397 613 807 1030 
1048 48 0 7 12 15 14 0 7 12 18 17 194 212 253 247 230 194 383 603 817 1024 
1029 29 0 6 8 9 6 0 6 11 9 8 174 246 220 243 250 174 396 583 791 1007 
1047 47 0 13 7 15 12 0 13 9 16 15 190 221 233 237 250 190 388 587 798 1022 
1036 36 0 7 8 14 7 0 7 10 14 8 173 224 236 252 262 173 367 577 799 1009 
1039 39 0 4 11 11 13 0 5 12 14 15 154 221 260 270 232 154 344 572 812 1012 
1041 41 0 6 11 15 9 0 6 12 16 10 187 240 251 225 241 187 393 605 811 1016 
1049 49 0 13 10 8 18 0 13 12 9 19 176 239 224 236 263 176 400 597 805 1033 
1042 42 0 4 12 16 10 0 4 12 16 15 174 208 253 259 254 174 356 575 801 1013 
1051 51 0 6 16 12 17 0 6 18 16 19 181 211 241 251 254 181 368 577 799 1029 
1053 53 0 6 12 18 17 0 6 14 22 18 175 221 235 272 248 175 370 574 810 1026 
1041 41 0 4 10 20 7 0 4 10 21 10 151 261 265 235 238 151 383 612 811 1015 
1046 46 0 10 13 14 9 0 10 16 17 11 183 229 226 240 260 183 389 587 798 1027 
1053 53 0 8 11 15 19 0 8 14 17 20 175 223 242 243 257 175 370 587 806 1029 
1050 50 0 12 12 8 18 1 12 15 10 20 179 225 231 229 257 179 386 595 798 1025 
1052 52 0 11 11 17 13 0 11 13 18 17 176 229 264 259 249 176 370 605 826 1033 
1047 47 0 11 17 12 7 0 12 17 14 9 178 244 256 246 218 178 400 626 842 1029 
1045 45 0 3 14 16 12 1 3 15 16 14 156 220 268 251 255 156 360 594 813 1024 
1038 38 0 10 5 12 11 0 10 7 13 12 186 230 223 254 253 186 383 582 804 1016 
1049 49 0 10 12 13 14 1 10 13 17 18 190 242 246 237 234 190 400 618 817 1019 
1033 33 0 2 14 7 10 0 2 15 9 12 191 234 249 237 245 191 390 606 808 1016 
1052 52 0 13 17 13 9 0 13 18 15 13 197 250 252 226 226 197 410 634 837 1035 
1050 50 0 5 14 14 17 1 6 15 14 20 168 259 253 246 223 168 399 621 837 1030 
1047 47 0 9 18 8 12 0 10 21 11 15 180 251 258 257 211 180 414 633 853 1028 
1041 41 0 9 11 10 11 0 9 12 13 11 209 219 240 230 240 209 400 622 817 1025 
1053 53 0 11 17 11 14 0 12 18 14 18 183 234 245 237 258 183 390 609 809 1023 
1052 52 0 8 9 14 21 0 9 10 16 21 162 216 225 247 268 162 360 561 780 1022 
1052 52 0 9 18 16 9 0 9 18 20 13 179 250 237 253 229 179 407 610 839 1031 
1052 52 0 13 13 10 16 0 13 17 10 17 210 234 221 231 249 210 412 610 809 1032 
1036 36 0 4 8 12 12 0 4 8 14 13 175 219 251 262 217 175 372 596 824 1016 
1045 45 0 7 14 12 12 0 7 17 13 15 169 233 245 231 270 169 377 584 785 1015 
1036 36 0 6 7 14 9 0 6 8 14 12 189 242 220 227 253 189 406 596 795 1016 
1045 45 0 10 10 14 11 0 10 14 15 12 174 251 235 271 241 174 396 594 824 1027 
1048 48 0 6 16 13 13 0 7 16 15 15 172 234 232 257 260 172 373 568 796 1020 
1053 53 0 9 13 13 18 0 9 14 16 20 203 230 221 249 255 203 399 594 813 1032 
1041 41 0 9 7 9 16 0 9 7 11 17 171 214 241 251 264 171 364 571 790 1019 
1047 47 0 6 18 9 14 1 6 20 12 19 201 253 219 226 248 201 424 611 808 1027 
1035 35 0 6 10 5 14 0 6 12 7 15 177 228 232 235 255 177 378 572 787 1012 
1044 44 0 11 8 13 12 0 11 11 14 16 210 239 212 243 241 210 419 603 815 1025 
1045 45 0 7 16 11 11 0 7 16 14 14 159 230 260 251 255 159 376 606 818 1033 
1040 40 0 7 11 10 12 0 7 13 15 12 183 251 214 254 245 183 397 583 808 1022 
1048 48 0 11 12 10 15 0 11 15 14 16 189 225 233 247 246 189 393 601 813 1030 
1044 44 0 7 9 15 13 0 7 10 16 14 175 231 238 253 230 175 390 600 825 1021 
1040 40 0 8 9 16 7 0 8 10 19 11 182 247 246 245 213 182 408 625 840 1017 
1041 41 0 10 9 11 11 0 11 10 11 14 180 233 260 247 242 180 375 601 809 1022 
