1163 163 0 16 29 50 68 0 16 34 53 71 108 172 212 281 284 108 274 463 719 982 
1158 158 0 15 39 51 53 0 15 42 55 58 112 153 253 261 247 112 258 493 737 956 
1163 163 0 19 37 47 60 0 19 39 51 65 93 179 219 242 286 93 261 464 693 957 
1142 142 0 17 32 43 50 1 17 33 45 55 96 172 234 241 252 96 255 473 702 935 
1141 141 0 17 33 41 50 0 17 33 44 62 101 195 225 254 253 101 289 499 729 947 
1149 149 0 11 33 35 70 0 12 36 38 72 115 162 210 265 283 115 268 463 709 975 
1161 161 0 17 37 56 51 0 18 39 59 56 108 185 228 247 290 108 279 485 714 979 
1145 145 0 9 22 54 60 0 9 22 59 67 94 161 204 266 291 94 244 437 681 946 
1159 159 0 22 32 52 53 0 23 32 56 57 101 177 234 251 275 101 270 494 720 970 
1155 155 0 12 36 47 60 0 12 39 52 64 87 159 231 277 284 87 239 453 705 964 
1159 159 0 17 35 50 57 0 17 38 51 64 102 154 235 252 293 102 250 468 700 965 
1173 173 0 15 38 49 71 1 15 39 54 81 122 182 217 264 285 122 291 486 728 985 
1153 153 0 12 44 43 54 0 12 45 49 60 100 185 240 251 266 100 271 494 727 972 
1143 143 0 15 28 47 53 0 15 31 47 56 90 183 228 254 247 90 261 468 701 928 
1147 147 0 15 28 46 58 0 15 28 53 62 96 179 218 243 283 96 269 474 695 960 
1161 161 0 11 39 47 64 0 11 41 50 69 91 165 216 241 294 91 244 446 668 945 
1179 179 0 21 46 55 57 0 22 48 60 62 99 195 238 266 257 99 285 508 756 984 
1141 141 0 18 31 48 44 1 18 33 53 47 99 185 201 247 273 99 279 463 693 936 
1181 181 0 24 48 49 60 0 24 48 55 70 111 195 228 270 275 111 296 509 760 1004 
1163 163 0 16 32 60 55 0 16 34 61 62 87 181 237 277 264 87 260 476 730 967 
1164 164 0 28 41 45 50 0 29 44 48 53 119 200 219 231 261 119 306 506 726 969 
1149 149 0 13 33 42 61 0 13 35 46 64 111 173 195 245 293 111 267 450 680 950 
1137 137 0 13 39 38 47 0 13 43 43 47 88 192 229 250 268 88 273 484 717 959 
1167 167 0 18 39 52 58 0 18 41 57 68 93 190 232 248 303 93 275 488 718 996 
1160 160 0 13 37 52 58 0 13 37 54 61 104 171 198 253 291 104 264 448 681 950 
1135 135 0 10 18 42 65 0 10 21 43 66 108 154 203 241 284 108 254 436 661 926 
1145 145 0 22 29 48 46 1 22 30 50 51 108 172 237 252 264 108 270 498 731 974 
1152 152 0 17 26 47 62 0 17 27 50 66 89 174 225 255 296 89 255 461 691 963 
1136 136 0 10 32 43 51 0 10 34 48 57 90 165 220 244 254 90 243 454 681 916 
1139 139 0 14 28 41 56 1 14 30 46 60 101 177 238 237 266 101 268 488 700 942 
1153 153 0 10 38 48 57 0 11 39 49 63 86 176 239 240 272 86 256 478 699 950 
1159 159 0 12 31 51 65 0 12 33 56 73 103 149 233 257 289 103 244 468 704 971 
1133 133 0 10 34 43 46 1 10 34 46 52 97 181 224 232 282 97 268 479 697 952 
1155 155 0 19 32 42 62 0 19 33 46 67 93 176 225 264 265 93 264 473 712 952 
1132 132 0 11 36 38 47 0 11 37 40 53 83 167 235 253 255 83 245 464 690 923 
1189 189 0 20 35 63 71 0 20 39 68 77 101 186 234 266 299 101 278 490 730 1005 
1144 144 0 18 29 46 51 0 18 31 47 55 101 185 236 243 259 101 277 498 717 956 
1179 179 0 19 33 62 65 0 19 33 64 73 105 178 224 253 291 105 268 477 712 981 
1147 147 0 18 29 53 47 0 18 30 54 57 98 151 218 270 281 98 240 448 705 954 
1155 155 0 22 32 52 49 0 22 36 56 55 118 175 242 239 281 118 284 501 720 973 
1149 149 0 12 28 50 59 0 12 29 51 66 76 144 244 278 284 76 210 444 702 958 
1148 148 0 16 32 43 57 0 17 32 46 60 99 178 215 259 265 99 267 467 709 952 
1145 145 0 12 34 49 50 0 13 35 52 55 95 158 226 242 294 95 240 455 680 953 
1155 155 0 19 31 49 56 0 19 34 51 57 116 175 211 249 272 116 282 480 711 975 
1136 136 0 10 30 48 48 0 10 32 48 54 106 165 214 239 279 106 260 459 682 937 
1155 155 0 15 33 50 57 0 15 35 51 63 102 178 237 240 278 102 273 494 715 971 
1163 163 0 15 43 42 63 0 15 44 48 73 106 186 235 234 264 106 284 502 713 953 
1144 144 0 9 30 59 46 0 10 30 62 53 85 172 220 263 295 85 249 461 707 973 
1144 144 0 8 25 44 67 0 8 26 46 69 85 158 219 263 281 85 232 438 677 935 
1150 150 0 16 38 37 59 0 16 39 40 63 98 185 219 255 268 98 276 479 707 950 
1148 148 0 15 38 44 51 0 15 38 49 58 96 170 234 259 276 96 259 480 715 962 
1167 167 0 15 43 56 53 1 16 43 60 59 105 173 227 267 292 105 266 473 726 985 
1163 163 0 17 38 37 71 0 17 38 43 73 101 168 246 249 282 101 263 493 719 979 
1138 138 0 19 37 34 48 0 19 37 39 53 103 170 203 236 275 103 264 460 679 931 
1130 130 0 10 26 39 55 0 10 27 41 59 96 166 201 247 294 96 255 444 670 938 
1182 182 0 18 39 59 66 1 18 40 61 69 109 176 219 280 274 109 272 473 737 993 
1143 143 0 14 30 48 51 0 15 31 51 53 104 163 201 259 290 104 256 449 686 954 
1180 180 0 24 47 37 72 0 24 49 42 74 112 174 234 249 285 112 278 495 724 989 
1152 152 0 14 29 52 57 0 14 32 55 64 97 163 245 255 261 97 247 477 703 944 
1145 145 0 12 28 54 51 0 13 29 55 57 87 185 223 255 254 87 266 472 710 949 
1132 132 0 9 23 47 53 0 9 23 51 56 93 172 205 271 272 93 254 444 689 934 
1153 153 0 15 28 44 66 1 15 29 49 70 100 179 219 247 283 100 270 475 695 954 
1165 165 0 14 37 55 59 0 14 38 57 64 115 170 226 260 278 115 272 482 722 977 
1160 160 0 12 32 58 58 1 12 33 66 61 95 165 248 251 268 95 250 481 708 951 
1170 170 0 19 38 49 64 1 19 39 55 71 98 198 236 266 264 98 290 506 753 989 
1176 176 0 15 38 61 62 0 15 38 67 71 103 187 242 262 256 103 283 508 747 979 
1135 135 0 13 32 42 48 0 14 36 44 52 111 171 237 235 262 111 273 496 707 946 
1141 141 0 16 33 43 49 0 16 34 46 54 102 178 204 257 264 102 271 459 700 941 
1155 155 0 18 33 47 57 0 19 34 55 62 105 182 216 271 259 105 275 471 722 960 
1147 147 0 9 28 50 60 0 9 30 54 63 110 173 204 251 265 110 275 461 691 932 
1166 166 0 18 31 56 61 0 18 32 61 65 102 194 229 239 272 102 288 499 716 967 
1165 165 0 23 37 49 56 0 24 40 50 60 98 178 235 241 267 98 273 493 714 957 
1134 134 0 10 27 47 50 0 10 29 49 52 97 186 225 237 259 97 271 483 695 938 
1151 151 0 17 35 44 55 0 17 38 45 60 103 170 233 235 278 103 266 486 704 958 
1165 165 0 23 44 44 54 0 23 46 49 59 109 183 235 230 281 109 277 498 706 969 
1163 163 0 19 45 44 55 0 20 48 49 59 99 174 229 251 258 99 267 472 703 935 
1159 159 0 12 28 60 59 0 12 29 61 66 90 175 230 265 261 90 256 474 718 953 
1154 154 0 16 36 50 52 0 16 37 53 56 105 162 229 260 280 105 256 463 700 960 
1130 130 0 15 26 37 52 0 15 27 39 61 94 161 217 241 297 94 247 449 671 943 
1167 167 0 11 41 47 68 0 11 41 49 72 98 196 225 246 282 98 285 492 716 986 
1148 148 0 14 37 41 56 0 14 38 43 60 110 192 215 244 266 110 287 493 716 957 
1139 139 0 17 18 52 52 0 17 21 53 58 97 156 232 245 266 97 250 467 694 940 
1171 171 0 15 37 53 66 0 15 38 56 73 114 170 215 286 278 114 278 480 745 994 
1180 180 0 20 37 55 68 0 20 38 62 75 109 200 228 265 280 109 299 513 742 999 
1154 154 0 12 43 46 53 0 12 44 50 56 98 175 239 251 256 98 266 492 718 952 
1151 151 0 22 33 47 49 0 22 35 52 51 106 173 226 255 244 106 269 480 714 939 
1143 143 0 12 29 52 50 0 12 29 56 52 100 182 214 241 263 100 271 471 696 937 
1179 179 0 22 36 58 63 1 22 38 62 66 102 189 213 279 282 102 282 474 731 989 
1166 166 0 21 33 49 63 0 22 35 51 69 109 162 242 267 279 109 259 480 728 982 
1166 166 0 13 37 49 67 0 13 39 53 73 109 159 245 261 283 109 259 486 721 984 
1139 139 0 11 35 32 61 1 11 37 35 66 76 174 223 256 272 76 246 455 694 938 
1175 175 0 21 38 49 67 0 21 40 52 71 101 157 229 269 272 101 252 471 717 971 
1157 157 0 15 39 52 51 0 15 39 53 55 101 163 237 287 266 101 260 480 743 990 
1147 147 0 17 26 50 54 0 17 28 51 60 92 172 233 252 257 92 259 480 714 949 
1150 150 0 15 38 45 52 1 15 39 51 57 107 180 238 246 268 107 277 500 727 971 
1166 166 0 20 34 49 63 0 20 35 56 72 111 183 225 250 267 111 282 494 723 961 
1163 163 0 24 27 49 63 0 25 28 55 67 94 177 227 263 282 94 267 480 719 980 
1146 146 0 19 34 38 55 0 19 35 41 57 108 186 235 242 257 108 282 506 723 957 
1164 164 0 14 43 48 59 0 15 45 55 62 106 172 226 264 271 106 265 479 720 963 
1151 151 0 7 34 47 63 0 7 35 53 70 86 168 227 264 270 86 245 459 699 948 
1164 164 0 24 40 50 50 0 24 41 54 57 118 178 221 258 257 118 284 492 731 965 
1169 169 0 12 23 65 69 0 13 23 67 76 104 145 232 268 294 104 241 461 708 982 
1144 144 0 20 39 42 43 0 20 40 47 46 105 182 235 230 258 105 278 495 704 943 
1171 171 0 20 43 47 61 0 20 45 52 65 102 189 233 251 266 102 282 497 726 976 
1178 178 0 17 30 64 67 0 18 32 66 74 85 173 256 274 262 85 254 489 748 987 
1146 146 0 24 35 44 43 0 24 39 46 50 114 173 215 247 278 114 281 478 703 955 
1170 170 0 23 29 61 57 1 23 30 62 62 97 176 217 268 278 97 269 476 726 985 
1145 145 0 20 33 39 53 0 20 35 42 59 112 169 223 250 272 112 270 475 704 946 
1159 159 0 17 31 53 58 0 18 32 54 64 104 186 221 247 296 104 281 492 712 983 
1168 168 0 21 39 54 54 0 21 42 56 63 107 174 213 262 277 107 272 472 711 956 
1118 118 0 14 30 29 45 0 15 31 31 50 99 182 218 231 262 99 266 470 686 925 
1133 133 0 19 28 37 49 0 19 31 40 52 102 181 223 251 260 102 274 479 702 942 
1173 173 0 27 32 41 73 0 27 35 42 80 91 173 221 275 281 91 258 463 710 972 
1159 159 0 16 35 46 62 0 16 37 47 66 102 181 213 233 272 102 278 480 694 953 
1171 171 0 16 32 57 66 0 16 35 61 70 93 158 215 278 299 93 247 446 706 991 
1135 135 0 14 22 40 59 0 14 23 47 64 93 161 204 276 278 93 242 428 687 942 
1162 162 0 8 38 46 70 0 9 38 50 74 92 166 245 255 286 92 248 478 709 972 
1153 153 0 28 36 36 53 0 28 38 41 61 109 170 220 227 289 109 272 480 682 944 
1151 151 0 19 36 40 56 0 19 41 46 59 108 189 224 237 265 108 287 494 703 951 
1142 142 0 8 28 46 60 0 8 28 47 66 74 169 217 255 266 74 234 443 681 928 
1165 165 0 17 31 64 53 0 17 34 65 61 117 166 222 282 267 117 275 477 741 979 
1170 170 0 24 35 50 61 0 25 38 55 67 101 174 229 270 294 101 268 479 725 1002 
1159 159 0 16 31 51 61 1 16 33 57 65 83 191 219 258 282 83 268 469 704 966 
1160 160 0 12 38 49 61 0 13 38 52 67 76 175 219 284 270 76 242 448 714 956 
1161 161 0 17 29 53 62 0 17 30 59 65 94 188 214 268 271 94 270 471 721 967 
1150 150 0 12 38 57 43 0 13 39 59 49 101 175 232 249 272 101 267 474 707 955 
1150 150 0 10 39 47 54 0 11 41 50 62 92 163 215 267 297 92 243 449 694 960 
1144 144 0 13 35 48 48 0 14 38 55 50 97 168 235 236 288 97 261 471 677 944 
1169 169 0 18 39 53 59 0 18 42 54 67 107 174 222 271 249 107 277 486 744 975 
1151 151 0 23 35 39 54 0 23 37 44 58 101 183 205 249 270 101 279 462 695 945 
1167 167 0 10 41 50 66 0 10 41 55 68 84 185 225 261 285 84 263 481 721 993 
1157 157 0 11 35 50 61 0 11 37 51 68 99 148 225 266 293 99 235 444 693 957 
1159 159 0 20 34 50 55 0 20 36 55 63 110 159 211 268 278 110 260 459 710 962 
1130 130 0 15 29 35 51 0 15 31 41 53 108 182 218 244 277 108 279 483 700 957 
1148 148 0 17 27 45 59 0 17 29 50 65 109 150 214 247 286 109 250 454 681 944 
1163 163 0 12 42 51 58 0 13 43 54 63 102 172 246 248 253 102 267 493 721 957 
1170 170 0 13 45 47 65 1 13 47 51 74 108 178 241 254 273 108 277 501 735 981 
1161 161 0 10 30 58 63 0 10 31 63 66 91 163 224 258 280 91 248 460 702 964 
1145 145 0 15 29 49 52 1 15 29 51 59 106 152 212 257 269 106 248 449 683 930 
1160 160 0 14 35 56 55 0 14 36 58 64 102 163 208 292 284 102 253 450 720 972 
1175 175 0 8 47 49 71 1 8 48 52 74 101 170 257 255 275 101 266 510 742 996 
1157 157 0 15 33 41 68 0 16 33 45 74 94 180 225 257 277 94 269 471 704 950 
1181 181 0 20 47 47 67 0 20 50 54 76 114 184 250 245 283 114 285 512 737 991 
1160 160 0 14 34 48 64 0 14 35 51 71 91 183 227 262 291 91 263 471 709 972 
1171 171 0 14 40 56 61 0 14 43 57 66 110 197 202 269 267 110 295 481 735 984 
1153 153 0 12 29 48 64 0 13 31 51 71 92 194 236 260 266 92 277 489 726 969 
1152 152 0 12 37 52 51 0 13 39 56 58 104 176 207 256 264 104 272 468 702 942 
1141 141 0 15 26 51 49 0 15 28 53 51 88 160 234 259 257 88 241 459 692 931 
1160 160 0 22 35 46 57 1 22 40 54 61 100 193 225 236 311 100 280 480 697 984 
1140 140 0 16 21 41 62 0 16 23 46 68 108 167 228 251 278 108 265 476 703 958 
1150 150 0 24 23 45 58 0 25 23 47 62 114 159 216 248 282 114 263 464 693 953 
1168 168 0 13 39 35 81 0 13 41 43 81 84 173 227 267 294 84 243 458 703 976 
1173 173 0 12 44 48 69 0 12 46 54 73 108 183 240 260 273 108 274 499 738 989 
1150 150 0 17 35 42 56 0 17 36 49 59 106 179 216 251 242 106 281 488 719 946 
1136 136 0 16 30 44 46 0 16 31 47 49 114 181 201 244 273 114 288 475 701 953 
1173 173 0 21 39 52 61 0 21 42 57 66 94 192 232 274 276 94 279 492 747 998 
1154 154 0 14 37 46 57 0 14 38 51 65 90 187 226 263 256 90 268 474 717 946 
1137 137 0 10 33 36 58 0 10 34 41 62 81 166 231 251 276 81 244 460 683 935 
1140 140 0 13 28 46 53 0 13 29 48 58 103 170 223 236 259 103 262 465 685 923 
1140 140 0 15 22 47 56 0 15 23 50 62 101 179 231 262 268 101 269 485 732 969 
1162 162 0 22 41 39 60 0 22 43 48 65 91 197 247 251 253 91 278 509 732 962 
1159 159 0 15 32 49 63 0 16 32 50 70 98 157 231 266 287 98 251 472 716 980 
1151 151 0 14 33 52 52 0 14 34 57 57 104 172 226 264 267 104 262 468 716 961 
1133 133 0 9 23 53 48 0 9 23 56 53 91 167 213 276 266 91 250 452 710 953 
1160 160 0 18 39 52 51 0 19 41 56 59 97 192 243 246 265 97 278 500 730 968 
1142 142 0 15 22 48 57 0 15 26 50 65 98 171 203 250 289 98 258 443 678 931 
1151 151 0 15 31 50 55 0 15 34 53 64 107 162 239 258 272 107 256 480 719 966 
1172 172 0 21 39 53 59 0 21 42 58 64 98 192 214 265 279 98 280 478 716 972 
1161 161 0 15 38 48 60 0 16 38 52 63 111 216 217 249 266 111 315 517 748 998 
1143 143 0 10 33 45 55 0 10 33 49 57 103 156 212 222 284 103 251 453 660 927 
1147 147 0 12 26 44 65 0 12 27 45 67 97 172 213 264 269 97 263 463 709 966 
1145 145 0 18 27 56 44 0 18 30 59 49 95 172 212 273 277 95 260 458 711 964 
1157 157 0 18 29 58 52 0 19 29 62 60 103 151 241 262 292 103 243 469 714 979 
1133 133 0 16 27 35 55 0 17 27 36 59 100 177 200 236 272 100 271 454 671 918 
1146 146 0 22 32 44 48 1 22 35 45 52 105 188 208 250 263 105 286 477 711 942 
1154 154 0 14 32 48 60 0 15 32 52 63 84 178 196 256 290 84 256 441 681 952 
1174 174 0 24 40 47 63 0 24 43 50 68 98 192 214 264 277 98 278 477 728 974 
1137 137 0 15 27 48 47 1 15 28 52 49 102 164 207 252 285 102 256 447 681 943 
1140 140 0 12 41 39 48 0 12 44 43 49 105 181 195 241 266 105 279 459 681 933 
1141 141 0 13 20 39 69 0 13 22 41 71 96 163 224 252 275 96 255 465 701 951 
1165 165 0 20 46 42 57 0 20 48 45 58 101 171 206 277 298 101 264 458 713 988 
1169 169 0 24 37 55 53 0 24 40 58 58 100 194 250 279 265 100 284 510 763 1002 
1157 157 0 19 30 50 58 0 19 32 56 66 99 174 235 268 292 99 262 481 718 981 
1150 150 0 19 36 38 57 0 19 37 44 64 106 184 223 241 282 106 287 493 708 969 
1201 201 0 18 43 58 82 0 18 44 60 83 98 175 244 282 290 98 268 496 757 1026 
1172 172 0 19 35 47 71 0 19 38 49 72 94 174 236 247 273 94 260 482 714 966 
1155 155 0 19 39 42 55 0 19 40 48 60 113 165 229 255 275 113 267 489 723 965 
1172 172 0 17 39 42 74 0 18 42 45 77 100 172 222 250 294 100 263 465 691 971 
1148 148 0 16 37 42 53 0 16 37 46 55 106 176 202 260 287 106 276 468 699 957 
1164 164 0 13 34 53 64 0 13 35 56 68 106 156 233 272 280 106 252 476 720 980 
1166 166 0 21 41 47 57 1 21 43 50 64 86 179 218 265 270 86 260 465 706 948 
1147 147 0 14 35 50 48 0 14 38 54 55 90 172 241 253 282 90 253 466 696 948 
1134 134 0 12 24 44 54 0 12 26 51 60 88 148 232 275 282 88 225 441 685 951 
1163 163 0 17 45 44 57 1 17 48 45 61 115 196 214 242 269 115 299 496 720 969 
1144 144 0 16 33 56 39 1 16 34 57 43 100 172 241 244 249 100 267 498 728 950 
1155 155 0 16 33 42 64 1 16 33 46 69 95 165 224 247 293 95 255 465 690 956 
1157 157 0 21 40 44 52 0 21 42 47 55 119 192 238 223 279 119 298 515 720 979 
1147 147 0 14 42 45 46 1 14 42 54 53 86 176 226 237 279 86 252 460 671 923 
1152 152 0 12 38 51 51 0 12 40 56 56 81 162 247 245 283 81 236 467 691 952 
1164 164 0 7 34 57 66 0 8 34 60 72 94 181 216 281 279 94 263 460 719 979 
