0.9031133 0.8915326 0.8939573 0.08319644 0.1139503 0.1325503 0.1404402 0.1529731 0.1780009 0.2603234 0.3299441 0.4753739 1 91.99712 175.0809 273.639 366.1921 440.1438 499.9561 552.499 620.3656 674.069 718.6311 1105.782 
0.8999125 0.8978986 0.9064325 0.09159744 0.1285412 0.1101765 0.1214907 0.1586318 0.2235243 0.2255754 0.3534124 0.4934821 1 100.2558 190.4773 299.2176 364.7338 421.8981 487.1178 565.7467 608.9402 669.102 711.4769 1094.526 
0.9070248 0.8972263 0.900869 0.07746736 0.1052121 0.1133523 0.1211851 0.1355271 0.1892582 0.2738045 0.301607 0.4715797 1 86.95535 165.826 259.3577 340.273 408.1949 468.0913 542.6933 630.785 682.9675 740.4921 1122.477 
0.9022707 0.8980243 0.8949514 0.09086977 0.09630867 0.103549 0.1239878 0.1797965 0.1709369 0.2317631 0.3141791 0.4866754 1 100.2437 190.6906 268.6438 336.2384 404.1151 492.5893 544.2368 603.2182 661.0821 720.5759 1103.157 
0.9003041 0.9024166 0.8976333 0.09905209 0.083455 0.09878722 0.1239593 0.1462032 0.225075 0.2514667 0.3460564 0.4517517 1 108.6223 206.4155 268.2899 330.9985 399.1609 463.8905 555.0285 618.6419 679.4931 716.349 1096.618 
0.9045618 0.8989846 0.9025055 0.08007448 0.08460036 0.1207564 0.1069601 0.1578293 0.192684 0.2917546 0.3349232 0.474915 1 87.89712 167.4055 236.8577 325.8755 381.7056 459.8307 533.7248 626.7616 684.0014 729.1139 1097.692 
0.8944071 0.8968743 0.9035925 0.1011177 0.09761704 0.1385558 0.1489551 0.1572627 0.1866383 0.2445793 0.3350838 0.4823711 1 111.5221 211.2682 285.7346 379.5148 454.2323 509.41 558.7773 609.7263 659.1391 698.4618 1102.894 
0.8965832 0.8945872 0.8988876 0.08552918 0.1077964 0.1183724 0.120277 0.1588962 0.1847006 0.2082127 0.3676797 0.5337359 1 95.03579 180.2433 271.1366 350.4107 410.3058 479.5985 539.2335 583.8626 663.8542 724.0482 1111.15 
0.8994554 0.9003293 0.8972915 0.09312098 0.103309 0.1154469 0.1427855 0.1395674 0.2022274 0.2258901 0.3549864 0.4716361 1 104.4293 198.3587 283.4808 360.2591 439.2164 491.5637 562.4595 613.1266 681.914 725.1288 1121.437 
0.892122 0.8959892 0.897742 0.08330759 0.1043447 0.1105644 0.1274396 0.145761 0.194604 0.2800741 0.3201165 0.5309743 1 92.65393 175.3125 262.7834 335.3971 402.7205 462.5746 530.4837 609.8137 656.3951 712.3026 1112.191 
0.9023774 0.8975875 0.9039845 0.09478021 0.09168599 0.100055 0.1208435 0.1395512 0.1978771 0.2313133 0.3139554 0.5071594 1 104.7497 199.2735 271.5458 335.9577 401.9851 463.0746 540.2811 602.3195 663.2736 731.2379 1105.185 
0.8936964 0.9029534 0.9049812 0.09026919 0.1026153 0.1229103 0.1322463 0.1658654 0.1745511 0.2440187 0.4021385 0.5067105 1 100.8001 190.8849 274.8361 357.6674 425.3864 495.2489 543.6233 602.4086 683.6039 720.343 1116.662 
0.8981946 0.9011496 0.9036791 0.08629239 0.09813669 0.09423206 0.1120701 0.143711 0.1977719 0.245211 0.336294 0.5095315 1 95.45497 181.1921 261.935 321.1646 380.9978 447.5663 526.1538 596.0774 663.2234 724.2501 1106.181 
0.8828409 0.9009963 0.9036046 0.07672319 0.0758354 0.1085726 0.1308351 0.1300177 0.2300618 0.2521141 0.3830959 0.4273445 1 86.58861 163.0326 222.952 301.3839 378.3859 431.0622 529.8933 593.8105 667.4302 687.772 1128.585 
0.8927635 0.9034985 0.9035514 0.09283065 0.08911263 0.1175743 0.1313531 0.1748546 0.1884309 0.2414713 0.29272 0.4607556 1 102.9564 194.8721 263.6328 343.1143 412.5466 491.139 547.6952 602.557 642.3929 689.7906 1109.078 
0.887067 0.9055672 0.9140451 0.09507857 0.09845586 0.1247865 0.1396807 0.1463716 0.1900506 0.2585382 0.3709494 0.4863543 1 106.0319 200.0892 276.8513 359.1179 429.7865 481.5221 538.2805 599.946 662.4656 695.0947 1115.203 
0.9022252 0.8951485 0.8941986 0.07921049 0.1203549 0.09883143 0.1461469 0.148204 0.1874655 0.2503186 0.3343608 0.5298226 1 88.27239 167.914 274.9961 337.3167 423.2148 484.7691 548.2772 614.9983 675.3619 736.4219 1114.403 
0.9104899 0.8935654 0.8989559 0.08523412 0.1140958 0.1330269 0.1396002 0.1586792 0.2051481 0.2109691 0.2983761 0.5260329 1 94.02756 179.6387 278.698 372.678 447.5202 513.2818 582.4374 624.3863 673.4879 743.0723 1103.168 
0.9040331 0.9095898 0.9004015 0.1089154 0.09890405 0.1060366 0.1190647 0.1899614 0.1845199 0.2165048 0.3050452 0.5010414 1 120.9614 230.3146 306.0912 371.2758 430.564 522.6506 577.4623 622.483 673.6196 735.5345 1110.6 
0.8839048 0.8990686 0.900763 0.09313304 0.0957441 0.0824611 0.1160847 0.1334297 0.1952117 0.2271449 0.3286728 0.5142638 1 103.4623 194.9131 268.7416 312.6631 373.3959 428.6291 503.8524 562.3981 627.9931 692.5701 1110.908 
0.9113629 0.8939957 0.8915238 0.103539 0.08434961 0.1221251 0.1581492 0.1508591 0.2047741 0.215801 0.2830757 0.5241169 1 116.3589 222.4041 287.6695 374.8293 469.6781 530.8953 602.3822 648.3344 693.0615 767.2815 1123.817 
0.8889585 0.9087378 0.9067788 0.09616119 0.1054383 0.1122651 0.143485 0.1724019 0.1804051 0.2251934 0.3578972 0.4437288 1 106.7642 201.6731 285.0862 354.2093 429.2223 499.2367 545.71 589.374 652.3145 682.0873 1110.263 
0.9114523 0.8981485 0.8882434 0.09679158 0.0994254 0.1040407 0.1441416 0.1334516 0.1832773 0.2463349 0.3057897 0.5033781 1 108.026 206.4865 288.4275 357.3379 442.9364 496.6147 563.1985 634.6903 692.0321 760.5079 1116.068 
0.9033168 0.9023091 0.8977939 0.07575444 0.09909818 0.09900582 0.1189152 0.1651191 0.1759514 0.2515251 0.3558642 0.5398337 1 82.03019 156.1294 240.2131 306.2556 373.2486 455.3481 516.4683 590.3938 664.4749 728.3942 1082.843 
0.8991155 0.8882874 0.8970616 0.09051321 0.09726563 0.1191333 0.1519276 0.1688039 0.1882955 0.2460789 0.3441223 0.4529042 1 101.3409 192.4581 272.0861 354.149 441.4409 512.8254 568.5663 625.2181 682.3455 717.2671 1119.625 
0.8879031 0.9039874 0.9067421 0.09692729 0.1037131 0.1238297 0.1461262 0.1441677 0.1884365 0.2612517 0.3597255 0.4952482 1 107.3238 202.617 283.6108 362.7989 436.876 484.5688 538.3825 599.6984 656.2342 691.7659 1107.261 
0.8974537 0.9057977 0.8953132 0.09339517 0.09430692 0.1175807 0.1513627 0.1715272 0.1897988 0.2361116 0.3027202 0.5034414 1 102.6948 194.8586 268.8891 347.4751 432.4344 504.0618 558.6865 608.5493 651.0901 706.0194 1099.573 
0.8986257 0.9010848 0.9041811 0.08290265 0.09097094 0.1110715 0.1197708 0.1591658 0.1743004 0.280006 0.2685717 0.4801119 1 93.24246 177.0325 252.9207 331.4267 397.6574 474.1204 533.5819 622.1172 657.5474 719.6775 1124.722 
0.8882952 0.9133786 0.9095397 0.1107549 0.09639258 0.128811 0.1182848 0.1712039 0.1919595 0.2480486 0.3695448 0.4869974 1 124.8358 235.7268 306.0092 388.4888 438.4221 508.5537 562.4274 615.169 675.9176 707.979 1127.135 
0.9052254 0.904322 0.8944459 0.09125721 0.08735792 0.09852603 0.1501938 0.1819141 0.1679392 0.2463881 0.3315924 0.5222294 1 101.7562 193.8685 264.0138 330.1063 424.031 512.7204 561.4604 627.0661 688.1439 749.7818 1115.049 
0.8917716 0.891128 0.9077635 0.08822265 0.1173935 0.1070225 0.1209045 0.1585562 0.1726709 0.2356413 0.3472973 0.4749693 1 97.65041 184.7323 283.2141 347.8913 406.408 473.292 523.663 581.6925 647.9565 693.1766 1106.863 
0.8942559 0.90715 0.8928942 0.08561007 0.09338474 0.127241 0.1270993 0.1752036 0.1907069 0.2329157 0.3254434 0.5249452 1 95.9246 181.7058 258.1695 349.0613 415.188 495.2673 554.2051 605.6208 659.5007 718.0684 1120.483 
0.8983114 0.9063838 0.898814 0.08214508 0.1072404 0.1189212 0.1469073 0.1820012 0.1638207 0.2338186 0.3405745 0.5024246 1 93.79877 178.0593 272.348 355.9247 440.8418 524.0131 564.9716 619.9981 682.4765 735.1876 1141.867 
0.9005135 0.8959895 0.9073181 0.1029161 0.1039777 0.1172988 0.1199545 0.1473626 0.1945083 0.2411867 0.3020531 0.5503605 1 113.8654 216.4027 298.074 372.7365 429.8195 488.8627 554.8003 614.04 661.6997 734.1654 1106.391 
0.8936818 0.9065321 0.8991219 0.08492694 0.1191939 0.1018072 0.136389 0.1669029 0.1767525 0.2397507 0.3008785 0.5303117 1 95.98995 181.7744 285.7277 348.0956 422.687 495.6895 547.0443 605.0792 651.6089 718.9371 1130.265 
0.9014824 0.9033901 0.8898051 0.08266519 0.1026491 0.1088262 0.1533211 0.1493923 0.1841373 0.2502151 0.3886545 0.453163 1 93.00345 176.8444 265.362 340.0052 433.0496 494.7807 555.4868 622.1026 702.1315 733.6922 1125.062 
0.9059444 0.894891 0.8938652 0.0722473 0.1061508 0.104064 0.1321649 0.1226496 0.1995983 0.2647813 0.3180829 0.5205502 1 80.47497 153.3808 248.6515 321.3894 400.5387 450.9536 534.3097 617.597 677.4558 745.3633 1113.882 
0.8969342 0.9072806 0.9009745 0.08650212 0.1064101 0.1294388 0.1083444 0.142424 0.1863604 0.2335477 0.3274537 0.5057976 1 95.91226 181.9392 270.9674 360.1941 408.4391 466.4058 530.6188 590.4208 652.6037 713.1566 1108.785 
0.9009955 0.9026377 0.9080405 0.0976618 0.0998306 0.1241548 0.1473494 0.157464 0.2038584 0.2058679 0.3287041 0.5085659 1 109.7026 208.5442 289.0845 373.7428 454.4908 516.7857 582.6527 619.0593 677.0753 733.9548 1123.291 
0.8986625 0.8972581 0.9013041 0.08479764 0.1024154 0.1266208 0.1200915 0.2029717 0.1923716 0.2104964 0.3504989 0.5140885 1 95.8674 182.0198 269.5411 359.8204 420.7652 522.9882 579.4195 617.4078 681.9707 733.9707 1130.543 
0.8981662 0.8876801 0.9017473 0.08043382 0.08739224 0.1151616 0.1251199 0.1510633 0.1934329 0.2400297 0.3125671 0.4551242 1 90.14345 171.1073 243.7468 327.2355 398.0364 467.488 539.4405 604.1691 661.0658 712.2823 1120.716 
0.8979706 0.9060599 0.9069397 0.07783156 0.09971638 0.1015391 0.1242489 0.1378436 0.1829184 0.2365065 0.3585883 0.5393074 1 87.20936 165.5208 251.6676 320.4463 391.5971 452.5363 521.7947 590.5034 671.4205 739.0938 1120.488 
0.9029169 0.9006658 0.891197 0.09903269 0.1045008 0.1311289 0.09801213 0.1390829 0.1809663 0.2813578 0.3024997 0.5336499 1 109.943 209.2124 293.4258 382.3915 421.5456 478.2528 541.1875 627.9122 674.5544 741.469 1110.169 
0.8921704 0.9011002 0.8989258 0.0914965 0.08306732 0.1021804 0.1247208 0.1807856 0.1886106 0.1874825 0.3147163 0.3998515 1 102.122 193.2322 256.6269 323.9599 393.1409 482.8412 543.6725 576.1032 638.1742 677.4894 1116.13 
0.8974343 0.8945166 0.90118 0.07891334 0.1046767 0.1092025 0.1271838 0.1483909 0.1793898 0.2647867 0.3086383 0.4131777 1 88.33644 167.6126 258.3508 332.6625 403.1305 468.2903 529.91 608.3738 659.7939 697.4644 1119.411 
0.9008824 0.8955578 0.906078 0.09001235 0.09730221 0.108206 0.1143813 0.1468372 0.1828862 0.2599574 0.2956937 0.5242092 1 100.5187 191.0742 271.0141 343.4118 402.9448 469.3883 535.9075 614.0853 663.7402 735.9494 1116.721 
0.9002698 0.9079702 0.898601 0.09235061 0.09112865 0.1185212 0.1464166 0.1510087 0.1759718 0.2528064 0.3003655 0.4464257 1 102.4507 194.684 267.0271 348.8619 432.183 493.0626 546.762 614.0164 660.8945 707.4056 1109.367 
0.903503 0.8996641 0.8971363 0.07449961 0.1000317 0.1239514 0.1466908 0.1648042 0.2018373 0.2404769 0.3054409 0.4368693 1 83.38391 158.7215 247.0251 338.7415 425.8558 499.613 568.8798 625.7017 673.0975 715.2108 1119.253 
0.897637 0.8995626 0.8954816 0.08989384 0.09203904 0.1095213 0.1369118 0.1586437 0.2105736 0.1869292 0.3191205 0.5003143 1 101.1826 192.0079 266.6378 341.211 419.6802 490.1266 566.6036 597.3573 659.4038 723.4117 1125.579 
0.8991201 0.9008553 0.9010848 0.08295235 0.08984195 0.1342266 0.1391495 0.1566266 0.2105591 0.2286442 0.3402144 0.4686111 1 94.37529 179.23 254.8841 356.6323 435.0548 502.0165 577.0525 626.5778 687.0253 730.0959 1137.705 
0.8940967 0.9063178 0.9053197 0.09650226 0.1305605 0.1056481 0.1528392 0.1872913 0.1887142 0.221759 0.276896 0.5311983 1 108.1521 204.8506 315.3577 374.9694 455.5981 532.2757 578.2064 614.5002 644.1941 707.4394 1120.721 
0.9092078 0.8988836 0.9005189 0.07272443 0.1006282 0.1052473 0.1342438 0.1580257 0.209456 0.2059853 0.2925752 0.4435723 1 80.11999 152.9657 241.8767 316.6147 398.2271 474.5407 556.9721 603.9851 659.2001 717.3834 1101.693 
0.8920476 0.9046926 0.8992554 0.08263108 0.1030352 0.1213864 0.1304519 0.1807846 0.176962 0.2873186 0.3422955 0.5072125 1 91.76216 173.6184 259.8422 342.7116 410.4491 492.3498 540.4062 617.3105 665.4978 705.5648 1110.504 
0.9028812 0.9041978 0.8965618 0.1149142 0.09062207 0.1293924 0.1544145 0.1265729 0.1982336 0.2277584 0.2625287 0.502507 1 128.3202 244.1782 310.0294 396.2145 478.561 515.8313 580.295 629.4685 662.2721 730.5539 1116.662 
0.8880443 0.8928919 0.8998018 0.07064876 0.08942246 0.1043977 0.1329919 0.1545641 0.2079111 0.2089715 0.2905391 0.4558407 1 78.41501 148.051 223.7162 296.7278 375.3821 446.0857 524.3438 567.7043 616.3952 672.331 1109.928 
0.8982391 0.8963576 0.9004316 0.1028878 0.1062379 0.1148968 0.1499103 0.1576309 0.188958 0.2572175 0.3269375 0.4783083 1 114.9342 218.1726 302.4372 374.572 455.2998 515.1997 570.043 630.4641 678.1186 719.2116 1117.082 
0.9046952 0.8914886 0.9020724 0.07262406 0.1032534 0.1334023 0.1458663 0.1353709 0.177714 0.2348294 0.2982118 0.5201998 1 80.78253 153.8661 245.7135 345.6988 429.6845 481.4232 540.7513 603.5322 657.0942 730.4556 1112.338 
0.8960853 0.9049122 0.9111233 0.1031047 0.09631965 0.1098663 0.1396824 0.1719086 0.1929442 0.281127 0.3397056 0.5154473 1 114.9511 217.9572 291.6226 360.5974 435.4799 509.1877 566.8401 637.9509 684.5969 726.609 1114.897 
0.9109907 0.9052359 0.900278 0.09613587 0.09939515 0.1199938 0.1186149 0.1727014 0.180023 0.2549034 0.4104891 0.4728337 1 106.0734 202.7053 283.7891 366.304 427.4522 509.7161 568.0995 637.9952 725.7478 759.2987 1103.37 
0.8982458 0.914647 0.8994861 0.07173181 0.09993138 0.1062399 0.1374921 0.1455679 0.1928895 0.2281032 0.3307822 0.4475146 1 79.83093 151.5387 239.3559 313.7866 396.1209 460.1557 531.4679 590.1434 656.3069 703.7962 1112.908 
0.9044751 0.8960645 0.8969075 0.08084372 0.08294313 0.1126084 0.1471981 0.1638468 0.2078837 0.2611089 0.3182102 0.4528218 1 90.41648 172.1959 241.012 324.1486 416.3258 493.4492 570.3225 639.2231 689.2627 731.2122 1118.411 
0.8996447 0.9027565 0.8974616 0.08778338 0.09327968 0.1180266 0.1350006 0.149471 0.1801063 0.2940824 0.349521 0.4907973 1 97.50028 185.2159 261.1386 343.3608 418.2873 481.0693 540.1543 629.6785 687.0765 728.2716 1110.692 
0.8977534 0.8964838 0.9028768 0.09576655 0.1139046 0.121643 0.1304276 0.1772646 0.2144827 0.2422239 0.3469469 0.4506613 1 105.9923 201.1472 294.5747 372.3274 435.8508 511.3525 578.5913 625.4629 676.5963 705.04 1106.778 
0.8952303 0.904752 0.907778 0.09894926 0.1161391 0.09692382 0.1399202 0.1940371 0.15004 0.2043252 0.3685472 0.5445701 1 108.3396 205.3284 298.3945 351.6476 424.9881 511.8804 540.1526 578.3605 653.8204 712.2645 1094.9 
0.8999844 0.9025263 0.8963958 0.08088251 0.1107004 0.09582498 0.1463015 0.138997 0.1937509 0.2713099 0.3056325 0.4841134 1 89.76822 170.5582 266.4242 326.7069 414.0331 469.954 539.7647 617.6612 664.1436 716.7875 1109.859 
0.8966327 0.8932497 0.9071946 0.1157899 0.09429566 0.1193456 0.1240598 0.1460196 0.1725446 0.2455291 0.3083734 0.5055421 1 127.6524 242.1098 309.0027 382.4295 439.3565 493.3884 542.741 604.8009 654.2519 713.5771 1102.449 
0.9047667 0.8964145 0.8875836 0.08790631 0.09925829 0.1173725 0.1225517 0.1437923 0.1839179 0.2723702 0.3436033 0.4943957 1 99.30629 189.1553 273.4149 356.3105 422.7686 485.8618 552.7791 636.9304 701.8406 753.5952 1129.683 
0.9029099 0.9008891 0.8993407 0.08369297 0.0909608 0.1421818 0.1298486 0.1754388 0.1804102 0.1966619 0.3354733 0.5794754 1 91.04084 173.2425 247.088 351.9275 418.685 496.69 549.0771 585.6549 651.9726 730.065 1087.795 
0.9006554 0.8864854 0.8956254 0.08871004 0.118367 0.08173337 0.1463794 0.1556577 0.1987874 0.2251193 0.3360816 0.4812293 1 99.29045 188.7169 290.7009 335.3198 422.8802 490.5888 560.1611 611.8596 675.2567 726.2277 1119.27 
0.8886446 0.9015045 0.899822 0.1060915 0.08741552 0.1098332 0.1438451 0.1689598 0.2181896 0.2165823 0.3298138 0.3656114 1 119.8266 226.3098 289.367 358.3426 436.4183 506.4648 577.3937 611.9096 661.6524 675.5517 1129.465 
0.8900728 0.8866547 0.8938079 0.1058929 0.100792 0.1127284 0.124196 0.1323593 0.2025246 0.2642668 0.395345 0.5150596 1 117.3176 221.7388 297.2053 364.9449 422.9819 468.0991 538.2684 605.6618 678.387 713.5505 1107.889 
0.8902211 0.9099975 0.8986408 0.07777242 0.1018193 0.1123726 0.1264929 0.1538928 0.175656 0.1940761 0.3747019 0.4746681 1 87.93129 166.2096 254.1294 331.4712 400.2344 468.0439 524.5833 565.2882 656.1748 705.2902 1130.623 
0.9023014 0.9061979 0.8983671 0.08922513 0.114436 0.1098374 0.1495908 0.162217 0.2196806 0.264085 0.3138155 0.4971509 1 100.4406 191.0684 289.7278 361.1466 446.7634 514.6081 590.8267 651.7621 691.8523 737.0599 1125.699 
0.9010614 0.8907332 0.8998082 0.1021257 0.1025431 0.1167205 0.1290843 0.1533302 0.1559805 0.2570604 0.3277706 0.4799475 1 115.661 219.8787 302.3976 378.9981 445.553 509.1129 551.4547 625.8551 686.0984 738.4671 1132.535 
0.8849062 0.9090179 0.9020759 0.09477124 0.09408299 0.09562128 0.1384281 0.1576837 0.1780314 0.2688127 0.2704338 0.577385 1 105.6292 199.1012 271.1101 327.3065 404.0626 469.8584 522.5798 594.983 624.0068 704.0622 1114.571 
0.8945135 0.8966307 0.9087137 0.1086822 0.08695022 0.1310183 0.1130682 0.1599217 0.1699983 0.2251398 0.3329012 0.5195629 1 120.4769 228.245 290.0792 377.6761 426.475 492.6814 540.0075 592.194 654.7833 715.9162 1108.524 
0.8848608 0.9094336 0.9095481 0.09946195 0.1060585 0.1095055 0.1517874 0.1531697 0.1459924 0.2269753 0.3325033 0.466246 1 108.8828 205.2288 286.1551 349.7124 428.5656 481.179 508.0719 558.8392 618.231 662.8634 1094.718 
0.8997377 0.9082372 0.9055223 0.1047593 0.09498013 0.1185096 0.1332781 0.1440086 0.1862876 0.2271993 0.3846893 0.4803696 1 114.5327 217.5821 288.7297 364.7566 432.2519 486.3719 545.5231 597.9252 678.112 717.7967 1093.294 
0.9065995 0.9030678 0.9039209 0.09272005 0.1095227 0.1055124 0.1126927 0.1538321 0.1954441 0.2863258 0.3291474 0.4710328 1 104.1133 198.5024 291.54 360.0294 417.849 489.584 562.9326 650.7063 705.0759 749.7657 1122.878 
0.8990435 0.8970166 0.8906755 0.08283188 0.1116884 0.112713 0.1406418 0.1460443 0.1689751 0.2587493 0.3823876 0.5580598 1 91.43234 173.634 269.1776 343.368 420.9292 478.581 529.2145 601.7036 678.8923 734.6809 1103.83 
0.8909884 0.9034514 0.9085624 0.09707814 0.08729558 0.1255278 0.1572041 0.1310212 0.1767496 0.2444587 0.3108672 0.5003955 1 108.496 205.1647 270.8911 356.9754 444.6752 485.1375 536.5097 596.734 645.7384 701.8647 1117.615 
0.8970475 0.894443 0.8988881 0.09893215 0.09939805 0.1228085 0.1230592 0.1323092 0.21132 0.2539154 0.3190586 0.4995471 1 109.5893 207.8961 285.7051 366.686 425.9701 473.6059 551.6388 615.0009 664.3296 716.0304 1107.722 
0.89422 0.9033534 0.9045943 0.08635526 0.1138248 0.09476042 0.148741 0.156073 0.1997693 0.2505815 0.295933 0.5063025 1 95.22147 180.3704 275.9636 331.3721 416.5286 479.8415 545.0689 603.8341 643.0006 699.1026 1102.671 
0.8950605 0.9018989 0.9005984 0.1007623 0.09012986 0.1135053 0.1294468 0.1405979 0.1880644 0.2671813 0.3386102 0.5240629 1 113.1181 214.3656 282.8568 357.4306 425.3256 480.3562 544.5156 619.5295 677.253 731.8186 1122.623 
0.900039 0.9043399 0.894949 0.07865908 0.09553663 0.1305851 0.119723 0.1387297 0.1592391 0.2594641 0.3216082 0.5288546 1 86.27016 163.9167 244.0702 339.0211 400.2644 457.2909 507.5106 588.1985 650.0314 719.6224 1096.76 
0.8933645 0.8916799 0.9054626 0.08531846 0.08967351 0.09316443 0.1295218 0.1504006 0.1942751 0.2654438 0.3368692 0.4476924 1 96.46838 182.6498 255.9148 316.3372 393.1854 463.033 536.324 614.1749 674.5696 713.5797 1130.686 
0.9099208 0.9125118 0.8943831 0.07352227 0.09877674 0.1085194 0.1282974 0.1205395 0.1794616 0.2593873 0.2279762 0.5374977 1 81.11533 154.9239 241.9341 320.1084 396.6346 447.1963 519.8979 607.0631 639.6016 740.7484 1103.276 
0.9024318 0.8931504 0.903771 0.0918965 0.107938 0.1216809 0.1158053 0.1556511 0.1930883 0.2006584 0.3313284 0.5150918 1 103.0293 196.0061 286.7755 369.3086 425.6547 493.9097 560.7125 602.4316 670.925 737.7672 1121.144 
0.8876988 0.8950632 0.8871655 0.09416603 0.09208288 0.1040576 0.1037849 0.1756016 0.1936462 0.2325906 0.3071244 0.5277964 1 106.1596 200.3974 271.9283 337.8696 386.1398 473.5075 539.1819 593.7396 643.7044 710.3034 1127.367 
0.8954319 0.8924476 0.8975647 0.0777843 0.1032559 0.1303299 0.1201269 0.122229 0.1680799 0.2032376 0.3601898 0.5470646 1 87.41859 165.696 255.3881 349.8142 410.3322 454.353 511.7685 563.8029 653.8898 730.3473 1123.859 
0.8929042 0.9032279 0.8909227 0.08593177 0.09237013 0.1178207 0.1319242 0.1395362 0.197742 0.2315229 0.3318476 0.5191913 1 96.34181 182.3658 257.4962 339.5093 411.3998 466.7322 537.9448 594.1755 655.9365 716.7706 1121.143 
0.9019801 0.9038095 0.8973619 0.09095771 0.1102778 0.1158553 0.1203431 0.1620222 0.1678456 0.2547881 0.3205394 0.5374346 1 99.60057 189.4383 280.6423 355.7407 415.1045 486.0181 535.2599 605.1745 660.5901 726.5476 1095.021 
0.8976291 0.894345 0.9043344 0.110036 0.07819479 0.1151231 0.1396273 0.1529116 0.1681763 0.2673306 0.3318152 0.4908277 1 123.0219 233.4499 287.3547 363.5277 439.6346 501.4038 549.5515 624.8273 680.4802 729.0474 1118.015 
0.8980638 0.8996965 0.8987064 0.08570996 0.1005613 0.1005805 0.1303162 0.1449302 0.1879415 0.2338911 0.3630239 0.4976651 1 95.60878 181.4716 265.5338 330.731 404.5359 467.2921 534.9689 596.9691 674.6835 726.9088 1115.492 
0.8996308 0.9029423 0.8947507 0.09143604 0.1070009 0.1159171 0.09845844 0.1625697 0.2179463 0.2591907 0.2922502 0.508829 1 103.0189 195.6978 285.5881 362.8866 406.0344 483.7281 568.1556 634.8073 674.3995 734.0104 1126.677 
0.8885103 0.9046906 0.8954296 0.09423309 0.08098982 0.1085053 0.125247 0.145719 0.2096231 0.2361094 0.314809 0.4504349 1 105.0317 198.3535 258.0035 329.9098 396.7235 457.9253 536.4395 591.979 643.4615 686.8997 1114.595 
0.9078862 0.9011106 0.9035045 0.09022838 0.1244344 0.1147027 0.1348324 0.1539068 0.1859627 0.2041581 0.2772088 0.5430471 1 99.89996 190.5978 298.3826 372.0593 443.0629 506.2164 565.8731 608.7348 655.3049 740.2779 1107.19 
0.9004871 0.9008886 0.898094 0.09883116 0.1108491 0.1087663 0.1166032 0.1640258 0.2247217 0.2257621 0.3360235 0.4587222 1 111.0263 211.004 302.2265 370.0567 426.7752 500.5503 583.8762 629.4691 686.3255 726.3422 1123.394 
0.8930432 0.9061646 0.9045951 0.07850354 0.1004155 0.1320326 0.1458541 0.1408242 0.2040332 0.259425 0.2864561 0.4883923 1 88.3029 167.1612 253.3652 349.3787 430.0541 481.4064 551.0992 614.7992 649.333 701.8915 1124.827 
0.9014458 0.8972437 0.8975682 0.1017875 0.1094912 0.1160218 0.12767 0.172691 0.1823725 0.230493 0.3362569 0.468621 1 113.7072 216.2081 304.7631 378.3968 441.9462 517.3785 570.3473 621.5644 680.9047 725.3542 1117.104 
