0.01391646 0.01740869 0.009547692 0.009741549 0.01121182 0.0128681 0.01390335 0.01622736 0.01851402 0.02365903 0.0292291 0.03808726 7.940982e-17 10.23581 11.26911 11.66906 11.34339 11.7138 11.54578 12.30721 11.72076 11.61472 12.21424 1 
0.01385344 0.01689424 0.009976316 0.009688536 0.01119145 0.01271165 0.01382418 0.015689 0.01880886 0.02367783 0.0299917 0.0395493 1.601866e-17 10.14095 11.18331 11.45681 11.19889 11.30078 11.64655 12.08768 11.84043 11.51804 11.5316 2 
0.01397436 0.01819268 0.009313314 0.01056148 0.0114282 0.01294709 0.01487777 0.01645553 0.01848768 0.02215532 0.02897919 0.03854447 4.95004e-16 11.1593 11.41755 11.73629 11.99456 11.69223 11.4728 11.5996 12.28341 12.1084 11.96851 3 
0.01391934 0.01718417 0.009054984 0.008931562 0.01072648 0.01198551 0.01361166 0.01515788 0.01852679 0.02256595 0.02786586 0.03620301 9.173786e-16 9.398287 10.93709 11.16578 11.39281 11.31667 11.96091 12.05596 11.83243 11.74636 12.60222 4 
0.01366847 0.01530183 0.009408227 0.009025478 0.01027967 0.01202786 0.01344476 0.01577016 0.01875268 0.0215876 0.02857003 0.03783569 5.032182e-16 9.329312 10.37546 11.05614 11.09953 11.46598 11.68294 11.26571 12.25047 11.49314 11.8388 5 
0.01378043 0.01683346 0.009242082 0.008958866 0.01104979 0.0122746 0.01448784 0.01586577 0.01942017 0.02264974 0.02740713 0.03646221 4.766785e-16 9.412793 11.22201 11.33931 11.87568 11.49194 12.13239 11.70923 11.51506 12.27096 12.25308 6 
0.0139536 0.01815895 0.008869878 0.01008781 0.01056886 0.0115791 0.01400547 0.01474504 0.01856036 0.02263796 0.02771548 0.03670392 6.759878e-16 10.76894 10.86301 11.01917 11.91615 11.21775 12.23649 12.27856 11.93078 12.6039 12.34664 7 
0.01389338 0.01647338 0.009658015 0.00822377 0.01054597 0.01260457 0.01365835 0.01513231 0.01802071 0.02181263 0.02737492 0.03603187 3.63052e-16 8.610313 10.79122 11.66971 11.29511 11.23021 11.66533 11.83947 11.9498 12.10704 12.34278 8 
0.01378527 0.01581044 0.009643483 0.009890476 0.01175816 0.01315028 0.01365055 0.01556833 0.01919036 0.02199192 0.02767624 0.0362327 3.429997e-17 10.31341 11.59764 11.58863 10.9341 11.15316 11.72259 11.10972 11.37671 11.4183 12.02984 9 
0.0139412 0.01805983 0.009451209 0.009636584 0.01072457 0.01209703 0.01430109 0.01572865 0.01866986 0.02263162 0.02928859 0.03885743 3.626808e-16 10.15682 10.89325 11.23735 11.83866 11.49091 11.83455 11.95332 12.41515 12.41918 11.55083 10 
0.01365319 0.01664981 0.008625758 0.009473132 0.01155336 0.01202782 0.01393468 0.016764 0.01979054 0.02338067 0.02880732 0.03817264 4.468846e-16 9.891336 11.56586 11.04453 11.5088 12.0903 12.10595 11.8679 11.76955 12.35921 11.94661 11 
0.01355502 0.01634441 0.009266631 0.009617355 0.01115534 0.01227542 0.01430774 0.01647943 0.01916841 0.02444831 0.02922185 0.03832517 8.938612e-18 10.1498 11.33555 11.38731 11.84553 11.96323 11.9754 12.64733 11.58437 12.05134 12.29621 12 
0.01365482 0.0157508 0.009094398 0.009888609 0.0104662 0.01229536 0.01365697 0.01557066 0.0188733 0.02152911 0.02699525 0.03570944 4.739424e-16 10.31794 10.62366 11.34899 11.35104 11.48764 11.95533 11.42584 11.7456 12.16989 12.32649 13 
0.01382691 0.01793779 0.008306561 0.01012172 0.01116741 0.01328342 0.01338272 0.01675229 0.01930943 0.02321415 0.02893102 0.03824756 6.20764e-16 10.66484 11.20112 11.97026 10.95593 12.06407 11.76685 11.78108 11.70626 11.99615 11.89803 14 
0.01375383 0.01745914 0.008575904 0.009345056 0.01129868 0.01184918 0.0138954 0.01588278 0.01905212 0.02257417 0.02883971 0.0381152 1.970097e-15 9.798374 11.33215 10.8743 11.44089 11.5113 11.8471 11.62743 11.9835 12.20528 11.5032 15 
0.01407104 0.01757406 0.009880343 0.009420561 0.01086354 0.01196221 0.01340881 0.01626333 0.01914086 0.02250814 0.02829648 0.03749485 3.141431e-17 9.894351 11.0409 11.16741 11.34423 12.09026 12.13135 11.92727 12.15936 12.49689 12.28581 16 
0.01364103 0.01430527 0.009002434 0.009444463 0.01055636 0.01166752 0.01332579 0.01453154 0.0169184 0.02151864 0.02741361 0.03602209 2.325663e-16 9.722846 10.50344 10.6295 10.91484 10.66598 10.86844 11.60902 11.73386 11.7031 11.50237 17 
0.0139539 0.01886538 0.008706594 0.009290962 0.01139683 0.01239825 0.01409366 0.01658996 0.01976344 0.02325056 0.02898045 0.03817402 3.291303e-16 9.96393 11.70498 11.56718 11.81584 12.21718 12.40155 12.07451 12.14044 12.18217 12.59908 18 
0.01405634 0.01734762 0.00958493 0.009045812 0.01054712 0.01192487 0.01357797 0.0153762 0.01901738 0.02145666 0.02684124 0.03545504 1.965829e-16 9.421985 10.54799 10.83979 11.04008 11.03225 11.68973 10.82114 11.11983 11.80949 11.44503 19 
0.01356532 0.01452414 0.008612662 0.009789518 0.01040556 0.012673 0.01417273 0.01552186 0.0183453 0.02156798 0.02751157 0.03577764 5.474578e-16 10.11584 10.44665 11.44855 11.38113 11.09924 11.37421 11.22675 11.6069 11.33968 12.13306 20 
0.0141396 0.01754068 0.0104421 0.009290604 0.01158672 0.01147941 0.01352017 0.01610123 0.01908437 0.02232988 0.0285639 0.03740634 2.81864e-16 9.720208 11.55203 10.53478 11.20312 11.69296 11.79957 11.46995 11.90563 11.49997 12.09615 21 
0.01372955 0.01687417 0.009459412 0.01003748 0.01065843 0.01263289 0.01364746 0.01663183 0.01898813 0.02315684 0.02914833 0.03848925 9.634884e-18 10.56039 10.81479 11.6176 11.31812 12.07759 11.75578 11.98284 11.9692 12.29743 11.67425 22 
0.01388615 0.01688831 0.01023063 0.009544644 0.01130163 0.01205757 0.01422723 0.01624411 0.01840559 0.02362708 0.02912043 0.0382945 4.485694e-17 10.01202 11.38049 11.12397 11.73632 11.7756 11.59847 12.44692 11.83326 12.09413 12.08339 23 
0.01368745 0.01536608 0.009509785 0.01013393 0.01034929 0.01177512 0.01401163 0.0161891 0.0190559 0.02353641 0.02963035 0.03890863 2.550133e-17 10.46436 10.36433 10.81021 11.46077 11.55485 11.62483 11.86494 11.69232 11.45575 11.5752 24 
0.01375068 0.0177506 0.009093547 0.01000324 0.01140011 0.01214753 0.01416296 0.01595136 0.01981471 0.02482575 0.02997784 0.03944958 4.091485e-16 10.58397 11.47421 11.19265 11.70677 11.6308 12.3405 12.52799 11.51335 12.29378 11.63127 25 
0.01354272 0.01576079 0.008520677 0.009624246 0.01097033 0.01261685 0.01308759 0.01638746 0.01952344 0.02334831 0.02963524 0.03879843 6.650559e-16 9.973606 10.89837 11.3077 10.66847 11.69494 11.73808 11.5191 11.6407 11.89282 10.88529 26 
0.01331922 0.01523487 0.008579212 0.009441571 0.01174904 0.01294976 0.01425938 0.01689292 0.01990738 0.02404533 0.03007042 0.03954043 5.655701e-17 9.873595 11.73895 11.60729 11.44538 11.88382 11.90827 11.86077 11.71893 12.08013 11.30089 27 
0.01374862 0.01518458 0.009551904 0.009772447 0.01011783 0.01192483 0.01329039 0.01542967 0.01751248 0.02246084 0.02883153 0.03812316 2.61099e-16 10.11702 10.18889 10.93253 10.97567 11.24883 11.08592 11.91808 11.98365 11.6914 11.31091 28 
0.01364656 0.01711684 0.008778151 0.009274612 0.01144466 0.01203389 0.01372947 0.01586292 0.01948496 0.02380284 0.02974543 0.03917475 8.536455e-16 9.762484 11.52524 11.04971 11.35464 11.58487 12.14906 12.10778 11.85795 12.20519 11.4618 29 
0.01395675 0.01802931 0.009396239 0.009276677 0.01083344 0.011727 0.01357527 0.01489093 0.01833388 0.02218624 0.02880702 0.03839953 7.515801e-16 9.813349 11.03965 10.97522 11.43852 11.21055 11.96302 11.99619 12.54647 12.14183 11.95714 30 
0.01364709 0.01537539 0.009987706 0.009559308 0.0114053 0.01272172 0.01317123 0.01637786 0.01910291 0.02300557 0.02970502 0.03936493 3.806371e-17 9.928857 11.37134 11.45717 10.87182 11.8523 11.77204 11.79433 12.18664 11.72766 11.75459 31 
0.01400627 0.01775361 0.009083894 0.009463831 0.01086412 0.0113597 0.01290009 0.01554262 0.01866675 0.02161366 0.02718 0.03599516 5.960369e-16 9.961346 10.99908 10.65055 11.00302 11.6914 11.9938 11.56566 11.90126 12.36759 12.20266 32 
0.01379824 0.01644754 0.009478981 0.009075541 0.0108803 0.01161968 0.01303504 0.01548621 0.01870906 0.02213398 0.02864823 0.03742525 1.67663e-16 9.514138 11.01898 10.82024 11.00771 11.55675 11.9445 11.7103 12.28249 11.43759 12.31901 33 
0.0137148 0.01483932 0.00966557 0.009841425 0.01082631 0.01226792 0.01373587 0.01488496 0.01836588 0.02276998 0.02755266 0.036221 1.996926e-17 10.16598 10.78092 11.10805 11.17819 10.8916 11.57728 11.84135 11.27135 11.76426 11.89466 34 
0.01360476 0.01568937 0.009070706 0.009229701 0.01081881 0.01207165 0.01386084 0.01670605 0.01766023 0.02215992 0.02827809 0.03729094 4.13249e-16 9.658361 10.93535 11.11506 11.40749 11.96026 10.99559 11.71964 11.91461 12.02527 11.63078 35 
0.01366596 0.01609986 0.009554083 0.009759642 0.01207614 0.01203483 0.01440674 0.01674688 0.0198684 0.02336446 0.02967125 0.03880118 1.966024e-17 10.17187 11.89328 10.82276 11.57539 11.72169 11.8116 11.46693 11.68422 11.27007 11.80551 36 
0.01348656 0.01534458 0.008955931 0.01024825 0.01141364 0.01135625 0.0138056 0.01522005 0.01804924 0.02224348 0.02869506 0.03794768 4.627784e-16 10.61548 11.25537 10.46906 11.36757 11.13236 11.43162 11.74939 12.10968 12.02444 11.50721 37 
0.01382949 0.0167483 0.009495894 0.009431042 0.01124812 0.0125568 0.01400985 0.0163916 0.01880058 0.02312594 0.0282587 0.03726487 5.526522e-16 9.900116 11.2916 11.38347 11.37276 11.68984 11.51361 11.80943 11.38305 11.84983 11.81939 38 
0.01371283 0.01576203 0.009237449 0.009698624 0.01077626 0.011365 0.01334877 0.01551889 0.01956579 0.02282832 0.02929466 0.03863903 2.567966e-16 10.09246 10.80413 10.55469 11.15498 11.42414 12.231 11.56444 12.01248 11.55055 11.75839 39 
0.01357034 0.01589166 0.0085678 0.009558892 0.01084027 0.01197231 0.01398744 0.01619384 0.01945381 0.02232501 0.02881334 0.03805826 3.195911e-16 9.973087 10.87946 10.97255 11.44147 11.58731 11.8536 11.27034 11.8559 11.87173 11.44118 40 
0.01359138 0.01549249 0.009131057 0.009705923 0.01158273 0.0120758 0.01415052 0.01578651 0.02011037 0.02385224 0.02874985 0.03782985 4.173389e-16 10.02204 11.38095 10.82976 11.34367 11.18373 12.10843 11.54553 11.07491 11.4981 11.64581 41 
0.01372892 0.01390765 0.01022236 0.009511729 0.0102916 0.01065296 0.01358628 0.0154587 0.01736214 0.02249874 0.02817561 0.03686759 2.021411e-17 9.708943 10.19718 9.873372 11.16898 11.11926 10.85749 11.81482 11.45216 11.62117 11.19131 42 
0.01354664 0.01499213 0.009385159 0.00926256 0.01067001 0.01257133 0.0133971 0.01601366 0.0198316 0.02290445 0.0291451 0.03829477 1.246672e-17 9.556735 10.69596 11.38936 10.96393 11.54924 12.11717 11.44392 11.80562 11.56477 11.79614 43 
0.01356523 0.01613956 0.009132431 0.009694967 0.01193736 0.0133199 0.01493588 0.01629301 0.01913999 0.0221788 0.02886789 0.03805522 2.327715e-17 10.05551 11.7863 11.74811 11.69907 11.38386 11.60818 11.3112 11.96101 12.39968 11.35781 44 
0.01387261 0.01644917 0.00925764 0.009433846 0.0104327 0.01179815 0.01302197 0.01509408 0.01784602 0.02067163 0.02687141 0.03544486 8.474717e-16 9.891457 10.59944 10.97361 10.98099 11.309 11.56021 11.30544 12.08204 12.04187 12.19675 45 
0.01391902 0.01800548 0.0094104 0.009903673 0.01131835 0.01280316 0.01411315 0.01533967 0.01782406 0.02333585 0.02806263 0.03729912 1.180613e-17 10.55721 11.60709 11.95626 11.90705 11.71396 11.98904 13.11079 12.1874 13.18813 12.82631 46 
0.01375287 0.01674776 0.009681687 0.00996897 0.01131091 0.01262633 0.01473336 0.01695587 0.01975834 0.02375225 0.02972352 0.03906473 1.119483e-17 10.42085 11.30707 11.46063 11.8837 11.92916 11.89848 11.87635 11.81159 11.72618 11.99149 47 
0.01382146 0.0171702 0.009521316 0.00945265 0.01094535 0.01115347 0.01257179 0.01599148 0.01945088 0.02297573 0.02832049 0.03700461 2.352931e-16 9.88497 10.96858 10.36639 10.66045 11.86397 12.11383 11.63951 11.50307 12.44004 11.17722 48 
0.01379741 0.01789099 0.009137649 0.009542024 0.010344 0.01288908 0.01389955 0.01690938 0.01856694 0.02419141 0.03074186 0.04068919 4.733352e-16 10.0669 10.55725 11.86315 11.38526 12.12252 11.38372 12.486 12.02759 11.73493 11.47648 49 
0.01382867 0.01723254 0.009367109 0.009966857 0.01135745 0.01280398 0.01431133 0.01611027 0.01853058 0.02255774 0.02899996 0.03832287 2.296422e-17 10.51081 11.41706 11.63977 11.64767 11.62184 11.60444 11.83297 12.1806 11.88748 12.08803 50 
0.01394006 0.0180567 0.009466112 0.009201815 0.01104345 0.01279956 0.01419584 0.0166758 0.01868066 0.02237636 0.02816234 0.03696289 1.578599e-16 9.81163 11.34568 11.87447 11.75225 12.13948 11.75438 11.92448 12.08806 12.04035 12.66088 51 
0.01433084 0.01978088 0.01018714 0.01035412 0.01082247 0.01223886 0.01419821 0.01580163 0.01977887 0.02212341 0.02840813 0.0375096 3.428224e-16 11.04619 10.97792 11.38551 11.81167 11.58784 12.42611 11.36167 12.07387 11.95238 12.35165 52 
0.01351849 0.01499277 0.009204678 0.009660479 0.01120745 0.01269568 0.01488721 0.01686073 0.01971874 0.02351215 0.02920981 0.03845566 1.503245e-17 9.9911 11.10274 11.33945 11.72197 11.55771 11.57397 11.43565 11.30824 11.56896 11.37513 53 
0.01366235 0.01756135 0.008326862 0.009822135 0.0118192 0.01253959 0.01414849 0.01540756 0.019029 0.02339324 0.02972077 0.03923169 2.320555e-16 10.40698 11.87791 11.422 11.60903 11.32796 12.05947 12.18794 12.21149 12.50974 11.50079 54 
0.01364155 0.01598618 0.008931785 0.009772991 0.01092493 0.01234465 0.01465766 0.01661285 0.01767561 0.02267343 0.0287148 0.03772145 1.117537e-15 10.22496 10.96074 11.24282 11.80424 11.63841 10.90065 11.78388 11.73957 11.54847 11.77705 55 
0.01364483 0.01651777 0.009210632 0.009221842 0.01123898 0.0130839 0.01450409 0.01584167 0.01952515 0.02314623 0.02929247 0.03865147 2.06083e-17 9.644492 11.28002 11.75483 11.535 11.22884 11.90055 11.57651 11.72796 11.92933 11.40041 56 
0.01378358 0.01543603 0.009191997 0.00998171 0.01091071 0.0119364 0.01340415 0.01580388 0.01787911 0.02101909 0.02787992 0.03672789 3.441332e-16 10.33393 10.85928 10.89836 11.06995 11.48766 11.25492 11.23185 12.20259 11.55884 12.05742 57 
0.01360893 0.01602758 0.009247832 0.01000494 0.01097818 0.01275083 0.01440534 0.01591182 0.01956388 0.02331017 0.02928145 0.03861147 1.261942e-17 10.45222 11.02112 11.57319 11.64512 11.42116 12.03372 11.77001 11.80285 12.14577 11.52563 58 
0.01369644 0.0171204 0.008723043 0.008845826 0.01103496 0.01280077 0.01404325 0.01600872 0.01946483 0.0238607 0.0281409 0.0371551 6.071384e-17 9.334558 11.27357 11.80233 11.56458 11.70753 12.22695 12.30958 11.45394 12.12111 12.47313 59 
0.01375792 0.01732428 0.009153973 0.01013027 0.01147404 0.0128999 0.01305954 0.01622647 0.01883209 0.02338955 0.02979262 0.03950433 6.565591e-17 10.71195 11.54008 11.73177 10.95169 11.98338 11.86509 12.2519 12.27154 12.14613 11.88664 60 
0.01402847 0.01772633 0.009392912 0.00965861 0.01060809 0.011731 0.01323994 0.01587597 0.01821857 0.02154923 0.02722434 0.03604069 4.786688e-16 10.14363 10.73995 10.91922 11.1523 11.75929 11.58862 11.56739 11.88074 12.33202 12.08351 61 
0.01401836 0.0184624 0.00958392 0.00896504 0.0113347 0.01226047 0.01452866 0.0161554 0.01918187 0.02237477 0.02927544 0.03915723 1.874823e-16 9.523106 11.61589 11.45975 12.11304 11.88098 12.23974 11.97601 12.80202 12.63576 12.23608 62 
0.01336665 0.01553068 0.008155605 0.008910762 0.01045199 0.01193616 0.01471027 0.01649785 0.01897223 0.02341854 0.02979871 0.03933452 5.413249e-16 9.288659 10.63721 11.10373 12.04826 11.70697 11.64381 12.00148 12.03971 12.05212 11.42895 63 
0.01391635 0.01818333 0.009728587 0.01029141 0.01108977 0.0117543 0.01457191 0.01782563 0.0198212 0.02483234 0.03123887 0.04096897 8.192963e-17 10.80815 11.08044 10.85679 11.96972 12.51717 11.64705 12.21987 11.83088 12.16975 10.96326 64 
0.01402878 0.01761334 0.009773891 0.009951904 0.01093777 0.01288049 0.01403435 0.01535529 0.01986096 0.02351383 0.02817268 0.03675656 2.500753e-17 10.55499 11.18567 11.93986 11.70847 11.55798 12.78008 12.24668 11.83481 12.09629 12.96863 65 
0.01377892 0.01705901 0.009707807 0.00932767 0.01109512 0.01291481 0.01304811 0.01560115 0.01850765 0.02325812 0.03042864 0.04121882 2.940093e-17 9.839997 11.30181 11.87035 10.98567 11.71574 11.97565 12.50023 12.90828 12.03654 11.95779 66 
0.01363097 0.01601505 0.008526966 0.009584665 0.0116964 0.01250361 0.01362722 0.0160115 0.01919711 0.0226832 0.02925638 0.03863033 5.37941e-16 9.938805 11.50972 11.09643 10.93926 11.34065 11.58977 11.30807 11.7612 11.40349 11.42221 67 
0.01420093 0.01856212 0.009491862 0.009027681 0.01084801 0.01269101 0.01399008 0.01473279 0.01876828 0.02154007 0.02776873 0.0368451 9.11786e-16 9.588485 11.14807 11.80856 11.64393 11.13851 12.31132 11.71294 12.41761 12.4676 12.51555 68 
0.01374758 0.01733972 0.008653755 0.008681008 0.0107094 0.01206529 0.01360626 0.01608199 0.0186443 0.02358009 0.03037175 0.04045022 1.091779e-15 9.079116 10.87278 11.17481 11.31126 11.76271 11.71418 12.3506 12.36859 12.07286 11.34671 69 
0.0139593 0.01780732 0.009660297 0.009526819 0.01131823 0.01279082 0.01422627 0.01560695 0.01854971 0.02232111 0.02896016 0.03841325 7.311074e-16 10.04745 11.38037 11.57441 11.4924 11.2429 11.58243 11.60615 12.13938 11.81202 11.71135 70 
0.0136682 0.01555092 0.009303357 0.008463702 0.01048831 0.01220007 0.01408366 0.01627315 0.01916891 0.02287517 0.02726758 0.03621371 8.582148e-17 8.806993 10.65577 11.26702 11.53637 11.65802 11.77073 11.68512 11.20373 12.35364 11.64109 71 
0.01386301 0.01624891 0.009773851 0.008881868 0.01089977 0.01160564 0.01302154 0.01571164 0.01745671 0.02221474 0.02792127 0.03675781 2.620242e-16 9.243007 10.97058 10.73551 10.91747 11.60405 11.18877 12.01916 11.88771 12.05077 11.87061 72 
0.01356462 0.01584404 0.008870636 0.009706829 0.01112406 0.01296689 0.014978 0.01657134 0.01858668 0.02391585 0.02974916 0.03903237 4.149296e-16 10.11711 11.08913 11.60097 11.78215 11.41903 11.16932 11.96304 11.43245 11.41453 11.4476 73 
0.0137114 0.01576206 0.009485835 0.009741585 0.01042933 0.01145012 0.01456869 0.0158511 0.0191226 0.022519 0.02778747 0.0366809 1.962165e-16 10.11911 10.48649 10.61637 11.91667 11.29487 11.73413 11.4451 11.37608 12.03096 11.56861 74 
0.01359722 0.0169989 0.008595211 0.009253101 0.01201968 0.01169131 0.01399173 0.01663307 0.01862972 0.02291854 0.02931021 0.03878237 3.14106e-16 9.7988 12.11777 10.81394 11.61803 12.05055 11.60513 12.01161 12.21798 12.38124 11.62099 75 
0.01440949 0.01971074 0.01069647 0.009869777 0.01112057 0.01210703 0.01374605 0.01727658 0.01938055 0.02359459 0.02942863 0.03874257 9.30978e-18 10.57412 11.38301 11.37752 11.68493 12.77853 12.04517 12.35864 12.206 12.19431 12.52586 76 
0.01372304 0.01551118 0.009398907 0.009711259 0.01122352 0.01325024 0.01343184 0.01666982 0.01795481 0.02205386 0.0283799 0.03736888 5.461494e-16 9.990031 11.01321 11.60299 10.64319 11.58195 10.76006 11.16561 11.54101 11.46498 11.36257 77 
0.01378136 0.01712761 0.009352509 0.009485648 0.01079197 0.01187996 0.01355702 0.01563994 0.01917752 0.02400566 0.02938668 0.038625 2.94924e-16 9.935773 10.90077 11.00032 11.30558 11.52688 12.09342 12.37587 11.62699 12.16172 11.67501 78 
0.01350989 0.01666353 0.00819315 0.009967497 0.01140389 0.01265316 0.0147637 0.01567201 0.0188611 0.02250757 0.02910393 0.0384819 3.559185e-16 10.43904 11.40665 11.479 11.89529 11.26797 11.77414 11.70285 12.20387 12.43317 11.49973 79 
0.01407193 0.01760381 0.009978428 0.01022496 0.01057178 0.0119388 0.01437757 0.01590083 0.01888988 0.02244941 0.02810513 0.03699131 3.238838e-16 10.71253 10.61687 11.00077 11.76898 11.39617 11.6724 11.5272 11.60141 11.74023 11.96664 80 
0.01356605 0.01624718 0.008702185 0.009619311 0.01157266 0.01258633 0.01456765 0.01645032 0.01916874 0.02293417 0.02975202 0.03949557 3.506526e-16 10.02361 11.50147 11.3106 11.64943 11.55788 11.60484 11.57563 12.06728 11.76701 11.47402 81 
0.01326044 0.01673177 0.008489854 0.01002384 0.01138126 0.01202459 0.01519029 0.01710944 0.02034158 0.02508497 0.03056474 0.04036646 2.286689e-17 10.64347 11.57417 11.26987 12.55326 12.2092 12.41606 12.56373 11.91105 12.37244 12.032 82 
0.01413304 0.01829123 0.0101411 0.009089431 0.01025009 0.01181349 0.01419386 0.01566784 0.01825806 0.0227174 0.02817215 0.03727432 2.021231e-16 9.662924 10.64699 11.27912 12.07931 11.75791 11.97619 12.49881 12.24791 12.68385 12.50293 83 
0.01370862 0.01674022 0.009593378 0.01017065 0.01093464 0.01321966 0.01556339 0.01632363 0.01931056 0.02412399 0.02855995 0.03760849 1.263744e-17 10.74027 11.14061 12.13323 12.50635 11.65276 12.06457 12.45923 11.59294 12.09779 12.60358 84 
0.01379746 0.01599825 0.009085379 0.009234717 0.01102474 0.0123972 0.0141937 0.01581902 0.01878952 0.02262222 0.02782966 0.03657488 6.551362e-16 9.547419 10.97665 11.18517 11.40609 11.2468 11.53837 11.55211 11.35995 11.64614 11.95116 85 
0.01352987 0.01576372 0.008523582 0.00924707 0.01084879 0.01214567 0.01394706 0.0157227 0.01888689 0.02302688 0.02924637 0.03860139 8.752668e-16 9.590146 10.87872 11.09494 11.38288 11.34433 11.73007 11.83062 11.91505 11.78531 11.63578 86 
0.01363256 0.01652181 0.008666641 0.009985248 0.01064197 0.01245766 0.01426614 0.01479826 0.01741739 0.02206174 0.02765953 0.03634309 8.27065e-16 10.50668 10.83846 11.53301 11.77711 11.06246 11.45619 12.14813 12.065 12.10624 12.50341 87 
0.01363937 0.01311575 0.009460088 0.00915191 0.01077896 0.01224074 0.01413256 0.01601609 0.01832564 0.02255725 0.02881984 0.03783448 9.465364e-16 9.207794 10.47984 10.77985 11.04617 10.98708 10.87763 11.18524 11.36316 11.13734 11.02029 88 
0.01406212 0.01774603 0.009379249 0.009595165 0.01026153 0.01245357 0.01403633 0.01564283 0.01839057 0.02274061 0.02842919 0.03743997 5.507897e-16 10.04659 10.39869 11.44062 11.47173 11.31541 11.53053 11.87687 11.71057 11.86533 11.81809 89 
0.01409439 0.01881338 0.008934605 0.009362679 0.01079075 0.01180442 0.01383818 0.01573425 0.01867537 0.02165917 0.02811632 0.03742806 1.029817e-15 9.966543 11.08151 11.14682 11.74013 11.78505 12.08597 11.76862 12.5379 12.64326 12.24343 90 
0.01350719 0.01652618 0.008795253 0.01006559 0.01058748 0.01303452 0.01435005 0.01617126 0.01879703 0.02401575 0.02916429 0.03847671 1.281885e-17 10.63531 10.84668 12.02625 11.7892 11.78528 11.87726 12.58921 11.77188 12.5227 11.92656 91 
0.01395171 0.01858043 0.009012391 0.01022466 0.01047069 0.01222458 0.01436486 0.01584305 0.01923055 0.02304966 0.02877174 0.03787773 4.756942e-16 10.89088 10.73099 11.46779 11.9964 11.65805 12.20125 12.05971 12.02939 12.0614 12.40493 92 
0.01382247 0.01640991 0.01020189 0.009341082 0.01123346 0.01145013 0.01421993 0.01670922 0.01850846 0.02284922 0.02949594 0.03906067 1.996583e-17 9.733586 11.2136 10.54685 11.64497 11.84051 11.27112 11.72112 12.03887 11.80208 11.29891 93 
0.01373126 0.01584047 0.009464157 0.009353286 0.009490143 0.01196293 0.01354435 0.01580711 0.01756113 0.0226137 0.02874823 0.03795127 2.473681e-16 9.736953 9.808053 11.21316 11.37876 11.67367 11.31502 12.27308 12.18109 12.14695 11.77502 94 
0.01349529 0.0155356 0.008429682 0.009103496 0.01101125 0.01191508 0.01332515 0.01531586 0.01770263 0.02308326 0.02916917 0.03836136 5.002449e-16 9.452855 11.04272 10.92791 11.0349 11.26649 11.32552 12.34125 11.94797 11.65332 11.83436 95 
0.01391587 0.01705888 0.009448554 0.009151298 0.0105823 0.01204854 0.01342867 0.01601369 0.01924147 0.02202432 0.02751075 0.03641131 3.004846e-16 9.649037 10.8103 11.23018 11.27713 11.83208 12.10261 11.51171 11.77068 12.20466 12.16613 96 
0.01386643 0.01934824 0.008515003 0.009762082 0.01098133 0.01246255 0.01431534 0.01759979 0.02030319 0.02464606 0.03127774 0.04162636 3.801532e-16 10.51864 11.32999 11.72252 12.03789 12.83308 12.37847 12.47088 12.45162 12.47197 11.75186 97 
0.01396517 0.01571673 0.01021761 0.009793582 0.01061059 0.01219284 0.01457677 0.01490285 0.0180049 0.02189008 0.02752085 0.03614109 9.616763e-16 10.07967 10.48978 10.94866 11.56168 10.54766 11.10967 11.24965 11.31955 11.78833 11.27561 98 
0.01369996 0.01754433 0.008949016 0.009356268 0.01118138 0.01262122 0.01422388 0.01573522 0.01892894 0.02255875 0.02972811 0.03994459 2.688479e-16 9.958619 11.46812 11.74378 11.84347 11.68775 12.18496 12.10235 12.94084 12.22796 12.25006 99 
0.0135126 0.01406988 0.009167522 0.009463631 0.01101163 0.01238507 0.01446299 0.01540214 0.0188606 0.02266507 0.02695116 0.03578999 8.061118e-17 9.685585 10.88112 11.09728 11.4811 10.92294 11.54033 11.47919 10.96041 12.1181 11.50208 100 
