0.5218063 0.8663367 0.4990382 0.08243757 0.09517222 0.1288449 0.1336795 0.1567081 0.1873909 0.2511041 0.3168378 0.513891 0.9999999 107.3517 163.3685 198.9648 243.1215 252.7681 259.7607 264.4842 278.4114 277.9482 292.0412 1302.218 1 
0.5023435 0.9152663 0.532739 0.08039168 0.1094642 0.1041212 0.1435865 0.1690351 0.1870756 0.2409426 0.356265 0.5385877 1 103.7981 155.9404 208.3088 214.7387 243.8903 259.6498 256.548 260.9172 279.2693 284.5128 1291.155 2 
0.5246829 0.9074019 0.4421947 0.08203233 0.08312066 0.1094203 0.142802 0.1504635 0.1619795 0.2476348 0.3054073 0.4922177 1 103.5966 157.9519 179.2347 210.3462 245.5433 250.9238 243.315 270.718 274.7801 292.7683 1262.875 3 
0.5572488 0.8957082 0.4523024 0.07263641 0.112004 0.1078779 0.134897 0.164587 0.1898345 0.260916 0.3754516 0.5509693 0.9999999 93.78406 146.0451 215.4926 234.7842 258.7897 279.2692 285.7604 304.1514 323.605 321.5791 1291.144 4 
0.4863693 0.879175 0.5340272 0.06454766 0.09036614 0.1126733 0.1484862 0.1873572 0.1856121 0.2929603 0.3499202 0.5479745 1 86.44842 128.4943 175.7107 213.8665 254.1713 284.9493 268.4717 297.5239 285.6951 282.483 1339.296 5 
0.4666171 0.8973397 0.5250369 0.07768364 0.11629 0.1202096 0.1395286 0.1578703 0.2090598 0.2983366 0.3635657 0.5291964 1 101.413 148.7341 209.4208 225.6259 235.8969 237.2392 252.5139 277.8932 266.5384 251.1633 1305.462 6 
0.5407292 0.902882 0.4937416 0.06697202 0.08733554 0.1157546 0.1581586 0.1684846 0.2346861 0.2534458 0.357336 0.5282413 1 86.39308 133.1083 177.0922 222.9128 274.1587 286.0156 314.2274 301.7951 302.0064 295.1846 1289.988 7 
0.5272419 0.8974364 0.4747105 0.07130867 0.08188317 0.1027474 0.1350004 0.1417534 0.1962382 0.2458783 0.315794 0.5498765 0.9999999 92.48939 141.2537 173.1064 204.8981 241.9889 249.2565 275.9775 291.0894 294.4795 323.2516 1297.029 8 
0.5634294 0.8797829 0.4534583 0.07230336 0.0921451 0.1235501 0.1566418 0.1815653 0.2119372 0.2505089 0.3874733 0.440093 1 95.48143 149.2785 196.9935 248.4043 292.6507 314.1519 319.6004 312.9004 330.2811 293.2181 1320.567 9 
0.500437 0.9025346 0.5331218 0.07441061 0.08581913 0.1107614 0.1523514 0.1794368 0.1805693 0.2488519 0.3081052 0.5710475 1 95.29011 142.9768 173.273 206.7317 250.257 271.7957 257.0356 265.2968 259.8646 293.0354 1280.598 10 
0.4792547 0.9057475 0.5383895 0.08347971 0.1038707 0.1108672 0.1520098 0.1722565 0.1865793 0.265679 0.3680755 0.5596244 1 107.0971 158.4239 198.0581 211.7391 243.8894 253.7345 244.2983 259.1946 268.7978 267.7302 1282.912 11 
0.5481893 0.9068984 0.4520784 0.1000489 0.1025976 0.13496 0.1186944 0.1706842 0.1849841 0.2197798 0.3545836 0.4606347 1 126.8115 196.3282 224.6564 261.3064 248.3493 269.3438 267.3722 262.4988 289.8265 281.233 1267.495 12 
0.4880341 0.9214202 0.4748054 0.1005064 0.1141946 0.1079632 0.1450799 0.1971792 0.1820818 0.268961 0.3210816 0.4448209 1 125.8969 187.3388 220.0941 215.1674 234.1749 264.3668 240.2831 251.6925 240.1487 227.542 1252.626 13 
0.5255488 0.9386795 0.4870856 0.083902 0.1051213 0.131205 0.1552002 0.1681941 0.2162092 0.2261009 0.3108006 0.462204 1 106.5359 162.5257 207.6954 245.7319 269.5029 270.1394 279.3748 259.4477 256.1614 257.4218 1269.766 14 
0.4866256 0.8825115 0.5174059 0.08228946 0.08827802 0.1365457 0.1282043 0.1638178 0.2046539 0.2566129 0.2956438 0.5566409 0.9999996 108.7839 161.7209 185.7949 241.4437 239.9347 253.155 265.6748 271.3789 253.758 284.8771 1321.966 15 
0.5157246 0.9219975 0.4806023 0.075901 0.09865667 0.1117126 0.1256195 0.163895 0.1950488 0.2823855 0.3242477 0.496218 1 94.36416 143.0301 187.1097 212.1803 224.979 247.8493 258.9895 286.4277 273.6744 271.3985 1243.253 16 
0.4725551 0.9248541 0.5098744 0.08336244 0.09434529 0.1352943 0.1612226 0.1674379 0.2160152 0.2307173 0.2962038 0.4578938 0.9999997 103.8041 152.8572 179.9201 224.879 250.3792 243.8554 250.0756 231.0823 220.7108 225.6205 1245.214 17 
0.5174617 0.9051732 0.4990576 0.07299222 0.1017393 0.1169511 0.1543429 0.1618914 0.1761696 0.2209213 0.3191307 0.5415307 1 93.90902 142.5033 195.0797 226.2376 263.0811 265.6492 255.5842 254.2863 268.9192 297.828 1286.562 18 
0.4676236 0.9392244 0.5259132 0.07302371 0.09877906 0.1346133 0.1558967 0.1705716 0.2163153 0.3038089 0.2921375 0.5502954 1 90.50363 132.8253 175.5965 221.4897 243.2586 242.7608 249.2189 265.8987 224.3276 238.2227 1239.373 19 
0.5152548 0.8940345 0.4925582 0.08968485 0.08453174 0.1262858 0.1400576 0.146333 0.1904029 0.2581206 0.3271639 0.4797257 0.9999999 115.2137 174.5781 188.8067 232.4829 250.7954 246.9302 257.9757 276.4189 277.3582 276.0327 1284.65 20 
0.4674815 0.9208342 0.5255344 0.06735102 0.09916937 0.119147 0.1558336 0.176769 0.1999256 0.2757654 0.3215315 0.5026904 1 84.70791 124.3073 174.4371 207.4457 242.023 252.0338 247.1403 258.2468 241.2369 240.6043 1257.708 21 
0.5164078 0.9045746 0.4923632 0.08533177 0.0934054 0.1277196 0.1402443 0.1661666 0.1991162 0.246545 0.3466366 0.5080126 0.9999999 109.4491 165.9695 195.2895 236.6916 252.342 262.8533 268.1723 269.8134 278.4539 277.0083 1282.631 22 
0.4803427 0.8741805 0.5417691 0.08293703 0.1097238 0.1247735 0.1093538 0.146966 0.2077178 0.2552938 0.3676712 0.4842952 1 108.6767 160.8788 209.1294 233.9394 214.7632 225.7216 256.1908 266.9473 282.5485 264.2553 1310.353 23 
0.4701952 0.9325822 0.5053997 0.07404114 0.09469111 0.1090092 0.1244204 0.1484519 0.208842 0.2358427 0.3422275 0.4959221 0.9999998 94.3652 138.7353 176.9806 199.6791 212.3264 223.5668 253.3456 251.5533 265.1265 264.633 1274.497 24 
0.5111893 0.9065339 0.4955574 0.07080314 0.08290543 0.1083246 0.1158936 0.1469483 0.1912165 0.2390255 0.358478 0.4473004 1 89.35536 135.0329 166.2481 201.4819 214.1318 234.0469 257.9358 271.6688 298.4406 280.2887 1262.025 25 
0.5118787 0.9484941 0.4823955 0.07863232 0.09477127 0.114277 0.1432914 0.1615784 0.2038012 0.2242602 0.3103605 0.4822203 1 100.1632 151.4347 188.7449 218.0253 246.4419 256.4089 269.0025 258.3852 261.8294 272.8593 1273.818 26 
0.5543613 0.8903821 0.4277823 0.05980835 0.102753 0.1275853 0.1359738 0.1513925 0.1788753 0.2216438 0.3406397 0.5188512 1 79.74473 123.9521 197.5247 253.0057 273.6845 280.0781 283.9636 288.3637 316.4996 332.7731 1333.338 27 
0.5036982 0.8367976 0.47496 0.07335215 0.0945867 0.1066888 0.144983 0.149147 0.2094433 0.2677084 0.3144869 0.5505773 0.9999998 99.19152 149.1541 193.6527 218.5862 257.0425 258.7173 284.742 299.4692 285.0799 304.6983 1352.265 28 
0.5194738 0.8468143 0.4931876 0.07081718 0.09968297 0.1271572 0.1487945 0.1729272 0.1937225 0.250338 0.3273336 0.5381156 0.9999999 94.47444 143.5514 198.1369 244.837 272.1288 284.7496 280.7715 284.2731 283.356 297.2377 1334.061 29 
0.5268141 0.9100261 0.4958811 0.07742735 0.09673251 0.09072549 0.1425937 0.154717 0.2039213 0.2529757 0.3598439 0.5070633 1 98.90228 151.0054 193.5466 198.5366 242.6063 256.2036 278.0175 287.7327 301.6944 294.3471 1277.356 30 
0.494099 0.9332954 0.4817893 0.08906438 0.118053 0.1255155 0.1157765 0.1760963 0.1718108 0.2130904 0.3117042 0.5217711 1 111.4367 166.4975 216.818 233.2983 217.0442 244.1147 230.6429 226.9761 242.2381 269.5734 1251.193 31 
0.494537 0.9357181 0.515915 0.06713319 0.08607223 0.1105527 0.1539444 0.1741962 0.1983652 0.2579636 0.3391251 0.4604928 0.9999999 84.43141 126.1859 163.3868 199.3415 245.4008 261.9179 261.7063 267.2171 266.5663 252.4521 1257.67 32 
0.4913216 0.9106226 0.5156584 0.08179879 0.1017062 0.1083239 0.1365907 0.1295542 0.2127946 0.2396902 0.3295734 0.4983532 1 106.5235 158.8608 199.6658 214.4535 236.1883 223.1791 262.8252 264.9501 272.1635 277.6618 1302.262 33 
0.5783879 0.8710969 0.4676998 0.074692 0.08799876 0.1099798 0.141069 0.174872 0.2174288 0.2392392 0.3514693 0.5252942 1 97.58262 154.0232 195.4655 234.308 273.945 305.8333 328.0989 319.9699 330.5855 332.2539 1306.467 34 
0.5410024 0.8717936 0.4805668 0.05819139 0.09293839 0.1328093 0.1331777 0.1590237 0.1951018 0.2359393 0.3505643 0.5234933 1 78.00234 120.2018 182.3588 250.7382 267.8996 281.819 293.6984 296.3647 316.4018 322.5278 1340.445 35 
0.4990663 0.8673668 0.5279101 0.07889075 0.1001887 0.1055791 0.1171625 0.1734334 0.2098492 0.2300485 0.3637709 0.4891056 1 102.612 153.8222 196.8009 212.0351 218.7902 256.8261 275.8264 265.5539 288.2462 277.0603 1300.685 36 
0.4983306 0.8679882 0.5299537 0.09020207 0.091671 0.1198829 0.119298 0.1501568 0.1995386 0.2293982 0.3121395 0.4337673 1 119.8209 179.5313 200.254 231.3944 230.5707 242.6674 265.2195 264.9501 271.2623 268.2666 1328.361 37 
0.5048181 0.9278148 0.483329 0.07218616 0.09693435 0.1044251 0.1404506 0.1623927 0.164009 0.2369756 0.3136189 0.5356309 1 91.61769 137.868 183.7451 203.8058 236.6463 252.4 239.8731 256.9312 266.8741 295.5242 1269.186 38 
0.5505167 0.8803514 0.4858924 0.0751863 0.109031 0.1252316 0.1391226 0.1942883 0.2000212 0.2357097 0.3470945 0.50596 1 97.69215 151.4733 214.4049 252.1097 269.0858 304.7821 297.7232 286.3936 295.5239 293.8973 1299.334 39 
0.4717441 0.8843046 0.5222729 0.08137257 0.07821007 0.1222103 0.1357818 0.1387138 0.2143144 0.2418568 0.3235503 0.5085132 1 108.5635 159.7776 171.2276 218.841 237.8878 231.1027 267.2152 266.321 267.8945 277.6209 1334.153 40 
0.4920416 0.913619 0.5295953 0.07565973 0.09883745 0.1087127 0.1439757 0.1508647 0.2071589 0.2557299 0.3060303 0.5172208 1 96.32316 143.7182 187.0259 207.3117 238.0903 239.2157 260.0304 267.2452 255.5646 271.2658 1273.11 41 
0.5071368 0.9292001 0.4817157 0.08582732 0.09051431 0.1220079 0.1217455 0.1671232 0.1596721 0.2561017 0.3513451 0.5293142 0.9999999 108.6997 163.8254 187.8788 223.7542 226.0305 250.3268 234.9311 264.6814 282.76 288.5452 1266.494 42 
0.4644881 0.9394873 0.4942795 0.05985117 0.09900773 0.1214866 0.1434635 0.1647009 0.2066312 0.2640527 0.3024841 0.5087662 1 76.64013 112.2386 171.3261 211.3529 234.878 243.5266 253.99 260.8 241.5483 253.4604 1280.512 43 
0.508802 0.8994882 0.5111768 0.08354742 0.1062397 0.1103776 0.12213 0.1810005 0.1608514 0.2520121 0.3461307 0.5363465 1 107.8421 162.7125 208.4644 222.7662 228.2161 265.569 243.8975 267.1056 282.8234 292.7604 1290.79 44 
0.4715527 0.9201092 0.4990145 0.07658642 0.08447257 0.1154855 0.1238127 0.1704504 0.1629966 0.251446 0.3179871 0.4856133 1 96.73221 142.3466 165.6455 201.4252 211.921 240.9864 225.5326 250.829 255.0492 262.7199 1263.047 45 
0.4925822 0.9209504 0.4971235 0.07607166 0.09670702 0.114496 0.1428191 0.1659843 0.1779867 0.2745979 0.3130801 0.4948583 1 96.64214 144.2463 184.5647 212.3083 238.6665 251.1426 243.1719 271.2861 258.9336 263.5941 1270.409 46 
0.5057634 0.8817763 0.4830362 0.06996691 0.1021573 0.121234 0.1167915 0.1527567 0.1886257 0.2675458 0.3460683 0.4435424 1 89.59581 134.9101 189.8968 225.6767 223.8823 240.0055 254.0152 281.1078 286.7852 266.2469 1280.546 47 
0.4482202 0.8968976 0.5569291 0.07151979 0.1087371 0.1305878 0.1652194 0.1726664 0.1753805 0.2482712 0.3561778 0.5077596 1 92.54254 134.022 190.7081 225.3079 254.7961 248.3884 224.0923 232.0719 245.9754 240.5412 1293.943 48 
0.5108074 0.883279 0.4971521 0.09162696 0.1123132 0.1002202 0.1300496 0.1706592 0.1890231 0.2404206 0.3078314 0.5322853 1 117.7478 177.8943 221.9764 217.2378 232.2214 257.0452 258.4553 263.1797 261.9934 286.4988 1285.078 49 
0.483112 0.8936253 0.5022269 0.08326405 0.1030131 0.1076146 0.1396691 0.1856994 0.2131451 0.261145 0.3340809 0.5420501 1 108.5501 160.9919 200.8917 212.4182 236.237 266.967 271.8253 269.0373 260.1453 266.3231 1303.685 50 
0.4842597 0.8997208 0.5336356 0.08444676 0.1083642 0.1094065 0.133332 0.1718248 0.1891731 0.2449584 0.3153062 0.5473588 0.9999998 104.4794 155.0746 197.8452 206.3084 219.8382 240.407 238.5524 243.7525 242.6645 265.6419 1237.222 51 
0.4882455 0.9495405 0.5145974 0.07565756 0.08995021 0.1137255 0.1370192 0.1822971 0.2125262 0.2681352 0.3075643 0.5151067 1 93.73261 139.4971 171.1174 202.0681 225.2158 255.2672 263.1535 266.1066 245.4579 253.8252 1238.906 52 
0.4662844 0.8949779 0.5365646 0.07315143 0.09122496 0.1277627 0.1472901 0.1627462 0.206719 0.2577444 0.3159924 0.4475299 0.9999999 92.74338 135.9882 170.6062 215.9871 237.9049 240.1937 249.4657 252.2893 241.3687 232.4086 1267.827 53 
0.4639487 0.9382382 0.492707 0.06244971 0.1002251 0.1102576 0.14389 0.1622218 0.1922633 0.2438261 0.3348907 0.4382422 0.9999998 79.94087 117.0293 174.5801 200.0588 231.066 240.6378 244.1345 248.9846 256.4723 241.6742 1280.084 54 
0.4826844 0.9271931 0.4806101 0.07469496 0.1112912 0.1218191 0.1352345 0.1716513 0.1866617 0.1936306 0.2999316 0.5014215 0.9999993 93.83522 139.128 196.5209 220.7021 229.2142 245.3012 239.7056 218.0455 233.0799 262.1149 1256.246 55 
0.5501611 0.8622024 0.4674858 0.08086262 0.09519822 0.1142861 0.1478007 0.1486363 0.2164557 0.2500406 0.3139792 0.550953 1 110.187 170.8076 213.2034 246.8082 284.1338 283.4576 313.576 315.1899 307.7647 331.0609 1362.645 56 
0.5452577 0.865943 0.4675685 0.07330039 0.09877437 0.1388078 0.1585275 0.1814316 0.20356 0.2743871 0.3352258 0.504369 1 100.4719 155.255 210.1187 273.4691 305.3955 317.0287 311.091 318.0209 304.9565 297.8589 1370.687 57 
0.5097124 0.9114026 0.4783133 0.09019304 0.1032353 0.1168135 0.1405799 0.15333 0.1948521 0.2659178 0.327146 0.5258903 1 114.1151 172.281 206.6497 225.9163 243.3186 244.1613 253.7153 271.3561 266.5857 274.6235 1265.232 58 
0.4509078 0.8668098 0.5483896 0.08544714 0.1090105 0.1111899 0.1391366 0.1493876 0.1814038 0.2151511 0.2952812 0.4686014 1 111.9079 162.3681 203.7822 210.5485 226.914 224.3013 227.1379 224.7483 233.1092 252.4759 1309.675 59 
0.5420377 0.8762408 0.4732126 0.08326393 0.1074405 0.1239668 0.1483638 0.1722173 0.2030128 0.248698 0.3201351 0.5774129 1 109.5626 168.9497 221.1809 253.3611 277.2693 288.6275 291.4369 289.7657 284.5249 310.5211 1315.848 60 
0.5390557 0.9096925 0.5002626 0.0767525 0.09663753 0.1111426 0.142014 0.1511331 0.1898703 0.2395467 0.3479687 0.515448 1 98.93818 152.2714 197.0927 225.7341 257.3941 262.6647 273.7389 282.6272 301.5525 306.6602 1289.055 61 
0.5201406 0.9040001 0.4952416 0.0808091 0.09013993 0.1132525 0.1725916 0.1619374 0.1857045 0.224533 0.3031856 0.4840691 1 102.8813 156.394 186.8339 217.768 276.228 270.187 262.1189 256.0444 258.524 273.9201 1273.14 62 
0.5310387 0.9200644 0.473761 0.06323029 0.08893243 0.1192014 0.1432102 0.1575401 0.212322 0.254407 0.3314163 0.4132725 1 81.51982 124.81 173.6856 223.3941 257.4254 267.5196 290.5941 294.501 292.5503 268.8735 1289.253 63 
0.4498642 0.9364582 0.5373708 0.07778724 0.1021064 0.1069495 0.1348177 0.1896949 0.2051635 0.2427061 0.3536244 0.5079175 1 98.24602 142.4434 183.01 194.1811 213.2724 249.2294 246.4562 237.1864 246.0748 240.0946 1263.009 64 
0.5024331 0.9267344 0.5109239 0.06766256 0.1048094 0.1176977 0.1205187 0.1428593 0.2050146 0.2483363 0.2842865 0.5258614 1 85.24936 128.0815 187.4689 217.956 221.3241 227.7697 257.8269 267.6195 253.2746 284.5506 1259.919 65 
0.5214593 0.9230307 0.4726805 0.07439315 0.09116638 0.1254001 0.157485 0.148515 0.2237242 0.2688551 0.3022288 0.4866168 0.9999997 93.1739 141.7603 179.6095 225.7795 262.8527 252.3671 279.4928 283.7097 261.3375 263.6729 1252.453 66 
0.4906693 0.9076497 0.5032185 0.07505707 0.09753111 0.1303014 0.136996 0.1943517 0.2075228 0.255246 0.2866223 0.5164925 1 98.05765 146.1715 189.5769 235.117 245.296 279.4361 273.956 267.8077 242.9561 262.6105 1306.441 67 
0.5195336 0.925294 0.4824625 0.07406208 0.1053831 0.1196429 0.1310974 0.1591462 0.1984817 0.2451764 0.3328351 0.4113429 0.9999996 94.0282 142.879 198.1144 228.7524 240.2209 252.8316 265.6162 270.9267 276.9689 256.207 1269.586 68 
0.4688538 0.9526117 0.5082049 0.06972224 0.09826481 0.1024207 0.1340975 0.1569014 0.1920738 0.2618679 0.3388471 0.4708936 1 88.18194 129.5264 176.3452 191.3446 217.4134 231.3156 241.9861 260.543 262.6415 252.218 1264.761 69 
0.4755761 0.9219201 0.4976461 0.08116145 0.08974867 0.1252467 0.1373194 0.1648526 0.1987883 0.256212 0.3110758 0.5131629 1 101.965 150.4571 175.1559 214.9037 228.4204 239.3486 245.4696 252.6795 242.9301 255.0476 1256.323 70 
0.509204 0.8746616 0.4624379 0.08582409 0.08030365 0.1136196 0.1379606 0.1956138 0.1882872 0.2298515 0.3231169 0.4988709 1 113.1901 170.827 183.8057 219.5819 247.4086 291.7188 276.8679 268.1378 274.2014 283.4924 1318.862 71 
0.4967794 0.9120655 0.4945943 0.07005388 0.0878505 0.1302199 0.1268748 0.179931 0.1865162 0.2369887 0.3366272 0.4898039 1 88.81303 132.9335 169.6116 224.2974 230.0997 261.2557 254.7033 255.6477 266.9379 267.681 1267.782 72 
0.518918 0.9081346 0.4577436 0.08002759 0.0883942 0.1098709 0.1318494 0.1605687 0.1954545 0.2640558 0.3204114 0.5246324 1 103.5142 157.2296 186.7755 216.1071 239.4551 258.8594 271.8644 290.5686 284.2806 296.0681 1293.482 73 
0.5212655 0.9103141 0.4813955 0.07048327 0.08507434 0.1212888 0.1342171 0.163022 0.20688 0.2699903 0.3069163 0.5173713 1 91.18005 138.7091 174.6028 224.4517 246.7499 265.0674 283.0959 297.5757 279.5999 291.185 1293.641 74 
0.462222 0.9055747 0.5459274 0.08431271 0.1043633 0.1296507 0.1384226 0.1668728 0.1999987 0.2435686 0.3223699 0.5091699 1 106.0127 155.0141 191.8109 222.3553 227.0127 233.9681 236.991 235.0747 234.3343 242.8258 1257.375 75 
0.5222941 0.9143263 0.4586796 0.08364639 0.09096137 0.1112653 0.1351045 0.139505 0.175483 0.2197457 0.3103942 0.4940688 1 106.0942 161.5066 190.0758 216.8328 240.1126 238.7057 247.3081 255.7852 273.143 295.8396 1268.366 76 
0.51712 0.9354813 0.4954657 0.07424199 0.103629 0.1146382 0.1412324 0.1475822 0.2010643 0.2465104 0.3033356 0.5284182 0.9999999 91.93592 139.4778 190.9262 216.5331 240.4656 239.6554 257.8381 264.498 258.3909 281.2102 1238.328 77 
0.4776052 0.9560106 0.511619 0.06494771 0.1062922 0.1070733 0.1480683 0.1521571 0.1985222 0.2626305 0.3374344 0.5019751 1 81.59093 120.5592 182.4374 199.5394 234.1004 233.3204 245.8522 259.9423 259.174 256.8691 1256.256 78 
0.4659757 0.90244 0.5465178 0.07758066 0.09242958 0.1280067 0.140679 0.1749527 0.2264343 0.2143232 0.3567461 0.4510011 0.9999999 99.73351 146.2069 177.733 220.5812 234.8052 250.5001 267.3828 234.9027 253.7184 235.5393 1285.546 79 
0.4477246 0.9058154 0.543418 0.08183097 0.09863859 0.1182786 0.136079 0.17811 0.1652388 0.2447767 0.3349652 0.5389017 0.9999998 103.7777 150.2416 182.1234 205.6818 218.0192 240.0099 216.0356 230.9884 242.1792 256.8927 1268.196 80 
0.5495776 0.9233657 0.4434991 0.09299981 0.09076053 0.1155442 0.1275886 0.1530039 0.2085486 0.2283013 0.3310765 0.5120289 0.9999984 119.1334 184.6065 206.9079 235.7754 248.7903 261.4499 287.674 282.8516 295.0589 306.5883 1281.007 81 
0.4835556 0.8993894 0.5043972 0.08179636 0.1025661 0.109143 0.1309534 0.1502268 0.1879025 0.2678712 0.3046415 0.5113694 1 105.6304 156.7085 197.3952 211.5943 226.4602 233.2703 244.3467 270.4498 257.5821 272.5647 1291.382 82 
0.4929537 0.9428385 0.5069026 0.07530883 0.1035798 0.1178092 0.1437441 0.1688726 0.2176106 0.2426766 0.3217436 0.4943705 1 95.45937 142.5164 191.6612 218.2629 240.8332 252.751 268.1417 257.4279 252.6561 255.6063 1267.572 83 
0.5457222 0.8775524 0.4971578 0.07126024 0.09845481 0.1274303 0.1371768 0.1637913 0.2039868 0.2343169 0.3134278 0.464043 1 91.16701 140.9189 193.8852 242.3112 260.4537 274.2299 287.2192 282.528 283.0113 285.4007 1279.353 84 
0.514565 0.9078138 0.5053307 0.07450109 0.08315718 0.101465 0.1347997 0.1688502 0.1992115 0.2236059 0.3498385 0.4834516 1 95.83844 145.1536 173.6949 200.1325 235.1935 264.3075 276.5089 268.575 291.6068 287.8836 1286.403 85 
0.4564446 0.9296397 0.5106828 0.08975852 0.09544292 0.1159954 0.1403211 0.1683879 0.2072464 0.2486726 0.3120185 0.5111072 1 111.8747 162.9393 182.6548 202.4109 219.6887 231.6017 240.1282 237.4628 228.9222 240.3268 1246.396 86 
0.4987671 0.8950057 0.4945102 0.07423315 0.0974323 0.1222017 0.1241673 0.1721763 0.2109865 0.2197644 0.3349403 0.4838217 0.9999996 96.09153 144.0188 188.5913 226.2371 230.7279 258.2514 274.0443 256.0457 269.6456 270.8477 1294.456 87 
0.4736587 0.9233043 0.4963597 0.07334428 0.08628201 0.1239021 0.1401864 0.1564339 0.1935628 0.2746446 0.2884828 0.526669 1 94.22944 138.862 168.4942 214.59 235.2433 239.6105 247.2914 270.2294 244.6421 267.3974 1284.755 88 
0.5402587 0.9073833 0.4639833 0.07644111 0.1065244 0.09996847 0.1270903 0.1765287 0.1689977 0.2292179 0.326017 0.4814713 1 98.08953 151.0832 207.8677 218.156 238.9799 275.9648 264.8632 273.5822 290.8567 299.5253 1283.204 89 
0.4947024 0.9335985 0.4798669 0.07625063 0.09652846 0.1206066 0.1634594 0.1608545 0.1963256 0.2441496 0.3147995 0.4398438 0.9999997 95.3334 142.4951 181.9763 215.8707 256.7821 250.5042 250.3854 250.2566 246.979 240.1072 1250.264 90 
0.4553822 0.9650129 0.4915286 0.07751586 0.102785 0.1060594 0.1347308 0.1527841 0.189707 0.2703633 0.3408463 0.4898935 0.9999999 95.33824 138.7536 179.8038 189.844 209.0564 215.5018 224.6878 248.4611 247.5739 240.0978 1229.919 91 
0.4962523 0.9111047 0.54402 0.07676616 0.08137205 0.1244898 0.1427269 0.1471824 0.1944679 0.2442569 0.3150533 0.4990156 1 96.58863 144.521 166.2431 215.3423 240.2084 237.085 250.4827 258.6947 259.382 270.8445 1258.219 92 
0.492437 0.9104977 0.4988432 0.06870236 0.09293044 0.1250407 0.1381878 0.164622 0.1903095 0.2394327 0.3278432 0.5145166 1 86.7687 129.4968 173.0735 218.6327 236.6593 248.9766 250.5035 253.6458 260.5881 271.4532 1262.965 93 
0.5130617 0.892175 0.4843503 0.07453493 0.1247799 0.1009716 0.1361052 0.171331 0.2207057 0.2458827 0.3541752 0.4717594 1 96.39719 145.8549 224.1839 220.7947 241.4642 263.2826 283.8829 274.8388 281.3409 265.0635 1293.316 94 
0.449491 0.955274 0.5444844 0.08999798 0.1137051 0.1373863 0.1383008 0.1723121 0.221597 0.235969 0.3647836 0.5725374 1 110.9649 160.8426 199.8751 226.4628 220.4284 226.4489 237.3606 219.0669 231.1967 236.2492 1232.971 95 
0.4869352 0.8916353 0.5051135 0.08559192 0.09726075 0.1008888 0.1337636 0.1517707 0.2030346 0.2612077 0.2822643 0.4970028 1 109.9147 163.436 193.7918 201.311 225.5156 235.115 256.6723 270.7681 248.234 267.9606 1284.171 96 
0.5669651 0.862003 0.4425115 0.07517605 0.09234535 0.127959 0.1173509 0.1478036 0.2096775 0.2513224 0.320281 0.505425 1 97.4526 152.7048 197.2886 251.0959 253.7195 267.6452 301.4071 312.6604 312.5336 322.2877 1296.325 97 
0.4815522 0.940565 0.5197378 0.07690737 0.103819 0.106942 0.1497525 0.1562908 0.1874763 0.2444166 0.3047762 0.4877058 1 96.75419 143.3464 189.5946 202.5987 236.7482 237.5163 239.3756 247.6838 244.0283 256.3034 1258.061 98 
0.490257 0.9349149 0.4868083 0.07352104 0.1065822 0.1030945 0.1559977 0.1512981 0.1826154 0.2386671 0.3027444 0.5324169 1 94.12834 140.2754 195.1948 204.9489 248.7512 243.3252 243.6236 252.2581 251.9403 280.8012 1280.291 99 
0.4847946 0.8964777 0.5140844 0.07469135 0.1007919 0.1159021 0.1296365 0.1624219 0.1995186 0.2268497 0.3258746 0.4887664 1 97.05086 144.1006 191.0421 217.9208 229.5561 246.4082 258.4801 251.8392 262.6199 269.4054 1299.359 100 
