0.5148778 0.8851363 0.5026364 0.09947447 0.101555 0.1396308 0.1312798 0.1690239 0.1873754 0.2342766 0.3297055 0.4846596 1 105.0731 159.1729 178.5546 211.2635 205.3022 213.6699 209.4704 208.9024 216.4544 218.744 1056.282 1 
0.5194855 0.9078412 0.5258417 0.09999767 0.1186558 0.1113707 0.1399856 0.1672312 0.1734095 0.23406 0.3601562 0.5329564 1 104.6474 159.0102 194.3596 193.4152 203.7363 211.9273 201.7049 206.9934 227.9933 232.4981 1046.498 2 
0.5429079 0.8958492 0.4425589 0.1002401 0.09562657 0.1115726 0.1503274 0.1370617 0.1532866 0.2481036 0.3028471 0.4996602 1 104.9345 161.9043 177.9695 191.6616 217.8203 206.3899 197.1075 223.5778 228.3671 247.0381 1046.832 3 
0.5572381 0.8979339 0.4639465 0.0895115 0.1290014 0.10946 0.1463534 0.1611994 0.1906718 0.2669833 0.3795651 0.5528908 1 93.55226 145.6831 203.9366 204.3654 221.905 225.2232 226.2759 240.2897 252.9083 248.4855 1045.142 4 
0.5221442 0.8733723 0.5173843 0.08172735 0.1088791 0.1255278 0.1536685 0.193179 0.1877971 0.3166234 0.3285776 0.5550189 1 87.02288 132.4614 175.6229 201.0745 222.076 240.5278 223.2975 250.3903 225.6255 225.4225 1064.795 5 
0.4615729 0.9106239 0.5191843 0.09532004 0.1276476 0.1278121 0.1351837 0.1604153 0.2034681 0.2968881 0.3561625 0.5107632 1 99.93431 146.0613 188.4884 192.7533 186.5252 186.2095 192.5627 212.7933 202.7377 190.0809 1048.408 6 
0.5572768 0.8926609 0.4849373 0.08341679 0.1019007 0.1227668 0.1555316 0.1724992 0.2388871 0.2502793 0.3609985 0.5221717 1 87.38277 136.0792 173.6749 202.6492 230.5845 238.6924 259.2959 245.195 245.5318 237.4758 1047.544 7 
0.5216617 0.9000198 0.4895596 0.08822765 0.0917193 0.1125322 0.1376945 0.1405299 0.2036593 0.2482867 0.3241165 0.5427476 1 92.22407 140.3338 160.6219 181.2046 200.3104 197.5897 219.0314 226.8356 228.8011 244.386 1045.297 8 
0.566564 0.8840059 0.4404659 0.09020019 0.1103318 0.1386263 0.1674223 0.1893818 0.2208362 0.2494321 0.3783304 0.4219983 1 95.02696 148.8658 190.0933 225.9114 250.9687 258.0057 255.6521 241.1878 246.3305 215.6183 1053.512 9 
0.5261943 0.8827751 0.5049087 0.092411 0.09672418 0.1201061 0.1638872 0.1903585 0.1825714 0.2515664 0.330526 0.5585138 1 97.42454 148.6888 170.7876 193.6727 226.5415 240.2428 220.403 221.8379 220.8299 233.9635 1054.253 10 
0.4779727 0.9006119 0.5539295 0.1022669 0.1214233 0.1147816 0.1565557 0.1787983 0.1853329 0.2534915 0.3882203 0.5779433 1 107.7083 159.19 190.8942 186.5906 204.3078 208.5484 194.0757 197.9449 214.8639 212.219 1053.208 11 
0.5464334 0.8883621 0.4574567 0.1230832 0.1147096 0.127994 0.1137707 0.175265 0.1919029 0.2280732 0.3483288 0.4498163 1 129.4584 200.1989 215.1964 222.1023 202.3716 221.1778 220.7295 216.5304 231.3992 221.6052 1051.796 12 
0.4849306 0.9264112 0.4680229 0.1209556 0.1315038 0.1050263 0.1481993 0.2103921 0.1944125 0.2838765 0.3157849 0.4656244 0.9999999 125.2184 185.9407 209.8399 184.7656 194.4265 221.0481 199.6851 205.6319 186.3879 177.8251 1035.242 13 
0.5064118 0.9491317 0.4916842 0.1038332 0.114038 0.1456839 0.1638912 0.1650814 0.2228025 0.2322656 0.3337361 0.4721878 1 105.364 158.7215 184.0821 210.5951 219.4543 206.1376 211.4451 193.8146 193.8321 188.3551 1014.742 14 
0.4803137 0.8800368 0.5311538 0.1019556 0.09397973 0.1411035 0.1375173 0.1769264 0.2031437 0.2610794 0.3092767 0.5882502 1 109.0904 161.4881 167.8691 203.4725 200.5582 210.4334 208.9053 210.7718 197.9009 222.0491 1069.98 15 
0.5033175 0.9172636 0.4946388 0.0912851 0.1101281 0.1140257 0.1349853 0.1743906 0.1856833 0.2771246 0.3248738 0.4846374 1 94.85178 142.5923 175.7544 184.2687 193.2323 209.5543 204.1895 222.7465 213.7819 209.9951 1039.072 16 
0.4825018 0.9214525 0.5002388 0.1006743 0.1123661 0.1421561 0.1634853 0.1662144 0.2182448 0.2277702 0.2937905 0.4728608 1 104.1877 154.4584 179.1068 203.8587 214.2227 201.8997 205.2939 187.0687 177.9287 185.499 1034.898 17 
0.513405 0.9276847 0.4870401 0.08882716 0.1179526 0.1210095 0.1485185 0.1670231 0.1591095 0.230741 0.3302824 0.5395185 1 91.62988 138.6731 182.0618 193.7951 207.7257 210.2856 190.1997 197.9355 212.0477 229.6717 1031.552 18 
0.4700731 0.9494235 0.5344901 0.08821702 0.1138035 0.1445969 0.1625696 0.1727807 0.2029845 0.3092727 0.3041318 0.5437431 1 89.53002 131.6157 167.1775 197.1617 206.718 198.6694 192.0264 210.047 180.0979 185.8805 1014.884 19 
0.5180999 0.8857416 0.500986 0.1098044 0.09089682 0.1292875 0.1405515 0.1445906 0.1909473 0.2574086 0.313975 0.4653266 0.9999999 116.2929 176.5442 177.1649 202.6016 209.8598 201.4683 209.1453 222.6198 218.8351 218.605 1059.091 20 
0.4686052 0.9145612 0.5246497 0.08222857 0.1101312 0.125258 0.1637373 0.177157 0.1968592 0.2887996 0.302291 0.482139 1 85.28953 125.2567 163.5337 182.7385 206.9603 206.7605 197.2648 210.7057 186.7782 185.4976 1037.225 21 
0.547286 0.8859051 0.4662852 0.1061868 0.1029845 0.1341211 0.1350061 0.1681303 0.1991632 0.2569032 0.3522602 0.4930019 1 111.7551 172.9171 191.5109 217.9837 217.9397 225.5329 228.1386 233.021 237.7394 230.0212 1052.439 22 
0.5079003 0.8647991 0.5213356 0.1024983 0.1255962 0.1380024 0.1109791 0.146596 0.210273 0.2787631 0.3776013 0.4533225 1 109.8566 165.6527 204.9501 220.1704 192.2891 192.156 213.264 229.4162 234.8296 207.6716 1071.789 23 
0.4800049 0.9309051 0.4963707 0.09137699 0.1098017 0.1241603 0.1270553 0.1444259 0.2277461 0.241556 0.3642723 0.5391041 1 94.53557 139.9131 170.376 185.6803 182.2482 179.8829 211.0109 203.3981 214.4226 212.8056 1034.567 24 
0.5157604 0.8927637 0.4990835 0.08585045 0.09567605 0.1130645 0.1226612 0.143379 0.2075545 0.2445439 0.353675 0.4502995 0.9999999 90.73394 137.5309 163.3704 183.0458 189.4612 195.1961 221.5528 227.1289 240.4544 225.4892 1056.884 25 
0.5113677 0.9491581 0.4954409 0.09823178 0.1095406 0.1164769 0.1495117 0.1769746 0.1962321 0.2188484 0.3108632 0.4788425 1 100.0934 151.2779 178.0109 186.331 203.3662 212.8026 208.1164 195.4334 198.702 206.4495 1018.951 26 
0.5686699 0.8972336 0.4180249 0.07583662 0.11656 0.134573 0.1385169 0.1584072 0.1780415 0.2148113 0.3416095 0.5275581 0.9999999 79.13672 124.1394 183.0024 218.7202 226.5108 229.4281 225.6444 222.7039 244.5027 258.8758 1043.516 27 
0.5058718 0.8410409 0.4772267 0.09048607 0.1082693 0.1118363 0.1569182 0.1545134 0.2173324 0.2852606 0.3181838 0.5707116 1 98.69107 148.6161 182.5823 191.2919 220.0528 213.6639 229.7985 241.2825 221.7389 234.0754 1090.677 28 
0.5264431 0.8564981 0.4886785 0.08620287 0.1143297 0.1400887 0.1493564 0.1821376 0.1954932 0.270397 0.3035828 0.5136875 1 93.40742 142.5811 188.2667 221.9644 229.4829 237.6472 227.6717 233.9849 216.6679 224.2294 1083.577 29 
0.4917084 0.9285267 0.5116217 0.09473677 0.1091134 0.09605151 0.1549219 0.1591298 0.1901737 0.2448642 0.3669996 0.4933866 0.9999999 96.93143 144.5934 172.1624 163.9125 196.1551 196.759 197.5487 202.243 218.403 208.6234 1023.166 30 
0.4942623 0.9301846 0.4739821 0.1085315 0.1339322 0.1269581 0.1155248 0.1983384 0.1899586 0.2233521 0.3367745 0.5000215 0.9999999 111.8105 167.0742 205.582 202.5936 180.3566 210.9616 197.8014 186.8485 196.672 199.9329 1030.212 31 
0.4982729 0.9246236 0.5207918 0.0824908 0.1036029 0.1237479 0.1640252 0.1778343 0.1917999 0.2384858 0.3371535 0.476281 1 85.44369 128.018 162.2472 186.2635 215.2506 218.228 207.1417 202.1022 207.1633 202.9112 1035.797 32 
0.4834824 0.924967 0.5117087 0.1016466 0.1090433 0.1171522 0.1358794 0.1227982 0.2177079 0.2347404 0.3184498 0.4763088 1 104.8732 155.5776 176.288 181.9765 187.0462 167.7955 201.4383 198.8746 201.5071 204.8239 1031.743 33 
0.5690346 0.8741455 0.4738848 0.09237044 0.09807366 0.1164192 0.1431322 0.1783068 0.2223368 0.2276848 0.3747675 0.5056178 0.9999999 97.24321 152.578 180.5324 203.0591 224.5383 244.1114 258.1108 241.8035 258.2714 248.7602 1052.752 34 
0.5362789 0.8840881 0.4920526 0.07260969 0.111425 0.1421763 0.1386518 0.1558101 0.1996278 0.2482836 0.3648263 0.4894418 0.9999999 76.91833 118.168 172.8373 216.8025 220.0948 218.5318 225.894 229.3476 242.5144 231.9024 1059.34 35 
0.4872923 0.88373 0.5324208 0.09470483 0.1127902 0.11298 0.1102942 0.1754672 0.2052819 0.235533 0.3500323 0.493782 1 100.7135 149.7904 181.5786 184.9833 173.7047 202.924 212.9793 207.8195 219.464 215.3155 1063.446 36 
0.4844131 0.8699524 0.531317 0.1108572 0.1000406 0.1163324 0.1253323 0.1506195 0.2113109 0.2420221 0.3110307 0.4228276 0.9999999 119.5527 177.4656 181.8942 188.5019 186.8872 190.9929 212.2338 210.9485 207.5254 199.19 1078.439 37 
0.5108933 0.9228299 0.4793173 0.08881368 0.1039476 0.1104334 0.1315628 0.1644197 0.160463 0.2447595 0.311989 0.5358058 1 92.11248 139.1721 169.3357 180.0271 191.0786 205.1806 192.5374 210.6878 215.7696 238.0003 1037.143 38 
0.5312706 0.894479 0.4955108 0.09124165 0.123959 0.1343018 0.1508652 0.1961003 0.1930622 0.2426991 0.3500002 0.4961773 1 96.15021 147.232 196.929 217.2935 225.0101 240.4761 223.4712 215.8156 220.6921 214.956 1053.797 39 
0.4779935 0.8909677 0.5162952 0.1015094 0.08590583 0.1286601 0.1397458 0.1456295 0.2177379 0.231573 0.317703 0.5136329 1 107.7532 159.2585 158.0578 187.7195 195.8871 188.801 211.8147 202.3875 203.3664 214.8248 1061.509 40 
0.5222959 0.9081043 0.5262653 0.0927063 0.1077239 0.1201683 0.1528504 0.1463347 0.2019166 0.2615325 0.3118451 0.5115376 1 96.90992 147.5256 179.221 195.3005 215.8126 205.0205 215.8054 225.1042 216.5338 224.806 1045.343 41 
0.5024676 0.9282908 0.4966342 0.1051468 0.101634 0.1278431 0.1355999 0.1676122 0.1534514 0.266176 0.3686156 0.5253742 0.9999999 108.8072 163.4793 176.2566 194.9147 196.3214 203.7642 182.4923 209.3276 224.722 220.4897 1034.812 42 
0.4838629 0.927821 0.4809965 0.0752344 0.1112812 0.1239275 0.1545197 0.1787861 0.2115855 0.2712976 0.2739434 0.5073035 1 77.60494 115.1551 161.8708 183.3831 203.4928 210.7281 211.071 212.4279 183.9445 198.1258 1031.509 43 
0.5064414 0.9032399 0.5060315 0.102325 0.1166297 0.1142782 0.1194645 0.1857247 0.172738 0.2498976 0.3441678 0.5443635 1 107.3949 161.7841 191.8172 192.2544 185.43 214.4624 199.9119 210.5096 219.4898 228.2501 1049.548 44 
0.4796316 0.9086736 0.5036982 0.09400524 0.09221963 0.1237569 0.1328164 0.1771896 0.1688988 0.2624482 0.3055487 0.4767231 0.9999997 97.94974 144.9295 156.5691 181.1495 186.6169 204.8876 188.7646 207.4042 199.8282 204.5735 1041.96 45 
0.4978831 0.9535546 0.4790729 0.09133646 0.1038399 0.1169866 0.1567159 0.1564023 0.1801699 0.2811137 0.283542 0.5036947 0.9999999 93.33933 139.8114 166.0343 180.0178 204.7846 198.8744 193.1982 216.6637 195.2281 208.3811 1021.928 46 
0.4981581 0.9057389 0.4688237 0.08378642 0.1137796 0.1295891 0.1262316 0.1559827 0.1944107 0.2634686 0.3802742 0.4181061 1 87.22505 130.6769 173.6224 196.0318 190.5298 195.1914 202.723 216.1531 230.1062 198.0491 1041.04 47 
0.4497842 0.8984219 0.5628377 0.08717006 0.1210446 0.1335416 0.167858 0.1737397 0.1546495 0.2484119 0.3474697 0.4939466 1 92.38782 133.9424 177.3521 193.3289 210.6347 201.2643 168.8711 182.3393 193.854 190.9366 1059.857 48 
0.5204286 0.8795964 0.48843 0.1120086 0.1242975 0.09441616 0.1350475 0.1771245 0.1898645 0.2282325 0.3204313 0.5350495 1 118.2414 179.7776 210.0784 186.8358 197.6266 216.7399 213.2551 208.8144 214.6759 232.008 1055.646 49 
0.4785316 0.9010803 0.5055166 0.1028287 0.1162785 0.1098054 0.1455156 0.1902244 0.2184825 0.2665945 0.330314 0.5465431 1 107.6523 159.1673 185.3819 179.8541 193.587 212.7408 213.5075 208.693 196.6635 201.3682 1046.909 50 
0.4713867 0.9187376 0.5383687 0.09845015 0.1177974 0.1092688 0.1399539 0.1740366 0.1893394 0.2473792 0.3143973 0.5389328 1 102.3177 150.5489 181.3391 175.8018 185.915 197.8429 192.2896 195.5303 192.4969 208.6487 1039.284 51 
0.4911236 0.9382032 0.5099873 0.09253125 0.09772782 0.11597 0.1495936 0.1786196 0.2152817 0.2587013 0.3001399 0.5370709 0.9999999 94.86503 141.4555 160.3938 176.1224 197.5092 209.7237 214.592 210.6206 193.9422 208.5873 1025.222 52 
0.4497759 0.9049564 0.5561537 0.08749734 0.09987544 0.1336754 0.1472354 0.1625298 0.2049766 0.2703161 0.319623 0.4308819 0.9999999 91.72063 132.9744 155.3442 184.9661 193.0184 190.1986 194.7391 202.0717 189.6606 175.9011 1048.268 53 
0.4625805 0.9260629 0.5042613 0.07842151 0.1184912 0.1201391 0.1472838 0.1654503 0.182087 0.2308508 0.3422826 0.4138724 1 80.99172 118.4569 167.5737 178.3137 191.2104 192.5981 184.7485 184.6524 198.5362 181.8009 1032.774 54 
0.5018221 0.9104737 0.4581674 0.0917227 0.1231469 0.1351029 0.1273314 0.1684535 0.1951147 0.190357 0.3059889 0.5111146 1 95.55885 143.5124 188.5472 206.7168 195.1126 203.4071 203.6826 182.0013 195.1743 218.3221 1041.823 55 
0.541952 0.8590602 0.478441 0.1025325 0.1103316 0.1222501 0.1455536 0.1625891 0.2335543 0.2587419 0.3041511 0.5731582 0.9999999 110.5895 170.5237 199.2156 213.246 225.5945 227.2752 249.495 242.4753 224.8717 244.4255 1078.58 56 
0.5402482 0.8715488 0.4619972 0.09369322 0.1187804 0.1559378 0.1636927 0.1782158 0.1998874 0.2746771 0.3284064 0.4880012 0.9999997 99.82748 153.7591 197.7677 239.5381 246.9823 240.482 228.5899 231.9811 219.4066 212.4219 1065.472 57 
0.5161729 0.9042454 0.4715912 0.1097419 0.1124361 0.1242738 0.1420618 0.1638054 0.1960005 0.2728593 0.3187326 0.5145085 1 115.0172 174.3859 194.9221 203.5301 208.0838 209.327 210.0242 222.5473 211.8207 215.952 1048.07 58 
0.4543907 0.8687745 0.5322783 0.1033838 0.1215042 0.1117124 0.1411964 0.1439475 0.1819438 0.221506 0.2975411 0.459518 1 111.6573 162.3934 191.4511 182.0284 189.4105 179.4848 182.6365 183.6578 188.7248 199.9613 1080.028 59 
0.5705534 0.863427 0.4554239 0.1044214 0.1269431 0.1311458 0.1616736 0.1843153 0.1962592 0.2500435 0.3253382 0.5637315 1 111.1906 174.6307 220.6935 235.1065 251.0937 255.0378 242.5943 237.825 232.6969 246.1672 1064.826 60 
0.5386778 0.9085532 0.5057802 0.09525121 0.1117903 0.1186285 0.1588692 0.1519464 0.1979971 0.2458448 0.3467702 0.529286 1 99.06279 152.4257 187.2978 200.0386 224.7823 215.2301 219.9768 222.0982 229.846 233.6939 1040.016 61 
0.5101667 0.9167837 0.4913324 0.0976073 0.09659421 0.1201244 0.1797983 0.156286 0.1734874 0.2311315 0.2928244 0.4803457 0.9999997 101.4472 153.2022 168.7538 187.8738 229.8897 212.8469 198.0912 199.6154 197.8396 212.2981 1039.341 62 
0.5070202 0.9265446 0.4844839 0.07825471 0.1077734 0.136198 0.1452118 0.151492 0.229995 0.2567914 0.3191932 0.4080204 0.9999997 80.94919 121.9921 164.6125 199.3286 207.7734 200.5045 224.2442 219.0842 208.4388 190.4106 1034.432 63 
0.4501462 0.9310967 0.527497 0.09570434 0.114053 0.1049612 0.141292 0.1941107 0.2061522 0.2504372 0.3697855 0.4732088 1 98.81215 143.2921 170.9892 163.7913 178.336 203.6826 197.3073 190.6753 198.5657 180.3008 1032.473 64 
0.507983 0.9212214 0.530493 0.08287411 0.1222043 0.1258736 0.1236665 0.1420705 0.2171502 0.2544843 0.2982753 0.5534576 1 85.76014 129.3248 181.6745 197.1509 190.2059 187.2857 214.0277 217.7971 205.9468 228.7172 1034.824 65 
0.5394103 0.9298963 0.4644439 0.09019903 0.09885111 0.1300176 0.1617931 0.1397972 0.2321302 0.2485274 0.3120545 0.5010054 1 92.48803 142.377 169.0168 200.4716 226.467 207.8598 234.5328 227.1449 217.4798 222.1893 1025.377 66 
0.4941518 0.9190547 0.508913 0.09306481 0.1077342 0.1435887 0.1439443 0.1833074 0.1913837 0.2623093 0.2674408 0.5229233 0.9999999 96.84231 144.6971 173.1762 206.4876 205.8433 214.8835 202.6786 207.0962 182.7706 205.5266 1040.59 67 
0.5046003 0.9272267 0.4914412 0.09083377 0.1203575 0.1266801 0.1304907 0.1627399 0.1938452 0.2608324 0.3415274 0.4198032 1 93.83179 141.1793 184.2757 197.6407 193.8763 199.9225 202.6968 212.7244 214.2332 194.6199 1033.006 68 
0.4472223 0.9625501 0.5328651 0.08613289 0.1106249 0.1051228 0.1502515 0.1562708 0.1738114 0.2724975 0.3175247 0.4762084 0.9999997 87.2718 126.3017 158.9181 157.6422 181.2285 178.9093 171.8472 195.8058 188.406 187.4707 1013.223 69 
0.4863172 0.9083941 0.4952308 0.0991052 0.1027661 0.1303047 0.1400279 0.1650385 0.1913009 0.252396 0.2952262 0.5244545 1 103.4837 153.8096 171.472 193.3703 196.826 199.9017 198.0458 203.8958 193.2358 211.7587 1044.181 70 
0.48924 0.8579701 0.4840026 0.1067352 0.09428838 0.129387 0.1375177 0.1939036 0.1936087 0.235695 0.316268 0.4879572 1 115.3939 171.8492 175.1325 198.853 202.0067 226.1819 213.1593 204.9105 203.4494 208.4004 1081.123 71 
0.5149268 0.915146 0.4759457 0.08514 0.09818897 0.1377372 0.1405239 0.1884686 0.1673916 0.245087 0.3256712 0.4877365 1 88.51442 134.0929 162.4374 201.7847 207.8343 226.8211 203.1464 209.8721 213.6645 216.6625 1039.634 72 
0.5136945 0.9102234 0.4657854 0.09901758 0.09898583 0.1244335 0.1384018 0.1676726 0.1886698 0.2587204 0.3027642 0.4864716 1 103.2759 156.3282 173.3249 194.3951 202.464 211.1049 208.749 218.8298 209.2188 215.927 1043.006 73 
0.5213683 0.9030307 0.4884194 0.08767137 0.09818653 0.1380144 0.1360415 0.1656629 0.2043409 0.2823904 0.3120751 0.5173625 0.9999999 91.91586 139.8379 166.8222 206.0246 208.5662 215.1587 221.6962 236.0091 218.549 222.8592 1048.414 74 
0.4718663 0.9155573 0.5280637 0.1007667 0.1192659 0.1242857 0.1393804 0.1708865 0.1971988 0.22493 0.3151457 0.5085605 0.9999999 104.8585 154.3377 184.4296 189.4556 189.9908 195.7917 193.9413 184.5066 188.0463 200.3371 1040.607 75 
0.5149491 0.9146172 0.4813652 0.1017381 0.1001073 0.116833 0.1334995 0.1489065 0.1792063 0.2278273 0.2976373 0.5041248 0.9999999 106.0613 160.6775 176.4844 189.3343 196.8525 197.3957 200.0066 205.6283 209.4242 231.0125 1042.493 76 
0.5039941 0.9320482 0.5076863 0.08955141 0.1178653 0.1314296 0.1394267 0.1468801 0.2053262 0.2544169 0.2967395 0.5461101 1 92.27369 138.7791 180.5162 199.7441 200.888 192.102 205.1718 210.0978 198.669 220.2106 1030.399 77 
0.4713408 0.9575151 0.5270421 0.0799893 0.1264446 0.1106262 0.1509576 0.1619804 0.1936536 0.2676675 0.3135287 0.4980128 1 81.46476 119.8624 174.9722 173.0196 191.4418 190.349 190.0224 201.3562 190.8025 194.497 1018.446 78 
0.460163 0.8919058 0.5607859 0.09518811 0.1058157 0.1297774 0.1454543 0.1721452 0.2396892 0.1958694 0.3445961 0.4126942 1 100.9105 147.3458 169.3022 189.2177 195.6375 199.8245 218.515 179.1877 193.7022 176.4547 1060.117 79 
0.4431511 0.8992682 0.5509669 0.09906363 0.1097269 0.1309001 0.1396279 0.1909519 0.1541097 0.260886 0.3484734 0.5401918 0.9999999 104.5325 150.8561 171.1665 186.641 185.4163 203.014 168.8727 187.8286 194.789 198.9863 1055.205 80 
0.5567939 0.9158555 0.438738 0.1166066 0.1042143 0.1228262 0.1290489 0.1575122 0.2260174 0.2035761 0.3214507 0.5441742 0.9999999 120.1128 186.9909 198.9458 210.8905 209.6934 214.8445 238.2035 215.296 223.8333 244.045 1030.069 81 
0.4783171 0.8859147 0.5061681 0.1010097 0.1204204 0.1131672 0.1320477 0.1676684 0.1773265 0.2553487 0.3229754 0.5189168 1 107.238 158.5318 190.7604 186.2468 187.393 197.9772 190.0684 203.8955 203.9409 213.3015 1061.661 82 
0.5004556 0.9431122 0.5093695 0.09341506 0.1218589 0.1315451 0.153185 0.1790725 0.2376352 0.2486529 0.3182374 0.5005835 1 95.43348 143.1937 184.5246 199.3334 207.9558 211.1805 222.3696 204.3655 191.7818 191.9648 1021.607 83 
0.5553974 0.8755117 0.492581 0.08603827 0.1052797 0.1399757 0.1470907 0.1753693 0.2081662 0.2330581 0.3245158 0.4679746 1 91.3808 142.1335 181.1371 222.1744 233.2639 241.278 243.366 232.1153 232.4504 229.9546 1062.095 84 
0.5220454 0.9099744 0.5016743 0.0915814 0.09143959 0.1200136 0.1542001 0.1761246 0.2057537 0.2176415 0.3710814 0.4981238 1 95.6126 145.5267 162.6933 188.347 215.2509 225.3273 226.3488 209.502 231.2076 223.5607 1044.018 85 
0.4671508 0.9275292 0.497835 0.1083599 0.1045601 0.1224759 0.1468043 0.1682834 0.20457 0.246552 0.3242097 0.510974 1 112.13 164.5117 173.3255 182.1574 191.5282 193.5672 195.6708 192.3035 189.7987 195.1349 1034.793 86 
0.4981266 0.9059833 0.4985966 0.09073755 0.109043 0.1333788 0.1247193 0.1749247 0.2040113 0.2409842 0.3322378 0.4553124 1 94.9289 142.2155 174.5699 200.0011 191.2311 207.714 211.6814 207.1915 209.6793 201.8822 1046.192 87 
0.4763696 0.9117109 0.4774947 0.09144374 0.09641422 0.1412701 0.1389628 0.1573608 0.203446 0.2906554 0.3021442 0.5226977 1 95.42858 140.8879 158.5297 196.5495 195.8655 192.9873 200.5296 219.1094 195.5052 203.1485 1043.577 88 
0.5619798 0.919021 0.4485042 0.09414082 0.1237164 0.1065959 0.1254858 0.1756649 0.1802738 0.2165978 0.3315471 0.4633426 1 96.84816 151.2749 200.306 199.616 203.7308 226.5702 222.1413 218.2203 234.6143 236.4563 1028.758 89 
0.5185605 0.935043 0.4656744 0.09258531 0.110059 0.1361191 0.164521 0.1627046 0.19995 0.2417469 0.3332376 0.4358212 0.9999998 95.18746 144.5479 177.6328 205.1251 224.3692 213.8466 211.214 206.5672 208.5457 196.5906 1028.105 90 
0.4623832 0.970795 0.4902864 0.09398333 0.1113526 0.107405 0.1362344 0.1607688 0.1875925 0.281662 0.3340257 0.5178551 1 94.7706 138.5909 165.8145 163.8692 174.4959 181.317 182.3832 204.536 196.9747 196.8055 1008.377 91 
0.5065762 0.9204487 0.5339009 0.09276814 0.09232292 0.136535 0.1431679 0.155605 0.1848617 0.2393496 0.3173052 0.5033176 1 95.61106 144.0453 159.295 196.5736 204.4973 201.2999 199.9886 204.7543 208.0367 218.3478 1030.645 92 
0.4935045 0.9014307 0.4986367 0.08384146 0.1067571 0.1301152 0.1310344 0.1638043 0.1787799 0.2336627 0.3300399 0.5053314 1 87.6416 130.8931 166.8359 193.6405 193.0702 201.2018 195.962 200.464 211.2377 219.451 1045.325 93 
0.52271 0.8900899 0.477509 0.09172397 0.1456782 0.1038984 0.1430046 0.1778533 0.206747 0.2283273 0.3730268 0.4916822 1 96.62364 147.1298 216.2903 197.9847 208.2369 220.4921 221.9534 209.4921 227.3482 216.2247 1053.418 94 
0.4523545 0.9472325 0.5438684 0.1095053 0.1269967 0.1439519 0.1495682 0.1891718 0.2126734 0.2478568 0.3720758 0.5970169 1 111.9079 162.53 189.0923 199.901 192.1471 196.3311 188.5474 176.8059 183.3089 187.0297 1021.941 95 
0.5148604 0.8836724 0.4794304 0.1043326 0.1142636 0.1085538 0.1457049 0.1460658 0.1953552 0.2667443 0.2952234 0.4692106 0.9999996 110.9065 168.0079 195.2913 192.0924 208.4369 201.1239 210.688 226.1854 211.9809 216.1432 1063.009 96 
0.5771101 0.8417327 0.433164 0.09262973 0.107345 0.1296534 0.1149751 0.1562791 0.2225409 0.2411465 0.3190933 0.531682 1 99.79981 157.3953 195.7755 226.128 217.8268 230.76 259.3869 256.024 254.5235 268.0229 1077.406 97 
0.4672185 0.9358828 0.5309769 0.0943402 0.1170724 0.1151977 0.1586068 0.1613911 0.1809239 0.2416289 0.311126 0.4762023 1 97.23871 142.6704 175.9437 177.1501 198.4325 191.7392 182.6806 187.1899 186.9028 192.1759 1030.724 98 
0.5221908 0.9334529 0.4607175 0.09186921 0.1217883 0.1076154 0.1643041 0.1562241 0.1784159 0.2403013 0.3252687 0.5507096 1 94.27839 143.5097 188.4395 186.4787 217.38 208.8676 200.9551 206.6145 212.4491 230.3829 1026.224 99 
0.4882967 0.8910306 0.5251704 0.0918615 0.1155367 0.1176093 0.1339984 0.1547326 0.2196909 0.2190563 0.3179887 0.4734382 0.9999999 97.64412 145.3234 182.4891 189.521 193.4922 195.4315 216.5804 200.0184 204.5286 208.3781 1062.949 100 
