0.9979402 0.3938688 0.1068157 0.1033929 0.1582707 0.15996 0.1115602 0.09070816 0.2377525 0.2294347 0.239982 0.4066224 0.9999995 111.7596 223.289 376.2191 505.9351 581.3431 635.3716 765.6839 860.9245 937.1853 1035.744 1080.922 1 
1 0.2964491 0.1541711 0.1784955 0.1380662 0.1086086 0.1774039 0.1507218 0.3614043 1.644481e-17 0.2244167 0.5460669 1 199.1113 398.2226 524.7445 610.5306 735.4368 822.7306 1000.497 1000.497 1070.989 1204.022 1115.497 2 
0.999998 0.2683415 0.1435004 0.1694781 0.08613403 0.2108279 0.1249399 0.2015229 0.152428 0.2820095 0.2083573 0.9999997 0.9999999 193.8766 387.7528 469.5868 652.6374 738.2448 859.0746 932.0493 1046.482 1107.185 1337.826 1143.963 3 
0.9999898 0.2438322 0.1603719 0.1840318 0.08970235 0.2317121 0.2041821 0.06513108 0.326853 0.5028448 0.08108103 0.9999997 0.9997786 213.3513 426.7005 511.5515 711.0761 846.1519 880.4346 1041.305 1207.9 1221.244 1372.597 1159.318 4 
1 0.334786 0.1315563 0.1554959 0.06788789 0.1587765 0.1172601 0.1102762 0.2472479 0.2613115 0.329508 0.4370946 1 176.3088 352.6176 417.6229 559.3364 647.3777 720.4665 866.2664 982.2602 1090.305 1186.401 1133.849 5 
0.9999997 0.235709 0.1828005 0.212944 0.1325667 0.1926541 0.09769522 0.24873 0.1503696 0.3412079 8.318252e-08 1 1 250.4125 500.825 623.5209 778.1924 841.5157 986.9855 1053.055 1180.431 1180.431 1426.365 1175.955 6 
1 0.3448282 0.1470142 0.1536342 0.1095392 0.1306553 0.1750997 0.1673084 0.2421341 0.2139889 0.3008326 0.4722181 0.9999999 168.2758 336.5516 438.0972 545.9506 671.6069 770.6485 890.0034 969.9441 1058.279 1155.224 1095.302 7 
0.9999997 0.2998301 0.1520425 0.1088306 0.1761752 0.1757018 0.1499449 0.2325833 0.1770984 0.1797706 0.4759453 1 1 116.7914 233.5828 402.0691 540.4993 637.8794 766.2792 841.3085 903.9817 1040.081 1189.938 1073.149 8 
1 0.9999997 0.0435838 0.05191906 0.1023816 0.1352798 0.1395702 0.1515149 0.2163863 0.2734595 0.3690044 0.4619882 1 46.00029 92.00058 178.0011 280.002 371.0015 456.0012 559.0009 661.0011 761.001 840.0007 886 9 
0.9999991 0.2135441 0.1474612 0.1789061 0.2265165 0.07923569 0.191995 0.2916275 0.2125124 7.436611e-18 0.4816411 1 1 215.5043 431.0084 655.0471 715.6636 850.9055 1016.889 1102.568 1102.567 1255.487 1420.065 1204.567 10 
0.9999997 0.3062595 0.1269611 0.1461387 0.1415768 0.08457133 0.2529367 0.1710457 0.1826966 0.1800962 0.4302087 1 1 156.7932 313.5864 443.2869 509.7947 691.8851 783.8758 865.3261 930.9481 1059.473 1229.699 1072.907 11 
0.9999997 0.2228506 0.1666473 0.2245533 0.2016975 0.1318459 0.1185325 0.3367536 0.1554475 0.4742483 0.9999992 0.9999915 0.9999633 255.8907 511.7814 690.0141 783.0222 855.614 1037.404 1093.06 1236.465 1395.444 1395.443 1139.555 12 
0.999998 0.3075341 0.1313607 0.1234478 0.1776024 0.1387203 0.2062178 0.1836575 0.1205985 0.1946999 0.4943163 3.589764e-07 0.9999999 139.8818 279.7632 456.1651 569.4766 714.5556 817.1174 872.0949 950.1496 1109.738 1109.735 1133.125 13 
0.9999028 0.3922714 0.1099757 0.1240914 0.1127924 0.1954247 0.07393844 0.1827751 0.2454159 0.1803203 0.3350472 0.3685584 0.9999994 132.6246 265.2362 370.8 533.074 582.4309 695.4813 819.5266 888.2593 992.9756 1069.538 1068.765 14 
1 0.4442643 0.1096241 0.1227452 0.06979607 0.116964 0.1620499 0.2097933 0.2498804 0.2098123 0.4821027 0.3975091 0.9999999 123.8601 247.7201 309.5052 405.8177 523.6482 651.4741 771.7836 847.5592 985.1432 1043.895 1009.083 15 
0.9196232 0.2179143 0.205504 0.1542448 0.1442621 0.1686617 0.1769929 0.203924 0.129358 0.2802102 0.3816913 1 0.9999914 224.897 431.7176 574.9151 706.6869 805.1573 887.6754 890.6781 959.3109 1019.689 1160.442 1458.052 16 
0.9999994 0.2636575 0.161033 0.1223184 0.179867 0.2331862 0.173377 0.01602508 0.2161607 0.2674089 0.4844915 1 0.9999905 140.3978 280.7955 461.9948 654.655 764.4973 772.8892 884.2792 992.2911 1135.656 1288.2 1147.806 17 
1 0.4915033 0.1036148 0.0977512 0.1328533 0.0963159 0.1123473 0.180578 0.214012 0.2448318 0.2393777 0.5391168 0.9999999 99.74183 199.4837 321.7914 398.6818 479.7318 595.3693 707.6693 808.6469 883.2033 1010.922 1020.364 18 
0.9999997 0.2993774 0.1661187 0.1432823 0.1809614 0.1888779 0.1255219 0.1930393 0.1840906 0.1829479 0.5915186 1 0.9999991 153.7235 307.447 473.7773 615.9679 692.6148 795.6938 875.0184 939.3383 1109.255 1226.594 1072.872 19 
0.9999996 0.4341349 0.1086522 0.1152162 0.117813 0.1289752 0.1421122 0.1237249 0.2584257 0.2802421 0.459232 0.4189685 0.9999988 117.5325 235.065 341.3995 444.0942 542.6548 616.2685 751.0029 859.3533 987.1489 1050.197 1020.104 20 
0.9999985 0.2807113 0.1475516 0.1275423 0.119233 0.1680115 0.09067785 0.1727283 0.1521961 0.2844386 0.3024888 0.302513 0.9999999 153.2459 306.4916 431.4813 586.6048 656.2599 776.9122 864.8592 1004.208 1110.248 1184.217 1201.531 21 
1 0.5478102 0.09864584 0.09355624 0.09369866 0.1190105 0.1692586 0.1413699 0.1971648 0.2690294 0.4720258 0.3436835 0.9999997 91.31826 182.6365 265.5374 360.9671 480.5365 563.5009 662.8514 771.6861 911.2693 964.9278 976.0788 22 
0.999999 0.2864194 0.149531 0.1791362 0.08978818 0.1714361 0.1620025 0.1316037 0.3047744 0.337819 0.3691018 1 0.9999982 195.606 391.2119 471.6917 611.558 721.0691 795.6186 945.5441 1061.077 1144.665 1287.54 1091.94 23 
0.9999999 0.3726339 0.1336358 0.1242309 0.1281257 0.0828408 0.2093668 0.1803043 0.2053129 0.1968804 0.492633 0.3360621 0.9999996 131.5593 263.1187 381.9464 448.9317 604.2018 709.9228 808.6015 883.7995 1034.914 1087.217 1058.99 24 
0.9999985 0.2776436 0.1566789 0.1222837 0.1633506 0.2015554 0.1493065 0.2465244 0.1649343 0.1457161 0.5593751 1 0.9999999 136.9226 273.845 434.3839 600.1123 698.1343 835.8168 905.2224 956.4268 1124.351 1256.626 1119.713 25 
0.9999826 0.3565551 0.1417645 0.1324215 0.1232565 0.1412713 0.1857738 0.1663765 0.07622592 0.3031078 0.2906035 0.4215559 0.9999995 143.103 286.2035 401.7589 517.8769 649.0009 744.6132 781.1215 915.2625 1004.881 1097.103 1080.663 26 
1 0.3388821 0.1387991 0.1496857 0.1476822 0.1661733 0.1416145 0.1827317 0.2607039 0.2763194 0.3897324 1 1 159.4206 318.8412 452.5845 580.849 671.9931 772.9457 890.6563 982.8917 1077.037 1224.456 1065.036 27 
1 0.3642558 0.1437052 0.1009657 0.15321 0.08004557 0.1813514 0.2232032 0.1709328 0.2129901 0.286321 0.4532753 0.9999999 109.8624 219.7247 369.603 435.9108 574.1129 713.3616 796.1985 881.7736 972.3097 1074.6 1088.116 28 
0.9999911 0.2738376 0.1589658 0.2036655 0.1319377 0.1524642 0.1463422 0.2406466 0.2935608 0.3744188 0.07529716 0.9999838 0.9999255 226.5065 453.011 569.8567 687.0651 782.4126 916.2597 1040.243 1151.953 1165.998 1338.591 1112.15 29 
1 0.2866321 0.1527616 0.1428932 0.12937 0.1714015 0.2230549 0.1317551 0.1870885 0.4104714 5.230451e-11 0.4180825 1 164.0431 328.0862 455.3822 602.2172 760.5499 833.2135 922.7992 1082.578 1082.578 1178.518 1148.012 30 
0.9999998 0.3182702 0.1479086 0.1203104 0.1602863 0.1516796 0.1950403 0.1557519 0.1920963 0.2807066 0.3779702 1 1 128.8821 257.7642 408.8123 528.8388 659.7673 743.9296 831.5636 935.0221 1035.224 1200.128 1071.247 31 
0.9999996 0.3194227 0.1458397 0.1834485 0.0955818 0.08777691 0.1704609 0.2241521 0.2575626 0.3172957 1.151773e-10 0.44721 1 206.7154 413.4307 501.3768 574.4218 703.8225 844.9759 970.8127 1085.906 1085.905 1196.651 1126.831 32 
1 0.5736766 0.09763749 0.06471086 0.08581742 0.1207152 0.1688362 0.1576679 0.1993295 0.2386015 0.3797751 0.4435111 1 62.78515 125.5703 203.4458 303.5888 426.7443 522.3356 624.1313 721.6943 839.9305 925.5706 970.2412 33 
0.286586 0.6856134 0.2471679 0.06454312 0.09088865 0.08875778 0.172267 0.1441652 0.2200489 0.271271 0.3920974 0.5098385 1 78.76323 101.3357 132.7959 130.1704 200.216 170.2284 196.2021 197.971 206.0344 177.0592 1220.32 34 
1 0.5159139 0.09274332 0.07636653 0.138054 0.1385641 0.1514473 0.163496 0.1610729 0.3015122 0.220833 0.5534467 1 75.63289 151.2658 277.552 386.8062 489.6722 583.9037 661.5606 783.5118 845.9003 967.7281 990.3931 35 
0.9999996 0.2986784 0.1359381 0.1628731 0.155386 0.1076501 0.1866272 0.2000587 0.1698592 0.36934 0.2632581 1 0.9999992 174.1826 348.3651 487.475 568.8738 694.7995 804.5953 879.1672 1013.773 1074.281 1243.617 1069.437 36 
0.9999966 0.2413001 0.1798909 0.1886639 0.1276642 0.1456149 0.2478397 0.1644029 0.06349719 0.5617669 1.972339e-08 1 0.9999979 215.5938 431.1868 549.5488 667.3178 838.5757 924.0216 951.5955 1180.078 1180.074 1358.31 1142.74 37 
0.9999847 0.6185953 0.0879201 0.0719707 0.1219993 0.1168342 0.1188558 0.1620562 0.2289893 0.1823308 0.3390766 0.4633589 1 71.16544 142.3298 254.2798 348.4085 432.9763 534.577 654.8753 728.7228 841.0194 942.4399 988.8113 38 
1 0.3535078 0.1415425 0.1163373 0.1180923 0.1593443 0.1335004 0.1734732 0.160115 0.1513559 0.3557996 0.5054744 1 130.1816 260.3632 377.1352 516.091 613.9591 724.1534 808.2185 874.9611 1008.109 1129.966 1119.001 39 
0.9999997 0.2511 0.1736261 0.1933284 0.06875646 0.1404539 0.1955882 0.2732115 0.1336974 0.3732441 0.3894216 1 0.9999987 223.1089 446.2178 510.2252 631.988 777.7327 941.4999 999.7448 1140.608 1232.722 1377.148 1154.041 40 
0.9999984 0.6568033 0.06263108 0.08822518 0.08994301 0.144943 0.09953263 0.1763342 0.1820147 0.3021637 0.2628358 0.4839156 1 83.78296 167.5658 245.4441 359.657 426.719 533.7024 624.6593 748.1737 823.1477 924.9039 949.6492 41 
0.9999999 0.3229952 0.1565012 0.1539513 0.09998061 0.1144155 0.1589401 0.1900344 0.2403129 0.3434973 0.3278022 1 0.9999998 164.1654 328.3307 418.5312 511.4343 625.7243 740.6545 858.3733 986.2014 1066.286 1230.511 1066.346 42 
0.9999997 0.2875168 0.1522844 0.1415728 0.1036419 0.1880188 0.1288146 0.3251833 0.1896031 0.4127722 0.1746994 1 0.9999987 153.1059 306.2118 402.4286 558.8868 645.9245 837.3421 912.6575 1045.534 1078.558 1234.569 1081.465 43 
0.9999998 0.5500615 0.07669684 0.09068703 0.08477866 0.1454835 0.1270269 0.1874351 0.2132354 0.2689727 0.1928984 0.5147297 1 90.94388 181.8877 259.1964 380.6139 471.2046 587.8962 695.7675 802.8207 858.9452 979.819 1002.832 44 
0.9999978 0.3036624 0.129878 0.1358192 0.1230299 0.1290436 0.1350607 0.2494372 0.1407174 0.3754698 1.679668e-08 0.3512337 1 158.1404 316.2805 440.073 553.9417 657.7402 823.5502 893.7566 1054.727 1054.725 1148.765 1164.345 45 
0.393393 0.3951845 0.3403314 0.06569252 0.1134228 0.1152502 0.1636856 0.1494637 0.1993429 0.1947687 0.2899858 0.4441334 1 118.9325 165.7197 257.0487 273.9566 324.9537 293.6849 303.6708 266.6388 281.3423 302.5545 1810.442 46 
1 0.4389928 0.1165951 0.1022408 0.1486943 0.1690783 0.1096724 0.1730775 0.2372715 0.2952291 0.3997279 0.4785696 0.9999992 102.5586 205.1171 339.0238 468.6465 538.5101 636.6722 747.9513 853.5594 954.3338 1026.757 1003.108 47 
1 0.3580185 0.1363603 0.1314903 0.08685836 0.1664378 0.1192647 0.2296665 0.1955801 0.3375419 0.2568726 0.4170167 1 142.5162 285.0325 366.7955 509.8612 595.3154 740.2475 835.3234 967.318 1033.861 1114.141 1083.854 48 
0.9999999 0.3499365 0.1305372 0.134024 0.09522978 0.1699803 0.2024976 0.2325512 0.2648501 0.1607276 0.3730421 1 1 140.0906 280.1813 366.3808 505.5905 643.2413 769.3106 879.5001 928.6594 1024.418 1185.355 1045.265 49 
0.9999998 0.3269126 0.1561128 0.0998715 0.1535583 0.1405756 0.1356184 0.2121812 0.1814406 0.2947621 0.3732462 1 1 107.1133 214.2265 362.4714 477.3431 572.5852 701.3873 788.1588 903.5477 1006.592 1179.623 1072.511 50 
0.9999741 0.293724 0.179343 0.1032652 0.1649835 0.1211332 0.1885749 0.2124494 0.1923002 0.1158575 0.2525754 0.4145066 0.9999997 122.6131 245.2231 420.8826 528.5691 675.905 810.5879 906.5892 953.2925 1043.333 1153.78 1187.361 51 
0.9999998 0.2632747 0.1695119 0.1713061 0.1597316 0.1534421 0.2345478 6.043275e-07 0.2721669 0.1949048 0.406068 1 1 201.3999 402.7998 558.4218 684.0372 846.5869 846.5871 990.9673 1066.221 1192.447 1377.071 1175.673 52 
0.9999997 0.1874985 0.2052336 0.1796063 0.2064707 0.1398563 0.1234211 0.1504237 0.3034102 7.949999e-08 0.4919046 1 1 240.0874 480.1747 706.6018 828.3085 920.6916 1019.39 1188.523 1188.522 1379.532 1576.828 1336.743 53 
0.9999999 0.2990608 0.1723806 0.1444882 0.1450899 0.1672319 0.1281087 0.1165543 0.1867403 0.3068566 0.3540047 0.3163297 1 167.2634 334.5267 478.2184 619.8088 710.1357 781.7879 883.2068 1018.74 1127.118 1189.679 1157.626 54 
0.9999997 0.3506329 0.1510338 0.1414837 0.1782224 0.1024123 0.1495406 0.1644847 0.1143381 0.4325149 0.2041369 1 0.9999957 148.3726 296.7452 457.202 532.9728 632.2811 725.1789 779.133 959.8935 1008.308 1197.062 1048.691 55 
0.9999997 0.2525631 0.1618069 0.1856764 0.1308795 0.1297431 0.1451114 0.2297289 0.1064076 0.2170519 0.4439602 1 1 221.8167 443.6334 570.9561 680.6541 787.4274 931.9336 983.4904 1077.466 1227.964 1416.456 1194.642 56 
1 0.3307687 0.1268078 0.1041536 0.1578625 0.1485323 0.1260617 0.1927384 0.1454563 0.4247669 0.3668387 0.1741017 1 111.9127 223.8254 375.7813 496.1858 583.1966 699.4589 770.289 947.0432 1034.852 1061.239 1074.497 57 
1 0.351345 0.1451769 0.1184271 0.1546695 0.07931072 0.1931305 0.1225638 0.2363248 0.3890669 0.447245 0.2541468 0.9999995 128.1382 256.2764 403.8099 467.7604 611.1364 684.5524 808.7615 964.9242 1074.595 1109.043 1082.001 58 
0.9999994 0.4675075 0.1164185 0.09992651 0.1004751 0.1266487 0.1566421 0.1650597 0.17037 0.2114073 0.3515792 0.4298933 1 102.7236 205.4472 298.4134 403.8232 517.6848 618.871 706.0734 795.8451 913.5775 1006.922 1027.992 59 
0.9999999 0.2969878 0.1546694 0.1700726 0.1267326 0.1339941 0.2223399 0.06959266 0.3025762 0.1935492 0.5340818 0.3819618 0.9999997 188.6419 377.2839 493.9466 601.6618 756.4471 794.1231 946.5318 1014.525 1165.831 1216.248 1109.185 60 
0.9997836 0.4034563 0.115725 0.08943882 0.130309 0.1340045 0.1395298 0.1777912 0.2059382 0.287944 0.1989554 0.3686372 0.9999999 96.70747 193.394 321.6495 436.3232 539.6932 653.0173 760.9145 880.7009 939.5257 1026.915 1081.27 61 
0.9999998 0.3208468 0.1489272 0.1744424 0.1128255 0.1395791 0.184166 0.1433374 0.2067672 0.2494338 0.3433142 1 1 190.2074 380.4148 481.9765 593.4449 719.9919 800.3452 899.642 994.6609 1092.821 1280.58 1090.374 62 
1 0.4650312 0.1103058 0.07959054 0.1198586 0.1291381 0.09912588 0.2295933 0.1606214 0.2475424 0.3993822 0.4234073 1 81.75474 163.5095 276.8283 384.2864 456.119 606.0038 686.7871 791.2894 918.156 998.938 1027.192 63 
0.9553378 0.2229521 0.1954173 0.1997031 0.1361932 0.135049 0.1394973 0.305348 0.1382464 0.3735632 0.2861519 0.9999983 0.9993897 264.6975 517.573 638.925 734.1331 811.9031 983.8852 1005.436 1113.038 1136.509 1268.312 1325.455 64 
1 0.365096 0.1360489 0.1329691 0.09361664 0.1854818 0.07645789 0.1668063 0.3086316 0.1800957 0.3190975 0.4373977 0.9999999 145.2303 290.4606 379.1137 538.3178 591.7713 699.473 865.507 932.4907 1029.8 1120.621 1092.211 65 
0.9999953 0.2315323 0.1536057 0.1734423 0.1110725 0.1814381 0.3268056 3.532774e-05 0.2267563 0.3743227 0.4536795 0.9999995 0.9999984 203.0899 406.1789 513.6781 669.775 899.9234 899.9358 1007.432 1144.645 1248.695 1373.993 1170.936 66 
0.9999998 0.2436494 0.1474708 0.1547887 0.08359554 0.2078718 0.2102012 4.918097e-05 0.1888474 0.3764779 0.2356055 0.3005522 0.9999992 192.9742 385.9483 474.0345 674.7623 835.5463 835.5759 949.6569 1134.135 1206.12 1276.313 1246.694 67 
0.9999999 0.3759788 0.1276951 0.1307135 0.1066515 0.1569872 0.2107917 0.1009776 0.2453264 0.2822007 0.3460545 1 0.9999999 135.7127 271.4253 367.6817 494.2568 637.5321 691.699 810.0097 912.716 1003.12 1173.957 1038.245 68 
0.9999986 0.2458028 0.1783956 0.1436209 0.1729996 0.08417613 0.1539032 0.1987336 0.33905 0.2060336 0.1898306 0.9999993 0.9999986 170.938 341.8758 518.2078 589.1619 707.971 837.7764 1015.221 1086.49 1138.624 1361.132 1190.203 69 
0.9999979 0.2919859 0.1553653 0.1375724 0.1883831 0.07345125 0.2709885 0.05626855 0.2308536 0.2586497 0.5205479 0.9999999 0.9999939 154.1819 308.3635 490.4448 548.064 745.0306 774.8447 890.285 989.7659 1138.193 1274.902 1120.733 70 
0.9999999 0.5170817 0.09063928 0.081337 0.1111364 0.106123 0.1362939 0.1398813 0.1822298 0.2603067 0.2556279 0.5283108 0.9999998 81.26414 162.5283 264.5337 351.1125 450.5056 538.6116 637.3358 752.6601 836.4314 965.3057 999.1042 71 
0.9999971 0.2186484 0.1776795 0.2284007 0.08941141 0.1690918 0.2147299 0.2092836 0.2949771 0.2888348 0.3462214 1 0.999993 274.5209 549.041 631.9601 774.7538 925.4253 1040.741 1169.259 1257.979 1333.608 1476.425 1201.927 72 
0.9995375 0.2546885 0.1534304 0.1802226 0.1053437 0.1063731 0.146459 0.07607918 0.2549348 0.2421717 0.319788 0.1064214 0.9999996 227.8189 455.5325 564.4873 662.8461 783.8799 837.3171 1003.492 1120.915 1238.368 1264.5 1264.098 73 
0.9999542 0.4762708 0.1220018 0.1063144 0.1184287 0.09763817 0.1657338 0.1177276 0.2225656 0.2491613 0.4153854 0.2547477 0.9999997 109.2355 218.4659 327.2018 406.2244 527.2671 598.9855 718.6211 822.735 953.063 999.7598 1027.475 74 
1 0.4246748 0.1177722 0.1339988 0.09408007 0.1000664 0.1969967 0.09853459 0.198926 0.1437124 0.4421086 0.4140635 1 141.3508 282.7017 368.6453 451.4575 598.1727 657.1007 764.345 826.4104 989.9052 1075.331 1054.866 75 
0.9999998 0.3299026 0.1426823 0.1566806 0.1052087 0.1299804 0.2143363 0.09378888 0.2765165 0.3199328 0.3257751 1 0.9999994 166.7935 333.5869 428.0381 532.4513 682.2479 733.7463 871.3384 986.5137 1066.271 1231.337 1064.545 76 
0.9999979 0.2525609 0.1852056 0.1432524 0.1536894 0.1207877 0.2017044 0.1356961 0.4075233 2.741123e-07 0.4871575 1 1 166.3724 332.7444 485.6679 587.3819 736.719 816.9198 1025.098 1025.096 1172.538 1327.753 1161.394 77 
0.9999986 0.3047562 0.1635827 0.1712089 0.1193002 0.1592298 0.1481308 0.1674808 0.2104786 0.3717648 0.4470426 1 0.9999122 180.5549 361.1096 465.3814 587.9496 683.8179 776.153 872.7588 1007.478 1109.25 1235.135 1054.588 78 
0.9999999 0.257614 0.143601 0.1247607 0.2062343 0.1692196 0.1605225 0.18958 0.1267868 0.1664382 0.4410351 1 1 143.6886 287.3773 495.2667 630.6652 737.3704 843.162 900.5 966.2267 1111.404 1295.402 1151.714 79 
0.9999993 0.2527101 0.1763571 0.1669259 0.230555 0.08770887 0.2198089 0.2372786 0.1105342 0.189875 0.3359894 0.9999996 0.9999999 193.9826 387.9651 611.1665 676.5007 825.8757 951.6787 996.377 1064.673 1162.578 1356.066 1162.088 80 
0.9999994 0.2524702 0.1825692 0.1855966 0.1630492 0.1156858 0.2092924 0.1567663 0.1795041 0.3358734 0.3688199 0.9999999 0.9999999 213.9789 427.9577 581.0517 671.9633 817.4084 903.5501 986.7232 1114.414 1207.536 1366.9 1152.925 81 
0.9999886 0.2155281 0.1748796 0.2007479 0.1893619 0.1742496 0.2513024 0.145104 0.02648553 0.3616813 0.4220402 0.999965 0.9999602 241.3775 482.7521 664.7259 800.4647 962.1153 1031.991 1042.884 1187.847 1295.817 1443.675 1202.391 82 
0.9999987 0.284163 0.1471014 0.171219 0.08550035 0.2147599 0.1757846 0.1531636 0.2387846 0.3952442 0.390462 1 0.9999342 190.1122 380.2241 458.9039 639.6351 755.7964 839.2173 949.3526 1088.122 1171.027 1300.449 1110.345 83 
0.9999998 0.2625058 0.1702401 0.1575096 0.1581158 0.1247151 0.1627241 0.1271869 0.2828058 0.2148491 0.3175551 1 1 182.9344 365.8688 520.5825 623.3188 740.6482 817.4313 966.4473 1047.639 1141.862 1344.351 1161.418 84 
1 0.3920617 0.1097277 0.1098636 0.1530315 0.1055591 0.09325587 0.217097 0.1266371 0.2885004 0.3113043 0.4428967 1 117.3832 234.7664 380.3087 465.3386 532.5284 674.3578 739.1288 868.0016 966.9423 1063.886 1068.445 85 
0.9999983 0.2653289 0.1486084 0.1628061 0.1627279 0.1489831 0.1968934 0.0730405 0.2790264 0.1584115 0.6824408 1 0.999927 184.7566 369.513 524.1152 642.6255 775.9126 815.621 956.2372 1013.793 1222.47 1319.572 1134.826 86 
0.9999989 0.2825579 0.1579821 0.1243632 0.2040378 0.07653919 0.1920506 0.1383619 0.2450273 0.3296933 0.2384233 0.9999999 0.9999997 138.0796 276.1591 474.5272 533.7562 670.998 750.8838 872.7809 996.6092 1056.634 1248.367 1110.294 87 
0.9999997 0.2880754 0.1706998 0.1634354 0.1314193 0.1373034 0.2051283 0.1249251 0.3187424 0.2793192 0.4838796 1 0.9999955 180.5894 361.1788 482.6587 592.898 734.98 803.7595 957.3255 1049.004 1163.462 1285.546 1104.959 88 
0.9999999 0.3026892 0.157204 0.1203429 0.1713935 0.188263 0.1284828 0.1386198 0.1371089 0.507665 5.439818e-10 1 1 132.204 264.408 430.0353 580.7831 664.2946 742.8185 809.7203 1023.47 1023.47 1230.765 1098.561 89 
0.9999998 0.2166 0.189793 0.1634128 0.2021278 0.1910139 0.06880845 0.3390027 6.430011e-06 0.2736004 0.4055105 0.9999996 1 203.2209 406.4417 616.732 775.2912 821.4983 1033.485 1033.488 1146.577 1268.33 1446.824 1243.604 90 
1 0.3453982 0.1182907 0.1232107 0.1768307 0.1165208 0.1501281 0.1505657 0.1790819 0.3291189 0.4396561 0.3834484 0.9999997 133.2441 266.4882 434.157 525.1038 628.628 716.8669 806.0156 940.5137 1061.051 1119.959 1081.433 91 
0.99999 0.4019786 0.1124733 0.09040512 0.1419563 0.1217858 0.2033069 0.1447268 0.1976167 0.1675673 0.3902201 0.3377428 0.9999999 94.57756 189.1542 324.2343 423.6684 569.4465 652.1194 748.6674 814.353 941.6922 1008.894 1046.153 92 
1 0.308203 0.1642592 0.1397808 0.1130855 0.1531475 0.1241525 0.1433321 0.2868049 0.1749999 0.3820825 0.4154624 0.9999997 159.0562 318.1123 428.805 561.7598 653.036 745.33 903.5383 972.3859 1096.398 1179.721 1137.897 93 
0.9999999 0.3187569 0.1364271 0.1442437 0.1582491 0.06335873 0.1994072 0.1296734 0.2538912 0.2344973 0.3678814 1 1 156.9249 313.8498 461.1782 510.8299 657.1968 733.3984 863.2488 952.7308 1060.192 1244.84 1087.915 94 
0.9999998 0.3288147 0.1500536 0.1460806 0.1132873 0.1791597 0.1409293 0.1103954 0.2610829 0.3554562 0.4199414 1 0.9999997 155.171 310.3419 413.0999 557.1979 650.2396 712.8513 844.58 977.1008 1078.012 1217.399 1062.229 95 
0.9999997 0.3104319 0.1563605 0.1478755 0.1059425 0.1870404 0.1426051 0.1569987 0.3228528 0.3325114 0.3620016 1 0.9999978 161.1358 322.2716 420.6429 575.9171 672.1597 763.0065 920.494 1030.327 1110.14 1250.806 1089.672 96 
0.9999996 0.2683997 0.1334522 0.1742502 0.1561957 0.1034595 0.1589886 0.1978895 0.2399482 0.2681308 0.3483166 1 1 197.5537 395.1074 541.335 623.0631 735.6628 853.5307 968.1676 1065.531 1158.098 1331.288 1133.736 97 
0.9999994 0.2424277 0.1795171 0.195732 0.1607675 0.1102401 0.1978967 0.109245 0.1812253 0.6002681 6.83051e-06 1 0.9999997 226.9709 453.9417 603.878 690.1618 827.9784 889.0013 979.1728 1223.719 1223.72 1386.567 1159.601 98 
0.9999988 0.5262154 0.08976669 0.1019999 0.1039428 0.09029741 0.1598325 0.2181979 0.2182984 0.2684195 0.3007409 0.4171721 1 102.6704 205.3407 299.2947 372.4306 490.1968 625.2707 730.9201 832.4681 915.7039 996.4404 1006.573 99 
1 0.3437157 0.1557815 0.1331459 0.1664489 0.1323112 0.1272818 0.1473559 0.1936786 0.1979777 0.4641749 0.3319799 0.9999999 145.5368 291.0736 448.7882 553.289 640.5165 728.6475 827.4142 908.8197 1061.895 1120.557 1093.062 100 
