NaN 0.1078091 0.02357281 0.01818004 0.02538616 0.02664763 0.03026989 0.03761646 0.04084398 0.05121411 0.07089936 0.08673119 7.14217e-05 24.8471 45.06878 51.54437 48.92677 34.14692 35.69137 25.69261 0 0 0 1 
9.491434e-08 0.06858092 0.02421178 0.02307092 0.02471608 0.02926669 0.03706412 0.04413848 0.06134128 0.08829019 0.08759729 0.1286965 2.409066e-05 33.59376 43.31193 46.93055 53.1981 45.92612 58.4372 42.89252 40.73386 38.33813 0.0006683072 2 
0.000210069 0.0474233 0.02215665 0.02249017 0.02654228 0.03834807 0.04728083 0.05298781 0.06826221 0.07848254 0.1147279 1.155917e-08 3.472988e-10 31.39947 35.81791 50.98109 45.17239 48.41626 43.09251 44.61923 40.73903 1.186121 1.460041 3 
0.0003549246 0.04530291 0.02495709 0.02535109 0.02986909 0.04118314 0.05325836 0.06711691 0.0752885 0.1091277 0.1736595 1.568792e-08 4.526146e-09 36.67363 41.90821 56.46331 60.86928 52.18717 57.85226 57.559 49.34021 2.230082 2.745295 4 
1.541664e-11 0.0843033 0.02772644 0.02707873 0.02275138 0.03254962 0.03569382 0.04008019 0.0485245 0.06467795 0.08917263 0.1290542 2.64665e-05 39.45617 41.7813 56.79276 51.43903 48.03453 50.43002 52.66028 46.60297 42.33505 5.014405e-06 5 
0.000188214 0.03957763 0.0267073 0.02947329 0.03799027 0.05001278 0.06333985 0.07347542 0.09745134 0.1125986 0.1806291 NaN NaN 43.68488 53.18873 62.90722 58.92909 61.62711 55.74113 56.54033 49.98217 1.342653 1.626279 6 
2.254441e-08 0.07606709 0.02626926 0.02515504 0.02491899 0.02988439 0.03762382 0.04558302 0.0573565 0.07485526 0.09126018 0.1228121 2.478292e-05 34.30144 42.3238 46.76298 52.29771 51.25403 50.63916 42.31144 37.86376 36.70797 0.000149886 7 
0.0001070364 0.04390523 0.02290389 0.01774957 0.02986148 0.03900806 0.04818553 0.05944685 0.07874168 0.08963484 0.1091817 1.113903e-10 8.492861e-10 25.19821 43.27497 50.92012 50.66939 54.16787 47.53042 43.73077 45.62867 0.5747574 0.7166184 8 
0 2.92676e-05 0.004654407 0.005966162 0.008759562 0.01071051 0.01189774 0.01330608 0.01634763 0.02002643 0.02524052 0.03282537 0 6.640339 11.12982 14.22719 15.85863 16.57804 16.55708 15.58308 13.55105 10.2322 4.595755e-15 9 
0.0001215749 0.0357066 0.02757867 0.02605004 0.04086245 0.05208981 0.06261867 0.08451696 0.09542197 0.0001116331 0.1316305 1.187328e-10 6.168864e-11 42.16619 63.98231 63.04469 72.68071 76.21984 53.17235 53.17368 63.68901 0.8978726 1.093973 10 
0.0002231393 0.05025343 0.02223474 0.02252748 0.03052875 0.03611562 0.04498571 0.05824655 0.07482152 0.09171446 0.1115272 1.538161e-14 6.391378e-11 31.55273 45.07667 44.52489 53.05966 55.03214 49.68348 43.7785 45.94562 1.263976 1.569898 11 
4.222551e-17 0.08859995 0.02448236 0.02390543 0.02530197 0.02791504 0.03286799 0.03981757 0.04917545 0.06366314 0.087553 0.1371536 4.296088e-15 32.75623 46.36105 49.04296 49.65521 50.08837 48.32197 45.87849 40.73203 33.26787 6.178568e-07 12 
NaN 0.1068785 0.02647579 0.01974207 0.02776558 0.02574823 0.03424744 0.04040725 0.05218534 0.05506119 0.07630694 0.1384807 4.297833e-05 26.78552 49.1523 49.86055 57.27447 55.99263 40.50383 39.98557 37.84397 30.30371 0 13 
0.1263803 0.1568713 0.05808085 0.00871397 0.009250579 0.01296841 0.01336427 0.01558774 0.0186255 0.0224222 0.02866497 0.04092764 1.02013e-05 14.90137 22.31284 32.21007 30.74042 43.34376 47.53105 49.15241 55.38334 49.90696 60.2478 14 
4.503426e-07 0.1072303 0.01861253 0.01813211 0.01443691 0.01867989 0.02501299 0.03029365 0.03536333 0.04314177 0.06489804 0.1138456 1.619014e-05 22.9346 25.07274 31.24209 38.97625 41.99482 36.96944 31.60024 33.39253 22.83454 0.002369253 15 
0.145422 0.04290037 0.04323645 0.04109227 0.04195859 0.05131325 0.05592399 0.06669533 0.08085641 0.1016657 0.1642017 NaN 0.3540278 64.79317 122.6333 198.2432 275.6347 374.8781 490.7968 637.3963 772.0814 948.6552 1153.297 16 
0.0001214978 0.041635 0.0234149 0.01839936 0.03033305 0.04201954 0.05425113 0.07129272 0.06307928 0.08112624 0.1124131 NaN NaN 26.7029 44.3178 55.65131 56.98313 43.8599 45.53764 46.09929 49.1799 0.6715815 0.8422656 17 
1.36972e-08 0.1093225 0.01840734 0.01606085 0.01948029 0.01940174 0.0218252 0.02625493 0.03192947 0.03954432 0.05108725 0.07081667 2.308643e-05 20.27595 32.65449 32.61683 30.40902 32.42292 31.87181 28.77492 24.91566 25.09776 6.863857e-05 18 
9.224415e-07 0.07874267 0.02227077 0.01763623 0.02340908 0.02837056 0.03283037 0.03833363 0.04497322 0.05472886 0.06657833 0.1023335 9.820704e-06 23.64963 37.93954 45.3211 43.53648 39.8649 36.69503 32.29773 33.96858 32.19964 0.005392318 19 
0.0001127193 0.04479754 0.02140263 0.02190866 0.02927931 0.03899554 0.04771296 0.05369305 0.06551232 0.08781752 0.1287312 7.413632e-07 6.87703e-06 31.38991 42.67552 52.0325 48.22511 47.13257 48.65552 48.4775 47.51178 0.6654971 0.8278703 20 
2.148882e-06 0.07361636 0.02542613 0.01844761 0.02219479 0.02991896 0.03430374 0.0397405 0.04744381 0.05730704 0.07639091 0.111207 8.674855e-06 27.08552 38.52948 50.36903 47.662 46.60864 43.19794 43.42291 42.41586 41.28911 0.01321204 21 
0.000257992 0.1094043 0.01573294 0.01403389 0.01402124 0.01669559 0.02168758 0.02359921 0.02793089 0.03569467 0.05064224 0.07881051 4.117036e-05 17.23258 23.59359 27.95978 33.16184 29.18078 28.84161 28.01736 26.82349 19.29962 1.245326 22 
0.0001084827 0.04204987 0.02260753 0.02363514 0.02905811 0.03621821 0.04627387 0.05797733 0.0672928 0.08988678 0.1401602 2.773469e-07 1.025548e-09 34.07976 40.12379 46.24062 52.27077 48.60385 49.00504 51.56754 48.98971 0.6617673 0.8217926 23 
6.222906e-09 0.07699698 0.02614911 0.02294431 0.02620846 0.02867759 0.04178881 0.04767252 0.05722943 0.06884369 0.09892796 0.1801856 3.234485e-05 31.5343 44.95523 44.60314 59.85645 56.05634 49.50148 43.38928 49.14174 38.56374 4.032413e-05 24 
0.0001092767 0.04306189 0.02545697 0.02002311 0.03186457 0.04304502 0.0541742 0.06726719 0.0893786 0.1150036 0.1167647 3.894036e-19 2.168118e-14 29.54223 47.9423 58.81399 58.6121 61.60211 55.72932 46.54929 51.05287 0.6483214 0.8035387 25 
0.09335649 0.1217915 0.054955 0.008147415 0.01006768 0.01153895 0.01380369 0.01626973 0.01854702 0.02226919 0.02830176 0.03819616 0 14.78713 22.54798 25.16854 30.92759 35.01308 35.64753 43.21055 41.28536 42.03857 45.60775 26 
1.198997e-13 0.04109052 0.02131815 0.02141856 0.02966846 0.0396424 0.04929291 0.05718021 0.07121331 0.08516853 0.1163694 3.415333e-14 9.50073e-17 31.18051 42.91002 51.59594 48.70328 48.67828 45.07657 44.23479 42.07995 2.25499e-05 2.290557e-05 27 
5.671721e-11 0.0782827 0.02306256 0.01544764 0.02202156 0.02389711 0.03044625 0.03779056 0.04614556 0.05467374 0.07348238 0.09872875 5.467849e-05 21.52811 36.67685 39.22934 45.38814 47.5306 40.46432 39.06891 34.16949 33.67715 1.468068e-05 28 
0 0.08257291 0.02291053 0.02352611 0.02370745 0.02661713 0.03173205 0.03931913 0.04884073 0.06326824 0.08996397 0.1087876 1.807935e-05 31.50804 41.28387 42.29374 44.25258 46.18054 44.30308 41.5974 32.88604 31.4027 1.139754e-06 29 
3.04772e-13 0.09363687 0.023676 0.01926605 0.02170869 0.0263474 0.03459334 0.03945505 0.04515168 0.05710305 0.08157693 0.09806763 1.356092e-14 26.47222 39.17366 47.26716 55.29486 46.66886 42.03599 40.96417 32.76258 31.7363 9.284452e-05 30 
2.873142e-13 0.04400528 0.01914022 0.01691539 0.02715786 0.03364335 0.04244813 0.05313806 0.05916915 0.07527206 0.09654771 5.591548e-16 2.972855e-16 22.85041 37.48435 40.64454 45.47129 40.23654 39.86562 37.26907 38.53501 2.454405e-05 2.455713e-05 31 
3.407554e-13 0.07024141 0.02424643 0.02596271 0.02498713 0.02861747 0.03682567 0.0449419 0.05681191 0.07365441 0.09679214 0.1203342 2.335866e-05 36.60714 42.66994 42.79146 51.17278 51.52257 50.99141 44.67344 38.03704 37.96228 2.822727e-06 32 
1.557024e-21 0.1052761 0.01981283 0.0122991 0.01515477 0.0189553 0.0249247 0.02729038 0.03192701 0.03937823 0.05173501 0.07763438 3.334201e-21 15.41366 24.31426 31.44257 38.4802 33.46666 31.89841 26.99134 27.93986 23.22666 2.056319e-12 33 
6.304894e-15 0.08183304 0.02611075 0.02552295 0.02724369 0.02889346 0.04738209 0.0512673 0.06128679 0.0780922 0.1029601 0.1619246 8.547942e-05 35.33369 49.35506 46.32039 68.26928 53.31409 60.08798 50.90151 45.92446 38.26214 3.179833e-05 34 
4.420884e-12 0.09022117 0.02161656 0.0152654 0.02442622 0.02533911 0.03076915 0.03609385 0.04186016 0.05143812 0.07310587 0.08854445 8.609289e-05 20.64882 40.07718 44.51429 46.73431 40.90185 34.66317 37.11626 30.35404 30.61076 3.485266e-05 35 
8.587796e-05 0.04347036 0.02128689 0.02240467 0.03100137 0.03920654 0.04742539 0.05708237 0.07288671 0.09016542 0.1408339 NaN 1.186048e-05 31.805 44.412 49.10457 48.41713 50.45365 46.87682 48.28459 42.40998 0.5176443 0.6348191 36 
0.0007879404 0.03968744 0.02497967 0.02543132 0.0330782 0.04222632 0.05553318 0.07264291 0.08741891 0.07100387 1.87147e-13 5.382733e-18 7.020487e-13 36.81119 45.03121 52.2615 60.1515 55.95293 47.87602 42.53735 42.61796 5.066286 6.161001 37 
2.390902e-06 0.1426944 0.01882226 0.01374713 0.01759181 0.01689871 0.01845633 0.02127799 0.0294933 0.03593836 0.0412712 0.05935513 1.895796e-05 17.63333 31.41669 34.84649 30.87222 30.99529 34.82116 25.71684 24.30487 21.02611 0.01139727 38 
1.980591e-18 0.09321789 0.02562908 0.01868735 0.02159972 0.0263193 0.0297993 0.03784789 0.04637057 0.05255111 0.06320127 0.09623369 9.720365e-15 25.72787 38.59244 46.77651 45.38173 49.19968 39.64722 33.97093 34.53978 34.4244 2.908655e-07 39 
0.0005483268 0.04302877 0.02663865 0.02759385 0.03259296 0.03946654 0.05145667 0.06861293 0.09172106 0.1084404 0.1677637 8.094085e-12 2.085876e-05 41.84895 46.6105 52.43674 62.65053 67.00176 59.53555 60.48778 54.52718 3.724732 4.569736 40 
0.003265725 0.1344066 0.01877021 0.01886834 0.01571712 0.02260077 0.02257409 0.02637166 0.031214 0.04148794 0.05902525 0.07041893 3.587672e-05 23.27666 29.86842 40.11538 32.69636 35.46202 33.60525 33.53006 25.43648 24.91098 16.63536 41 
0.0001245497 0.04380828 0.02133758 0.02097642 0.02574076 0.03207571 0.03983826 0.04928101 0.06115707 0.07793982 0.1190402 9.711178e-09 3.266249e-12 29.92199 35.15543 41.07051 44.63353 45.92169 44.41404 46.72126 41.68748 0.6967717 0.8650666 42 
9.780597e-05 0.04428729 0.02204005 0.0197218 0.02544881 0.03506983 0.04420274 0.05701537 0.07597682 0.09238583 0.1369756 5.64093e-08 5.551349e-07 28.35843 36.05521 47.88588 50.37016 55.72942 50.23509 48.66356 42.34697 0.5521559 0.6836702 43 
3.348983e-17 0.1337142 0.01934216 0.01785502 0.01467359 0.02216395 0.02173155 0.02812866 0.03276968 0.04060214 0.05376737 0.06887828 2.881033e-17 22.4816 28.0894 39.47611 36.99066 40.33347 36.48859 30.50716 24.2471 23.04392 3.130415e-09 44 
0.0003164888 0.05232346 0.02088873 0.01975362 0.02608306 0.03190535 0.03877533 0.05263193 0.06969918 0.06396894 NaN 0.1145456 2.451884e-05 28.87786 41.0237 45.6758 48.77 57.8999 49.15292 38.28954 38.30065 42.15976 2.206299 45 
0.1218713 0.08903194 0.05559805 0.01017632 0.01279123 0.01392291 0.01672979 0.01914787 0.02220511 0.02648449 0.03279564 0.04466486 0 22.24313 39.21736 44.70812 57.46508 63.07875 73.3501 78.61768 82.161 88.28706 89.67605 46 
5.551482e-10 0.1021937 0.02079098 0.01557089 0.02068114 0.02316895 0.02541297 0.02950725 0.03635368 0.04533327 0.05895899 0.0866363 1.834109e-05 20.31985 34.91302 41.46645 38.06703 36.77834 36.19012 31.97417 28.84761 25.05032 3.255786e-06 47 
4.631792e-13 0.08493187 0.02311465 0.02073864 0.02025093 0.02802246 0.03094906 0.04150213 0.04975979 0.06204187 0.08672358 0.1504131 1.062291e-13 27.99166 34.89793 46.15166 44.26907 51.79846 42.75913 44.54843 38.25721 31.78473 1.55581e-05 48 
3.343417e-14 0.04927932 0.01754748 0.01808266 0.02245816 0.02997479 0.03744825 0.04823255 0.06254479 0.07961847 0.1008508 6.381467e-18 1.904032e-16 23.94372 30.66069 39.0108 41.94113 45.02613 41.46864 36.44534 33.05948 5.669468e-06 5.6697e-06 49 
NaN 0.1020556 0.02263005 0.01324257 0.01887877 0.02168246 0.0239603 0.02929061 0.03513055 0.0435395 0.05701466 0.08064389 1.186389e-05 17.38904 31.00934 37.98832 35.90263 38.3863 35.68031 33.23987 29.63628 27.30114 0 50 
0.0001717155 0.0353928 0.02368382 0.01731934 0.02960709 0.03853955 0.04806083 0.06198688 0.08304304 0.1160096 0.1212655 7.181187e-10 1.314597e-12 26.49864 44.33112 49.35526 53.76505 57.55359 56.3962 48.62076 47.15685 1.017826 1.256483 51 
1.525896e-06 0.03653703 0.02286397 0.02300726 0.03272631 0.04189646 0.04229867 9.959244e-07 0.06392583 0.09886694 0.1219229 2.921354e-13 4.722912e-13 34.64479 46.76052 51.30401 44.37199 44.37198 51.83547 48.89416 48.08534 0.009957424 0.01216802 52 
0.008329408 0.04435938 0.02715021 0.02133856 0.03197531 0.03937888 0.04659607 0.05535692 0.05221999 0.003552213 0.08530046 0.148245 2.752266e-05 34.4108 53.04668 55.68177 58.49356 57.06078 53.56544 57.33016 71.49172 77.05036 63.08965 53 
8.239759e-13 0.05874684 0.02625889 0.02064698 0.02596414 0.03469405 0.04097273 0.04670009 0.05221842 0.06612614 0.09359781 0.1601388 1.256928e-05 31.14642 44.05173 55.62542 52.16858 46.34949 46.82695 47.71731 50.20701 44.61904 1.010038e-06 54 
8.766187e-05 0.04264703 0.02093597 0.02015782 0.03061271 0.03731579 0.04293186 0.05118399 0.06025775 0.07253703 0.1318608 2.938845e-07 1.05668e-06 28.36778 43.3796 42.48131 43.23515 41.65838 37.44681 45.09073 37.89992 0.4985435 0.611697 55 
0.0002379642 0.04232576 0.02370526 0.02478717 0.03233643 0.03997646 0.04964741 0.06410075 0.08438219 0.09373089 0.1127523 3.434386e-09 0 38.3082 49.30013 52.4836 58.50264 60.55401 52.69481 48.65831 52.4528 1.590499 1.956066 56 
3.301397e-10 0.09107123 0.02499053 0.01862601 0.02897195 0.02944694 0.03402503 0.04179403 0.05098825 0.0681901 0.09337172 0.1315606 3.048484e-05 24.87682 47.57145 51.77877 50.20017 52.33468 42.7456 50.70185 40.98167 35.24077 4.958552e-06 57 
6.82098e-07 0.07995813 0.02490783 0.01914194 0.02783616 0.02789088 0.0334704 0.03908426 0.04562219 0.0633823 0.09528036 0.168206 3.929959e-05 26.52556 47.03891 46.1835 49.47667 45.38604 43.40303 48.71082 47.59167 35.34431 0.004200429 58 
3.045042e-14 0.1088494 0.02090571 0.01686562 0.01724338 0.02073961 0.02417875 0.02806319 0.03286384 0.04119063 0.05497971 0.08200406 5.354863e-15 21.45821 29.86195 35.41264 36.89007 34.18014 31.11319 31.52942 29.1242 25.21813 1.776802e-05 59 
0.0001059435 0.04014604 0.02398863 0.02580624 0.03423206 0.04298256 0.0541913 0.06924328 0.07743856 0.1027798 0.1402914 5.653288e-08 5.274292e-06 37.80575 48.76882 52.99462 58.71099 52.6179 53.55906 51.16806 53.52707 0.6977875 0.8598215 60 
3.429572e-12 0.08324761 0.02504587 0.01793064 0.02503791 0.03046691 0.03550197 0.04200044 0.0515953 0.06655608 0.0943511 0.1096822 4.392105e-05 25.32837 43.44204 54.10808 55.18116 50.87068 50.69214 46.34015 37.16036 36.86817 1.148123e-05 61 
5.07904e-13 0.04317159 0.0219493 0.02371212 0.03016547 0.03682798 0.04529772 0.05669721 0.06360809 0.08253582 0.09728047 1.885211e-14 2.592906e-18 33.70276 41.77931 43.78655 48.3316 43.60071 44.07687 40.5993 41.66089 2.562058e-05 2.575999e-05 62 
5.705048e-09 0.1209673 0.02220595 0.01409546 0.0188926 0.01972139 0.02232863 0.02974419 0.0339882 0.04218863 0.05555892 0.08109108 6.331505e-05 18.9542 33.86548 39.46949 39.9133 45.01314 37.0119 36.77929 30.87911 25.69518 3.287881e-05 63 
0.4302426 0.05493301 0.1010969 0.1311688 0.08430045 0.0681885 0.05759376 0.1658329 0.1346362 0.1478056 0.1944252 NaN 0.2099024 205.3752 384.6473 617.2435 885.1624 1292.827 1602.95 2092.88 2548.42 3070.532 3728.849 64 
2.694903e-08 0.09737774 0.0242391 0.02121192 0.01921595 0.02919806 0.03070674 0.03440353 0.04702702 0.06230451 0.0676604 0.1018758 5.723068e-05 27.53202 33.6973 47.6448 37.81102 42.14824 46.97763 34.16069 33.14293 29.66415 0.000154157 65 
6.458125e-07 0.06964802 0.02708179 0.02393425 0.02505824 0.03429839 0.04880866 0.05758905 0.06404286 0.08194283 0.1137595 0.1826948 2.261928e-05 34.28153 42.81757 56.26607 71.69367 59.84392 56.63915 54.52276 50.10349 43.4941 0.004451252 66 
0.0001046509 0.04140645 0.02279528 0.02165343 0.02733253 0.03947489 0.05090503 0.06271926 0.07570068 0.09137222 0.14631 3.738172e-07 3.045376e-06 32.62905 39.09776 55.64648 57.88846 55.53951 50.91124 54.69814 49.18492 0.6434733 0.7952928 67 
0.0001400628 0.04762611 0.01769304 0.01777866 0.0220059 0.02862554 0.03799234 0.04730512 0.05302706 0.06839424 0.09459433 3.552331e-11 9.26065e-08 24.66217 30.86167 38.1111 44.99505 39.42318 39.18781 38.22996 34.76417 0.7318628 0.9120963 68 
2.164244e-13 0.04323379 0.02168407 0.01851556 0.0273177 0.0333066 0.03972809 0.04933662 0.0663748 0.09599783 0.1318525 2.396366e-17 6.870884e-15 26.09457 38.7698 40.57422 44.13206 46.59686 52.23562 47.32198 41.216 8.777655e-06 8.778106e-06 69 
0.0001814539 0.04298503 0.02158887 0.01898593 0.03001689 0.03580922 0.04566262 0.06131696 0.05978238 0.07949505 0.1076443 4.56609e-09 3.114051e-06 27.66262 44.58166 42.11493 54.0926 43.07337 45.81268 44.02985 46.8768 1.021664 1.278732 70 
8.934587e-12 0.1108342 0.02407107 0.01758631 0.02084224 0.02255069 0.02604107 0.03102334 0.03717416 0.04602816 0.06242964 0.08187255 2.66353e-05 23.90801 37.9855 42.24146 41.98912 41.89228 38.36709 37.21929 31.4377 32.57969 2.571044e-05 71 
0.0003164776 0.04134706 0.02600927 0.02926774 0.03444657 0.04269081 0.05341892 0.06821994 0.09294915 0.129735 0.1807647 5.584686e-08 5.08519e-06 42.95408 46.54235 55.01282 57.64598 63.37514 63.44073 58.08849 51.88983 2.195459 2.67685 72 
NaN 0.05655085 0.02923242 0.02627765 0.0291639 0.03516053 0.04369517 0.0545484 0.05801589 0.0772323 0.1003279 0.1621251 1.597027e-05 42.16981 50.51986 54.21489 60.75844 50.01511 56.37336 54.15216 54.43535 50.53627 0 73 
1.9996e-13 0.0856578 0.020795 0.0163358 0.01902302 0.02071403 0.02561182 0.02959619 0.0352313 0.04410094 0.06014498 0.09610025 1.50584e-14 21.49328 31.35774 32.10837 36.02589 30.47319 34.14853 31.85662 31.72386 26.45962 4.347557e-05 74 
2.423079e-13 0.09045699 0.02437753 0.02365463 0.02177354 0.02563783 0.03431053 0.04157161 0.04190415 0.05406171 0.06781879 0.1059798 2.512323e-05 31.98718 39.04008 42.27972 50.33188 37.72304 38.43175 31.94194 38.14379 34.67926 3.159647e-06 75 
9.322061e-05 0.04545441 0.01957807 0.02025529 0.0247801 0.03079407 0.04149956 0.05310651 0.05721755 0.07730237 0.1026053 3.605095e-10 1.814265e-07 27.97874 33.78022 38.85353 47.61579 39.90253 42.5298 40.09447 37.5977 0.5126036 0.6356567 76 
5.489219e-11 0.06716614 0.02718409 0.01884195 0.02433921 0.02845378 0.03932928 0.04789903 0.06044368 0.08632295 0.08564518 0.1305264 1.372001e-05 27.82175 41.80373 46.01273 58.57935 45.85615 61.03476 45.39556 45.42406 43.70658 1.450708e-06 77 
0.001652063 0.04835432 0.0220694 0.02182766 0.02651661 0.03351834 0.0417448 0.05064667 0.05844996 0.07849073 0.1176155 2.437872e-14 3.008613e-05 29.25912 36.07344 42.02484 44.99904 41.05439 42.00357 43.69238 39.68496 9.003681 11.17699 78 
3.501861e-08 0.1146224 0.02657081 0.01895292 0.02973021 0.02950132 0.03291974 0.038353 0.04492091 0.05615863 0.06589439 0.1000612 2.872961e-05 25.80013 51.82725 59.45305 55.10084 48.20998 41.2869 33.10049 37.64504 35.3711 0.0001951769 79 
4.492805e-08 0.06851865 0.02382166 0.02000375 0.02871528 0.03042648 0.03679247 0.04604971 0.05791997 0.06497813 0.08519572 0.108943 2.274766e-05 28.53698 47.87442 44.38253 50.45892 51.90974 43.2933 40.9989 37.47279 38.73742 0.0002958689 80 
0.0003326183 0.04056567 0.02591059 0.0256125 0.03568622 0.04532745 0.05607938 0.07035059 0.09136763 0.0979473 0.1493269 1.47921e-13 3.032734e-13 38.94093 53.92955 58.46663 61.22547 61.24474 52.52541 55.5109 53.85259 2.28433 2.799176 81 
5.092914e-11 0.04713508 0.02538381 0.02478754 0.0340614 0.0421208 0.05456972 0.05831573 0.0003936394 0.07911347 0.1304402 0.1906583 3.921205e-05 38.27984 55.86274 60.74501 69.33224 50.38095 50.37946 57.77666 55.43138 52.78437 1.452556e-05 82 
0.000101213 0.04704588 0.02136397 0.0223367 0.0264638 0.03703073 0.04531528 0.05375497 0.06751965 0.08337142 0.1266526 5.426731e-10 3.962301e-05 32.79766 38.94394 52.65392 50.70521 52.12953 47.68061 50.03909 47.14309 0.6097099 0.7582106 83 
1.127101e-09 0.09844687 0.02285797 0.01808487 0.0210519 0.02293576 0.02779728 0.03238082 0.03860346 0.04853425 0.06118051 0.08299814 1.136464e-05 24.08658 36.69453 39.44628 41.96013 36.18502 38.07549 33.35586 29.95108 30.12721 0.0003744147 84 
5.384208e-08 0.1038405 0.02478253 0.02062824 0.02807166 0.02707787 0.03138873 0.03729906 0.0448161 0.05091732 0.06852078 0.1026337 2.522243e-05 27.45882 48.46277 49.08954 39.71437 46.34854 37.34069 37.54054 36.06388 32.53217 0.000305971 85 
0.0008768989 0.04774028 0.02507881 0.02379573 0.03364435 0.04289869 0.0542864 0.06924423 0.07220089 0.09698137 0.1233664 1.000696e-11 1.604409e-06 35.67351 53.12597 60.2806 63.72202 52.6482 54.38711 49.0692 54.16429 5.560232 6.884014 86 
8.924865e-11 0.08699509 0.02558688 0.01743722 0.02759508 0.02683568 0.03284572 0.03894032 0.04805459 0.06102208 0.08020638 0.1047179 1.734499e-05 24.11826 46.29498 45.8908 50.05879 47.84929 47.318 41.96942 35.71696 35.70019 1.391028e-06 87 
5.079458e-13 0.04032985 0.02271086 0.02201545 0.02911389 0.03758494 0.0483717 0.0610388 0.07198302 0.1078512 0.1281178 1.522078e-16 6.313137e-15 31.84553 40.99486 48.26632 53.5583 47.74492 54.05743 47.11674 46.37398 3.543711e-05 3.544087e-05 88 
1.74876e-15 0.1049927 0.02170921 0.01512373 0.02159962 0.02411565 0.02651661 0.03020077 0.03551288 0.04736742 0.06576849 0.07847325 3.028254e-14 19.23787 34.86005 41.81449 37.8994 34.30026 28.47668 34.71645 26.69255 27.31725 5.752204e-07 89 
0.0001428009 0.03079133 0.02860502 0.02460154 0.04049304 0.05662567 0.07428774 0.06382865 4.214657e-05 0.1026145 0.1578489 3.587524e-08 3.06318e-13 41.6575 64.15948 75.15632 68.16547 57.62564 57.62722 66.56147 67.74256 1.092696 1.330453 90 
7.219512e-05 0.04348618 0.0220143 0.0217392 0.03594068 0.04363069 0.05223628 0.06415955 0.0756285 0.1006561 0.1575365 7.534631e-11 7.156734e-11 31.85885 54.44941 55.03789 57.19826 53.20094 52.38321 53.92974 49.26188 0.4515721 0.5577345 91 
4.851436e-13 0.04232529 0.0231575 0.01881121 0.03035987 0.03927964 0.05244475 0.06830535 0.08214124 0.1008876 0.1229775 9.477552e-16 6.757152e-15 28.17774 46.42352 53.86074 62.97714 58.47731 53.56526 48.33678 50.03811 3.806092e-05 3.808787e-05 92 
1.90123e-08 0.06655737 0.0241492 0.0184491 0.02213863 0.02662141 0.03132648 0.03785906 0.04937432 0.06450299 0.08317773 0.1087929 6.590771e-05 25.71027 35.63089 40.14536 40.83562 42.94701 46.3457 41.31762 36.5353 36.07506 0.0001183243 93 
NaN 0.1148691 0.02419979 0.0192398 0.0215361 0.02104036 0.02737215 0.03083297 0.03564931 0.04456565 0.05475993 0.07795609 5.822474e-05 25.18686 38.86534 35.2131 42.44549 34.8248 36.1507 30.52743 27.85729 26.47279 0 94 
3.205794e-14 0.04973398 0.019211 0.01892106 0.02385196 0.03006691 0.03751862 0.04551648 0.05301934 0.06879062 0.1007578 5.502817e-23 3.698407e-17 25.64997 33.31871 38.74646 42.23617 39.27316 38.68873 40.1176 35.83004 2.458797e-05 2.458799e-05 95 
0.0001436636 0.04448097 0.02170277 0.02119802 0.02847802 0.0369072 0.0453183 0.05440433 0.06950473 0.09666096 0.1297748 1.181776e-08 3.942924e-06 30.47129 41.62276 49.10864 49.41912 49.4182 52.0655 47.75808 44.13519 0.8494053 1.052374 96 
0.0001280323 0.04015551 0.02660436 0.02698065 0.03703944 0.04589766 0.05427856 0.06794935 0.08544668 0.1042467 0.1532703 8.181535e-07 7.970372e-09 43.32117 57.94699 58.45113 62.95134 64.19398 61.00623 62.58212 59.37068 0.9113812 1.115116 97 
2.598146e-18 0.08012204 0.02488146 0.02147567 0.0235009 0.02671261 0.03342225 0.03922773 0.04446533 0.06304996 0.0929731 0.1080651 1.302523e-14 30.33677 41.9728 44.43076 49.55377 43.59327 39.91853 48.10463 37.00482 35.69995 3.516218e-07 98 
NaN 0.1120878 0.02163071 0.01938228 0.01764539 0.02003699 0.02455267 0.03555075 0.03969212 0.04693062 0.06352735 0.08595078 NaN 25.83674 33.84485 37.14408 40.92905 49.76887 39.24448 36.42047 29.10421 26.06761 0 99 
0.0002105656 0.03949981 0.02144262 0.02078909 0.03191846 0.04138517 0.05058846 0.05790897 0.07132648 0.08250872 0.1168918 NaN NaN 29.15449 44.58602 49.71184 46.63105 46.383 42.53569 42.30666 45.34465 1.241409 1.540843 100 
