0.04857283 0.03366651 0.02237148 0.009901654 0.01677403 0.01956404 0.02644751 0.02956487 0.0327582 0.04239034 0.05504503 0.07459371 6.699989e-06 21.55296 36.53986 37.65372 50.97678 40.87488 51.16924 55.48375 51.12926 59.6567 54.97759 1 
0.04415694 0.04311759 0.01982213 0.01164663 0.0124095 0.01549745 0.01978859 0.02535344 0.02945364 0.03527566 0.04712446 0.06763307 0 21.02695 21.11583 26.99419 31.74578 36.39402 33.672 37.87737 41.27418 37.20194 41.1385 2 
0.05700802 0.02689042 0.02707819 0.01343329 0.01533718 0.01992566 0.0264762 0.0326065 0.03787554 0.04248817 0.05622303 0.08518578 1.163942e-16 36.32587 39.22152 54.69594 67.94534 71.94582 66.92119 77.02618 89.58329 93.83273 88.11011 3 
0.04298507 0.03396515 0.02096528 0.01099821 0.01550803 0.0194178 0.02283421 0.02702311 0.03425037 0.04264611 0.0536472 0.07724694 0 20.97583 28.93563 34.00452 36.35008 39.69394 45.73156 43.7342 47.03697 50.02508 45.83604 4 
0.05081845 0.02887504 0.02456582 0.01153051 0.0178673 0.02178466 0.02571534 0.03089593 0.03640179 0.04508356 0.05909167 0.07880444 2.201192e-05 26.77946 41.39084 45.92829 50.79131 56.86514 56.70411 67.0536 62.28934 73.36069 70.35759 5 
0.04785249 0.0478231 0.02189009 0.008321861 0.01409041 0.01873471 0.02094257 0.02304852 0.02964112 0.0348746 0.04516887 0.06575797 1.063292e-05 15.00513 25.39127 31.23509 30.19625 31.23343 38.76137 32.59817 42.39536 38.16349 39.38054 6 
0.04377359 0.03093775 0.01898739 0.01291617 0.01622335 0.02073984 0.02430971 0.02928233 0.03440507 0.04332869 0.05922646 0.0836638 3.963188e-15 25.28129 30.14105 38.00129 39.45387 44.97204 44.02776 53.01758 53.19055 48.55989 57.13207 7 
9.168462e-06 0.004163652 0.03283854 0.05051169 NaN 0.5006336 0 0.0001024222 0 0 0 0 0 111.0955 0.00416622 0.01249971 0.03683159 0.0611635 0.08549579 0.1098277 0.1341596 0.1584914 0.1828233 8 
0.04909789 0.0276854 0.0191402 0.009982079 0.01759682 0.02412747 0.02695424 0.03028079 0.03668657 0.0457941 0.06169242 0.09084416 6.301881e-06 24.58808 43.26793 54.92374 48.21909 59.02571 61.29013 67.75228 72.47216 60.80424 79.98465 9 
0.05651742 0.02984594 0.02878013 0.01391667 0.01934818 0.02105061 0.02615836 0.03180733 0.03670588 0.04561613 0.05995423 0.09034433 1.094899e-05 34.72685 49.09148 46.08544 62.01777 64.0135 60.99242 76.35291 68.80204 92.34393 66.2079 10 
0.05343575 0.03876638 0.02664854 0.01052275 0.01604547 0.0166257 0.02242737 0.02507399 0.02937865 0.03840233 0.05008183 0.07007483 4.775414e-16 21.65518 33.17151 29.15344 43.51112 38.13223 45.5055 52.12892 49.44101 57.95443 52.5947 11 
0.05186787 0.03733818 0.02530729 0.01166997 0.01670841 0.01875438 0.02017626 0.0287406 0.03318088 0.04042031 0.05595737 0.08317757 8.426537e-06 24.70386 35.43685 35.41961 36.14556 52.96894 42.13874 55.3576 56.52777 49.74371 56.16991 12 
0.04539535 0.03907385 0.02152724 0.01049549 0.01362008 0.01652051 0.02109514 0.02592697 0.03119116 0.03845655 0.05018458 0.07320194 1.384941e-21 19.17959 24.28849 28.19518 34.33296 37.39849 38.9223 41.64083 43.95488 46.64002 41.42137 13 
0.04268061 0.02020469 0.02119714 0.01396543 0.01968728 0.02418169 0.03276259 0.03901865 0.04257237 0.05914585 0.09277642 1.260013e-17 0 36.86684 49.94504 57.3759 76.16048 67.4217 72.10056 97.34922 93.02996 63.33435 70.15858 14 
0.04511413 0.04091082 0.02472391 0.01004645 0.01454308 0.01771198 0.02088713 0.02643838 0.03161328 0.03678825 0.04636693 0.06785702 9.230257e-06 16.16318 22.99973 26.09855 28.70602 34.24871 33.80229 33.85073 38.79734 42.12972 38.15384 15 
0.05188066 0.02618774 0.01905537 0.01133118 0.01448281 0.0225989 0.02694141 0.03305939 0.0388891 0.04358843 0.05824363 0.08896549 2.194842e-05 29.38017 35.96405 58.39796 58.29944 69.45103 62.93315 72.20768 84.51393 86.02865 80.70405 16 
0.05200759 0.03845027 0.02979331 0.009069763 0.01640381 0.0186975 0.0224053 0.02776114 0.0320261 0.03730193 0.04898984 0.07324105 5.266238e-06 19.19875 35.13506 35.09446 41.22641 46.80015 43.04134 48.63493 53.24408 57.05864 49.18212 17 
0.04434477 0.02848332 0.0203522 0.0121538 3.784446e-09 0.01910612 0.02331145 0.02917589 0.03772944 0.04658079 0.0569557 0.08595315 8.707104e-06 28.20852 19.20139 48.85409 46.14626 55.40819 60.77679 53.00528 66.28339 58.80451 62.95098 18 
0.04713279 0.03069798 0.01625926 0.01261288 0.01486232 0.01878222 0.02417582 0.02926156 0.03527431 0.04202195 0.05415594 0.08629627 0 27.52265 30.75372 39.49566 47.43547 49.90528 53.38658 52.25163 62.86793 68.52699 53.79354 19 
0.05302746 0.03375873 0.02148997 0.01090989 0.0158083 0.01852182 0.02269732 0.02552548 0.03085546 0.03859174 0.05024113 0.07119455 2.552596e-06 27.92627 40.521 43.09025 51.38208 48.13732 59.3253 59.17124 65.19575 60.506 71.71964 20 
0.04698698 0.03740397 0.02281161 0.01106576 0.01395417 0.01826849 0.02120658 0.02683175 0.03122881 0.03793768 0.05102525 0.07394346 8.691e-06 21.92506 26.8965 34.5021 35.47503 43.26723 39.63683 46.8396 49.43058 47.6151 48.84212 21 
0.04640445 0.03519569 0.02075441 0.01198173 0.01731087 0.01986987 0.02248356 0.02527341 0.03207606 0.04158279 0.05805061 0.09026257 3.308486e-05 24.18066 34.67885 35.49417 38.09174 39.1189 47.59976 49.41072 55.06139 47.05215 50.36146 22 
0.0489207 0.03664514 0.02550793 0.008779138 0.01503847 0.01682565 0.02278587 0.02612545 0.03146455 0.03957332 0.05170223 0.07279773 4.979483e-06 18.21293 31.19873 30.7762 42.98197 39.64834 47.40884 48.89206 51.90349 49.27534 55.42217 23 
0.04941761 0.0378631 0.02337603 0.01245394 0.01503568 0.01817631 0.02029875 0.0245759 0.03404449 0.04207382 0.04845279 0.06913981 1.544426e-15 26.12853 30.65299 35.9971 36.0186 42.53886 53.1667 41.86213 51.29262 52.42159 51.82414 24 
0.05522121 0.02921208 0.02672056 0.011416 0.01635667 0.01943792 0.02600524 0.03069244 0.03717012 0.04684852 0.0594889 0.0814821 4.112929e-06 30.42962 43.88342 48.37278 64.72424 62.24684 72.20315 74.29645 70.74327 87.68315 74.80622 26 
0.05146973 0.03678157 0.0265637 0.01108933 0.01437725 0.01727563 0.02358213 0.02781569 0.03252629 0.03888778 0.04965462 0.0695805 2.577334e-15 26.02208 33.31645 38.0242 50.44043 47.84449 50.98025 51.89104 57.13785 51.72031 62.3473 27 
0.04506299 0.03078323 0.01886504 0.01107402 0.01751087 0.02108704 0.023554 0.02990198 0.03860867 0.04785752 0.05578864 0.07707208 1.215779e-05 23.66811 37.04901 39.96654 40.50791 51.82059 55.16515 49.74399 53.25949 59.2801 56.0557 28 
0.04559286 0.03113815 0.02190515 0.01218437 0.01663847 0.02202498 0.0271115 0.0301588 0.0372871 0.04639294 0.05772244 0.08835253 1.399931e-05 25.04057 33.412 42.5115 46.56863 42.0036 55.94786 47.27132 59.15087 55.74656 53.51641 29 
0.05096569 0.03427543 0.01974535 0.01070037 0.01638964 0.01942738 0.02263352 0.02679392 0.03190504 0.04040546 0.05368943 0.08104379 5.097131e-15 23.93781 36.73537 39.50373 43.44979 47.74892 50.36102 57.01373 58.56587 65.81485 53.49735 30 
0.039515 0.02276829 0.02063933 0.01383466 0.01815774 0.02517319 0.03042793 0.03659601 0.04248583 0.05518982 0.08412708 0 0 30.52141 37.47132 51.6667 52.57693 58.69479 52.6044 74.71219 60.58914 54.84542 NaN 31 
0.04441417 0.03273782 0.01988805 0.008624111 0.01863973 0.02040369 0.02353173 0.03180839 0.03671102 0.04096147 0.05751086 0.08696422 1.066362e-14 16.98453 36.77566 33.21348 38.94684 49.98504 35.62514 53.11374 52.87649 52.85465 47.80703 32 
0.04653659 0.03723159 0.02212201 0.01071792 0.01330797 0.01995852 0.02195963 0.02653747 0.03007919 0.03553092 0.04871592 0.07193963 1.13904e-15 21.97655 26.48201 39.79081 35.07722 43.78744 38.1097 46.17765 51.02044 48.15983 48.79814 33 
0.04656562 0.04912885 0.02634637 0.008237174 0.01552005 0.0161675 0.01961381 0.02373214 0.02652161 0.03389694 0.04454635 0.0615895 6.868963e-06 14.2428 26.90699 23.75555 29.67919 31.76194 29.47968 37.34291 35.46814 36.49586 37.52803 34 
0.04556779 0.02559537 0.01859684 0.01501897 0.01756024 0.01855823 0.02954805 0.03523753 0.04195223 0.05547294 0.07655561 0.09262065 3.15802e-05 34.26756 37.21018 38.19552 66.17663 57.53615 67.42609 73.89937 60.91663 82.00257 66.63201 35 
0.04972021 0.02994506 0.02131918 0.01356021 0.01601514 0.02098671 0.02684453 0.02944417 0.03417317 0.04416672 0.05578074 0.07600889 3.127809e-15 30.06115 33.48749 45.3186 52.57017 42.47572 59.88248 59.57163 57.5005 70.78129 64.24016 36 
0.0479485 0.0349479 0.0205371 0.01188548 0.01528852 0.01826056 0.02162426 0.02529196 0.03490166 0.04571705 0.06064228 0.08676363 4.015926e-15 24.95716 31.50994 35.83103 39.83189 42.35515 55.54443 53.94104 53.14831 56.56105 49.85798 37 
0.04875256 0.03536839 0.01994001 0.01054228 0.01509928 0.01717904 0.01986648 0.02365393 0.02947795 0.03751414 0.04917145 0.07238692 3.432929e-15 23.92819 34.10665 35.17691 39.54823 43.82184 49.68207 53.30878 55.32631 62.12959 52.96301 38 
0.04742079 0.03793175 0.02106748 0.01067804 0.01364423 0.01695248 0.02056183 0.02695194 0.03160722 0.03538763 0.04701734 0.06889761 2.794782e-15 22.41541 27.90047 33.42038 37.53877 45.98373 40.80415 42.91394 53.15473 44.49986 54.12727 39 
0.04430267 0.03880843 0.01874771 0.009076063 0.01398985 0.01600102 0.02221944 0.02645304 0.03229142 0.0385415 0.04570412 0.06621787 8.677431e-06 18.78372 28.74631 29.75194 41.2309 40.17542 44.34905 40.4033 43.49867 51.04254 42.10118 40 
0.04210589 0.04883517 0.02366728 0.01078231 0.01376794 0.01821885 0.02019015 0.02146563 0.02710491 0.03458184 0.04480526 0.06209553 7.698487e-06 17.33113 21.62244 27.23801 25.69088 25.22403 31.07441 31.59336 31.62433 32.39454 32.37431 41 
0.04886733 0.0337235 0.0245476 0.009894234 0.01592092 0.01928442 0.02186707 0.0252874 0.03387818 0.04216377 0.05358741 0.07982734 5.83813e-16 20.68052 33.22049 36.64307 38.31158 42.48534 54.28605 48.46351 58.42491 56.93669 55.76922 42 
0.04502303 0.03147191 0.02257334 0.01027066 0.0165383 0.02012915 0.02447988 0.02801262 0.03658603 0.04630753 0.05254317 0.07227724 0 21.05681 33.51228 36.84174 42.47026 41.78942 55.15659 45.49624 51.98583 54.16431 57.27025 43 
0.05390619 0.0269529 0.02702707 0.01313077 0.01699259 0.02095012 0.02476423 0.03107658 0.03953774 0.04892377 0.05806684 0.08501343 2.211537e-05 34.63079 44.28027 53.25834 58.27576 70.30114 76.53319 70.33906 81.0901 89.71906 81.90302 44 
0.05082561 0.03602253 0.01839265 0.009129761 0.01423402 0.01724094 0.02170999 0.02838724 0.03392979 0.04070533 0.05264457 0.07255402 6.676322e-06 21.48431 33.42606 37.3405 45.26307 54.10317 50.31776 56.06785 56.91754 55.12506 61.13621 45 
0.04484654 0.03583443 0.02114607 0.01280626 0.01502482 0.01981321 0.02382069 0.0265562 0.03410189 0.04265001 0.05371541 0.07810413 0 24.23605 27.11539 35.94353 37.97995 36.5489 46.99326 42.60192 46.82841 48.78451 44.53966 46 
0.04591749 0.04368506 0.02776315 0.01033239 0.01405646 0.01528561 0.02001411 0.02224558 0.02961988 0.03626955 0.04659276 0.06728052 1.078912e-05 17.75535 23.82838 23.57433 31.32509 28.74852 38.90994 34.40721 41.0237 37.99538 40.62508 47 
0.0422911 0.03656338 0.01574849 0.01096491 0.01365202 0.01729101 0.02223921 0.02640878 0.03018121 0.03519447 0.04559974 0.06589613 0 20.75961 24.7821 30.62466 36.5908 37.12693 36.99305 39.14859 44.06568 45.35969 44.44438 48 
0.03981866 0.02445595 0.02235953 0.01164568 0.01886154 0.02337776 0.02616855 0.02822044 4.358992e-06 0.04263713 0.06315965 0.08761803 1.088366e-05 26.28646 41.45104 45.74236 45.19099 47.44057 36.40412 66.65275 60.79913 61.15681 62.35295 49 
0.04383275 0.03853175 0.02066274 0.008981298 0.01369365 0.01600547 0.01985064 0.02432683 0.02808508 0.03422088 0.04513012 0.06336447 0 17.8401 26.88917 28.67079 34.50239 37.89087 36.73256 42.41375 44.46446 43.67449 47.20141 50 
0.04149532 0.05105132 0.02735099 0.007258145 0.01583178 0.01779619 0.01973649 0.02291493 0.02862967 0.03316143 0.04440669 0.06489816 5.492308e-15 10.40201 22.64939 22.01032 22.77659 24.87044 27.88183 24.50471 32.27672 26.19073 30.36131 51 
0.04651125 0.03615286 0.02144454 0.01276468 0.01458775 0.02033138 0.0226441 0.02710652 0.03184704 0.03752655 0.04775924 0.07014201 0 27.2129 29.68533 42.30283 38.12063 45.86058 43.52455 46.13606 49.10502 55.35579 47.6845 52 
0.04890635 0.02705004 0.01787668 0.01299357 0.01697634 0.02125186 0.02538709 0.03126536 0.03768066 0.0483833 0.06631329 0.09525372 0 33.74029 43.22048 52.33961 57.06405 65.41448 65.44194 77.21767 74.20811 76.14331 71.98276 53 
0.04654537 0.0350166 0.02320429 0.01195339 0.01484203 0.01886636 0.02204624 0.02733767 0.03249412 0.04117082 0.05486012 0.07955438 2.009207e-05 23.17035 27.82594 34.79557 36.5633 43.18208 42.58103 50.04446 49.358 54.063 47.57119 54 
0.04496048 0.03326679 0.01943173 0.01167578 0.01692088 0.02231133 0.02499422 0.0267767 0.03223401 0.04064459 0.05275765 0.07509965 2.054872e-15 23.52878 33.50907 41.35492 38.35482 39.46059 46.31989 47.75025 49.84866 52.62735 51.03391 55 
0.044169 0.04407046 0.01989497 0.009288643 0.01302119 0.01704246 0.02013527 0.02293248 0.02680433 0.03444223 0.04431321 0.05914708 1.44719e-05 16.79421 23.15727 28.7261 30.44033 31.236 33.54002 38.4831 35.92241 38.80383 40.99593 56 
0.04229025 0.03626383 0.02013372 0.01066226 0.01660855 0.01869136 0.02226725 0.02699214 0.03064123 0.03780681 0.04967895 0.06848157 3.40012e-17 20.15795 31.01153 30.39082 35.65908 38.53661 35.79602 43.69509 41.67664 44.77475 44.22203 57 
0.05085335 0.03557366 0.01809609 0.009818023 0.01393186 0.01708835 0.02144564 0.02742326 0.03334217 0.0422632 0.05479051 0.07872083 2.856679e-15 22.96229 32.4487 37.55894 44.97601 52.52054 53.16275 59.34241 54.96459 67.68358 51.69493 58 
0.04573966 0.03777542 0.02464367 0.01121124 0.0159276 0.01751912 0.02067424 0.02641426 0.033009 0.04006528 0.04986668 0.07667019 1.970102e-15 20.47506 28.79355 28.2999 33.38817 39.48653 41.76584 40.61103 43.99453 53.14519 39.02326 59 
0.04818915 0.03918484 0.02479151 0.009779205 0.01596632 0.01904682 0.01971005 0.0229988 0.02830839 0.0369768 0.04927441 0.07000245 4.276797e-06 18.31182 29.86086 31.97486 28.79866 36.16862 38.91098 44.87222 45.33399 47.29989 46.92802 60 
0.04306723 0.03481368 0.01831016 0.01053844 0.01371424 0.01802666 0.02271436 0.02707158 0.03256916 0.04069874 0.05155732 0.0708162 1.598534e-05 19.43289 24.38782 31.32287 36.24951 37.93824 41.07518 43.99393 42.17302 49.97309 44.77693 61 
0 0.00487171 0.03228228 0.04123513 0 0 0 0 0 0 0 0 0 79.65672 79.65672 0 NaN NaN NaN NaN NaN NaN NaN 62 
0.04392112 0.02640224 0.01951871 0.01143696 0.01568265 NaN 0.02269778 0.0302338 0.03780476 0.04781557 0.06538296 0.1033127 6.345105e-06 27.06795 35.42542 23.20501 54.03037 56.37083 60.77204 63.55151 71.32191 60.08916 67.19304 63 
0.04521471 0.03113465 0.02090898 0.01274475 0.01709503 0.02072841 0.02448005 0.02857219 0.03461324 0.04518855 0.05960019 0.08245492 2.614773e-15 25.1428 32.76215 37.47281 41.13223 43.58677 48.43344 54.77256 49.97862 61.47742 51.26534 64 
0.04328034 0.01692834 0.02159323 0.01727534 0.02612954 0.03410289 0.0395042 0.04630512 0.0590514 0.06684398 0.09826763 1.883734e-13 0 47.69673 69.93707 83.89178 76.54454 101.7738 86.95167 111.3221 109.3343 86.59346 92.86357 65 
0.04807427 0.03650128 0.0191941 0.008718889 0.01419724 0.01788071 0.02177763 0.02551265 0.03119728 0.03810419 0.05044209 0.07486705 1.124291e-05 17.53897 28.37428 33.19846 37.82724 39.86767 45.357 45.3972 53.56832 51.33708 50.90226 66 
0.05100876 0.03615825 0.02438079 0.0124667 0.01479818 0.01840319 0.02284856 0.02676032 0.03137284 0.04056693 0.05305559 0.07199762 5.869185e-06 28.49154 32.97494 40.56079 46.33672 46.87867 49.57745 58.04047 51.54334 61.4503 54.90034 67 
0.04532416 0.03027127 0.02131971 0.01151326 0.01565681 0.01887851 0.02305679 0.02838114 0.03522032 0.04319036 0.05473455 0.0791601 6.937932e-06 23.45531 30.90241 35.29621 41.30114 46.43463 50.79651 50.60038 56.95904 58.32938 58.07473 68 
0.04894269 0.03689761 0.02709348 0.01119084 0.01465185 0.01661596 0.02016517 0.02469588 0.02970205 0.03591835 0.04862418 0.07243536 9.760151e-06 23.29627 30.05166 31.68152 37.92946 42.02851 43.99665 46.05691 55.45138 49.32231 54.41341 69 
0.05238705 0.03446831 0.02598692 0.01253972 0.01588947 0.01771079 0.02395329 0.02779391 0.03132125 0.04054684 0.05461922 0.07548681 2.566322e-06 28.59692 35.67341 36.9042 51.22147 47.07422 49.22543 61.30097 57.87226 57.99517 63.6281 70 
0.05016629 0.02877544 0.02081114 0.01079824 0.01809055 0.02081479 0.02614754 0.03037485 0.0384795 0.05143094 0.06979724 0.08478489 2.239824e-05 27.05273 45.60087 45.79636 58.09807 55.68253 70.54382 72.80618 62.31398 73.25832 70.43808 71 
0.05051339 0.03456722 0.02462735 0.01232243 0.0165634 0.01875532 0.02479363 0.02791078 0.03208287 0.04156541 0.05428496 0.07482957 0 26.89259 35.81477 36.95423 49.46841 42.7475 50.73135 56.46555 52.56085 61.20917 55.59275 72 
0.04278657 0.03821696 0.01872793 0.01046251 0.0161083 0.01600764 0.02153868 0.02491271 0.02756707 0.03578051 0.04920003 0.0778969 9.028833e-06 18.64118 28.45696 23.51894 35.29452 33.24759 33.05616 41.83046 43.46158 48.15367 35.54491 73 
0.04531469 0.03640615 0.02135515 0.009947374 0.01502972 0.01962897 0.02424315 0.02690446 0.0299198 0.03781418 0.05069874 0.07484808 2.906986e-15 19.62719 29.35891 35.88088 40.13764 36.72142 40.62838 46.17185 47.97512 50.44638 45.12953 74 
0.05044062 0.0324588 0.01679536 0.01222008 0.01596112 0.02131189 0.02418249 0.02705697 0.03266239 0.04207364 0.05432461 0.07575319 1.10286e-05 29.06184 37.31121 48.49159 46.34632 49.49821 55.91433 61.19956 56.38711 70.38445 58.8646 75 
0.05121793 0.02342761 0.02069099 0.01233682 0.02041829 0.02356191 0.0293372 0.03571291 0.04611622 0.05949896 0.07258145 0.1084769 1.885712e-18 33.53764 56.02908 56.0612 72.23544 75.67495 91.15034 82.60304 93.28973 96.56001 87.99592 76 
0.04890062 0.03058548 0.02642494 0.01242325 0.01932389 0.02192121 0.02275835 0.03098022 0.03826172 0.04521475 0.06061842 0.09659152 1.247294e-05 26.63547 41.57043 40.61563 38.89559 58.52407 53.74645 53.76793 68.65525 57.08005 62.85341 77 
0.05243293 0.03738009 0.02722451 0.01186824 0.01343751 0.0183238 0.02000459 0.0240594 0.03134312 0.03858693 0.04659554 0.06551126 2.427772e-20 26.28387 28.60918 40.36197 36.49481 45.47546 52.42915 48.83421 51.22254 62.53414 55.37244 78 
0.04434918 0.04041641 0.01915414 0.009748301 0.01492268 0.01792009 0.01946354 0.02480023 0.02919778 0.03619806 0.04651988 0.06364303 0 16.64038 25.09938 27.52979 27.10764 34.90338 33.16379 38.52889 37.60561 41.75509 41.63513 79 
0.05020692 0.03299326 0.02471982 0.007753018 0.01589583 0.01965204 0.02642027 0.03008469 0.03276955 0.0442023 0.0605068 0.08098483 9.777935e-06 17.48356 36.04806 40.19865 52.4 45.5986 50.51703 64.95147 56.01512 60.05583 60.39428 80 
0.04932368 0.03943015 0.02574206 0.009380282 0.01392106 0.01514984 0.02082994 0.02373547 0.03041676 0.03722854 0.04729849 0.06809768 6.142551e-06 19.06009 28.12238 27.44218 39.29951 36.51596 47.0459 42.53805 50.96036 47.76401 51.98957 81 
0.04259892 0.03143984 0.0209008 0.01230549 0.01626709 0.01942167 0.02608734 0.03077643 0.03410107 0.04094718 0.05491783 0.08070846 1.448522e-20 24.50605 31.31796 35.19799 46.0154 42.92385 42.41251 49.47479 51.68979 53.08419 49.59933 82 
0.05051621 0.04085152 0.02336149 0.009593251 0.01288138 0.01659933 0.02134087 0.02688999 0.03237534 0.03879507 0.05101583 0.07498123 0 18.91719 25.05518 31.18654 37.65456 42.62768 43.04556 44.15166 51.05338 47.39498 47.74121 83 
0.05047422 0.02794966 0.02358214 0.01301243 0.01769617 0.02156066 0.02626225 0.03085829 0.03787282 0.04848564 0.06493151 0.09769804 0 29.9282 40.12219 46.38628 53.67157 55.69815 64.43592 68.33509 72.61408 75.73234 67.98128 84 
0.05165021 0.02771544 0.02417357 0.01472605 0.0169703 0.0236888 0.02855133 0.03533508 0.04310932 0.05197074 0.07113639 0.1177288 1.222085e-14 34.09423 37.39434 55.33651 57.36235 66.13946 66.52791 67.43562 82.4075 75.06354 66.27108 86 
0.05133045 0.04064064 0.02657135 0.012008 0.01489654 0.01719236 0.02202506 0.02546597 0.03043323 0.04127508 0.0561992 0.07972831 5.841428e-15 24.52836 30.04508 32.83395 40.86903 39.78815 44.37947 53.18284 49.12284 47.2201 50.05505 87 
0.04623028 0.04042513 0.02438934 0.01101314 0.0167028 0.0209179 0.02278398 0.02451271 0.03254089 0.04036688 0.05406091 0.08235693 1.333476e-05 20.1998 30.56785 34.84374 32.26517 33.79233 43.46535 39.03935 46.51266 41.82967 40.08405 88 
0.04461244 0.03970734 0.02025019 0.01323986 0.01390169 0.018376 0.02159206 0.02452666 0.03073503 0.03656997 0.044486 0.06431719 9.796072e-16 24.79154 24.07973 33.60436 33.89593 34.60565 40.87873 35.97307 41.84517 45.49926 42.28304 89 
0.04505472 0.03099759 0.01587776 0.014183 0.0157941 0.01778429 0.02246838 0.02610276 0.03212971 0.04181144 0.05446862 0.0716844 9.86738e-06 33.18659 34.31905 39.10132 47.84496 46.39154 54.59381 58.42973 53.84863 61.22999 59.98323 90 
0.05248594 0.03493276 0.02696788 0.01048067 0.01391329 0.01818345 0.02296232 0.02918359 0.03412662 0.03859882 0.04962265 0.06939685 2.917121e-06 24.46636 32.02535 40.73687 47.50144 54.57964 48.09821 55.62132 58.6577 59.18404 63.66915 91 
0.04312594 0.03261902 0.02157581 0.01195775 0.01563131 0.0236505 0.0277176 0.02965033 0.03494479 0.04438893 0.05949831 0.08954518 6.605708e-06 21.71309 27.34347 41.16002 38.98999 36.12983 45.34338 45.38694 50.27944 47.63754 46.61391 92 
0.0528254 0.0362535 0.02353349 0.01006859 0.01603684 0.01879481 0.021026 0.02859635 0.0339097 0.03845207 0.05003151 0.07279576 3.902742e-15 23.18397 37.09992 38.94803 40.65917 55.96396 48.25019 51.41553 61.17097 55.48817 61.94528 93 
0.04297213 0.03169245 0.01857218 0.01252632 0.01464782 0.02075108 0.02502685 0.03069365 0.03792756 0.04581379 0.05757276 0.08506985 9.400912e-06 23.78171 26.03016 38.16338 39.59228 44.98621 47.22575 45.08925 52.18633 50.33046 49.77481 94 
0.04589303 0.04157895 0.02290949 0.01116715 0.01493281 0.01821299 0.02132077 0.02594375 0.03195863 0.03867359 0.04871382 0.07194277 4.137908e-15 20.86993 27.5328 31.43463 33.64223 37.82376 40.11267 38.84951 41.96104 46.67021 37.90408 95 
0.05133561 0.03835568 0.0249604 0.01093542 0.01578491 0.01742617 0.02223503 0.02600118 0.03177798 0.04003498 0.05240622 0.0788736 3.506637e-15 23.55811 34.17478 33.65184 43.67814 43.25644 49.16439 51.44535 53.16201 59.50383 46.9495 96 
0.0425426 0.03038253 0.01665776 0.01126383 0.01639706 0.01894508 0.02376616 0.02913796 0.03541167 0.04172162 0.05234211 0.07798039 5.076295e-06 21.9624 31.03343 32.48243 40.67652 43.68867 46.69449 43.87987 54.81698 52.87756 53.87604 97 
0.04903618 0.03072937 0.01708772 0.01082103 0.01598334 0.02070392 0.02514114 0.0305417 0.03538284 0.04418923 0.06192185 0.09418264 1.005374e-18 25.91663 38.04697 46.47958 51.25165 56.56893 53.38858 66.34149 68.11137 62.17497 62.80591 98 
0.05069483 0.0305225 0.02043366 0.01025523 0.01623551 0.02156024 0.02403095 0.02879401 0.03441432 0.03973867 0.05346714 0.08239348 0 25.8342 40.94 50.83494 47.20667 59.22893 57.37012 57.30078 74.84702 66.29797 68.09821 99 
0.04958111 0.05163393 0.02580375 0.008442065 0.0116177 0.01793806 0.01875508 0.02315219 0.02775028 0.03318451 0.04404312 0.06355702 8.551916e-06 15.8251 21.65773 32.48902 27.64755 36.00765 35.56455 36.16223 42.02297 39.27333 38.8337 100 
0.04225158 0.05714008 0.01930728 0.01032845 0.01237068 0.01412707 0.01762677 0.01942823 0.02393946 0.02993595 0.03780684 0.05362813 7.953823e-06 16.64413 19.45243 20.98283 24.84939 23.53268 27.72799 28.80955 28.844 33.98763 28.51489 1 
0.04370719 0.03357822 0.01781247 0.01255989 0.01716245 0.02050971 0.0226085 0.0281921 0.03802675 0.0475949 0.05347252 0.07988316 0 25.23634 33.69754 37.01662 36.54098 45.47852 52.20205 40.14262 51.93567 50.7352 47.56348 2 
