0.09538704 0.02807448 0.06189828 0.0185867 0.02191422 0.02812009 0.03739579 0.04715599 0.05586518 NaN 0.06770945 0.1140982 2.421243e-05 37.4411 51.21021 72.66367 98.13914 115.2499 95.74542 128.2717 168.3991 161.8069 192.0103 1 
0.08969826 0.05137772 0.06441152 0.009362652 0.01292786 0.01856682 0.02221774 0.02612828 0.03013395 0.04298046 0.05531963 0.07463391 8.341935e-06 22.57242 34.11521 48.68482 53.78381 59.06895 60.77216 86.53104 67.68171 80.51077 76.41089 2 
0.09673081 0.07866475 0.07059562 0.008882533 0.01263002 0.01691448 0.01816103 0.01969973 0.02669792 0.03170692 0.0418035 0.06182732 3.199338e-05 15.78218 24.72931 32.23479 30.46321 34.07994 47.94976 43.56414 52.9207 57.95251 50.30573 3 
0.120596 0.02446435 0.06745895 0.04159667 0.04130877 0.05351665 0.06790554 0.0844025 0.1050568 0.1295533 0.193942 NaN NaN 75.08739 112.5037 167.2033 222.4707 272.8909 307.5266 371.6704 434.1804 432.1954 525.98 4 
NaN 0.0280859 0.04375747 0.02245232 0.04584556 0.05592507 1.590117e-05 0.08938258 0.118188 6.365115e-06 0.1263581 0.001811683 3.168177e-05 27.41466 52.15515 53.26158 53.26149 74.22885 59.58405 59.584 69.44187 69.44539 0 5 
9.897894e-11 0.03662467 0.04203294 0.02165605 0.03745813 0.05859358 0.08031278 0.1016891 0.1600244 0.1904475 0.1728619 1.857199e-13 0 23.54024 37.41707 55.55731 56.27004 68.96383 62.96427 55.67557 61.00534 0.0002257728 0.0002257925 6 
2.766511e-12 0.04099068 0.0476243 0.02857133 0.03718598 0.05266801 0.06952189 0.07870544 0.09314984 0.1334704 0.203663 0.2222161 3.72735e-05 33.95296 35.86417 56.78782 57.34852 56.78322 68.18396 73.26578 67.26597 80.63529 1.004429e-05 7 
0.09716646 0.05834686 0.0696585 0.009819196 0.0153099 0.01714985 0.0222677 0.0280851 0.032702 0.03823625 0.04901454 0.06841664 1.000556e-05 21.66188 37.55573 38.98473 52.42973 60.49838 54.88328 68.20902 68.33396 73.02219 72.50003 8 
0.1153145 0.05750243 0.06985732 0.01235926 0.01780675 0.01948968 0.02411027 0.02737136 0.03262788 0.0395956 0.05022475 0.07603091 1.447629e-05 23.73845 41.40585 44.03004 57.1902 57.56433 71.20751 71.79059 82.77339 93.57129 84.08262 9 
NaN 0.01674629 0.04983974 0.03747973 0.06477282 0.08788465 0.1053501 0.1143445 NaN 1.70356e-09 0.4388924 NaN 0.007431372 57.30862 77.99337 83.88676 100.536 98.04489 98.04654 98.04654 127.8977 0 0 10 
0.09366482 0.06104303 0.06333268 0.01213833 0.01620381 0.01786549 0.01954626 0.0268516 0.03029259 0.03730777 0.05149688 0.07837811 1.485065e-18 23.33217 35.85589 36.73964 39.13749 56.38482 46.50796 61.46563 65.9412 55.15291 70.73059 11 
5.494092e-18 0.01709681 0.04447393 0.03581821 0.0600315 0.08520514 0.1253373 0.1496195 0.2229928 0.265333 0.4588977 8.0569e-15 0 50.70105 65.67302 86.81809 90.67284 102.0116 102.8954 110.2342 111.1993 2.056464e-08 3.948548e-11 12 
3.177731e-09 0.02552107 0.04409759 0.03409831 0.05734806 0.08126772 0.09029926 7.521855e-05 0.1221827 0.2048376 0.4256028 8.299315e-07 1.914408e-05 38.90679 54.67892 66.09813 53.18689 53.18656 72.86319 82.32368 79.53982 0.0001255613 2.00454e-05 13 
0.0001425706 0.02485503 0.04460649 0.03353561 0.05344359 0.07054498 0.08880718 0.07662919 NaN 0.1651469 0.3497058 1.187789e-05 0 43.7889 55.72827 65.11294 59.61114 65.70812 65.70877 88.29265 84.11904 0.8085867 0.9926453 14 
0.1441479 0.05486922 0.07651563 0.01074829 0.02152978 0.02093871 0.02509128 0.02929721 0.03642685 0.04545823 0.05945166 0.08600498 5.201281e-06 22.47973 53.95333 53.24242 69.8559 80.69424 99.50048 108.9251 119.2145 130.265 133.8835 15 
0.07644534 0.06457802 0.05621419 0.01178612 0.01254934 0.01697104 0.01919002 0.02272714 0.0265569 0.03314467 0.04398456 0.0625581 0 19.0535 21.10458 29.94905 29.34042 34.00618 35.12737 40.88068 43.93616 44.06064 46.68345 16 
0.1157889 0.02935367 0.06182472 0.03848771 0.0320267 0.04444148 0.06154443 0.0699493 0.09744406 0.125921 0.1222499 NaN NaN 63.65561 75.57741 128.5623 177.5838 186.2897 254.4519 258.2498 272.2289 322.3025 355.4109 17 
0.0013286 0.02990564 0.04068268 0.03352377 0.05157717 0.0712125 0.09676681 0.1203048 0.1349008 NaN 0.2915716 NaN 0.1744347 34.28005 44.00075 56.72138 59.16795 66.73548 56.0757 56.6117 65.47944 5.988381 7.665449 18 
0.1043603 0.02499881 0.06090034 0.03299893 0.03112553 0.04664187 0.05193699 0.05833898 0.09795007 0.1342891 0.143491 NaN 0.2486819 61.58866 75.6261 133.7594 144.2095 163.9198 257.3195 233.632 292.6243 280.8237 340.465 19 
0.09139087 0.02337643 0.06183184 0.01581293 0.03219412 0.03433741 0.04567389 0.05594971 0.06920019 0.07630588 0.08767071 NaN 5.137619e-06 32.79336 75.73419 77.00061 115.761 130.6093 130.9179 167.6238 171.4131 200.1661 226.6717 20 
4.667618e-15 0.02850723 0.04464369 0.02121086 0.05028964 0.0712799 0.07621261 0.07641043 NaN 0.1445537 0.1962643 0.3015966 1.219847e-05 27.61606 62.45696 61.69021 60.61132 70.38191 70.38191 80.85967 86.70091 88.15251 2.16612e-06 21 
NaN 0.0232498 0.04982142 0.03371464 0.06068398 0.09763852 0.1587379 0.1608729 0.2018609 0.2578857 0.4345067 NaN NaN 41.64708 64.31734 89.86661 84.12356 86.81678 88.69647 93.31017 101.7315 0 0 22 
NaN 0.02265794 0.0429132 0.03742112 0.05547402 0.0651165 0.08712222 0.0778521 1.220128e-07 0.1539524 0.377888 NaN NaN 46.08363 46.43459 60.28782 59.38557 57.3328 57.3328 87.35482 88.76839 0 0 23 
0.08630113 0.07944741 0.06744875 0.009684407 0.01336863 0.01710326 0.01956439 0.02171541 0.02524286 0.03172504 0.04256642 0.061838 1.487694e-05 17.12258 25.79923 31.49077 32.94419 33.99096 39.33145 43.15079 46.66939 48.35632 42.81939 24 
2.331432e-09 0.03505848 0.04094521 0.02588058 0.03755139 0.05061777 0.06911753 0.09020033 0.1123821 0.15202 3.281557e-37 0.2248772 9.645689e-06 27.68628 34.5908 46.12448 56.07454 55.18539 69.14361 54.32625 54.32625 63.82369 1.150977e-05 25 
0.09045834 0.02754768 0.05948091 0.01639788 0.02721049 0.0298364 0.03311935 NaN 0.04958262 0.07387947 0.1040193 0.1631856 8.380566e-15 31.32004 59.92872 62.86817 79.78044 86.50664 126.6777 135.6348 145.4897 144.6282 159.3286 26 
0.08718601 0.07449234 0.06448961 0.00906992 0.01510564 0.01474964 0.02021476 0.02273056 0.02716963 0.03284502 0.04031101 0.05796518 1.097943e-05 14.80028 26.75077 21.48564 35.77781 32.79361 38.81084 40.27079 41.03048 53.78158 43.88862 27 
0.1082077 0.04847789 0.06906646 0.01459055 0.01370561 0.01961961 0.02335384 0.03106815 0.03614518 0.04263132 0.05551971 0.08270161 1.259268e-05 33.78233 35.69651 59.2643 63.61327 80.77191 65.14458 98.29461 92.98361 106.1009 95.49245 28 
0.05940804 0.01948156 0.06868988 0.03191545 0.04082439 0.05086927 0.05717154 2.718329e-05 0.09396944 0.1432105 0.0007997896 0.03163295 5.109042e-06 70.67254 88.57501 119.2937 149.6863 169.3626 210.4238 237.8864 208.1404 255.4197 318.1764 29 
0.1041752 0.02307706 0.05992881 0.04424646 0.07818431 0.06855309 0.07907411 0.244409 0.5494094 0.2725402 0.09962405 1.561019 12.06216 61.57076 137.8635 139.0487 194.9265 377.1052 205.9058 408.0657 366.1037 469.3667 586.5406 30 
2.678962e-06 0.03202883 0.04653954 0.02578217 0.04604706 0.06048933 0.07094802 0.09622509 0.1202819 0.1670668 0.193469 0.2609288 8.741856e-06 33.54213 55.16154 54.50015 69.5401 73.79812 80.93149 79.49459 81.96647 83.67255 0.01579369 31 
0.1579448 0.09179855 0.07832358 0.01074975 0.01455931 0.01552242 0.01987387 0.02274197 0.02765304 0.03321337 0.04446198 0.06982885 0 16.32535 28.56744 30.81346 43.6469 48.05458 59.36851 64.34691 81.04612 92.03119 83.48458 32 
0.1083565 0.07713592 0.07640886 0.01004803 0.0131296 0.01822428 0.0209857 0.02387116 0.02759706 0.03459705 0.04400271 0.06121369 5.82118e-18 17.95307 26.83371 37.03586 39.15758 41.95239 48.62138 56.20133 52.52447 65.53994 59.33246 33 
0 0.02593142 0.04238112 0.02950039 0.05027679 0.0589785 4.151726e-11 0.07601274 1.383125e-08 0.1270398 0.0006355476 0 0 33.5629 48.95959 50.17266 50.17266 55.22674 55.22674 62.74381 62.74291 1.690282e-14 NaN 34 
0.08355184 0.01913227 0.06123074 0.03062211 0.04559026 0.05155399 0.06697793 0.0834639 0.09880643 0.1071428 0 2.384206e-15 0 61.34915 110.9396 120.0467 181.7669 186.1638 250.4521 253.1179 307.2969 319.3493 372.5607 35 
0.0988057 0.0279228 0.06964998 0.02145076 0.0252424 0.03121336 0.037492 0.04484882 0.04702256 NaN 0.07107955 0.119016 5.76098e-06 45.31673 64.7998 86.324 103.4581 119.5403 116.2934 139.4433 178.6386 177.2199 194.0481 36 
0.079154 0.09719298 0.06919143 0.009348583 0.01033316 0.01386756 0.01832931 0.01985151 0.02386813 0.03114078 0.03968112 0.05442199 0 14.85814 17.24639 23.23262 28.36816 25.65055 32.7467 36.48622 34.07925 37.98527 36.52402 37 
0.110821 0.02950853 0.05686329 0.03385899 0.03465589 0.03983713 0.05585215 0.06475808 0.1030119 0.1370594 0.1552783 NaN 0.06873268 46.63817 67.54605 88.70918 134.9461 145.3087 216.1208 215.4573 255.1892 268.0697 318.6591 38 
0 0.0363903 0.04976457 0.02612442 0.04381269 0.06332919 0.08737601 0.1177384 0.1215526 0.1648434 0.1859673 0.3212316 0 32.47072 50.39476 67.11083 78.78252 72.10037 78.23178 75.73116 84.37102 84.54663 2.395985e-14 39 
NaN 0.01921203 0.05193404 0.04070079 0.05986609 0.07329156 0.1126951 0.1622392 0.1916474 0.3718558 0.364793 0.6446903 1.660909e-05 65.85656 63.6601 97.12194 117.8548 119.0808 140.9113 135.0289 141.5506 138.4021 0 40 
0.09685708 0.08924935 0.07058135 0.009577704 0.01183572 0.01453373 0.01689881 0.02141315 0.02803039 0.03303925 0.04148505 0.05956294 6.119211e-05 14.90915 20.41463 24.64219 27.31672 34.32095 40.77238 36.42781 47.63683 49.30325 44.74913 41 
0.09927139 0.02637214 0.06843811 0.02491356 0.02753778 0.03110905 0.0376771 0.05431533 0.06451932 4.429223e-07 0.07633849 0.1317341 1.636901e-05 55.40087 77.39673 89.35295 122.2 161.9807 121.9353 161.5759 205.7115 197.8717 214.3592 42 
0.08817867 0.06309388 0.06526551 0.01324178 0.0144467 0.01717796 0.01933345 0.02442651 0.02873843 0.03543436 0.04784634 0.06905678 1.762887e-05 26.92562 32.87868 38.98231 40.03768 49.86541 48.25185 54.40406 60.99423 57.87166 58.42006 43 
2.013334e-06 0.02644817 0.0415338 0.03063397 0.0447528 0.05699898 0.07713507 0.09878346 0.1211258 0.1939706 0.4184981 NaN 0.2995049 34.42424 38.49852 50.57757 58.0216 60.05564 69.96361 79.29213 78.05224 0 0.0013766 44 
6.929479e-09 0.04002277 0.04323055 0.02314477 0.04762294 0.06169806 0.06789581 0.09008722 0.1113731 0.1469186 0.1711516 0.342256 3.824735e-05 25.86709 51.85074 46.70457 58.55837 60.96803 64.04482 61.31435 68.75568 64.76879 3.768301e-05 45 
0.107935 0.05489736 0.07385247 0.01019404 0.01328053 0.01753053 0.01952193 0.02430949 0.0281805 0.03494888 0.04644113 0.06655526 7.51362e-06 26.40994 39.20409 51.63595 51.63098 68.3207 65.43501 83.49762 89.02997 89.3878 99.91902 46 
NaN 0.01995551 0.04958458 0.0358258 0.06205451 0.08449916 0.1017284 0.165925 0.1582519 0.2167851 0.3856712 0.4983314 2.312287e-05 55.6539 80.73922 81.06517 110.9166 104.4115 113.5374 128.0603 128.1135 128.7367 0 47 
0.1319505 0.02536607 0.06570445 0.05112067 0.06779435 0.06453551 0.1083973 0.1087688 0.129684 0.160241 0.2371277 NaN NaN 83.50361 163.8875 174.6471 304.0828 334.3723 395.213 460.2948 563.188 574.1385 698.2195 48 
0.1151142 0.04407767 0.07307354 0.01356792 0.01779097 0.0212326 0.02335359 0.03157929 0.03589195 0.04704016 0.06052679 0.08499077 2.086245e-16 34.28127 54.95209 66.05052 65.48223 98.23692 80.77053 121.5265 107.4794 122.6233 124.2563 49 
NaN 0.02765171 0.04440837 0.03671503 0.05534259 0.05762562 0.001474402 0.08725992 0.1107562 0.001120529 0.2982409 NaN NaN 41.93867 49.38146 47.25208 47.20557 65.06738 65.08053 65.09221 81.30545 0 0 50 
0.07948028 0.07128735 0.06236023 0.009915216 0.01380979 0.01671747 0.01858452 0.0210102 0.02571296 0.03417246 0.04437682 0.06207505 1.534143e-05 16.53442 24.69229 28.1778 28.7795 32.10686 37.29569 43.05325 41.41335 44.72985 45.52287 51 
2.570536e-11 0.02314754 0.04469344 0.02587188 0.04675878 0.0629431 0.07940603 0.09847729 NaN 0.1343164 0.2355329 0.2832106 8.299461e-06 36.57921 58.42515 60.70704 84.37768 70.51498 70.51498 96.81153 97.37944 105.5091 1.437873e-06 52 
0.0598243 0.01954504 0.05674236 0.02983809 0.04695021 0.05740054 0.06363534 0.08135449 0.07272732 NaN NaN NaN NaN 52.93429 88.57323 89.80079 123.2112 145.8698 145.2615 175.2807 222.7915 228.1975 256.3657 53 
0.09061507 0.08409658 0.06989378 0.008087289 0.01426532 0.0138185 0.01869434 0.0216723 0.02928031 0.03480485 0.04099219 0.05809872 1.90583e-05 12.68164 24.10698 19.65752 31.65301 31.48259 41.80324 34.17844 44.23948 48.1421 43.16741 54 
2.212709e-12 0.0266697 0.04897794 0.03500784 0.0486964 0.06735904 0.1017636 0.1324945 0.1374134 0.1828368 0.1996146 0.2729419 1.397413e-12 46.92963 46.28628 77.56269 85.6718 81.54882 87.55342 86.41512 91.3171 96.83268 1.070699e-05 55 
0 0.02050228 0.04834462 0.03164394 0.05488922 0.07574252 0.09718447 0.1390643 0.2020895 0.2291473 0.3026674 0.4526074 0 48.9308 72.4494 82.27494 101.3654 114.9346 114.1812 118.2466 123.0618 125.3308 2.269191e-14 56 
0.09242546 0.07798655 0.07106249 0.01077564 0.01396945 0.01635268 0.01908972 0.02382539 0.02702823 0.03339675 0.04285397 0.06326721 4.104354e-05 20.07486 29.36874 32.56375 36.57421 44.00758 40.00927 50.91981 48.93301 57.01481 46.11093 57 
0.1069052 0.02736244 0.06252852 0.04558128 0.04853023 0.05877367 0.07475979 0.08965165 0.0002018796 0.1640875 0.2044134 NaN NaN 61.39165 92.47001 129.7895 183.644 243.6159 306.745 344.171 459.2456 489.8501 610.1548 58 
0.004179122 0.02567019 0.04306165 0.03706658 0.05666695 0.07154392 0.09134848 0.106465 0.1549628 NaN 0.1948964 3.835831e-07 0 44.69293 51.96252 61.4693 59.69647 79.35504 59.97467 60.99112 78.71053 23.43726 28.47412 59 
0.09946991 0.06272907 0.06555652 0.01102081 0.01709501 0.01927715 0.02173528 0.02428067 0.0322282 0.03860032 0.05107365 0.0733689 7.917847e-06 19.43777 34.64789 37.00251 40.49339 44.57795 59.74663 46.04344 73.01708 61.72957 63.56748 60 
0.1126118 0.03444816 0.05997645 0.0215971 0.03597358 0.04053774 0.0480818 0.05424044 0.06552898 0.06324503 9.613353e-30 0.1486273 2.384402e-05 33.38689 70.38368 88.79552 89.51143 138.7073 144.9216 171.4353 202.2758 259.549 249.279 61 
0.1266955 0.02859537 0.06671136 0.0282781 0.04398017 0.05941904 0.06482966 0.09638681 0.1146309 0.1496394 0.1697307 NaN NaN 42.89802 89.33529 138.3401 155.4147 236.2288 259.3542 290.983 371.3432 389.0554 479.0378 62 
0.06792772 0.02488413 0.05365515 0.02730906 0.04553141 NaN 0.06929172 0.1030812 0.147775 0.1391928 NaN NaN NaN 34.86079 65.39696 75.31211 113.9527 142.7494 153.6352 203.2926 213.1207 269.3788 344.7778 63 
7.793784e-12 0.02579306 0.04525737 0.03342795 0.05383361 0.07084473 0.0876945 0.1106727 0.1355239 0.1941818 0.267232 5.983566e-14 0 40.92213 53.43339 59.85142 66.32274 69.30205 76.26681 78.38336 79.28653 0.0001500737 0.000150297 64 
0.09777207 0.02555844 0.06832908 0.01736755 0.02554658 0.03024435 0.0361915 0.05488484 0.06630078 0.08290287 0.1294696 NaN 0.253149 37.09964 64.06254 78.31079 98.95464 151.0774 157.6097 179.1751 238.8395 192.9734 257.4091 65 
NaN 0.0331664 0.04096536 0.02708809 0.04288578 0.0575583 0.06063963 NaN 0.09240608 0.1201927 4.00376e-08 0 0 28.40978 38.81721 46.64056 41.04533 41.04532 57.92595 48.05886 48.05885 0 0 66 
0.118961 0.03880374 0.06822921 0.01211444 0.02245124 0.02333181 0.02673018 0.03550115 0.0426759 0.05322495 0.06577014 0.09786021 2.292067e-14 29.69824 65.20728 67.56698 78.7524 109.8506 115.1802 115.6002 145.1885 142.2332 155.1138 67 
0.1389956 0.0428542 0.05909987 0.03906872 0.03989926 0.0451677 0.06207884 0.07203324 0.08236665 0.1225805 0.1761209 3.000597e-14 0 45.10247 72.71049 100.221 152.8582 181.2981 224.0707 304.1295 347.5388 383.3375 469.8922 68 
4.993469e-06 0.02399681 0.04510966 0.03120341 0.05766123 0.0829259 0.0970778 0.08935699 NaN 0.1358868 NaN 6.605701e-06 0 40.17046 64.43693 68.29048 68.52539 66.56307 66.56335 72.1443 72.14079 0.02641428 0.03401759 69 
2.057327e-12 0.03602456 0.03986264 0.0242685 0.04375717 0.0583451 0.06926026 0.08614491 0.1223812 0.1262851 0.1926789 0.3409905 4.240274e-05 24.88335 42.39587 46.34346 48.17909 57.80399 52.37959 58.28692 62.10712 61.0233 1.070785e-05 70 
0.1001011 0.04965774 0.06509935 0.01527998 0.01459492 0.02099337 0.02373166 0.02975837 0.03957175 0.04879428 0.05555377 0.08936517 5.942807e-06 30.16219 31.9155 52.67112 52.33713 64.49852 76.61284 64.53972 79.67676 97.04497 72.80814 71 
0.09218475 0.04382732 0.06266467 0.009754139 0.01641266 0.01862928 0.02488023 0.02755704 0.03308334 0.03993316 0.0493616 0.07486039 1.209981e-05 25.828 47.57472 49.96416 69.0402 57.36817 84.32826 71.46288 92.24645 99.79255 87.08368 72 
0.1247067 0.06256109 0.07226807 0.0129086 0.01679263 0.02103353 0.02315649 0.02669681 0.03419913 0.04127635 0.04931154 0.08165406 1.14626e-05 23.55879 38.2058 48.91583 50.15413 60.66641 74.9863 68.58814 81.92399 102.4971 79.53395 73 
0.0012882 0.02780801 0.04442842 0.03174435 0.05002971 0.06983572 0.09657067 0.119333 0.1426354 0.2194081 0.2187945 NaN 0 38.6975 50.27306 65.57936 69.53134 70.34158 76.71896 71.84115 77.27379 6.728773 8.260587 74 
2.188677e-08 0.02896789 0.04014139 0.03066799 0.04276451 4.700184e-06 0.06710845 0.09800379 0.1558497 0.3475943 0.4255118 0.0008432762 1.553827 32.56789 40.01526 40.01525 53.01006 62.74009 78.57805 71.45198 71.23449 0.0402741 0.0002660297 75 
7.405021e-10 0.03126894 0.04735051 0.02328023 0.04634137 0.06514265 0.08673703 0.1224827 0.1682356 0.1852592 0.2156939 0.2866644 1.39406e-05 28.59187 53.61597 62.27431 77.68582 84.15643 79.81232 78.61878 80.60094 84.61004 4.784758e-06 76 
0.08820994 0.04547236 0.05873693 0.01256223 0.01497105 0.0166624 0.02318504 0.02787069 0.03321898 0.04080947 0.05261489 0.07290548 4.466034e-06 26.72819 35.09818 37.88623 55.99546 58.04378 61.17048 70.81429 72.53661 82.07247 83.65338 77 
0.0007900894 0.0354823 0.04153363 0.02721201 0.04649087 0.06341911 0.08561113 0.1227893 0.147444 0.1753569 0.2212164 9.226159e-10 3.685989e-12 28.15418 43.96093 50.38188 63.10814 61.27748 58.83712 57.87532 59.03883 3.300605 4.070264 78 
NaN 0.02919611 0.04550828 0.02798368 0.04519503 0.05797366 0.0701425 0.09466612 0.1106484 0.1480776 0.1659381 0.1812632 1.332377e-05 37.9623 53.05861 55.36364 69.97084 71.70669 78.64847 77.79631 77.61075 88.47904 0 79 
0.1389045 0.03817615 0.06039479 0.02080424 0.04589899 0.06561003 0.06446646 0.07155679 0.09895559 0.1262895 0.1381947 3.117996e-17 3.160997e-15 24.07519 66.45068 109.482 116.7337 155.3551 210.4329 247.3134 275.2911 345.1416 399.8954 80 
0.1268479 0.07556623 0.07904673 0.01588887 0.01562641 0.01777544 0.01995135 0.02678658 0.03142706 0.03837255 0.04970473 0.07196688 1.367633e-14 30.33942 38.8197 45.36542 48.71008 63.94168 62.24818 66.83988 75.35503 79.61115 74.98428 81 
NaN 0.01778766 0.05052676 0.02889794 0.05368094 0.0849382 0.1304221 0.1601437 0.1666046 0.1711979 0.069995 NaN 0 46.03444 72.66951 100.6933 105.504 103.0403 109.3209 102.6764 102.4183 0 0 82 
0.005986169 0.02581769 0.05153194 0.02981155 0.05862504 0.07148168 NaN 0.1016325 0.1740815 0.1553851 0.0002519149 NaN 0.002044049 40.19226 70.96703 59.3089 59.83399 91.13245 90.21408 81.81172 83.78231 33.32378 40.84349 83 
9.2437e-08 0.02220273 0.04668981 0.03830643 0.0625944 0.08343721 0.1008705 0.1217558 0.1672588 0.1819501 0.2294072 0.3218779 5.310507e-05 53.81779 71.0348 78.30078 83.37986 94.0751 93.16445 97.29896 102.831 108.1492 0.0007312267 84 
0.000268318 0.02589743 0.04505296 0.02805566 0.05136646 0.07744765 0.1085655 0.115717 0.1537494 0.173357 0.2069082 7.838309e-10 0 35.64279 57.31715 72.8449 69.81951 75.68396 74.38825 75.35248 81.41407 1.365032 1.677812 85 
1.034051e-14 0.02349429 0.04611438 0.03752175 0.05507688 0.07185248 0.1013423 0.1138974 0.1248837 1.996686e-28 0 0.2812714 1.42967e-05 48.75401 52.77831 74.76585 73.79049 89.53516 77.38988 77.38988 77.38988 93.14259 4.655735e-06 86 
0.08023453 0.1073222 0.07099106 0.008349412 0.01155605 0.01560316 0.01664987 0.01891407 0.02354029 0.03018757 0.0379807 0.05278587 1.052961e-05 12.48171 18.32275 23.607 21.99794 25.95494 30.05664 32.4722 30.80925 37.45944 31.96095 87 
0.1127405 0.04564375 0.07088815 0.01479312 0.01581127 0.01826787 0.02659231 0.02894107 0.03398856 0.04375628 0.05958759 0.08891218 2.283425e-05 39.34953 51.24055 60.64141 88.19843 78.22533 93.38598 109.1384 115.898 106.803 122.4517 88 
NaN 0.01624461 0.05874171 0.04037752 0.07383528 0.1079716 0.1250341 0.1949685 0.2248889 0.3147112 1.10065 NaN NaN 71.9278 105.2951 108.6037 134.232 136.5409 146.0278 162.2145 154.8659 0 0 89 
0.1038095 0.02503588 0.05827453 0.0229063 0.03129405 0.03778093 0.06547299 0.0782959 0.09804317 0.1202814 0.1799567 NaN 0.3634696 37.55289 64.84427 86.23486 145.5687 168.0877 178.1638 219.3854 247.3666 234.9688 288.3789 90 
0.001264772 0.03076772 0.0417181 0.02780618 0.03993057 0.05588227 0.08061688 0.08731876 8.896765e-06 0.1324234 0.233357 NaN 0 30.48963 34.44678 51.72342 59.97724 49.41036 49.45055 64.26726 62.69864 5.33331 6.591135 91 
1.62183e-11 0.03617676 0.04228839 0.02517048 0.04007062 0.0568959 0.07391817 0.08012588 0.1036076 0.1175991 0.1270081 0.2048062 3.245507e-05 29.28094 42.15777 55.54603 52.45606 59.21261 58.40532 56.92406 64.11165 73.2724 1.079561e-05 92 
0.001185709 0.02167162 0.04421849 0.03580389 0.05685332 0.0779412 0.1144117 0.131117 0.1789758 0.2084301 0.2197729 NaN NaN 47.20176 56.67912 76.00893 76.84914 83.27933 82.39908 80.46929 83.32392 7.21712 8.705734 93 
NaN 0.02773733 0.04211114 0.03085945 0.04464788 0.05989669 0.08197381 0.08919202 0.1111747 0.08976346 3.85403e-06 0.0003048934 1.185472e-05 38.85307 43.67053 61.79729 60.82383 66.50564 64.24469 61.61909 61.6181 61.61609 0 94 
NaN 0.03030908 0.04826302 0.02393646 0.05005171 0.06939231 0.07746922 0.09869453 0.1349968 0.1242771 NaN 0.2437199 NaN 31.36465 61.67712 61.78988 69.23889 80.28013 79.08667 74.78857 74.78857 85.3062 0 95 
0.1007034 0.03138386 0.06342319 0.02135033 0.03035005 0.03470093 0.04069503 0.0607702 0.08309518 0.07673649 0.1079635 NaN 0.4743599 37.0127 64.65495 76.34688 95.34708 140.879 120.7942 166.1169 180.7019 181.2584 214.3364 96 
0.001318892 0.02345329 0.04941024 0.03429867 0.0505421 0.0607326 0.08792638 0.1335797 0.1387228 0.1975386 0.2511072 2.821085e-06 8.750677e-10 46.83715 48.59701 63.87168 83.95607 80.24902 88.84264 90.8931 97.7806 7.526102 9.313549 97 
0.1454831 0.039699 0.07342289 0.01702801 0.02108439 0.02969646 0.03325124 0.03817728 0.04511026 0.05712759 0.0759756 0.1043884 0 39.1741 66.91533 101.3223 115.9844 122.4631 154.8805 172.5656 175.1792 207.4461 206.9637 98 
0.120688 0.02272739 0.06322574 0.03589632 0.06024408 0.05759847 0.06636183 0.1048863 0.1253886 0.1698676 0.2266594 6.310099e-18 0 57.87849 129.7413 151.2879 186.1479 281.0247 322.4182 355.6224 444.5506 442.5429 547.4963 99 
NaN 0.0234772 0.04760871 0.02690886 0.04908698 0.07499509 0.1080765 0.1142297 NaN 0.1399371 1.75439e-09 NaN 0 35.80933 56.98517 76.57968 84.38554 70.6711 70.67099 74.30161 74.3016 0 0 100 
