0.0004435333 0.04217498 0.05187519 0.03730895 0.06295756 0.08505055 0.1032982 0.1293899 0.162985 2.744739e-08 0.2598079 1.244958e-05 0 45.39202 72.21232 77.65987 77.24295 95.14497 71.11259 71.12235 77.27569 2.439335 2.931888 1 
7.765945e-05 0.07083916 0.02607903 0.02002953 0.03491394 0.0496711 0.05990023 0.06870304 0.09026405 0.1155708 0.1546604 1.585464e-05 5.167121e-13 16.70769 30.69551 42.62779 35.61508 44.14329 42.73889 39.45279 40.53508 0.2136971 0.271069 2 
0.003092031 0.106216 0.05036923 0.02717521 0.05322182 0.05757116 0.06820351 0.08652145 0.1161254 0.1152079 0.1666822 0.2202063 4.608675e-05 29.11097 66.26736 78.26509 65.317 84.05245 62.75326 67.03701 59.98554 60.88937 13.55279 3 
7.044149e-13 0.07352188 0.03497472 0.03061114 0.06077629 0.06871735 0.07527512 0.0959209 0.1247786 0.1340409 0.2028979 1.800504e-14 3.307366e-15 30.76804 65.3159 55.96789 63.29334 63.57227 53.71448 54.92147 49.88845 1.143522e-05 1.145815e-05 4 
8.24055e-12 0.03364875 0.05875108 0.04482545 0.08255164 0.1184185 0.1400885 0.1861337 0.2159285 NaN 0.002582302 3.044845e-12 0 63.82936 107.5715 109.446 114.1462 133.4281 89.92843 89.9044 89.90019 8.554918e-07 7.554275e-08 5 
0.003042324 0.06264206 0.04324099 0.03991278 0.04844211 0.0745916 0.09322279 0.08960502 NaN 0.1776024 0.400481 NaN 0.2533626 41.18146 50.49281 75.83238 73.2879 64.16915 64.34428 83.71375 69.91143 13.66532 16.88597 6 
0 4.023954e-11 0.004294715 0.007329735 0.01001606 0.009870123 0.01387558 0.01573522 0.01836609 0.02393633 0.02901721 0.03772181 2.719511e-05 4.808306 7.755745 9.317733 11.22207 12.31425 12.78428 12.45735 11.32734 8.470447 5.027382e-07 7 
0.0007013752 0.08251787 0.03957965 0.02622604 0.04586353 0.05729676 0.06867614 0.09347326 0.1236198 0.1420889 0.1839207 3.633502e-15 6.189727e-11 24.74221 47.77502 58.57713 50.83548 71.65093 59.80917 51.63567 59.5937 2.263501 2.884431 8 
NaN 0.08908501 0.03788272 0.03121807 0.03586104 0.05182433 0.0593766 0.0756476 NaN 0.1207819 0.1539358 0.2104779 NaN 31.22194 41.55132 58.76483 55.3942 67.8009 67.8009 54.86203 52.46088 53.21228 0 9 
0.0006923169 0.05609518 0.05460959 0.05034922 0.06025534 0.06970094 NaN 0.1137693 0.1960262 0.3246003 0.5118179 NaN 0.1710266 57.79138 67.37406 78.74688 78.73663 97.50116 110.981 101.5731 88.33651 3.683425 4.794796 10 
7.117365e-10 0.02071932 0.08949131 0.03895087 0.06555072 0.09672125 0.1412692 0.1524424 0.1793953 0.3043756 0.3355048 0.3441012 3.281115e-06 106.5004 148.3851 201.2674 201.5464 207.9449 249.6438 246.8114 245.2018 268.986 1.066884e-05 11 
NaN 0.02631563 0.07935883 0.04370134 0.06592317 0.1059277 0.1834831 0.2068725 NaN 0.2146853 0.4240397 NaN NaN 92.8863 105.8043 184.7828 187.0212 135.4867 135.2186 180.5961 210.0089 0 0 12 
0.001312517 0.03213704 0.06069524 0.03572636 0.06126376 0.08481064 0.1080999 0.149077 0.1894692 0.232009 0.4134018 NaN NaN 55.27 84.53235 93.81344 110.0766 113.2396 112.6384 120.8843 114.741 9.103767 11.0629 13 
0.0003652373 0.05755637 0.03367003 0.02836735 0.05170038 0.0664356 0.08179566 0.09124673 0.09382693 NaN 0.1932866 NaN NaN 29.56255 55.76028 63.78394 59.11333 58.43636 56.163 56.1655 60.75189 1.499606 1.861731 14 
NaN 0.03719483 0.06838001 0.03753026 0.04965329 0.06697153 0.09179167 0.09222273 4.976307e-06 0.1572078 0.2438779 0.4024889 8.107479e-06 63.52984 62.73327 101.0701 105.4672 106.9357 106.9343 130.3118 136.517 132.349 0 15 
0 0.04347819 0.03925388 0.02555528 0.04841461 5.078691e-07 0.07433092 4.596507e-69 0.102729 0 0 0.2660403 1.609587e-05 30.89681 59.64184 59.64184 81.63509 81.63509 69.742 69.742 69.742 81.19327 3.988177e-06 16 
0.0008484191 0.08860503 0.02605945 0.01906964 0.03614146 0.04048566 0.05447594 0.06791788 0.07400185 0.09941299 0.1424849 0 3.732947e-13 16.28844 33.69727 35.5733 45.38451 36.37764 41.56196 40.32091 34.69225 2.18841 NaN 17 
0 0.09418884 0.03787502 0.03513291 0.03984841 1.900367e-43 0.06626264 0.08279202 0.1257594 0.180527 0.1859491 0.2623904 0 33.2326 47.68794 47.68794 70.54767 65.56033 83.58052 62.768 56.1248 54.59247 1.792009e-14 18 
0.0004799427 0.03828731 0.05797025 0.02818974 0.0500612 0.07136758 0.09658722 0.1332716 0.2046779 0.2023037 0.2632231 5.850548e-10 0 43.04974 71.55461 89.86754 104.7846 118.2866 104.7733 105.1361 107.8256 2.846603 3.516855 19 
NaN 0.0709881 0.04185661 0.0383349 0.04159478 0.05063332 0.07270283 0.09111089 0.09109864 NaN 0.1808116 0.2141697 3.831442e-05 41.66309 45.93457 53.94126 73.97276 67.16474 66.19333 66.19323 60.82981 65.66407 0 20 
0.001432644 0.07182145 0.0277395 0.02165655 0.03905818 0.04439023 0.06143351 0.06280303 2.213763e-06 0.09654215 0.1672306 0 2.146927e-12 19.70573 37.90771 36.54396 51.99234 40.3988 40.42118 47.06681 47.80914 4.313043 NaN 21 
0.0002341465 0.06361704 0.03877138 0.02125288 0.04724632 0.05596979 0.06903972 0.08813473 0.1101774 0.1305152 0.2481864 5.639e-12 5.825994e-08 20.27265 46.59762 47.10233 55.30614 54.62477 47.1115 58.82986 48.9149 0.7549376 0.9482339 22 
0.001231762 0.03764692 0.05405527 0.03175254 0.0501558 0.07274321 0.1011585 0.1336011 0.1459565 0.2084306 0.2741392 NaN 0.001471071 42.13005 59.26417 80.17468 88.47849 82.94582 89.34676 87.45729 83.81462 6.66773 8.15909 23 
0.1314813 0.05084216 0.08438718 0.0770349 0.07568828 0.09963793 0.1199025 0.1321146 NaN 0.2309178 0.2928595 3.101278e-06 0 116.9957 186.2379 278.1274 318.3977 443.2714 548.6657 615.7989 774.2313 829.5796 999.3866 24 
0.1111303 0.0404519 0.07637307 0.03811838 0.06434197 0.06713025 0.08012092 0.07845753 NaN 0.1218505 0.212018 NaN 0 68.57369 149.0875 179.1518 227.7976 264.6139 336.586 391.5285 510.7545 505.031 623.1751 25 
7.416929e-15 0.05482753 0.0498469 0.03231961 0.05737338 0.07301247 0.08731048 0.1017648 0.1452491 0.2318371 0.3223796 3.563452e-13 0 36.06266 65.27158 70.61196 68.36566 75.76254 90.88692 80.74173 90.69831 4.597526e-07 5.290473e-08 26 
2.840704e-06 0.05943698 0.03087282 0.03826829 0.05162867 0.06336207 0.07239898 0.1023844 0.1554285 0.1230682 NaN NaN NaN 42.48833 58.46509 59.06438 57.16227 82.87079 68.02278 56.39985 56.39988 0.01342014 0.01639826 27 
5.466941e-08 0.1252498 0.0441231 0.03581446 0.03042476 0.05084478 0.05196484 0.05912007 0.08190773 0.1033394 0.1584416 0.1715648 3.129851e-05 31.39424 34.76486 54.73943 50.51703 44.50004 57.23664 54.1755 39.80065 42.19762 0.0002049309 28 
0.1088733 0.02698049 0.08328133 0.05288179 0.08356836 0.08103403 0.1221976 0.182916 0.01747122 0.3252703 0.3389022 0.0008166155 NaN 110.8931 233.9816 248.1161 403.3115 517.3067 622.8963 641.4879 731.4936 800.8309 960.6683 29 
1.192994e-05 0.05393455 0.04153508 0.02961484 0.04107808 3.970893e-09 0.06553204 0.0788876 5.08064e-08 0.1343015 0.1668727 NaN 0 38.82886 54.30058 54.30052 75.04174 68.25774 68.25816 72.08598 76.57463 0.05647946 0.06957451 30 
0.001077274 0.04122554 0.05680841 0.04326835 0.05726811 0.06864092 0.09170224 0.1105247 0.0997665 5.468733e-08 0.1886353 6.87677e-08 0 57.85358 56.24483 75.5224 79.22631 76.86732 69.8929 69.94311 95.98346 6.335679 7.797021 31 
0.000609331 0.04487485 0.04102038 0.03278723 0.05128151 0.07798837 0.1109427 0.1063127 0.1399195 0.1974714 0.001954269 NaN NaN 36.3335 53.15615 74.30543 61.91619 66.41316 69.85342 72.55205 2.35009 2.902615 3.661641 32 
1.384211e-05 0.008102709 0.07565646 0.04445171 0.08621932 0.1421389 4.569794e-05 NaN 0 0 0 0 0 162.7065 237.2256 318.9042 0.0819984 0.09238523 0.1516334 0.2108816 0.2701297 0.3293779 0.388626 33 
1.245647e-15 0.1295227 0.05661582 0.04491652 0.04585154 0.060562 0.07981541 0.09265088 0.1123443 0.1211722 0.1559156 0.3230254 1.119684e-05 51.73749 74.44788 96.04508 113.8774 95.90793 72.89406 60.75125 79.63277 67.4157 1.642536e-06 34 
0.1760944 0.04616609 0.07633362 0.08352346 0.06503363 0.1062751 0.0990301 0.1239227 0.1542662 0.19218 0.3412235 NaN NaN 118.3152 185.9567 313.2393 379.5878 505.0358 598.9063 757.7679 928.9761 1002.749 1236.452 35 
0.001085436 0.2140568 0.03657049 0.01797908 0.02919472 0.05092098 0.04264355 0.05234618 0.06519175 0.07260025 0.123773 0.1148728 3.974634e-05 14.71187 31.73216 57.92544 41.89224 52.98418 33.9552 42.3452 25.93463 30.5363 2.977907 36 
1.523117e-09 0.1871605 0.04724165 0.0425087 0.02952289 0.07058056 0.06210168 0.05858768 0.07391924 0.08061417 0.1105473 0.1745682 2.965986e-05 39.46476 44.97777 84.45053 61.05637 62.48273 48.17175 46.14452 49.72822 43.53257 7.745863e-06 37 
1.701457e-05 0.05445057 0.05247426 0.05377432 0.06440919 0.09108527 0.1172784 0.1513109 0.2399064 0.390404 0.5826737 NaN 0.1521724 68.81126 81.6467 109.3129 100.4964 128.3387 133.2111 117.9204 102.2531 0 0.1367822 38 
NaN 0.04136736 0.05227355 0.03994486 0.05977908 0.08921466 0.1257268 0.1653151 0.2623064 0.3055985 NaN 0 0 52.83976 71.00509 99.99436 103.932 116.779 106.3781 108.1636 0 0 0 39 
3.82086e-08 0.08447721 0.05335552 0.04060372 0.04599684 0.05329633 0.06902132 0.08636942 0.1102 0.1456855 0.1993886 0.2143003 1.274457e-05 45.89464 60.77435 58.33948 76.28814 79.57984 81.38391 74.33137 64.65756 69.00461 0.0002031233 40 
0.0004925709 0.03813425 0.06580634 0.03812454 0.07324161 0.1109025 0.1579465 0.167896 0.2193151 0.2629677 0.313987 NaN NaN 60.17163 110.092 137.2777 126.2249 129.1546 123.7386 119.1642 135.8255 3.584882 4.406155 41 
4.445019e-07 0.09898508 0.05703752 0.05280975 0.04987791 0.06585276 0.0816848 0.104926 0.1352833 0.1868402 0.2780222 0.5517975 3.255977e-05 57.26588 71.68429 89.17686 99.21458 106.4154 105.4264 103.1463 92.02634 70.80081 0.002514423 42 
0.0001109178 0.0442976 0.06268598 0.03138199 0.05983102 0.07775758 0.09783339 0.1340244 0.1667864 0.1508216 1.743228e-08 0.249498 3.863763e-06 47.19174 89.20167 91.20276 114.7844 115.0777 107.8398 92.84627 92.84239 113.5677 0.8049547 43 
0.0008176925 0.03248836 0.06350693 0.02908924 0.05426581 0.08076347 0.1096789 0.1277047 0.1507495 0.2043243 0.2332864 6.503883e-06 0 47.17436 80.32744 102.073 103.4353 104.9221 111.6358 109.5641 126.7504 5.069186 6.33727 44 
2.386574e-08 0.101179 0.0451801 0.02782793 0.05937849 0.05601189 0.07452507 0.07350839 NaN 0.1156593 0.1868344 0.2113858 3.301625e-06 29.31249 71.47091 59.72835 83.88635 74.99677 74.99677 68.06167 57.80654 61.07769 0.0001065861 45 
1.755728e-06 0.06446964 0.03013086 0.02737657 0.04429591 0.05636219 0.06927471 0.08620624 0.09275564 9.044665e-08 0.1415714 1.011345e-13 2.438374e-14 26.77341 44.74101 50.44656 52.26375 56.39297 41.04406 41.04406 46.09521 0.00627911 0.007700368 46 
0.1367272 0.03697928 0.08749565 0.03610725 0.04895097 0.06017638 0.07462671 0.1033509 0.1251543 0.1630344 0.2547736 NaN 0.5516807 85.78704 166.7546 239.6897 311.0974 399.208 446.9822 488.2099 594.2987 543.5064 668.692 47 
1.925898e-09 0.04578993 0.06870388 0.0384491 0.05583967 0.07531842 0.09653734 0.1179891 0.1513398 0.1640407 0.2418426 0.2717425 1.228206e-05 61.46635 84.92948 104.3053 110.0749 116.6016 109.3228 119.559 116.3755 128.9436 1.583286e-05 48 
0.001480628 0.03612116 0.06450233 0.03661726 0.06666653 0.09409778 0.1210356 0.1600778 0.2383026 0.3354644 0.3283134 NaN 0 56.63367 96.70852 109.3453 118.1675 131.563 128.016 116.1106 119.4596 10.59516 12.87615 49 
0.001145163 0.06372593 0.037396 0.03096089 0.03897834 0.06141518 0.08512446 0.1166902 0.09338899 2.004388e-07 0.1833139 NaN 0 33.24716 41.15842 65.88663 80.35537 63.94093 59.67493 59.70692 65.26724 4.67447 5.836134 50 
2.217999e-07 0.09753041 0.04101091 0.02355566 0.04025093 0.04285942 0.06036218 0.05896843 1.111351e-07 0.11361 0.1843405 0.4000425 1.216864e-05 22.19042 43.79324 45.71913 61.15285 49.49222 49.49222 67.95628 58.81539 46.31759 0.0008455262 51 
4.566e-05 0.04313028 0.07077603 0.04325292 0.07359807 0.09504199 0.1197599 0.1678864 0.2153515 0.3474492 0.4051029 0.4702787 2.857612e-05 66.02592 111.2843 109.8073 140.9389 139.9183 152.3168 138.8338 130.6842 131.4354 0.3999907 53 
2.552883e-10 0.0735758 0.042087 0.03531186 0.03934739 0.04958227 0.06508737 0.0674041 3.075327e-08 0.1120539 0.1935838 0.2483859 6.357755e-05 37.10067 44.25025 53.12607 64.26084 56.45654 56.45654 67.1718 59.92869 58.55135 3.2551e-05 54 
0.001014607 0.05123282 0.06138256 0.03540669 0.0487806 0.06180173 0.08534688 0.117168 0.1502136 0.2073694 0.2444905 0 0 47.50504 59.89524 69.79009 93.84141 97.28608 99.60386 92.43289 92.83518 5.323892 NaN 55 
0 0.0378595 0.0588382 0.03779845 0.06407244 0.07155846 1.139283e-33 0.08885522 1.33352e-45 0.1774882 0.1939482 0 1.982749e-05 57.07588 92.0041 82.99041 82.99041 100.579 100.579 108.3791 101.6364 101.6364 9.577482e-06 56 
0.000289228 0.06289812 0.03963938 0.03422458 0.05569322 0.07196388 0.08947859 0.1058905 0.1134476 0.1428213 0.2559354 NaN 0.0007817949 35.49821 60.61271 69.71702 66.93637 58.35638 52.97091 70.67498 67.27032 1.202888 1.500327 57 
3.017177e-06 0.02402864 0.07610019 0.03129029 0.07429526 0.1169557 0.1174646 0.1682422 0.248055 0.3030092 5.448694e-50 NaN 6.203459e-07 68.46825 151.8754 141.6773 172.3236 197.2494 210.42 157.2699 157.2699 157.2676 0.03473354 58 
0.0008677808 0.04468815 0.04830379 0.0389979 0.05583959 0.0708734 0.08230923 0.09687758 0.1421181 0.133306 0.1787568 NaN 0.00527968 48.40244 62.29625 64.29048 63.05443 74.68084 64.90605 68.71734 77.91276 4.575976 5.684144 59 
0.1236743 0.0288293 0.08267699 0.0473682 0.04375733 0.05731094 0.06596225 0.08582137 0.1096111 0.1463056 0.2399774 NaN NaN 126.816 182.101 270.1248 302.3739 420.4053 485.4632 531.1059 535.3571 633.2053 724.6852 60 
2.323579e-21 0.09113947 0.0450376 0.03343456 0.04216712 0.04900572 0.06509735 0.07962557 0.0887147 0.1174694 0.1616376 0.2311482 0 32.88854 49.78127 54.16697 65.43091 54.62981 59.08822 58.01982 53.09302 50.24854 7.674849e-13 61 
0.0009335185 0.08346222 0.02917365 0.01991235 0.03422311 0.04496198 0.05638362 0.0687664 0.07993598 0.1033012 0.135698 0 9.137242e-16 18.16528 34.14467 44.68409 49.26469 44.2067 44.75503 42.01813 41.35005 2.667658 NaN 62 
1.790303e-06 0.06850077 0.04432947 0.0372819 0.04636758 0.05743814 0.06821955 0.08808014 0.1185856 0.112905 1.538122e-05 0.1903324 1.271635e-05 42.52794 57.17355 63.32832 60.51649 77.58021 69.56075 55.62654 55.62649 66.42338 0.009941631 64 
0.001076441 0.1086224 0.0252428 0.02102324 0.02896876 0.03024509 2.03486e-07 0.04765555 0.0681994 0.07031277 0.09517326 0.1401986 3.625453e-11 18.23405 29.46693 30.52774 30.53018 40.32094 31.73612 34.1628 34.299 35.01793 3.461825 65 
0 0.005313951 0.08402204 0.04223852 5.995845e-09 NaN 0 0 0 0 0 0 0 203.7658 203.7658 0 2.372969e-14 NaN NaN NaN NaN NaN NaN 66 
0.000168171 0.06931124 0.03891647 0.03199649 0.05456544 0.06751535 0.08919365 0.1181289 0.1298779 0.1426705 0.2480683 NaN NaN 32.87915 60.49195 68.82068 78.48296 64.92575 52.05603 69.19976 63.71339 0.6777685 0.8447513 67 
8.316567e-05 0.05845302 0.03561095 0.02957538 0.04938014 0.0612855 0.07621978 0.09861752 0.09112773 NaN 0.1693395 2.300026e-09 2.178069e-13 34.12669 58.39876 60.01838 71.50424 66.29909 58.65751 58.65761 65.71669 0.3610308 0.4472056 68 
0.0003837961 0.0389559 0.05849756 0.03670739 0.05434211 0.07534819 0.1080399 0.154435 0.1679847 NaN 0.2632082 1.508599e-08 0 50.33843 65.17723 86.57542 107.1699 111.5975 85.80807 85.8151 104.2736 2.307855 2.828823 69 
0.0004245497 0.05404187 0.04061641 0.02823802 0.0467024 0.05799222 0.0647164 0.08487037 0.1056545 0.1224634 0.1725834 NaN NaN 29.29022 48.01207 42.21987 53.14594 54.74813 51.63434 54.58189 54.96176 1.593443 1.998982 70 
0.0003873332 0.06181217 0.0396432 0.02470242 0.03575313 0.04685671 3.409217e-08 0.06929623 0.100217 0.1137357 0.1463058 NaN 8.484918e-09 27.17064 38.93064 52.74204 52.74253 62.74331 55.1689 71.26505 60.35697 60.36304 1.718587 71 
1.744969e-08 0.08973417 0.05135088 0.03750899 0.04334518 0.05650896 0.06629707 0.0916115 0.1219159 0.1414874 0.2134318 0.3262139 2.772636e-05 40.14033 55.85315 69.98978 68.55165 86.88062 67.45758 83.71574 73.75483 64.63821 8.654053e-05 72 
0.0005554236 0.06518806 0.04354571 0.03015593 0.04893045 0.06508721 0.0809239 0.09107572 0.1264306 0.1260603 0.2104393 1.399151e-06 2.281055e-05 31.61395 53.71469 65.75161 58.93849 66.12456 53.4689 63.83266 71.41898 2.119499 2.686976 73 
0.0007815536 0.04820615 0.06430065 0.04224847 0.05596363 0.09072125 0.1275872 0.1763972 0.1806183 0.2139626 0.008052275 NaN NaN 65.14032 78.20044 129.6775 143.1685 124.1996 137.512 113.1988 113.2303 5.419024 6.667874 74 
1.501237e-06 0.09082725 0.05307795 0.05425156 0.04644837 0.0621208 0.07912546 0.09632638 0.1189049 0.1467019 0.2253327 0.3527631 2.892414e-05 54.98926 49.66822 70.32424 81.57546 73.76142 57.57734 79.70686 69.72232 60.45107 0.008086978 75 
NaN 0.06494232 0.03816161 0.03171866 0.04751795 0.06291401 0.08973396 0.1075824 0.160561 0.1693096 0.2007872 0.01532215 1.154317 31.57245 0 0 0 0 0 0 0 0 0 76 
NaN 0.04197018 0.07724486 0.03443861 0.05446459 0.07432938 0.09406537 0.1175619 0.1435854 NaN 0.2014707 0.305838 NaN 69.30207 103.5913 127.1032 129.0186 164.5058 133.8734 133.8734 159.7085 165.5656 0 77 
1.920893e-09 1.906205e-05 0.004659643 0.006921548 0.01028388 0.01257562 0.01375092 0.01643105 0.02048849 0.02456482 0.03081269 0.03947179 0 4.29136 7.361303 9.677901 11.08711 12.05926 12.44919 12.04897 10.80472 8.81139 3.709253e-06 78 
1.763913e-22 0.2512123 0.03739261 0.04041275 0.02137984 0.04468126 0.0359603 0.04134853 0.0571069 0.06969338 0.11111 0.2184829 0 32.29633 29.13419 50.98084 51.06532 45.27931 50.79498 36.39304 46.94016 27.40755 3.423768e-14 79 
NaN 0.0268223 0.07591386 0.03395152 0.06222329 0.08723949 0.09620461 0.1234417 0.1463956 0.1386198 6.878655e-05 0.2264682 9.177575e-06 74.05819 120.7755 120.4998 139.0923 146.0916 150.5319 140.2852 139.9439 171.3698 0 80 
6.202169e-12 0.310193 0.0187356 0.02153943 0.01620742 0.01740273 0.02187991 0.03007755 0.03124865 0.03594471 0.06174836 0.06869882 1.851845e-05 14.51446 19.81465 22.45121 25.74627 30.39379 23.48774 18.61944 23.53479 15.70796 4.534663e-07 81 
0.0007262875 0.06376762 0.04622885 0.03307893 0.04464549 0.07575575 0.0944239 0.1042757 0.1380817 0.2050689 0.2625765 5.099859e-08 7.780805e-12 32.81984 45.10858 74.44151 66.91182 67.93298 75.64038 67.58905 65.18345 2.864375 3.567266 82 
0.0009903839 0.06708968 0.03690595 0.03884211 0.0497721 0.005752323 0.07053136 0.09933835 0.1144877 0.1623892 0.2931996 NaN NaN 38.95996 54.79443 54.71517 62.25185 57.03242 63.16386 67.77488 56.6048 4.03359 5.065777 83 
0.000611622 0.05884816 0.03843644 0.02935652 0.04242958 0.06241001 0.08121116 0.1023615 0.09270474 2.96294e-07 0.1758984 2.339584e-06 0.0002381722 28.39684 41.22165 57.74638 61.06624 53.99572 39.82951 39.8416 65.38737 2.230899 2.836823 84 
3.953917e-08 0.05651972 0.06106308 0.03382041 0.04874749 0.06120514 0.08160608 0.1120603 0.1538418 0.1837161 0.1829726 0.2848571 7.771862e-06 44.84929 65.74053 72.4518 93.47712 105.1055 95.03694 83.76717 90.64974 92.33983 0.0002471708 85 
1.423445e-05 0.06949215 0.03434924 0.02959303 0.03432501 NaN 0.05473119 0.07645376 0.09329024 0.1270237 0.2072898 NaN NaN 27.84498 34.72673 34.72658 50.22893 50.835 49.53514 59.12983 54.67454 0.04747846 0.06056066 86 
6.363121e-18 0.03465384 0.06265671 0.0257782 0.06091607 0.07766981 NaN 0.1228937 0.161654 0.2304955 0.3006859 5.110725e-06 0 39.58145 91.36122 103.614 103.614 111.2916 122.3502 131.446 108.9424 108.9424 3.197118e-12 87 
0.0001704336 0.04804579 0.04482268 0.03511961 0.05970157 0.0765906 0.08615774 0.1097705 0.1091911 6.115379e-11 0.2536332 5.116267e-06 0 37.30398 62.13206 58.93099 66.30662 61.7271 65.73096 65.73166 71.62222 0.7743208 0.9565988 88 
1.064974e-05 0.003964205 0.07280489 0.04860706 NaN 0.584539 NaN 0 0 0 0 0 0 244.214 0 0.02902842 0.09206267 0.1552018 0.2183464 0.2814909 0.3446354 0.4077799 0.4709244 89 
NaN 0.09974913 0.05615419 0.05172672 0.05495514 0.06063504 0.0673157 0.08977034 0.1128562 0.1189944 NaN 0.2545902 2.532037e-05 57.85269 80.33464 70.2483 77.81124 91.33096 77.40261 76.55056 76.54478 70.76723 0 90 
0.0008597478 0.02597044 0.06230256 0.03379173 0.0001289676 0.07946276 0.1137886 0.0001130214 0.1392475 0.1955289 NaN 0.000622534 NaN 57.63133 57.63461 114.1315 87.15267 87.18551 111.7213 135.2676 3.984422 7.244225 9.010882 91 
0 1.682325e-05 0.004290668 0.007257058 0.009618382 0.01151554 0.01318619 0.01538 0.01944589 0.02320808 0.02915408 0.03786474 0 4.608232 7.315272 9.431969 10.96218 12.01565 12.58412 12.35267 11.23898 8.829329 2.322556e-15 92 
0.0004136699 0.08050261 0.02360765 0.01685716 0.04314478 0.04473796 0.05101863 0.07389712 0.1100557 0.09107145 0.1379528 NaN NaN 13.09022 35.41419 32.14959 35.92636 45.80234 31.42482 32.8749 37.25267 0.9962683 1.287666 93 
3.662304e-05 0.04670945 0.04975028 0.02901523 0.0448028 NaN 0.05702926 7.173424e-12 0.08373041 7.531157e-10 0.1847019 0 0 36.25635 55.79405 55.79401 61.91195 61.91185 64.73339 64.73333 83.24383 0.1718678 NaN 94 
0.1525033 0.04360293 0.07868708 0.0705828 0.05049185 0.09983572 0.09417656 0.1119169 0.1660402 0.2772595 0.2260755 NaN 0.07193559 123.3519 168.7561 317.6956 354.7312 485.3099 622.8438 666.2276 829.0783 913.202 1105.436 95 
NaN 0.04671083 0.05303751 0.03585384 0.05770613 0.06426403 NaN 0.0979606 0.1463058 0.1986785 0.2760767 NaN 0.07489111 41.75283 64.6495 63.94498 64.08916 77.91235 79.83163 75.66635 94.35483 0 0 96 
0.001300238 0.03314704 0.05730873 0.03800825 0.06417773 0.08729001 0.1147176 0.1763732 0.2303214 0.2443265 0.3599136 NaN 0.2268634 53.43428 81.14357 85.74614 112.696 112.1567 103.6908 104.1344 120.3195 8.282011 10.56756 97 
0.1258082 0.03906011 0.08354884 0.02883928 0.04271791 0.04759296 0.05694024 0.09343852 0.114198 0.1527327 0.1334188 NaN 0.1843363 62.23068 122.6853 155.4464 195.2409 294.2063 292.2522 306.8677 371.4591 416.9637 481.8549 98 
0.005290605 0.03499263 0.05877688 0.04320822 0.0579043 0.07929885 0.1150811 0.133401 0.179942 0.4347603 0.421809 7.513326e-06 0 58.75102 56.34792 93.76994 93.53374 92.90182 126.6484 110.757 110.4651 34.60978 42.30852 99 
0.0003077215 0.07395389 0.03273796 0.02108897 0.0432359 0.04887924 0.06132571 0.07730998 0.08424542 0.1105945 0.1697396 2.391418e-12 3.401761e-08 18.3662 39.9277 39.42832 47.45655 40.85063 41.23839 44.40778 39.00937 0.8849683 1.114753 100 
2.100921e-05 0.02037412 0.07828373 0.04441154 0.08213021 0.1042854 0.001559185 0.1905151 0.3233276 0.6188362 0.9139902 NaN 0.2240972 92.50211 142.579 146.5549 146.4786 195.0147 212.65 211.9841 213.8568 0 0.287095 1 
0.1137435 0.04624711 0.07921041 0.02247858 0.03573218 0.03731583 0.04384054 0.05207356 0.06513243 0.0845518 0.1129884 0.002254221 0.7540264 48.90753 96.99131 92.07079 141.524 154.8805 196.0232 213.2213 246.7132 241.8329 290.5293 2 
