0.1925626 0.9519936 0.8872229 0.07945492 0.1120721 0.1159702 0.1482052 0.2085642 0.2150236 0.2052266 0.326061 0.5425754 0.9999999 81.93492 97.71252 125.2034 121.8596 133.8992 158.161 138.4685 107.5881 122.9025 138.2623 1031.213 1 
0.2020558 0.9278568 0.9062331 0.1085003 0.118783 0.1309043 0.1626802 0.1421554 0.1916404 0.2469494 0.3345883 0.5129863 1 114.2432 137.3267 139.2476 136.4181 144.5156 114.771 122.1498 127.7633 130.9899 133.7664 1052.93 2 
0.1950639 0.9552828 0.9235926 0.08602364 0.1021567 0.1297271 0.1432357 0.1655861 0.1885519 0.2715577 0.3723241 0.5130344 0.9999999 88.98016 106.337 117.3203 132.9987 131.751 130.4975 125.028 140.7561 143.6779 128.5451 1034.369 3 
0.1877154 0.9496646 0.9197574 0.08193567 0.1181528 0.09243335 0.1532154 0.1819941 0.2065665 0.2354844 0.2722877 0.5187174 0.9999997 85.29496 101.3061 131.9358 102.6678 136.4643 143.4925 136.3779 124.5916 110.8961 142.1313 1040.999 4 
0.2125409 0.8753613 0.8707065 0.1275496 0.1078545 0.1219162 0.1494652 0.1629115 0.1779649 0.2507439 0.3611496 0.499162 0.9999998 140.5153 170.3806 139.8757 134.2693 141.0751 134.3122 123.9482 136.8387 148.3255 136.8139 1101.652 5 
0.2265804 0.8514508 0.9254916 0.1015906 0.1081172 0.1173856 0.1536685 0.1772893 0.226162 0.2564351 0.3391616 0.496985 1 115.0997 141.1791 142.0383 138.7488 154.5663 155.2473 161.3533 147.27 142.2457 137.6612 1132.976 6 
0.2090383 0.9322249 0.8873424 0.09710673 0.1218764 0.1011477 0.1575819 0.165882 0.1726818 0.2831965 0.307568 0.530452 1 101.9083 123.211 141.2384 113.6847 141.6192 134.1162 118.7845 147.9583 126.7828 140.9725 1049.446 7 
0.1850076 0.8732729 0.9348861 0.08554205 0.1093829 0.1425894 0.1303274 0.1592979 0.1993383 0.2310237 0.3501474 0.4664063 1 95.04615 112.6304 131.9769 153.4486 129.5085 131.4492 137.3995 130.3505 146.411 132.9485 1111.104 8 
0.2189698 0.9175478 0.9174767 0.1071183 0.1212643 0.1392405 0.141911 0.1675751 0.2034057 0.266017 0.3110427 0.505811 0.9999996 113.3462 138.1657 144.8241 147.3131 133.6701 132.0286 132.7392 137.2346 122.8823 130.9136 1058.141 9 
0.1759673 0.9807008 0.8721965 0.08814983 0.09634266 0.129977 0.1478903 0.171905 0.2176124 0.249935 0.3162794 0.5125905 0.9999999 88.71339 104.324 106.7693 126.5737 128.9731 128.3792 133.3765 123.022 116.1394 125.1427 1006.393 10 
0.2132754 0.907647 0.8749185 0.1044021 0.1188483 0.1269944 0.1263295 0.1739404 0.1913491 0.2752657 0.3577023 0.5684951 1 112.3791 136.3468 143.6524 138.5135 123.2247 138.976 132.0502 147.2953 143.6106 145.1586 1076.406 11 
0.1927983 0.8830334 0.9119319 0.08651705 0.1128712 0.1178199 0.175565 0.1576348 0.194807 0.2134228 0.3245538 0.5272448 1 95.12664 113.4669 135.2425 131.0545 163.2683 133.6314 132.1062 119.2784 135.2062 149.1924 1099.513 12 
0.221422 0.8588927 0.8800391 0.07760455 0.1263775 0.1212256 0.1299568 0.1681579 0.1893419 0.2689013 0.322029 0.451907 1 87.32209 106.6571 154.783 144.1912 135.4781 146.575 141.6452 157.0727 144.8435 136.787 1125.219 13 
0.1954891 0.9547938 0.9113825 0.09997588 0.1100995 0.121174 0.1379065 0.1599655 0.1684153 0.2869937 0.3137002 0.4582274 1 102.6413 122.7066 125.7219 124.2169 123.9406 123.8857 112.3554 146.8624 126.0501 122.2239 1026.661 14 
0.2026768 0.9254153 0.8880504 0.09576631 0.09304249 0.1313457 0.1564309 0.1531225 0.2034106 0.2046687 0.3088473 0.5234786 1 101.5765 122.1638 113.9963 137.3565 146.0391 127.1999 135.5824 115.4875 129.0307 149.8864 1060.671 15 
0.206576 0.9005131 0.8955509 0.08344246 0.1060278 0.1307882 0.1385989 0.1779672 0.1997363 0.242349 0.3234464 0.5128342 1 89.94877 108.53 127.1778 141.7927 135.6997 145.7286 138.6889 134.0852 134.3134 142.1111 1077.974 16 
0.2166167 0.9128396 0.8865781 0.09333627 0.108919 0.1157162 0.1482226 0.1820628 0.1894201 0.3081798 0.3773044 0.4721964 1 99.69089 121.2856 131.7488 128.3923 140.915 148.858 132.9458 161.6008 147.4885 119.6069 1068.083 17 
0.199266 0.9268426 0.9094524 0.09221598 0.113647 0.1216288 0.158873 0.1747418 0.191098 0.265023 0.3248927 0.5080276 0.9999996 97.10508 116.4548 131.8421 129.3249 144.007 138.0816 126.2362 135.9021 126.8654 130.6178 1053.018 18 
0.1867481 0.9483749 0.8960275 0.07930313 0.09413789 0.1196748 0.134385 0.1968593 0.190829 0.2315457 0.3077894 0.4584476 0.9999999 82.24646 97.60582 108.117 123.7069 125.4312 153.1806 129.6267 123.3917 124.359 127.6841 1037.115 19 
0.2066356 0.9599142 0.8997568 0.08707428 0.09791739 0.1257288 0.1563025 0.1968031 0.197175 0.2538486 0.3020178 0.4629316 1 89.59121 108.1039 114.3133 130.1561 142.6844 152.4885 130.4933 129.2722 117.5346 121.4544 1028.906 20 
0.2332902 0.9473939 0.8920071 0.07380524 0.111456 0.1225281 0.1340716 0.1856294 0.1798285 0.2538626 0.3104814 0.4790368 1 77.05444 95.03048 129.9442 135.5903 132.711 152.1465 131.1008 141.2806 133.9749 138.7201 1044.024 21 
0.2242104 0.9196313 0.8875459 0.1139902 0.1171487 0.1094605 0.1409201 0.1483621 0.216471 0.2472733 0.3528808 0.5603425 0.9999999 121.7888 149.0952 144.3247 123.8386 132.6458 124.599 145.8076 138.1886 144.309 148.8052 1068.415 22 
0.1954531 0.9545404 0.895963 0.09201866 0.1115803 0.1267364 0.1278915 0.1797411 0.2067304 0.2480916 0.3469209 0.5412819 0.9999999 95.33491 113.9684 127.2396 130.788 118.9008 137.6418 134.8326 129.1009 133.2656 136.1284 1036.039 23 
0.2034827 0.9868358 0.915729 0.09964269 0.1282596 0.1175816 0.1885613 0.1462326 0.1925255 0.2383595 0.3777619 0.5355631 0.9999999 100.3216 120.7353 140.8338 121.5733 156.2237 114.5308 116.3107 116.6456 135.9677 126.6743 1006.814 24 
0.1962626 0.9555366 0.8946451 0.09200706 0.1082411 0.1350391 0.1372154 0.1525349 0.1919045 0.2959867 0.3537641 0.5375725 0.9999982 95.23486 113.9259 124.0895 137.5327 126.4653 120.2258 125.3168 151.3778 136.3897 131.5286 1035.082 25 
0.1921039 0.950553 0.8825287 0.09334773 0.1176478 0.1166779 0.1193442 0.1731574 0.1971579 0.2088725 0.3544956 0.4901349 0.9999998 96.78695 115.3801 132.7605 122.2835 110.9323 133.0386 130.7433 114.5818 142.136 134.5149 1036.843 26 
0.2072836 0.9055071 0.9125153 0.09125339 0.1131168 0.1373995 0.1649534 0.1656089 0.2288554 0.2685756 0.3153952 0.5170129 1 98.28814 118.6617 135.3156 147.3229 154.0562 135.487 147.4865 138.6288 121.5491 129.3544 1077.09 27 
0.2077384 0.9031912 0.9015559 0.08813287 0.1171871 0.1322286 0.142108 0.1453693 0.2045905 0.2689373 0.3227904 0.5592806 1 95.21794 114.9984 139.3391 143.9484 137.1555 122.6146 138.6813 147.1788 134.4383 149.7977 1080.391 28 
0.2097829 0.8709354 0.8791625 0.1115543 0.09542179 0.1101442 0.1655461 0.1814503 0.177784 0.2382639 0.3255602 0.4571424 1 124.0056 150.0199 125.7112 124.7717 157.7794 153.4676 128.7314 133.3816 138.6998 133.9506 1111.617 29 
0.2030847 0.8668163 0.922447 0.09441483 0.1048752 0.1157785 0.1526898 0.1504709 0.1780468 0.2655462 0.3764081 0.5067398 1 104.9835 126.304 131.255 131.0128 148.2995 131.7305 128.8956 151.3935 161.1062 142.1573 1111.938 30 
0.2282695 0.8740859 0.8901525 0.08066916 0.1245979 0.1089133 0.1391248 0.1811816 0.206246 0.2861291 0.3564494 0.5333726 1 89.23775 109.608 151.7339 131.5981 140.4083 155.7866 150.8944 161.4482 149.7999 142.9593 1106.219 31 
0.2135562 0.8866819 0.9105625 0.08587967 0.1252259 0.1307189 0.1330461 0.1895843 0.2182186 0.2608379 0.3353774 0.4889299 0.999998 94.73622 114.9677 150.8287 147.5194 133.5242 154.5477 150.5704 142.0166 134.74 129.9409 1103.127 32 
0.1878777 0.9838641 0.9210449 0.09655038 0.09096012 0.1135843 0.1557251 0.1663477 0.2035332 0.2358139 0.3441355 0.4753683 1 97.57468 115.9068 104.826 113.9676 135.9807 128.8734 129.6054 121.6053 131.3077 122.9322 1010.609 33 
0.2289002 0.9463642 0.9022486 0.1097495 0.1160584 0.1145882 0.1456939 0.1242158 0.1853653 0.2699704 0.3395827 0.4849629 0.9999998 114.1226 140.2453 139.5401 125.7066 134.3324 107.6335 125.1196 147.8573 143.3183 136.0558 1039.846 34 
0.211427 0.9349941 0.8856965 0.09091908 0.1143701 0.1187446 0.1507412 0.1874135 0.1845648 0.2501404 0.3399855 0.4322589 1 95.18899 115.3145 133.2352 128.2618 139.0928 147.6384 125.8269 131.1646 134.3 117.8209 1046.964 35 
0.2252146 0.919052 0.8798487 0.09778826 0.1143975 0.1212805 0.1440441 0.1664468 0.2264338 0.2283337 0.3421517 0.5764299 1 103.3689 126.6491 137.6241 133.4284 136.9546 136.5813 150.6622 127.4618 136.8574 150.6852 1057.069 36 
0.2219368 0.861557 0.8870915 0.08924762 0.1040978 0.1095214 0.1474921 0.1419774 0.1841239 0.2824535 0.3878428 0.4702802 0.9999995 99.82053 121.9744 133.1095 129.492 148.5996 131.3413 138.5992 167.7462 172.1983 138.4012 1118.467 37 
0.2155961 0.8795312 0.8715132 0.08818337 0.12492 0.1340388 0.146014 0.1343308 0.2293983 0.2715034 0.3192693 0.4923347 1 96.64335 117.4793 150.1597 149.5855 142.8191 117.6604 153.7869 150.2801 132.7357 133.9432 1095.936 38 
0.1954823 0.8489203 0.885911 0.09799097 0.1088589 0.1194774 0.1590936 0.1814414 0.1986196 0.2698409 0.2999624 0.5089232 0.9999999 111.907 133.7829 138.2885 136.7097 155.3187 153.6877 140.55 147.7882 126.5439 140.7207 1142.014 39 
0.2030042 0.9293193 0.9059889 0.08383051 0.1158535 0.1280941 0.1541905 0.15993 0.1805698 0.2503722 0.373223 0.4940171 1 88.23735 106.1499 133.27 136.2687 142.2877 129.4444 121.6569 133.0661 148.1102 130.5334 1052.569 40 
0.2043471 0.9866231 0.9204599 0.09021561 0.1044611 0.1079209 0.1391319 0.1469816 0.2065385 0.2362471 0.3971577 0.5336493 1 90.20824 108.642 117.23 111.8767 123.9772 117.2926 134.1951 127.4634 154.4948 135.6163 999.9183 41 
0.2229848 0.773726 0.9066045 0.08643957 0.1002315 0.1415909 0.1332585 0.1847871 0.1994901 0.2640051 0.3326824 0.5165677 1 105.9807 129.6128 141.1696 174.1766 154.1234 172.9272 160.5036 164.9761 156.6014 159.0674 1226.067 42 
0.1766396 0.9420787 0.9078417 0.09424865 0.1097033 0.1080648 0.1481009 0.150371 0.2045163 0.2616416 0.3145202 0.556126 1 98.71882 116.1565 124.5946 113.2835 131.5835 119.7488 132.671 136.9249 124.9181 144.1571 1047.43 43 
0.2361413 0.8302546 0.8880765 0.08209853 0.135164 0.1182057 0.1627432 0.1517743 0.2189949 0.2269377 0.3628511 0.5267851 1 93.94772 116.1327 169.3974 147.3807 165.1646 140.7921 157.8279 138.0971 157.2383 152.4123 1144.329 44 
0.1890595 0.9177943 0.9132281 0.08349349 0.1085702 0.1264504 0.1575057 0.1359122 0.1915193 0.2604874 0.3353434 0.499987 1 89.34542 106.237 126.5646 134.4792 145.7136 114.9976 128.2212 141.3291 138.1901 136.5915 1070.088 45 
0.1974729 0.8936754 0.9079475 0.09676707 0.114002 0.114304 0.1395591 0.1872653 0.2110695 0.2443428 0.3762639 0.4227554 1 105.185 125.9562 136.8009 126.4451 132.4926 150.3066 143.4021 132.1788 146.9581 113.7171 1086.992 46 
0.2271738 0.8711485 0.8974145 0.1006111 0.1097444 0.1348946 0.1166012 0.1892186 0.2146304 0.2366435 0.3288695 0.4632836 1 111.349 136.6446 140.2792 151.4034 123.7819 156.2623 153.3471 136.8836 139.3537 134.0075 1106.727 47 
0.2003489 0.8569558 0.8904242 0.08163356 0.1009699 0.121856 0.1612418 0.1727688 0.2094995 0.2572263 0.3081238 0.4469372 0.9999999 92.18794 110.6577 126.8863 139.0383 159.8759 150.6798 149.2053 145.4092 131.9127 129.576 1129.29 48 
0.2025348 0.9262145 0.9145492 0.09950742 0.1020864 0.1037595 0.1355557 0.1629572 0.2158667 0.2131491 0.2751993 0.4922103 0.9999997 105.8084 127.2383 123.5193 114.2257 127.5878 134.3871 147.5759 123.0777 119.5988 146.95 1063.322 49 
0.1682429 1 0.9182379 0.08266025 0.1153842 0.1291916 0.1412251 0.1777405 0.1818173 0.2716005 0.338979 0.5487154 1 81.99896 95.79471 121.1165 124.3764 119.9245 127.1767 111.3966 128.7406 121.6597 127.4699 992 50 
0.2105386 0.8745603 0.8961712 0.1153865 0.104665 0.1503735 0.1249874 0.1620346 0.2138761 0.2338333 0.3099996 0.4339345 0.9999997 126.9226 153.6447 134.1929 159.2597 126.0464 131.4853 143.7618 130.0348 128.714 124.9759 1099.978 51 
0.1965075 0.954665 0.9022923 0.09460352 0.1204104 0.1188404 0.1393977 0.1518256 0.2049262 0.247465 0.3057261 0.5267049 1 97.41758 116.5609 135.1671 124.0184 125.1006 119.0003 131.4752 129.6155 121.955 139.3698 1029.746 52 
0.2072925 0.9061747 0.9076664 0.1129941 0.09943241 0.1431098 0.1572774 0.1636871 0.223944 0.2137913 0.3749661 0.4962621 1 121.391 146.5544 125.1309 148.7513 146.4902 131.8037 143.3843 115.71 142.5559 127.6346 1074.313 53 
0.1639496 1 0.8765118 0.08643216 0.1265121 0.1297224 0.1331395 0.1803016 0.1853371 0.2849998 0.3321693 0.5026191 1 86 100.0997 131.4108 124.5444 112.4185 126.4319 111.7291 132.3178 116.6939 115.1319 995 54 
0.1932634 0.9544411 0.904044 0.0808597 0.09499439 0.1479578 0.1659837 0.159269 0.1980987 0.2469418 0.3927209 0.5783523 1 82.77056 98.76708 108.4646 146.946 148.8206 125.132 124.9581 124.8859 144.7791 135.8752 1023.632 55 
0.4084866 0.3277758 0.9045345 0.1083753 0.1104051 0.1189105 0.1363307 0.1835271 0.2990912 2.861935e-07 0.330174 0.4362118 1 250.1769 352.3708 371.1803 369.3486 370.8142 407.1891 506.5859 206.9338 347.8017 375.0537 2308.43 56 
0.2025925 0.9855766 0.8889086 0.08439998 0.104128 0.113711 0.149289 0.1869253 0.1995243 0.2165265 0.3022876 0.5209548 1 84.21553 101.277 115.6492 116.4985 131.8958 142.0736 128.8948 113.079 118.0312 138.2891 997.8145 57 
0.208709 0.9070812 0.8972706 0.09849705 0.1071397 0.134017 0.1279469 0.1878213 0.2282085 0.2661198 0.3487259 0.4570112 1 105.8355 127.9243 130.4818 143.1421 125.7043 148.9106 152.1373 140.7056 134.145 117.4263 1074.504 58 
0.2258641 0.9436666 0.8981109 0.09333759 0.1161817 0.1426404 0.1233794 0.1632651 0.2129069 0.2241635 0.2929818 0.5029325 1 97.49395 119.5143 137.0223 150.3396 122.4954 130.3738 141.5148 124.8348 122.3693 141.9343 1044.53 59 
0.1919952 0.9510358 0.8717562 0.08336435 0.1211432 0.132464 0.1498353 0.1796969 0.1877321 0.2597363 0.2984712 0.4904386 1 86.22336 102.7778 134.5853 136.2113 134.4601 136.2466 120.7961 129.5469 115.3441 126.4349 1034.295 60 
0.2264071 0.8731557 0.9208543 0.1016325 0.1133446 0.125118 0.1579776 0.1800406 0.1702459 0.2432586 0.3509714 0.5182395 1 112.2377 137.6491 143.6151 142.5768 153.8597 151.5048 124.7619 135.4972 147.7754 145.6778 1104.348 61 
0.1901101 0.836924 0.8914425 0.09595279 0.1351498 0.1150929 0.142017 0.1563546 0.216899 0.2278655 0.3418098 0.4439481 0.9999999 109.927 130.8252 164.8471 134.4317 138.1253 132.5915 149.6506 130.8292 143.4517 128.6416 1145.636 62 
0.2100498 0.8397023 0.8969956 0.09820471 0.1133414 0.1196824 0.1421889 0.170717 0.1868729 0.2254644 0.3377015 0.5075337 1 111.9464 135.4607 144.9665 139.5371 143.3996 147.6244 137.6736 133.5619 149.4519 152.2278 1139.929 63 
0.18251 0.9828804 0.9196316 0.08824986 0.1008888 0.1195345 0.1663041 0.1626981 0.2044017 0.2468695 0.3045817 0.5383917 0.9999999 89.53365 105.8744 112.6467 119.9748 143.6768 125.5487 127.3975 123.6493 115.8564 135.8208 1014.547 64 
0.1956405 0.9547858 0.8926727 0.08570136 0.1118765 0.1395994 0.132903 0.1619936 0.2153247 0.2767235 0.3329914 0.468037 1 87.97838 105.1905 125.5858 140.9376 122.8934 124.7862 136.6304 139.8926 125.8588 116.9591 1026.569 65 
0.173216 1 0.8839857 0.09726427 0.09427567 0.1511771 0.1459851 0.2068383 0.1831898 0.2374672 0.3910026 0.545454 1 95.99983 112.6285 103.5087 139.9294 124.2379 142.5205 109.6869 108.9996 131.8802 118.8438 987 66 
0.1879416 0.8738109 0.9003079 0.09081308 0.1122705 0.1209608 0.1391979 0.1447699 0.2132112 0.224478 0.3491214 0.484512 1 100.7095 119.6369 135.6832 133.7686 134.6615 123.358 146.6822 129.8692 147.7976 139.2342 1108.975 67 
0.2234953 0.8245469 0.8407696 0.08401831 0.1119057 0.1351592 0.1720387 0.1464712 0.1931663 0.2617697 0.3218362 0.4557248 0.9999999 98.23826 120.194 146.715 161.3478 177.5795 139.447 143.4576 154.8401 146.0426 139.6512 1169.248 68 
0.1864219 1 0.9066167 0.07723251 0.1239127 0.1352352 0.134863 0.1674951 0.2390454 0.2303659 0.4217695 0.5352911 1 77.00082 91.35545 131.0303 133.4264 118.8731 123.1602 142.9608 114.6508 145.3737 118.1002 997 69 
0.2195953 0.9130978 0.9005862 0.07581623 0.1214886 0.1373985 0.1388051 0.1514361 0.176687 0.2389681 0.3102072 0.5238993 1 81.04358 98.84036 141.724 150.368 136.935 127.7047 124.707 135.0225 135.9857 153.7394 1068.948 70 
0.1995016 0.8590932 0.905189 0.09665622 0.113096 0.1233793 0.1364762 0.1632743 0.1868588 0.2425356 0.3657924 0.5384193 1 109.4191 131.2483 141.839 140.1985 136.4777 139.3252 135.1391 140.2535 157.4078 152.2241 1132.044 71 
0.2221912 0.8843422 0.8700552 0.09396985 0.09874609 0.1415968 0.1327154 0.1470826 0.1927897 0.25316 0.3150755 0.4511442 1 101.7723 124.3853 124.5328 152.8932 134.7212 126.7717 136.4293 145.0687 138.8975 135.4694 1083.032 72 
0.202128 0.8966081 0.9178408 0.08371418 0.1345706 0.1035767 0.1327225 0.1861764 0.1846482 0.232626 0.3392234 0.4873132 1 90.34143 108.602 155.0181 119.97 126.0634 149.3453 130.1632 129.0061 140.9943 137.5844 1079.165 73 
0.1800383 0.9464369 0.9102083 0.09087904 0.1192185 0.1351341 0.1415035 0.1787341 0.2028298 0.2756037 0.3186133 0.537561 1 94.03663 110.9668 132.1281 135.7547 125.8413 132.612 126.3521 133.7501 117.0378 127.9381 1034.745 74 
0.1888724 0.828738 0.9045792 0.08970409 0.1194196 0.1217162 0.1212846 0.1437362 0.193273 0.2409939 0.317405 0.4838399 1 103.7745 123.3747 149.0603 141.0234 125.4158 126.5553 142.3411 146.0232 146.6783 151.628 1156.854 75 
0.1921574 0.9179731 0.8910126 0.09704169 0.1125638 0.1254465 0.1332609 0.1673892 0.2028066 0.2391589 0.3512808 0.479005 0.999998 103.49 123.3764 132.102 132.5865 125.0717 132.4629 134.8352 128.7377 139.6522 128.4873 1066.449 76 
0.2041932 0.9323604 0.9193278 0.100648 0.1205394 0.1407571 0.1188754 0.1610835 0.2199268 0.2451083 0.3631632 0.4615113 0.9999991 106.1834 127.8653 140.4788 146.1389 115.0732 125.2631 142.1374 130.3593 139.9607 120.3067 1054.998 77 
0.2170865 0.858658 0.892673 0.09226984 0.1110939 0.1194054 0.1503658 0.1730163 0.2155704 0.224269 0.3968867 0.4603015 1 103.6508 126.152 140.6677 138.7675 150.1438 149.9273 153.4454 131.9738 164.0945 130.3635 1123.344 78 
0.1849508 0.8680912 0.9118615 0.08518045 0.113277 0.1258653 0.1469182 0.1670485 0.1945895 0.2417872 0.275532 0.5014847 1 95.61274 113.2964 137.2739 139.9943 142.8294 139.842 135.9183 135.2766 120.1826 147.7075 1122.473 79 
0.1913391 0.9842696 0.9035614 0.09583406 0.1101346 0.1124671 0.1338206 0.180565 0.1884127 0.2469857 0.3344513 0.5122752 1 96.51947 114.9874 122.2938 114.5362 118.1595 135.0932 122.0285 125.6738 128.3851 130.9294 1007.152 80 
0.2043729 0.8662919 0.8759928 0.1081215 0.1225342 0.1329234 0.1352991 0.1763496 0.2006821 0.2461708 0.3868691 0.5187193 1 121.2066 145.9779 152.3456 147.7496 133.1167 143.2028 137.9907 134.8054 153.8418 135.2643 1121.023 81 
0.1963663 0.9173354 0.8685194 0.08915289 0.1007907 0.1019985 0.1360559 0.1409369 0.2075408 0.2515346 0.3077871 0.4635996 1 94.84083 113.4644 119.9426 112.4237 128.5299 120.5084 144.1834 144.0648 134.301 136.9035 1063.8 82 
0.1917928 0.914817 0.8677294 0.09316932 0.1259032 0.1229067 0.1434593 0.1502387 0.1953397 0.2675375 0.3063357 0.4281481 0.9999999 99.4739 118.5523 144.6362 131.7556 131.7567 120.7907 128.7034 140.9925 124.5871 118.465 1067.668 83 
0.1860464 1 0.9162547 0.09605642 0.1196866 0.1397711 0.1580503 0.1754384 0.2085112 0.2419362 0.3333338 0.5478722 1 94.9998 112.6742 127.9624 133.8069 131.8944 124.5385 121.1703 112.5435 114.9384 124.3837 989 84 
0.2151136 0.9370152 0.9218667 0.08467763 0.1213511 0.1110081 0.1438252 0.1460261 0.1908538 0.2234846 0.3252908 0.4445439 0.9999998 88.58133 107.6364 139.3501 123.3698 134.1097 122.3579 130.6891 127.0007 139.0874 132.9763 1046.101 85 
0.2139202 0.8786316 0.8852656 0.1106118 0.1223019 0.1194452 0.1572883 0.1627967 0.2378052 0.1986795 0.3039184 0.4196166 1 121.7819 147.8335 151.3829 135.0403 147.9217 135.4677 155.9506 114.2153 123.542 121.679 1100.985 86 
0.1801648 0.943682 0.9185678 0.1085991 0.1113972 0.1138274 0.1446382 0.170612 0.1830508 0.2293918 0.3074114 0.5050527 0.9999999 112.3276 132.5651 126.5924 116.0658 125.9238 128.6414 117.4608 117.6873 120.8848 135.2039 1034.333 87 
0.2133526 0.8105917 0.8830458 0.08401699 0.0994822 0.1099568 0.1378481 0.1509209 0.2543539 0.279333 0.2926473 0.4964422 0.9999996 98.69409 119.7507 132.5918 134.8321 147.6487 143.7155 191.2398 172.2942 136.0387 148.1536 1174.692 88 
0.2044406 0.8304203 0.8964935 0.1085558 0.1046738 0.1108715 0.1352485 0.1712953 0.2204286 0.2347287 0.3535984 0.5073642 0.9999998 125.2388 150.8427 138.4894 130.4024 137.3877 149.3602 159.861 140.0412 152.3953 145.9475 1153.681 89 
0.2188643 0.9126787 0.8780928 0.1090476 0.116591 0.1372814 0.1074989 0.1656872 0.1853729 0.2752933 0.3131354 0.4928416 0.9999998 116.1434 141.563 141.6194 146.0771 109.7152 130.958 128.489 148.8908 132.1399 136.5427 1065.07 90 
0.1763655 0.9809617 0.8888719 0.08898026 0.110662 0.1393576 0.1444635 0.1570612 0.2004479 0.2355517 0.3279381 0.5319172 1 89.70861 105.5301 120.2524 135.0407 125.375 116.5756 122.1834 117.0318 122.2604 132.3372 1008.186 91 
0.1911267 0.9173453 0.8938198 0.09203618 0.1008897 0.1034233 0.1560234 0.1758326 0.1974364 0.2413159 0.3610631 0.4969199 1 98.11082 116.8624 119.9859 112.9357 143.3205 143.1787 134.5173 130.8185 144.3184 132.503 1066.003 92 
0.2026558 0.8264732 0.9097654 0.09168942 0.09051193 0.1287953 0.1510078 0.1640467 0.1968133 0.2831353 0.2903511 0.5041058 1 106.4777 128.056 121.4241 148.1652 156.2356 148.0645 146.7492 164.6319 132.5276 149.0362 1161.286 93 
0.2008618 0.9854773 0.8813318 0.08780556 0.1094076 0.1441689 0.1096433 0.1662191 0.2209667 0.2607064 0.3046498 0.4630218 0.9999993 87.26883 104.7978 120.2408 140.5577 103.9986 123.1566 138.0908 131.9246 116.5067 118.5248 993.8873 94 
0.2269152 0.8437496 0.9159355 0.08789866 0.1009831 0.1234953 0.1680929 0.178126 0.187903 0.2484141 0.3193118 0.4901448 1 99.55674 122.1477 132.0402 144.6583 169.662 159.129 140.6933 144.2094 141.1997 145.3829 1132.631 95 
0.2053616 0.900578 0.8937126 0.1017848 0.1201634 0.1168472 0.1415976 0.1561623 0.2056075 0.2583003 0.3482547 0.5237518 0.9999999 109.9298 132.5052 143.7811 129.2589 133.2798 128.4163 138.6356 140.5073 140.8917 138.7503 1080.022 96 
0.2022131 0.8590078 0.8883309 0.1031583 0.1151936 0.1131807 0.122308 0.1712723 0.1793812 0.2710737 0.3328045 0.5256309 0.9999999 116.415 139.9556 144.8875 130.6522 123.5508 144.3641 132.8102 155.3511 146.4072 150.7816 1128.508 97 
0.1761243 0.9433919 0.917322 0.07933404 0.1040905 0.1295396 0.1458302 0.1856873 0.18915 0.2488163 0.3544456 0.4399093 1 82.68138 97.24357 117.003 131.9639 132.3636 141.9958 123.4565 126.7507 134.6899 113.751 1042.193 98 
0.209056 0.9030296 0.9113394 0.08195166 0.1242802 0.101565 0.1564851 0.1676799 0.1877293 0.2613138 0.2653993 0.4782766 1 88.59207 107.1128 145.7327 118.736 147.0102 141.1739 132.4261 144.0437 117.41 140.1109 1081.028 99 
0.2034318 0.9014399 0.9048423 0.09053967 0.1224477 0.1209138 0.1570221 0.1684199 0.2343282 0.2778981 0.3288509 0.5029597 1 97.62209 117.4815 143.972 133.3384 145.9093 137.0833 152.1502 143.7877 125.6689 124.5368 1078.224 100 
