0.01355302 0.03781797 0.01856878 0.008669692 0.01051187 0.01137546 0.0133653 0.016606 0.01890303 0.02098644 0.02729156 0.03548972 2.037538e-05 8.925396 10.05446 9.750642 10.2796 11.10519 10.23117 9.185205 10.08252 10.46814 9.751749 1 
0.01417758 0.0426909 0.01601334 0.01002964 0.01103679 0.01230044 0.01443534 0.01490493 0.01814665 0.02214379 0.02789878 0.03641819 5.09905e-15 10.52671 10.48063 10.4551 10.80641 9.461561 10.13763 10.22159 10.2626 10.40595 10.17242 2 
0.01326899 0.03490335 0.01440078 0.008984158 0.01012364 0.01190221 0.01326401 0.01525576 0.01752272 0.02211334 0.02823382 0.03697884 8.744947e-05 9.244286 9.627399 10.24303 10.0482 10.09489 9.848105 10.50762 10.51079 9.897327 9.748927 3 
0.0134966 0.03912216 0.01540119 0.008778536 0.01080169 0.01036123 0.01348503 0.01567291 0.01824295 0.02149811 0.02575313 0.03399404 0.0001164443 9.100047 10.36816 8.872276 10.62433 10.52846 10.30823 9.929623 9.388251 10.73698 10.32563 4 
0.01589304 0.05322772 0.01958581 0.01087858 0.01091084 0.01213173 0.01404432 0.0158451 0.01794695 0.02240228 0.02878511 0.03785067 2.482599e-05 11.99651 10.73131 10.92174 11.13022 10.79427 10.41949 11.06052 11.36012 10.81629 10.85032 5 
0.01597354 0.05120758 0.01364319 0.009845565 0.01076694 0.01182571 0.01402478 0.01622749 0.01960317 0.02334891 0.02932929 0.03850374 1.826366e-05 11.1423 11.15043 11.08437 11.73961 11.65348 11.92494 11.32891 11.2444 11.11143 11.08535 6 
0.01429927 0.04028916 0.01747871 0.009553351 0.01113931 0.01100378 0.01392347 0.01551014 0.01732043 0.02268632 0.02750665 0.03586905 2.004206e-15 9.973182 10.6348 9.371544 10.80146 10.20216 9.732954 11.02078 9.851097 10.72522 10.04433 7 
0.01550598 0.06012976 0.01418516 0.009058164 0.01061383 0.01260845 0.01317694 0.0153081 0.01824366 0.02156594 0.02781008 0.03634792 6.174882e-15 10.04081 10.89492 11.62105 10.53479 10.91132 11.08054 10.72816 11.41538 10.71191 11.39901 8 
0.01445019 0.04098558 0.01431915 0.009990822 0.01120235 0.0126787 0.0137952 0.01592518 0.01875027 0.02312083 0.02834189 0.03705842 6.97836e-05 10.56024 10.74146 10.83659 10.31679 10.39831 10.36179 10.56739 9.925038 10.41623 10.25232 9 
0.01255939 0.02651735 0.02027375 0.009051039 0.009872985 0.01183655 0.01340374 0.0154393 0.01856401 0.02204725 0.02737198 0.03561332 2.996917e-05 9.09012 9.135482 9.960618 9.912692 9.911897 10.11969 9.682836 9.49526 9.850399 9.616239 10 
0.01483547 0.04568878 0.0183649 0.009876826 0.0110865 0.01216805 0.0130123 0.01585441 0.01808417 0.0228826 0.02889435 0.03756203 4.915036e-05 10.60469 10.83099 10.62406 10.07413 10.86878 10.34761 11.09711 10.75574 10.93853 9.707272 11 
0.01535804 0.05612099 0.0163003 0.009099923 0.01075804 0.01166902 0.01463307 0.01553299 0.01825773 0.02114458 0.0272419 0.03568253 2.954973e-05 9.984144 10.92125 10.5966 11.94386 10.52548 10.78643 10.21568 10.99277 11.36386 10.80429 12 
0.0162856 0.05281506 0.0181762 0.008693445 0.01126511 0.01195527 0.01306062 0.01559611 0.01796706 0.02257264 0.02798244 0.0364095 1.525321e-05 9.747567 11.80623 11.02317 10.85587 11.46709 11.12216 11.81394 11.17367 10.96556 11.83086 13 
0.01348208 0.03539115 0.01585426 0.009625642 0.0105613 0.01166194 0.01318769 0.01510171 0.01683163 0.02229664 0.0271442 0.03523019 1.758902e-05 9.861482 9.86602 9.822997 9.883939 9.882461 9.395157 10.85077 9.749915 9.85146 10.49843 14 
0.01447407 0.04429683 0.01791381 0.009473644 0.009878877 0.01199303 0.01390042 0.01504165 0.01824816 0.02057203 0.02632631 0.03445599 4.049145e-05 10.01091 9.591692 10.65528 10.81744 10.04859 10.60155 9.634903 10.37045 11.00615 10.56468 15 
0.01508289 0.04884631 0.01718065 0.008959524 0.01046388 0.01213348 0.01336838 0.01593511 0.01835538 0.02206082 0.02758899 0.03610661 2.255551e-05 9.623002 10.4345 10.8972 10.57787 11.08579 10.6693 10.62476 10.56568 10.91059 10.67765 16 
0.01467285 0.04336321 0.0172777 0.009394054 0.01056287 0.01154495 0.01362487 0.01599455 0.01803496 0.02358408 0.02984335 0.03912059 1.467348e-15 10.00786 10.3559 10.21423 10.78962 10.93841 10.31823 11.57614 10.72469 9.83264 10.24364 17 
0.01415006 0.0432904 0.01594941 0.009318579 0.01071275 0.01177118 0.01403646 0.01586228 0.01812584 0.0226114 0.02804605 0.03659812 4.355854e-05 9.791592 10.34538 10.19299 10.83174 10.44369 10.10387 10.58757 10.10611 10.35959 10.18134 18 
0.02440604 0.03248292 0.02041286 0.01166718 0.01344823 0.01574279 0.01783523 0.02148839 NaN 0.02745923 0.0370504 0.05085204 1.116349e-05 25.78072 27.12841 29.65847 29.468 31.07194 17.04274 32.95942 30.01347 30.15259 30.99567 19 
0.01341799 0.03149232 0.01641135 0.00901638 0.009969784 0.01170978 0.01372645 0.01632202 0.01829084 0.02232917 0.02732925 0.03557027 2.718507e-05 9.248138 9.459152 10.09042 10.44927 10.69695 9.87349 10.05421 9.532681 9.747167 10.31618 20 
0.02138314 0.03381952 0.01826704 0.0106491 0.0135287 0.01525332 0.01695875 0.02074487 1.352916e-06 0.02704485 0.03590307 0.04860615 1.304175e-05 19.05554 22.47566 22.42667 22.42882 24.01764 12.80544 26.03444 22.60413 23.25321 23.27907 21 
0.01456441 0.0405225 0.0168189 0.01024244 0.01105941 0.01144792 0.01348959 0.01483877 0.01854438 0.02207907 0.02821908 0.0367768 7.715538e-15 10.90998 10.62888 9.9153 10.50071 9.972276 10.87781 10.44383 10.80179 10.86968 9.895419 22 
0.01344321 0.03700136 0.01748852 0.009290133 0.01050272 0.01190417 0.01274638 0.01568357 0.01826861 0.02193703 0.02785408 0.0362046 4.02766e-05 9.563912 9.925486 10.11909 9.583103 10.46337 10.17335 10.05133 10.22424 10.32969 9.599464 23 
0.01252523 0.01813946 0.01461403 0.009518741 0.01120501 0.01156802 0.0149485 0.01501092 0.01811566 0.02179731 0.02843278 0.03712007 4.124528e-14 9.573974 10.24996 9.370526 10.84625 8.958429 9.487584 9.401588 10.13997 9.622122 9.075814 24 
0.01333265 0.03474937 0.0169821 0.00925835 0.0104656 0.01219742 0.01322741 0.01482341 0.0177001 0.02279586 0.0283723 0.03688232 1.821885e-15 9.533415 9.897723 10.37299 9.857235 9.692675 9.98268 10.85629 10.02088 10.14855 9.50453 25 
0.01369544 0.03890066 0.01878789 0.009321688 0.01086047 0.0115389 0.01233812 0.01533419 0.01779603 0.02031516 0.02687603 0.0350975 2.78715e-15 9.639411 10.29344 9.759793 9.366451 10.37318 10.10763 9.497808 10.74282 10.19256 10.36978 26 
0.01467331 0.04644398 0.01542143 0.009281139 0.01074944 0.01241536 0.01442047 0.01584246 0.01956518 0.02356962 0.02895755 0.03784522 0.0001139047 9.98637 10.6537 11.01753 11.21537 10.48471 11.15769 10.65581 10.0481 10.52381 10.10147 27 
0.01485015 0.04735544 0.01633307 0.009161512 0.0108816 0.01220937 0.01350565 0.01477638 0.01826076 0.0225508 0.02789534 0.03627718 1.988461e-05 9.855763 10.81207 10.81772 10.57644 10.10671 10.897 11.03742 10.49291 11.2451 10.09353 28 
0.0160001 0.05435655 0.01912294 0.0102579 0.01019642 0.01142352 0.01435942 0.0163717 0.0180143 0.02208174 0.0278672 0.03631234 4.579131e-05 11.36441 10.23847 10.5937 11.87397 11.39344 10.5204 10.98048 11.02372 10.7226 11.58348 29 
0.01575001 0.05592889 0.01465586 0.009516746 0.01054006 0.01164368 0.01385131 0.01499152 0.0174174 0.02217476 0.02851327 0.0376312 1.858668e-05 10.57021 10.76762 10.77004 11.46414 10.62574 10.76573 11.66543 11.8121 11.05422 10.96633 30 
0.01562022 0.04787639 0.01667261 0.008833737 0.01123528 0.01141634 0.01336457 0.01604572 0.01868272 0.02337112 0.0294723 0.03867616 2.26652e-05 9.749124 11.55378 10.36704 11.07049 11.5607 11.24284 11.7032 11.2001 11.02793 10.43986 31 
0.0151287 0.04831349 0.01536236 0.009084488 0.01127837 0.01228774 0.01333995 0.01645263 0.01924952 0.02319809 0.02906281 0.03799568 3.474151e-05 9.940539 11.41849 10.96494 10.58293 11.51679 11.0944 10.89273 10.67121 10.46472 10.69693 32 
0.01246536 0.02238866 0.0149546 0.009410898 0.009652202 0.01117057 0.01351482 0.01509759 0.01792867 0.02120131 0.02710125 0.03521794 1.462399e-05 9.473488 8.900908 9.432761 10.17189 9.742931 9.913988 9.586486 9.99346 9.612704 9.986129 33 
0.01399957 0.03218192 0.01519318 0.01005822 0.01096297 0.01155663 0.01364349 0.0138573 0.01740299 0.02188979 0.02747946 0.03580148 4.140479e-15 10.39218 10.25884 9.735485 10.28355 9.019005 10.06952 10.59803 10.36626 10.10377 10.43058 34 
6.84342e-18 0.005732346 0.02449068 0 0 0 0 0 0 0 0 0 0 0 NaN NaN NaN NaN NaN NaN NaN NaN NaN 35 
0.01466439 0.04019035 0.01740615 0.009607405 0.01088268 0.01187846 0.01362587 0.01551328 0.01918828 0.02196042 0.02823168 0.03664074 2.370993e-05 10.12202 10.50869 10.29126 10.52145 10.38607 11.02814 9.969019 10.62912 10.96812 9.714853 36 
0.01612033 0.05235264 0.01737887 0.009280076 0.01048964 0.01130361 0.01361914 0.0145991 0.01743671 0.02239548 0.02879851 0.03809546 7.837525e-05 10.36673 10.85021 10.5917 11.52807 10.61485 11.16618 12.1374 12.07917 10.81599 11.38021 37 
0.01576137 0.05128435 0.01912335 0.009209192 0.01129489 0.01248298 0.01390813 0.01457982 0.01916445 0.02322252 0.02859146 0.03739934 2.807605e-05 10.09149 11.44632 11.16973 11.01528 10.02423 11.71834 11.20404 10.6108 10.85356 10.89273 38 
0.01638629 0.06172342 0.01890511 0.009673444 0.01068098 0.01183537 0.0141528 0.01628336 0.01869714 0.02321669 0.0281896 0.03701558 5.02907e-15 11.00988 11.14739 11.1599 11.9045 11.67815 11.26878 11.69332 10.68065 11.51456 11.21294 39 
0.01416492 0.042344 0.01613929 0.008903394 0.01077032 0.01197881 0.01386081 0.01531985 0.0175383 0.02181826 0.02819762 0.03702028 1.182724e-14 9.367507 10.49594 10.408 10.68382 10.15019 9.965282 10.47413 10.92024 10.08731 10.27427 40 
0.0126958 0.01842022 0.01423807 0.009136395 0.01023329 0.0109731 0.01295719 0.01429474 0.01769445 0.02078484 0.02744347 0.0360792 5.900565e-14 9.126326 9.412691 9.139567 9.712362 9.330862 10.07574 9.628667 10.72817 9.835061 9.391204 41 
0.01827197 0.0623686 0.01621518 0.009278728 0.01049547 0.01283208 0.01364309 0.01649453 0.01893868 0.0233588 0.02928265 0.0386428 2.746626e-05 11.33598 11.93997 13.28266 12.18803 13.21608 12.5239 12.94884 12.51191 12.72271 12.26802 42 
0.01357265 0.04472413 0.01703479 0.009369428 0.01050334 0.01111102 0.01344786 0.01449336 0.01788855 0.02187383 0.02692202 0.03494615 1.248481e-05 9.772645 10.03143 9.561396 10.43698 9.652525 10.45299 10.48384 10.00469 10.86161 9.841386 43 
0.01693603 0.0532593 0.01707547 0.009011743 0.01180341 0.01212271 0.01464122 0.01568518 0.01943857 0.02247874 0.02932411 0.03882063 2.561656e-05 10.30021 12.58118 11.2379 12.36443 11.16103 12.14289 11.11007 12.15622 11.65019 11.21054 44 
0.01426136 0.04819254 0.01605779 0.008881389 0.01046364 0.01180384 0.01388499 0.01428583 0.01758276 0.02184286 0.0273892 0.03575198 1.688778e-05 9.482683 10.35107 10.48834 10.95376 9.621681 10.50548 10.83529 10.62281 10.58246 10.60545 45 
0.01497091 0.05201903 0.0162517 0.009567172 0.01086506 0.01158292 0.0133263 0.01622451 0.01887169 0.02239613 0.02908883 0.03789307 2.187319e-05 10.38649 10.80203 10.32344 10.67021 11.34469 10.93171 10.59655 11.27847 9.703122 11.02594 46 
0.01580591 0.04918945 0.01621383 0.009782322 0.01079335 0.01249422 0.01270136 0.01637123 0.0191484 0.02241535 0.02829267 0.03697588 1.483925e-05 10.82358 10.93629 11.42049 10.17939 11.84705 11.3402 10.78704 11.02629 10.77249 11.37744 47 
0.01623314 0.05901066 0.01843161 0.008877456 0.01025337 0.01175318 0.01409938 0.01588061 0.01878386 0.02273217 0.02795926 0.03636678 1.885564e-05 10.01247 10.7724 11.18742 11.95005 11.46072 11.56945 11.41804 10.88171 10.84543 11.80183 48 
0.01435358 0.04360971 0.01556757 0.009629509 0.0103057 0.01096367 0.01298774 0.01509643 0.01834294 0.02066214 0.02544988 0.03359225 3.742678e-05 10.18645 9.965433 9.649366 10.31375 10.44529 10.87748 9.805507 9.972905 11.02717 10.97284 49 
0.01157282 3.86779e-06 0.01598009 0.008759469 0.01061219 0.01184855 0.01318746 0.01556949 0.01729086 0.0221011 0.0275599 0.03563557 0 8.671875 9.693363 9.649573 9.493363 9.784423 9.08945 9.947361 9.524107 9.827524 9.050701 50 
0.01579956 0.05270991 0.01722181 0.0104297 0.01060594 0.01312364 0.01328229 0.01564752 0.01909048 0.02230635 0.02784386 0.03615317 1.572622e-05 11.43354 10.48922 11.8608 10.23047 10.82578 11.2317 10.53792 10.65654 10.47229 11.62332 51 
0.01350469 0.0354289 0.01642353 0.009404496 0.0110108 0.0116958 0.01321976 0.01486924 0.01816364 0.02167124 0.02676992 0.03491631 2.837636e-05 9.633907 10.32117 9.756124 9.865886 9.676486 10.22623 9.952272 9.771482 10.51401 9.982145 52 
0.01464799 0.04606947 0.01577479 0.01024587 0.0102954 0.01269812 0.01429741 0.01578161 0.01940493 0.02178507 0.02896678 0.03813918 6.614866e-16 10.97143 9.966319 11.24175 10.89941 10.34755 10.95869 9.686581 11.09171 10.1749 10.27899 53 
0.01162598 4.227011e-06 0.02053953 0.008950831 0.01108195 0.01194388 0.0129328 0.0157204 0.01744807 0.02257024 0.0278498 0.03617825 6.646423e-13 8.861322 10.07312 9.570056 9.185789 9.830704 9.072153 10.09047 9.316814 9.404739 9.341926 54 
0.01324196 0.03568581 0.01638139 0.00875033 0.009835933 0.01251672 0.01422619 0.0153378 0.01813449 0.02196546 0.02869512 0.0374079 5.11228e-05 8.947729 9.348893 10.81915 10.60315 9.770556 9.954237 9.940132 10.68469 10.19096 8.998432 55 
0.0146728 0.0509194 0.01642299 0.008913891 0.0104081 0.01162222 0.01309322 0.01569165 0.01737478 0.02057233 0.02583363 0.03369554 3.82864e-15 9.53761 10.31977 10.37526 10.42211 10.96288 10.11069 10.13324 10.41653 10.65094 11.51053 56 
0.01285897 0.01983207 0.01721508 0.00887941 0.01020257 0.01120726 0.01336323 0.01585448 0.01803535 0.02078469 0.02618982 0.03414482 2.616614e-05 8.850787 9.413584 9.34817 9.985335 10.24132 9.701391 9.206027 9.52733 10.18594 9.864571 57 
0.01467533 0.04569855 0.01681648 0.009619015 0.01056329 0.01225843 0.01292885 0.01619566 0.01934886 0.0232243 0.02927087 0.03811715 1.719552e-05 10.31339 10.36766 10.86387 10.05523 11.22859 11.09958 10.69147 10.56084 9.878674 10.55702 58 
0.01405173 0.03411165 0.01571168 0.00932414 0.01081774 0.01252022 0.0127875 0.01531111 0.01849424 0.02131946 0.02641643 0.03465132 1.934411e-05 9.712952 10.35901 10.7007 9.573405 10.22488 10.47929 9.755483 9.845551 10.60887 10.46892 59 
0.01365487 0.03822085 0.01961452 0.008853562 0.01093273 0.01213199 0.01371784 0.01600994 0.01800624 0.02235983 0.02720657 0.03556153 0 9.138315 10.43768 10.26461 10.25876 10.36502 9.731272 10.1833 9.523287 10.12012 10.18629 60 
0.01557949 0.04807813 0.01395417 0.009851048 0.0109787 0.01218371 0.01429788 0.01649534 0.01790397 0.02227239 0.02864617 0.03766048 6.604384e-05 10.82806 11.0314 11.00401 11.45288 11.30562 10.24567 10.94601 11.29621 11.00714 10.78535 61 
0.01680181 0.06590096 0.01910246 0.009631092 0.01180253 0.01195328 0.01380798 0.01547973 0.0191517 0.0221544 0.02841421 0.037049 1.52878e-05 11.00837 12.39367 10.92919 11.50545 11.09531 11.91017 10.93461 11.65922 10.90284 11.97007 62 
0.01671985 0.05882056 0.01733649 0.009751268 0.01101059 0.01194925 0.01367466 0.01596501 0.01813593 0.02160117 0.02782265 0.03660888 8.679521e-05 11.07783 11.47789 11.1832 11.45545 11.62925 11.12813 11.12676 11.79432 11.73201 11.57957 63 
0.01238699 0.02389361 0.01530135 0.009034011 0.01005595 0.01142913 0.01394013 0.01518874 0.01808119 0.02174332 0.02653839 0.03456877 1.683955e-05 9.12145 9.347178 9.622508 10.44099 9.63588 9.864354 9.714846 9.293509 10.26108 9.588228 64 
0.01344799 0.03538268 0.01754347 0.008970756 0.01058235 0.0123516 0.01306269 0.01521193 0.01854431 0.02280876 0.02830142 0.03675038 1.86296e-05 9.19901 10.02381 10.47257 9.685058 9.970854 10.38315 10.40484 9.859186 9.58204 10.10607 65 
0.01180853 3.120912e-06 0.01891298 0.009476895 0.00984142 0.01263836 0.01356288 0.01679436 0.01806087 0.02183453 0.02877164 0.03765747 1.839272e-10 9.306311 8.823748 10.316 9.501144 10.31173 8.92827 9.107519 10.03934 9.313929 8.718964 66 
0.01571757 0.06000114 0.01781959 0.009318858 0.01077929 0.01178909 0.01338776 0.0146942 0.01845568 0.02129479 0.0276138 0.03620579 3.063308e-05 10.3121 10.9948 10.77484 10.93669 10.44383 11.51859 10.59395 11.53824 11.00133 11.26272 67 
0.01755493 0.05841303 0.02184192 0.009045935 0.0108217 0.01243849 0.01476236 0.0153844 0.01841607 0.02287633 0.0284541 0.03716342 3.191727e-05 10.55253 11.7669 12.11125 12.68927 11.12486 11.80007 12.08628 11.59039 11.45258 12.22318 68 
0.01183348 4.781811e-06 0.01593048 0.008486925 0.01090633 0.01210046 0.01300651 0.0152975 0.01916386 0.02164995 0.02898856 0.03860727 1.870315e-12 8.427517 10.04548 9.839904 9.32224 9.632682 10.30332 9.027012 10.49033 9.101154 8.684299 69 
0.01481623 0.04301598 0.01605859 0.008508398 0.01096246 0.01235467 0.01337788 0.01493688 0.01724763 0.02125056 0.02647816 0.03466424 1.931386e-05 9.095032 10.94984 10.91593 10.42334 10.23448 10.17114 10.59266 10.51654 11.20982 10.74852 70 
0.01601641 0.05862949 0.01680248 0.009602278 0.01088338 0.01197148 0.01327849 0.01547567 0.01779722 0.02174815 0.02816559 0.037058 1.809683e-05 10.83561 11.26968 11.11874 10.97905 11.23777 10.96363 11.28203 11.89511 11.55642 10.87807 71 
0.01584431 0.04909078 0.01901313 0.00950546 0.01027957 0.01262719 0.01333639 0.01491744 0.0179734 0.022091 0.0274095 0.03565918 9.517166e-05 10.28203 10.25527 11.47109 10.49502 10.43391 10.88463 11.10001 10.79075 10.69935 11.57368 72 
0.01503689 0.05025291 0.01521129 0.008978644 0.01159863 0.01122864 0.01312 0.0161164 0.01792257 0.02158686 0.02767362 0.0362065 5.379086e-05 9.65702 11.55644 9.764935 10.49881 11.25625 10.33049 10.52458 10.98037 10.67995 10.9109 73 
0.01336085 0.04160063 0.0166147 0.009230548 0.01088595 0.01228413 0.01347594 0.01598077 0.01852595 0.02299392 0.02823576 0.0367242 2.089325e-05 9.531132 10.31754 10.36161 9.989555 10.36063 10.03863 10.3527 9.641118 10.24171 9.565479 74 
0.01722922 0.06905447 0.01770928 0.009337367 0.01115488 0.01203972 0.01283929 0.01461158 0.01782089 0.0215477 0.02698701 0.03540704 3.609794e-15 10.80828 11.94292 11.43568 10.91924 11.06405 11.74014 11.73123 11.77876 11.99999 12.26229 75 
0.01449504 0.04846271 0.01816201 0.009537841 0.01074864 0.01196844 0.01314511 0.01544227 0.01822768 0.02172719 0.02784594 0.03636617 1.81263e-05 10.1456 10.45936 10.45054 10.17031 10.50625 10.52029 10.30887 10.76285 10.25302 10.62475 76 
0.0139919 0.04026241 0.0146847 0.009670614 0.01106733 0.01261698 0.01264659 0.0153169 0.01886585 0.02217375 0.02859798 0.03737165 1.267783e-15 10.16011 10.59255 10.74344 9.421234 10.22827 10.71881 10.0763 10.65066 9.741922 10.30685 77 
0.01596345 0.05306137 0.01710474 0.009399238 0.0107799 0.01182414 0.01386741 0.01594981 0.01906823 0.02192215 0.02920212 0.03877867 3.487333e-15 10.55858 11.17193 11.01359 11.55354 11.44453 11.62361 10.71353 12.22165 10.48289 11.25768 78 
0.01592001 0.06276535 0.0170222 0.009028273 0.01075682 0.01193376 0.01366458 0.01560406 0.01815671 0.02182185 0.02625726 0.03473839 3.407732e-05 10.12515 11.18097 11.08104 11.29796 11.17174 11.05286 11.00739 10.39067 11.67414 11.51561 79 
0.01259773 0.02164641 0.01645439 0.009375549 0.01049401 0.01117734 0.01277445 0.01555651 0.01747757 0.02139186 0.02697734 0.03507234 5.078116e-05 9.42338 9.641838 9.249458 9.492555 10.15046 9.511243 9.804167 9.860013 9.939357 9.742817 80 
0.01593048 0.05607142 0.01936676 0.01010629 0.01135039 0.01256647 0.01356028 0.01620532 0.01871349 0.0226126 0.0295293 0.03912309 4.786686e-05 11.29222 11.50806 11.34686 10.7788 11.33965 10.92394 10.96014 11.73307 10.79919 10.51677 81 
0.0148752 0.04851478 0.02037116 0.009174749 0.01019115 0.01081781 0.01291075 0.01412931 0.0177407 0.0213055 0.0262632 0.03423248 4.519254e-05 9.749555 10.00039 9.65214 10.44528 9.948423 11.01362 10.75215 10.4783 10.67825 11.26871 82 
0.01483494 0.04959892 0.02047591 0.009411146 0.01131105 0.01196541 0.01361934 0.01507635 0.01807506 0.02252369 0.02738924 0.03537681 4.621371e-05 9.970943 10.9924 10.26525 10.46245 10.0256 10.40489 10.79859 9.991033 9.961335 11.20722 83 
0.01196017 4.27533e-06 0.01530914 0.009396511 0.01088973 0.01240328 0.01407598 0.01600552 0.01884245 0.02227008 0.0282212 0.03652599 2.984309e-14 9.26496 9.787912 9.911801 9.830012 9.584464 9.510399 9.127272 9.330179 9.589385 8.925003 84 
0.01427156 0.0382085 0.01437798 0.008948549 0.01095683 0.01131525 0.01337841 0.01458212 0.01754444 0.02055692 0.02633793 0.03415473 1.038062e-14 9.340524 10.58455 9.725506 10.39861 9.799484 10.2794 9.937186 10.55837 10.19507 11.16193 85 
0.01573235 0.05124183 0.0180383 0.0102036 0.01136149 0.01203767 0.01435895 0.01585825 0.01999897 0.02170357 0.02766642 0.03588123 7.172417e-05 11.19739 11.28337 10.67517 11.38837 10.66958 11.67538 9.67979 10.55299 10.30179 11.68146 86 
0.01365645 0.04363883 0.01591689 0.01000732 0.01073834 0.01150235 0.01352175 0.01564727 0.01768091 0.02126656 0.02653749 0.03468781 2.108676e-05 10.33983 10.02382 9.682022 10.17823 10.18097 9.714181 9.828733 9.891699 10.47868 10.36389 87 
0.01759213 0.06213767 0.01887353 0.009108131 0.01035913 0.01143753 0.01334324 0.01497337 0.0197323 0.02374457 0.02842639 0.03738322 2.918405e-05 10.6751 11.31438 11.35283 11.94283 11.66926 13.58021 12.44131 11.26438 12.20643 11.96369 88 
0.01687442 0.06171696 0.01767559 0.01018051 0.01069513 0.01158016 0.01335149 0.01582323 0.01914817 0.02227319 0.02870244 0.03782764 3.741927e-05 11.74506 11.21576 11.07812 11.44585 11.84284 12.15998 11.29745 12.05552 11.60831 11.4553 89 
0.01488696 0.04355535 0.01813852 0.01008137 0.01104355 0.01259686 0.01227674 0.01549846 0.01779144 0.02265529 0.02776886 0.03626738 3.156667e-05 10.72277 10.64712 10.89152 9.318537 10.64351 10.23055 11.09197 10.24538 10.60346 10.65965 90 
0.01244569 0.02611997 0.01865688 0.009088757 0.0104539 0.0122819 0.01339256 0.01503077 0.01801428 0.02136782 0.02705102 0.0351296 8.362345e-14 9.13482 9.654461 10.17831 9.68567 9.48599 9.766971 9.494238 9.755113 10.05753 9.574208 91 
0.01444277 0.04854636 0.01812972 0.009298595 0.01020127 0.0108867 0.01367769 0.01565084 0.01803996 0.02165371 0.02794714 0.03661875 1.474782e-05 9.902278 9.997136 9.70047 11.03289 10.76069 10.49709 10.44076 10.97903 10.38766 10.42048 92 
0.01699653 0.06278556 0.01671898 0.009434842 0.009936522 0.01206624 0.0138484 0.01561503 0.01832367 0.02317873 0.02781273 0.0365681 2.316801e-05 10.93119 10.63929 11.89898 11.96845 11.69195 11.76315 12.46724 10.96417 12.0571 11.78286 93 
0.01289184 0.02000028 0.01816495 0.009058468 0.01046786 0.01248352 0.01201798 0.01516032 0.01851229 0.02220889 0.02701591 0.03513684 6.125576e-20 8.993842 9.581689 10.25158 8.624242 9.827607 10.16231 9.83468 9.271666 9.52777 10.07146 94 
0.01650725 0.05342075 0.01490773 0.00926366 0.01036137 0.01197997 0.01454273 0.01639181 0.01848138 0.02256387 0.02822547 0.03707257 2.350126e-15 10.48134 10.87908 11.43642 12.31937 11.73359 11.19692 11.4782 11.29416 11.48749 11.59835 95 
0.01494688 0.04853361 0.01739226 0.009778646 0.01113593 0.01175991 0.0135567 0.01525926 0.01848668 0.02244003 0.02845568 0.0372456 1.905045e-05 10.53709 10.93973 10.30668 10.65971 10.3878 10.85519 10.77919 10.84968 10.72378 10.34111 96 
0.01618181 0.05829668 0.01825459 0.009877733 0.01100134 0.011637 0.0127636 0.01557422 0.01753397 0.02238092 0.02792106 0.03657074 2.199641e-05 11.13477 11.31606 10.74496 10.60588 11.47342 10.81302 11.88812 11.30731 11.63525 11.09509 97 
0.01347741 0.04385399 0.01615729 0.00865884 0.01016821 0.01186164 0.01337239 0.0159405 0.01774786 0.02178965 0.02784853 0.03608192 1.682507e-05 9.005126 9.823682 10.34428 10.28269 10.68925 9.854203 10.21107 10.45143 9.527359 10.55793 98 
0.01506482 0.04818708 0.01579062 0.008842559 0.01114004 0.01097549 0.01374173 0.01550692 0.01776871 0.02216906 0.02604337 0.03445363 1.588639e-05 9.553974 11.17661 9.736571 11.18681 10.7423 10.50094 11.05038 9.797582 11.04235 11.30127 99 
0.01477026 0.04816972 0.0162505 0.00928377 0.01116044 0.01188993 0.0139655 0.01579343 0.01958251 0.02372285 0.02933068 0.03830914 2.335826e-05 9.977411 11.04433 10.42757 10.97408 10.63888 11.31686 10.85426 10.23373 10.34171 10.20798 100 
