0.913918 0.9062228 0.4988048 0.04579736 0.06025657 0.08425677 0.1037645 0.1247079 0.1933334 0.2165292 0.3352128 0.510835 1 93.81003 179.5447 281.8643 412.3626 551.4001 691.9305 887.4701 1041.547 1231.429 1408.622 2048.372 1 
0.9021027 0.8909842 0.4921293 0.05216336 0.0670015 0.08239965 0.1189194 0.1476962 0.1714333 0.2166886 0.3045586 0.5236509 1 106.6372 202.8349 312.8038 431.1457 586.209 744.6927 885.3475 1022.333 1168.486 1348.527 2044.293 2 
0.912094 0.9040989 0.493338 0.05076535 0.06075011 0.0902187 0.102595 0.139709 0.1795918 0.2188932 0.329793 0.493611 1 103.9855 198.8301 299.4724 437.9089 569.8744 728.0889 894.4511 1046.176 1225.301 1389.524 2048.356 3 
0.8652604 0.8971509 0.5179854 0.04288997 0.06351431 0.08262576 0.1128515 0.130712 0.1882848 0.2256242 0.3406409 0.4976147 1 88.06583 164.2657 266.9529 383.0491 521.9696 647.4217 805.341 935.287 1088.054 1209.98 2053.297 4 
0.9309192 0.8840758 0.4874054 0.05575269 0.06034933 0.08219389 0.1085618 0.1384164 0.1778573 0.2115932 0.2989303 0.4923571 1 113.1302 218.4452 318.9849 444.9296 593.5812 756.4655 929.9314 1086.468 1257.321 1454.415 2029.143 5 
0.860128 0.9181221 0.5127831 0.05026429 0.05989484 0.08686564 0.09393734 0.1296841 0.1776729 0.2275859 0.2907327 0.5006287 1 102.3948 190.4675 279.7071 398.5798 498.8462 624.2255 769.6098 907.071 1022.053 1174.481 2037.129 6 
0.9171255 0.8853025 0.4934191 0.04852343 0.05722401 0.08214795 0.1029666 0.1397753 0.1678831 0.2340292 0.3254631 0.5089517 1 99.41617 190.5933 286.3511 413.5963 553.0123 718.6882 877.6579 1058.412 1240.721 1422.726 2048.828 7 
0.8889424 0.8926138 0.5048852 0.04061275 0.0571693 0.09998345 0.1013205 0.1373212 0.1730458 0.2336386 0.2974749 0.5040738 1 82.91292 156.6177 251.198 407.9362 531.0291 677.1612 824.9307 982.2692 1116.097 1281.323 2041.549 8 
0.9375517 0.911046 0.4729672 0.04298245 0.06333871 0.06504145 0.1124657 0.1387831 0.1604378 0.2395711 0.3336671 0.4598224 1 86.72874 168.0414 279.8572 380.0232 546.4811 720.6538 883.0322 1087.875 1295.292 1467.25 2017.771 9 
0.9332793 0.8963235 0.4819004 0.05252426 0.05999097 0.07149154 0.1048376 0.128198 0.1703217 0.2178738 0.2990975 0.4933226 1 106.0067 204.9405 305.9836 414.0756 561.4233 715.4972 889.6033 1065.696 1247.392 1456.415 2018.242 10 
0.9770137 0.8800637 0.4638711 0.04825652 0.05773321 0.07842836 0.1105527 0.1412362 0.1874304 0.2346033 0.3196328 0.440023 1 97.74039 193.2341 300.0843 435.6439 610.689 806.936 1028.036 1248.147 1473.632 1677.827 2025.434 11 
0.8961452 0.9120016 0.4946145 0.04669593 0.05822135 0.06193362 0.09944691 0.1397082 0.1702627 0.236266 0.3139229 0.5159915 1 94.30929 178.8241 272.3481 356.3641 488.5073 651.7768 808.4562 982.8309 1142.909 1319.839 2019.647 12 
0.9067921 0.8748818 0.5005726 0.04274034 0.06247951 0.08463113 0.0958853 0.1473536 0.1715502 0.2179688 0.3144513 0.5031462 1 89.1679 170.0246 278.955 411.4111 537.399 715.6383 875.5878 1032.554 1205.474 1388.366 2086.27 13 
0.8866258 0.8808212 0.5108933 0.05059509 0.06580231 0.07505951 0.1053233 0.1331077 0.1826135 0.2079825 0.33729 0.4972911 1 106.7313 201.362 310.3208 415.5747 550.728 694.3795 860.7595 991.3492 1172.035 1325.518 2109.519 14 
0.930332 0.8950655 0.4906082 0.04482662 0.06053302 0.06878909 0.1074136 0.1323771 0.1481992 0.2312072 0.302768 0.470874 1 89.39462 172.5613 275.8448 379.7274 532.2699 692.0898 835.129 1031.108 1215.146 1407.948 1994.231 15 
0.9390217 0.8905024 0.4796777 0.04946673 0.0572139 0.08372704 0.1008483 0.130338 0.1821826 0.2427595 0.3046973 0.4802909 1 99.96153 193.8276 291.906 425.7294 567.1067 726.9849 919.0372 1120.593 1297.093 1486.333 2020.783 16 
0.9195556 0.9082558 0.4880259 0.0467131 0.06822931 0.07783759 0.1196004 0.1452211 0.1598203 0.2414458 0.3071692 0.4819445 1 94.70144 181.7847 299.0209 415.1315 580.3417 745.965 885.6772 1067.933 1226.664 1393.92 2027.299 17 
0.9257086 0.9075397 0.4923961 0.04524424 0.05817749 0.07860853 0.1099422 0.129862 0.1619646 0.2283686 0.3181864 0.5462268 1 91.46965 176.1439 275.3531 397.8008 552.4028 704.9703 862.7066 1046.885 1236.029 1456.621 2021.686 18 
0.8836769 0.8972479 0.5072506 0.05153865 0.06848279 0.08655026 0.1129749 0.1261122 0.1740311 0.2477454 0.3004893 0.5214143 1 104.7765 197.3651 306.455 426.2641 562.0364 680.1937 822.4036 986.9869 1109.629 1268.773 2032.97 19 
0.8927852 0.9023653 0.5158156 0.04247097 0.06237817 0.08660923 0.1034737 0.1436294 0.1901477 0.225566 0.3045701 0.5147197 1 85.34211 161.5343 264.236 392.1542 520.6146 676.9816 844.9592 985.4733 1121.479 1285.258 2009.422 20 
0.9438989 0.9006721 0.4774303 0.04126517 0.07298562 0.08262626 0.1159577 0.1290954 0.1931284 0.2384172 0.3223782 0.474389 1 84.39563 164.0566 297.9635 431.4369 600.593 757.2047 962.6708 1155.639 1345.137 1523.277 2045.202 21 
0.8927237 0.9133678 0.5020122 0.04389246 0.04981556 0.08201758 0.08943138 0.1521798 0.1677353 0.241084 0.3123527 0.5112871 1 87.60055 165.8036 243.0748 365.7081 475.3287 654.9776 800.2436 972.2138 1121.421 1286.463 1995.8 22 
0.9088515 0.9123018 0.4876844 0.0458833 0.06601158 0.08230491 0.1045461 0.1332289 0.1890648 0.2242022 0.2840665 0.5005661 1 92.08815 175.7826 286.1672 407.2869 541.7558 688.1843 866.3086 1018.959 1153.746 1335.799 2007.008 23 
0.9490423 0.9030733 0.4635196 0.05011362 0.06373176 0.08279268 0.1016033 0.1467195 0.1601648 0.2446016 0.3482283 0.5170036 1 99.67671 194.2741 304.7852 435.7082 578.3541 762.7443 923.0835 1131.545 1348.656 1545.818 1989.014 24 
0.9035599 0.9031028 0.4926358 0.04447721 0.05683812 0.08513022 0.1045288 0.1347007 0.1786407 0.2294855 0.3151829 0.4617807 1 89.70355 170.7561 263.8233 393.1132 529.0193 678.5772 843.3096 1004.846 1164.95 1310.472 2016.843 25 
0.9302938 0.9162275 0.4907159 0.05080554 0.05740976 0.0785594 0.1115369 0.1447272 0.1471929 0.2224872 0.3155289 0.4820706 1 101.521 195.9653 291.1948 411.3465 566.4152 738.7589 871.5186 1048.283 1237.109 1424.754 1998.227 26 
0.9050949 0.9140957 0.4911554 0.04040421 0.05498198 0.09530429 0.1155308 0.1256225 0.1649465 0.2227419 0.3120799 0.4758663 1 79.87182 152.1634 242.0203 389.8985 540.2634 669.1868 812.5597 968.7335 1130.849 1290.017 1976.819 27 
0.9210939 0.902173 0.4828707 0.05022919 0.05993554 0.07758595 0.1027647 0.1204682 0.1731539 0.2312349 0.2731831 0.4696683 1 104.2085 200.1943 302.4979 422.3454 564.6071 704.7397 882.6059 1070.764 1220.416 1416.696 2074.66 28 
0.9277946 0.9069706 0.4733951 0.05377077 0.0656974 0.08317519 0.1068118 0.1351589 0.1701747 0.2348086 0.3347484 0.4950066 1 109.1715 210.4602 321.4778 447.5587 591.0157 747.0059 909.3934 1091.423 1282.818 1455.998 2030.312 29 
0.9084074 0.8981421 0.5021146 0.04891188 0.05981176 0.08602486 0.09504872 0.1326148 0.1668507 0.2482125 0.3037401 0.4777939 1 100.2213 191.2631 290.3057 421.3336 541.9128 693.2484 849.0733 1043.136 1197.668 1361.865 2049.018 30 
0.9550303 0.9140808 0.4651397 0.04305739 0.06907754 0.07414202 0.1185379 0.1308788 0.1632049 0.2279828 0.3033937 0.5294892 1 88.62921 173.2728 301.5475 423.9413 606.1242 774.727 952.1585 1157.47 1360.342 1609.086 2058.397 31 
0.8883293 0.8988017 0.4996066 0.04265309 0.06282383 0.08745113 0.1076326 0.1356721 0.1717037 0.2243328 0.3180301 0.4741116 1 86.79438 163.8964 267.9808 397.7156 532.6236 674.8526 820.1341 967.324 1121.869 1263.531 2034.891 32 
0.8884621 0.9051281 0.5171088 0.04926523 0.07597937 0.0827751 0.1043817 0.1236272 0.1743855 0.23212 0.3065113 0.502857 1 98.34208 185.7153 309.1973 419.8676 540.9324 658.6935 805.384 957.4987 1096.028 1252.894 1996.176 33 
0.9209409 0.8979423 0.4910179 0.04189733 0.05457997 0.08180482 0.1163038 0.1314397 0.167413 0.2054472 0.300912 0.4638573 1 84.65089 162.6094 255.4087 384.9298 549.9364 701.644 862.1008 1014.566 1191.107 1373.626 2020.436 34 
0.9025514 0.8931168 0.4867867 0.03933275 0.05606326 0.07467643 0.08982289 0.1419767 0.1604685 0.2205265 0.3132057 0.4787159 1 81.74725 155.5283 252.3084 368.4616 489.2001 666.8853 820.4444 992.6388 1175.047 1353.56 2078.351 35 
0.8855609 0.9020469 0.5169004 0.05189875 0.06538664 0.07951418 0.1072193 0.1239109 0.1688138 0.2256672 0.3214961 0.4793254 1 106.4385 200.6963 304.8697 414.4825 546.4067 668.931 813.2542 965.6035 1125.833 1270.866 2050.887 36 
0.8905562 0.9143008 0.5013652 0.0434388 0.07126099 0.0817482 0.1153683 0.1440904 0.1678063 0.2304493 0.2965928 0.4848884 1 86.41715 163.3765 281.1044 394.8189 538.839 686.7319 817.7735 963.9304 1091.835 1240.746 1989.4 37 
0.9148244 0.88222 0.4995398 0.05374101 0.06263028 0.0852116 0.09500336 0.1352932 0.1615286 0.2191299 0.2972193 0.5069171 1 107.6991 206.2248 307.4278 432.7122 550.3408 702.565 848.2714 1009.824 1171.444 1368.482 2004.039 38 
0.885295 0.8822126 0.5148722 0.0507277 0.05736506 0.07996308 0.09968988 0.1416831 0.1646414 0.2189221 0.3234751 0.5071536 1 102.03 192.3567 279.8194 391.6379 511.7871 664.3013 798.7719 941.1535 1103.265 1263.167 2011.327 39 
0.8672754 0.9007712 0.5218215 0.05361257 0.0603579 0.0823262 0.1164774 0.1380676 0.1941394 0.218805 0.3028774 0.5053743 1 109.9182 205.2476 295.1194 406.047 547.0333 678.5233 835.8254 949.5534 1066.465 1207.508 2050.232 40 
0.8581775 0.9292932 0.5108069 0.0465069 0.06965988 0.0890489 0.1011823 0.1293439 0.1751546 0.2429956 0.3052892 0.4933362 1 96.85976 179.9826 292.7902 415.7841 527.1049 648.0077 786.791 939.1855 1057.05 1188.986 2082.697 41 
0.9128794 0.8815179 0.500172 0.04353863 0.06335859 0.07810117 0.1007549 0.1317262 0.182753 0.2403386 0.3022041 0.4987515 1 88.49548 169.2812 277.7074 395.7281 530.3881 683.028 863.0576 1045.311 1200.154 1378.795 2032.574 42 
0.8899992 0.9088829 0.5111207 0.04615643 0.05571948 0.07949211 0.1097122 0.1303861 0.1699585 0.2178241 0.3271466 0.4801549 1 94.63404 178.8583 268.1518 385.452 529.5507 668.6249 818.7524 966.6377 1139.834 1290.499 2050.289 43 
0.9130679 0.8776062 0.501296 0.04634926 0.06272929 0.09747894 0.1032352 0.1433338 0.1718566 0.2141203 0.3176108 0.4886701 1 93.45042 178.777 283.8497 434.8465 564.9548 724.9053 876.6247 1021.984 1191.425 1359.027 2016.222 44 
0.8913427 0.9111684 0.4982387 0.05060686 0.05596194 0.08906002 0.1137891 0.1440325 0.196541 0.2219905 0.3070147 0.4752617 1 102.0799 193.068 279.2589 409.9239 552.7771 702.924 872.0757 1000.135 1131.213 1265.49 2017.115 45 
0.8918539 0.9071397 0.5054998 0.05066615 0.06329622 0.0810101 0.1061575 0.1378592 0.1847137 0.2355104 0.3095755 0.5224323 1 102.5334 193.9781 294.6031 408.5262 539.9075 685.3053 846.5982 999.7445 1137.531 1301.026 2023.706 46 
0.8562193 0.9033068 0.5206046 0.04033477 0.06096558 0.08085225 0.1129712 0.1278025 0.1705867 0.2285405 0.2974627 0.4957579 1 83.03821 154.1371 252.4241 366.1306 506.1308 626.6724 761.6208 902.1903 1023.577 1170.416 2058.725 47 
0.8503143 0.8981667 0.5203029 0.05269406 0.05470229 0.08928744 0.1034178 0.1512919 0.1677166 0.237929 0.3295779 0.5028094 1 111.3492 206.0311 284.693 411.035 527.7308 682.4978 800.2706 940.1581 1073.549 1193.225 2113.127 48 
0.9422331 0.8796409 0.4823803 0.0553103 0.05249453 0.07263505 0.1148542 0.1270645 0.1745874 0.2294259 0.2931499 0.4820786 1 113.7021 220.836 310.024 425.7682 597.1616 754.5867 941.1905 1136.507 1316.697 1526.402 2055.713 49 
0.9097128 0.9032257 0.4821188 0.04987046 0.05568466 0.07834398 0.104254 0.1343645 0.1829673 0.240986 0.3271584 0.4450017 1 104.086 198.7743 291.2524 411.6642 554.429 712.0953 892.6583 1075.555 1249.956 1385.586 2087.126 50 
0.9154567 0.902951 0.494269 0.04635615 0.06602245 0.08699095 0.1062354 0.1401043 0.1850395 0.232956 0.3082998 0.5176426 1 94.14965 180.3396 292.9691 425.5655 565.0469 724.0917 897.7526 1062.838 1217.611 1398.778 2031.007 51 
0.9223257 0.8868059 0.4871614 0.05180472 0.06043292 0.07712141 0.09921539 0.1368624 0.1747108 0.2319529 0.3514005 0.4503366 1 107.1423 205.9624 308.4766 426.6153 562.1882 728.1571 902.5824 1085.561 1295.723 1439.856 2068.196 52 
0.8665006 0.9154822 0.5164215 0.05755023 0.0617773 0.09000154 0.08950303 0.1448466 0.1784432 0.2149897 0.3075588 0.5085318 1 115.7987 216.1384 304.4345 423.922 512.239 657.3803 794.5695 911.1535 1039.564 1187.068 2012.133 53 
0.9294059 0.9167077 0.4839071 0.04938193 0.06505055 0.08098103 0.1029824 0.1386088 0.1732708 0.1988545 0.3062379 0.5379585 1 99.28386 191.5589 302.3636 425.725 564.7902 729.1031 897.4977 1042.747 1226.509 1453.589 2010.53 54 
0.8935225 0.9068018 0.4888495 0.05284264 0.05226022 0.08271185 0.1030599 0.1177646 0.1793065 0.2345424 0.310606 0.4741134 1 110.2925 208.8414 289.9175 414.0153 547.0523 670.337 842.8111 1014.846 1172.15 1326.583 2087.188 55 
0.933163 0.9058358 0.479176 0.05073724 0.05679935 0.08384316 0.1058077 0.131568 0.1654104 0.236597 0.3053163 0.4646585 1 102.6839 198.5048 294.3576 426.6103 573.749 730.7081 895.1082 1089.839 1267.77 1448.161 2023.838 56 
0.9103087 0.9127426 0.5029783 0.04577187 0.05957546 0.07844215 0.1067676 0.1322318 0.1637825 0.2546267 0.306578 0.4749061 1 92.04377 175.832 274.3796 391.3239 533.781 682.3296 832.251 1032.07 1185.82 1344.045 2010.924 57 
0.8778204 0.9009221 0.5135394 0.05279931 0.06250705 0.07736583 0.1015401 0.1358527 0.1841264 0.2108879 0.3276256 0.4876088 1 106.5708 200.1208 295.1738 397.7753 517.0894 655.756 812.0385 933.7315 1090.465 1228.24 2018.413 58 
0.9026475 0.9168992 0.4856929 0.04566196 0.0591065 0.07917122 0.1010527 0.146342 0.1774282 0.2168768 0.3332493 0.4915258 1 94.89785 180.5572 280.2096 400.6752 535.317 709.264 874.1876 1024.333 1207.695 1368.514 2078.269 59 
0.8817563 0.8880961 0.5256253 0.04078892 0.05556792 0.07407376 0.1018404 0.1166428 0.1711451 0.2467205 0.3123514 0.4883583 1 83.3336 156.8135 247.1684 355.0391 487.5837 609.4657 770.0986 957.0828 1109.073 1263.014 2043.045 60 
0.8923433 0.9105005 0.5037239 0.04460016 0.06713737 0.07592911 0.1110063 0.1317706 0.1711758 0.235175 0.3136245 0.4869287 1 91.17209 172.5289 285.0768 392.7229 537.3315 676.7041 826.2906 990.6263 1142.324 1294.653 2044.21 61 
0.9062343 0.8911678 0.4977502 0.04956748 0.05766344 0.08685569 0.1156872 0.1414694 0.1684063 0.2369969 0.3114844 0.4810985 0.9999999 104.3719 198.9574 295.7028 431.7755 590.5124 750.5805 900.3796 1073.628 1231.357 1390.687 2105.653 62 
0.91462 0.8931761 0.4909017 0.0477281 0.05986534 0.08911157 0.1094048 0.1434078 0.1631695 0.241538 0.2989073 0.4999089 1 99.65858 190.8083 293.5527 435.0703 584.2155 751.8103 899.5789 1085.336 1239.115 1422.287 2088.048 63 
0.9095422 0.9202389 0.498847 0.04656229 0.07172349 0.08448172 0.1057415 0.1269183 0.1462857 0.2351032 0.3013052 0.4900735 1 92.38057 176.4046 296.1225 417.6829 549.8922 682.6113 804.4764 983.6307 1141.612 1318.994 1984.021 64 
0.8765202 0.894252 0.5088754 0.04507807 0.06557865 0.08740202 0.1164703 0.1339767 0.192569 0.206026 0.3076325 0.4579523 1 92.82757 174.1928 281.6397 407.4622 552.4555 682.7347 845.5115 954.5499 1089.727 1215.975 2059.263 65 
0.8551256 0.8970879 0.509085 0.05215083 0.05828712 0.08266219 0.1095017 0.1374088 0.1872805 0.2368944 0.326203 0.4693912 1 105.9086 196.4738 280.207 389.4546 515.1193 643.9638 789.8847 921.3689 1046.296 1145.259 2030.814 66 
0.8919483 0.9112201 0.5153744 0.05334171 0.05993428 0.07286423 0.1015031 0.129966 0.1771809 0.2022325 0.3226568 0.502553 1 107.5634 203.5044 295.9259 394.7072 520.9358 658.9326 818.176 946.1922 1119.42 1289.078 2016.497 67 
0.8940715 0.902463 0.5149397 0.05274429 0.06639127 0.07094215 0.09901536 0.1245477 0.179969 0.2291505 0.3220047 0.4919734 1 103.0667 195.2157 297.428 388.5188 506.3355 632.8653 793.7378 947.6264 1105.014 1254.977 1954.082 68 
0.9087078 0.9055139 0.5012637 0.05590862 0.06678368 0.08148918 0.1158533 0.1427113 0.1632563 0.2227861 0.3366805 0.4863375 1 113.7639 217.1421 325.6139 441.9784 592.4014 746.0927 881.7445 1033.917 1212.809 1363.938 2034.819 69 
0.8894997 0.8978584 0.5015061 0.04509734 0.07366189 0.08633422 0.1170457 0.1362292 0.169414 0.2227894 0.3211573 0.4923043 1 92.45456 174.6929 299.5939 423.0516 570.236 706.5222 842.533 983.2677 1136.598 1283.623 2050.111 70 
0.9026228 0.8966861 0.5055715 0.05573684 0.0671433 0.07791502 0.1207099 0.1416193 0.1640845 0.2255768 0.3350234 0.4525073 1 115.9995 220.7033 331.1618 441.752 602.7849 754.5851 890.4555 1044.327 1219.34 1349.134 2081.2 71 
0.9220849 0.9070189 0.4815375 0.04362482 0.06197672 0.07622627 0.1086962 0.1302662 0.1671402 0.2259634 0.3227298 0.4895162 1 89.3172 171.6752 279.6543 397.8715 551.2978 705.3435 870.2242 1049.952 1241.794 1426.154 2047.394 72 
0.9213722 0.9006701 0.488428 0.0506105 0.06619924 0.09002052 0.1143665 0.1410349 0.1822377 0.2195822 0.3329016 0.491979 1 103.2714 198.4229 311.0654 449.454 602.3791 760.6284 929.0334 1080.852 1261.92 1424.993 2040.514 73 
0.9316031 0.906657 0.4643291 0.04517281 0.06290666 0.0827297 0.1180237 0.1160546 0.1730925 0.2355754 0.3126798 0.5216275 1 92.66382 178.9897 289.9598 421.973 591.8157 723.6659 901.3644 1095.4 1279.903 1489.824 2051.318 74 
0.9017004 0.9019609 0.4866565 0.04678557 0.05901074 0.08441864 0.1038875 0.1241689 0.1754102 0.2212959 0.3090797 0.4401769 1 95.36143 181.3489 278.1746 405.1687 539.2394 672.4875 836.829 994.3017 1157.296 1300.09 2038.266 75 
0.9036262 0.8866843 0.5066023 0.04990929 0.06331575 0.08739865 0.112256 0.1356823 0.1785147 0.255164 0.2866381 0.4977613 0.9999997 102.6431 195.3941 300.2791 431.3001 577.2324 722.7888 881.9134 1065.559 1187.639 1351.628 2056.594 76 
0.8737633 0.9028365 0.5154551 0.04987687 0.05909073 0.08646895 0.1020074 0.1434652 0.1711298 0.2360299 0.2897493 0.491617 1 105.2356 197.1866 290.752 417.1474 540.2587 694.0485 833.2418 987.3461 1105.881 1259.323 2109.908 77 
0.9441631 0.897861 0.482511 0.05133855 0.05972182 0.07997394 0.1114249 0.1447686 0.1849658 0.21522 0.2970948 0.4659476 1 105.8251 205.7412 311.0388 440.72 604.6044 788.4564 982.215 1152.872 1332.792 1527.68 2061.318 78 
0.9269758 0.8931053 0.5092656 0.05341856 0.06450416 0.0821096 0.1003303 0.1293702 0.1905676 0.222388 0.3164316 0.4873746 1 106.3875 205.0061 311.6387 433.6894 564.4327 711.6266 901.2927 1063.72 1238.582 1414.02 1991.583 79 
0.93073 0.8875869 0.4967847 0.05150428 0.05971417 0.09393918 0.09796759 0.1506341 0.1605714 0.2268368 0.3425267 0.4830736 1 104.7948 202.3304 303.5565 452.9954 582.6926 765.7353 914.9641 1091.448 1295.88 1465.779 2034.681 80 
0.9043485 0.8777852 0.4951978 0.05534506 0.07542834 0.09043443 0.1072508 0.1357167 0.1862114 0.2211723 0.297546 0.4753238 1 111.6601 212.6398 336.0568 463.2679 590.8523 728.5277 889.1244 1026.663 1161.678 1312.267 2017.527 81 
0.8844267 0.9079261 0.5210165 0.05482115 0.05443791 0.08875588 0.09325768 0.1244999 0.1927767 0.2293082 0.3102482 0.4839145 1 110.1547 207.5784 286.976 413.1974 518.0511 642.9121 819.0398 964.843 1104.069 1246.223 2009.347 82 
0.914957 0.9033142 0.5074537 0.05012961 0.05448607 0.08462922 0.1011783 0.1382848 0.1819466 0.2335413 0.312774 0.494039 1 100.7551 192.9416 280.5546 409.4609 541.821 701.119 874.3474 1044.493 1206.647 1376.47 2009.891 83 
0.8711627 0.8988079 0.5205055 0.04622124 0.07067474 0.07899491 0.1115822 0.1266887 0.1726963 0.2242228 0.342467 0.5153965 1 95.69173 179.0548 295.5406 402.4237 539.1606 659.9206 801.352 941.3516 1108.286 1250.703 2070.298 84 
0.9068612 0.8923724 0.5014917 0.05093504 0.05824025 0.08043416 0.1047134 0.1215529 0.1808402 0.2063047 0.3066873 0.4848007 0.9999999 104.2319 198.7558 293.3545 413.1481 550.7865 682.5204 858.1593 1001.773 1172.223 1352.109 2046.37 85 
0.9396167 0.9002331 0.478585 0.04455943 0.06193229 0.07723344 0.1063765 0.133955 0.1519487 0.2405866 0.3001198 0.4988904 1 92.21342 178.8587 290.5133 416.2221 573.1557 743.4258 899.804 1115.725 1304.374 1523.469 2069.448 86 
0.9257099 0.9018094 0.4904402 0.04736582 0.06295826 0.08504865 0.1110295 0.1337243 0.1684658 0.2160245 0.3164326 0.4833987 1 93.16149 179.402 284.0384 412.2592 559.9905 709.3529 865.0608 1023.014 1202.203 1379.373 1966.851 87 
0.9225808 0.8902483 0.4950404 0.04931694 0.06201485 0.08633225 0.1086944 0.1372251 0.1769325 0.2240784 0.3346899 0.5284127 1 102.2327 196.5507 303.5491 439.636 589.178 750.1376 921.8603 1090.028 1283.248 1475.501 2072.974 88 
0.8875146 0.9114879 0.5065768 0.0465248 0.05687584 0.07555742 0.1063816 0.1320518 0.1683789 0.2421704 0.3365715 0.4927595 1 94.36422 178.1138 268.0704 375.7256 512.831 654.1104 800.7311 974.0349 1141.867 1282.858 2028.256 89 
0.8998463 0.8919196 0.4962969 0.04843069 0.05852664 0.0790872 0.09648838 0.1368341 0.1795117 0.2138223 0.3233625 0.5170545 1 99.79792 189.6007 285.3726 402.7924 526.4886 683.941 853.4481 1000.578 1176.92 1358.26 2060.634 90 
0.8830923 0.9104076 0.4971503 0.04241479 0.06066417 0.08164853 0.1044078 0.1231546 0.1682235 0.2217056 0.3214544 0.4806613 1 85.68714 161.3568 259.8497 377.8409 507.9045 632.5895 779.0928 929.6806 1093.709 1242.545 2020.218 91 
0.9663475 0.8935668 0.4755499 0.04470874 0.0472515 0.08402743 0.09785872 0.12962 0.1761709 0.2370552 0.3043633 0.4574601 1 89.54821 176.0829 260.5671 404.9775 554.7522 731.3408 937.7117 1162.209 1373.921 1589.932 2002.924 92 
0.9095478 0.9288644 0.4857175 0.04725296 0.06236843 0.07540522 0.1107327 0.1366446 0.1787229 0.2370935 0.3036947 0.4935758 0.9999999 96.90669 185.048 290.1716 402.0702 553.2715 709.0578 877.3499 1051.223 1203.598 1374.772 2050.807 93 
0.8902408 0.8767286 0.5140542 0.04364663 0.06142898 0.08271365 0.1059344 0.1402785 0.1566107 0.237903 0.2843384 0.5010253 1 90.1179 170.3445 272.9452 396.2803 532.8742 687.5982 816.7722 989.3078 1119.532 1297.803 2064.716 94 
0.9042198 0.8788308 0.5103417 0.05496192 0.06733338 0.08209816 0.105529 0.141405 0.1517954 0.2256379 0.3116279 0.5104413 0.9999999 114.9416 218.8742 330.9849 450.613 586.003 743.8779 869.8717 1035.243 1202.051 1386.804 2091.296 95 
0.884163 0.9020439 0.5038807 0.04526671 0.06527816 0.08141094 0.1115855 0.1308183 0.1715541 0.2332208 0.324287 0.5013057 1 90.91536 171.2993 276.6289 390.5019 528.9853 659.0592 800.8236 953.7 1105.125 1250.682 2008.438 96 
0.9005377 0.8891163 0.5028721 0.04998659 0.06297453 0.08529024 0.09850765 0.1323952 0.1912432 0.2238877 0.3210422 0.4945012 1 102.3622 194.5432 297.706 423.5726 545.6987 690.4368 871.1781 1020.676 1181.965 1339.249 2047.792 97 
0.9182626 0.8839116 0.4965789 0.05225679 0.05592456 0.0854402 0.1099313 0.1353457 0.1866989 0.2164039 0.2859714 0.4954101 1 102.9681 197.5199 285.8119 413.0832 556.5709 705.3178 879.341 1025.866 1168.167 1352.427 1970.426 98 
0.9054568 0.903116 0.499423 0.04752241 0.06880088 0.0835976 0.1141201 0.141106 0.1807216 0.2207479 0.3231735 0.5098181 1 99.66812 189.9133 309.3962 435.6515 589.0011 746.4044 910.2413 1058.76 1226.271 1396.067 2097.287 99 
0.9061619 0.907638 0.4893441 0.04968474 0.06112204 0.08534091 0.1053929 0.1321998 0.1671991 0.2125743 0.3368658 0.4775687 1 100.2733 191.1371 290.4282 416.8475 551.3153 694.3685 842.9988 990.2547 1179.792 1334.628 2018.191 100 
