0.02358272 0.01001441 0.01399589 0.00488197 0.005868113 0.007075503 0.008163851 0.009368264 0.0119187 0.01404249 0.01818209 0.02441223 5.065717e-17 10.00009 14.04995 18.08194 22.63048 29.0363 38.51952 49.96139 65.51029 83.32539 103.953 1 
0.02462348 0.01112774 0.0144181 0.005254642 0.006289694 0.007203164 0.008819213 0.01038029 0.01201849 0.01444029 0.01832123 0.02473282 2.27696e-16 10.74203 14.87252 18.69969 24.2131 31.28733 41.10128 54.15613 69.73038 87.39447 106.3698 2 
0.024207 0.01028952 0.01420963 0.005137597 0.005937768 0.007323573 0.008217322 0.009869682 0.01183718 0.01416495 0.01828848 0.02450402 3.714069e-17 10.52363 14.36507 18.76042 23.4852 30.8353 40.60069 53.28719 69.27448 87.49091 108.3507 3 
0.02188564 0.01070426 0.01399139 0.004748745 0.00601553 0.007068358 0.008485414 0.009673492 0.01198375 0.01437215 0.01858869 0.02494127 3.802643e-17 9.750583 13.92216 17.25009 21.17076 25.84716 33.00954 41.55185 52.73589 65.12547 79.11288 4 
0.0255925 0.01124658 0.01442954 0.005471291 0.006121954 0.00724782 0.008593024 0.01014633 0.01214655 0.01443048 0.01826195 0.0246432 7.675748e-17 11.10203 14.83938 19.35274 25.34052 33.64048 45.0719 59.83483 78.42294 99.9461 123.9637 5 
0.02222591 0.009991483 0.01422851 0.00508036 0.005819676 0.007104604 0.007774283 0.009351543 0.01143419 0.01390921 0.01724766 0.02302305 1.858183e-17 10.34935 13.79824 17.47517 20.92464 26.37215 33.23164 41.61985 51.98522 64.27872 77.00203 6 
0.02475588 0.01117949 0.01435956 0.005087687 0.0058811 0.007138163 0.008304601 0.01000107 0.0117204 0.01455163 0.01862051 0.02508204 2.214688e-16 10.4238 14.20023 18.48115 23.48638 30.74626 40.39526 53.61251 69.70916 89.06054 111.0615 7 
0.02345997 0.01098109 0.0143123 0.004652574 0.005773566 0.007668614 0.008309073 0.009901787 0.01177757 0.01452864 0.01812568 0.02432199 1.796588e-17 9.498457 13.50768 18.14415 21.51639 27.52579 35.60812 46.36588 59.37345 75.04497 91.68414 8 
0.02673993 0.01027252 0.01474613 0.004758729 0.006001642 0.006374641 0.008325147 0.009776567 0.01124277 0.01422263 0.01823922 0.02420385 6.346175e-18 9.602024 14.13903 17.56624 23.66509 31.08309 41.94687 57.28808 76.02079 99.10933 126.4957 9 
0.02599501 0.01095194 0.01449127 0.005289692 0.00601756 0.006750584 0.008278062 0.009629666 0.0116 0.01407099 0.01776646 0.02387882 6.848502e-17 10.67588 14.53102 18.53966 24.62242 32.47877 43.59637 57.95409 76.04347 97.72825 122.3336 10 
0.02846472 0.01128862 0.01468509 0.005124965 0.005988879 0.007110542 0.008645452 0.01025763 0.01244321 0.01512988 0.01920187 0.02552751 1.109972e-14 10.38028 14.6119 19.56368 26.59556 36.59536 51.26936 71.22133 97.34936 129.3084 167.2177 11 
0.02406912 0.01026307 0.01435392 0.004945595 0.005790858 0.006193872 0.007850158 0.009633486 0.01134058 0.01407999 0.01776548 0.02372731 7.505526e-17 9.988356 13.7354 16.71478 21.67448 27.72328 35.49135 46.36678 59.8148 76.30617 94.65419 12 
0.02416912 0.01156947 0.01426958 0.004772112 0.006061333 0.007256052 0.008111099 0.01016762 0.01189029 0.01432978 0.0183378 0.02479915 2.397009e-15 9.955914 14.39142 18.39401 22.65657 29.75504 38.43454 50.6885 66.02543 83.83491 103.76 13 
0.02287261 0.01126718 0.01410339 0.005128371 0.006187878 0.006874833 0.008271121 0.009736807 0.01190427 0.0140114 0.018335 0.0247953 1.57788e-16 10.8184 14.91087 18.215 23.06013 29.17646 37.58193 47.84718 61.37957 76.03718 92.98019 14 
0.02524088 0.01099132 0.01431693 0.004932643 0.006021216 0.006664401 0.008367238 0.009793541 0.01110455 0.014176 0.01789535 0.02389144 2.341722e-17 9.836828 14.0246 17.54112 23.02833 29.81859 39.42441 53.02685 69.08518 89.17757 112.3548 15 
0.02627851 0.0110414 0.01452423 0.005155069 0.005905221 0.007219823 0.008275557 0.009753881 0.01200008 0.01486074 0.01856536 0.02479094 4.161493e-17 10.41728 14.27437 18.91639 24.44258 32.69428 44.27833 59.27445 78.35942 101.9846 128.66 16 
0.02469329 0.01013974 0.0142231 0.004948862 0.006225228 0.006928239 0.008674156 0.01012932 0.01146922 0.01452728 0.01822181 0.02424969 2.05787e-16 10.03282 14.56376 18.14454 23.67487 30.63579 40.66448 54.63737 70.87704 90.60632 112.5482 17 
0.0243525 0.01007424 0.01409129 0.004882388 0.005807962 0.006891525 0.008350512 0.009583712 0.01126609 0.01402889 0.01789059 0.02401566 1.751849e-16 9.870656 13.86134 17.8399 22.92326 29.51276 39.20031 52.19653 68.12272 87.54194 109.6892 18 
0.02308836 0.01069042 0.01430066 0.00521535 0.006317491 0.007325606 0.008635531 0.009691623 0.01177854 0.01482678 0.01840992 0.02464958 1.017286e-17 10.60265 14.6933 18.29464 22.87292 28.77791 37.43543 47.95845 60.2326 75.33978 91.03999 19 
0.02235659 0.01018899 0.01403178 0.004762479 0.006007568 0.007250707 0.008272582 0.01003258 0.01218882 0.01454701 0.01826331 0.02449618 2.63501e-17 9.569832 13.77446 17.48833 21.25972 26.92439 34.4861 44.43237 57.38491 72.43045 88.53257 20 
0.02587686 0.01035519 0.01422142 0.00466365 0.006396149 0.007156126 0.008641749 0.009728213 0.01218713 0.01481659 0.01875305 0.02499329 1.220768e-16 9.538108 14.85233 18.67845 24.32933 32.07079 44.22911 59.66413 79.84124 104.1292 132.003 21 
0.02346706 0.01005486 0.01431644 0.004823796 0.005411437 0.006949396 0.00764123 0.009983013 0.01143918 0.01430401 0.01797733 0.02397245 1.112924e-16 9.627329 12.8916 16.99472 20.62799 26.86204 33.81698 44.38454 57.15612 72.89172 90.20492 22 
0.02513191 0.0102247 0.01471255 0.004918868 0.00613495 0.007074784 0.008230064 0.009674906 0.01197477 0.0143005 0.01762859 0.02362923 4.460909e-17 9.872206 14.23159 17.9776 22.81106 29.73396 39.50125 51.78849 67.65555 86.36827 106.3761 23 
0.02768108 0.01061497 0.01470068 0.005188909 0.00616404 0.007207406 0.008281102 0.01020068 0.01159547 0.01473587 0.01905597 0.02562412 2.783944e-16 10.32082 14.60842 19.1532 25.29216 34.73541 47.174 64.70057 85.76415 111.5493 141.9867 24 
0.02461243 0.0106054 0.01451474 0.004860609 0.00576958 0.00715018 0.008260843 0.009747216 0.01178066 0.01435336 0.01819648 0.02417425 2.448635e-17 9.803084 13.6253 17.77763 22.21126 28.62914 37.62896 49.38247 64.2183 81.72541 101.5091 25 
0.02459459 0.009722123 0.01414104 0.005164534 0.00579944 0.006887071 0.008397695 0.01000414 0.01101483 0.01386872 0.01775414 0.02365548 1.334482e-17 10.31991 14.00295 18.12815 23.58219 30.84065 40.74979 54.88344 71.38799 91.14292 114.0619 26 
0.02468846 0.01019326 0.01451963 0.004655378 0.005653983 0.007472376 0.008646385 0.009589001 0.01143098 0.01406559 0.0178988 0.02381547 6.015889e-17 9.202842 13.07309 17.62662 21.78018 27.60387 36.79786 48.61732 63.00419 79.97572 99.24719 27 
0.02558823 0.01066555 0.01455929 0.005086419 0.005875755 0.006834516 0.008082548 0.009205547 0.01136367 0.01403055 0.01711874 0.0228864 6.312899e-17 10.55259 14.4783 18.61676 24.17717 31.6773 42.51362 55.9962 72.80736 93.64933 116.3381 28 
0.02635577 0.01042185 0.01461694 0.005297812 0.006179316 0.007140892 0.008349532 0.009802379 0.01161817 0.0144126 0.0185209 0.02477298 2.463295e-16 10.75621 14.89136 19.22746 25.23461 33.80416 45.54259 60.79479 79.31725 101.3141 126.7367 29 
0.02370126 0.01046628 0.01426162 0.00506352 0.005916967 0.007202832 0.00797039 0.009624141 0.01143088 0.01452228 0.01811257 0.02409952 5.408849e-17 10.37524 14.21663 18.36901 22.72366 29.61656 38.51811 50.40813 64.56413 82.3833 102.083 30 
0.02705707 0.00988723 0.01439939 0.004707528 0.006161598 0.00669828 0.00850058 0.009569078 0.01122525 0.013938 0.01754526 0.02352846 8.678839e-17 9.689963 14.72894 18.60738 25.09069 33.46642 46.45813 63.89497 85.48041 111.9875 142.4008 31 
0.02398327 0.01087807 0.01453681 0.004754285 0.006008857 0.007263296 0.008393317 0.009830754 0.01167551 0.01423845 0.01818075 0.02426049 4.231788e-17 9.674451 13.93809 17.78875 21.94397 27.92224 36.29833 47.26026 60.66935 76.14141 93.5215 32 
0.02236971 0.01018279 0.01411614 0.005123855 0.006605489 0.007248179 0.008367087 0.009550882 0.01172491 0.01445023 0.01816562 0.02428843 1.300834e-17 10.22812 14.84108 17.88765 22.10643 27.85395 35.95504 45.72146 57.61574 71.80381 87.18828 33 
0.02508549 0.01080888 0.0144499 0.004733633 0.005676419 0.007037429 0.008624262 0.009778301 0.01157137 0.01379584 0.01762328 0.02356954 5.046445e-17 9.564003 13.47465 17.71013 22.73743 29.03971 38.84706 51.84355 68.27032 87.29732 109.0947 34 
0.02532059 0.01128947 0.01470288 0.004540397 0.005664435 0.006701805 0.007621987 0.009687723 0.01116416 0.01372671 0.01755312 0.0235056 2.124771e-17 9.436538 13.57968 17.35105 21.62942 28.45232 36.63045 48.68375 63.57308 81.40939 101.9689 35 
0.0221472 0.01033796 0.01391246 0.005193255 0.006139712 0.006982366 0.008306049 0.009428443 0.01141654 0.0140459 0.01797974 0.02399492 2.296407e-17 10.65078 14.5323 17.9069 22.38597 27.96708 35.94315 45.70616 57.56775 71.39782 87.07931 36 
0.02365876 0.01001921 0.01450383 0.004804405 0.006341649 0.007093668 0.008593891 0.010097 0.01166808 0.01439595 0.01795645 0.02391999 1.602204e-16 9.557883 14.23412 17.43312 21.93018 27.78491 36.00088 47.17973 60.3078 75.75659 92.31753 37 
0.02453241 0.01139166 0.01439231 0.005413695 0.006245069 0.007421447 0.008236356 0.01001652 0.01170913 0.01437354 0.01815329 0.02453389 1.842122e-17 10.84926 14.66472 18.85482 23.6966 31.29931 40.81654 53.46807 68.65454 86.76663 106.7297 38 
0.02298407 0.01147059 0.01422779 0.005253613 0.005968795 0.007142716 0.008274 0.01012771 0.01175953 0.01433643 0.01849864 0.02496758 8.823501e-18 10.56674 13.98592 17.73427 21.96193 28.00684 35.37506 45.52414 57.80004 71.86439 87.66905 39 
0.02165667 0.01041259 0.01399995 0.005278919 0.005946517 0.007057424 0.008602486 0.009920949 0.01222648 0.01440401 0.01811961 0.02429817 9.059253e-18 10.82301 14.18484 17.72621 22.11289 27.23332 34.67241 43.51525 54.95514 67.59571 80.69171 40 
0.0218956 0.009179928 0.01414738 0.004807694 0.006067086 0.007073709 0.00787971 0.009230812 0.01121174 0.01397581 0.01738832 0.02303465 1.722275e-16 10.01297 14.3033 17.63212 21.15165 26.46625 33.54793 42.25467 52.55876 64.98912 78.05748 41 
0.02433784 0.01127722 0.0143907 0.004857467 0.006147708 0.007074695 0.008268799 0.009814129 0.01205657 0.01487449 0.01856787 0.02492683 1.834949e-15 9.873161 14.27793 17.9319 22.59858 29.17958 38.384 50.29357 65.47717 84.24366 104.7886 42 
0.02248591 0.01000793 0.01402075 0.004888651 0.005649514 0.006841588 0.008259105 0.009494699 0.01135153 0.01375198 0.01776885 0.02370849 2.793785e-17 10.02315 13.59916 17.34199 21.70077 27.03872 34.80058 44.81789 57.35034 71.72565 88.35253 43 
0.02443967 0.01143757 0.01444511 0.005039721 0.0061936 0.007827343 0.008617473 0.01037939 0.01218798 0.01461332 0.01879781 0.02536496 8.501245e-17 10.1612 14.35823 18.92627 23.19289 30.47214 40.04038 52.85394 68.69734 86.71167 107.0624 44 
0.02362143 0.01019529 0.01419969 0.005145646 0.0057262 0.007247973 0.008528621 0.01004322 0.01229796 0.01449368 0.01824949 0.02428526 1.32527e-16 10.37936 13.7495 18.01487 22.53868 28.74679 37.51884 48.59688 62.89387 78.87982 96.12574 45 
0.02300165 0.01012435 0.01416017 0.005152458 0.006056667 0.007028484 0.008282731 0.009826562 0.01193792 0.0145451 0.01825235 0.0244206 1.08457e-16 10.42706 14.26241 17.85591 22.38648 28.50697 36.8093 47.39835 60.63504 76.27927 93.04228 46 
0.02179767 0.01070006 0.0140945 0.004586193 0.005846906 0.006919532 0.008384674 0.009473661 0.01139279 0.01402298 0.0175335 0.0234424 3.888356e-17 9.441711 13.55418 16.82975 20.62158 24.88127 31.45063 39.71505 49.64216 61.49686 73.8876 47 
0.02152011 0.01072923 0.01406925 0.005165788 0.005617169 0.007163593 0.008111152 0.01003138 0.01149047 0.01429943 0.01827426 0.02444453 1.772397e-17 10.91597 13.90224 17.96727 21.57389 27.09444 33.36476 42.31918 52.42222 64.03076 76.56979 48 
0.02611487 0.01133388 0.01445804 0.005431747 0.005767961 0.006806339 0.008652915 0.009783324 0.01186499 0.01457731 0.01819171 0.02444475 8.555385e-17 11.16611 14.52966 19.1422 25.87052 33.94804 46.1677 61.80971 81.43588 105.4444 132.4364 49 
0.02521993 0.0105886 0.01443261 0.005050037 0.005662607 0.006797152 0.008076897 0.009555603 0.01166199 0.01436364 0.01825541 0.02413047 1.636194e-16 10.54007 14.14116 18.36386 23.66138 30.88239 40.92217 53.90776 70.32742 89.9548 112.4545 50 
0.02414714 0.01032045 0.01411112 0.004942262 0.006157681 0.007273097 0.008360086 0.009955129 0.01204819 0.01462165 0.01836172 0.02461483 2.296931e-16 10.03777 14.43304 18.40047 23.11836 30.14233 39.84893 52.53579 68.54813 87.53921 108.3274 51 
0.02519757 0.01112799 0.01430906 0.005221626 0.006012388 0.006950843 0.008117557 0.009830787 0.01176858 0.01446327 0.01885825 0.02524986 2.566924e-16 10.79935 14.69157 18.81315 24.3235 32.19297 42.55888 56.30716 73.59065 93.82657 118.1658 52 
0.02187727 0.009964 0.01396654 0.005462095 0.006002463 0.00732092 0.007754536 0.009895281 0.01174771 0.01396558 0.01774704 0.02371906 1.988657e-17 10.99046 14.21156 18.01125 21.53103 27.69407 34.4774 43.27295 54.13992 66.20484 79.10387 53 
0.02520802 0.009820265 0.01430421 0.005078411 0.006093244 0.007001388 0.00814219 0.009774656 0.01159009 0.01352278 0.01742977 0.02342799 3.405087e-17 10.2103 14.45015 18.44237 23.78322 31.56171 42.10042 56.0316 73.7391 93.95929 116.9129 54 
0.02449687 0.01057234 0.01442003 0.005180132 0.005506786 0.006914848 0.008033323 0.009038494 0.0113823 0.01400445 0.01762903 0.02343817 9.389343e-18 10.81191 13.93573 18.36031 23.22949 29.74029 39.24532 50.47144 64.63842 81.68074 100.6727 55 
0.02596104 0.01044583 0.01447303 0.005163362 0.005797923 0.007107096 0.008293362 0.009664416 0.01142457 0.0143185 0.01797634 0.02387493 1.126083e-16 10.44981 14.17613 18.76635 24.33808 32.32183 43.5454 58.39804 76.45305 98.60529 123.8496 56 
0.02344276 0.009809239 0.01414763 0.004905569 0.005855104 0.006874962 0.008230048 0.009597024 0.01128236 0.01451537 0.0180645 0.02392473 5.44822e-17 9.864729 13.80032 17.50404 22.1349 28.20707 36.77901 48.42226 62.19439 79.77804 99.328 57 
0.02253111 0.01066315 0.01407529 0.005282398 0.006080588 0.006943837 0.008166537 0.009786459 0.01194423 0.01405921 0.01821278 0.02439699 1.0758e-16 10.66206 14.25032 17.59364 21.91604 27.67488 35.18357 44.44075 56.54106 69.75378 84.74576 58 
0.02445644 0.009889614 0.01423801 0.004808934 0.005714153 0.006755396 0.007879115 0.009733281 0.01147222 0.01368968 0.01774812 0.02368509 8.795325e-17 9.994261 13.95252 17.82433 22.52396 29.39209 38.26605 50.48503 65.97422 83.56575 103.9032 59 
0.02183446 0.01093563 0.01396563 0.00467218 0.005723785 0.006764444 0.008125136 0.009185517 0.01139685 0.01443137 0.0181486 0.02424143 1.858689e-17 9.545474 13.37506 16.73761 20.65114 25.16519 32.12799 40.76647 51.39314 65.11726 80.31817 60 
0.02303874 0.01011587 0.01400936 0.004811662 0.006121992 0.006785152 0.008318798 0.009574869 0.0114396 0.01418818 0.01791338 0.02385051 1.630686e-16 9.836047 14.26106 17.42169 22.03938 27.6694 35.8553 46.49152 59.40275 74.89154 92.07165 61 
0.02387318 0.01073841 0.01419293 0.005050001 0.005790551 0.007169613 0.008573433 0.009995232 0.01163282 0.01447889 0.01827832 0.02442575 1.90048e-05 10.63355 14.35738 18.75413 23.83048 30.61387 40.23843 53.20015 68.51549 86.76585 106.9271 62 
0.02457816 0.01074269 0.01426083 0.004974159 0.005885253 0.00727638 0.008426607 0.01002855 0.01152336 0.01452763 0.01811645 0.02427093 1.525266e-16 10.38628 14.39331 18.86091 23.83132 31.18403 41.16926 54.9879 71.10228 90.84709 112.3344 63 
0.02385144 0.009587617 0.0143153 0.004957008 0.006358744 0.007180521 0.008294625 0.009519464 0.01084743 0.01402568 0.01757134 0.02338156 3.770335e-17 9.834808 14.43973 17.93869 22.51326 29.01111 38.02953 50.01283 63.5827 80.3973 99.23413 64 
0.02296994 0.0110259 0.01420558 0.004866978 0.00612743 0.007278409 0.008673527 0.009875891 0.01223027 0.0141806 0.01808991 0.02412705 3.75542e-17 10.02239 14.28197 17.91649 22.18997 27.62069 35.91221 45.70064 58.64211 72.5064 87.69617 65 
0.02294184 0.01120057 0.01448746 0.005247905 0.005892506 0.007103399 0.008440516 0.009901922 0.01208923 0.01472345 0.01871754 0.02489908 9.652727e-17 10.65752 13.90067 17.5432 21.72221 27.01557 34.26758 43.1368 54.14465 66.59704 80.15315 66 
0.02235934 0.009903074 0.01404853 0.005276373 0.005920488 0.006688102 0.008045271 0.009490016 0.01156495 0.01353538 0.01762729 0.02361942 2.789245e-17 10.63979 14.11129 17.45165 22.03614 27.80884 35.59272 45.22956 57.83208 71.79382 87.86447 67 
0.02293972 0.01038205 0.01442174 0.005360334 0.00633798 0.006830248 0.008173859 0.009566063 0.01188262 0.01448257 0.01846166 0.02467816 9.17045e-18 10.47454 14.33431 17.3369 21.93754 27.76145 35.72709 45.393 57.76184 72.39596 88.93476 68 
0.0234361 0.01003628 0.01407157 0.00539256 0.006235749 0.007092734 0.008628082 0.01009521 0.01158367 0.01422356 0.01847166 0.02472057 4.1336e-17 10.97289 14.89216 18.67904 24.09153 31.04975 40.58051 53.24175 68.15706 85.14614 104.7563 69 
0.02361665 0.01069819 0.01438315 0.004868541 0.006444386 0.007299386 0.008715312 0.009971378 0.01173394 0.01431344 0.01835034 0.02458481 2.996022e-17 9.98105 14.81495 18.20841 22.84936 28.94707 37.83117 49.22608 62.80015 78.21025 95.35692 70 
0.02289451 0.01045747 0.01377697 0.005354207 0.006232061 0.006948406 0.008723499 0.01007305 0.01159111 0.01427581 0.01849327 0.02462107 4.889008e-17 11.14317 15.10037 18.68132 24.24643 30.80047 40.07417 52.33929 66.71542 83.0233 101.9224 71 
0.02551609 0.01040741 0.01445207 0.004769298 0.005924495 0.006783693 0.008254725 0.009526675 0.01132703 0.01394984 0.01787217 0.02388672 1.12321e-16 9.764632 14.11955 17.91638 23.22842 30.19314 40.41289 53.96195 70.80919 90.98393 114.3904 72 
0.02473007 0.0103641 0.01426329 0.005151483 0.006197264 0.007400249 0.008662877 0.01010141 0.0121051 0.01445267 0.01868523 0.02506841 3.417134e-17 10.51168 14.76153 19.05128 24.37995 32.02137 42.88225 56.87164 74.38896 94.24597 116.9663 73 
0.02715391 0.01061315 0.01463768 0.004848643 0.005973334 0.007035846 0.008600401 0.009238849 0.01145677 0.01423542 0.01796376 0.02406936 7.737578e-16 9.946112 14.37249 18.68593 24.6583 32.3817 44.86768 60.22519 79.36171 102.7511 129.2103 74 
0.02530453 0.0108622 0.01476003 0.004958642 0.005857687 0.007120092 0.008220733 0.009415638 0.01157002 0.01402362 0.0177987 0.02354268 1.914388e-17 10.10703 13.98201 18.12785 22.86414 29.57043 39.24813 51.20095 66.29492 83.91782 104.036 75 
0.02322938 0.01084371 0.01405098 0.005140386 0.006128753 0.007353017 0.0086453 0.01000479 0.01203267 0.0151718 0.01858112 0.02484477 3.059944e-05 10.57168 14.57467 18.60974 23.35732 29.81362 39.03743 50.95053 65.06737 82.7866 101.2266 76 
0.02205258 0.01032785 0.01400739 0.005020769 0.005770787 0.007067339 0.008029231 0.009779781 0.01144483 0.01417398 0.01751802 0.02340894 6.936769e-17 10.59336 14.16391 18.0572 21.99612 27.88322 35.16898 45.06263 56.63835 70.58461 85.00605 77 
0.02551825 0.01042429 0.01416778 0.005170975 0.005927243 0.006987702 0.008453683 0.01008033 0.01208138 0.01428574 0.01796284 0.02400767 1.181578e-16 10.65902 14.64687 19.10484 25.19617 33.5914 45.44937 61.31294 81.70589 105.5724 132.5641 78 
0.02322434 0.01038184 0.01385745 0.005375071 0.006274487 0.00726607 0.008326756 0.009804964 0.01228885 0.01466617 0.0186516 0.02501783 3.092404e-16 10.7049 14.66646 18.57976 23.50388 30.57565 40.35906 52.40928 68.31284 86.95806 108.14 79 
0.0243189 0.01076046 0.01402789 0.005245844 0.006026312 0.007601032 0.008291133 0.0103676 0.01175535 0.01453225 0.01894258 0.0255093 1.527939e-17 10.67362 14.52513 19.29952 24.08117 32.27876 42.38994 56.77972 74.03037 94.20248 117.9967 80 
0.02492194 0.01170622 0.01461503 0.005488594 0.006775203 0.007733745 0.008775006 0.01027023 0.01256163 0.01502601 0.01883909 0.02529054 3.288092e-15 11.07338 15.56211 19.4829 24.75752 32.57674 43.10091 55.84095 71.6468 89.62991 108.9948 81 
0.02176484 0.01003232 0.01385394 0.005365651 0.005717494 0.007277854 0.007911652 0.009370212 0.01195773 0.01435843 0.01806953 0.02407192 1.629664e-17 10.78145 13.7728 17.9082 21.57838 27.30819 34.93747 43.73615 55.43594 69.1379 84.11788 82 
0.02303799 0.01007884 0.01389869 0.005156232 0.00571933 0.007152038 0.008178285 0.009852737 0.01191415 0.01453008 0.01832478 0.02448694 7.92854e-17 10.36347 13.78169 18.03106 22.48254 29.01925 37.76122 49.29948 63.97536 81.57463 101.2382 83 
0.02166585 0.01052244 0.01386567 0.004898394 0.006295101 0.006966705 0.00842047 0.009525468 0.01153957 0.01408086 0.01831617 0.02462979 1.083207e-16 10.14113 14.61591 17.55813 21.76704 26.72333 34.07889 43.04162 54.10188 66.55734 80.8174 84 
0.02380238 0.01088148 0.01415477 0.005185914 0.00590336 0.007042295 0.008298425 0.009424513 0.0117763 0.01387876 0.01774961 0.02385709 1.487296e-05 10.6123 14.24763 18.26023 23.14835 29.56643 38.98784 50.20892 64.98239 81.82862 100.8643 85 
0.02597434 0.0105239 0.01437808 0.004813502 0.005940536 0.006843573 0.008214702 0.009650883 0.01100628 0.01414699 0.01769634 0.02368998 6.264926e-17 9.961293 14.4013 18.49101 24.16425 32.02787 43.14545 58.69157 77.10296 100.4044 126.8881 86 
0.02518061 0.01057566 0.01447821 0.005078664 0.006145857 0.007313761 0.008637635 0.009975963 0.01179894 0.01427631 0.01832572 0.0245373 2.681392e-17 9.988972 14.1387 18.23329 23.3437 30.45798 40.73493 54.21164 70.91332 90.38272 112.783 87 
0.02419364 0.01063105 0.01410418 0.005081093 0.006030062 0.007254367 0.008459329 0.009929525 0.01188481 0.01439482 0.01861152 0.02514759 7.958053e-17 10.53298 14.62787 18.93217 24.08574 31.45454 41.79559 55.29222 72.24496 91.96131 114.5206 88 
0.0229439 0.01002238 0.0142606 0.004926573 0.00571898 0.00672139 0.008153461 0.009523008 0.01131737 0.01422779 0.0182204 0.0242855 5.234916e-17 9.992352 13.59939 17.10999 21.53075 26.99076 34.62109 44.76221 57.00476 71.85911 88.89085 89 
0.02419672 0.01110401 0.01430477 0.005046572 0.005875147 0.00696035 0.007978264 0.009739315 0.01177851 0.01401148 0.01806984 0.02437088 1.514642e-16 10.39914 14.16359 18.06963 22.66136 29.44758 38.19319 49.54585 64.28729 81.09727 100.1119 90 
0.02401938 0.01052022 0.01455105 0.00472483 0.005871988 0.00698038 0.00815975 0.009305958 0.01128708 0.01381288 0.01772048 0.0236127 6.342996e-17 9.545189 13.61891 17.23185 21.36189 26.8797 34.95259 45.04925 57.58121 72.21104 88.97863 91 
0.0270872 0.01076277 0.01452932 0.004921945 0.005416381 0.007150336 0.008133524 0.009657926 0.01177052 0.01457371 0.01827566 0.02430303 1.193784e-15 9.858281 13.3949 18.58501 24.07801 32.60743 44.85896 61.49353 83.20187 110.6144 142.851 92 
0.02446414 0.009143591 0.01432548 0.004885344 0.005836072 0.006608342 0.00813997 0.009500635 0.01141459 0.01402831 0.01748731 0.02321192 1.70601e-05 10.0189 14.10203 17.72616 22.92685 29.56922 39.09945 51.63419 67.23018 85.9814 106.6269 93 
0.0231936 0.01143666 0.0144418 0.004838332 0.006039768 0.007197745 0.008435064 0.01008146 0.011508 0.01458011 0.01803251 0.024287 7.307028e-18 9.989784 14.16549 17.90207 22.15101 28.07636 35.81549 46.90064 59.3813 75.09295 91.46931 94 
0.02296614 0.0110658 0.01391033 0.005366909 0.006332034 0.007221353 0.008431946 0.01011883 0.01140157 0.01428916 0.01824467 0.02464367 1.872048e-05 11.22379 15.27287 19.05343 24.11701 31.1841 40.09215 52.41051 66.37778 82.92048 101.2178 95 
0.02359396 0.01069686 0.01451089 0.004914852 0.00615074 0.007097476 0.00851597 0.009746283 0.01167295 0.01443638 0.01841745 0.02463749 1.632482e-16 9.871172 14.08124 17.50331 21.93372 27.53001 35.70123 46.11255 58.68459 73.47887 89.94574 96 
0.02366686 0.01092557 0.0142705 0.005147798 0.006112528 0.007271934 0.008179021 0.009758416 0.01217425 0.01454164 0.01854123 0.02490495 7.440922e-17 10.54162 14.49885 18.45968 22.91245 29.66293 38.74065 49.82964 64.42816 81.20001 99.92442 97 
0.0251239 0.01137143 0.01469721 0.005380804 0.005981339 0.007416697 0.008749171 0.01019195 0.01247716 0.01480766 0.01840781 0.02484932 2.792231e-17 10.60247 14.05345 18.52152 23.70373 30.84018 41.04723 53.88607 70.39255 89.66539 110.4388 98 
0.02319319 0.01007282 0.01385197 0.004920626 0.006174653 0.007059471 0.008454589 0.009887724 0.01181394 0.01414932 0.0181423 0.02434209 3.572807e-17 10.31996 14.8315 18.49803 23.44049 30.041 39.42639 51.6085 66.82702 84.13339 103.4594 99 
0.02474231 0.01049472 0.014409 0.005111758 0.005967216 0.007176915 0.008291669 0.009683807 0.01147726 0.01383877 0.01810493 0.02420631 9.925748e-17 10.3165 14.17446 18.28152 23.1219 30.0469 39.58412 51.86377 67.02422 84.15448 104.3943 100 
