0.02565088 0.08920104 0.04835977 0.009703177 0.01127435 0.01185998 0.01407361 0.0169407 0.01774614 0.02306234 0.0281722 0.0368747 0 10.69126 11.64241 10.95101 11.86672 12.15597 10.33372 12.04325 10.73784 11.78775 10.9397 1 
0.02003393 1.849966e-20 0.0480631 0.009758829 0.01044936 0.01157362 0.01325349 0.01522863 0.0170759 0.02211008 0.02728145 0.03538979 4.633572e-05 9.602688 9.465682 9.590956 9.76076 9.750589 9.328172 10.33735 9.671469 9.689016 10.06695 2 
0.02248464 0.06054128 0.04789054 0.00905783 0.01082573 0.01192162 0.01357561 0.01506415 0.01824475 0.02160974 0.02689667 0.03508219 2.961928e-05 9.327599 10.41919 10.29596 10.52437 10.1373 10.59256 10.16845 10.18771 10.48978 10.59825 3 
0.02001582 0.05757741 0.04712564 0.009305159 0.01086161 0.01285627 0.01374578 0.01559136 0.01857785 0.02234683 0.02887535 0.03768671 1.047746e-18 9.537179 10.30955 10.92086 10.13419 10.13096 10.21682 10.02396 10.53264 9.415639 10.18535 4 
0.02105143 2.337807e-06 0.04748421 0.00869512 0.01031832 0.01178066 0.0132655 0.01510751 0.01759071 0.02211942 0.02810156 0.03664263 0 8.573388 9.528464 9.858543 9.916808 9.9004 9.846449 10.34578 10.2459 9.620315 9.886066 5 
0.02390934 0.05779803 0.04789785 0.008902302 0.01018384 0.01158959 0.01280287 0.01495687 0.01683884 0.01986833 0.02540204 0.03311305 2.008832e-05 9.156628 9.864231 10.25385 10.16269 10.51998 10.08135 10.10143 10.66697 10.83356 11.3089 6 
0.01715533 2.453138e-06 0.04220751 0.009009645 0.01017801 0.01134334 0.01313166 0.01476206 0.01775264 0.02235872 0.02676414 0.03491777 0 8.955587 9.376675 9.491976 9.821259 9.609252 9.955026 10.40274 9.252418 10.01011 9.777686 7 
0.0239858 0.05952498 0.04871592 0.008664581 0.0103813 0.01145551 0.01382933 0.01595119 0.01874175 0.02079179 0.02771239 0.0361889 5.627717e-15 8.91302 10.08141 10.08721 11.00286 10.86635 10.84472 9.741216 11.08039 10.20514 10.54585 8 
0.0355012 0.08748415 0.04439656 0.01022885 0.01227236 0.01236288 0.01425046 0.01542146 0.01989188 0.02270867 0.02973298 0.03964758 3.210697e-22 12.56421 14.70415 13.06966 14.76297 13.44839 15.36477 13.20625 15.29605 14.49379 13.71715 9 
0.02390562 2.97167e-06 0.0473714 0.009536792 0.009883136 0.01161493 0.0137523 0.01448191 0.01749878 0.02217017 0.0267232 0.03483008 1.819832e-05 9.39374 9.140218 9.960034 10.38489 9.540592 10.12657 10.5728 9.67174 10.30031 10.29178 10 
0.02006806 3.777136e-06 0.04985418 0.008382186 0.01024398 0.01178211 0.01301653 0.01352051 0.01653554 0.02026384 0.0244665 0.03213137 1.98562e-15 8.273218 9.488505 9.85974 9.721309 8.958234 9.633301 9.858522 9.501399 10.70615 10.4472 11 
0.02338417 0.04711662 0.04557305 0.009322155 0.009727524 0.01166536 0.01269291 0.01504035 0.01863235 0.02135143 0.02643213 0.03447819 9.709524e-05 9.5057 9.325943 10.36323 9.974431 10.53058 11.10087 10.14271 10.31833 11.06153 10.32008 12 
0.01942308 0.05765863 0.04643565 0.008549125 0.0104039 0.01247985 0.01302012 0.01552631 0.01848803 0.02174329 0.02758898 0.0359332 2.62598e-05 8.781371 10.01651 10.79852 9.832775 10.49332 10.46179 9.979271 10.27886 10.21098 10.12688 13 
0.01611552 4.1154e-06 0.03950897 0.009670552 0.01084669 0.01270992 0.01422887 0.01657948 0.01927309 0.02161212 0.02874512 0.03732473 8.807706e-19 9.564176 9.787781 10.26807 9.982703 10.01038 9.65744 8.71823 9.854112 8.845293 9.587832 14 
0.07392665 0.04053475 0.04294662 0.02125028 0.01996821 0.02257539 0.02531347 0.02896654 0.03462561 0.04340082 0.06190224 NaN 4.694951 34.58625 39.71775 58.66532 68.12852 78.56374 83.9959 89.15953 95.75025 85.36293 94.63099 15 
0.01802248 2.801248e-06 0.04488472 0.008997775 0.01101047 0.011412 0.01274433 0.01442342 0.01737066 0.02291289 0.02842251 0.03680144 0 8.907797 10.08059 9.331047 9.449907 9.366833 9.742117 10.93869 9.703265 9.961031 9.159117 16 
0.02730603 0.1097613 0.04788 0.009558755 0.01093477 0.01226384 0.01305797 0.01618264 0.01857956 0.0225998 0.02807113 0.03694433 0.0001057755 11.59463 12.55497 12.68432 12.01483 13.486 12.60149 12.98365 12.57817 13.64622 12.24686 17 
0.02406742 0.07188843 0.04581356 0.009529699 0.009441193 0.01191106 0.01431668 0.01608398 0.0185688 0.02397849 0.03006405 0.03931583 2.614687e-05 10.17044 9.471394 11.21538 11.71644 11.24887 11.17706 12.11004 10.94728 10.5817 10.66032 18 
0.01952776 0.04263678 0.04349914 0.00862324 0.009928347 0.01180365 0.01391201 0.01574354 0.01765315 0.02284647 0.02898176 0.03781449 4.047198e-05 8.718789 9.424763 10.20976 10.64305 10.36472 9.883058 10.86588 10.39501 9.430692 10.09903 19 
0.02140397 5.782041e-06 0.05007822 0.009404454 0.01089931 0.01113389 0.01271063 0.01580577 0.01862458 0.02143777 0.02631767 0.03428173 0 9.31041 9.978956 9.26449 9.621555 10.38717 10.18329 9.579806 9.494463 10.46137 9.679669 20 
0.02627379 0.09502937 0.04583631 0.009496213 0.0110874 0.01224907 0.0136031 0.01546221 0.01926786 0.02277707 0.02908445 0.03816107 2.898486e-05 11.13577 12.2692 12.13738 12.10799 12.07359 12.97951 12.04683 12.63466 11.63629 12.48623 21 
0.02891232 0.1053258 0.04907707 0.0103338 0.01103043 0.01215758 0.01417832 0.01566082 0.01976575 0.02375691 0.02874134 0.03767547 6.188804e-05 12.39742 12.42103 12.57851 13.08098 12.29037 13.70159 12.74233 11.96082 12.67738 12.82399 23 
0.02480252 0.05008395 0.04639988 0.009551362 0.01070822 0.01141169 0.01346449 0.01639099 0.01962113 0.02255111 0.02831999 0.03684326 5.578297e-05 9.766825 10.24127 10.02102 10.67492 11.1656 11.09609 10.23342 10.41998 10.57129 9.958488 24 
0.01979271 0.04949116 0.04495887 0.009084159 0.01003571 0.01102446 0.0134329 0.01437785 0.01658939 0.02049611 0.0260332 0.03375155 2.061118e-05 9.276672 9.54746 9.603068 10.52937 9.682431 9.828234 10.26838 10.53658 10.22045 11.05074 25 
0.09983539 0.03904768 0.04337304 0.03898113 0.03032271 0.03212148 0.03848643 0.04596577 0.04966001 0.05922144 0.09142312 NaN NaN 60.61282 71.95792 113.1132 157.6969 179.8509 210.1544 234.3149 267.2746 260.3859 289.3554 26 
0.03316052 0.1012214 0.04961091 0.009871004 0.01127793 0.01287775 0.01477064 0.01579552 0.0191244 0.02204797 0.02822879 0.0372809 0 11.65277 12.82062 13.28367 13.57221 12.48635 13.44944 12.13502 13.07753 13.56225 12.42337 27 
0.02629154 0.08560897 0.04808992 0.01020164 0.01044757 0.01176879 0.01299371 0.01645145 0.01848583 0.02065439 0.02753706 0.03608475 1.999285e-05 11.17223 10.66295 11.21959 10.93494 12.26127 11.13276 10.53251 12.05812 11.2478 11.73305 28 
0.02316821 2.203572e-06 0.0491094 0.008980457 0.01042096 0.01177272 0.01291023 0.01523481 0.01776366 0.02168297 0.02740898 0.03554598 0 8.908613 9.672592 9.939061 9.783346 10.17016 10.01867 10.17522 10.20569 10.26107 9.790173 29 
0.02008866 0.0506507 0.04643962 0.009582661 0.01019515 0.01159456 0.01391703 0.01506887 0.01733569 0.02126093 0.02690224 0.03502188 1.800411e-05 9.802429 9.640641 10.046 10.6837 9.87879 9.88716 10.15378 10.29735 10.27548 10.46578 30 
0.02071106 0.05392651 0.04765334 0.009422734 0.01011742 0.01164885 0.01280842 0.01531248 0.0180136 0.02294041 0.02908448 0.03813048 0.0001364339 9.649883 9.619614 10.14921 9.898417 10.4635 10.38545 11.096 10.59153 9.820225 9.982265 31 
0.02459611 0.05635142 0.04825308 0.00928051 0.009439825 0.01209491 0.0136323 0.01572163 0.01921768 0.02278793 0.02934714 0.03854032 2.172213e-15 9.542431 9.16305 10.91482 10.65304 10.83343 11.25841 10.58818 11.02656 10.0612 10.06915 32 
0.02172903 3.379701e-06 0.05072164 0.009423662 0.01060784 0.01159906 0.01340312 0.01552037 0.0177871 0.02122149 0.02750518 0.03566929 6.883689e-18 9.26346 9.663566 9.618315 9.939028 9.966499 9.692587 9.637599 10.23631 9.428772 10.2001 33 
0.02357757 2.967684e-06 0.04872096 0.009325498 0.01014454 0.01143683 0.01346067 0.01523687 0.0174317 0.02192903 0.02728424 0.03520633 0 9.17629 9.350362 9.72421 10.20153 10.0239 9.871429 10.41926 10.02288 9.704491 10.52774 34 
0.02354933 0.08308253 0.04634279 0.009344285 0.01074446 0.01244878 0.01408207 0.01631209 0.01901164 0.02293403 0.02995443 0.0397658 1.346257e-18 10.17077 10.96126 11.46561 11.42093 11.50513 11.24926 11.1279 11.8252 10.43467 10.6412 35 
0.02296261 0.06044329 0.04872144 0.009023834 0.01042536 0.01149577 0.01331216 0.01470664 0.01734113 0.02245436 0.02677941 0.03499459 1.060745e-05 9.225069 9.994228 10.01593 10.44551 10.04088 10.29466 11.25717 9.796107 10.99848 10.37985 36 
0.02161798 2.899686e-06 0.04446639 0.008744437 0.01028258 0.01263763 0.01337767 0.01466467 0.01754369 0.02222547 0.02769938 0.03598651 0 8.622015 9.51447 10.57458 9.817536 9.664497 9.897193 10.3928 9.958204 10.01866 9.876826 37 
0.01772997 5.0776e-06 0.04713659 0.009628402 0.01046734 0.01145221 0.01394182 0.01556406 0.0180205 0.02108001 0.02701325 0.03499705 1.026078e-15 9.52249 9.484566 9.42872 10.21411 9.700722 9.595254 9.238555 9.73635 9.445862 10.06817 38 
0.02540035 0.07448119 0.04548096 0.009134319 0.01059376 0.0115442 0.01312445 0.01441739 0.0174369 0.02182107 0.02796315 0.03677228 1.424375e-05 9.859899 10.80531 10.70007 11.04975 10.63931 11.27801 11.72747 11.90822 11.40809 11.28634 39 
0.04113698 0.09369101 0.04878529 0.01011883 0.01065349 0.01150217 0.01427629 0.01550473 0.01834595 0.02240484 0.02928593 0.03900638 3.337806e-05 11.58634 12.12352 12.70222 14.40552 13.09272 14.16028 14.15491 14.93555 13.66064 14.4831 40 
0.02067407 0.06159489 0.04771389 0.009295286 0.009990277 0.01122482 0.01278695 0.0150046 0.01755934 0.02146357 0.02687334 0.03492105 2.3872e-05 9.574046 9.567283 9.871094 10.05899 10.37127 10.34499 10.56015 10.44108 10.26631 10.78335 41 
0.03146487 0.08948237 0.04668884 0.009179761 0.0104391 0.01211964 0.01376432 0.01566213 0.01813934 0.0212636 0.02790805 0.03686988 2.012805e-15 10.94358 12.0204 12.8601 13.07175 13.15768 13.14685 12.83022 14.11574 14.11844 12.7727 42 
0.02632797 0.08154818 0.05434854 0.009285348 0.01096721 0.01248996 0.0145414 0.01637388 0.01829116 0.02186007 0.02790521 0.03639367 7.899459e-05 9.678315 10.74888 10.98926 11.35306 10.91945 10.33584 10.27533 10.53548 10.53066 10.53753 43 
0.07352184 0.03911899 0.04463203 0.02024341 0.02023467 0.02298314 0.02698554 0.03165011 0.03655303 0.04277229 0.04707886 3.298928e-05 9.449248e-08 36.34602 45.04314 60.74791 76.04249 83.25053 89.07657 94.49085 92.9464 95.14467 109.4527 44 
0.02759228 0.05499257 0.04816094 0.009059516 0.01036435 0.01177605 0.01354955 0.01539442 0.01763741 0.02097239 0.02689549 0.0350497 0 9.29281 10.08551 10.52377 10.87591 10.80891 10.6395 10.55215 10.98508 10.85458 10.99956 45 
0.02313592 0.06933442 0.0505672 0.008684029 0.01044493 0.0118382 0.01374515 0.01528636 0.01792521 0.02271518 0.02817152 0.03667402 5.857617e-05 8.990808 10.18522 10.41257 10.81411 10.39749 10.50451 11.0877 10.32629 10.35617 10.39107 46 
0.02068125 0.05980021 0.04833949 0.009062937 0.01013988 0.0120701 0.013224 0.01559473 0.01859514 0.0223078 0.02837242 0.03696547 1.523656e-20 9.264419 9.674657 10.48974 10.10376 10.52906 10.57656 10.31869 10.48184 10.27511 9.800706 47 
0.0150716 2.123517e-06 0.04796289 0.008611918 0.01041019 0.01135735 0.01361187 0.01551159 0.01797812 0.02130141 0.02694395 0.034965 1.083334e-13 8.474128 9.509646 9.321747 10.01627 9.784924 9.604089 9.361008 9.58766 9.87135 9.485077 48 
0.01683716 4.982681e-06 0.04371577 0.009898397 0.01124159 0.01190454 0.01357747 0.01608632 0.01811503 0.02208538 0.02784987 0.03613849 3.662603e-11 9.809312 10.10577 9.563389 9.714006 9.927877 9.32004 9.516521 9.544528 9.336238 9.708345 49 
0.02439901 0.08387569 0.04723154 0.009640963 0.01076769 0.01176642 0.01323775 0.01550769 0.01901849 0.02141222 0.02825549 0.03682261 1.398799e-05 10.56131 11.01601 10.93128 11.05363 11.33059 11.83721 10.50914 12.04679 10.39252 11.88245 50 
1.094834e-06 0.07270849 0.02705117 0.04152823 0.03345091 0.04026879 0.04773669 0.05067994 0.05800809 0.06716912 0.09497471 0.1409458 4.480038e-05 47.89749 43.06979 47.96392 39.73013 35.45322 30.3935 33.87587 32.15405 30.52453 0.008021876 51 
0.01884586 2.338941e-06 0.04840085 0.009262994 0.009559183 0.01111121 0.01372632 0.01565722 0.01834206 0.02145132 0.02766419 0.03593241 0 9.179627 8.796543 9.432175 10.35502 10.08849 10.04991 9.56409 10.08275 9.848699 9.461994 52 
0.02305916 0.06496924 0.04367784 0.009095162 0.01126294 0.01245715 0.01390515 0.01455498 0.01823734 0.02216853 0.0279596 0.03654482 2.24169e-05 9.622588 11.18431 10.97813 10.99588 10.06528 11.09489 10.88309 10.95697 11.05193 10.77655 53 
0.0232282 0.0547774 0.04798814 0.009366574 0.01061268 0.01120257 0.01335583 0.01489445 0.01839631 0.02166636 0.02725877 0.03533822 7.25322e-05 9.517384 10.0662 9.702307 10.48454 10.07622 10.8235 10.24997 10.46989 10.11682 10.87318 54 
0.03544788 0.09005004 0.04937954 0.009165363 0.01123411 0.01155546 0.01336093 0.01505361 0.01832309 0.02172152 0.02712035 0.03563428 2.514112e-05 10.12424 12.07178 11.21511 12.42605 12.07055 12.74124 12.228 12.48961 13.22259 12.31811 55 
0.0267341 0.04722613 0.04736129 0.009438726 0.01042882 0.01278608 0.01375396 0.0157729 0.01847812 0.02167721 0.02744102 0.03533804 3.242495e-05 9.651549 10.05991 11.30006 10.61717 10.90584 10.73862 10.29498 10.54326 9.996966 11.20981 56 
0.01856028 0.04486176 0.04280717 0.009806126 0.01088237 0.0119574 0.01341974 0.01608681 0.0186589 0.02271841 0.02794635 0.03632843 2.178792e-05 9.921782 10.08234 9.992103 9.963686 10.39928 10.04764 10.10733 9.620506 9.71265 10.14982 57 
0.02216857 0.04443452 0.04509858 0.009338433 0.01040433 0.01230856 0.01395026 0.01491364 0.01866841 0.02196641 0.02778281 0.03617463 3.299607e-05 9.478246 9.853202 10.61193 10.56063 9.860625 10.73879 10.04442 10.30901 10.20939 10.24382 58 
0.0225138 0.04693228 0.04633349 0.008492619 0.01070362 0.01210686 0.013507 0.01523366 0.01838536 0.02043239 0.02708985 0.0352688 0 8.651724 10.27792 10.41259 10.40989 10.31131 10.6362 9.521848 10.80926 10.55881 10.25045 59 
0.0242219 0.0706136 0.04590063 0.009080105 0.010106 0.01201967 0.01306988 0.0164573 0.01788705 0.0224544 0.02786496 0.03633741 1.710441e-05 9.782369 10.27056 11.20609 10.75239 12.11447 10.61715 11.63697 10.93773 10.97275 11.33377 60 
0.01741992 1.798294e-06 0.04469826 0.008503284 0.009951602 0.01191991 0.01335704 0.01459834 0.01868955 0.02211299 0.02656291 0.03463513 5.528826e-07 8.426754 9.220687 10.01818 9.888239 9.454819 10.52125 9.798494 9.190781 10.25129 9.497637 61 
0.02062933 0.04432873 0.0440315 0.009652914 0.0106341 0.01135319 0.01344405 0.01598517 0.01805231 0.02281089 0.02806988 0.03648104 2.321639e-05 9.838877 10.01072 9.750132 10.36448 10.61067 10.02334 10.71762 9.905629 9.952639 10.23113 62 
0.0264063 0.04284957 0.04481813 0.00976637 0.01058337 0.01220465 0.01256838 0.01509771 0.01807072 0.02278816 0.02859051 0.03716936 6.650352e-22 9.925584 10.11103 10.7785 9.960388 10.68736 10.7021 11.20975 10.77134 10.32145 10.8203 63 
0.02229705 0.0722416 0.05164162 0.009694688 0.01113629 0.01238677 0.01341282 0.01555297 0.0175111 0.022664 0.02850237 0.03709774 4.59919e-05 10.05184 10.67252 10.62331 10.19559 10.37072 9.817575 10.91834 10.41865 9.920426 10.47275 64 
0.02434076 0.07013429 0.05070468 0.008326619 0.01056908 0.01181607 0.01416092 0.01473955 0.01807669 0.0222769 0.02759518 0.03595225 3.520466e-14 8.61506 10.36889 10.39328 11.23467 9.979043 10.88288 10.82281 10.38946 10.6554 10.51799 65 
0.04121901 0.100542 0.0492438 0.01072636 0.01182132 0.01337472 0.01473942 0.0168995 0.02088066 0.02437145 0.03060472 0.0405879 1.940252e-05 13.90466 15.22546 15.96626 15.77671 16.13726 16.85003 15.00184 15.94597 15.30226 15.73211 66 
0.02730462 0.07840425 0.04716452 0.009316823 0.0105609 0.01164687 0.01391229 0.01529074 0.01824585 0.02047435 0.02625442 0.03382357 3.859836e-05 10.09675 10.83063 10.93007 11.79687 11.09643 11.61796 10.53384 11.47978 10.86474 12.75112 67 
0.02133952 4.114231e-06 0.04782951 0.008619883 0.01123751 0.01153088 0.0130925 0.01531171 0.01771481 0.02184114 0.02714265 0.03524594 0 8.576784 10.43466 9.504623 9.897003 10.0278 9.813897 10.10707 9.818071 10.12215 9.823698 68 
0.0379059 0.08989933 0.04847033 0.009231602 0.01061643 0.01127983 0.01396824 0.0154363 0.01687875 0.02265516 0.02787585 0.0366277 3.097769e-15 10.53568 11.93939 11.81886 13.74721 12.86334 12.69431 14.87164 13.04348 14.61658 13.4364 69 
0.01784376 2.863853e-06 0.04538151 0.008864451 0.01046644 0.01197866 0.0134952 0.01438943 0.01815238 0.02285747 0.02885934 0.03760134 3.601004e-16 8.766942 9.610408 9.900471 9.875204 9.183345 10.10816 10.40077 9.958992 9.634345 9.09946 70 
0.02258281 0.0741537 0.04467417 0.009930012 0.01093922 0.01216397 0.01374666 0.01616764 0.01860984 0.02243848 0.02888032 0.03740871 2.102017e-05 10.75348 10.95009 11.03574 11.06104 11.29173 10.85637 10.87635 11.28347 9.91908 11.44657 71 
0.02557843 0.04403765 0.04472887 0.009321604 0.01118344 0.01229223 0.01392734 0.01506255 0.01874595 0.0219278 0.02724754 0.0353987 6.142547e-05 9.48261 10.66643 10.57216 10.82415 10.22475 10.95333 10.19445 10.27221 10.27058 10.90358 72 
0.01753087 2.494244e-06 0.05218917 0.008281583 0.009696248 0.01066167 0.01334604 0.01444132 0.01749608 0.02130623 0.02649214 0.03435591 7.424078e-14 8.223612 9.023857 9.063999 10.26811 9.508509 10.06862 10.05249 9.816783 9.720287 10.18661 73 
0.01969218 0.04965814 0.0453243 0.00908893 0.01074123 0.01191013 0.0124038 0.01552984 0.01653679 0.02058363 0.02738975 0.03605647 4.194607e-05 9.329012 10.23871 10.18425 9.498573 10.61474 9.334056 10.13407 11.29744 9.6062 10.66639 74 
0.03652788 0.0957957 0.04806288 0.01018996 0.01104825 0.01363918 0.0141759 0.01690352 0.01933653 0.02362847 0.02879998 0.03796173 1.644927e-05 12.31866 12.99399 15.02547 13.18853 14.93452 13.73233 14.17204 13.12244 14.03774 14.11222 75 
0.09142287 0.03352785 0.04877408 0.03467286 0.03097396 0.0348879 0.0362864 0.04352561 0.05770582 0.07747681 0.1133257 7.606055e-14 0 67.33103 91.8078 111.0852 143.7527 170.5143 191.8623 201.3841 200.9234 205.1581 215.8847 76 
0.05638934 0.1001988 0.05049614 0.01231079 0.01230381 0.01416372 0.01571547 0.01816412 0.01944667 0.02417096 0.03183504 0.04303245 6.802403e-21 16.66046 17.8923 21.01657 20.62249 21.44961 18.73949 21.24208 20.47318 18.42904 21.00089 77 
0.01912345 0.07062218 0.03998885 0.009445387 0.01095602 0.01250719 0.01275666 0.01511883 0.01777131 0.02069211 0.0258742 0.03400864 1.284043e-05 10.17153 10.90188 11.12141 9.951483 10.622 10.55992 10.17985 10.50887 11.3066 11.27404 78 
0.0255014 0.05444985 0.04746597 0.008854491 0.01041702 0.011797 0.01308538 0.01546193 0.0187164 0.0231425 0.02860134 0.03653546 1.563229e-05 9.027903 10.0397 10.35248 10.34504 10.79981 11.0441 11.12936 10.45021 9.759337 11.06727 79 
0.02094637 0.04173121 0.04415918 0.008719596 0.01089847 0.01150047 0.01326293 0.01538135 0.01745723 0.02153893 0.02524101 0.03347038 1.838224e-05 8.871454 10.3832 9.803881 10.28802 10.35774 9.97789 10.38071 9.381639 10.98329 10.46351 80 
0.01711853 0.04930631 0.04273584 0.00939093 0.01080228 0.01255395 0.01286879 0.0149173 0.01755479 0.02259159 0.02855925 0.03727747 2.446751e-05 9.602122 10.15189 10.55645 9.445534 9.769988 9.794806 10.70375 10.28955 9.558869 9.965794 81 
0.02364971 0.05541493 0.04811498 0.00915071 0.01066732 0.01260038 0.0138129 0.01549943 0.01788014 0.0223351 0.02783181 0.03622049 1.844603e-14 9.385582 10.24808 10.92557 10.51859 10.40749 10.20297 10.61497 10.23736 10.56987 10.14979 82 
0.0163558 2.824881e-06 0.04529159 0.009823136 0.01082499 0.01215024 0.01326579 0.01655863 0.01954618 0.0237844 0.02907495 0.03765718 0 9.685612 9.702732 9.78947 9.416001 10.29973 9.958117 9.773076 8.992308 8.875042 9.439912 83 
0.02076925 1.991421e-06 0.0513777 0.008365911 0.009941337 0.01103534 0.01205058 0.01487082 0.01706686 0.02044298 0.02556648 0.03317593 6.472056e-13 8.273886 9.245207 9.360737 9.269481 10.1816 9.854941 9.943075 10.01581 10.07738 10.6452 84 
0.02503488 1.515387e-08 0.04863253 0.009431539 0.01088974 0.01221174 0.01211555 0.01546551 0.01696762 0.02071658 0.02643422 0.03431564 1.559058e-05 9.308929 10.03616 10.24584 9.301078 10.5036 9.519659 9.987583 10.29667 10.2057 10.60067 85 
0.02134559 2.465514e-06 0.04804265 0.009516078 0.009871672 0.01118719 0.01354268 0.01500093 0.01735972 0.02109216 0.02627722 0.03384153 9.768791e-08 9.43995 9.117739 9.562059 10.26752 9.798753 9.826399 9.947881 9.869055 9.648457 10.73552 86 
0.02872738 0.1082478 0.04922146 0.01060547 0.011164 0.01238074 0.0145935 0.01594072 0.01865148 0.02367361 0.03002942 0.03960475 1.712315e-05 12.82348 12.61494 12.8779 13.43116 12.32155 12.64689 13.3831 12.85373 12.44363 12.42644 87 
0.01622576 0.06268005 0.04504612 0.008990883 0.009966274 0.01208665 0.01406449 0.01611929 0.01956945 0.02251971 0.02746316 0.03596403 1.630576e-05 9.277323 9.51946 10.50762 10.68588 10.47612 10.72916 9.609824 9.334379 9.992145 10.03995 88 
0.02172833 2.73431e-06 0.04726338 0.01000669 0.01103978 0.01183688 0.01312692 0.01524795 0.01872564 0.02109925 0.02669096 0.034752 7.679393e-17 9.886612 10.01403 9.794208 9.713502 9.800073 10.22641 9.257351 9.731166 10.05368 10.0121 89 
0.02011297 0.06167495 0.04690156 0.009163468 0.01036124 0.01156656 0.01314007 0.01525631 0.01795415 0.02229761 0.02754355 0.03585251 9.616396e-19 9.429084 9.911895 10.03686 10.18993 10.33939 10.35122 10.69642 10.11133 10.48324 10.09912 90 
0.02115695 8.541999e-06 0.04599679 0.008898786 0.01008707 0.01162085 0.01269438 0.01511467 0.01720942 0.02180766 0.02607877 0.03405514 1.733607e-09 8.765304 9.30883 9.796359 9.582446 10.09985 9.742778 10.46266 9.493783 10.53749 10.01334 91 
0.02594568 0.06633345 0.05102774 0.009063993 0.01031288 0.01204737 0.01418856 0.01518997 0.01878421 0.02315842 0.02886093 0.03725697 0 9.387136 10.07877 10.7474 11.20529 10.33745 11.21969 11.01616 10.51815 9.890716 10.84828 92 
0.01889265 0.04382605 0.04328445 0.00890893 0.0100202 0.01246502 0.0138332 0.01469391 0.01703192 0.02152734 0.02744457 0.03574524 8.468652e-18 9.03386 9.483315 10.72877 10.32535 9.601297 9.684156 10.31589 10.44492 10.31638 9.93079 93 
0.01777791 0.04906129 0.04357799 0.008359482 0.009768436 0.01131019 0.01288367 0.01522591 0.01815186 0.02166125 0.02679178 0.03486082 8.95383e-18 8.553356 9.38631 9.905588 10.08136 10.46267 10.56126 10.25157 10.00436 10.58595 9.988286 94 
0.0219746 0.06289242 0.04888348 0.009205065 0.009912314 0.01143819 0.0129701 0.01385736 0.01721919 0.0198363 0.02578652 0.03347629 1.232759e-05 9.440377 9.499114 10.08535 10.17913 9.571564 10.52241 9.881567 10.91317 10.46653 11.32192 95 
0.01738466 0 0.04974178 0.01008574 0.01040755 0.01166801 0.01320984 0.01615144 0.01843143 0.02275325 0.026839 0.03526337 3.456523e-16 9.964712 9.338845 9.550825 9.543315 10.18025 9.60347 9.880132 8.748886 9.821967 9.590936 96 
0.02291287 0.05877054 0.04810841 0.009341449 0.01089259 0.01215402 0.01471103 0.01466807 0.01825446 0.02169288 0.02684793 0.03505504 8.880198e-17 9.605757 10.43538 10.47722 11.28302 9.483921 10.5739 10.02282 9.972719 10.79522 10.23326 97 
0.02263561 0.04998595 0.04639221 0.009575339 0.01046962 0.0111174 0.01391919 0.01590417 0.01900655 0.02187488 0.02723635 0.03555579 1.997482e-05 9.804952 9.970677 9.735056 10.95523 10.58256 10.80624 9.985662 10.07626 10.53552 10.20159 98 
0.0231465 3.350234e-06 0.04985787 0.00909921 0.00984971 0.01105696 0.01296206 0.01471075 0.01731871 0.0220976 0.02760464 0.03586743 1.694794e-12 8.999119 9.145343 9.494634 9.974933 9.89602 10.06849 10.77853 10.23285 10.27123 9.907411 99 
0.08049717 0.03986082 0.04748241 0.02528239 0.02290267 0.02504133 0.02613022 0.03450737 0.04220382 0.04826545 0.05690503 1.615414e-05 2.219809e-05 48.34767 58.04753 74.90093 94.84771 113.0009 105.5498 118.4952 107.8667 115.2685 130.5577 100 
