0.001043107 0.2437397 0.01708498 0.03218153 0.02033325 0.0164435 0.02726144 0.02596126 0.03395925 0.03721173 0.04256743 0.06379915 2.532822e-05 37.73088 49.28891 42.98355 51.11403 47.00691 31.31882 22.33254 18.91432 16.11984 5.701487 1 
0 4.133963e-05 0.004114797 0.00846869 0.009567582 0.01094287 0.01263807 0.01328922 0.01603166 0.0197342 0.02556495 0.03340631 0 9.408715 12.85532 15.02233 16.26169 16.64479 16.49373 15.58786 13.3727 10.07493 3.113345e-15 2 
0 2.333281e-05 0.003868755 0.008783205 0.009576439 0.0113174 0.01208535 0.01387306 0.01626251 0.02055417 0.02531412 0.03289728 0 9.83719 13.10943 15.30941 16.33066 16.72576 16.50529 15.40014 13.54062 10.19727 4.341774e-15 3 
0.0005308955 0.05364163 0.02592103 0.04462562 0.05297783 0.06320011 0.07174133 0.08553415 0.09189564 0.1143253 0.1826961 2.035893e-09 1.813542e-10 64.28913 83.50597 75.48387 69.17791 58.09689 53.44509 56.03592 49.01022 4.406843 5.25419 4 
0.0006891629 0.06549498 0.02360411 0.06376646 0.05119885 0.0616613 0.0737563 0.09191463 0.09159716 0.1354215 0.2395803 NaN 0.5865546 85.76543 72.5591 84.13659 76.44669 59.168 51.54354 64.63558 52.1629 5.944621 7.135065 5 
0 2.055884e-05 0.004139438 0.006938421 0.009505416 0.01038976 0.01176876 0.01330682 0.01643946 0.02056555 0.02537911 0.03290778 0 7.708586 12.11348 14.48832 15.91773 16.57879 16.52663 15.42248 13.50469 10.42115 1.051691e-15 6 
0.0007732918 0.0546079 0.01716552 0.03895142 0.03943958 0.04689612 0.05769012 0.07418084 0.1021603 0.08117231 1.155981e-06 2.654194e-13 1.603058e-12 53.47476 59.04655 57.28103 60.46009 58.11725 44.78755 31.98045 32.11797 5.954161 7.06803 7 
0.0001836902 0.05545399 0.0178132 0.03007865 0.03113163 0.03867908 0.04636714 0.05107957 0.05836176 0.06898154 0.09799669 2.773979e-12 4.254985e-10 40.01946 44.59803 48.51681 42.48697 38.48297 34.97025 35.96551 35.79749 1.187073 1.442613 8 
1.075218e-12 0.0577251 0.01928887 0.04053741 0.04133821 0.05043072 0.06091719 0.06836895 0.0886272 0.08625834 0.126952 8.664499e-15 3.161335e-14 53.71096 61.27735 60.60939 51.89848 47.59817 37.15561 37.65959 33.73035 3.335272e-05 3.337905e-05 9 
1.299189e-18 0.2041291 0.02751832 0.0554588 0.02218107 0.02412508 0.02813939 0.03228781 0.04000065 0.05326314 0.08075278 0.08665569 2.165182e-14 68.73173 68.67984 61.15227 58.28887 48.61284 47.2946 45.09906 27.16373 23.93118 2.356029e-07 10 
2.005653e-15 0.2371814 0.01586682 0.0306109 0.01788126 0.01694373 0.01883276 0.0236027 0.03097691 0.03048552 0.03690498 0.05468148 2.441296e-05 35.96553 44.71758 44.22044 36.26659 36.69828 24.51211 19.73303 18.78421 17.02188 1.221988e-06 11 
0.05016515 6.105194e-06 0.06340769 0.007632599 0.0096477 0.01053455 0.01252334 0.01502588 0.01665098 0.0201702 0.02576068 0.03336053 0 8.304268 10.47915 10.83024 12.37393 12.96697 12.76613 13.46747 13.08391 12.45919 13.30824 12 
0.0002335514 0.0524941 0.02149248 0.03470961 0.03551299 0.04285259 0.05164288 0.06031506 0.07002569 0.08925016 0.1097362 2.186738e-10 4.979328e-08 48.2795 50.22322 54.0699 51.36771 47.00512 45.28897 39.89133 46.31123 1.632422 1.984736 13 
0.000135185 0.05992632 0.01811069 0.03243138 0.03221504 0.04213389 0.05150413 0.05309906 0.06581202 0.07718671 0.1102005 1.597769e-11 1.550617e-06 43.307 48.91134 56.4542 45.0057 44.57416 38.70361 38.84886 37.30969 0.894912 1.086337 14 
NaN 0.1364025 0.02915384 0.05011167 0.02791215 0.03460022 0.04026762 0.05099107 0.05181577 0.06933293 0.06944938 0.1048748 5.441065e-05 65.27844 68.15328 71.77562 68.68214 49.54438 40.73025 29.38819 29.73671 28.98603 0 15 
0.000740533 0.04815648 0.02240229 0.03537798 0.04365384 0.05258394 0.05706242 0.06690603 0.06677457 NaN 0.1298427 4.289669e-10 7.375507e-10 49.18971 63.76854 56.84395 53.69239 54.01425 41.13906 41.20521 51.24297 5.43188 6.591449 16 
NaN 4.28288e-05 0.004118538 0.008357402 0.00905733 0.01087427 0.01131735 0.01379981 0.01638028 0.01850087 0.02384484 0.03089739 0 9.368648 12.58644 14.93785 16.04735 16.62352 16.38973 15.48485 13.37436 9.399366 0 17 
NaN 0.06165494 0.01881101 0.03061936 0.02778079 0.03554381 0.04255837 0.05043447 0.0572162 0.05688725 NaN 0.1066978 2.760563e-05 41.00118 38.91087 48.76525 47.946 42.55849 39.61827 31.78146 31.78144 36.76049 0 18 
2.897689e-12 0.05602406 0.02649042 0.05678514 0.05545657 0.06641788 0.07972957 0.09409273 0.1392946 0.1431929 0.2232211 6.171074e-18 1.121542e-14 80.25415 88.03812 81.31268 64.9263 78.00737 60.38937 56.22708 46.55848 7.033007e-05 7.032896e-05 19 
1.175994e-16 5.283853e-05 0.003731887 0.007937994 0.009091584 0.01050528 0.01200979 0.01369654 0.01592226 0.01972162 0.02512109 0.03245111 0 8.811173 12.28002 14.60339 16.00356 16.60994 16.52852 15.62927 13.58896 10.74856 5.272078e-13 20 
4.783868e-08 2.815912e-05 0.004159337 0.008157388 0.00930885 0.0110192 0.01368799 0.01453237 0.01701956 0.0206817 0.02628791 0.03408349 0 9.095488 12.58051 14.95978 16.43257 16.69225 16.31372 15.22853 13.14984 10.15559 0.0002291969 21 
0.0003111849 0.0609023 0.01669403 0.03029534 0.03429741 0.04022727 0.0476944 0.05805984 0.06198844 0.08887587 0.1028458 3.613753e-10 1.530228e-10 38.93773 51.03141 50.66121 47.22572 36.75255 40.30984 31.65017 36.57248 1.966086 2.39449 23 
0.0006877437 0.04005237 0.0283472 0.04149477 0.05568205 0.07069531 0.06549452 NaN 0.1037895 0.1876236 0.1634937 2.059709e-08 1.283143e-07 64.61432 84.57889 79.28613 67.37937 67.40851 71.53767 58.69922 63.48833 6.258182 7.465912 24 
0.0007376528 0.05853446 0.02453443 0.054838 0.04946681 0.05712386 0.06383279 0.07457558 0.09719712 0.1393016 0.217354 NaN NaN 77.86358 77.31831 70.35004 65.76487 63.23768 67.56832 61.84946 49.97694 6.366315 7.579738 25 
0.0008624637 0.05066016 0.0269066 0.04388422 0.05108073 0.06265502 0.07522059 0.08306407 0.1112919 0.1131977 0.1666239 2.856045e-08 1.256924e-11 64.31545 80.03844 77.90618 67.41543 66.37094 54.11469 55.27929 51.94796 7.256723 8.655727 26 
0.04892178 0.1973017 0.06807509 0.008351595 0.009785058 0.01141349 0.01269412 0.0144772 0.01660438 0.02074719 0.0261967 0.03424485 0 10.79534 12.96729 13.80547 13.99165 14.63956 14.33761 15.22735 14.68327 14.25173 15.83165 27 
0 5.303526e-05 0.003720842 0.008761214 0.009498517 0.01076478 0.01243193 0.01451335 0.01701908 0.02020798 0.02576441 0.03346594 0 9.751232 12.98028 15.0277 16.24354 16.67873 16.36019 15.3663 13.35338 10.15464 2.677676e-15 28 
0 6.061246e-05 0.003650719 0.008215028 0.009646918 0.01026445 0.01298395 0.01445654 0.0171536 0.02073331 0.02637495 0.03433403 0 9.282981 12.97817 14.95246 16.41716 16.80704 16.43656 15.2981 13.12338 9.883286 3.877348e-15 29 
NaN 0.04820182 0.02870198 0.04204519 0.04574326 0.05739159 0.07036718 0.086428 0.08970858 0.1230909 0.1302412 2.391726e-55 3.18699e-05 65.03407 76.04102 81.70436 78.49369 64.82623 69.16081 64.50951 52.82392 52.71986 0 30 
0.0002725528 0.05741811 0.01902217 0.0368667 0.03737446 0.04571898 0.05504457 0.05869409 0.06867443 0.08170128 0.1293821 1.479005e-08 5.430851e-08 48.86905 55.41888 57.00694 47.85873 43.57716 37.53685 42.60666 41.71854 1.910175 2.31222 31 
0.0001470494 0.05897996 0.01845411 0.03710698 0.03886367 0.04764974 0.04836755 0.0601933 0.07303059 0.09474363 0.1598541 1.800243e-05 0.003093559 49.39986 58.92189 43.76733 52.79836 49.56615 44.36654 47.32324 37.28975 1.023842 1.233303 32 
1.236329e-07 3.016135e-05 0.003936208 0.007691587 0.009192157 0.01075367 0.01176874 0.01406426 0.01682257 0.02000734 0.02605365 0.03417932 3.757708e-05 8.514586 12.19371 14.64537 15.95635 16.59898 16.4212 15.47016 13.13866 9.831421 0.0005506642 33 
0.0003183445 0.05242246 0.0229722 0.04809646 0.04607892 0.05365747 0.06607087 0.07797471 0.0952931 0.1421491 0.1422475 NaN NaN 65.98091 59.97111 66.47117 61.9964 56.8721 56.68793 45.14417 46.18715 2.634909 3.137962 34 
0.0001454834 0.05836057 0.01773795 0.03531297 0.03657769 0.04375162 0.05484381 0.07035313 0.0733803 0.09535482 0.150472 4.9683e-07 1.243214e-07 47.26384 55.40746 55.54317 58.97645 47.11221 44.7573 44.04863 36.10762 1.01013 1.213433 35 
NaN 0.0858404 0.03163807 0.04581007 0.04069207 0.04451627 0.05156371 0.05653489 0.06160699 0.07899296 0.1155644 0.1357795 0.0001027377 64.9927 80.25862 73.99878 61.55444 50.82901 48.76041 49.96787 40.87715 41.76894 0 36 
9.59582e-08 1.397751e-05 0.004016568 0.007989613 0.009396086 0.01080771 0.01206879 0.01365245 0.0172437 0.02047179 0.02490954 0.03244342 0 8.908418 12.55429 14.86937 16.14058 16.6632 16.42174 15.35961 13.66068 10.49794 0.0004417917 37 
7.517262e-17 6.644586e-05 0.00422095 0.008148762 0.01055653 0.01192618 0.01290542 0.01472686 0.01753268 0.02074415 0.02599724 0.03378373 0 9.191804 13.531 15.71225 16.60044 16.77575 16.28186 15.18204 13.28425 10.00368 3.771549e-13 38 
1.598131e-15 0.1387858 0.02954114 0.06665251 0.03272683 0.03624703 0.04089614 0.05792075 0.07132083 0.07093475 0.1056684 0.1256104 3.128791e-05 86.69219 86.36302 76.22648 65.05339 72.29039 49.54211 41.27963 30.63815 35.46165 3.124112e-06 39 
0.000441279 0.05896821 0.02262731 0.05113138 0.04852171 0.05853544 0.06232493 0.07814955 0.1009913 0.09458706 0.1412388 8.512163e-08 6.522981e-06 66.68129 70.54874 57.62757 59.72949 53.13716 40.23541 42.49049 42.19004 3.542395 4.219046 40 
3.609074e-07 0.1508227 0.03079964 0.0690306 0.03269035 0.03841662 0.05859804 0.05526206 0.07310669 0.07754244 0.1016624 0.1578318 4.686424e-05 91.1501 71.35061 83.38286 101.1287 80.38321 53.57696 56.53603 43.41242 33.8093 0.002855751 41 
0.002552339 0.03778407 0.03723287 0.07065744 0.08590177 0.09446204 0.1219991 0.1133065 0.1634694 0.1511676 0.2416238 NaN NaN 126.2973 115.5588 114.3061 94.10804 97.96011 83.86063 91.20066 95.18154 34.25014 40.30025 42 
NaN 0.3742717 0.0305635 0.05737696 0.0196292 0.02256699 0.02124941 0.02437759 0.02861432 0.04444941 0.05437853 0.0775817 4.813843e-05 68.07402 74.33423 77.27352 63.67463 50.35517 37.09465 38.66559 11.23246 0 0 43 
0.0001691737 0.05363831 0.02455432 0.04919952 0.04763299 0.05593483 0.06615012 0.0817263 0.1048782 0.1277249 0.1714415 4.318806e-08 1.298891e-07 67.91298 69.41452 67.37821 66.29811 64.90818 57.2226 51.33994 52.02936 1.399661 1.675757 44 
NaN 0.3404847 0.02939866 0.0582451 0.01577213 0.02611457 0.02186969 0.02553288 0.04065127 0.03517791 0.04728661 0.06255066 6.008153e-05 69.23338 65.93623 74.2085 63.00912 53.67798 29.79287 22.4455 0 0 0 45 
0.04973995 3.757471e-06 0.0605917 0.00784325 0.01006965 0.01109763 0.0125287 0.01501001 0.01626408 0.0196986 0.02454947 0.03199949 9.941847e-11 8.611889 11.01108 11.41047 12.65177 13.33904 12.54284 13.14128 12.43192 12.74507 12.98292 46 
5.525034e-14 0.1471928 0.02859992 0.04398203 0.02456163 0.03042802 0.03816868 0.03521019 0.03860335 0.04749179 0.06469883 0.09829869 1.487003e-05 58.11071 61.77473 65.83734 45.99599 36.74129 37.31306 33.5487 36.54577 34.2966 1.085564e-06 47 
0.1364549 0.04956309 0.04704152 0.0722357 0.05175741 0.05423485 0.06259755 0.07290526 0.09035623 0.1171098 0.1677075 6.046733e-18 0 136.9564 204.7444 288.036 382.6709 502.6274 609.3923 724.7231 826.5334 926.8665 1059.228 48 
0.0007935821 0.05001645 0.02653523 0.0492521 0.04997494 0.06279758 0.0823041 0.07949659 0.105237 0.1201308 0.1668342 NaN NaN 73.46641 76.49104 82.2635 64.38562 66.70979 58.15526 56.33437 54.96161 7.185702 8.561532 49 
0.0005380173 0.04409299 0.02623846 0.0527101 0.05937176 0.06071728 NaN 0.09255846 0.1490135 0.1531893 0.1827212 NaN NaN 80.54903 88.75988 78.48471 78.50036 78.82332 65.15529 59.55499 60.06113 5.360105 6.331761 50 
0 2.881229e-05 0.003902552 0.008731568 0.009303483 0.01042702 0.01202784 0.01399908 0.01713803 0.02024017 0.02615503 0.03388526 0 9.79682 12.94338 14.94767 16.2021 16.72951 16.45726 15.43142 13.15963 10.38979 9.416854e-16 51 
0.001285302 0.05851952 0.03004326 0.06417767 0.06126179 0.08001644 0.107112 0.1004503 0.1184852 0.1437479 0.2629452 1.832636e-08 6.896089e-09 96.30367 106.2888 112.5197 86.61457 76.15929 65.1607 71.79975 58.72039 12.65951 14.9486 52 
0.0002427309 0.04653705 0.0187374 0.02956253 0.03620519 0.04504295 0.05585991 0.04424905 NaN 0.07388928 0.1170267 3.598906e-08 3.652679e-08 40.40924 50.52116 52.6913 40.82005 38.55889 38.56339 41.25636 42.52152 1.621737 1.972332 53 
7.150283e-14 0.2151922 0.02252821 0.05334861 0.02239345 0.02428783 0.02890789 0.03772483 0.03857372 0.04758247 0.05220626 0.07452832 2.627506e-05 65.27052 48.76058 55.51367 58.7835 38.3916 42.43551 29.12827 24.93893 23.02857 1.955352e-06 54 
0 0.1913811 0.02692833 0.04982532 0.02526177 0.02522661 0.03218977 0.03802517 0.06093897 0.04809998 0.06567644 0.09490541 2.843517e-05 61.59176 69.03678 56.94968 61.27727 59.98906 33.84723 34.30726 25.23918 27.69471 2.20335e-06 55 
0.0005609358 0.06622835 0.01879884 0.0386921 0.03753772 0.04351774 0.04843808 0.05947592 0.07262001 0.06734737 NaN 0.1213188 1.777991e-05 53.25454 62.68488 52.52368 57.40143 53.67776 45.82579 36.16554 36.21905 40.63692 4.718088 56 
0.1127184 0.161462 0.06234406 0.0127975 0.0110611 0.01257377 0.01472781 0.01712447 0.01971981 0.02587757 0.03237282 0.04094095 0 24.5361 31.54536 37.32865 41.63617 42.95355 39.61618 53.58382 37.93831 45.15171 49.83095 57 
0.0002337304 0.04338779 0.02176172 0.0396278 0.03690354 3.959261e-05 0.05054169 0.06930019 0.0877849 0.09931952 0.113191 NaN 5.246244e-08 55.88016 49.76764 49.76838 50.99477 50.64486 44.96837 40.61108 47.04753 1.90129 2.277318 58 
NaN 0.2425081 0.02697223 0.04596176 0.01890448 0.02677623 0.03546737 0.03326205 0.03630269 0.04579073 0.05696642 0.1041033 5.614611e-05 55.80221 59.83203 68.52834 76.02966 56.97513 46.74099 33.72007 26.26205 18.03683 0 59 
0.002952657 0.2051191 0.02196749 0.05262446 0.02521407 0.02743332 0.0257365 0.03559484 0.0489675 0.04099499 0.05269301 0.07362745 1.156904e-06 63.1271 69.04399 51.01242 42.63932 47.0389 29.25777 26.76833 25.17094 26.24667 19.4066 60 
NaN 3.083246e-05 0.004384278 0.008416972 0.009543152 0.01203328 0.01341457 0.01452963 0.01735333 0.02056433 0.02600646 0.03359984 0 9.225001 12.66045 15.23679 16.32781 16.53322 16.1081 15.05592 13.07664 10.02866 0 61 
0.0005851105 0.05771757 0.02352792 0.0469023 0.04286382 0.05063893 0.05986118 0.06744155 0.07914146 0.1062771 0.1679529 1.246857e-08 0.0006869708 65.33042 65.83901 65.82066 58.73644 53.31206 51.59113 53.52958 49.98062 4.709221 5.663657 62 
1.516966e-14 2.26979e-05 0.004432529 0.008566737 0.009808452 0.01104814 0.01281428 0.01466504 0.0175036 0.01953872 0.0245957 0.0321313 0 9.449111 12.96683 15.05735 16.24963 16.60506 16.21067 15.36044 13.7439 10.49083 7.266403e-11 63 
0 2.979679e-05 0.003754016 0.007586064 0.009058782 0.0102972 0.01268517 0.01421851 0.01674424 0.02057921 0.02606776 0.03393895 0 8.51915 12.21022 14.56575 16.20645 16.74273 16.49524 15.38353 13.2311 9.961114 3.863356e-15 64 
0.0471246 3.138273e-06 0.0636887 0.008163621 0.009932569 0.01177071 0.01232779 0.01415198 0.01682372 0.02052317 0.02632474 0.03408067 2.457686e-13 9.143255 11.09283 12.19301 12.15019 13.00543 12.53394 12.438 12.79566 11.9562 13.07626 65 
0.06461261 4.567151e-06 0.06072688 0.008244775 0.009571903 0.01079089 0.01265191 0.01454228 0.01582434 0.01995809 0.02482512 0.03224676 7.429536e-05 9.234148 11.55992 13.11303 14.57378 15.12007 15.28687 15.92129 14.67977 15.23799 15.5335 66 
NaN 0.08684806 0.0336226 0.05059387 0.0403013 0.04690445 0.05510518 0.06202939 0.07713107 0.07964703 0.1013753 0.1478263 5.040442e-05 76.05841 87.398 87.41407 75.54537 67.83428 53.0729 50.65375 50.15599 52.17251 0 67 
NaN 0.1306452 0.02891047 0.04617212 0.03581034 0.03460395 0.03962372 0.05116773 0.06421595 0.06866401 0.09064022 0.1198025 8.173572e-05 61.90474 80.11803 76.3884 65.92233 67.57446 47.11333 36.33046 23.6608 13.30301 0 68 
0.0001932435 0.05578762 0.0185633 0.03393846 0.03312013 0.03987253 0.0480849 0.05732162 0.05816998 0.07580456 0.09911057 1.901033e-09 9.03733e-12 44.15791 43.92602 47.99375 45.04809 36.25598 37.8163 34.17835 39.58707 1.262758 1.535249 69 
0 4.616744e-05 0.004252213 0.008127089 0.009025902 0.01161237 0.01318199 0.01492868 0.01758639 0.02062195 0.02383289 0.03184099 7.238614e-15 9.2405 12.60564 15.34454 16.59358 16.84706 16.3437 15.24842 13.88391 10.24485 1.185955e-13 70 
5.710024e-10 0.2501167 0.02936642 0.06282417 0.03010554 0.02865898 0.04931856 0.03656291 0.04720716 0.06482942 0.08164044 0.09438229 1.821146e-05 76.48599 89.21726 68.23333 87.89903 69.34922 47.60028 52.45741 30.59285 23.31389 3.811749e-06 71 
0.0001159743 0.05131895 0.02256083 0.03700251 0.0414715 0.05074559 0.06049665 0.06903181 0.08212476 0.08930251 0.1232757 4.741469e-07 1.367325e-08 52.20087 61.83223 62.02185 56.32855 51.74381 44.85451 44.92547 47.34426 0.8588721 1.03578 72 
0 3.990422e-05 0.004158267 0.008190374 0.009266094 0.01047339 0.01154675 0.01268451 0.01559504 0.01898391 0.02376305 0.03089013 0 9.1896 12.64074 14.82459 16.06956 16.64491 16.66977 15.90208 14.17079 10.75662 4.314362e-15 73 
2.545546e-19 0.1329715 0.02911358 0.05537341 0.05002421 0.03965468 0.04752741 0.04901803 0.08225047 0.09583138 0.1261965 0.1999974 1.910889e-21 69.25553 97.34975 85.23063 65.04352 62.69883 72.55433 49.44767 48.65671 32.11299 8.182918e-11 74 
0.0002633522 0.06019766 0.01755488 0.03604725 0.03453733 0.04180181 0.04968724 0.06394403 0.09137935 0.09119571 0.112822 4.679874e-12 4.58059e-07 46.24324 49.58535 51.34897 43.79473 52.82107 39.44388 34.41026 31.09443 1.796984 2.14971 75 
0.0008856441 0.04870947 0.02561146 0.03989098 0.04664302 0.05653255 0.0615894 0.07749543 0.1199656 0.1071261 0.1508527 NaN NaN 56.75068 69.21446 62.08621 56.27381 67.81717 51.57307 51.0979 51.9808 6.908134 8.315476 76 
NaN 0.1947412 0.02749102 0.04666541 0.02334153 0.02822602 0.03035971 0.03277514 0.03990234 0.04781384 0.06383299 0.08402052 5.097545e-05 56.73541 62.96828 67.04765 52.48128 41.63145 42.29042 34.36169 25.61673 22.57186 0 77 
4.201376e-14 0.1747784 0.02866866 0.0602056 0.03037735 0.03091335 0.03617349 0.03913215 0.04576894 0.05803358 0.08136688 0.1414891 5.132555e-14 76.06781 83.3225 76.4751 61.03925 51.01182 45.55402 34.82575 38.2247 26.57617 2.230236e-06 78 
0.0003549507 0.04538042 0.0250055 0.04464113 0.05089005 0.05109206 1.112634e-05 0.07515581 0.1204441 0.142957 0.1545524 1.00856e-09 5.338655e-09 66.41395 75.28014 61.0911 61.09499 70.26586 60.73263 52.83495 51.75069 3.148043 3.735257 79 
0.0001578019 0.05949381 0.01879518 0.03725702 0.04025015 0.0473058 0.05629071 0.06130185 0.08518706 0.08798193 0.1347187 3.179874e-07 6.420702e-07 50.85177 63.10401 59.66414 46.72143 54.95449 42.21248 46.41804 41.73167 1.118455 1.350405 80 
NaN 0.06767582 0.01997441 0.03557499 0.0301871 0.03823049 0.04889622 0.05919495 NaN 0.0616708 0.1022191 0.1219624 NaN 48.88937 45.61096 55.80293 60.70806 35.97117 35.97117 42.51843 37.62646 41.22586 2.226962e-09 81 
0 1.868444e-05 0.00351142 0.008384999 0.009744715 0.01113443 0.01212017 0.01392624 0.01678847 0.02043485 0.02560242 0.03324774 0 9.273808 12.8735 15.06566 16.16893 16.61454 16.38055 15.34489 13.40936 10.18977 2.581496e-15 82 
4.098123e-14 0.1810671 0.02813826 0.07069238 0.02672024 0.02848036 0.03860131 0.04549803 0.04556798 0.05397487 0.08142932 0.1439728 1.069254e-13 88.46798 74.81306 66.19938 70.37085 49.94767 38.76272 37.91769 39.06636 25.50936 1.452248e-06 83 
6.994602e-05 0.03669589 0.01952369 0.04070434 0.05052457 0.06074123 0.06321773 0.0794467 0.1089905 0.1297664 6.273141e-10 2.193161e-09 8.410395e-09 57.70252 61.06165 53.37886 54.81332 58.10167 52.36692 55.98823 0.4891208 0.6012478 0.7280186 84 
0.0001291076 0.05647874 0.0190873 0.03566359 0.03489277 0.04458364 0.05514565 0.0675197 0.07884416 0.1044987 0.1355565 8.748131e-08 6.898801e-11 48.64875 51.87376 59.66331 59.07159 51.56703 49.47968 43.4114 38.57206 0.9186244 1.10563 85 
0.0006328066 0.05247802 0.02966682 0.06488406 0.05990588 0.08525634 0.1068821 0.1275864 0.181588 0.1696187 0.247186 7.361051e-11 7.252737e-09 97.70806 92.31466 115.7785 103.1803 94.76884 72.70898 68.51902 62.50531 6.519921 7.690587 86 
0.0001601344 0.05112232 0.02139037 0.04179274 0.04189259 0.04838265 0.05471765 0.07010906 0.08104628 0.1021626 0.1291544 7.155126e-07 7.962222e-13 56.74348 56.7658 48.12821 55.60635 49.40215 46.15866 42.00189 40.13279 1.250992 1.495015 87 
NaN 0.1138295 0.03152087 0.06716641 0.0574079 0.05444775 0.06102256 0.06356665 0.08360915 0.08508133 0.1234778 0.1493456 8.143475e-05 91.64122 117.7908 92.40302 66.41217 69.85632 46.02635 40.05342 17.14928 0 0 88 
0 0.1729021 0.02882099 0.04302479 0.039138 0.03657995 0.04205611 0.03997843 0.06317515 0.06254974 0.1032809 0.1135608 1.11488e-16 54.83738 82.25919 88.2629 63.42566 58.08925 34.30584 42.83705 27.11648 34.5625 4.575601e-10 89 
0.0001219168 0.05786733 0.01918155 0.04171823 0.04148314 0.04956173 0.05920396 0.06317983 0.08118147 0.1039671 0.1603475 2.041341e-07 6.106093e-06 54.79497 61.86399 60.00334 48.61199 51.06641 45.86468 46.08006 39.54856 0.9092439 1.091164 90 
1.956087e-21 2.445212e-05 0.003960791 0.007906073 0.00941538 0.01103131 0.0114712 0.01366165 0.01711619 0.01952553 0.02455735 0.03191156 0 8.862707 12.58743 15.00485 16.12528 16.70052 16.4849 15.59786 13.83636 10.6481 2.426481e-14 91 
0.05602599 3.872371e-06 0.06188865 0.008310721 0.009656553 0.01126145 0.01278462 0.01410122 0.01733789 0.02084777 0.02533394 0.03250684 0 9.183347 11.08805 12.52224 13.34979 13.7829 14.46777 13.80266 13.79801 13.59617 14.048 92 
NaN 0.323537 0.02864124 0.05171321 0.02584727 0.01908699 0.03420231 0.0270487 0.04029867 0.05253588 0.05807718 0.09531187 9.174169e-05 62.65946 77.37734 64.96 75.64615 59.59471 35.56023 40.48289 9.734053 0 0 93 
0.0003868147 0.06160604 0.0201189 0.03982409 0.03865988 0.04642713 0.05500898 0.06145212 0.07598741 0.09927362 0.1164956 6.046601e-12 1.524523e-07 52.29682 58.79021 58.57449 50.62053 48.36906 45.34957 38.25746 37.87508 2.748484 3.30235 94 
0.0001356837 0.05659663 0.01832566 0.03150569 0.0357099 0.04140138 0.04693338 0.05735842 0.06905934 0.09162709 0.1390713 1.884105e-08 2.555027e-07 41.60839 52.87344 46.92858 48.97897 44.90872 43.64843 41.57394 34.13905 0.8969138 1.083139 95 
0.0002811358 0.04911791 0.02628108 0.04687856 0.05291891 0.0646897 0.07383953 0.08219117 0.08462644 0.1171394 0.1824684 NaN NaN 65.88257 77.00665 70.64544 61.57351 51.01193 54.93563 55.43679 57.22911 2.332722 2.81049 96 
NaN 7.492045e-05 0.004165263 0.007926434 0.009596872 0.0104509 0.01164713 0.01431066 0.01654077 0.01986471 0.02562031 0.03335963 5.038524e-05 8.861754 12.68758 14.81476 16.06143 16.69476 16.49504 15.54311 13.36207 10.22583 0 97 
NaN 0.1232249 0.02880082 0.04549049 0.03083176 0.03397924 0.04288104 0.04004186 0.04794179 0.06434464 0.08777836 0.1678744 6.708377e-05 59.47219 68.79641 67.66703 48.46148 45.93805 42.07463 43.7594 37.64949 27.09621 0 98 
1.910751e-06 0.1550247 0.02886196 0.05781048 0.02657067 0.02900473 0.03289865 0.03788758 0.0448657 0.05530764 0.07543376 0.1247204 2.498088e-05 73.60234 61.71126 61.33077 54.91506 48.66144 43.82111 37.20091 37.71995 29.13161 0.0136501 99 
3.833879e-05 0.04347964 0.02476513 0.04363139 0.04725746 0.054306 0.06551141 0.07227969 0.09896523 0.1072344 NaN NaN NaN 62.21177 60.15274 62.57658 54.46935 60.36628 61.22479 43.54209 43.53523 0.3259889 0.3877798 100 
1.845579e-08 0.06680117 0.03661546 0.07447376 0.06169744 0.0587748 0.06370845 0.07913257 0.08494523 0.09938648 0.1241263 0.2000245 5.445432e-05 119.9684 95.25527 81.29121 84.08615 70.85028 64.81354 61.47153 66.18042 65.99866 0.0002251621 1 
