0.2518472 0.3810896 0.9243476 0.05930599 0.08337105 0.1007783 0.1443998 0.1740684 0.2085545 0.2486458 0.3260997 0.415269 1 120.7068 151.1065 197.6792 226.6501 284.9624 306.802 309.8494 297.4965 291.1821 258.9205 2035.322 1 
0.1885318 0.5097204 0.8675209 0.07210643 0.1016101 0.1142296 0.1415293 0.1482936 0.2358618 0.2431324 0.386082 0.5073404 1 117.7128 139.9054 180.2929 189.4412 206.3162 192.3524 244.1417 209.772 236.3467 203.3224 1632.487 2 
0.2094059 0.4198858 0.9113093 0.04940965 0.0989413 0.1213682 0.1109222 0.1539699 0.2044646 0.2722167 0.3369107 0.4688367 1 95.26569 115.2149 205.4676 243.4623 211.9346 243.0144 274.0515 293.7501 274.4152 253.9173 1928.079 3 
0.198273 0.459929 0.9172261 0.06500788 0.08175931 0.1367464 0.1141425 0.1371887 0.2105 0.2842634 0.3130075 0.4458375 0.9999999 115.2369 138.0853 162.8884 240.4126 197.6275 198.8495 250.8047 275.0901 232.1532 219.8266 1772.66 4 
0.2093912 0.5003656 0.8916328 0.05273119 0.1093923 0.1216484 0.1311817 0.1670287 0.1963178 0.230344 0.360365 0.5306009 0.9999999 85.93826 103.933 190.6429 207.1763 201.8046 217.5098 217.1242 207.2597 238.2166 233.3599 1629.743 5 
0.2156943 0.4986122 0.9059182 0.05868334 0.1139623 0.1005382 0.1342682 0.1929696 0.2384649 0.2936919 0.2858214 0.4947453 1 94.26233 114.5942 197.0312 177.1908 200.0149 244.4525 253.4937 242.9767 181.842 199.2296 1606.288 6 
0.1758181 0.4665617 0.8993091 0.06203879 0.08792346 0.1018882 0.1436284 0.1788219 0.1984422 0.2606564 0.3325249 0.5175468 1 111.4539 131.0495 171.1977 186.6924 231.0765 252.0062 236.932 244.4632 234.2672 239.9095 1796.519 7 
0.1988784 0.5233232 0.9024784 0.06420761 0.09058924 0.1251154 0.1480593 0.1881613 0.1970569 0.2346545 0.3084126 0.5898733 1 101.2765 121.4182 157.8618 199.3423 213.5243 230.7228 205.9459 193.9983 192.5272 241.9185 1577.328 8 
0.1775428 0.5540408 0.9289735 0.05051559 0.1021936 0.1160238 0.1384306 0.1744317 0.1551044 0.2380018 0.331047 0.5480356 1 77.61257 91.39212 165.3056 181.3071 192.4589 208.1633 164.6856 194.8326 210.1035 231.6693 1536.408 9 
0.2120356 0.4564492 0.8960399 0.04519428 0.1063051 0.1032855 0.1390972 0.1318146 0.2300045 0.2675806 0.2906339 0.4552809 0.9999999 78.86993 95.59316 197.4013 195.6615 227.2269 199.7121 271.9025 263.2874 219.4127 228.3054 1745.131 10 
0.2281878 0.443189 0.8800666 0.05010501 0.1027513 0.09766893 0.1664943 0.1676079 0.2237135 0.2458024 0.3365465 0.5608927 1 90.25461 110.8496 201.1076 195.8357 275.3313 256.3561 273.5136 245.8073 245.469 265.413 1801.309 11 
0.1834391 0.5771934 0.9028998 0.05448593 0.08447376 0.1115089 0.1282124 0.1431254 0.1962153 0.2387617 0.2734785 0.5337809 1 79.6967 94.31619 134.129 165.7946 174.6506 172.4081 196.5219 197.3297 176.8219 231.8464 1462.703 12 
0.2263785 0.4361617 0.8948155 0.06472806 0.07900894 0.1236668 0.1418222 0.1815692 0.195683 0.2703608 0.3144547 0.5208977 1 119.2208 146.2099 169.2037 234.5073 250.269 273.297 252.957 269.6141 241.2432 259.2593 1841.873 13 
0.1799893 0.5374575 0.8713344 0.05707679 0.0807135 0.1211841 0.1485637 0.1712777 0.1913778 0.2765665 0.3098173 0.4132684 1 89.3102 105.3851 138.0551 189.2153 211.1408 211.8311 199.0878 223.9269 192.737 175.0264 1564.738 14 
0.1948253 0.5900119 0.878716 0.05456116 0.09199123 0.1407219 0.1437065 0.1505461 0.2033094 0.2333312 0.2882711 0.4985937 1 77.96526 93.15486 142.4278 200.3732 190.5163 173.0009 189.5865 179.4641 169.9648 199.3001 1428.952 15 
0.2274504 0.382611 0.8960195 0.08284008 0.08585044 0.1166011 0.1264913 0.1819411 0.21845 0.2851487 0.3128093 0.5652049 1 172.5014 211.7369 212.1203 251.8185 252.3649 302.5152 309.5621 316.0229 264.4879 299.3125 2082.343 16 
0.2076485 0.4936747 0.916489 0.05876859 0.08969319 0.1146291 0.1690561 0.1398722 0.1990963 0.270113 0.285297 0.5192171 1 97.23254 117.4227 164.0588 196.5637 252.9972 198.4088 219.7961 239.7004 199.3776 235.9907 1654.498 17 
0.2212969 0.4263549 0.9156803 0.07167729 0.07824617 0.1201357 0.1195469 0.1393616 0.1638532 0.2483523 0.3495615 0.4402863 1 133.6922 163.2778 171.6164 229.7171 218.7131 220.7077 223.1975 270.3621 293.6071 256.4966 1865.195 18 
0.1797737 0.5008596 0.9059634 0.06564734 0.09908668 0.09782011 0.1429058 0.1445343 0.1927489 0.2120008 0.3541807 0.5316659 0.9999999 107.814 127.1962 174.9158 166.6775 208.2001 191.9347 210.7707 194.3939 240.9794 243.0597 1642.322 19 
0.2623915 0.373241 0.8827193 0.07489997 0.08300326 0.09385252 0.1175868 0.1551882 0.1698641 0.2471266 0.2472364 0.4878896 1 155.3985 196.1737 210.7865 220.4924 245.3889 282.7873 276.1557 316.3661 266.7231 342.886 2074.747 20 
0.2354514 0.4627008 0.9189081 0.07008103 0.07121317 0.1020202 0.1276864 0.1715503 0.2073024 0.2579863 0.2798352 0.453286 1 121.0278 149.5239 149.5698 187.3874 215.1446 251.0924 259.7775 259.1148 220.3299 237.7321 1726.969 21 
0.2187574 0.5125323 0.8791069 0.06721599 0.08624842 0.1439417 0.1024325 0.1596472 0.2156253 0.2707491 0.2606983 0.4665682 1 109.2642 133.1665 159.91 234.4164 172.7746 207.7555 238.3543 242.1346 186.3778 217.2875 1625.568 22 
0.1794193 0.5697984 0.8948407 0.04965881 0.09549667 0.1125497 0.1258652 0.1741293 0.1822641 0.2594535 0.3645181 0.4710424 0.999999 73.71165 86.93695 150.3106 170.575 173.1256 203.4171 185.4897 206.7154 217.5353 187.211 1484.362 23 
0.1684823 0.5763817 0.8676612 0.0540104 0.1076315 0.1120727 0.1124558 0.1825509 0.1883142 0.2852022 0.3158015 0.4588388 1 79.8082 93.25447 166.163 167.7934 152.8248 205.2019 185.8983 217.3449 183.8548 177.343 1477.645 24 
0.1878771 0.5414743 0.901418 0.06259492 0.102115 0.1212277 0.1335742 0.1676389 0.2203522 0.2659136 0.3402788 0.4710654 1 96.03403 114.0766 168.2922 188.1621 186.9282 199.9421 217.8958 210.6027 198.9476 182.9373 1534.214 25 
0.2065387 0.4852265 0.9103496 0.06758675 0.09377386 0.1073471 0.1259077 0.1376586 0.2532582 0.239091 0.3681983 0.5275613 0.9999999 113.3497 136.7608 174.8853 188.2433 198.1513 193.1373 281.3734 228.3526 246.6477 231.5266 1677.1 26 
0.1984321 0.4438102 0.907967 0.06516053 0.0888198 0.1471867 0.1415891 0.1600104 0.1867597 0.2950204 0.3374084 0.4454641 0.9999999 117.1675 140.4173 177.1666 260.5963 236.6578 226.3766 220.8221 269.7919 235.7311 206.1592 1798.136 27 
0.2093385 0.5179957 0.9199085 0.05491212 0.1037404 0.1187899 0.1371347 0.1643513 0.2191622 0.280649 0.2989048 0.5218447 1 84.94348 102.7254 173.1682 191.9001 198.5135 205.2998 225.4422 229.6414 187.8539 210.4187 1546.899 28 
0.2007319 0.4426681 0.9073672 0.06841626 0.08698496 0.1104811 0.1420502 0.1609971 0.2177421 0.2390033 0.3701168 0.4855085 1 121.9882 146.4751 173.8878 202.4555 232.2657 232.9576 258.1991 233.3773 260.7952 229.1279 1783.029 29 
0.2160024 0.4527922 0.9259062 0.04260434 0.08635956 0.1385665 0.1207162 0.1644571 0.1822973 0.2937814 0.3652111 0.4653011 0.9999999 75.08877 91.30813 165.4441 249.3584 214.1775 238.3027 229.3378 283.9212 267.0996 224.1142 1762.468 30 
0.192539 0.505098 0.9003216 0.08293041 0.07101571 0.09789135 0.12247 0.1818607 0.1947253 0.2416844 0.3080442 0.4413696 1 132.6487 158.1887 134.6283 159.3176 181.2275 231.0755 216.3493 213.423 207.1101 204.4741 1599.518 31 
0.2471785 0.3676561 0.8641489 0.07249681 0.09386147 0.1295764 0.1592634 0.1948831 0.2038217 0.256629 0.3775139 0.4993522 0.9999999 152.318 189.9678 229.865 285.6243 315.3876 329.7869 293.5682 285.1368 302.9358 266.2804 2101.031 32 
0.2051913 0.5587984 0.8766553 0.06629357 0.08651648 0.1038421 0.1257716 0.1463292 0.1942718 0.2437454 0.3390206 0.4528213 1 98.4276 118.6241 144.2781 161.1059 175.7903 181.2474 201.7284 207.727 217.584 199.1105 1484.723 33 
0.170832 0.5618922 0.8729462 0.05147788 0.1095275 0.1038419 0.1312932 0.1772198 0.1819284 0.2522693 0.2731754 0.4916711 1 76.52828 89.60175 169.7512 159.3882 174.9679 203.1266 181.0231 196.9087 168.0352 204.5191 1486.625 34 
0.1907811 0.4704974 0.8787084 0.05500099 0.09629656 0.1130916 0.1455709 0.1831919 0.1761665 0.2279267 0.374089 0.4802198 1 95.64545 113.8928 179.9758 202.2866 230.3288 250.1061 209.6537 212.6058 259.2864 225.2094 1738.977 35 
0.1833888 0.5811129 0.8859272 0.05255942 0.0978631 0.1045065 0.1650829 0.1446724 0.1800639 0.2722993 0.3026369 0.4832529 1 75.71778 89.60357 150.0052 156.1904 210.6708 171.8221 173.2973 207.588 180.2578 191.392 1440.613 36 
0.1617248 0.6758077 0.9046836 0.05326719 0.0630988 0.1164099 0.1686974 0.1773049 0.1845869 0.2496531 0.2853337 0.550843 1 68.06771 79.07594 89.12463 146.3585 192.6212 178.7676 155.3418 164.5558 146.1888 188.619 1277.854 37 
0.1722158 0.5594354 0.8556283 0.05856494 0.1031928 0.09562741 0.1258297 0.1655903 0.1577071 0.2875336 0.3145884 0.5094273 1 87.58864 102.6728 162.9766 148.8157 169.3196 194.4614 164.8525 230.1219 196.8813 208.4415 1495.581 38 
0.2089547 0.5295816 0.9140195 0.05602482 0.08964143 0.1073211 0.1553364 0.1890522 0.2088026 0.2287061 0.3165716 0.572174 1 86.86312 105.0136 153.1402 174.9918 221.3205 236.1739 219.462 193.2797 197.7766 235.7396 1550.44 39 
0.1806231 0.5957048 0.8901488 0.06270206 0.09735439 0.1077915 0.1519305 0.1727542 0.2404327 0.2400053 0.3306041 0.5392866 0.9999999 88.97 105.04 148.4504 156.2157 190.9463 191.4111 215.2418 175.8636 175.1733 188.232 1418.933 40 
0.1707126 0.64467 0.9195268 0.05954903 0.08927631 0.1273987 0.1453808 0.1553765 0.1936681 0.2610064 0.3369003 0.5477411 1 79.1106 92.61578 127.3511 166.7003 172.8042 161.3427 166.3442 179.2311 174.4737 184.8961 1328.495 41 
0.2121609 0.5687692 0.8858385 0.06452507 0.08182463 0.09833743 0.1310758 0.1750469 0.2199948 0.2725051 0.3187271 0.4866167 1 94.94277 115.0859 137.0456 153.3582 181.9047 211.9222 224.6661 221.2928 194.6879 194.9726 1471.409 42 
0.2105693 0.5326966 0.9021752 0.0600504 0.0745502 0.1210181 0.1345531 0.1608454 0.202058 0.2601631 0.3318506 0.5441891 1 91.98516 111.3544 130.7862 188.7932 197.3456 204.5928 214.95 221.8407 213.3499 227.5046 1531.799 43 
0.1701684 0.559688 0.871545 0.059806 0.09446734 0.118234 0.132655 0.1768264 0.1858552 0.260898 0.2943104 0.4702612 0.9999999 89.33498 104.537 150.4599 175.9664 178.7002 202.3941 183.2434 201.2443 176.0358 189.8357 1493.746 44 
0.1450537 0.653079 0.8730346 0.03408396 0.1065179 0.1014866 0.1243222 0.1777108 0.1717942 0.2786089 0.3426687 0.5296292 1 44.40517 50.84631 141.4189 134.6217 145.1251 178.2651 150.8294 189.7338 176.4528 176.9051 1302.817 45 
0.1909537 0.677834 0.8982562 0.05468895 0.07522011 0.1172157 0.1392303 0.1558502 0.1912315 0.2103177 0.362552 0.4271399 1 69.33801 82.57836 105.9217 150.1446 164.9008 162.7488 167.0357 152.8294 193.8073 160.6421 1267.861 46 
0.2226264 0.517715 0.9269382 0.05465901 0.1081472 0.1173372 0.1178942 0.1594944 0.1844864 0.304796 0.340911 0.5075951 0.9999999 86.91963 106.2702 186.2359 198.7772 183.7694 207.406 208.041 264.4047 228.4449 217.2753 1590.216 47 
0.2178932 0.4674979 0.8982074 0.05571045 0.0849287 0.1187404 0.1454111 0.1795806 0.2056825 0.2635544 0.2979542 0.4681102 1 96.25812 117.2321 164.1113 213.0385 237.7405 253.723 245.023 246.5066 214.4959 224.077 1727.829 48 
0.2203842 0.4135495 0.8810213 0.06487918 0.08709777 0.1120889 0.129845 0.1822918 0.1759095 0.2649047 0.3371963 0.4252986 0.9999999 125.7436 153.4555 191.6731 227.6952 240.9316 286.1243 246.9338 282.6129 275.8033 239.2811 1938.119 49 
0.1383309 0.764856 0.8611542 0.07085131 0.09468219 0.131004 0.1278499 0.1402376 0.2217606 0.2235736 0.352529 0.4614149 1 81.06131 92.27459 113.4157 141.7661 126.5334 119.7916 155.6378 130.6417 151.6537 134.1832 1144.105 50 
0.2625636 0.3059698 0.9308203 0.07726095 0.100787 0.1186066 0.1374241 0.1474002 0.1600552 0.2898473 0.3539437 0.4907923 0.9999999 186.2952 235.2095 286.0035 312.3909 324.3572 309.371 288.7998 391.558 376.608 344.1657 2411.246 51 
0.2039337 0.4588292 0.9290564 0.06614057 0.06167134 0.09721303 0.1448661 0.1345987 0.2061932 0.1968406 0.2929533 0.4128015 1 115.5134 139.0704 128.9452 175.0697 235.8513 207.1215 253.0592 211.367 234.0693 237.9929 1746.483 52 
0.2366228 0.460088 0.8575857 0.06553314 0.08005014 0.106385 0.1437932 0.1618666 0.1888462 0.1968908 0.286087 0.4730999 0.9999999 113.023 139.7668 162.0845 196.0829 236.9098 239.6783 236.2629 207.7517 226.354 262.7559 1724.669 53 
0.2105726 0.4832864 0.9000214 0.06018413 0.09105053 0.1133574 0.1387059 0.1782315 0.2075235 0.2252249 0.27732 0.5311206 0.9999999 101.3897 122.7396 170.003 198.9318 218.8751 241.964 238.3688 211.3871 198.2878 254.5899 1684.658 54 
0.1933932 0.6069976 0.8805892 0.06163747 0.1124812 0.1294195 0.1349615 0.1798456 0.1826122 0.2660896 0.3315933 0.4761566 1 85.66974 102.2377 166.4731 182.0012 171.2012 189.8836 167.2794 187.8495 178.5446 171.0293 1389.897 55 
0.1595751 0.6508123 0.8912319 0.06408693 0.08911553 0.1097643 0.1315037 0.1525734 0.20861 0.217571 0.2977451 0.5216188 1 86.04595 99.77674 127.9043 146.0483 157.305 160.1262 182.0001 158.1725 163.5062 196.1971 1342.644 56 
0.2269711 0.5115816 0.9175596 0.05163926 0.08560082 0.106536 0.133333 0.1817767 0.1814178 0.2825979 0.334521 0.3938111 1 80.14384 98.33417 148.3106 177.0446 200.5138 234.9488 208.0232 244.472 223.0012 181.8493 1551.994 57 
0.2302617 0.4169713 0.8954328 0.06332326 0.07204993 0.1135707 0.1585483 0.1670262 0.1702027 0.2612982 0.3138716 0.541504 1 119.9124 147.5236 161.7671 224.1798 282.9442 270.2075 236.2734 276.1366 260.3329 292.8439 1893.655 58 
0.205093 0.4728942 0.903709 0.05584031 0.1003204 0.1086477 0.1407835 0.1838231 0.1879708 0.2670165 0.4019577 0.4396897 0.9999999 97.27424 117.2245 189.0423 199.5408 226.6127 254.7988 226.1216 246.9291 271.9355 200.5371 1742.008 59 
0.4511525 0.1366487 0.9191697 0.08537309 0.1444974 0.1086002 0.1027217 0.206235 0.2279262 0.2730533 0.4940042 1 1 351.2611 509.7334 773.7347 698.6994 610.0076 806.2579 829.6105 805.1768 929.9639 1000.018 4114.424 60 
0.2226573 0.3975267 0.8748114 0.06556601 0.1012366 0.118609 0.1582952 0.135419 0.1782125 0.3171049 0.269031 0.4857894 0.9999999 130.8074 159.9327 224.3397 248.6818 289.1382 232.7065 243.3364 334.2363 236.675 266.8594 1995.05 61 
0.1764186 0.5093168 0.9065823 0.05268559 0.1089464 0.1166182 0.1304074 0.1741295 0.2195068 0.2427584 0.3134912 0.5076747 1 86.39003 101.6308 187.1602 194.4306 193.7497 219.3236 231.4426 207.2063 199.2503 216.0276 1639.728 62 
0.1686751 0.6256189 0.9225513 0.05623712 0.09554992 0.1014987 0.1268092 0.1809714 0.1903587 0.2451931 0.3661213 0.5403253 0.9999985 76.72443 89.66594 138.1524 141.5032 156.5549 191.7537 174.7926 178.0377 197.4625 189.937 1364.302 63 
0.2391372 0.4239537 0.8880814 0.06005794 0.07140825 0.1213253 0.1290696 0.1675893 0.2303452 0.2666445 0.2383473 0.5236086 1 110.8624 137.3737 156.7489 232.9594 238.4316 263.6499 299.4597 282.2407 205.5675 280.1861 1845.924 64 
0.4486457 0.1889606 0.8424119 0.1011015 0.1202824 0.1314883 0.09853 0.2152033 0.1887565 0.2999171 0.5077683 0.9999999 0.9999965 317.5321 459.9915 545.9534 571.5057 468.9373 628.8522 570.1831 627.1062 721.431 750.2838 3140.724 65 
0.4523476 0.1414222 0.878214 0.08808086 0.1363468 0.1410202 0.1013958 0.1828375 0.1768862 0.2653807 0.3290258 0.9999975 0.9983731 353.5531 513.4819 731.357 776.6379 626.6519 729.6192 682.7554 744.4126 733.4502 1140.787 4013.96 66 
0.1700344 0.6087628 0.8743393 0.05262854 0.1010966 0.1383188 0.1256448 0.19465 0.2075987 0.2411429 0.3929613 0.5378638 1 72.2778 84.56751 145.9141 186.5805 158.3468 198.4409 181.0614 166.3855 195.975 172.6478 1373.357 67 
0.2117976 0.4993677 0.9008291 0.04895236 0.0820446 0.1062431 0.1210833 0.1889484 0.1733944 0.2484829 0.2765473 0.5217169 1 80.10192 97.06732 148.2382 183.1693 193.3903 252.9926 211.3966 231.7139 205.4327 256.9084 1636.324 68 
0.1775949 0.5069292 0.9275355 0.06409803 0.07644111 0.1308831 0.1266513 0.1704386 0.1768035 0.2308068 0.2951106 0.4679522 1 106.5252 125.4436 141.1736 213.0841 195.964 220.6411 199.1067 207.2182 205.822 225.4733 1661.911 69 
0.1785706 0.4908854 0.8905305 0.06076036 0.09052303 0.1075202 0.1568409 0.1578788 0.1658673 0.2648191 0.3093046 0.5158426 1 103.8935 122.4459 167.2449 186.9109 237.83 215.9969 192.0958 238.7602 218.1992 241.1969 1709.89 70 
0.1723737 0.6492404 0.9132919 0.05734742 0.07578058 0.1251069 0.1353276 0.1479505 0.1909431 0.2811289 0.3334212 0.494321 1 75.47348 88.48312 109.2656 162.2806 163.7257 156.5526 168.1036 197.0749 177.2889 172.1945 1316.075 71 
0.1774066 0.5402605 0.8937981 0.04741576 0.08553669 0.103594 0.1173638 0.187726 0.2149975 0.2641942 0.3455858 0.5075054 1 74.03902 87.17404 142.6965 166.2254 172.5918 232.6502 229.2184 221.962 213.8741 205.6393 1561.486 72 
0.2465564 0.4708371 0.8719002 0.063238 0.07490236 0.1268439 0.1430877 0.170118 0.1879245 0.2630001 0.3006765 0.5012479 1 106.1944 132.3773 150.4664 221.6891 236.4759 243.5378 229.8578 249.6639 224.1666 244.844 1679.281 73 
0.1701542 0.5584549 0.8994184 0.05870121 0.09015772 0.09498071 0.1350482 0.151706 0.2090998 0.2370536 0.3273754 0.5116066 1 85.9512 100.5762 141.3746 143.1616 177.6253 179.143 204.6018 190.9354 196.9849 206.4275 1464.215 74 
0.2088385 0.4739993 0.9198749 0.05500797 0.07166003 0.1118956 0.1374562 0.1573193 0.1690275 0.2774761 0.369454 0.5165849 1 92.82769 112.2137 137.7111 194.4127 221.3246 224.6291 208.441 263.8777 267.0877 242.6711 1687.532 75 
0.2168604 0.5021438 0.9251223 0.07313188 0.09799817 0.08930404 0.1335805 0.13151 0.2026551 0.2475317 0.3431468 0.5416711 1 119.4882 145.4005 179.9386 161.0089 201.0894 185.3522 229.8958 234.6065 243.5959 252.6508 1633.874 76 
0.2359341 0.3855163 0.9235001 0.06688473 0.1053985 0.1337808 0.1541325 0.1458569 0.1916017 0.2556919 0.3148236 0.51244 1 134.8832 166.7067 237.6673 281.2847 291.124 248.595 260.5146 279.2347 265.4541 285.2066 2016.651 77 
0.19167 0.4996148 0.8915451 0.05987348 0.1008858 0.1104202 0.1445237 0.1517253 0.1981023 0.2011582 0.3084555 0.4042336 1 100.0771 119.2589 181.3902 190.7762 218.2119 204.9617 219.9693 189.2869 216.5007 204.8257 1671.477 78 
0.2066382 0.4567548 0.9577765 0.08051305 0.0883462 0.1174302 0.117087 0.1604376 0.1720299 0.2474968 0.3161484 0.4634751 1 144.5 174.3592 181.8217 214.2389 199.7358 229.3564 216.711 246.4693 244.8002 244.9458 1794.74 79 
0.1849873 0.5817265 0.8898594 0.05688603 0.07701336 0.114324 0.1231507 0.1512362 0.2102742 0.213331 0.272747 0.5216803 1 82.5133 97.77722 123.441 167.1845 168.6447 179.4946 208.2093 178.7313 174.087 228.3695 1450.502 80 
0.1995347 0.5145846 0.8928992 0.06687652 0.09469874 0.1100346 0.1501943 0.1717027 0.2098165 0.2477998 0.3200827 0.4894767 1 106.883 128.2099 166.8096 181.8425 216.7493 218.5713 221.0667 209.7162 202.7508 207.7558 1598.215 81 
0.1499576 0.5400772 0.9021607 0.05531657 0.08566559 0.1117795 0.150338 0.1639895 0.2532031 0.2355459 0.3699518 0.5033286 1 87.0243 100.0743 142.3214 173.2355 207.4319 199.2803 246.9659 187.8456 209.2422 186.5928 1573.205 82 
0.1696132 0.5681925 0.8850785 0.06626938 0.09112186 0.1023987 0.1215062 0.1588853 0.1786404 0.2054455 0.3853858 0.5229585 0.9999998 98.55877 115.2756 146.0919 154.0212 163.7788 185.9096 181.0759 171.9722 239.7112 216.2539 1487.245 83 
0.2084894 0.5182381 0.8940981 0.06412293 0.08535089 0.126728 0.1360253 0.1923874 0.2339428 0.2590913 0.3226466 0.536622 1 100.34 121.2598 150.275 201.0796 201.0351 236.3428 240.2152 212.0774 193.6813 208.7632 1564.807 84 
0.173639 0.6476046 0.8633901 0.05563325 0.0716005 0.1233008 0.1327243 0.1799971 0.2066938 0.2914085 0.3893955 0.5639426 1 72.57565 85.17761 102.9992 158.9103 160.6792 184.433 179.4197 196.0078 190.1274 171.0478 1304.537 85 
0.2026672 0.5512233 0.8734342 0.06734205 0.06817172 0.1245709 0.144695 0.1574534 0.1923638 0.2270232 0.3329256 0.530128 1 103.4056 124.3625 122.8344 191.1334 207.7768 199.4389 202.3675 195.3743 214.573 229.3482 1535.527 86 
0.1925043 0.5801746 0.85764 0.05752563 0.09720963 0.1205527 0.1308516 0.1527954 0.2164001 0.2533911 0.3815109 0.4585092 0.9999999 84.45882 100.7175 153.901 180.2239 178.4508 180.2522 209.7604 201.0066 219.2568 176.4225 1468.195 87 
0.1869803 0.5490122 0.8943709 0.05418629 0.07612379 0.09776015 0.1590108 0.1607378 0.2023084 0.311105 0.3442954 0.5320821 1 83.787 99.45351 129.9261 156.3832 223.0859 206.505 212.6851 253.2978 210.1548 204.2597 1546.277 88 
0.2207855 0.4800167 0.8616729 0.04564798 0.09017193 0.1285956 0.1363712 0.1493321 0.1901363 0.2794788 0.357638 0.5371488 1 77.08041 94.09866 166.0879 225.2154 223.9583 214.2214 225.7658 262.2965 253.7956 245.0208 1688.583 89 
0.1993461 0.4492349 0.8805216 0.07444695 0.09975679 0.1207786 0.1373915 0.1806559 0.1960268 0.261673 0.3643099 0.4757347 1 133.5608 160.1857 197.5765 219.9303 224.4147 249.5492 231.8371 241.6372 249.0478 216.3992 1794.04 90 
0.2055829 0.4759367 0.9327359 0.05668315 0.1084835 0.1516831 0.1102442 0.2034698 0.2067366 0.2198252 0.3353846 0.550292 0.9999999 96.64998 116.5196 198.4439 258.303 187.2089 258.7105 231.4175 197.9107 219.6316 240.2892 1705.092 91 
0.1650692 0.543555 0.9140128 0.06137667 0.09315885 0.113881 0.121079 0.1632228 0.1970683 0.2450361 0.3491494 0.5659557 1 95.66527 111.4567 154.6888 176.6206 171.497 196.9628 202.9017 203.6045 216.6047 228.8154 1558.659 92 
0.2111313 0.4564104 0.8646089 0.0810976 0.09016076 0.1152136 0.1279289 0.1600283 0.2159064 0.242455 0.3511583 0.4541079 0.9999999 144.6077 175.1389 184.7079 210.7573 213.24 229.1008 256.9818 237.941 251.7724 222.2582 1783.132 93 
0.1472039 0.6882795 0.8703864 0.06496039 0.1047461 0.1122582 0.1515722 0.1570589 0.1939732 0.25924 0.337817 0.5054152 0.9999998 81.36205 93.33886 136.4106 137.7778 161.3582 147.7788 150.8725 161.3003 158.0072 156.2746 1252.487 94 
0.2273363 0.420807 0.9327501 0.0687793 0.08696427 0.1228417 0.1219946 0.1466862 0.2023486 0.2092298 0.3420916 0.5111616 1 130.7017 160.4149 190.3604 241.7526 227.8541 234.3269 268.1272 238.1635 283.2582 289.6293 1900.305 95 
0.1663418 0.558907 0.8979116 0.05672982 0.1045924 0.1072096 0.1503225 0.1485211 0.1918184 0.241331 0.3529117 0.5522895 0.9999999 85.88312 100.1691 166.0218 164.7004 199.0003 177.1626 187.8936 192.3387 210.7078 216.0262 1513.897 96 
0.1510846 0.5353202 0.93142 0.06401544 0.07879 0.1311166 0.1344666 0.1911193 0.21518 0.2469974 0.2580365 0.5453681 1 100.8751 116.1158 133.7521 198.3572 188.7147 223.8003 211.6646 192.2 155.0772 221.079 1575.793 97 
0.1679719 0.518305 0.8627215 0.06867797 0.08200621 0.1247196 0.1503745 0.1683349 0.2099817 0.2535513 0.3370649 0.5846615 0.9999995 109.9759 128.4488 143.8759 194.9147 212.9345 207.1505 212.5925 205.3175 202.7913 227.5966 1601.328 98 
0.2447703 0.4553247 0.8885061 0.04714901 0.1311533 0.1035411 0.1239735 0.1723536 0.1676721 0.2526651 0.360418 0.4321693 0.9999999 81.26029 101.1504 240.141 206.5155 209.1233 244.3137 215.2996 247.7311 268.5507 225.1839 1723.478 99 
0.2175168 0.4590379 0.9282669 0.04854062 0.08294954 0.1112612 0.1378417 0.1539661 0.1869052 0.2968875 0.3070017 0.4995315 1 84.96054 103.4409 160.6391 204.8596 231.6502 230.5574 235.1901 290.1465 236.8722 247.4557 1750.298 100 
