0.1991527 0.671228 0.4654878 0.06550051 0.1080573 0.1053944 0.1344203 0.152298 0.2311061 0.2461624 0.2903117 0.5271467 1 83.43005 100.0454 148.545 141.4784 155.8463 156.2437 192.1762 170.1782 151.1608 181.2231 1273.731 1 
0.1851236 0.5025019 0.5656542 0.06543025 0.09029423 0.1049458 0.1382759 0.1853391 0.2221976 0.2172248 0.2672977 0.4619527 1 109.4532 129.7156 165.1767 179.8327 209.3098 242.0528 243.3719 196.0396 181.7231 217.7983 1672.823 2 
0.1202624 0.6820646 0.6607107 0.05285814 0.07915183 0.1244229 0.1208157 0.1468266 0.1937779 0.266676 0.3588332 0.5069399 0.9999997 67.44264 75.55345 104.7393 151.0567 135.8846 142.1198 158.7172 176.2238 176.2462 161.6438 1275.918 3 
0.1211075 0.5609747 0.6069599 0.06378702 0.08154199 0.1129656 0.1437628 0.18423 0.1926319 0.2407004 0.3170038 0.4590259 1 99.8275 111.9174 133.0281 168.1298 191.9703 211.5475 186.2336 184.5869 184.3878 182.5794 1565.013 4 
1 0.1807036 0.2059949 0.237813 0.06752258 0.188097 0.2080878 0.3420194 0.246056 0.443149 1.267893e-125 0.4919793 1 310.025 620.0499 687.1421 861.4202 1017.955 1221.703 1318.15 1449.112 1449.112 1530.074 1303.65 5 
0.7905101 0.1802784 0.2768061 0.1366599 0.1519338 0.08002316 0.2203858 0.2072154 0.15459 0.1757751 0.4393894 0.9999866 0.9902357 282.9125 506.5576 671.9872 652.5064 823.1273 875.9594 825.6889 780.7889 881.0957 1033.184 2070.193 6 
0.2058631 0.4204671 0.5781887 0.07361311 0.079253 0.1078871 0.1275299 0.1928979 0.1723659 0.2389768 0.3287281 0.4864785 1 142.6995 172.0761 177.7473 214.9813 232.3753 296.0925 239.9947 254.8498 267.5304 268.7219 1938.507 7 
0.7961869 0.1882894 0.2750953 0.1581372 0.1247395 0.2252809 0.06643812 0.1640558 0.2679025 0.3458661 0.3897256 1 0.999981 308.0559 553.3259 645.1203 837.0054 740.2942 759.7277 837.3813 886.4554 867.7537 944.5236 1948.03 8 
0.2052864 0.4605455 0.4291449 0.0442832 0.06951788 0.143269 0.1369461 0.1482724 0.2219079 0.2249962 0.3562602 0.5094473 0.999999 78.16943 94.21655 136.6213 252.9454 236.1007 220.5671 264.6563 227.4015 259.0657 248.6899 1765.216 9 
0.1272179 0.8519008 0.4526827 0.05607674 0.09323478 0.1033797 0.1482257 0.1716092 0.217351 0.259305 0.2980085 0.5057573 1 59.86658 67.48268 102.5392 107.5093 135.1181 136.9481 143.0725 135.5234 117.1114 133.8809 1067.583 10 
0.9996682 0.1557094 0.2153322 0.1900004 0.2432357 0.2162944 3.561259e-05 0.363703 0.1730522 0.2489499 0.4194025 0.9999978 0.9999939 269.8266 539.5636 819.181 1007.196 1006.887 1254.671 1329.374 1418.297 1530.897 1686.918 1420.137 11 
0.9735482 0.1121177 0.2563976 0.2363427 0.2061955 0.2737018 3.656019e-07 0.1627444 0.4460323 0.0002940233 0.3552835 0.9999983 0.9999997 437.1352 862.7074 1131.127 1408.083 1370.837 1467.104 1732.402 1686.688 1776.222 1972.673 1849.582 12 
1 0.1329024 0.2321352 0.2615177 0.2240013 2.340689e-09 0.132643 0.3861691 0.08332087 0.4073053 3.256801e-38 0.1562316 1 413.9729 827.9459 1089.801 1089.801 1210.126 1513.968 1554.209 1734.534 1734.534 1775.53 1582.963 13 
0.1817324 0.5283397 0.4873314 0.06261672 0.1039256 0.121724 0.1200202 0.167225 0.1890659 0.2125089 0.3303761 0.4552708 0.9999999 100.3151 118.5456 177.6122 196.0778 177.4815 206.1713 201.2182 185.8237 216.4996 207.9617 1602.05 14 
0.8992562 0.112067 0.351866 0.2630372 0.09203825 0.1168961 0.1148837 0.1184742 0.5130807 1.443194e-17 5.692993e-27 0.4579786 1 633.6194 1203.406 1245.56 1308.496 1340.202 1354.451 1787.844 1607.73 1445.761 1547.78 2408.858 15 
0.9999997 0.1430147 0.2852936 0.2897853 0.1036947 0.2240806 0.2215788 8.151465e-07 0.1705055 0.4377572 1.712731e-07 0.2486382 0.9999999 440.6562 881.3123 993.2996 1210.206 1376.629 1376.629 1476.316 1688.614 1688.613 1756.409 1520.63 16 
0.9290247 0.1177517 0.2646655 0.2207784 0.1818617 0.1112589 0.3016084 0.1911407 1.264958e-08 0.5688535 1.408805e-12 1 0.9999906 441.6716 851.9954 1075.02 1140.614 1401.519 1453.353 1350.201 1618.602 1503.721 1673.053 2000.52 17 
0.1498374 0.6567813 0.5004116 0.05853009 0.0801088 0.1142887 0.1334907 0.1695455 0.201057 0.2438283 0.3054363 0.5067587 1 76.12956 87.53662 111.2144 145.4061 154.9738 169.7988 169.7925 165.3028 157.25 176.2299 1300.691 18 
0.9571472 0.1279356 0.2334429 0.2291417 0.1348788 0.2780155 0.1391065 0.1172779 0.3814336 4.858788e-05 0.6508734 0.9999938 0.9997305 406.5465 795.6714 946.0441 1234.451 1300.383 1330.906 1521.489 1456.308 1655.25 1724.504 1774.214 19 
1 0.1477513 0.2730865 0.2455282 0.2497359 2.623877e-11 0.2672148 0.1344302 0.5085148 1.077375e-26 1.27346e-32 0.3555071 1 358.8343 717.6686 993.0386 993.0386 1214.099 1295.592 1562.421 1562.421 1562.421 1654.103 1461.479 20 
0.9999861 0.1471695 0.2583248 0.2676429 0.2675634 0.2401531 8.651259e-07 0.214909 0.3147564 0.6444755 0.9999995 1 0.9999939 360.2666 720.5282 984.2836 1157.67 1157.654 1275.546 1411.104 1601.305 1706.218 1706.194 1346.072 21 
1 0.1419685 0.2285113 0.255083 0.2836573 0.04869287 0.1795525 0.1466083 0.3547566 0.7883863 0.0002098907 1 1 359.3679 718.7357 1016.422 1053.028 1181.438 1267.462 1445.1 1699.824 1699.838 1768.195 1408.827 22 
0.7483316 0.2260391 0.2786268 0.1137004 0.1206948 0.1370856 0.2543142 6.114416e-08 0.249827 0.21302 0.420267 0.496171 1 221.2156 386.7581 497.5478 580.1882 766.9188 573.9096 673.2204 659.704 735.7513 716.2705 1945.601 23 
0.2116478 0.5891673 0.4841795 0.07645467 0.09851103 0.1268437 0.1303573 0.1604945 0.2323234 0.2141387 0.3331842 0.5205035 1 110.3252 133.6753 159.5767 186.1647 176.148 183.6953 216.8044 171.7843 190.2988 200.6376 1443.015 24 
0.846752 0.1359706 0.3138618 0.1242449 0.1764026 0.112838 0.1142852 0.2291553 0.3048392 2.359712e-17 0.4827541 2.103404e-06 0.9999999 294.206 543.3255 825.8762 892.032 928.4963 1093.743 1241.488 1051.232 1237.306 1047.692 2367.952 25 
0.614585 0.1416054 0.368556 0.1009229 0.1237963 0.1348839 0.2497317 0.1398073 0.2608817 0.2843469 0.4604477 0.9999985 0.9913301 324.8553 524.5066 680.6193 760.3271 1015.122 853.9821 894.1901 847.1 865.4298 935.9334 3218.847 26 
0.6494745 0.1717949 0.3664485 0.07504278 0.1186191 0.1350384 0.1889026 0.1418194 0.1390111 0.4404487 2.820701e-12 0.4878688 1 203.7419 336.0671 516.1515 634.1191 773.4969 722.5893 654.5518 930.4717 604.3176 705.7062 2715.011 27 
0.1824263 0.6192662 0.5949711 0.06182633 0.07906389 0.1230441 0.1231342 0.1558607 0.2364619 0.2410069 0.3233835 0.5428222 0.9999999 83.97255 99.29135 118.8588 166.0731 157.0126 169.2881 211.003 178.6647 175.347 194.1205 1358.2 28 
1 0.22636 0.1840979 0.1321687 0.2114746 0.06842058 0.2464112 0.1271048 0.08290466 0.3066308 0.4043176 0.2248144 1 163.521 327.042 554.1008 612.028 806.3743 881.9204 924.9325 1070.828 1204.215 1248.396 1237.214 29 
0.7167986 0.1606113 0.3195612 0.1231557 0.09105977 0.1541921 0.08870903 0.2115329 0.3136524 4.744168e-10 0.4014057 0.4478277 0.9999999 323.7791 555.8635 608.3571 759.1527 701.3737 844.3759 1004.652 720.1332 867.0167 855.7655 2629.022 30 
0.9999958 0.219022 0.2111641 0.1939157 0.1537202 0.2248477 0.1233229 0.3340623 0.09179087 0.2986855 0.9999996 0.9999847 0.9999166 228.3848 456.7686 602.7037 783.3507 860.1507 1042.538 1075.907 1174.533 1406.111 1406.106 1177.753 31 
1 0.1732976 0.2359609 0.2633822 1.953792e-09 0.1874725 0.1917722 0.1763705 0.1430513 0.4814092 1.282681e-21 0.06594814 1 382.3636 764.7273 764.7273 965.2068 1131.838 1255.698 1338.44 1577.059 1577.059 1594.011 1451.744 32 
0.3299144 0.2656549 0.5099331 0.05816234 0.1160769 0.1089223 0.1633205 0.1538601 0.1768403 0.2483354 0.3252261 0.5321741 1 154.339 205.2576 357.8228 358.6762 439.8322 398.5177 377.9231 409.5635 415.5575 446.7414 2653.59 33 
0.6993862 0.1649971 0.3070427 0.1327738 0.09536438 0.1608315 0.2287296 9.131711e-08 0.2725058 0.2877482 0.322782 0.452034 0.9999999 351.5439 597.4089 636.79 779.4374 943.8262 660.0992 828.0215 860.5372 826.7022 791.4354 2647.689 34 
0.9783332 0.1543572 0.2264404 0.1675699 0.3784773 3.57368e-07 0.2813594 1.83169e-08 0.346416 0.1500276 0.9999999 1 1 246.2471 487.1589 939.5843 919.2267 1113.225 1089.105 1254.781 1281.169 1556.937 1523.203 1469.519 35 
0.1181548 0.8734682 0.5283401 0.05211837 0.08340838 0.1402987 0.1311525 0.163445 0.2115104 0.2342571 0.3167311 0.5227387 1 53.80891 60.16669 88.73473 136.3326 117.2471 123.3639 133.1286 119.2601 121.2798 135.2042 1032.436 36 
0.9999995 0.1289902 0.2500533 0.2588464 0.2025648 0.1849792 0.1169299 0.2157685 0.329 9.958685e-06 0.9999994 1 1 395.5106 791.0209 1020.418 1187.466 1273.528 1413.767 1581.463 1581.465 1923.48 1923.479 1527.974 37 
0.1180421 0.8898094 0.5657345 0.05833357 0.09449834 0.1249301 0.1183991 0.1670572 0.1693449 0.2585755 0.3544521 0.5489374 1 58.43949 65.33781 96.86011 118.1525 102.4515 122.1852 107.3788 130.5748 135.2389 135.7601 1001.816 38 
0.7047392 0.1276728 0.3573753 0.1238786 0.1477925 0.1492395 0.1286445 0.1496943 0.2562256 0.3759 1.914675e-12 0.5416897 1 391.6371 667.6391 879.8705 972.3536 943.5981 926.9325 1034.485 1145.038 806.9529 942.8201 3161.459 39 
0.2430653 0.4078597 0.5199764 0.05957126 0.1027458 0.1007211 0.1396867 0.2258509 0.1913286 0.2429177 0.3349154 0.5132201 1 115.2378 143.2481 221.7353 218.303 258.1068 347.9517 271.6238 258.0688 263.1865 268.2726 1934.452 40 
0.5901464 0.1683055 0.4099174 0.09764357 0.1317542 0.1369653 0.1213997 0.1910547 0.156191 0.2722745 0.2611708 0.9999931 0.9806722 285.1972 453.5053 614.8859 676.2973 638.8696 708.5389 637.3804 698.6348 637.4083 1012.98 2920.798 41 
0.9999999 0.2119735 0.1948725 0.1813746 0.08850515 0.248564 0.174718 0.1404186 0.2408171 0.3554986 0.4250592 0.2256728 1 226.5326 453.0653 543.5568 775.2065 897.5619 978.7164 1098.352 1232.431 1335.753 1367.292 1248.977 42 
0.1984228 0.493416 0.5896322 0.06379721 0.09405709 0.1305665 0.1350163 0.1285908 0.2126992 0.2790945 0.3459083 0.5764323 1 105.3871 126.2983 170.5216 216.7667 207.4785 176.6595 230.3472 247.4567 229.3625 241.9955 1651.907 43 
0.9999979 0.1780831 0.2494522 0.2719892 0.1749852 0.2934648 7.680819e-05 0.2422281 0.2036129 0.4378603 0.157331 1 1 348.2913 696.5818 859.7089 1085.415 1085.454 1217.07 1300.904 1444.48 1473.478 1628.804 1280.533 44 
0.1391887 0.8997074 0.4811134 0.04601794 0.0739802 0.1303438 0.1362289 0.1942444 0.2035588 0.2613771 0.2910738 0.446213 1 46.68211 53.17973 78.9964 127.8038 123.9585 148.0147 131.0157 131.1517 111.1328 116.4061 1014.433 45 
0.6566555 0.2052841 0.3529327 0.09687413 0.1265976 0.1077903 0.2310876 2.61378e-09 0.2731525 0.2106853 0.3015624 0.4792996 1 228.9657 379.3173 519.3126 541.9672 740.2729 486.1043 668.5639 634.8765 638.1739 664.6994 2363.538 46 
0.999928 0.1662984 0.2339968 0.2175006 0.2662522 0.08928395 0.1889571 0.4070004 0.0005213615 0.2668127 0.7041489 0.9997663 0.9976643 288.7523 577.4838 854.0358 922.0307 1053.137 1282.209 1282.291 1371.233 1543.412 1615.667 1327.593 47 
0.09404884 0.7920104 0.575269 0.06047418 0.09346957 0.1078103 0.1582605 0.1425448 0.2234314 0.2568337 0.3391586 0.4916161 0.9999996 66.91851 73.21211 104.0607 111.3948 143.5518 114.3921 146.3579 134.8094 131.4694 126.1542 1106.563 48 
0.9999993 0.1909496 0.1951756 0.1771937 0.1062273 0.2952732 0.07721669 0.23263 0.2346859 0.1802805 0.6076946 0.9999988 0.9999995 225.277 450.5538 561.676 837.7443 888.6211 1030.063 1139.56 1203.933 1381.804 1496.631 1271.36 49 
0.1711134 0.5302249 0.519043 0.0623797 0.08754165 0.1087492 0.1638786 0.1604575 0.1985236 0.239034 0.318586 0.5041483 0.9999999 99.95893 117.0632 151.5596 175.0225 230.1839 203.3135 205.0614 199.4051 200.7738 214.0582 1602.427 50 
0.9999957 0.141492 0.2810712 0.2213104 0.2276729 0.1540155 2.459164e-09 0.3004373 6.443531e-06 0.397103 0.4453173 1 1 332.2753 664.5491 930.724 1069.788 1069.783 1299.276 1299.274 1511.471 1654.935 1833.632 1501.399 51 
0.2610602 0.4934056 0.4755009 0.05372344 0.09811626 0.1162675 0.1144636 0.1614171 0.2256925 0.218733 0.3649427 0.4896169 1 87.15031 109.9018 179.3046 207.7745 194.2849 225.6042 263.9483 222.7838 258.7386 238.4413 1622.203 52 
0.8661489 0.1163271 0.3322406 0.180751 0.2678915 0.09692798 0.1710327 0.1647246 0.2418158 0.4676179 5.43293e-28 1 0.9999998 421.2558 786.1261 1192.396 1168.282 1227.809 1235.84 1281.786 1420.11 1230.027 1418.199 2330.586 53 
0.7301979 0.09254192 0.4114112 0.1342418 0.1653803 0.100644 0.1563252 0.2161138 0.243458 0.2014755 0.5426525 0.9999999 0.9999652 518.6869 897.431 1208.522 1163.45 1242.071 1364.775 1400.84 1276.005 1476.121 1536.667 3863.826 54 
0.6008671 0.1390458 0.4463839 0.09712829 0.1034729 0.125669 0.08003126 0.2058554 0.1964536 0.4152377 5.986034e-07 0.5062648 1 345.219 552.6497 664.1175 760.5948 658.3303 871.9446 884.9559 1144.93 687.9514 850.5418 3554.258 55 
0.1262837 0.8731094 0.4913609 0.06628826 0.1035495 0.1457818 0.1323678 0.1623158 0.1438659 0.2371574 0.3624146 0.5151768 1 67.57461 76.10817 108.1728 138.0516 113.9136 117.0336 90.99237 119.0505 140.4213 131.3758 1019.405 56 
0.7086216 0.1097243 0.4109611 0.1472488 0.1443115 0.1844935 9.767824e-08 0.173506 0.2033176 0.1757957 0.2696403 0.4327512 1 546.8505 934.3606 1119.133 1293.003 916.2497 1032.714 1103.165 1037.535 1058.61 1129.222 3713.785 57 
0.2067527 0.4254908 0.5087572 0.06234966 0.07455872 0.107255 0.1243663 0.1574864 0.199863 0.2529729 0.3304713 0.5003461 1 117.5107 141.8064 161.0786 208.712 224.7298 247.8017 266.508 273.1222 269.2309 271.3395 1884.705 58 
1 0.1164512 0.2938458 0.2282392 0.3231784 0.1004914 0.2390399 0.1055619 0.3310533 0.2166444 0.8165796 1 1 360.7736 721.5471 1115.795 1198.767 1376.299 1435.958 1603.305 1676.563 1892.869 1941.455 1580.682 59 
0.1865783 0.4656198 0.5634085 0.05487614 0.09485167 0.1015275 0.1477463 0.1450746 0.2095321 0.2466337 0.3438199 0.5106081 1 96.64636 114.6785 179.2796 186.4154 234.7819 211.1744 246.0637 238.1967 246.3876 242.7654 1761.173 60 
0.7731964 0.1687759 0.2922996 0.1532819 0.08691559 0.1804127 0.1961988 0.1524524 0.3093563 0.1264318 0.4308528 1 0.9999979 337.7392 598.878 625.2041 790.7373 885.3204 855.6141 955.8016 822.076 882.8715 1009.239 2203.386 61 
0.1757163 0.6042783 0.5231391 0.04898505 0.07682122 0.1177801 0.1275232 0.1711598 0.2086945 0.2687516 0.2859123 0.5166942 0.9999997 67.85014 79.77252 115.2116 163.474 165.5377 189.2989 195.1726 199.2848 163.3699 194.3433 1385.119 62 
0.9999934 0.1801211 0.2313009 0.1670771 0.1387595 0.1446414 0.1989345 0.09859448 0.2067163 0.4026148 1.416937e-05 0.2213457 0.9999997 238.8116 477.6217 642.817 791.1194 965.5864 1034.849 1165.754 1368.012 1368.007 1434.426 1429.35 63 
0.8129569 0.1458179 0.2876205 0.1428134 0.1393129 0.1498035 0.09527825 0.1713412 0.2777049 0.2575024 0.5078292 4.633806e-08 0.9999995 336.0548 609.2528 776.2973 891.1625 865.1057 932.0947 1065.048 1071.649 1172.574 953.2519 2353.105 64 
0.1337351 0.8856626 0.4772173 0.0639298 0.08043112 0.1211232 0.1505708 0.1665488 0.2000219 0.2788293 0.3243181 0.5028696 1 64.35941 72.96652 85.5533 116.4027 130.2425 125.1632 124.5873 136.9305 119.1968 121.6349 1006.72 65 
0.2291023 0.4624644 0.5589493 0.07022119 0.07417239 0.1248536 0.1231406 0.1609207 0.1912636 0.2196734 0.3439877 0.5077441 1 123.2556 151.4937 155.7563 224.3308 214.223 235.6614 240.0682 227.841 263.3961 264.8488 1755.248 66 
0.2322555 0.4122774 0.5006682 0.04173712 0.1009627 0.1232344 0.1356829 0.1824335 0.1691743 0.2631373 0.3437221 0.4950596 1 80.04299 98.63342 208.4519 252.0223 255.0831 287.6593 239.9823 279.5244 280.3217 268.7095 1917.789 67 
0.162845 0.5793954 0.5656904 0.07800548 0.09312883 0.1059168 0.11974 0.1577873 0.172576 0.2724542 0.332601 0.5613341 1 112.1857 130.4546 144.7319 150.9342 153.3159 174.2969 165.9387 206.7102 193.253 211.23 1438.178 68 
0.2461038 0.5729051 0.4143516 0.06493762 0.1014578 0.09081614 0.1468212 0.1646743 0.1816194 0.2349491 0.3631062 0.5324102 1 92.51183 115.2793 163.5241 148.9473 196.4358 201.2401 190.3866 195.982 224.5541 219.923 1424.626 69 
0.8257759 0.1286721 0.3194438 0.1337073 0.2454021 0.05459429 0.1685469 0.1643319 0.2431917 0.2524113 0.7234284 0.9999943 0.9999261 326.4237 595.9766 1011.146 922.1071 1015.754 1044.936 1117.827 1123.333 1356.704 1284.374 2441.331 70 
0.1051843 0.8630562 0.5921832 0.06671541 0.09070873 0.1269529 0.1494615 0.1650621 0.1999923 0.2499458 0.28041 0.5082023 1 69.52072 76.83321 96.29845 122.395 128.2651 121.8803 122.4688 122.5122 105.1374 131.3682 1042.049 71 
0.9999871 0.1307382 0.2521288 0.239551 0.2329371 0.3452749 0.1154628 0.2866777 5.149352e-07 0.3583361 1 1 1 351.9707 703.9368 964.1935 1260.101 1324.875 1467.149 1467.131 1593.982 1821.146 1821.122 1469.293 72 
0.8631115 0.2107232 0.2707727 0.1505788 0.1274126 0.151614 0.1441375 0.2576861 0.2170168 0.3581112 0.416794 0.9999955 0.9999996 237.3063 442.1281 552.1673 653.6814 707.0394 828.8115 851.9899 911.8982 918.9551 977.7026 1575.961 73 
0.1722771 0.6347882 0.5397124 0.05689444 0.087952 0.09977818 0.1670901 0.1375206 0.2106182 0.2738759 0.3018857 0.5349861 1 75.61557 88.64241 125.5132 135.6887 195.333 151.53 181.8134 191.1517 160.8563 185.9761 1329.05 74 
0.1506329 0.6296322 0.4819454 0.06380711 0.09161569 0.09781786 0.1417732 0.1647925 0.2182858 0.221064 0.350222 0.496311 1 87.35304 100.5113 132.5609 133.8519 169.0754 174.0201 190.5595 158.8115 184.4787 175.6324 1369.017 75 
0.2669936 0.4185495 0.475321 0.06229689 0.08518831 0.110883 0.1394658 0.1488055 0.1998523 0.2423613 0.3473093 0.4787715 1 114.6829 145.3025 185.8491 224.7239 255.8193 248.0963 271.7791 272.0062 289.1618 272.0332 1840.909 76 
0.2014563 0.4696561 0.5880325 0.07313845 0.08272349 0.1050731 0.1519237 0.160866 0.2213929 0.2446161 0.3526659 0.504177 1 123.4955 148.3745 159.355 182.9415 232.0339 222.0145 247.139 223.9194 234.7473 222.7893 1688.517 77 
1 0.1778724 0.2165326 0.1889261 0.1256826 0.1552077 0.09549163 0.1945713 0.1967666 0.3698202 0.271514 0.3754883 1 264.3336 528.6672 671.2923 825.2861 905.3257 1052.839 1172.991 1354.38 1438.303 1522.851 1399.137 78 
0.9314593 0.1262216 0.2652714 0.1983628 0.1987417 0.1980542 0.1485197 0.1473224 0.1120775 0.1860804 0.9999677 0.9985843 0.9956875 372.4069 719.2888 969.0937 1141.503 1206.891 1245.48 1238.806 1269.905 1690.27 1574.434 1877.403 79 
0.1557322 0.6379066 0.617342 0.05937861 0.09298737 0.1127249 0.1324174 0.15932 0.1784933 0.2513698 0.2783983 0.4518667 1 79.94974 92.40049 132.1573 150.0708 158.3351 165.5396 158.4694 178.1897 155.0298 173.217 1346.44 80 
0.2281663 0.4189271 0.5187651 0.05196028 0.08898231 0.1239247 0.1214929 0.1443841 0.2038111 0.2332554 0.3363237 0.5559113 0.9999999 97.86936 120.1999 186.3188 244.1097 228.8469 232.9886 271.4945 260.895 279.4747 305.0476 1883.542 81 
0.2367162 0.4431011 0.4962351 0.06698755 0.08671606 0.101813 0.1316491 0.1600101 0.1592664 0.2559899 0.3041368 0.5569803 1 119.6122 147.9264 179.4835 197.3962 226.6385 243.5312 216.4055 265.7587 252.5438 301.4451 1785.589 82 
0.999998 0.1630394 0.2171018 0.1664074 0.312018 0.0969904 0.3706515 0.1424029 0.5012259 0.3613094 0.9999812 0.9996602 0.999658 214.7563 429.5121 765.1769 836.9603 1084.679 1144.574 1325.375 1390.378 1505.285 1505.285 1290.545 83 
0.2651335 0.4221474 0.5172495 0.06046252 0.0955699 0.1062817 0.1498067 0.1524704 0.2137033 0.2329428 0.3180506 0.4874865 0.9999996 111.337 140.8562 202.6897 220.0432 267.8362 252.2908 282.2317 259.3949 262.0717 271.5273 1841.422 84 
1 0.197944 0.2067606 0.1220289 0.2142671 0.1041877 0.3554987 6.833495e-14 0.193191 0.1945951 0.4633734 0.0005280871 1 161.7252 323.4504 572.7666 668.0213 959.1767 959.1767 1061.153 1144.026 1302.963 1303.061 1325.302 85 
0.571007 0.190862 0.3795419 0.08883641 0.1393536 0.1152616 0.1469828 0.1175797 0.1978404 0.2554722 0.341695 0.9999994 0.9768917 241.0153 378.6368 560.6875 565.3785 599.5013 531.1097 583.5769 623.5802 645.2054 925.4635 2713.024 86 
0.9999879 0.1759446 0.2144203 0.2728246 0.1718487 4.518051e-05 0.3581699 0.2944439 0.0001539318 0.1742632 0.8037731 0.9998269 0.9984583 352.5276 705.0509 866.5136 866.5383 1145.222 1292.257 1292.296 1353.674 1587.487 1644.543 1292.14 87 
0.6709249 0.1526015 0.4071486 0.1379224 0.09109433 0.122841 0.1441136 0.2914777 0.1267003 0.2499798 0.4340625 1 0.9999998 380.0886 635.0996 642.5194 696.3342 740.1478 969.0981 795.7182 784.6117 852.9672 998.0401 2755.816 88 
0.1723463 0.6541604 0.5575176 0.04862434 0.06551496 0.1196858 0.1416175 0.1625851 0.1731961 0.2160959 0.3273185 0.5254929 1 62.67659 73.47867 93.00606 153.1865 169.2677 169.9638 154.888 156.2583 180.7712 197.2963 1288.996 89 
1 0.1205624 0.2545802 0.2195677 0.205169 0.1071276 0.09070249 0.1103639 0.4355798 0.1061361 0.372883 0.008922736 1 381.6549 763.3097 1041.633 1157.141 1244.463 1341.076 1680.301 1726.955 1873.464 1875.663 1738.211 90 
0.9999848 0.1731804 0.2510338 0.216797 0.1419526 0.2087604 0.07007049 0.3446259 3.615597e-07 0.1756 0.1188217 0.5625655 0.9999992 306.1452 612.2858 769.2736 967.3726 1019.972 1260.595 1260.577 1340.916 1385.723 1572.719 1412.128 91 
0.1676166 0.5405583 0.5388559 0.06069048 0.07385135 0.1232072 0.1381909 0.1823639 0.1983679 0.235539 0.3648104 0.5154092 1 92.4971 108.0011 123.8271 184.1107 191.5073 214.802 198.4981 187.9404 214.6333 200.319 1524.079 92 
0.1047264 1 0.5353896 0.05895667 0.09277013 0.1128817 0.1287412 0.1477651 0.1774195 0.2794122 0.391159 0.4916178 1 51.99979 57.44554 83.01529 93.69389 95.81149 96.03353 98.05772 124.2699 128.0155 101.4061 882 93 
0.999999 0.1585583 0.2443135 0.2130584 0.1613873 0.1475625 0.1947679 0.1233631 0.2824769 0.1248193 0.2446883 1 1 302.8302 605.6602 786.1742 924.5876 1080.321 1159.748 1319.184 1369.734 1456.459 1724.17 1421.348 94 
0.9999999 0.1782606 0.2048291 0.2319885 0.116343 0.1737135 0.09636649 0.214293 0.1536798 0.141578 0.2910697 0.408317 0.9999999 325.4872 650.9744 776.3392 941.7456 1017.564 1169.917 1255.762 1322.694 1440.817 1558.291 1403.032 95 
0.1403201 0.5843917 0.530822 0.06301797 0.08076946 0.124698 0.1167164 0.1582047 0.1758287 0.20903 0.2869903 0.4499425 1 92.40606 105.3725 125.7582 175.1357 153.6024 176.0324 169.2269 165.3522 176.9827 196.7384 1466.345 96 
1 0.2063457 0.1574773 0.1655709 0.2217328 0.1288237 0.08315831 0.2307583 0.1442024 0.3297239 0.4159103 0.129343 1 218.1679 436.3359 680.1317 790.367 852.3592 1010.078 1085.894 1234.251 1359.685 1382.469 1317.671 97 
0.6084544 0.1598178 0.4213215 0.105258 0.1129933 0.1079185 0.1727098 0.1520184 0.2275275 0.3676667 1.431783e-09 0.4350461 1 331.6322 533.4153 643.09 661.1407 787.5284 759.7085 818.2962 942.3349 573.3678 681.4046 3150.659 98 
0.2327568 0.4460846 0.5052393 0.07485913 0.08419922 0.1004932 0.1268668 0.1561902 0.1966186 0.2453776 0.3023207 0.5443081 0.9999996 132.2618 163.0466 175.5778 191.2971 215.3505 233.7516 249.4603 253.6257 240.8555 284.4523 1766.809 99 
0.9999975 0.1837579 0.2079007 0.2069888 0.1864659 0.2015615 0.1550431 0.1773592 0.1469883 0.4085454 0.3958902 1 0.9999995 266.7531 533.5055 724.0683 891.6477 994.5683 1094.049 1161.87 1322.672 1414.832 1555.464 1288.732 100 
