0.918438 0.03182806 0.5860708 0.1950693 0.1307133 0.1992358 1.405618e-46 0.3947442 2.427357e-29 0.488584 1.881264e-28 1 1 879.7811 1687.805 2024.675 2488.284 2285.335 3096.472 2843.918 3359.254 3085.267 3615.84 4510.096 1 
0.2845156 0.1146018 0.9198422 0.04175346 0.0429708 0.10721 0.09930761 0.1298043 0.1746899 0.2810452 0.2797372 0.482857 1 183.2434 235.379 247.6809 501.9618 499.6533 562.2597 651.9534 838.7335 706.099 782.0745 4388.7 2 
0.118123 0.4058445 0.8527561 0.0323515 0.04445913 0.09102936 0.1081819 0.1743473 0.1882812 0.2689548 0.3336729 0.5238427 1 49.28107 55.10229 72.04248 136.7234 154.6524 217.3325 203.1657 229.8059 213.8034 220.5156 1523.301 3 
0.2379413 0.1151224 0.8968484 0.04117887 0.0690456 0.1144469 0.07514869 0.165208 0.1730436 0.2404879 0.3523569 0.4543731 1 191.0992 236.5697 363.5158 560.5787 409.053 657.8211 646.6072 717.0917 797.4062 713.1928 4640.711 4 
0.6197784 0.03678439 0.9339114 0.09903066 0.08220123 0.09794798 0.1004471 0.1788945 0.2305416 0.4239383 0.4123988 1 1 788.3809 1277.002 1381.055 1500.739 1526.602 1901.762 2189.855 2787.992 2529.712 2710.26 7960.978 5 
0.07757813 0.5444956 0.8926484 0.03786189 0.06747365 0.08354628 0.1117912 0.1315025 0.1685606 0.2139583 0.317325 0.5460799 1 44.07821 47.49771 79.26242 93.41548 114.2604 120.6739 133.8333 141.7458 164.1385 192.6458 1164.184 6 
0.1622828 0.2565588 0.9238725 0.0357547 0.0771037 0.07371061 0.1278129 0.1498896 0.1485807 0.2572562 0.315023 0.5239361 1 77.95488 90.60561 176.8 171.7063 257.5708 276.751 242.9026 331.2904 319.2277 354.2312 2180.27 7 
0.2385658 0.2703899 0.8814449 0.02248462 0.0707525 0.08913559 0.1139037 0.101541 0.2028097 0.2500455 0.3015551 0.4797376 1 44.38073 54.96846 149.6267 195.5099 232.6602 202.4447 311.9815 333.5941 313.9857 335.3595 1973.826 8 
0.3542822 0.076621 0.9128403 0.04338446 0.05092358 0.06095719 0.1464287 0.1413744 0.1253266 0.2091645 0.3033698 0.5224726 1 261.0278 353.5053 418.3359 481.1874 921.5847 945.4962 806.1271 973.3837 1133.757 1348.165 6016.619 9 
0.5299122 0.06316129 0.8889082 0.07794798 0.08630046 0.06430739 0.1266752 0.1491695 0.2190681 0.1632822 0.6311327 1.659029e-16 0.9999999 459.1367 702.4388 840.9424 764.7477 993.4432 1131.34 1355.346 1158.161 2036.579 1079.208 5890.296 10 
0.8412832 0.02363733 0.6997414 0.09442528 0.1228965 0.154743 0.1364797 0.1438208 0.1457216 0.4568872 8.601188e-07 0.9999989 0.9999966 761.5158 1402.166 2077.161 2738.716 3042.998 3232.456 3302.743 4340.971 3651.988 4929.649 8064.745 11 
0.282375 0.1694017 0.9330141 0.04279135 0.05763744 0.09825321 0.0977967 0.1583777 0.170954 0.2628521 0.3334525 0.4859743 1 123.966 158.9708 204.7192 314.562 319.2761 426.8642 426.4197 510.323 508.7259 497.8568 2896.987 12 
0.2139347 0.1668149 0.9385817 0.03812262 0.07814526 0.08025632 0.1051245 0.1111397 0.169631 0.2372879 0.3475812 0.5058581 1 119.8966 145.5466 267.5369 281.0485 329.7616 325.6441 415.7449 490.9329 554.1423 544.9886 3145.025 13 
0.19208 0.2078113 0.9275138 0.02821616 0.06635587 0.08370549 0.07964082 0.1962621 0.1806629 0.2564893 0.3345294 0.5532928 0.9999999 76.99268 91.78143 193.5839 244.4154 227.612 453.4814 390.2692 427.6108 424.1099 457.8574 2728.673 14 
0.3259518 0.1545546 0.9302468 0.04985401 0.07579061 0.07300972 0.1025843 0.1368164 0.1963546 0.2123214 0.2600727 0.3975741 1 161.7549 214.4793 303.5585 306.9625 370.9955 445.2103 546.8444 527.3439 508.7091 546.8023 3244.572 15 
0.2474361 0.1365907 0.9607875 0.04105008 0.06831782 0.09600928 0.09171073 0.1559672 0.187086 0.2065741 0.3390142 0.5261844 1 153.7428 191.7843 292.8183 393.7146 374.8334 521.2621 562.8228 528.6775 637.8757 678.0367 3745.25 16 
0.9999944 0.03676044 0.5422694 0.1864232 0.141087 0.1839884 0.4910793 0.1468398 3.044723e-09 0.6464622 0.0003166267 0.9999996 1 516.9551 1033.907 1352.203 1708.721 2485.225 2603.376 2603.362 3047.182 3047.242 3289.872 2773.02 17 
0.1614439 0.2639811 0.8838691 0.03892638 0.06738796 0.111648 0.09223843 0.1684502 0.13159 0.2151308 0.3235902 0.4987717 1 87.12807 101.1944 161.2988 250.0277 204.7529 305.5772 226.3607 287.8744 343.187 364.7558 2238.278 18 
0.1534266 0.3781455 0.8750483 0.04124394 0.06759266 0.05225732 0.08527607 0.1390499 0.176706 0.2372707 0.2751371 0.4404723 0.9999999 63.4683 73.20603 110.9568 88.91193 124.8218 184.9804 209.8156 232.7623 213.1078 238.5549 1538.851 19 
0.130144 0.2508369 0.9535562 0.02518244 0.08187004 0.07169778 0.1269146 0.1492043 0.1797505 0.2815053 0.3186288 0.5581607 1 59.79903 67.58151 198.3108 178.1895 273.5849 292.6163 301.5123 377.638 324.3482 370.6911 2374.632 20 
0.6269252 0.03381505 0.8700348 0.08019736 0.08986569 0.09228632 0.1676783 0.1213272 0.2483986 0.3820989 0.3912065 1 1 650.5997 1058.477 1334.153 1463.16 1950.956 1845.622 2276.944 2722.22 2525.722 2858.109 8112.483 21 
0.2536994 0.1579858 0.9347086 0.02657553 0.06827123 0.06882379 0.1151753 0.1376355 0.2111677 0.2301355 0.3148524 0.5131398 1 88.61551 111.0972 249.7843 271.5114 393.23 442.7188 566.0784 533.7065 546.2721 597.3836 3334.478 22 
0.05051208 1 0.9453139 0.02611372 0.05993666 0.08053699 0.1040148 0.1160881 0.1451603 0.2318075 0.3157869 0.4871787 1 17.00003 17.85874 38.90192 49.96507 59.52396 60.00591 66.0307 89.33617 94.5119 99.77426 651 23 
0.2343403 0.1777179 0.8709019 0.03805756 0.07545905 0.07468726 0.09876852 0.1312953 0.210425 0.2207222 0.31464 0.4663457 1 112.5385 138.9108 247.1973 254.3466 299.9528 358.236 484.8434 445.6443 473.2675 485.5723 2957.061 24 
0.1505045 0.3213546 0.9178709 0.02839081 0.05030012 0.08114465 0.1341342 0.1513796 0.1807906 0.2236258 0.3044693 0.5322329 1 52.90063 60.86241 100.2234 154.5991 235.176 242.4693 246.3616 249.7401 262.3795 312.7998 1863.301 25 
0.1213556 0.3752201 0.8859537 0.02764151 0.06138907 0.09285514 0.09982756 0.1414435 0.1772948 0.263518 0.260451 0.5260934 1 45.30619 50.80435 104.0047 151.5252 153.8558 191.4511 209.1746 252.7547 196.1783 271.0453 1639.063 26 
0.3804414 0.08231148 0.8629883 0.04337704 0.09394669 0.09203 0.116602 0.1600897 0.1638594 0.2382665 0.3140814 0.538015 1 230.8341 318.653 599.487 652.5563 736.5879 872.5069 841.1125 939.0611 978.8706 1102.776 5321.574 27 
0.6775973 0.03458906 0.7824554 0.08666253 0.05106236 0.1027642 0.1125345 0.1048693 0.1262835 0.3580658 2.165096e-07 0.4601564 1 751.6947 1261.041 1259 1625.635 1860.578 1888.471 1956.283 3001.892 2034.074 2761.181 8673.815 28 
0.9569728 0.02622473 0.5172027 0.216282 0.1954197 0.2166817 0.04691312 0.1949926 0.4585747 0.7242457 0.9993669 0.9968295 0.9982228 953.3792 1865.737 2460.568 2956.975 2931.887 3210.372 3838.285 4328.178 4391.196 4202.413 4408.039 29 
0.894287 0.02033317 0.6832038 0.1492032 0.1437266 0.1231708 0.2228769 0.1588583 4.965797e-18 0.4699663 3.47446e-46 1 1 1131.189 2142.797 2843.362 3223.085 3961.746 4140.813 3703.075 4799.383 4292.026 5516.229 7581.534 30 
0.1667966 0.2183973 0.8954952 0.04310102 0.04097169 0.1025954 0.1014047 0.1530582 0.2021323 0.2798673 0.335143 0.4990713 0.9999998 114.4712 133.5646 126.404 271.1381 267.0205 345.3642 394.0768 437.4331 393.5051 382.9913 2655.882 31 
0.1626099 0.2578984 0.8817129 0.03769468 0.06471467 0.08432456 0.1124485 0.144671 0.212726 0.2108868 0.2928517 0.4360657 1 85.30382 99.17507 157.0571 197.2901 241.8017 278.7954 346.5206 291.4133 304.9753 320.8243 2263.02 32 
0.3271969 0.07066962 0.9553251 0.04589376 0.06627058 0.09307709 0.1252021 0.1609699 0.1459765 0.2369983 0.3648571 0.5382609 1 311.3109 413.1709 564.0904 747.0411 930.6135 1076.252 939.3611 1121.553 1323.352 1329.132 6783.294 33 
0.2429913 0.2014318 0.9260592 0.03600111 0.06351396 0.08188566 0.07789566 0.1478959 0.1798189 0.1576676 0.3350185 0.4898117 1 94.3257 117.246 188.9103 239.5903 227.3801 351.4105 392.219 315.9608 471.7088 498.5878 2620.078 34 
0.1628307 0.2570033 0.8836797 0.04580699 0.0724244 0.07413619 0.1090567 0.1347365 0.1883547 0.2070091 0.3266648 0.5544575 1 105.0579 122.1645 178.388 179.5388 234.2005 263.7485 315.8469 294.8649 352.6375 405.5667 2293.49 35 
0.5959047 0.04461229 0.8931007 0.07682896 0.1051937 0.1199394 0.1414289 0.1721417 0.1681844 0.2670455 0.5575611 0.9999908 0.9998291 537.9738 858.5549 1191.616 1403.85 1556.503 1679.882 1609.574 1762.872 2280.457 2334.926 7002.227 36 
0.167816 0.2390308 0.8985954 0.03836756 0.08558353 0.06865213 0.08680749 0.1448729 0.150848 0.2338794 0.3129442 0.470676 1 92.03841 107.4839 215.4635 180.9727 200.9105 293.624 280.6957 351.7828 371.3639 385.0659 2398.86 37 
0.1774668 0.1940509 0.9099779 0.02453488 0.07006161 0.08526674 0.1242887 0.1412336 0.1720828 0.1860417 0.3404938 0.4801522 1 72.14627 84.94984 216.0414 265.7847 350.4327 363.9693 380.3575 350.1343 483.1785 477.3217 2940.56 38 
0.1266994 0.2935212 0.9346552 0.02026244 0.07053457 0.08944978 0.1106693 0.1115562 0.1705322 0.2661167 0.3504223 0.4878996 1 40.88313 46.063 145.2687 182.7573 208.3064 192.3725 249.7969 323.435 322.9541 295.9418 2017.68 39 
0.1306231 0.2787324 0.9324957 0.02699315 0.07020893 0.08772548 0.1332662 0.1542517 0.1846481 0.1816821 0.2689317 0.4768106 1 57.40314 64.90131 153.7525 188.859 258.5687 268.4272 272.6268 226.1983 260.4047 333.246 2126.582 40 
0.1586009 0.2736636 0.9252823 0.0264307 0.06383784 0.08455823 0.1023639 0.1500541 0.1852844 0.2696317 0.31104 0.5275327 1 54.8122 63.50546 138.9604 181.8634 205.9622 265.7246 286.7392 335.4689 297.5335 332.6851 2073.808 41 
0.04208637 1 0.880226 0.04242414 0.06803748 0.06960962 0.09854015 0.1315788 0.1841491 0.2114286 0.2862313 0.4873083 1 27.99993 29.17835 44.2277 42.86148 55.80391 67.34855 81.83447 77.44418 82.25925 99.46188 660 42 
0.5360446 0.06645526 0.772709 0.05574699 0.03539822 0.1927033 1.232632e-08 0.1723796 0.1922488 0.2663323 0.3552534 0.4430879 1 300.9573 462.2838 428.2532 1177.128 630.993 1022.528 1179.729 1339.17 1409.526 1311.78 5398.628 43 
0.2288164 0.2032473 0.9439731 0.04699394 0.0460118 0.1028094 0.1276543 0.1437816 0.1792512 0.2519108 0.3569205 0.5242596 1 127.9222 157.1929 155.3311 289.9765 349.7924 358.5344 379.3165 429.686 461.7617 448.9598 2722.099 44 
0.193852 0.1899184 0.9263077 0.03435872 0.05845901 0.08001542 0.1159667 0.160192 0.2063629 0.2730711 0.3143444 0.5555537 1 105.3081 125.7222 197.3898 261.238 347.9406 430.5017 476.2255 504.8007 443.023 504.1491 3064.959 45 
0.2160779 0.1729042 0.9170333 0.03663726 0.06926355 0.1015251 0.1013668 0.129734 0.1274272 0.2409962 0.2960402 0.4861882 1 109.8884 133.6329 229.0104 322.5196 314.6223 349.6835 316.3543 465.7297 471.1289 530.1359 2999.363 46 
0.6760945 0.0444621 0.8015607 0.06015882 0.1092608 0.1359344 0.1200174 0.1609152 0.2413168 0.3377141 0.437942 1 1 382.3481 640.8516 1085.924 1457.447 1537.139 1690.253 1961.95 2196.227 2231.845 2467.629 6355.645 47 
0.1539263 0.2915163 0.8932075 0.03675187 0.05653814 0.08121595 0.101565 0.1422783 0.2060515 0.2469272 0.3331805 0.4794096 1 75.46895 87.08561 125.2374 170.8402 200.4409 250.0277 310.7395 306.8664 310.4474 300.333 2053.472 48 
0.1662576 0.3071625 0.793547 0.03299601 0.05174211 0.08224957 0.125025 0.1259336 0.2103926 0.1954933 0.307026 0.5625949 0.9999997 61.85777 72.14209 105.7947 158.98 223.678 211.0281 288.9382 234.2878 274.2772 344.418 1874.705 49 
0.2719498 0.1131231 0.8826999 0.04174703 0.04965464 0.09824391 0.1245687 0.1149355 0.1913733 0.2237541 0.3069579 0.5006238 1 185.6405 236.1254 275.8004 472.8495 583.4819 526.1075 684.5471 698.0966 735.0038 816.0725 4446.797 50 
0.1512311 0.3146748 0.8969161 0.03065586 0.06524412 0.1032987 0.1318143 0.1179384 0.2058256 0.2674717 0.3062383 0.4634172 1 57.20227 65.85303 127.9691 194.0038 229.1812 189.895 267.6833 287.1024 250.2591 254.996 1865.949 51 
0.1959947 0.1677125 0.8417338 0.041728 0.0839467 0.06805614 0.101176 0.1621059 0.1736862 0.2380985 0.3264828 0.5017886 1 131.1753 156.8849 283.63 243.3925 307.9 435.0585 421.6668 463.7009 488.9825 507.9364 3143.58 52 
0.1444963 0.2663693 0.7866966 0.02381933 0.04621442 0.08411679 0.09737573 0.1464981 0.1641113 0.2214489 0.2731018 0.4808872 1 52.55844 60.15294 108.2371 188.4529 210.4557 279.2229 278.2408 308.5336 302.2174 373.4292 2206.545 53 
0.04704089 1 0.9197327 0.01538459 0.05468713 0.06942054 0.1154538 0.1506013 0.174941 0.2177661 0.322344 0.4864858 0.9999999 9.99998 10.47039 35.4923 43.66904 67.0548 78.15382 77.67659 79.65448 91.74694 94.3158 650 54 
0.2652159 0.1302831 0.8712418 0.02298966 0.04947583 0.1022029 0.09669466 0.1229011 0.1477026 0.2450282 0.2070205 0.55006 1 92.10821 116.5368 224.5754 439.8303 439.6546 487.4519 520.1908 690.6721 535.7304 884.9037 4006.506 55 
0.2971571 0.07604571 0.9511199 0.03516076 0.08109643 0.08293667 0.08714006 0.1665179 0.1921621 0.2246938 0.2774556 0.5013778 1 236.7076 307.047 617.9986 678.6658 678.6459 1033.703 1107.46 1085.041 1046.146 1255.813 6732.153 56 
0.245322 0.1316628 0.9414008 0.04458028 0.06782577 0.09068082 0.1351432 0.1354863 0.1900105 0.192432 0.3363827 0.5065497 1 182.287 227.0061 320.6628 408.8981 547.8343 522.4213 598.6124 532.7692 675.4897 710.1335 4088.961 57 
0.9425598 0.0173546 0.701266 0.156928 0.1905697 0.2651562 1.154564e-34 0.5260522 4.554963e-24 3.17597e-17 1.971534e-16 0.9999999 0.9999987 1152.495 2238.79 3290.127 4430.018 4175.557 5873.056 5535.706 5217.734 4918.026 6380.988 7344.102 58 
0.6397425 0.03129542 0.8906656 0.08109732 0.05562444 0.1417693 0.1311894 0.1825553 0.2053258 0.1419809 0.5162337 1 1 766.8954 1257.511 1287.837 1987.276 2195.291 2521.458 2640.094 2253.333 3202.166 3698.444 9456.483 59 
0.1203401 0.355178 0.9032874 0.02408933 0.05568139 0.08762687 0.1048341 0.1438564 0.1480703 0.2397528 0.3626621 0.5383133 0.9999999 42.23236 47.3146 100.9605 153.7246 173.0333 210.6483 192.6279 253.9296 295.9162 286.6462 1753.156 60 
0.252291 0.1875907 0.900072 0.04640516 0.07178056 0.07002412 0.1474561 0.1397421 0.2061939 0.2610526 0.3238459 0.5101529 1 133.2694 166.8921 238.6833 238.2202 408.6893 384.7486 454.565 473.9669 448.9309 464.0695 2871.865 61 
0.6091251 0.03792323 0.8600411 0.05741051 0.0769864 0.05713299 0.180372 2.186476e-07 0.1897717 0.205393 0.30583 0.2913567 1 527.3847 848.628 1183.532 1177.538 2076.478 1264.836 1942.545 2211.097 2562.947 2365.393 9186.206 62 
0.2389045 0.1476698 0.9435056 0.02393653 0.05914655 0.09238629 0.1219586 0.1246936 0.1959478 0.2055797 0.3236923 0.6007469 1 88.03378 109.0654 238.3785 368.9793 462.0046 445.9953 568.1917 525.1731 612.581 757.7615 3677.801 63 
0.07727295 0.6063238 0.9226116 0.02824836 0.0717895 0.07939252 0.1069143 0.1401661 0.1721117 0.1956393 0.288023 0.4857004 1 29.68723 31.98125 75.78626 81.11511 99.56948 116.9358 124.3736 118.1503 137.6615 164.9558 1050.936 64 
0.1966584 0.2216049 0.8913459 0.0396309 0.04995606 0.09162712 0.1221395 0.1441124 0.1694997 0.1896238 0.3268938 0.5098243 1 99.27403 118.7971 143.5413 237.6435 300.3082 321.7064 327.6647 310.0914 404.163 439.7458 2504.965 65 
0.146748 0.216065 0.8592708 0.02610828 0.07912802 0.09841159 0.1045278 0.1458504 0.1471678 0.2214254 0.2945207 0.4988423 0.9999998 69.42382 79.61162 216.5967 266.4707 263.844 319.5258 288.9075 352.9424 373.3922 439.0729 2659.073 66 
0.1664687 0.3465828 0.9754574 0.02679598 0.06067737 0.09522006 0.1213057 0.1701107 0.1837887 0.2273949 0.3075292 0.486542 1 46.16523 53.8503 110.7007 168.3941 200.8898 246.4404 232.0028 231.4839 240.0518 260.7346 1722.842 67 
0.6630688 0.02980101 0.8464502 0.08492305 0.07950271 0.1421591 0.1044591 0.08578392 0.2386764 0.3252168 0.3113887 1 1 805.3556 1339.362 1578.014 2181.909 2162.562 1960.357 2638.889 3138.839 2978.736 3959.789 9483.358 68 
0.6485423 0.03172256 0.9539104 0.1089185 0.0849067 0.1346636 0.1255141 0.1690752 0.2144838 0.2052647 0.4395605 0.9999991 0.9999983 977.2213 1610.991 1723.609 2103.033 2158.511 2335.92 2501.604 2364.121 2795.553 3422.491 8972.038 69 
0.1279063 0.2806206 0.9299838 0.03349983 0.04533502 0.08609028 0.1140141 0.1665659 0.1819499 0.1976295 0.3763647 0.4270391 1 71.27138 80.38744 103.5019 182.2358 227.8533 293.8974 278.6256 249.8079 359.2102 277.514 2127.515 70 
0.9543665 0.007813834 0.8005064 0.2405058 0.1020791 0.3354737 0.0002898375 0.1999554 0.5662445 0.9998471 0.8731726 0.9997029 0.9941519 3327.379 6502.918 7278.768 10111.79 9652.169 10465.02 12826.97 14416.43 13758.85 13131.03 13834.92 71 
0.1286386 0.2974182 0.8869202 0.0255806 0.053632 0.08711922 0.1610139 0.09756907 0.19442 0.2359559 0.3432099 0.4714415 1 50.43402 56.92178 110.3569 172.588 289.4382 173.0955 266.5776 273.1509 300.5913 278.1553 1971.573 72 
0.2800272 0.1249571 0.8856261 0.03982484 0.04711416 0.0909815 0.1083169 0.1311784 0.1554867 0.2129193 0.3360283 0.4916456 1 168.0576 215.1182 251.139 421.6017 498.2179 550.0409 576.7947 650.4303 789.4487 811.0463 4219.918 73 
0.1796128 0.2715203 0.9226991 0.02405186 0.07422973 0.09363536 0.1254637 0.1181067 0.2323351 0.1624021 0.3444098 0.4862641 1 51.56126 60.82232 166.2273 211.2179 258.1924 227.7007 355.4674 232.6436 341.6222 338.892 2143.753 74 
0.3405332 0.07993196 0.821409 0.05964422 0.09053694 0.08853006 0.106689 0.1376626 0.1773216 0.2415047 0.3095328 0.4797492 1 337.791 452.8201 636.3676 645.4973 690.8111 778.142 868.0159 971.2587 987.5999 1039.253 5663.432 75 
0.1784576 0.3113587 0.8983702 0.03591349 0.05874913 0.1045237 0.1038493 0.1315882 0.1863475 0.265327 0.2876445 0.5552979 1 64.23527 75.69854 114.8146 190.1389 184.8685 204.3827 247.25 288.3084 245.9364 311.3462 1788.611 76 
0.1569582 0.3002654 0.9138464 0.03839877 0.05914461 0.08133086 0.1363914 0.149094 0.1555283 0.193541 0.331383 0.5243919 1 73.267 84.76685 121.8227 159.5202 241.3373 242.0749 219.2448 224.8814 298.3021 325.0916 1908.056 77 
0.3417 0.1150715 0.9594598 0.0303501 0.07772572 0.1386758 0.09607312 0.1350287 0.1830636 0.2253097 0.3709967 0.5126357 0.9999999 121.6664 163.2399 357.9066 619.4453 508.3212 550.5809 630.0999 659.6862 792.2721 763.4 4008.765 78 
0.2184678 0.2507361 0.9106392 0.03076537 0.06181679 0.07289405 0.09657769 0.1301581 0.1961695 0.2495815 0.3119814 0.469951 1 71.78686 87.46998 158.9129 189.3822 231.3529 281.8513 364.8189 389.8261 376.073 383.6553 2333.366 79 
0.1827642 0.1841553 0.8551692 0.04455445 0.0629947 0.07117741 0.1310426 0.1388833 0.1561878 0.2285011 0.3048957 0.5019593 1 141.1865 166.9903 221.2468 242.362 389.5941 389.207 379.0905 449.4539 473.5034 534.4002 3168.853 80 
0.2149656 0.222361 0.9229166 0.03552044 0.03454967 0.07727727 0.1370355 0.1545605 0.181319 0.1959775 0.3396655 0.512029 1 85.44567 103.8135 102.4747 195.1243 325.1747 345.5763 347.7035 316.6813 405.2198 422.7089 2405.535 81 
0.1864069 0.2436927 0.9524617 0.03705255 0.07336366 0.07106271 0.1278848 0.1188529 0.1795599 0.1948355 0.3329973 0.5623479 1 86.17496 102.2386 183.3614 181.6542 280.3975 252.0908 312.9984 295.1543 380.8973 438.0709 2325.75 82 
0.2271089 0.1433954 0.8601835 0.03898303 0.04812625 0.09204705 0.1119273 0.1543453 0.1511805 0.2571916 0.3411181 0.5421982 1 146.4477 179.7072 214.5612 365.0491 432.1399 525.8263 473.6764 619.1334 644.5975 674.2067 3756.703 83 
0.2124688 0.2224589 0.9253345 0.04947025 0.06017604 0.0650435 0.1259845 0.1188273 0.1622942 0.1921394 0.3508081 0.5364639 1 125.8664 152.6091 177.9555 185.6466 307.1676 285.9647 326.3735 332.7695 459.2533 483.3139 2544.285 84 
0.2159843 0.1089382 0.9433272 0.02388544 0.06117137 0.08473788 0.1042053 0.1467981 0.1700662 0.258841 0.2603369 0.5729519 1 119.3333 145.1074 329.6574 459.1662 535.8401 666.7815 688.6914 836.7614 693.6026 984.6951 4996.067 85 
0.1330797 0.2839238 0.9063465 0.03642682 0.04500402 0.0912863 0.09571373 0.1310755 0.1771232 0.2600116 0.2671326 0.4752204 1 73.96286 83.80582 99.20267 183.7646 186.9653 226.1301 266.3963 320.8961 259.7151 317.4895 2030.451 86 
0.0444184 1 0.8365935 0.02830191 0.05177949 0.1092148 0.1130264 0.1360693 0.1500003 0.2058822 0.3444423 0.5593229 1 18.00001 18.79955 32.83477 65.45836 61.9074 65.75 62.92067 72.79483 96.23293 103.2751 636 87 
0.126006 0.3379129 0.8936859 0.04081415 0.03900077 0.1051552 0.1032465 0.1572836 0.1579889 0.2354263 0.2944928 0.4784926 1 71.02438 79.97388 75.17594 178.1485 170.6469 223.9567 199.5964 240.1796 235.9178 265.4699 1740.19 88 
0.2671811 0.1399938 0.8844066 0.04070993 0.05289389 0.1000214 0.1294268 0.1187497 0.1898748 0.2546824 0.3311248 0.4185349 1 150.0086 190.0881 237.7577 398.38 496.4003 444.1119 557.5612 625.8971 629.3816 558.8841 3684.816 89 
0.2121383 0.1514398 0.9594181 0.0370838 0.03341276 0.08165865 0.1436672 0.142246 0.1824281 0.2028399 0.3575892 0.4011885 1 138.6708 168.0882 155.9679 317.2923 526.4996 501.0201 534.5693 502.7338 653.7857 533.0347 3739.391 90 
0.1719458 0.2243 0.8954633 0.03070962 0.07032071 0.07951416 0.08492993 0.1737313 0.1856761 0.1980669 0.3493195 0.5169576 1 75.79172 88.82379 183.4956 208.3906 209.6969 361.5063 349.5571 309.7575 406.3515 409.8754 2468.013 91 
0.1717983 0.2201556 0.8697097 0.03576938 0.063922 0.09581661 0.1137394 0.142928 0.1971573 0.2126925 0.2530765 0.4707597 1 95.38913 111.7768 183.5716 262.1702 292.5819 325.9517 381.9311 347.9069 324.2191 423.123 2666.782 92 
0.11742 0.3888088 0.9068429 0.0290983 0.06445004 0.08921652 0.1313059 0.1280027 0.1923123 0.2278178 0.3328507 0.4391126 1 46.29544 51.73145 105.6307 141.3344 189.4227 168.5992 211.5389 208.2988 231.4358 209.3433 1591.002 93 
0.8692264 0.01639114 0.6911099 0.1165927 0.2024465 0.1584633 0.1948055 0.1394536 0.2274819 0.3500257 0.7588088 0.9999921 0.9999967 1098.184 2052.754 3468.822 4066.798 4622.893 4645.428 4918.205 5321.394 6099.878 5770.81 9418.974 94 
0.0812182 0.4467156 0.840113 0.04771143 0.06455004 0.08784044 0.1344753 0.1216789 0.1478788 0.2214759 0.3321457 0.4823158 1 67.15792 72.61237 92.42209 117.6497 163.3627 133.7243 139.4408 175.4201 205.8359 202.5213 1407.585 95 
0.2012906 0.1984461 0.921789 0.0501588 0.06580156 0.0709076 0.1071398 0.1420568 0.1809498 0.2276439 0.325041 0.4048913 0.9999998 136.0578 163.4449 202.4365 211.4194 282.1508 340.4365 378.5008 395.5879 431.864 383.0799 2712.541 96 
0.2185639 0.1491459 0.8898866 0.03064521 0.07780489 0.08999921 0.1221957 0.1335749 0.1716483 0.2490156 0.3109061 0.4673022 1 113.9837 138.8964 310.8816 367.1907 449.9836 453.1227 494.0349 582.6544 572.4201 586.0862 3719.462 97 
0.1169904 0.511742 0.910801 0.0281829 0.05634263 0.0778378 0.09493779 0.1453049 0.1748619 0.1837519 0.3737978 0.4573549 1 33.22034 37.1068 68.88279 92.19965 105.4241 143.4277 151.6168 134.6534 209.8863 173.2958 1178.741 98 
0.9742633 0.01502646 0.6351891 0.1671942 0.2465074 0.4564903 0.1608444 0.0001850181 0.5571253 0.9999019 0.9796115 0.9910236 0.9875337 1064.863 2102.32 3355.728 5093.792 5312.083 5175.705 6057.854 6709 6536.41 6368.187 6369.021 99 
0.1555139 0.3092268 0.8959748 0.02902001 0.07238719 0.08790381 0.1257589 0.1471497 0.1799998 0.1912307 0.3114945 0.4839967 1 54.97638 63.52597 143.032 172.2338 222.5046 234.813 245.3848 220.119 273.9432 299.0437 1894.43 100 
