0.918438 0.03182806 0.5860708 0.1950693 0.1307133 0.1992358 1.405618e-46 0.3947442 2.427357e-29 0.488584 1.881264e-28 1 1 879.7811 1687.805 2024.675 2488.284 2285.335 3096.472 2843.918 3359.254 3085.267 3615.84 4510.096 1 
0.2847054 0.1147214 0.9198263 0.04182156 0.04303879 0.1073956 0.09948413 0.1273712 0.1753382 0.2810609 0.2797224 0.4828539 1 183.0514 235.1671 247.4542 501.4741 499.1631 553.0133 651.0402 837.8386 705.3994 781.2974 4376.962 2 
0.118123 0.4058445 0.8527561 0.0323515 0.04445913 0.09102936 0.1081819 0.1743473 0.1882812 0.2689548 0.3336729 0.5238427 1 49.28107 55.10229 72.04248 136.7234 154.6524 217.3325 203.1657 229.8059 213.8034 220.5156 1523.301 3 
0.5326662 0.03704244 0.8764648 0.06057143 0.08415712 0.1627739 2.566783e-06 0.2110535 0.1649277 0.2440616 0.3720487 0.4075753 1 593.9265 910.291 1260.091 2044.41 1089.006 2070.755 2022.057 2212.778 2487.399 2225.245 9805.39 4 
0.6145561 0.03743718 0.934205 0.09837412 0.08218758 0.09809242 0.1008871 0.1790609 0.2312138 0.4248489 0.4042449 1 1 774.6405 1250.701 1352.14 1470.164 1496.42 1865.82 2149.65 2737.941 2458.006 2653.309 7874.434 5 
0.07764852 0.5449346 0.8926528 0.03797829 0.06769306 0.08383663 0.1122143 0.1320647 0.1693891 0.2122157 0.3186341 0.5491394 0.9999998 44.04126 47.461 79.20376 93.34712 114.1757 120.5869 133.7352 139.8074 163.9412 192.4945 1159.643 6 
0.1621625 0.2572021 0.9238727 0.03580518 0.07722089 0.07384254 0.1280471 0.1502169 0.14897 0.2580181 0.3163123 0.5202583 1 77.76195 90.37202 176.359 171.2878 256.9362 276.0778 242.3156 330.4768 318.4556 349.4827 2171.807 7 
0.2387387 0.270672 0.8814447 0.02252089 0.07086755 0.08928847 0.1141174 0.1017535 0.2004397 0.2505127 0.3015531 0.4797439 1 44.33465 54.91904 149.4794 195.3252 232.4445 202.2675 307.9933 333.0533 313.6522 335.0489 1968.601 8 
0.3542822 0.076621 0.9128403 0.04338446 0.05092358 0.06095719 0.1464287 0.1413744 0.1253266 0.2091645 0.3033698 0.5224726 1 261.0278 353.5053 418.3359 481.1874 921.5847 945.4962 806.1271 973.3837 1133.757 1348.165 6016.619 9 
0.5299122 0.06316129 0.8889082 0.07794798 0.08630046 0.06430739 0.1266752 0.1491695 0.2190681 0.1632822 0.6311327 1.659029e-16 0.9999999 459.1367 702.4388 840.9424 764.7477 993.4432 1131.34 1355.346 1158.161 2036.579 1079.208 5890.296 10 
0.8412832 0.02363733 0.6997414 0.09442528 0.1228965 0.154743 0.1364797 0.1438208 0.1457216 0.4568872 8.601188e-07 0.9999989 0.9999966 761.5158 1402.166 2077.161 2738.716 3042.998 3232.456 3302.743 4340.971 3651.988 4929.649 8064.745 11 
0.282375 0.1694017 0.9330141 0.04279135 0.05763744 0.09825321 0.0977967 0.1583777 0.170954 0.2628521 0.3334525 0.4859743 1 123.966 158.9708 204.7192 314.562 319.2761 426.8642 426.4197 510.323 508.7259 497.8568 2896.987 12 
0.2140757 0.1670078 0.9385887 0.03818438 0.07827639 0.08039861 0.1053271 0.1113754 0.1670991 0.2377701 0.3475816 0.5058558 1 119.755 145.3916 267.2436 280.7471 329.4035 325.2904 409.3064 490.1849 553.4947 544.3968 3136.23 13 
0.19208 0.2078113 0.9275138 0.02821616 0.06635587 0.08370549 0.07964082 0.1962621 0.1806629 0.2564893 0.3345294 0.5532928 0.9999999 76.99268 91.78143 193.5839 244.4154 227.612 453.4814 390.2692 427.6108 424.1099 457.8574 2728.673 14 
0.3261638 0.1547203 0.9302413 0.04993269 0.07591012 0.07085388 0.1031903 0.1368183 0.1963557 0.2123116 0.2600599 0.3975673 1 161.5813 214.2832 303.2695 300.213 370.3127 444.6767 546.2779 526.8335 508.2316 546.2948 3235.982 15 
0.2474361 0.1365907 0.9607875 0.04105008 0.06831782 0.09600928 0.09171073 0.1559672 0.187086 0.2065741 0.3390142 0.5261844 1 153.7428 191.7843 292.8183 393.7146 374.8334 521.2621 562.8228 528.6775 637.8757 678.0367 3745.25 16 
0.9999944 0.03676044 0.5422694 0.1864232 0.141087 0.1839884 0.4910793 0.1468398 3.044723e-09 0.6464622 0.0003166267 0.9999996 1 516.9551 1033.907 1352.203 1708.721 2485.225 2603.376 2603.362 3047.182 3047.242 3289.872 2773.02 17 
0.1614439 0.2639811 0.8838691 0.03892638 0.06738796 0.111648 0.09223843 0.1684502 0.13159 0.2151308 0.3235902 0.4987717 1 87.12807 101.1944 161.2988 250.0277 204.7529 305.5772 226.3607 287.8744 343.187 364.7558 2238.278 18 
0.153556 0.3785144 0.8750489 0.04130931 0.06770272 0.05234703 0.08543491 0.1393288 0.1771173 0.2348072 0.2754208 0.4404733 1 63.40685 73.14336 110.8576 88.83753 124.7139 184.8137 209.6315 229.9198 212.7768 238.3269 1534.929 19 
0.130144 0.2508369 0.9535562 0.02518244 0.08187004 0.07169778 0.1269146 0.1492043 0.1797505 0.2815053 0.3186288 0.5581607 1 59.79903 67.58151 198.3108 178.1895 273.5849 292.6163 301.5123 377.638 324.3482 370.6911 2374.632 20 
0.6269252 0.03381505 0.8700348 0.08019736 0.08986569 0.09228632 0.1676783 0.1213272 0.2483986 0.3820989 0.3912065 1 1 650.5997 1058.477 1334.153 1463.16 1950.956 1845.622 2276.944 2722.22 2525.722 2858.109 8112.483 21 
0.2536994 0.1579858 0.9347086 0.02657553 0.06827123 0.06882379 0.1151753 0.1376355 0.2111677 0.2301355 0.3148524 0.5131398 1 88.61551 111.0972 249.7843 271.5114 393.23 442.7188 566.0784 533.7065 546.2721 597.3836 3334.478 22 
0.05060004 1 0.9453188 0.02615437 0.060031 0.08067247 0.1042038 0.1163277 0.145495 0.232435 0.3168975 0.4845407 1 17.00034 17.86056 38.90335 49.96864 59.52788 60.01275 66.03595 89.3425 94.51944 98.78395 650 23 
0.2343403 0.1777179 0.8709019 0.03805756 0.07545905 0.07468726 0.09876852 0.1312953 0.210425 0.2207222 0.31464 0.4663457 1 112.5385 138.9108 247.1973 254.3466 299.9528 358.236 484.8434 445.6443 473.2675 485.5723 2957.061 24 
0.1505045 0.3213546 0.9178709 0.02839081 0.05030012 0.08114465 0.1341342 0.1513796 0.1807906 0.2236258 0.3044693 0.5322329 1 52.90063 60.86241 100.2234 154.5991 235.176 242.4693 246.3616 249.7401 262.3795 312.7998 1863.301 25 
0.1213556 0.3752201 0.8859537 0.02764151 0.06138907 0.09285514 0.09982756 0.1414435 0.1772948 0.263518 0.260451 0.5260934 1 45.30619 50.80435 104.0047 151.5252 153.8558 191.4511 209.1746 252.7547 196.1783 271.0453 1639.063 26 
0.3804414 0.08231148 0.8629883 0.04337704 0.09394669 0.09203 0.116602 0.1600897 0.1638594 0.2382665 0.3140814 0.538015 1 230.8341 318.653 599.487 652.5563 736.5879 872.5069 841.1125 939.0611 978.8706 1102.776 5321.574 27 
0.6775973 0.03458906 0.7824554 0.08666253 0.05106236 0.1027642 0.1125345 0.1048693 0.1262835 0.3580658 2.165096e-07 0.4601564 1 751.6947 1261.041 1259 1625.635 1860.578 1888.471 1956.283 3001.892 2034.074 2761.181 8673.815 28 
0.9569728 0.02622473 0.5172027 0.216282 0.1954197 0.2166817 0.04691312 0.1949926 0.4585747 0.7242457 0.9993669 0.9968295 0.9982228 953.3792 1865.737 2460.568 2956.975 2931.887 3210.372 3838.285 4328.178 4391.196 4202.413 4408.039 29 
0.894287 0.02033317 0.6832038 0.1492032 0.1437266 0.1231708 0.2228769 0.1588583 4.965797e-18 0.4699663 3.47446e-46 1 1 1131.189 2142.797 2843.362 3223.085 3961.746 4140.813 3703.075 4799.383 4292.026 5516.229 7581.534 30 
0.1667966 0.2183973 0.8954952 0.04310102 0.04097169 0.1025954 0.1014047 0.1530582 0.2021323 0.2798673 0.335143 0.4990713 0.9999998 114.4712 133.5646 126.404 271.1381 267.0205 345.3642 394.0768 437.4331 393.5051 382.9913 2655.882 31 
0.1626099 0.2578984 0.8817129 0.03769468 0.06471467 0.08432456 0.1124485 0.144671 0.212726 0.2108868 0.2928517 0.4360657 1 85.30382 99.17507 157.0571 197.2901 241.8017 278.7954 346.5206 291.4133 304.9753 320.8243 2263.02 32 
0.3269377 0.07083517 0.9553271 0.04594293 0.06636418 0.09321535 0.1254188 0.1612905 0.146357 0.2376672 0.3662118 0.532919 1 310.5732 412.1113 562.7442 745.2689 928.457 1073.759 937.2264 1118.98 1320.316 1311.979 6759.979 33 
0.2428051 0.2019429 0.9260556 0.03604643 0.06360627 0.08202029 0.07804406 0.1481787 0.1802412 0.1581438 0.336132 0.4859613 1 94.08744 116.9323 188.4306 238.9956 226.8233 350.5437 391.2608 315.1985 470.5439 492.4171 2610.174 34 
0.1628307 0.2570033 0.8836797 0.04580699 0.0724244 0.07413619 0.1090567 0.1347365 0.1883547 0.2070091 0.3266648 0.5544575 1 105.0579 122.1645 178.388 179.5388 234.2005 263.7485 315.8469 294.8649 352.6375 405.5667 2293.49 35 
0.1842231 0.2340958 0.9161661 0.04218911 0.07453917 0.09874436 0.12344 0.1530521 0.1693062 0.2303049 0.3966144 0.510549 0.9999999 102.5224 121.4094 195.8597 248.7824 285.472 313.041 301.6837 331.3088 426.5207 362.4549 2430.068 36 
0.1676871 0.2396379 0.8985948 0.03841984 0.08571072 0.06877717 0.08697039 0.1451572 0.1512158 0.2345285 0.3140972 0.4670649 1 91.80794 107.2029 214.9217 180.5297 200.4174 292.8886 280.0092 350.9105 370.4514 379.9424 2389.597 37 
0.1773091 0.1945634 0.9099777 0.0245665 0.07016106 0.08540689 0.1245086 0.1415271 0.1724972 0.186594 0.3416974 0.4764211 1 71.95603 84.71449 215.476 265.0994 349.5263 363.0312 379.374 349.2364 481.9275 470.9543 2929.03 38 
0.1266994 0.2935212 0.9346552 0.02026244 0.07053457 0.08944978 0.1106693 0.1115562 0.1705322 0.2661167 0.3504223 0.4878996 1 40.88313 46.063 145.2687 182.7573 208.3064 192.3725 249.7969 323.435 322.9541 295.9418 2017.68 39 
0.1306231 0.2787324 0.9324957 0.02699315 0.07020893 0.08772548 0.1332662 0.1542517 0.1846481 0.1816821 0.2689317 0.4768106 1 57.40314 64.90131 153.7525 188.859 258.5687 268.4272 272.6268 226.1983 260.4047 333.246 2126.582 40 
0.1585988 0.2736573 0.9252809 0.02647787 0.06395361 0.08472101 0.1025799 0.1504094 0.1857973 0.2705533 0.312491 0.5311133 1 54.81455 63.50807 138.9637 181.8654 205.9653 265.7326 286.7437 335.4789 297.5376 332.6896 2070.203 41 
0.04208637 1 0.880226 0.04242414 0.06803748 0.06960962 0.09854015 0.1315788 0.1841491 0.2114286 0.2862313 0.4873083 1 27.99993 29.17835 44.2277 42.86148 55.80391 67.34855 81.83447 77.44418 82.25925 99.46188 660 42 
0.1612016 0.30869 0.8320589 0.0351199 0.03598131 0.1105295 0.09169222 0.1341896 0.1807629 0.2495526 0.3452084 0.4772849 1 64.79105 75.23547 76.17704 201.9499 172.5084 213.8476 251.4514 285.9372 300.8464 279.1284 1844.853 43 
0.2288164 0.2032473 0.9439731 0.04699394 0.0460118 0.1028094 0.1276543 0.1437816 0.1792512 0.2519108 0.3569205 0.5242596 1 127.9222 157.1929 155.3311 289.9765 349.7924 358.5344 379.3165 429.686 461.7617 448.9598 2722.099 44 
0.193852 0.1899184 0.9263077 0.03435872 0.05845901 0.08001542 0.1159667 0.160192 0.2063629 0.2730711 0.3143444 0.5555537 1 105.3081 125.7222 197.3898 261.238 347.9406 430.5017 476.2255 504.8007 443.023 504.1491 3064.959 45 
0.2160779 0.1729042 0.9170333 0.03663726 0.06926355 0.1015251 0.1013668 0.129734 0.1274272 0.2409962 0.2960402 0.4861882 1 109.8884 133.6329 229.0104 322.5196 314.6223 349.6835 316.3543 465.7297 471.1289 530.1359 2999.363 46 
0.6759859 0.04453958 0.8015103 0.06021639 0.1093788 0.1361214 0.1202109 0.1612336 0.2418674 0.3387303 0.4267265 1 1 381.6891 639.7056 1083.995 1454.94 1534.469 1687.413 1958.691 2192.583 2205.694 2463.035 6338.625 47 
0.1540279 0.2918089 0.8932122 0.03680756 0.05662574 0.0813502 0.101746 0.1425629 0.2039284 0.2471946 0.3331807 0.4794106 1 75.39319 87.00585 125.119 170.6805 200.2536 249.7962 307.0232 306.4303 310.1398 300.0568 2048.307 48 
0.1663717 0.3074911 0.7935481 0.03304639 0.05182455 0.08238737 0.1252537 0.126197 0.2081923 0.1958104 0.3070253 0.5625947 0.9999997 61.78946 72.06948 105.6886 158.8196 223.4541 210.8267 285.4008 233.9038 273.9823 344.0737 1869.78 49 
0.2719498 0.1131231 0.8826999 0.04174703 0.04965464 0.09824391 0.1245687 0.1149355 0.1913733 0.2237541 0.3069579 0.5006238 1 185.6405 236.1254 275.8004 472.8495 583.4819 526.1075 684.5471 698.0966 735.0038 816.0725 4446.797 50 
0.1512311 0.3146748 0.8969161 0.03065586 0.06524412 0.1032987 0.1318143 0.1179384 0.2058256 0.2674717 0.3062383 0.4634172 1 57.20227 65.85303 127.9691 194.0038 229.1812 189.895 267.6833 287.1024 250.2591 254.996 1865.949 51 
0.1959947 0.1677125 0.8417338 0.041728 0.0839467 0.06805614 0.101176 0.1621059 0.1736862 0.2380985 0.3264828 0.5017886 1 131.1753 156.8849 283.63 243.3925 307.9 435.0585 421.6668 463.7009 488.9825 507.9364 3143.58 52 
0.1444963 0.2663693 0.7866966 0.02381933 0.04621442 0.08411679 0.09737573 0.1464981 0.1641113 0.2214489 0.2731018 0.4808872 1 52.55844 60.15294 108.2371 188.4529 210.4557 279.2229 278.2408 308.5336 302.2174 373.4292 2206.545 53 
0.04704101 1 0.9197343 0.01540825 0.05477322 0.06953662 0.1156586 0.1509057 0.1753554 0.2183906 0.3235304 0.4891293 1 9.999954 10.47036 35.49263 43.66972 67.0544 78.15439 77.67638 79.65383 91.74721 94.3155 649 54 
0.2654617 0.1311034 0.8712411 0.02312564 0.04977724 0.1007782 0.09769365 0.1236232 0.1428607 0.246851 0.2077453 0.5467658 1 91.53084 115.8288 223.2094 429.5116 436.7725 484.4643 501.8246 685.9743 532.4588 871.8944 3957.982 55 
0.2971571 0.07604571 0.9511199 0.03516076 0.08109643 0.08293667 0.08714006 0.1665179 0.1921621 0.2246938 0.2774556 0.5013778 1 236.7076 307.047 617.9986 678.6658 678.6459 1033.703 1107.46 1085.041 1046.146 1255.813 6732.153 56 
0.2450974 0.1319957 0.9413942 0.04463233 0.06792209 0.09082271 0.1353801 0.1357766 0.1904686 0.1930233 0.3376046 0.5022817 1 181.8267 226.3919 319.8443 407.8701 546.4809 521.1358 597.1408 531.458 673.8016 700.8079 4073.878 57 
0.9425598 0.0173546 0.701266 0.156928 0.1905697 0.2651562 1.154564e-34 0.5260522 4.554963e-24 3.17597e-17 1.971534e-16 0.9999999 0.9999987 1152.495 2238.79 3290.127 4430.018 4175.557 5873.056 5535.706 5217.734 4918.026 6380.988 7344.102 58 
0.6400447 0.03139731 0.8907112 0.08134228 0.05578622 0.1422324 0.1225417 0.1878389 0.205331 0.1419256 0.5163361 1 1 764.4193 1253.682 1284.023 1981.244 2124.912 2512.486 2631.237 2246.094 3191.972 3686.364 9397.565 59 
0.1203401 0.355178 0.9032874 0.02408933 0.05568139 0.08762687 0.1048341 0.1438564 0.1480703 0.2397528 0.3626621 0.5383133 0.9999999 42.23236 47.3146 100.9605 153.7246 173.0333 210.6483 192.6279 253.9296 295.9162 286.6462 1753.156 60 
0.2524373 0.1877932 0.9000716 0.04647757 0.07189492 0.07014112 0.1477257 0.1373849 0.2066966 0.2610534 0.323843 0.5101526 1 133.127 166.7332 238.4491 237.99 408.2735 379.0488 453.863 473.4384 448.4796 463.6131 2864.327 61 
0.6091251 0.03792323 0.8600411 0.05741051 0.0769864 0.05713299 0.180372 2.186476e-07 0.1897717 0.205393 0.30583 0.2913567 1 527.3847 848.628 1183.532 1177.538 2076.478 1264.836 1942.545 2211.097 2562.947 2365.393 9186.206 62 
0.2389045 0.1476698 0.9435056 0.02393653 0.05914655 0.09238629 0.1219586 0.1246936 0.1959478 0.2055797 0.3236923 0.6007469 1 88.03378 109.0654 238.3785 368.9793 462.0046 445.9953 568.1917 525.1731 612.581 757.7615 3677.801 63 
0.07728884 0.6083687 0.922616 0.02833141 0.07201015 0.0796624 0.107305 0.1407431 0.1729375 0.196777 0.290102 0.4801482 1 29.58801 31.87483 75.537 80.85564 99.2478 116.5603 123.9754 117.7739 137.2198 161.1373 1044.354 64 
0.1966584 0.2216049 0.8913459 0.0396309 0.04995606 0.09162712 0.1221395 0.1441124 0.1694997 0.1896238 0.3268938 0.5098243 1 99.27403 118.7971 143.5413 237.6435 300.3082 321.7064 327.6647 310.0914 404.163 439.7458 2504.965 65 
0.1467726 0.2160232 0.8592794 0.02615454 0.0792702 0.09860532 0.1047516 0.1462033 0.1475855 0.2221602 0.2957799 0.5018551 1 69.43753 79.62906 216.637 266.5271 263.8923 319.5892 288.9687 353.0114 373.4687 439.1502 2654.894 66 
0.1664687 0.3465828 0.9754574 0.02679598 0.06067737 0.09522006 0.1213057 0.1701107 0.1837887 0.2273949 0.3075292 0.486542 1 46.16523 53.8503 110.7007 168.3941 200.8898 246.4404 232.0028 231.4839 240.0518 260.7346 1722.842 67 
0.6630688 0.02980101 0.8464502 0.08492305 0.07950271 0.1421591 0.1044591 0.08578392 0.2386764 0.3252168 0.3113887 1 1 805.3556 1339.362 1578.014 2181.909 2162.562 1960.357 2638.889 3138.839 2978.736 3959.789 9483.358 68 
0.6485423 0.03172256 0.9539104 0.1089185 0.0849067 0.1346636 0.1255141 0.1690752 0.2144838 0.2052647 0.4395605 0.9999991 0.9999983 977.2213 1610.991 1723.609 2103.033 2158.511 2335.92 2501.604 2364.121 2795.553 3422.491 8972.038 69 
0.1279063 0.2806206 0.9299838 0.03349983 0.04533502 0.08609028 0.1140141 0.1665659 0.1819499 0.1976295 0.3763647 0.4270391 1 71.27138 80.38744 103.5019 182.2358 227.8533 293.8974 278.6256 249.8079 359.2102 277.514 2127.515 70 
0.9543665 0.007813834 0.8005064 0.2405058 0.1020791 0.3354737 0.0002898375 0.1999554 0.5662445 0.9998471 0.8731726 0.9997029 0.9941519 3327.379 6502.918 7278.768 10111.79 9652.169 10465.02 12826.97 14416.43 13758.85 13131.03 13834.92 71 
0.1286386 0.2974182 0.8869202 0.0255806 0.053632 0.08711922 0.1610139 0.09756907 0.19442 0.2359559 0.3432099 0.4714415 1 50.43402 56.92178 110.3569 172.588 289.4382 173.0955 266.5776 273.1509 300.5913 278.1553 1971.573 72 
0.2800272 0.1249571 0.8856261 0.03982484 0.04711416 0.0909815 0.1083169 0.1311784 0.1554867 0.2129193 0.3360283 0.4916456 1 168.0576 215.1182 251.139 421.6017 498.2179 550.0409 576.7947 650.4303 789.4487 811.0463 4219.918 73 
0.1796665 0.2719208 0.9226975 0.02408771 0.07434268 0.09378996 0.1256943 0.1183552 0.2328829 0.1629098 0.341434 0.4866982 1 51.48669 60.73712 165.9898 210.9221 257.8359 227.3918 354.9663 232.3358 337.4673 338.2442 2137.467 74 
0.3407022 0.08003759 0.8213906 0.05974384 0.09069041 0.08609995 0.1074826 0.1376637 0.1773223 0.241509 0.3095214 0.47975 1 337.3487 452.2841 635.5909 632.2153 689.6178 777.0534 866.886 970.0316 986.3452 1037.96 5646.584 75 
0.1784576 0.3113587 0.8983702 0.03591349 0.05874913 0.1045237 0.1038493 0.1315882 0.1863475 0.265327 0.2876445 0.5552979 1 64.23527 75.69854 114.8146 190.1389 184.8685 204.3827 247.25 288.3084 245.9364 311.3462 1788.611 76 
0.1570512 0.30064 0.9138528 0.03845989 0.05924057 0.07953657 0.1365939 0.1490941 0.1555247 0.1935394 0.3313819 0.5243898 1 73.17787 84.67054 121.6799 156.004 240.8998 241.7725 218.9881 224.6216 297.9527 324.7161 1902.706 77 
0.3417 0.1150715 0.9594598 0.0303501 0.07772572 0.1386758 0.09607312 0.1350287 0.1830636 0.2253097 0.3709967 0.5126357 0.9999999 121.6664 163.2399 357.9066 619.4453 508.3212 550.5809 630.0999 659.6862 792.2721 763.4 4008.765 78 
0.2184678 0.2507361 0.9106392 0.03076537 0.06181679 0.07289405 0.09657769 0.1301581 0.1961695 0.2495815 0.3119814 0.469951 1 71.78686 87.46998 158.9129 189.3822 231.3529 281.8513 364.8189 389.8261 376.073 383.6553 2333.366 79 
0.1827642 0.1841553 0.8551692 0.04455445 0.0629947 0.07117741 0.1310426 0.1388833 0.1561878 0.2285011 0.3048957 0.5019593 1 141.1865 166.9903 221.2468 242.362 389.5941 389.207 379.0905 449.4539 473.5034 534.4002 3168.853 80 
0.2150884 0.2226283 0.922918 0.03557768 0.03460554 0.07740863 0.1372878 0.1548857 0.1817682 0.1929153 0.3401736 0.5120238 1 85.34423 103.7008 102.3637 194.9025 324.8063 345.1931 347.3191 311.8429 404.5595 422.1934 2398.813 81 
0.1864069 0.2436927 0.9524617 0.03705255 0.07336366 0.07106271 0.1278848 0.1188529 0.1795599 0.1948355 0.3329973 0.5623479 1 86.17496 102.2386 183.3614 181.6542 280.3975 252.0908 312.9984 295.1543 380.8973 438.0709 2325.75 82 
0.2271089 0.1433954 0.8601835 0.03898303 0.04812625 0.09204705 0.1119273 0.1543453 0.1511805 0.2571916 0.3411181 0.5421982 1 146.4477 179.7072 214.5612 365.0491 432.1399 525.8263 473.6764 619.1334 644.5975 674.2067 3756.703 83 
0.2126472 0.2230407 0.9253324 0.04961758 0.06036317 0.06525909 0.1264312 0.1193093 0.1630414 0.1899003 0.3483669 0.5369476 1 125.5386 152.234 177.5205 185.198 306.403 285.2774 325.5804 327.4845 453.4265 481.8888 2530.123 84 
0.2159843 0.1089382 0.9433272 0.02388544 0.06117137 0.08473788 0.1042053 0.1467981 0.1700662 0.258841 0.2603369 0.5729519 1 119.3333 145.1074 329.6574 459.1662 535.8401 666.7815 688.6914 836.7614 693.6026 984.6951 4996.067 85 
0.1330797 0.2839238 0.9063465 0.03642682 0.04500402 0.0912863 0.09571373 0.1310755 0.1771232 0.2600116 0.2671326 0.4752204 1 73.96286 83.80582 99.20267 183.7646 186.9653 226.1301 266.3963 320.8961 259.7151 317.4895 2030.451 86 
0.0444184 1 0.8365935 0.02830191 0.05177949 0.1092148 0.1130264 0.1360693 0.1500003 0.2058822 0.3444423 0.5593229 1 18.00001 18.79955 32.83477 65.45836 61.9074 65.75 62.92067 72.79483 96.23293 103.2751 636 87 
0.126006 0.3379129 0.8936859 0.04081415 0.03900077 0.1051552 0.1032465 0.1572836 0.1579889 0.2354263 0.2944928 0.4784926 1 71.02438 79.97388 75.17594 178.1485 170.6469 223.9567 199.5964 240.1796 235.9178 265.4699 1740.19 88 
0.2671829 0.1402397 0.8843986 0.040768 0.05297544 0.100183 0.1296626 0.1189995 0.190326 0.2554288 0.3273043 0.4195618 1 149.7455 189.7549 237.3512 397.6984 495.5616 443.3667 556.6226 624.8409 621.2076 557.6892 3673.113 89 
0.2121383 0.1514398 0.9594181 0.0370838 0.03341276 0.08165865 0.1436672 0.142246 0.1824281 0.2028399 0.3575892 0.4011885 1 138.6708 168.0882 155.9679 317.2923 526.4996 501.0201 534.5693 502.7338 653.7857 533.0347 3739.391 90 
0.1718007 0.2248818 0.8954617 0.03075216 0.07042782 0.07965257 0.08509287 0.174076 0.1861449 0.1986858 0.3506421 0.5131915 1 75.59758 88.5853 183.0265 207.8649 209.1697 360.5873 348.6773 308.9796 405.3183 404.3933 2458.285 91 
0.1717983 0.2201556 0.8697097 0.03576938 0.063922 0.09581661 0.1137394 0.142928 0.1971573 0.2126925 0.2530765 0.4707597 1 95.38913 111.7768 183.5716 262.1702 292.5819 325.9517 381.9311 347.9069 324.2191 423.123 2666.782 92 
0.11742 0.3888088 0.9068429 0.0290983 0.06445004 0.08921652 0.1313059 0.1280027 0.1923123 0.2278178 0.3328507 0.4391126 1 46.29544 51.73145 105.6307 141.3344 189.4227 168.5992 211.5389 208.2988 231.4358 209.3433 1591.002 93 
0.9057902 0.01588893 0.6671735 0.1342746 0.2322632 0.1758708 0.2160635 0.1381278 0.2429726 0.388845 0.9983669 0.9929655 0.9903906 1132.901 2159.072 3652.184 4294.356 4888.329 4928.236 5222.642 5649.792 6559.849 5944.189 8437.193 94 
0.0812182 0.4467156 0.840113 0.04771143 0.06455004 0.08784044 0.1344753 0.1216789 0.1478788 0.2214759 0.3321457 0.4823158 1 67.15792 72.61237 92.42209 117.6497 163.3627 133.7243 139.4408 175.4201 205.8359 202.5213 1407.585 95 
0.2012906 0.1984461 0.921789 0.0501588 0.06580156 0.0709076 0.1071398 0.1420568 0.1809498 0.2276439 0.325041 0.4048913 0.9999998 136.0578 163.4449 202.4365 211.4194 282.1508 340.4365 378.5008 395.5879 431.864 383.0799 2712.541 96 
0.2187548 0.1495439 0.8899033 0.03073743 0.07804442 0.09029804 0.1226408 0.1341243 0.1695391 0.246703 0.3114984 0.467289 1 113.6791 138.5469 310.0747 366.2606 448.8428 451.979 486.1004 574.2768 570.7057 584.5426 3698.393 97 
0.1169904 0.511742 0.910801 0.0281829 0.05634263 0.0778378 0.09493779 0.1453049 0.1748619 0.1837519 0.3737978 0.4573549 1 33.22034 37.1068 68.88279 92.19965 105.4241 143.4277 151.6168 134.6534 209.8863 173.2958 1178.741 98 
0.9742633 0.01502646 0.6351891 0.1671942 0.2465074 0.4564903 0.1608444 0.0001850181 0.5571253 0.9999019 0.9796115 0.9910236 0.9875337 1064.863 2102.32 3355.728 5093.792 5312.083 5175.705 6057.854 6709 6536.41 6368.187 6369.021 99 
0.1555139 0.3092268 0.8959748 0.02902001 0.07238719 0.08790381 0.1257589 0.1471497 0.1799998 0.1912307 0.3114945 0.4839967 1 54.97638 63.52597 143.032 172.2338 222.5046 234.813 245.3848 220.119 273.9432 299.0437 1894.43 100 
