0.9103726 0.06809061 0.2887507 0.1017314 0.1570711 0.1008652 0.230307 3.165115e-06 0.3272982 0.2609595 0.2981146 0.999999 0.9999699 249.6973 477.0149 780.5683 898.0631 1202.419 1094.653 1417.502 1516.239 1570.963 1878.963 2454.476 1 
0.8365447 0.05429961 0.3144934 0.1402463 0.09033443 0.05655662 0.2317422 0.0511329 0.362452 0.002731935 0.6017363 6.313465e-14 1 534.0845 980.8701 1116.306 1102.285 1573.282 1426.503 1935.759 1622.917 2141.313 1791.304 3808.189 2 
0.9954336 0.0488525 0.3042814 0.1930787 0.2193787 0.1975842 0.2573183 0.2184415 5.570321e-09 0.6418383 0.9999982 0.9999926 0.9999829 450.4265 898.7961 1307.659 1592.032 1888.172 2070.843 2061.387 2491.262 2725.02 2712.577 2332.864 3 
0.9999973 0.1228147 0.1972624 0.1550391 0.07837884 0.2136612 0.1790275 0.0334106 0.3173633 0.382925 0.9999887 0.9999806 0.9998424 187.353 374.7055 454.7348 655.7974 788.2719 808.5667 994.9214 1148.413 1395.76 1395.759 1208.424 4 
0.999961 0.0396513 0.3347005 0.1652258 0.2174766 0.2290049 0.4620785 0.4270881 0.0005729113 0.2588394 0.3471916 0.9999098 0.9991957 428.7864 857.5561 1328.657 1716.822 2320.7 2620.883 2621.012 2725.11 2828.595 3023.244 2595.155 5 
0.8920465 0.03114012 0.4190728 0.1708667 0.138912 0.1328126 0.1343019 0.3773549 2.420197e-14 0.4824688 0.5427276 0.9999996 0.9999967 835.0238 1579.904 1972.214 2222.703 2389.113 3119.623 2782.848 3269.3 3374.459 3396.136 4886.991 6 
0.999999 0.1549447 0.08666371 0.1495972 0.1602393 4.089602e-08 0.2484348 0.172248 0.395725 0.3639078 0.272895 1 0.9999934 161.4293 322.8584 469.9038 469.9034 661.3512 761.1113 950.8245 1056.246 1106.532 1240.516 1079.093 7 
0.8148332 0.05078303 0.303438 0.1075995 0.105947 0.1091093 0.2455242 1.104816e-06 0.3149719 2.192322e-10 0.4554157 0.2111774 1 452.935 822.0014 1067.786 1236.514 1742.181 1419.589 1867.761 1521.914 1944.368 1762.18 4209.454 8 
0.9744633 0.06995872 0.1842127 0.1792038 0.1165245 0.2013858 0.0367786 0.1899006 0.154135 0.4517332 0.539478 1 0.9999997 357.4222 705.7171 878.4552 1147.29 1160.474 1342.117 1446.764 1754.207 1934.903 2077.983 1994.501 10 
1 0.07861862 0.2265381 0.1874123 0.2051848 1.347859e-18 0.1109962 0.1929424 0.4308081 0.541581 3.924909e-05 1 1 318.0926 636.1851 919.1751 919.1751 1040.85 1228.878 1567.71 1810.16 1810.168 2015.38 1697.288 11 
0.9459633 0.0879397 0.2362714 0.1253329 0.2225282 5.289204e-08 0.2675732 0.1121921 0.1689392 0.2614864 0.4884205 0.9999675 0.9999494 227.4716 442.6513 771.9883 730.2726 1021.053 1067.297 1145.206 1257.726 1430.342 1605.029 1814.939 13 
0.999998 0.04332754 0.2358144 0.199304 0.1406193 0.2206 0.2134981 0.05508968 0.2977688 0.2835231 0.4501736 0.9999998 1 530.9472 1061.893 1361.84 1766.222 2071.248 2133.148 2449.312 2660.709 2901.196 3194.919 2664.007 14 
0.9999907 0.047385 0.3524974 0.1013596 0.2872718 0.03961098 0.05521942 0.4670662 0.2605803 0.3651326 7.292463e-05 0.999828 0.9992018 253.3117 506.621 1151.779 1215.172 1300.048 1978.39 2180.066 2389.02 2389.024 2752.264 2499.139 15 
0.9999937 0.07012527 0.2716216 0.1608009 0.3008395 0.2611041 0.2091663 0.4501729 7.026168e-06 0.9999962 0.9569894 0.9983511 0.9983182 256.7756 513.5496 916.6951 1161.326 1306.123 1552.58 1552.572 1853.584 1853.573 1853.562 1596.855 16 
0.9076697 0.06589885 0.2042252 0.1095633 0.1349415 0.2145198 4.015811e-05 0.2430016 0.237751 0.4900635 0.9999705 0.9979179 0.9957257 273.164 521.1067 772.5687 1113.215 1010.492 1283.744 1436.698 1730.596 2014.643 1828.644 2493.207 17 
0.9142914 0.02561189 0.3522481 0.1471738 0.2160521 0.04100423 0.1399313 0.3186208 4.260444e-07 0.6031503 0.9999997 0.9999996 0.9999811 819.9625 1569.647 2461.67 2403.419 2697.279 3444.992 3149.727 4142.396 4618.117 4222.305 5571.388 18 
0.9999983 0.09386842 0.2201861 0.1770934 0.09193537 0.1613273 0.1442889 0.08113658 0.1560686 0.2253886 0.06189336 0.3617174 1 287.7247 575.4488 698.3637 894.2243 1041.138 1111.83 1236.776 1389.057 1421.447 1599.037 1624.706 19 
0.999995 0.1590592 0.1223206 0.08900247 0.1913885 0.2309663 0.09622415 0.3015402 0.2083948 0.242457 0.5093911 1 0.9999986 94.35213 188.7038 373.5373 553.9017 611.6868 775.3496 854.3483 927.1049 1042.904 1154.432 1060.107 20 
1 0.03561332 0.3008668 0.1590318 0.2848333 0.05441014 0.2559522 0.1341779 0.5159675 0.4954428 0.0005704863 0.9999989 0.9999941 477.4236 954.8471 1673.949 1772.188 2209.175 2379.623 2947.117 3210.876 3211.029 3479.487 3002.064 21 
0.8640492 0.03787339 0.2994062 0.09334572 0.1808859 0.07705171 0.09555871 0.2967457 3.124632e-07 0.2209725 0.4657295 1 1 448.8853 836.7443 1511.644 1581.31 1681.304 2337.375 2019.607 2208.311 2668.737 3178.512 4808.847 22 
0.9640898 0.03411449 0.4286267 0.124966 0.2329779 0.102644 0.1716153 0.124005 0.3706864 1.503429e-19 5.204128e-21 1 1 469.0574 921.2708 1653.386 1852.596 2174.029 2328.181 2852.672 2750.232 2651.471 3588.619 3753.48 23 
1 0.09397696 0.2100882 0.1118494 0.1303686 0.1627147 0.1485939 0.1737962 0.1213534 0.190605 0.1433376 0.4759491 1 180.9485 361.897 549.2155 752.5306 907.9902 1062.798 1152.107 1275.357 1350.377 1563.772 1617.786 25 
0.9995048 0.05207552 0.2199072 0.115393 0.2677686 0.04175266 0.258891 0.2883304 0.5036407 0.07414904 0.9987085 0.9988909 0.9931337 249.6946 499.2656 1011.572 1069.593 1416.778 1703.074 2059 2084.052 2408.139 2407.366 2163.863 26 
0.1136767 0.6016965 0.5032107 0.03961572 0.07375673 0.09279484 0.09336434 0.1643002 0.1960038 0.2301958 0.3652526 0.508928 1 39.88757 44.42185 76.3706 91.79359 86.2972 130.8465 135.5425 129.349 153.8774 140.5816 1006.862 27 
0.9645328 0.08977614 0.1864344 0.1035449 0.1228069 0.2248432 0.1403375 9.186481e-08 0.2083693 0.1365563 0.3302675 1 1 189.4004 372.0832 560.2605 863.8012 989.6374 954.5378 1120.405 1184.284 1358.66 1749.257 1829.162 28 
0.9999868 0.07778614 0.193403 0.1411293 0.1684522 0.1963293 0.1698299 0.2154945 0.1892459 0.04495011 0.8858976 0.9995538 0.9986523 244.3337 488.6642 739.1363 981.8805 1150.629 1328.385 1450.843 1474.409 1918.327 1975.454 1731.276 29 
1 0.03379877 0.2964399 0.1813799 0.2844246 0.1164526 0.1003794 0.0947543 0.1710455 0.4973813 0.6580282 1 1 591.8175 1183.635 1943.346 2165.925 2335.441 2479.396 2714.631 3281.67 3658.726 3854.679 3262.861 30 
1 0.01543377 0.3560837 0.329443 2.342755e-06 0.9999965 1 1 1 1 1 1 1 1567.25 3134.5 3134.508 6324.511 6324.522 6324.522 6324.522 6324.522 6324.522 6324.522 4757.272 31 
0.7187068 0.04939344 0.4038833 0.1149847 0.03651988 0.08453891 0.2020406 0.1579504 0.1661867 0.3401531 0.3127512 0.9999903 0.9985097 566.8807 974.3017 859.5798 973.1731 1476.968 1546.557 1541.255 1841.121 1768.179 2248.547 4930.054 32 
0.9774566 0.05834915 0.2419295 0.1794133 0.07442241 0.2767017 1.000098e-21 0.3061743 0.2114573 0.3044034 1 1 1 394.2643 779.6405 896.2673 1337.892 1307.732 1647.871 1787.84 1948.59 2364.093 2310.799 2197.519 33 
0.983847 0.03915374 0.3466793 0.1659647 0.2795269 0.06308678 0.06898307 0.3842314 3.73564e-13 0.3658095 0.5399576 0.9999891 1 510.8769 1013.502 1714.774 1803.767 1894.179 2483.527 2443.411 2767.382 3062.898 3303.284 3078.227 34 
0.8681028 0.05675447 0.2541241 0.1040261 0.1905002 8.413184e-06 0.299436 0.02004914 0.1965093 0.1661082 0.576656 0.9998679 0.9992617 334.7988 625.4385 1092.274 948.2254 1522.12 1354.143 1490.444 1507.741 1928.043 2128.234 3218.411 35 
0.9999964 0.04219167 0.3510449 0.2394514 0.04956127 0.3468602 0.2402884 0.491108 4.078982e-05 1.573507e-09 0.6303875 0.999829 0.9998991 616.3982 1232.794 1329.821 1975.247 2267.274 2720.713 2720.723 2720.713 3016.89 3190.511 2574.21 36 
0.6978532 0.04193267 0.4446208 0.0881294 0.05303842 0.1521109 0.1442604 0.1888404 0.1597869 0.1992003 0.4131024 0.9999763 0.9979447 548.5093 931.2882 950.9167 1481.103 1690.97 1916.433 1842.814 1815.428 2146.1 2746.717 6223.908 37 
0.6838292 0.02409076 0.6035011 0.06512821 0.1133277 0.09693136 0.1618959 0.109651 0.3014922 0.3234515 0.3135462 0.9999883 0.9986813 705.6734 1188.233 1960.498 2211.237 2825.234 2677.363 3655.616 3867.26 3541.355 4385.066 10835.14 38 
1 0.1183266 0.1907095 0.1208417 0.1537157 0.1764919 0.07637443 0.2334207 0.1203145 0.326748 0.3776385 0.1423635 1 169.0837 338.1674 527.2582 710.9937 776.47 961.2996 1034.331 1208.804 1344.564 1376.416 1399.217 39 
0.9685025 0.08107614 0.2120047 0.1149398 0.2090879 0.08621633 0.2003817 0.2144778 0.2370789 0.2794709 0.9994704 0.9984249 0.9867047 197.387 388.5567 694.115 775.8948 971.5714 1129.359 1257.366 1364.875 1700.968 1647.592 1717.307 40 
0.9046957 0.06977779 0.3086985 0.1020691 0.1758855 0.05986707 0.1301756 0.1255352 0.2913535 0.2891058 0.0001317926 0.9999477 0.9994381 257.9922 491.3966 843.7596 875.3232 1020.81 1115.535 1398.916 1539.62 1392.976 1933.911 2527.624 41 
0.8962332 0.04141863 0.3246051 0.1452977 0.1166759 0.146879 0.2817856 0.2610052 2.255725e-05 0.2709024 0.6322687 0.9997236 0.9984293 531.1993 1007.278 1267.337 1541.239 2044.843 2274.071 2038.126 2165.202 2516.652 2590.493 3655.936 42 
0.904976 0.04077191 0.429295 0.05125017 0.2367047 0.09325186 0.2068362 0.1252081 0.257553 9.829884e-06 0.6880534 0.9997687 0.9983853 196.2237 373.8013 1198.115 1342.823 1735.235 1820.025 2096.363 1897.171 2608.018 2764.114 3828.741 43 
0.9488923 0.03304089 0.3561256 0.1720792 0.2170397 1.339345e-08 0.4086268 0.1570704 7.116321e-06 0.9999999 0.9989763 0.999958 0.9970736 635.6411 1238.796 1839.245 1745.245 2634.5 2722.274 2583.153 3644.743 3458.468 3281.714 3693.887 44 
0.9679835 0.0264441 0.4011393 0.1350949 0.1835738 0.07961123 0.3018521 3.795004e-06 0.1359436 0.4598687 0.6673307 0.9999906 0.9999831 642.9149 1265.246 1980.34 2184.467 3048.138 2950.556 3149.635 3906.806 4454.234 4646.874 4758.987 45 
0.9199785 0.08314589 0.2508776 0.1413081 0.1330843 0.2141693 0.09528627 0.2794813 0.1197217 0.2159896 0.2322901 0.9998735 0.9985466 276.6662 531.1931 712.4312 967.5696 999.2779 1208.913 1201.558 1247.36 1267.235 1561.353 1957.894 46 
0.8425363 0.03301085 0.3648956 0.1187092 0.1106641 0.1216453 0.1466407 0.2531128 0.1440553 0.1916057 0.5214255 0.9999484 0.9990743 666.4969 1228.045 1582.242 1868.393 2140.98 2638.716 2578.096 2576.166 3059.34 3393.345 5614.534 47 
1 0.05164576 0.2733184 0.1489525 0.1932795 0.09151681 0.2051854 0.06399121 0.2213254 0.2302226 0.02776222 0.66152 1 367.9554 735.9108 1142.249 1297.461 1613.607 1691.973 1945.671 2151.162 2170.237 2612.136 2470.288 48 
0.6576853 0.04481244 0.4624846 0.07946966 0.1436074 0.05228731 0.0863111 0.2047862 0.1838607 0.2933986 0.4690611 0.9999945 0.9983576 535.5674 887.8022 1474.792 1247.741 1255.198 1767.631 1835.168 2082.965 2359.516 2671.936 6739.269 49 
0.8104258 0.03021189 0.395331 0.1003701 0.07408682 0.1398229 0.1179915 0.2568592 0.1692734 0.2809314 0.1453486 0.9999475 0.9990616 662.0087 1198.518 1410.916 1911.638 2106.852 2778.101 2775.786 2972.477 2677.918 3751.573 6595.673 50 
0.9999981 0.07230556 0.2067972 0.1798752 0.07307906 0.1821931 7.013015e-07 0.2089019 0.2222597 0.5702099 6.976486e-08 1 1 318.1796 636.3586 742.374 987.3666 987.3655 1217.093 1410.45 1796.257 1796.254 2087.051 1768.89 51 
0.8584784 0.04389967 0.315863 0.08730803 0.1187816 0.1690314 0.2475464 0.0117438 0.1968886 0.4126908 0.1958175 0.999959 0.9994662 364.4857 677.3888 1034.108 1455.306 1940.026 1690.126 1859.433 2283.935 2152.338 2634.686 4174.71 52 
0.7379976 0.05452679 0.3196084 0.1132486 0.05621668 0.1585284 0.1398957 0.06219111 0.2517765 0.1531502 0.4975158 0.9999798 0.9984904 531.8594 924.3703 916.2991 1299.309 1421.568 1226.026 1576.478 1469.134 1925.202 2270.16 4696.388 53 
0.9999348 0.09046543 0.201555 0.164185 0.1695721 0.3282586 0.1597076 0.03419907 9.547015e-06 0.6479809 0.5531923 0.9991556 0.9969109 243.2723 486.5288 696.4993 1034.042 1144.306 1164.084 1164.014 1527.224 1636.301 1724.301 1481.696 54 
0.8306801 0.1146121 0.2289608 0.06278026 0.1086252 0.1059035 0.1779371 0.1270757 0.2481797 0.2125809 0.2238471 0.9999595 0.9979356 122.1649 223.6448 383.8822 491.0446 666.5291 705.5092 844.908 868.5459 859.7011 1193.363 1945.912 55 
0.9999948 0.03681781 0.2899162 0.1975862 0.2441031 0.1937975 1.828561e-06 0.3623528 2.539847e-06 0.5700421 0.2094751 0.9999997 0.9999999 597.6399 1195.277 1787.724 2143.258 2143.249 2679.182 2679.17 3216.774 3301.699 3622.241 3024.705 56 
1 0.01023141 0.3420743 0.2813907 0.2887632 0.3602106 1 1 1 0.9999999 1 1 0.9999996 2150.277 4300.554 5886.248 7293.099 9791.882 9791.882 9791.882 9791.882 9791.882 9791.882 7641.605 57 
0.7976404 0.05370201 0.3015319 0.0954518 0.1263801 0.1759985 6.043889e-07 0.3360175 4.797635e-06 0.2375687 0.4573141 1 0.9999975 391.0544 702.9752 1029.064 1390.615 1109.212 1781.142 1420.719 1554.026 1857.15 2214.228 4096.878 58 
0.9999996 0.03615137 0.271364 0.1515956 0.1740474 0.1773566 0.4905662 1.235787e-09 0.3152586 1 0.9653723 1 1 442.6207 885.2411 1316.378 1679.247 2504.927 2504.926 2775.24 3362.361 3362.36 3362.359 2919.746 59 
0.8134939 0.08167917 0.3184989 0.1127534 0.07789519 0.1576655 0.1417497 0.07383968 0.2977623 0.1727054 0.304209 0.9998978 0.9973253 306.0958 555.1028 639.1943 870.1587 973.0599 910.139 1183.191 1142.874 1192.538 1571.179 2714.736 60 
1 0.0716935 0.2295696 0.1722282 0.1867926 0.05573642 0.09607993 0.3585701 0.1469593 0.3662411 0.1540479 0.1310136 1 320.8958 641.7915 929.8829 999.7883 1113.577 1497.433 1598.345 1812.871 1870.058 1911.201 1863.201 61 
0.9593838 0.02724583 0.3940837 0.1803311 0.1446858 0.2728408 0.04400443 0.4317549 0.3889626 0.1296747 0.9977689 0.9961227 0.9846694 807.5336 1582.268 2049.076 2822.421 2808.242 3636.455 3971.129 3908.101 4407.412 4229.866 4478.061 62 
0.9999886 0.01187934 0.5442322 0.1883915 0.2714871 0.2095099 0.1906404 2.979564e-06 0.3171342 1 0.9999922 1 1 1599.585 3199.152 5069.978 6121.722 6878.209 6878.14 7896.675 10089.9 10089.79 10089.67 8490.749 63 
0.8924985 0.06208707 0.20651 0.09867887 0.1595233 0.1482768 0.1661673 0.2492477 0.3728499 2.986265e-05 0.2939743 0.9999901 0.999693 273.8419 518.2454 861.5391 1080.635 1261.991 1498.451 1755.281 1566.607 1604.838 1928.599 2775.081 64 
0.841719 0.05417935 0.3206131 0.1199097 0.04350631 0.1803153 0.1097328 0.07835373 0.2609029 0.3929623 2.940912e-24 0.6089943 1 479.909 883.8575 897.2038 1362.694 1450.043 1413.166 1780.675 2156.937 1815.535 2147.291 4002.253 65 
0.9125726 0.07546971 0.2145716 0.139095 0.1165733 0.2113352 1.657337e-12 0.155882 0.2478742 0.3117159 0.3238303 1 1 304.7986 582.9495 751.8993 1038.371 947.5887 1069.631 1251.13 1401.866 1465.298 1725.554 2191.299 66 
0.9999977 0.02861359 0.3796179 0.1927767 0.1261873 0.385062 2.440302e-12 0.2425526 0.2308247 0.3824993 0.9999957 0.9999999 0.9999998 699.0975 1398.193 1767.586 2752.559 2752.552 3134.079 3409.09 3759.62 4325.512 4325.504 3626.463 67 
0.9999972 0.04586138 0.2868601 0.192071 0.09414916 0.278635 0.1667626 0.293897 0.680101 0.9999267 0.9998816 0.9998214 0.9998593 436.1725 872.3438 1045.079 1508.162 1708.089 2001.677 2481.396 2707.02 2707.029 2707.021 2270.892 68 
0.7932929 0.1012375 0.2536462 0.08642392 0.1122913 0.0794278 0.1971076 0.3528018 3.421554e-05 0.3890227 0.306702 0.9999797 0.9921134 197.5677 354.2968 515.5775 556.2589 777.6782 1100.367 872.944 1037.493 989.215 1160.377 2286.031 69 
0.9103908 0.06708072 0.2685735 0.09359041 0.1381589 0.1218659 0.09321127 0.2307247 0.2089635 0.172297 0.5255865 1 1 238.5461 455.7163 734.0663 910.9341 992.2814 1269.172 1410.309 1450.164 1739.934 1962.871 2548.831 70 
0.9999988 0.1031522 0.1840497 0.152244 0.01854623 0.1852306 0.2075528 0.08993904 0.1994231 0.2813174 0.5373404 0.9999999 0.9999997 213.3407 426.6811 448.7129 664.6791 861.8468 929.5518 1066.174 1220.467 1432.272 1614.639 1401.307 71 
0.9571338 0.05299495 0.3080218 0.124381 0.0968548 0.2176725 0.2895502 0.02297252 0.3228406 5.033079e-05 0.9999921 0.9998089 0.999687 320.8331 627.9134 819.754 1228.633 1638.039 1593.868 1883.159 1802.473 2475.262 2369.163 2579.439 72 
0.9762324 0.04905977 0.28938 0.165433 0.1529173 0.2158097 0.2049016 6.765938e-06 0.4534162 1 0.9995654 0.9998554 0.9996334 407.7398 805.7886 1101.179 1451.034 1696.519 1656.204 2109.429 2653.098 2590.04 2528.481 2464.683 73 
0.9999952 0.02042248 0.4272171 0.2506056 0.2284774 3.796862e-05 0.4461912 0.2050373 0.3851063 0.9998079 0.9588036 0.9999707 0.9998555 1175.305 2350.604 3153.589 3153.677 4363.488 4671.357 5131.05 5864.906 5865.013 5864.99 4689.858 74 
0.5286283 0.08218581 0.5066247 0.04509424 0.07431161 0.06907594 0.2347903 3.86728e-20 0.2034063 0.2857653 0.253993 0.3835085 1 206.8531 316.2016 492.6585 540.5204 1171.994 619.5489 915.0351 1141.231 1020.695 1009.74 4587.13 75 
0.9999999 0.04482972 0.2785874 0.1415596 0.2492566 0.2688977 1.54139e-12 0.3005186 0.3112317 0.7993711 0.9999918 0.9999804 0.9999872 334.6642 669.3285 1175.184 1584.877 1584.877 1919.627 2162.126 2591.116 2698.784 2698.785 2364.122 76 
1 0.08340835 0.2168049 0.1014458 0.2578112 0.04060027 0.04232041 0.4552993 5.057185e-10 5.935562e-37 0.1287711 0.4652969 1 179.8824 359.7647 770.5367 818.5478 866.5613 1361.248 1361.248 1361.248 1437.458 1677.37 1773.188 77 
1 0.01614625 0.4262127 0.227585 0.09850663 0.2892286 0.1834125 0.5350831 0.1848507 6.979852e-08 1 1 1 1362.65 2725.299 3180.871 4386.726 4930.242 6225.057 6433.019 6433.019 7350.081 7350.081 5987.432 78 
0.9999805 0.05384021 0.3071004 0.1228712 0.2176659 0.1520036 0.3419598 0.0004440043 0.3799953 0.4351615 0.0001563263 0.9999349 0.9999273 260.0942 520.1833 924.3156 1145.093 1566.287 1566.617 1874.457 2093.013 2093.016 2376.645 2116.804 79 
0.9999992 0.05659419 0.2919951 0.1521135 0.189548 0.1532078 0.2582866 0.2178751 9.203132e-07 0.5078887 5.382056e-11 1 1 335.809 671.6178 1026.416 1258.833 1590.626 1798.216 1798.216 2176.698 2176.696 2543.42 2207.622 80 
0.999999 0.08293021 0.2189806 0.188116 0.1447238 0.2039536 0.1462221 0.4161271 1.651685e-06 0.5744637 0.9999804 0.9999993 0.9999988 289.4934 578.9865 759.806 977.749 1102.132 1404.35 1404.35 1647.948 1828.39 1828.392 1538.909 81 
0.940541 0.06503078 0.3204665 0.0935717 0.2189157 0.08558767 0.1605226 0.2306575 0.4542034 1.714657e-31 6.359359e-36 1 1 215.3133 417.8243 849.5817 938.5005 1121.829 1343.58 1700.69 1599.568 1504.459 1940.127 2301.052 82 
0.9999979 0.07328618 0.1985118 0.1552969 0.3231161 0.1820891 0.09433299 0.1634678 0.2483116 0.4052104 0.09234189 0.9999993 0.9999976 259.3342 518.6678 974.4512 1148.309 1221.975 1337.59 1484.503 1664.715 1689.138 1929.237 1669.925 83 
0.9374414 0.05512494 0.3005181 0.136579 0.1929031 0.078084 0.07733551 0.3048726 0.2907536 2.88448e-19 0.4612742 1 1 344.717 667.869 1046.467 1118.339 1173.777 1556.469 1761.477 1651.282 1888.218 2167.46 2523.938 84 
0.9999996 0.06594135 0.1690207 0.1488702 0.2221592 1.433329e-12 0.1119704 0.3735697 0.1422571 0.3221242 1.403714e-14 1 1 288.2135 576.4269 942.4988 942.4984 1086.013 1511.211 1612.641 1809.643 1809.643 2224.214 1936.005 85 
0.9999999 0.01071913 0.4352906 0.179626 0.9999964 0.9999956 0.999493 0.9999976 0.9982607 0.999194 0.9993574 0.9992435 0.9985913 1212.955 2425.91 7965.605 7965.624 7965.624 7965.623 7965.623 7965.622 7965.621 7965.621 6752.67 86 
0.999995 0.05438052 0.2899746 0.1829115 0.1427776 0.1203669 0.1800896 0.1238154 0.2493576 0.3687303 0.07380613 8.281654e-06 1 441.4265 882.8507 1164.391 1367.849 1635.617 1786.555 2052.904 2348.549 2385.896 2385.888 2413.334 87 
0.7842904 0.02327712 0.5600896 0.1317994 0.03551603 0.1604937 0.1653741 0.1663932 0.2923823 1.371305e-07 0.491738 1 1 1202.936 2146.387 1964.822 2767.589 3231.642 3425.583 3991.837 3130.76 4008.718 4749.488 9127.019 88 
0.9999878 0.04485768 0.2492751 0.1283503 0.1048004 0.1877395 0.3892972 0.2220869 0.1813066 0.1217592 0.3351096 0.9999995 0.9999993 334.4501 668.8961 906.9221 1288.637 1931.565 2155.54 2297.768 2375.953 2564.973 2940.033 2605.761 89 
0.9714005 0.04633307 0.2721463 0.1624329 0.1200629 0.205398 0.1239019 0.09025698 0.4950701 8.411151e-06 5.659347e-09 2.20803e-39 1 474.8742 936.1672 1203.384 1611.528 1777.569 1862.113 2484.417 2413.37 2344.349 2277.301 2923.511 90 
0.9011528 0.1583519 0.1156586 0.06535998 0.1617477 0.1036004 0.2658171 4.607373e-12 0.2551759 0.2994497 0.1791586 1 1 88.42767 168.1145 356.0277 430.6491 640.6496 577.3232 698.265 784.8325 772.4667 994.892 1352.933 91 
0.979817 0.06104783 0.2405453 0.1241732 0.2318843 0.1197464 0.08528744 0.1727161 0.2616332 2.3941e-28 3.485854e-29 0.1976741 1 294.9119 583.8716 1054.428 1224.472 1319.709 1515.269 1763.138 1727.552 1692.685 1813.86 2375.005 92 
0.9999996 0.05715885 0.3159229 0.1884921 0.2033303 0.215824 0.1535783 0.1483261 0.2867878 1.463021e-18 1 1 1 384.9821 769.9641 1106.974 1391.956 1550.979 1680.976 1895.044 1895.043 2427.41 2427.409 2042.431 93 
0.9408544 0.05862577 0.2848801 0.1234947 0.149148 0.1380141 0.2802394 0.3231667 1.624934e-15 0.3946925 1.038297e-17 1 1 307.0864 596.0099 885.8341 1089.385 1472.924 1757.629 1653.673 1863.227 1753.026 2120.717 2486.636 94 
0.8220451 0.03414287 0.3876481 0.08348838 0.1047979 0.06338042 0.2053791 0.01066662 0.2143213 0.3950537 0.02857195 0.9999639 0.9995735 527.2106 960.6015 1396.183 1476.102 2210.059 1857.899 2344.891 3111.694 2609.76 3906.666 6314.778 95 
0.9138453 0.0271427 0.3886932 0.1401199 0.1732728 0.214344 5.4758e-05 0.1210985 0.2626888 0.4381866 0.3131321 0.9998189 0.9992623 773.7275 1480.795 2175.946 2829.872 2586.234 2736.871 3213.074 3811.936 3835.087 4275.712 5521.895 96 
0.9999514 0.0752255 0.2138801 0.1422074 0.1875016 0.1108641 0.105946 0.4803944 0.08115105 0.409577 0.5219588 0.9998044 0.998904 239.352 478.6923 749.3777 879.3913 989.8512 1437.774 1477.024 1659.302 1796.426 1921.975 1683.119 97 
0.305479 0.1407595 0.6790391 0.04875702 0.04894582 0.08119734 0.1147046 0.1477868 0.1746839 0.1920524 0.2886379 0.5742213 1 163.3975 213.312 221.1949 313.747 415.3705 491.3479 517.2236 491.1232 554.5297 741.8467 3351.261 98 
0.1233117 0.3794684 0.5064437 0.04349463 0.04536131 0.08958785 0.106473 0.1246691 0.161677 0.2324243 0.2755761 0.5157267 1 71.1522 79.9261 80.83413 143.79 162.5271 171.5313 193.1189 231.0617 217.1054 282.4783 1635.885 99 
0.2573196 0.2164985 0.5960206 0.02995581 0.06904789 0.08736205 0.1270325 0.1345222 0.1620491 0.2098809 0.3155598 0.4914274 1 73.9026 92.91919 189.152 243.3072 320.8997 321.3482 331.6303 355.5077 412.4332 448.2295 2467.054 100 
1 0.03282719 0.323773 0.1479906 0.2488994 0.2340692 0.3670255 6.460695e-09 0.5313696 0.3687811 0.001121205 0.9999998 0.9999984 456.9843 913.9686 1568.809 2031.354 2586.868 2586.868 3095.944 3261.515 3261.832 3544.912 3087.928 1 
0.9686328 0.04383565 0.3558953 0.1351906 0.1591801 0.3055366 0.09791055 0.02838188 0.178264 0.3695252 5.153926e-07 0.9999894 0.999998 410.6875 808.4929 1201.323 1838.56 1931.089 1909.792 2089.576 2432.313 2356.018 2978.708 3037.841 2 
1 0.07647148 0.1749761 0.2477157 0 0.2077564 0 0.1702808 0.3284229 0.5496456 0 5.755774e-14 0.9999999 421.6238 843.2477 843.2477 1109.264 1109.264 1281.998 1558.423 1869.109 1869.109 1869.109 1702.048 3 
