1 0.008845035 0.2288354 0.3776193 3.496309e-18 8.026451e-09 1 1 1 1 1 1 1 3460.055 6920.111 6920.111 6920.111 12622.87 12622.87 12622.87 12622.87 12622.87 12622.87 9162.813 1 
0.9999997 0.05282492 0.1435731 0.2623134 0.06785219 0.1939245 0.2682646 0.02569798 0.4365584 0.9999981 0.9968563 0.9988001 0.9994431 549.1031 1098.206 1202.983 1482.123 1793.387 1815.205 2176.328 2642.408 2642.408 2642.407 2093.309 2 
0.9999992 0.09679385 0.07825309 0.139977 0.2327452 0.2128949 0.1709545 0.3431934 0.4055771 8.786858e-13 1 1 1 186.0426 372.085 638.1243 824.8351 942.8444 1139.25 1291.699 1291.698 1515.131 1515.13 1329.093 3 
1 0.04478642 0.164302 0.1757789 0.1872549 0.2985045 0.2354211 0.3732213 1 1 1 1 1 402.0161 804.0322 1157.015 1614.341 1867.355 2174.038 2689.072 2689.072 2689.072 2689.072 2287.056 4 
1 0.01815703 0.1448369 0.2663945 0.2434322 0.1604761 0.1198137 0.999997 0.9998318 0.999873 0.9999746 0.999992 0.999759 1266.841 2533.683 3382.937 3806.499 4071.989 6022.345 6022.35 6022.35 6022.35 6022.35 4755.509 5 
1 0.01087496 0.2624135 0.2294818 0.4108004 0.01301086 1 1 1 1 1 1 1 1747.222 3494.443 5904.423 5949.396 9360.991 9360.991 9360.991 9360.991 9360.991 9360.991 7613.77 6 
1 0.02298124 0.3022809 0.1802727 0.2543143 0.4076792 1 1 0.9999754 0.9998628 0.9999593 0.9999395 0.9978403 652.7783 1305.557 2060.433 2962.793 4273.838 4273.838 4273.838 4273.838 4273.838 4273.838 3621.06 8 
0.9999997 0.009924433 0.2823651 0.2102268 0.9999986 0.9922249 0.9930961 0.9968095 0.994092 0.9979525 0.9990581 0.9994593 0.9952575 1511.507 3023.014 8701.386 8701.392 8701.389 8701.387 8701.384 8701.381 8701.379 8701.376 7189.888 9 
0.9999976 0.008541337 0.3732898 0.2455932 0.1733356 0.3051898 0.4158962 0.9999314 0.9966113 0.9988286 0.9930819 0.9996896 0.9984235 2458.686 4917.366 6226.476 8131.884 9936.015 12469.65 12469.79 12469.76 12469.73 12469.7 10011.21 10 
1 0.007739428 0.3699798 1 1 1 0.999622 1 0.9995221 0.9992671 0.9993709 0.9998159 0.9966483 8494.561 16989.12 16989.12 16989.12 16989.12 16989.12 16989.12 16989.12 16989.12 16989.12 8494.561 11 
1 0.009914245 0.2468095 0.2400629 0.2358426 0.3770297 1 1 1 1 1 1 1 1916.627 3833.254 5264.165 7012.193 9900.481 9900.481 9900.481 9900.481 9900.481 9900.481 7983.854 12 
0.9999994 0.04338348 0.1566398 0.09306576 0.281495 0.1942865 0.2681409 0.06510282 0.7276053 0.0001434818 0.999539 0.9984963 0.996043 230.5598 461.1194 1093.589 1407.236 1756.008 1817.981 2465.52 2465.554 2707.826 2707.936 2477.386 13 
1 0.01149848 0.3857267 0.2660721 0.09058364 0.5182366 0.9999997 1 1 0.9999999 1 1 0.9999966 1826.271 3652.541 4108.861 6483.021 8690.088 8690.089 8690.089 8690.089 8690.089 8690.089 6863.818 14 
1 0.03736561 0.2142712 0.159418 1.671946e-13 0.4322474 2.505717e-16 0.3766806 0.4842445 0.3078052 0.1921568 0.9999187 0.9998199 463.7197 927.4395 927.4395 1984.331 1984.331 2507.246 2926.264 3063.632 3122.993 3372.528 2908.828 15 
1 0.01685752 0.295045 0.28839 7.975604e-39 0.4767173 8.409109e-06 1 1 1 1 1 1 1465.845 2931.689 2931.689 4655.981 4655.997 6548.7 6548.7 6548.7 6548.7 6548.7 5082.855 16 
0.960091 0.08176279 0.123013 0.1341187 0.1577572 0.151712 0.1183812 0.2768059 0.2450291 0.1150519 0.3218074 1 1 244.6542 479.5445 709.5849 883.0927 981.4427 1217.671 1345.376 1354.181 1454.834 1722.789 1824.161 17 
0.8264584 0.05418552 0.2383511 0.06149777 0.1100776 0.1301951 0.1073153 0.2610854 0.18785 0.1150569 0.4631925 0.9999879 0.9992818 239.9255 438.214 765.2088 1056.641 1177.42 1633.641 1701.316 1580.757 1928.776 2315.299 3901.37 18 
1 0.009529591 0.3482806 0.2085483 0.9999986 0.9999945 0.9997064 0.9994909 0.9596704 0.9992811 0.9998732 0.9997722 0.9992624 1574.146 3148.292 9122.248 9122.256 9122.256 9122.256 9122.256 9122.256 9122.256 9122.256 7548.11 19 
1 0.01299955 0.2788141 0.2175573 0.2353259 0.4126837 1 1 1 1 1 1 1 1384.765 2769.529 3941.521 5513.144 7749.821 7749.821 7749.821 7749.821 7749.821 7749.821 6365.056 20 
1 0.03472918 0.3033663 0.1863905 0.13395 0.1729752 0.08778122 0.3617073 0.447555 0.3853511 1.598974e-06 0.9999994 0.9999921 575.9968 1151.994 1488.78 1865.431 2023.511 2617.708 3086.995 3310.218 3310.219 3666.266 3090.27 21 
0.9999998 0.007668057 0.3281937 1 1 0.9999992 0.9999996 0.9999953 0.9977229 0.9892931 0.9983418 0.9980402 0.9815815 8503.409 17006.82 17006.81 17006.81 17006.81 17006.8 17006.8 17006.8 17006.79 17006.79 8503.409 22  
0.9070721 0.009701407 0.5536777 0.1497277 0.1749277 8.946737e-06 0.1495964 0.2736089 0.2029171 0.04974376 0.456558 0.9999999 0.9999991 2267.749 4324.76 6175.601 5601.81 6670.744 8523.106 9062.915 8480.959 9962.573 11738.44 15145.82 24 
1 0.02496552 0.2677258 0.1736265 0.3134029 0.2636539 1 1 0.9998175 0.9997287 0.9996644 0.9998694 0.9979993 600.9135 1201.827 2098.172 2615.908 4061.867 4061.867 4061.867 4061.867 4061.867 4061.867 3460.954 26 
0.9999885 0.03715967 0.1824828 0.3026074 0.05811312 0.1674027 0.06487243 0.5354318 0.0002509402 0.5517972 0.0003484106 0.9998646 0.9998734 834.3913 1668.773 1780.502 2083.682 2181.485 2936.511 2936.642 3298.012 3298.076 3591.449 2757.34 27 
0.9999872 0.2464282 0.02380764 0.07739001 0.1440317 0.08271452 0.234624 0.2287814 1.357057e-35 0.3871772 0.1990568 1 1 69.02399 138.0471 256.5653 314.8223 466.4074 579.5349 579.5274 727.1782 773.691 960.8718 891.898 28 
1 0.01222328 0.2981774 0.1675501 0.4360031 0.2881459 0.999997 1 1 1 1 1 1 1063.64 2127.28 4431.362 5290.173 7411.827 7411.834 7411.834 7411.834 7411.834 7411.834 6348.193 29 
1 0.02414569 0.2871107 0.1378533 0.2304153 0.3930183 0.5200761 0.9999974 0.9991188 0.9977977 0.9993595 0.9993071 0.9978668 497.0269 994.0538 1710.288 2650.472 3405.639 4102.502 4102.503 4102.503 4102.503 4102.503 3605.477 30 
0.9999999 0.1487629 0.06369211 0.1287262 0.1767404 0.1765302 8.51446e-11 0.3093824 7.472663e-13 0.4708551 1 1 1 141.2329 282.4658 451.4164 590.341 590.341 790.836 790.8359 1001.569 1238.39 1238.39 1097.158 31 
1 0.01264829 0.210091 0.3071644 1.507452e-08 0.5928665 1 1 1 1 1 1 1 1949.41 3898.82 3898.82 6505.69 8295.881 8295.881 8295.881 8295.881 8295.881 8295.881 6346.471 32 
1 0.01226643 0.3377455 0.2733686 1 0.9999407 0.9999281 0.9999998 0.9997535 0.9981442 0.9998068 0.9998364 0.9972506 1630.594 3261.188 7595.414 7595.414 7595.414 7595.414 7595.414 7595.413 7595.413 7595.413 5964.82 33 
1 0.01017853 0.3481083 0.2104758 0.2192805 0.3477465 0.9999992 1 1 1 1 1 1 1572.127 3144.254 4437.411 6038.475 9041.522 9041.524 9041.524 9041.524 9041.524 9041.524 7469.397 34 
1 0.01335724 0.3012388 0.2288965 0.9999942 0.993317 0.9975748 0.9979184 0.9948257 0.9988819 0.9989241 0.9998638 0.9993006 1272.985 2545.969 6834.358 6834.383 6834.383 6834.383 6834.382 6834.382 6834.382 6834.382 5561.398 35 
1 0.03625747 0.1036432 0.282961 0.1834088 0.1285933 0.05282988 0.4957607 0.06160659 0.9996338 0.9992414 0.9994986 0.9995301 772.4291 1544.858 1903.859 2109.399 2182.983 2837.017 2877.999 3502.008 3502.236 3502.237 2729.808 36 
1 0.0171382 0.250393 0.3630414 1.052704e-05 0.3457191 1 1 1 1 1 1 1 1706.857 3413.714 3413.745 4449.057 6408.406 6408.406 6408.406 6408.406 6408.406 6408.406 4701.549 37 
1 0.0115565 0.2630601 0.1780629 0.2335859 0.1575078 0.9999999 0.9999844 0.9998661 0.9999604 0.9999619 0.999998 0.99986 1298.005 2596.01 3995.56 4718.841 8587.594 8587.594 8587.594 8587.594 8587.594 8587.594 7289.589 38 
1 0.9999999 0.01513775 0.03426767 0.064516 0.07586281 0.09701444 0.1446292 0.1908215 0.2417907 0.3622067 0.4506172 1 21.99985 43.99969 83.99963 128.0001 179.9998 250.0003 329.0003 410.0001 502.0005 575.0002 642 39 
0.9999913 0.269313 0.009904245 0.1188883 0.07266533 0.1168988 0.1528426 0.1896263 0.1757981 0.2835091 0.5501732 0.9999994 0.9999857 96.60207 193.2033 245.2258 322.835 412.4449 506.6276 577.3834 671.4319 802.1992 909.1134 812.5449 40 
1 0.01057097 0.2971196 0.3683633 0.08657221 0.3599499 0.9999949 1 0.9999906 0.9999799 0.9999973 0.9999995 0.9996577 2743.56 5487.119 5894.391 7441.146 10191.52 10191.53 10191.53 10191.53 10191.53 10191.53 7447.972 41 
1 0.1894995 0.03265742 0.1119859 0.1098827 0.08377533 0.06431825 0.1602611 0.2934292 0.1262112 0.5794995 6.324443e-07 0.9999998 116.1535 232.3071 333.5158 402.1993 450.5132 563.1536 736.34 788.9737 1000.14 1000.141 1037.215 42 
0.9907443 0.04449408 0.1611953 0.1914759 0.1141327 0.3055015 1.840625e-14 0.3857245 0.1082936 0.2885958 0.9999752 0.9944732 0.9893427 472.0476 939.7261 1158.525 1687.246 1671.629 2129.18 2191.05 2364.627 2820.595 2794.5 2465.311 43 
1 0.0129808 0.2538016 0.2117067 0.2888654 1 1 1 1 1 1 1 1 1232.627 2465.255 3791.062 7054.961 7054.961 7054.961 7054.961 7054.961 7054.961 7054.961 5822.334 44 
0.9999998 0.006177053 0.3668087 0.1735678 1 0.9997535 0.9989008 0.9992778 0.9959359 0.9995343 0.9996708 0.9996485 0.9992371 2104.674 4209.348 14230.62 14230.62 14230.61 14230.61 14230.61 14230.61 14230.6 14230.6 12125.94 46 
1 0.01536057 0.2234441 0.2316954 0.4014321 0.3625714 0.9999986 1 1 0.9999999 1 0.999999 0.9999983 1237.086 2474.173 4120.925 5011.197 6576.364 6576.366 6576.366 6576.366 6576.366 6576.366 5339.28 47 
0.825932 0.04952235 0.1265128 0.1249647 0.06914209 0.1303637 0.2328636 0.1191982 0.1410632 0.3294984 3.416995e-16 1 1 525.0562 958.7169 1046.041 1310.113 1775.118 1738.276 1719.378 1989.245 1642.981 2515.173 4201.637 48 
1 0.1770583 0.04786801 0.1180382 0.08453873 0.1772008 0.1081144 0.2259567 8.706138e-24 0.3665448 0.2802336 0.5986807 1 124.3079 248.6158 327.1361 477.8077 553.4462 694.4381 694.4381 871.4739 957.2113 1089.048 1053.116 49 
1 0.009186813 0.4329691 0.3332612 0.9999988 0.999337 0.9244059 0.999977 0.9814195 0.9919739 0.9998835 0.9999829 0.99953 2503.755 5007.511 10016.64 10016.65 10016.65 10016.65 10016.65 10016.65 10016.65 10016.65 7512.892 50 
1 0.007670122 0.3396214 1 1 1 0.9999038 1 0.9997626 0.9995649 0.9987206 0.9998889 0.9992225 8838.54 17677.08 17677.08 17677.08 17677.08 17677.08 17677.08 17677.08 17677.08 17677.08 8838.54 51 
0.9999998 0.0945971 0.09011444 0.1445783 0.2905078 2.089247e-07 0.07686169 0.4134394 0.06756691 0.5592455 0.5660363 0.9998852 0.9997397 200.9122 401.8243 747.1596 747.1596 811.9842 1133.875 1164.732 1402.87 1509.105 1590.543 1389.642 52 
0.9999386 0.07622841 0.1270092 0.09635573 0.2125019 0.2670652 0.1428096 0.08338316 0.1500158 0.3892281 0.7471969 0.9997548 0.998865 157.475 314.9404 628.7511 939.3104 1060.984 1121.845 1222.249 1443.752 1703.462 1791.235 1634.309 53 
1 0.07005188 0.1248723 0.105888 0.1905131 0.2736257 0.04414314 0.3518508 3.109447e-189 1.031952e-27 0.5879087 9.670216e-05 1 185.6201 371.2401 669.8435 1017.009 1057.691 1367.641 1367.641 1367.641 1703.315 1703.338 1752.984 54 
1 0.01374558 0.2652176 0.192575 0.1155131 0.3595858 1.836172e-06 0.9999998 0.9999154 0.9999789 0.9999874 0.9999988 0.999992 1236.848 2473.695 3072.727 4722.076 4722.081 7659.528 7659.529 7659.529 7659.529 7659.529 6422.681 56 
1 0.01987713 0.2320154 0.3396084 1.290592e-09 0.4676751 1 1 1 1 1 1 1 1372.177 2744.353 2744.353 3992.246 5412.644 5412.644 5412.644 5412.644 5412.644 5412.644 4040.467 57 
1 0.02907227 0.2816676 0.1922516 0.139096 0.365761 0.1813395 0.6698405 0.9999974 0.9999864 0.9999982 0.9999994 0.9999998 619.2789 1238.558 1600.473 2419.776 2677.403 3456.471 3840.467 3840.468 3840.468 3840.468 3221.189 58 
1 0.003794226 0.2985533 0.2016593 0.9999998 0.9968222 0.9995964 0.9992535 0.9985735 0.9979772 0.9993813 0.9999401 0.9986495 3690.134 7380.269 21988.98 21988.98 21988.98 21988.98 21988.98 21988.98 21988.98 21988.98 18298.85 59 
0.9999999 0.01911698 0.2858282 0.1198646 0.247746 0.3355551 0.9999995 0.9999077 0.9969935 0.996529 0.9981608 0.999078 0.9920287 523.1535 1046.307 1997.995 2967.647 4887.691 4887.691 4887.691 4887.69 4887.689 4887.689 4364.539 60 
0.951789 0.04233633 0.2067597 0.227051 3.844763e-08 0.1022031 0.3364267 0.07604632 0.08081154 0.4006863 0.5579831 0.9999999 0.9999987 741.5024 1447.256 1377.483 1569.064 2255.862 2261.468 2264.727 2667.302 2965.816 3161.172 3265.797 61 
1 0.01839526 0.2888643 0.3320744 5.389104e-11 0.2122861 0.2354197 0.9999982 0.9999575 0.9999054 0.9999703 0.9999969 0.9999853 1563.953 3127.907 3127.907 3795.694 4379.042 6273.598 6273.601 6273.601 6273.601 6273.601 4709.648 62 
1 0.02179113 0.2562671 0.3516871 9.123756e-07 0.3320077 0.9999838 1 0.9999995 0.999997 0.9999999 0.9999999 0.9999999 1345.651 2691.303 2691.305 3514.89 5171.899 5171.926 5171.926 5171.926 5171.926 5171.926 3826.274 63 
1 0.006251832 0.2890356 0.1439971 1 1 0.9999826 0.9998766 0.9996038 0.9994358 0.9999606 0.9999889 0.9995262 1759.572 3519.145 13979.07 13979.07 13979.07 13979.07 13979.07 13979.07 13979.07 13979.07 12219.5 64 
1 0.05280007 0.09909074 0.1677123 0.105467 0.5028432 5.765395e-07 0.1787927 0.999999 0.9997133 0.9999622 0.9999719 0.9996627 322.051 644.1021 812.6603 1531.55 1531.55 1658.629 2242.309 2242.31 2242.31 2242.31 1920.259 65 
0.9999999 0.01726146 0.2422516 0.2661969 0.1876432 0.2551375 0.9999999 0.9998678 0.9974889 0.996411 0.9987742 0.9969903 0.9846832 1274.65 2549.299 3208.625 3936.889 6063.021 6063.021 6063.02 6063.02 6063.019 6063.019 4788.372 66 
0.9999934 0.1406348 0.05217602 0.1401684 0.1363316 0.1598988 0.2193454 0.2072603 0.1349182 0.04135518 0.3072278 1 1 163.6164 327.2317 464.0613 602.6643 762.3943 880.2159 941.0136 957.1304 1071.948 1330.86 1167.285 67 
1 0.02699191 0.2961953 0.1711801 0.170803 0.2943924 1 1 0.9998817 0.9998717 0.9999405 0.9999045 0.9999726 555.8062 1111.612 1571.261 2228.184 3802.715 3802.715 3802.715 3802.715 3802.715 3802.715 3246.908 68 
1 0.009355565 0.3396251 0.2706723 0.1486573 0.1573064 0.3008067 1 0.9999996 0.9999747 0.9999963 0.9999996 0.9999917 2458.651 4917.302 5902.133 6789.344 8219.019 11542.15 11542.15 11542.15 11542.15 11542.15 9083.496 69 
0.9999437 0.06348898 0.131406 0.1560689 0.1597316 0.2122309 0.1029481 0.2743341 0.09685907 0.321079 0.6679148 1 0.9999991 315.0797 630.1417 902.2522 1206.036 1322.072 1599.537 1670.556 1883.349 2183.905 2333.27 2018.85 70 
0.9999999 0.1363786 0.06601423 0.2298607 1.285794e-13 0.1373016 0.2560264 0.01090162 0.1647257 0.3000631 0.2854675 0.9999561 0.9980534 267.6677 535.3355 535.3354 658.4688 856.5504 862.8252 956.6067 1099.298 1194.315 1432.134 1164.478 71 
1 0.009629752 0.2127928 0.4799196 1.587613e-25 7.161497e-23 1 1 1 1 1 1 1 4019.551 8039.103 8039.103 8039.103 12395.02 12395.02 12395.02 12395.02 12395.02 12395.02 8375.468 72 
1 0.007546008 0.3268565 0.4177233 1.699408e-22 1.137085e-11 1 1 1 1 1 1 1 4540.037 9080.075 9080.075 9080.075 15408.56 15408.56 15408.56 15408.56 15408.56 15408.56 10868.53 73 
0.9999995 0.06328166 0.09459244 0.1416826 0.2683665 0.1634895 0.1375907 0.3418091 0.09959105 0.9996943 0.9977183 0.9995049 0.9963468 252.9158 505.8315 917.0147 1100.284 1229.305 1505.724 1558.734 2037.853 2037.998 2037.998 1785.087 74 
1 0.005058556 0.3764938 0.1987502 0.9999998 0.9995863 0.9999979 0.9999328 0.9994698 0.999576 0.9999806 0.9999882 0.9996727 2965.306 5930.612 17885.07 17885.07 17885.07 17885.07 17885.07 17885.07 17885.07 17885.07 14919.77 75 
1 0.001659491 0.2646242 0.2663275 0.9999947 0.997867 0.7235302 0.9842455 0.9983027 0.999013 0.9998979 0.9998481 0.9995882 10846.97 21693.95 51574.77 51574.93 51574.93 51574.93 51574.93 51574.93 51574.93 51574.93 40727.96 76 
0.9999984 0.05060612 0.1429169 0.2789616 1.120316e-12 0.2199839 0.2474993 6.968299e-15 2.289842e-12 0.6375743 0.586744 0.9993376 0.9984936 618.4845 1236.968 1236.966 1588.633 1897.248 1897.245 1897.242 2495.491 2695.023 2835.463 2217.096 77 
0.9999999 0.0008894007 0.338004 1 0.9999994 0.9994573 0.9992769 0.9642473 0.9605802 0.9783199 0.997943 0.9999021 0.9969136 73150.17 146300.3 146300.3 146300.3 146300.3 146300.3 146300.2 146300.2 146300.2 146300.2 73150.17 78 
0.9999997 0.1268647 0.08316991 0.1613075 0.08049557 0.1475625 0.2206687 0.3983076 5.348457e-08 0.3470395 1 1 1 189.2592 378.5183 457.7276 591.244 761.4448 1000.865 1000.865 1126.38 1362.539 1362.539 1173.282 79 
1 0.0190545 0.2699239 0.202852 0.379061 0.1156999 0.9999933 0.9999992 0.9998904 0.9999573 0.9999817 0.9999964 0.9999421 892.2968 1784.594 3113.757 3365.67 5291.043 5291.056 5291.056 5291.056 5291.056 5291.056 4398.759 80 
0.999998 0.1529549 0.06221991 0.1382469 0.1500614 0.1417412 0.1238949 0.2041766 0.2914792 0.26958 0.3772485 0.9999975 0.999994 150.4488 300.8973 441.6262 554.6048 639.3607 761.732 900.7585 991.8603 1084.979 1238.698 1088.261 81 
0.9999969 0.02425929 0.2893864 0.2067698 0.1840528 0.2018092 0.3495982 0.0411375 3.661197e-07 0.1875294 0.4927051 1 1 906.9621 1813.921 2454.305 3027.231 3819.43 3880.048 3880.037 4145.044 4710.753 5293.212 4386.338 82 
1 0.009571149 0.3976556 1 0.7176556 0.9999933 0.9999929 0.9999995 0.9989706 0.9977302 0.9991663 0.9989956 0.9992927 7067.088 14134.18 14134.18 14134.18 14134.18 14134.18 14134.17 14134.17 14134.17 14134.17 7067.088 83 
1 0.008530672 0.4079051 1 0.9984542 0.9993696 0.9994332 1 0.9994559 0.9981665 0.9987317 0.9996397 0.9971871 7660.889 15321.78 15321.78 15321.78 15321.78 15321.78 15321.78 15321.78 15321.78 15321.78 7660.889 84 
1 0.01318609 0.2029562 0.2174293 0.2042979 0.4540723 1 1 1 1 1 1 1 1365.225 2730.45 3734.312 5509.667 7644.163 7644.163 7644.163 7644.163 7644.163 7644.163 6278.938 85 
1 0.01790818 0.2658162 0.1902305 0.341892 0.1940475 1 1 1 1 1 1 1 893.537 1787.074 3087.492 3573.227 5590.666 5590.666 5590.666 5590.666 5590.666 5590.666 4697.129 86 
1 0.01088586 0.3821597 0.2417552 2.186774e-19 0.4808123 1 1 1 1 1 1 1 1847.429 3694.858 3694.858 6480.833 9489.166 9489.166 9489.166 9489.166 9489.166 9489.166 7641.736 87 
0.999994 0.278052 0.01595903 0.1329648 0.06308823 0.1388763 0.1514509 0.1096462 0.2023414 0.1929285 0.5386851 0.999934 0.9979735 107.9601 215.9196 260.3315 351.9289 437.9469 490.7886 577.6121 643.6447 792.4506 919.874 811.9454 88 
0.9999998 0.07805227 0.1682899 0.1969868 0.1520538 0.04683936 0.3410571 0.1311843 0.3533637 0.1657839 0.9999852 0.9975053 0.9999533 307.5803 615.1606 805.8125 855.6117 1201.237 1288.838 1493.848 1556.042 1869 1869.005 1561.426 89 
1 0.01029496 0.2320335 0.1902081 0.2960127 0.2579922 1 1 1 1 1 1 1 1554.244 3108.487 5067.215 6269.022 9725.525 9725.525 9725.525 9725.525 9725.525 9725.525 8171.281 90 
1 0.02277949 0.2792402 0.3846809 2.048099e-93 2.503671e-30 1 1 1 1 1 1 1 1452.429 2904.857 2904.857 2904.857 5228.101 5228.101 5228.101 5228.101 5228.101 5228.101 3775.672 91 
0.9999999 0.1298826 0.07646702 0.1754835 0.05915812 0.2180709 0.1808457 0.3817552 0.1038581 0.1449304 0.4307639 1 1 207.9727 415.9453 473.7527 674.2384 804.2438 1029.048 1066.859 1114.143 1234.313 1393.113 1185.141 92 
1 0.2385703 0.01485406 0.118296 0.08567648 0.201613 0.04082884 0.1870662 0.3113293 7.357673e-33 0.4600364 0.7181731 1 104.8502 209.7004 276.6554 420.7144 444.0062 546.3654 684.8516 684.8516 825.7774 944.5707 886.3376 93 
0.999999 0.01705354 0.3051857 0.2726427 0.1469571 0.1750789 0.1046675 0.9999891 0.99881 0.9977157 0.9981084 0.9994888 0.9965799 1407.487 2814.973 3366.78 3927.571 4204.129 6569.835 6569.854 6569.848 6569.841 6569.835 5162.389 94 
0.9999963 0.05059937 0.1484994 0.1736838 0.2429863 0.1612003 0.2870687 0.1511457 0.5295424 1.881167e-08 0.9999998 1 1 375.5523 751.1032 1185.25 1403.281 1728.967 1851.214 2214.788 2214.78 2537.785 2537.776 2162.277 95 
1 0.02538552 0.2526689 0.430994 2.521838e-43 0.2706475 1 1 1 1 1 1 1 1416.611 2833.222 2833.222 3339.396 4703.457 4703.457 4703.457 4703.457 4703.457 4703.457 3286.846 96 
1 0.03077943 0.224347 0.2506686 0.06847124 0.2627879 0.2398191 0.9999883 0.9984879 0.9985571 0.9999851 0.999975 0.9996335 747.3807 1494.761 1647.738 2194.65 2562.6 3728.917 3728.93 3728.93 3728.93 3728.93 2981.55 97 
1 0.08589027 0.0898926 0.150464 0.2109596 0.1233044 0.2026259 0.2362829 0.5868048 8.823861e-05 0.08940605 1 1 221.2907 442.5815 706.161 827.7209 1002.849 1165.687 1474.537 1474.557 1493.998 1692.013 1470.722 98 
0.9999987 0.1407464 0.06732808 0.1214142 0.1368778 0.1217731 0.08764293 0.320056 0.293809 5.755765e-07 0.5754783 1 1 142.1677 284.3352 425.1497 533.2774 601.6225 829.3334 971.4662 971.4652 1168.064 1313.091 1170.931 99 
0.9999984 0.09280684 0.09456221 0.1628351 0.2266376 2.776363e-07 0.229741 0.1571427 0.4660835 1.266065e-07 0.5667454 1 0.9999999 226.3595 452.7186 716.4685 716.4676 923.2343 1032.17 1304.501 1304.498 1481.302 1616.461 1390.115 100 
0.9999955 0.248406 0.02777984 0.09920472 0.09553174 0.1301491 0.08614359 0.2711409 0.1238918 0.3757183 0.3452165 0.9998717 0.9967797 84.58911 169.1778 242.5534 332.9678 385.0221 534.7539 584.6182 717.1071 793.1011 937.2254 852.6722 1 
0.9999993 0.1267157 0.07585486 0.1321517 0.08342138 0.2222601 0.1710104 0.1403688 0.3585443 0.4582909 1 1 1 150.0085 300.0168 382.1963 582.8825 702.974 784.6902 964.1197 1111.235 1285.129 1285.128 1135.124 2 
1 0.04298819 0.2055174 0.2660576 6.417595e-12 0.2812352 0.1537664 0.2058225 2.279641e-07 0.595948 9.93301e-05 0.9996404 0.998691 701.4264 1402.853 1402.853 1947.027 2160.881 2403.117 2403.117 2960.138 2960.175 3337.661 2636.371 3 
0.9999962 0.1347568 0.06311323 0.09993614 0.2161949 0.2042084 0.08182313 0.2764034 9.767369e-08 0.3584564 0.5876294 1 0.9999987 118.7867 237.573 468.8659 640.1022 694.7009 864.0524 864.0491 1022.968 1190.104 1307.39 1188.626 4 
1 0.01876997 0.2474437 0.2203483 0.2722445 0.3161917 1 1 1 1 1 1 1 959.0674 1918.135 2841.98 3622.845 5311.575 5311.575 5311.575 5311.575 5311.575 5311.575 4352.507 5 
