0.9073679 0.468774 0.8904546 0.07507056 0.1038807 0.1257891 0.1003743 0.1742452 0.1706403 0.2515776 0.2943088 0.5189818 0.9999998 89.61584 170.9304 269.7954 369.2645 421.8804 518.391 580.0192 660.3614 716.5755 796.2724 1193.755 1 
0.9124323 0.5037279 0.8960911 0.08680284 0.09674344 0.09912473 0.1348378 0.170839 0.1950745 0.2466927 0.3543039 0.477628 1 101.2688 193.6698 279.7796 350.6692 436.8564 526.7366 601.9278 672.7081 747.4055 798.2529 1166.654 2 
0.9027901 0.5064623 0.898339 0.07476729 0.0833719 0.1142835 0.1463195 0.1857748 0.1507311 0.2427046 0.3761013 0.5080646 1 86.89646 165.3457 238.9247 328.3456 424.1685 521.391 562.1753 632.6076 717.898 771.8235 1162.226 3 
0.8998932 0.5019477 0.8995402 0.07512544 0.1131274 0.07430418 0.1747881 0.1980996 0.1506054 0.2825592 0.2311787 0.5752913 1 87.67752 166.5779 272.0125 315.9131 439.1787 540.0787 574.3293 657.5753 674.3595 764.9065 1167.082 4 
0.8877048 0.5088605 0.9062168 0.1006454 0.09156869 0.1038481 0.1380438 0.1907837 0.1909643 0.271612 0.3977454 0.3681721 1 115.9689 218.915 289.2231 354.5066 431.1552 521.4713 575.2836 639.9882 706.044 703.6475 1152.253 5 
0.8951707 0.5028323 0.9017884 0.09093441 0.06872361 0.1282806 0.1300673 0.1637573 0.1876426 0.2528406 0.3032793 0.4865338 1 105.4261 199.8005 251.2859 350.8522 425.3581 502.6549 566.7558 635.1878 683.177 739.6221 1159.364 6 
0.8895123 0.5244392 0.9087255 0.07988031 0.08807297 0.1503598 0.120412 0.1708836 0.1427045 0.3112066 0.3133908 0.607035 1 91.54431 172.9741 246.7333 364.0588 422.2134 498.3676 528.3324 628.9245 669.6996 742.3515 1146.019 7 
0.8903427 0.4864567 0.9017905 0.08578672 0.09306264 0.1404947 0.1344652 0.173926 0.1995483 0.266465 0.2238191 0.4923644 1 100.7495 190.451 269.4851 376.7409 447.9683 524.8379 586.6975 649.9984 657.363 719.5565 1174.418 8 
0.903679 0.4731065 0.8924645 0.07571552 0.08863534 0.138169 0.07115857 0.1431333 0.1879422 0.2064228 0.3499673 0.5525947 1 90.90921 173.0619 254.7563 369.9613 396.3518 474.0592 558.7807 621.2484 717.8684 809.3116 1200.668 9 
0.9121249 0.5068386 0.9003351 0.09435443 0.08625998 0.1012713 0.1185599 0.1767579 0.1708488 0.2226453 0.3924061 0.440009 1 106.5693 203.7738 274.1014 344.6683 413.9709 508.4664 567.9235 630.5416 729.2986 770.2448 1129.457 10 
0.8896588 0.506442 0.8933858 0.07113714 0.08307275 0.1071835 0.1380854 0.0516029 0.2788536 0.2226184 0.3211126 0.4268933 1 82.95012 156.7474 229.4286 310.5606 398.7312 394.1721 552.7944 608.1596 671.5331 715.1955 1166.059 11 
0.9076683 0.4929794 0.9035365 0.08904552 0.08534818 0.1251144 0.1032833 0.2053581 0.156692 0.2829165 0.2509967 0.5079015 1 103.4768 197.3995 269.522 365.7775 419.4959 536.7551 581.7775 672.0755 701.6406 775.7181 1162.067 12 
0.8937923 0.5017435 0.9143109 0.0592853 0.1051798 0.1147899 0.1225719 0.1298958 0.193627 0.2170977 0.3433292 0.5857867 1 69.77154 132.1328 234.5445 323.3519 396.498 454.3358 535.7161 596.0237 677.8351 768.4305 1176.877 13 
0.8961695 0.4867086 0.8990806 0.08782118 0.09435088 0.1124301 0.1232223 0.1779703 0.1488322 0.2177308 0.396632 0.5749668 1 102.7528 194.8368 275.3047 355.3914 424.2035 514.0254 552.6799 609.8856 709.856 778.9784 1170.023 14 
0.8848027 0.494622 0.8999067 0.08461644 0.08694708 0.07973803 0.1709605 0.1845709 0.1266333 0.2918774 0.3742009 0.3899842 1 99.08596 186.7575 258.4434 306.7123 425.3596 514.1775 532.0497 625.9714 694.7703 706.6349 1171.001 15 
0.8860478 0.4969067 0.8985707 0.07588398 0.0929565 0.115378 0.1326459 0.1843653 0.1773944 0.2842943 0.232104 0.4992105 1 90.57856 170.8355 253.9057 340.4117 419.0247 512.8107 565.4507 647.4496 659.2348 725.4298 1193.645 16 
0.9056225 0.5179868 0.9016244 0.07976713 0.1337192 0.09491332 0.1013943 0.1953229 0.1787249 0.2255904 0.38865 0.4612808 1 92.68718 176.6268 302.9411 362.2686 413.0859 521.2514 580.4043 637.9434 727.584 767.6461 1161.972 17 
0.9200966 0.4713397 0.8938686 0.07249836 0.110493 0.09014246 0.1570872 0.1629868 0.1983323 0.2923978 0.2573489 0.4661744 1 84.88558 162.9885 269.958 335.4636 446.724 531.7768 612.2709 708.7023 742.5987 805.0423 1170.862 18 
0.9167263 0.4784737 0.9009685 0.1081954 0.111847 0.120299 0.1566704 0.1037247 0.2151597 0.2214283 0.2588217 0.5069673 1 125.4299 240.4147 336.0287 418.508 510.21 538.3814 624.9147 678.9812 719.0014 799.3139 1159.29 19 
0.9067353 0.4890501 0.8974928 0.07852228 0.09118193 0.1063324 0.157487 0.1574363 0.1967087 0.2391943 0.2176605 0.4522845 1 92.03738 175.4909 257.6076 337.9575 444.589 519.481 593.525 657.8199 679.3037 750.6098 1172.118 20 
0.9022568 0.4865448 0.893301 0.07554049 0.106568 0.139937 0.1093329 0.1911497 0.1598901 0.2639629 0.3499708 0.5054855 1 88.39761 168.1549 267.0047 376.1585 430.2764 529.7435 573.7161 650.4407 716.4606 768.1064 1170.202 21 
0.8969505 0.4945398 0.890506 0.07179154 0.1030487 0.129339 0.1014519 0.1641693 0.1687821 0.2366986 0.2822519 0.4546569 1 84.94688 161.14 257.7127 358.5698 408.6351 493.0489 550.9641 620.9258 672.297 736.389 1183.244 22 
0.9190836 0.4777559 0.9016698 0.09292892 0.100559 0.08218763 0.1300244 0.161309 0.22583 0.1789788 0.3163908 0.5094955 1 108.8699 208.9305 298.8856 353.2565 438.7365 526.3448 628.304 666.1534 740.9714 822.7157 1171.54 23 
0.8963725 0.5083732 0.8934322 0.06593274 0.110067 0.1164878 0.1337106 0.1722638 0.1692819 0.2208289 0.2861194 0.4994152 1 78.6997 149.2439 256.4959 345.4972 426.9099 513.4911 566.69 623.28 675.106 750.2068 1193.636 24 
0.8773788 0.4956227 0.9076818 0.08465688 0.1107489 0.07012657 0.1499277 0.1806061 0.1362847 0.1944194 0.3500712 0.4703073 1 100.9038 189.4347 287.0343 319.8734 415.907 503.413 527.3232 568.1826 651.5714 705.3201 1191.915 25 
0.9169248 0.4787421 0.8973511 0.1136414 0.0882999 0.1254963 0.1351277 0.1302422 0.195592 0.3194249 0.3553553 0.9999991 0.8796751 125.3547 240.2956 306.6654 393.0546 465.7362 514.8525 586.7718 688.6942 745.5564 890.5618 1103.073 26 
0.8696978 0.5277784 0.9038948 0.08528121 0.08836573 0.1339732 0.1567299 0.1252773 0.2380455 0.2495542 0.2821637 0.5838896 1 100.4386 187.7898 258.5163 356.4061 443.2682 475.361 562.763 608.7276 630.6307 698.8168 1177.734 27 
0.9072197 0.5054726 0.8941205 0.07194469 0.09379316 0.115783 0.1189675 0.19035 0.1462151 0.2395508 0.3125344 0.5228417 1 81.13201 154.7366 238.541 326.2185 395.7176 499.6394 540.7478 612.9228 677.439 754.1851 1127.7 28 
0.8964759 0.5064611 0.8996139 0.08088518 0.08857887 0.1331814 0.1004753 0.1619062 0.1158773 0.2927532 0.2728498 0.4369722 1 96.77155 183.5249 261.9301 368.2925 417.4534 500.7608 524.8126 639.9998 685.4844 744.6458 1196.406 29 
0.9013613 0.5008131 0.8918885 0.0856056 0.1183672 0.1109668 0.1680856 0.1317268 0.2217329 0.2705999 0.3629652 0.5231132 1 97.8615 186.0701 291.4463 364.9627 466.6777 510.4297 591.3058 657.6152 714.6881 756.1455 1143.167 30 
0.8874815 0.5058761 0.9168605 0.0922474 0.08528644 0.1167377 0.09747534 0.162381 0.2034312 0.2638034 0.2686458 0.5120077 1 106.7682 201.523 268.4536 350.4369 393.7481 473.8453 551.0719 623.9125 654.8065 722.0436 1157.412 31 
0.8968017 0.4866447 0.8930335 0.0927279 0.09839361 0.1044909 0.1296267 0.1792975 0.2051572 0.2607645 0.3184092 0.5548199 1 106.8766 202.7237 284.6937 353.8294 426.7586 514.4756 585.1125 649.7321 695.5142 757.7454 1152.583 32 
0.9159787 0.473199 0.9002369 0.09428992 0.09191059 0.07438527 0.1266852 0.16501 0.1593365 0.282514 0.2008882 0.5228843 1 109.9181 210.6008 289.9477 336.9055 421.0272 513.541 573.5071 679.0177 700.3799 804.6327 1165.746 33 
0.9023771 0.4896292 0.8992211 0.08241212 0.101167 0.1333321 0.1835903 0.1385093 0.1831917 0.2501127 0.3899509 0.9999991 0.8712506 93.96537 178.7576 267.15 366.4529 480.3043 525.5757 579.2751 639.8282 714.2781 858.7363 1140.189 34 
0.8995652 0.493029 0.8908284 0.09036842 0.09416001 0.07953003 0.1732706 0.1018442 0.2214988 0.1957259 0.4060758 0.4781817 1 105.4937 200.3922 280.2525 328.6048 449.0142 478.4656 576.0317 618.353 723.4049 767.6565 1167.374 35 
0.9028984 0.4992593 0.9033281 0.08707826 0.113305 0.07944494 0.132149 0.1731854 0.1743434 0.2301269 0.3739495 0.5217386 1 100.171 190.6153 291.0975 336.8101 417.3855 505.6954 563.8296 625.9527 711.3809 770.0145 1150.356 36 
0.8897954 0.4992467 0.9080323 0.09544408 0.07169038 0.099312 0.1232469 0.1242595 0.2459227 0.2498576 0.3319491 0.5348816 1 112.1921 212.0201 264.8816 333.7169 406.5099 458.5657 575.8974 641.0416 698.5698 759.5576 1175.475 37 
0.90039 0.4957422 0.9030703 0.09977243 0.0857873 0.09829867 0.1429042 0.1387361 0.1767666 0.3318776 0.2380469 0.4467632 1 115.0056 218.5554 285.8043 350.5868 437.9054 496.0017 558.2135 675.1289 690.555 739.997 1152.679 38 
0.8982379 0.4902589 0.8980554 0.08039277 0.07343433 0.114564 0.129413 0.1745966 0.1551543 0.2510052 0.4051642 0.2690952 1 95.88925 182.0206 244.0457 335.6451 417.9463 512.1996 560.4071 640.5072 741.1163 731.1965 1192.76 39 
0.885498 0.5151739 0.8952613 0.07395431 0.1046026 0.1214818 0.1045173 0.1720079 0.2221587 0.2106745 0.3251351 0.5063752 1 89.30806 168.3902 266.0865 357.262 408.2968 497.0437 585.0327 624.9292 683.5764 742.156 1207.611 40 
0.8969154 0.502892 0.8940666 0.07420651 0.1063544 0.1044173 0.160825 0.1177196 0.1690266 0.2227085 0.2669019 0.4513723 1 87.5141 166.0068 265.0137 339.5746 445.1016 485.5407 544.8431 608.4085 657.2239 727.7507 1179.332 41 
0.9046616 0.4944686 0.8909266 0.0798427 0.08858652 0.1405329 0.119739 0.1711233 0.1733464 0.262744 0.2695688 0.5768722 1 93.05011 177.229 255.3296 368.3396 433.8056 518.9817 575.747 653.9771 692.3215 783.7116 1165.418 42 
0.8984925 0.4892922 0.9049131 0.1012005 0.09528017 0.1575012 0.08894358 0.1801063 0.1502255 0.2103354 0.2395041 0.4714851 1 120.61 228.9771 307.7967 429.1905 458.2453 545.7041 581.9317 631.8711 665.7501 744.9156 1191.792 43 
0.8945745 0.5079317 0.913039 0.08974313 0.09121582 0.11213 0.1141603 0.1515777 0.2100432 0.2929528 0.2591519 0.4985337 1 102.3986 194.0018 268.2877 345.8408 405.0518 474.8762 557.107 644.1326 667.3922 726.9622 1141.019 44 
0.9020871 0.5061929 0.9077908 0.077581 0.09710428 0.1033507 0.1557692 0.1495074 0.2476076 0.1694611 0.3917037 0.4858349 1 88.91869 169.1311 255.2317 328.8957 430.0164 495.9436 599.5518 619.2039 709.0008 753.0727 1146.14 45 
0.8939226 0.4988712 0.8940899 0.07969757 0.08281356 0.1013169 0.1747235 0.09461687 0.1330551 0.2996004 0.3175536 0.442156 1 94.23372 178.4714 249.6538 324.2898 446.6039 469.2658 508.6575 628.7696 691.2951 740.7561 1182.391 46 
0.8874313 0.5080467 0.9015179 0.07037713 0.1147536 0.1205432 0.08919592 0.1933777 0.121456 0.2906157 0.3086918 0.5900384 1 82.68636 156.0648 263.8327 350.6844 387.0544 493.2522 513.6031 615.2892 666.2127 750.0288 1174.904 47 
0.8837469 0.5393067 0.8943159 0.07845275 0.08174442 0.1092121 0.130401 0.1805387 0.1877612 0.2481524 0.2850454 0.4482364 1 90.87648 171.1883 238.5479 317.868 394.7771 485.9675 546.3017 608.2071 645.8125 692.5062 1158.359 48 
0.8924127 0.5273736 0.8949478 0.09066918 0.07578352 0.1384556 0.1085253 0.1390935 0.154846 0.2794704 0.3177755 0.4534062 1 104.3137 197.4046 255.4491 361.8374 413.3119 472.1378 520.3383 615.3616 672.8731 720.9071 1150.487 49 
0.9059432 0.4899189 0.9020721 0.09226186 0.08789954 0.1631114 0.1154665 0.1479297 0.1804064 0.2784678 0.3001526 0.4920692 1 106.1644 202.3433 275.1245 404.6448 458.6479 519.8361 579.352 662.0085 706.4052 762.3404 1150.686 50 
0.8975652 0.509516 0.9096263 0.08568804 0.1259646 0.1176073 0.1470988 0.1626299 0.1441724 0.2448783 0.3463685 0.4872461 1 100.1166 189.9777 305.0813 383.6408 465.5363 532.1292 562.4545 628.1569 695.5248 745.3866 1168.385 51 
0.9079659 0.5085829 0.8932717 0.09376998 0.06469511 0.09132614 0.1661612 0.09220865 0.1336129 0.2205205 0.3215082 0.4987332 1 110.1373 210.1383 259.6605 326.6825 446.9308 475.3522 523.0964 605.7813 698.7069 790.8854 1174.548 52 
0.8994454 0.5002862 0.9035591 0.0826785 0.08605555 0.1182044 0.1507316 0.1181098 0.2047522 0.1887895 0.2942595 0.5593375 1 93.96819 178.4874 250.2596 337.7272 430.4162 471.4166 552.8639 591.7503 651.7074 746.4304 1136.549 53 
0.8974889 0.5105478 0.8933208 0.07537044 0.08823604 0.138478 0.1606084 0.1425607 0.1545733 0.2456937 0.2927344 0.4308492 1 90.11936 171.0005 251.0218 364.8773 466.95 523.0022 566.0019 637.8093 689.1075 739.9263 1195.686 54 
0.897348 0.498082 0.8990809 0.07163721 0.1041427 0.07229267 0.1445501 0.1670481 0.2463048 0.1471779 0.4202188 0.4860324 1 80.326 152.4064 245.1702 287.4198 382.9713 467.2877 571.1549 580.9061 687.7806 728.8348 1121.289 55 
0.899992 0.5081792 0.9077515 0.08923673 0.06968485 0.1406456 0.1308221 0.1616699 0.1856883 0.2558362 0.3272529 0.3674281 1 102.35 194.4641 247.8089 359.7063 432.9857 507.0355 569.3231 639.1597 695.914 717.4675 1146.949 56 
0.909724 0.4929949 0.9001725 0.08012056 0.0740233 0.110339 0.1106645 0.2041004 0.214087 0.1798148 0.4030018 0.597484 1 91.29984 174.3575 236.2107 321.9857 388.4811 510.1547 594.9566 627.6248 729.7465 804.405 1139.531 57 
0.9107427 0.4903449 0.9030023 0.09578567 0.0881498 0.1258728 0.09785754 0.1553352 0.1999392 0.2373678 0.279866 0.4865486 1 110.1538 210.4755 283.3515 377.4112 424.8323 503.0613 584.4369 652.214 701.8482 774.2254 1150.003 58 
0.899922 0.4883451 0.8973521 0.08472319 0.09237018 0.1333646 0.135473 0.1911819 0.1962375 0.2236582 0.3230568 0.4574652 1 98.31286 186.7868 266.1988 368.1193 444.4557 538.0556 598.843 643.9262 697.2425 740.3463 1160.401 59 
0.8988153 0.4930681 0.893429 0.0880248 0.1137962 0.119955 0.1362769 0.1267011 0.1990416 0.3000187 0.3348655 0.4581457 1 105.4841 200.2949 304.3916 389.7679 466.4812 512.5539 588.6544 683.5812 735.1134 770.5687 1198.345 60 
0.9122911 0.4913942 0.9040033 0.1055812 0.07704372 0.09360506 0.1298188 0.1411855 0.1837317 0.2416182 0.3251454 0.4040615 1 122.1325 233.5528 292.78 356.4858 437.5814 505.5385 580.0422 656.7394 729.3317 774.55 1156.763 61 
0.8925609 0.5145248 0.9055445 0.09284864 0.1167586 0.122681 0.1425278 0.1429219 0.2120193 0.2278144 0.4108067 0.5743827 1 104.972 198.6659 297.069 376.2829 449.1253 498.266 568.5641 612.3241 692.5289 738.3926 1130.571 62 
0.9161043 0.4874463 0.8958734 0.09131481 0.09388818 0.1017811 0.1080285 0.1638671 0.161017 0.2731594 0.3946595 0.3750752 1 106.7048 204.4576 286.998 360.8478 423.9338 514.6849 575.2861 674.7341 773.2445 797.6121 1168.538 63 
0.9067743 0.5124871 0.9044619 0.05982932 0.1300508 0.1307092 0.09941903 0.1948392 0.1721877 0.2857891 0.312487 0.4054006 1 68.31059 130.2529 257.7127 355.7493 403.291 508.1361 562.1202 648.9749 697.2253 729.2253 1141.758 64 
0.898427 0.5025726 0.8960054 0.09306173 0.06981321 0.09685825 0.1577536 0.1926797 0.1579834 0.2576145 0.3706832 0.4477015 1 109.4607 207.8031 261.1696 330.7525 438.5311 539.4222 580.9007 654.0772 728.8388 762.1293 1176.216 65 
0.8930327 0.503228 0.8972263 0.07228409 0.117556 0.1232403 0.1219392 0.144027 0.2274609 0.2513656 0.2744659 0.5632245 1 83.4787 158.0279 267.0725 355.0211 418.124 478.2281 568.7855 628.9277 660.5491 737.1334 1154.87 66 
0.8932043 0.5133999 0.9071095 0.07258642 0.1079562 0.140993 0.1169463 0.1779256 0.1717687 0.2053273 0.3515391 0.4854657 1 83.77336 158.6001 257.2128 364.363 421.3671 505.2311 553.5448 595.6805 669.8229 721.6524 1154.119 67 
0.8949316 0.5411772 0.8962606 0.07234421 0.0955916 0.0949216 0.1168648 0.178215 0.174994 0.2448519 0.3344232 0.4589035 1 81.32288 154.1013 237.5918 302.1495 370.1571 465.6092 525.0948 595.063 661.6083 709.9744 1124.11 68 
0.900801 0.5238084 0.8955737 0.1070944 0.09847588 0.09288644 0.1331719 0.1573955 0.218161 0.2165312 0.385421 0.541351 1 122.2084 232.2939 309.5896 364.2023 439.0403 509.1732 591.4377 635.8 716.4139 769.3777 1141.128 69 
0.9018517 0.4786006 0.8951075 0.08917165 0.08575507 0.1319698 0.1124245 0.1584202 0.2082442 0.1700608 0.2893168 0.4939352 1 108.6748 206.6834 281.5894 387.8812 448.8482 528.6604 613.8014 642.1575 704.2281 786.8913 1218.715 70 
0.9089794 0.5050793 0.8958518 0.08345796 0.09562198 0.1061582 0.1376607 0.1600492 0.1526414 0.325619 0.3394227 0.5524397 1 95.05624 181.4604 264.765 340.8892 426.0291 503.7199 551.1707 669.6522 727.2554 788.5246 1138.971 71 
0.9082744 0.5075311 0.901891 0.06774311 0.1016484 0.1468313 0.1165137 0.1539618 0.1859185 0.2469875 0.3668171 0.4999455 1 76.86072 146.6714 240.7345 358.1741 419.7771 491.5458 559.1182 629.6725 708.1745 760.8062 1134.591 72 
0.902255 0.5027351 0.8917468 0.07532817 0.1023104 0.1162221 0.1741431 0.09439363 0.2086388 0.153347 0.4071088 0.4828412 1 87.54129 166.5258 260.1905 346.8717 461.4299 482.7874 568.628 590.4235 706.6317 759.8591 1162.132 73 
0.9123166 0.5248969 0.8975244 0.09326031 0.07847453 0.1035578 0.1553881 0.1460637 0.2041357 0.249131 0.3170035 0.4706819 1 106.7135 204.07 267.5969 343.1468 446.2426 512.8533 594.0779 664.5571 723.3939 778.7233 1144.254 74 
0.9072223 0.4966009 0.8929004 0.06796688 0.1125426 0.08723361 0.1461117 0.1525382 0.2161655 0.272061 0.432154 0.4160826 1 80.56518 153.6557 263.7363 324.7963 425.422 502.5174 595.8847 678.702 775.4198 790.7832 1185.359 75 
0.8979378 0.4830433 0.8923469 0.08717074 0.07845112 0.1411744 0.1192732 0.1560941 0.1558617 0.285839 0.2866162 0.5299715 1 101.4626 192.5698 256.2692 368.3428 431.0467 502.658 548.7699 643.5672 685.8759 758.3261 1163.953 76 
0.9062279 0.4963467 0.8885313 0.09738208 0.06845382 0.1213221 0.120314 0.1508654 0.2476268 0.1781285 0.3410199 0.4077923 1 110.8366 211.2798 261.792 353.3486 421.3859 493.4704 602.7374 630.3982 703.7379 742.1215 1138.162 77 
0.8964828 0.4993125 0.9007216 0.1018224 0.06632417 0.1000567 0.184968 0.1132986 0.2427122 0.2550254 0.2233966 0.484994 1 118.1887 224.1428 270.0861 339.5226 466.4089 499.0195 601.0184 661.0677 672.4237 737.3392 1160.733 78 
0.8991934 0.4887724 0.8986183 0.09421043 0.08894071 0.1508683 0.102558 0.1417308 0.2059315 0.2127859 0.3183851 0.5033831 1 110.5054 209.8711 283.2105 400.6959 444.5983 504.325 583.8583 631.9722 694.2642 760.0629 1172.964 79 
0.9018832 0.4994946 0.8997879 0.08379231 0.1210972 0.101356 0.1387827 0.174961 0.1671184 0.2607988 0.2881746 0.5805948 1 98.1207 186.6141 298.2266 364.5398 446.3742 530.2604 578.8544 652.8431 695.612 780.5608 1170.999 80 
0.9130643 0.4954881 0.8913326 0.07919724 0.1228412 0.1107893 0.07974128 0.1968123 0.1665921 0.2225084 0.3735703 0.4714504 1 90.84166 173.7859 288.4213 365.9874 399.8613 514.3052 571.033 634.3058 726.5551 779.9149 1147.031 81 
0.9037568 0.4879608 0.9005057 0.09412809 0.065446 0.1167392 0.1424983 0.184109 0.1507575 0.2340316 0.2377262 0.5176656 1 110.6903 210.7273 260.1635 351.3438 442.8319 539.035 579.9028 646.3622 679.2886 771.8256 1175.954 82 
0.9101879 0.4967183 0.9051373 0.07477516 0.1080838 0.1190555 0.1073931 0.107981 0.2273529 0.1950117 0.3321261 0.4236903 1 88.60324 169.2488 272.5433 364.4818 424.2569 469.1806 582.9787 633.9649 718.711 774.8768 1184.929 83 
0.9101508 0.4976029 0.8896768 0.09688588 0.09918682 0.104473 0.1766229 0.1358014 0.1924863 0.2222559 0.3664645 0.4554562 1 110.5561 211.1788 294.4206 364.9519 478.9948 528.9143 595.2568 647.9415 725.8718 767.8528 1141.096 84 
0.8962308 0.5191134 0.9017309 0.08818556 0.0678055 0.1255577 0.1392667 0.1494699 0.1971427 0.2378695 0.3349449 0.5475569 1 102.1191 193.6414 245.1421 343.289 427.5336 493.9015 566.8701 628.3806 692.3117 760.8709 1158.003 85 
0.9011416 0.4914667 0.9082553 0.07007964 0.1042878 0.1105309 0.1752974 0.1283024 0.297228 0.282529 0.3148055 0.5876289 1 77.33593 147.0266 239.5126 317.4334 429.3735 473.4364 601.3311 658.5857 686.7741 738.2064 1103.544 86 
0.892869 0.495029 0.9019065 0.1053874 0.08368851 0.1027186 0.1271678 0.1496438 0.158214 0.255832 0.3603607 0.3383462 1 125.2732 237.1258 300.7183 368.5934 440.2925 507.3235 555.6457 635.8729 714.2446 725.7055 1188.693 87 
0.8928191 0.5075941 0.9036112 0.1011412 0.08368307 0.1121273 0.1180023 0.2192019 0.1637645 0.2710566 0.298288 0.4482229 1 118.2298 223.7875 287.7299 364.8469 426.6157 546.1623 584.032 654.8735 691.7248 730.4524 1168.957 88 
0.9005524 0.525188 0.901289 0.08668063 0.07805297 0.1132497 0.1443406 0.1717123 0.1996852 0.2793118 0.2978829 0.4752824 1 99.03413 188.2196 250.9485 334.9427 424.7683 507.8677 578.0931 655.7559 694.4218 741.7342 1142.517 89 
0.8951099 0.5107327 0.9139768 0.07932852 0.1089264 0.1192542 0.1361175 0.1639798 0.1825919 0.199147 0.3774542 0.4073174 1 92.04501 174.4354 272.5002 357.4351 434.0616 507.2969 564.6451 603.9847 690.2449 718.3546 1160.302 90 
0.8966867 0.5236644 0.8972122 0.08707041 0.1188325 0.09125245 0.1795813 0.1807308 0.1592607 0.253018 0.428703 0.5457922 1 99.3201 188.3791 292.6653 346.164 460.1506 536.2551 570.1168 630.4448 716.2137 751.9754 1140.687 91 
0.9012354 0.4840479 0.8961117 0.08208027 0.0896955 0.1314946 0.1006504 0.1659255 0.1975232 0.2811007 0.2432094 0.5621238 1 97.11938 184.6468 263.829 367.779 417.8818 504.7464 582.1232 669.9277 694.1369 783.6592 1183.224 92 
0.9145151 0.4824159 0.9014479 0.07227097 0.1113291 0.104935 0.1750766 0.09856672 0.2131248 0.2240394 0.2621366 0.4182977 1 85.01001 162.7529 270.3288 348.9824 471.1172 501.4214 596.1212 658.9508 705.9306 767.2243 1176.268 93 
0.9034053 0.5094324 0.9026657 0.1008864 0.09240016 0.1160436 0.1401247 0.1373913 0.1693806 0.2098106 0.3761887 0.4062784 1 117.8057 224.232 299.5834 381.222 462.4268 517.2692 573.1283 626.6482 720.3803 754.7235 1167.706 94 
0.8872207 0.5193134 0.9039318 0.08780251 0.09515843 0.1224623 0.1517278 0.128866 0.2022315 0.2724385 0.3463802 0.5334204 1 102.0779 192.6436 271.8337 358.6903 446.004 487.7544 558.5865 630.8335 684.7928 733.4879 1162.586 95 
0.889105 0.5332979 0.9001859 0.06112548 0.110048 0.09588199 0.1140451 0.2174726 0.1974929 0.2122241 0.3101761 0.4408786 1 71.26982 134.6362 240.1741 306.9503 373.3632 501.6657 566.6329 607.7971 660.1395 704.3427 1165.959 96 
0.8807735 0.5312363 0.9028932 0.08375674 0.1028928 0.1214348 0.1355582 0.1463289 0.167862 0.2955275 0.381752 0.415335 1 97.90413 184.1355 272.3805 356.581 428.4961 484.1846 531.0226 620.9005 686.2774 698.2235 1168.91 97 
0.9086999 0.4881717 0.8865023 0.09494327 0.1048179 0.0876004 0.1394289 0.1583621 0.177851 0.2163242 0.2318049 0.4820806 1 114.7412 219.0066 313.6592 370.7947 461.5016 541.1156 606.7906 666.4694 702.259 792.5322 1208.524 98 
0.9041145 0.5036267 0.9067255 0.07592921 0.1018969 0.1136377 0.132145 0.174493 0.1525138 0.2171109 0.3699956 0.4078699 0.9999999 89.37283 170.1761 264.6902 350.3173 431.1438 520.922 565.5787 625.4837 717.7867 754.7175 1177.055 99 
0.8982544 0.5131428 0.9113254 0.08794777 0.1147623 0.108294 0.1555796 0.1785799 0.2202124 0.2323055 0.3220603 0.5723761 1 99.40835 188.7023 287.8115 357.3564 447.6023 524.7737 595.6786 637.32 681.2996 743.0978 1130.311 100 
