0.8664433 0.5269716 0.5174155 0.04921246 0.05801039 0.087759 0.1061167 0.1406943 0.1633347 0.2275541 0.3277492 0.454323 1 92.99613 173.572 254.617 369.1401 483.6762 613.2499 725.0491 853.9983 991.1406 1092.852 1889.687 1 
1 0.4717224 0.4742968 0.06609314 0.06113616 0.09236578 0.1126395 0.1606669 0.1895687 0.2934567 0.3586684 1 1 108.1482 216.2963 309.7216 442.2412 588.921 774.5759 958.4332 1189.094 1388.282 1744.447 1636.299 2 
0.8881246 0.5328417 0.5088823 0.04371482 0.07139609 0.09128056 0.09106861 0.1499873 0.1849875 0.2215489 0.3116137 0.4922724 1 80.71207 152.3945 261.4037 381.8191 474.7863 624.785 767.8265 889.7746 1017.807 1151.423 1846.332 3 
0.9381947 0.5302652 0.4775816 0.03977349 0.07242407 0.09329672 0.1014292 0.1488316 0.1796919 0.1765136 0.3785378 0.3829199 1 69.79022 135.267 248.9343 379.3599 499.645 658.2763 812.345 919.07 1139.407 1243.212 1754.692 4 
0.8632763 0.5580821 0.4922884 0.05493813 0.06871508 0.06944502 0.1038381 0.1481155 0.1595404 0.2325471 0.3571068 0.4790894 1 98.56791 183.6593 275.0616 347.1135 452.2369 585.4498 684.3766 810.0571 957.6959 1049.619 1794.162 5 
0.829073 0.5117167 0.5451667 0.05707743 0.04877198 0.1016727 0.07931867 0.1453283 0.1517182 0.2644557 0.3179446 0.4356771 1 111.4011 203.7608 258.6903 392.4609 450.1159 583.5955 671.5876 834.3969 937.2635 1006.496 1951.755 6 
0.9074803 0.5179392 0.4926912 0.04765314 0.08374833 0.07820516 0.1245865 0.1192956 0.1644723 0.251149 0.3275291 0.4089347 1 86.89513 165.7508 295.8526 392.9174 539.2987 642.5771 769.1138 935.2481 1080.458 1175.064 1823.492 7 
0.8866034 0.4949642 0.5009119 0.0480337 0.06570768 0.09515054 0.1042468 0.1349801 0.2199243 0.1985648 0.3726737 0.4085348 1 88.90771 167.7336 264.4925 391.1422 502.0756 625.2496 808.1895 895.327 1062.72 1127.144 1850.944 8 
0.9999992 0.4533672 0.4780164 0.07100871 0.05376279 0.08184109 0.1446482 0.1621582 0.148443 0.2190431 0.3394697 0.4806654 1 123.555 247.11 334.0143 459.1932 662.3309 857.1183 1006.516 1194.243 1421.451 1633.952 1739.998 9 
0.9114882 0.5078117 0.4872383 0.05983629 0.05592155 0.08120392 0.09683433 0.1336919 0.1463709 0.2830419 0.2987537 0.4641292 1 108.3263 207.0644 283.918 389.272 497.7816 631.9896 745.1318 958.2786 1084.67 1218.762 1810.377 10 
0.9418006 0.4762449 0.4806698 0.04760485 0.08112722 0.08869709 0.1044977 0.09749104 0.1921374 0.2310662 0.2649323 0.3923164 1 90.30506 175.3544 311.7188 440.8227 573.2565 671.9704 867.7856 1045.519 1185.893 1335.905 1896.972 11 
0.8765489 0.4926154 0.5089681 0.06032204 0.06179642 0.07247581 0.1304995 0.1249257 0.1916348 0.203974 0.3424238 0.4726211 0.9999999 109.6353 205.736 285.8775 366.7154 515.3916 613.2008 754.2034 847.5507 992.086 1095.756 1817.5 12 
0.9199072 0.4966525 0.4865581 0.05084242 0.05903863 0.1183821 0.1042514 0.1174582 0.1945448 0.1871529 0.3731789 0.4452694 1 92.63695 177.8544 265.7111 437.073 551.6318 658.3947 826.3048 931.089 1133.616 1250.068 1822.04 13 
0.9999902 0.4828463 0.4461643 0.0764206 0.06264036 0.07139465 0.1317642 0.1328313 0.1802831 0.1855887 0.3775539 0.4727552 0.9999995 128.4441 256.8869 354.1215 458.0022 636.0357 791.8603 975.2577 1130.013 1386.417 1586.252 1680.752 14 
0.8709837 0.4819987 0.502636 0.04960154 0.07155507 0.08619709 0.1096014 0.1093836 0.1651421 0.2612358 0.3118303 0.5189192 1 93.37394 174.7011 280.1815 387.2144 503.622 586.4831 709.5996 880.5715 998.4665 1134.763 1882.481 15 
1 0.4679405 0.4686001 0.07318754 0.06238043 0.09777742 0.1083344 0.11787 0.1764148 0.2232373 0.2652302 0.5532793 1 126.1229 252.2458 351.8773 498.3018 644.6729 786.6748 974.1563 1169.545 1349.864 1626.25 1723.284 16 
0.8833419 0.5030303 0.5172168 0.04453891 0.0830016 0.05957781 0.1033236 0.1420934 0.1508735 0.2075611 0.326972 0.4423598 1 81.51665 153.5237 280.7603 343.5446 459.2829 597.8452 703.1265 825.5597 984.4838 1102.035 1830.235 17 
0.8511519 0.5152625 0.5102944 0.04539313 0.07980864 0.06934206 0.1122875 0.14042 0.1873561 0.1676608 0.3277562 0.5066805 1 85.40375 158.0953 277.9011 351.1365 471.5779 593.1104 724.7174 776.7526 921.324 1054.582 1881.425 18 
1 0.4502514 0.4708842 0.06916502 0.07203771 0.09634936 0.1034818 0.1664673 0.2163815 0.2112563 0.3467753 1 1 115.5245 231.0489 343.0494 482.0573 616.9707 811.5421 1022.353 1183.635 1392.45 1785.797 1670.273 19 
0.9078154 0.494681 0.502649 0.0499748 0.05248737 0.08238935 0.1073067 0.1160144 0.1519293 0.2227808 0.3175823 0.4471226 1 93.0043 177.435 253.877 368.4938 499.4763 612.6329 740.4551 901.3825 1072.217 1217.341 1861.024 20 
0.9999971 0.4788356 0.4688651 0.06427376 0.05362641 0.09728564 0.09592976 0.1375655 0.1750223 0.2311428 0.2825353 0.5302478 1 110.7171 221.4339 307.872 456.2737 588.3703 759.6281 947.5422 1152.275 1344.684 1603.763 1722.587 21 
0.8610686 0.4929512 0.5052219 0.05603441 0.06952439 0.07655298 0.1200824 0.1074605 0.1682544 0.2181509 0.3339354 0.5345549 1 103.4736 192.5714 287.0076 371.2979 499.5699 571.7886 690.2665 807.8014 951.015 1091.247 1846.608 22 
0.9537437 0.4833706 0.4743665 0.05336674 0.07884493 0.09064653 0.1028627 0.1621155 0.1570184 0.1873951 0.4209764 0.4276485 0.9999999 95.18526 185.9676 310.4889 437.1092 562.3705 742.0552 874.6626 1002.148 1262.373 1384.312 1783.606 23 
0.9944936 0.472937 0.4554182 0.07149225 0.0757891 0.08098065 0.1175206 0.1207177 0.1359679 0.2293863 0.2700185 0.4098511 1 124.7869 248.8866 370.3455 489.6026 648.6793 791.7522 932.6239 1139.189 1324.953 1530.436 1745.46 24 
0.8613951 0.5188859 0.5301604 0.05071148 0.06800849 0.08529865 0.1207389 0.1375453 0.1984102 0.2247468 0.2859813 0.4991285 1 92.51775 172.2121 266.125 366.9188 494.3227 604.3621 742.7344 841.4888 923.8281 1043.74 1824.395 25 
1 0.4741908 0.4538654 0.06104628 0.08284174 0.08602361 0.1213229 0.132429 0.1958136 0.2455243 0.2553828 0.5494022 1 105.4743 210.9486 345.3429 473.338 638.3265 796.569 999.5652 1204.255 1364.89 1622.208 1727.776 26 
0.922942 0.4813818 0.5042077 0.05858064 0.08612673 0.07947631 0.1040535 0.1369576 0.2111173 0.2386311 0.2919641 0.456089 1 105.9635 203.7616 334.724 432.6134 548.3377 681.8658 863.1763 1005.187 1121.978 1250.369 1808.848 27 
0.8635928 0.4938147 0.530286 0.05850908 0.06223874 0.08621719 0.09531683 0.1761251 0.1736978 0.2423707 0.3389979 0.5329835 0.9999999 115.4385 215.1303 301.3973 410.4706 506.2014 690.7795 802.6298 930.7503 1055.574 1173.253 1973.001 28 
0.8879588 0.4799861 0.5257308 0.06481585 0.0596232 0.08367411 0.1110221 0.1478817 0.1637063 0.2232286 0.3140065 0.5148831 1 122.9394 232.1045 311.8594 416.4909 539.5215 680.0118 793.3687 920.6302 1053.66 1201.269 1896.749 29 
0.8291245 0.5453986 0.5342016 0.0552393 0.05940289 0.093907 0.1151973 0.151418 0.1587876 0.2471964 0.2873267 0.4678213 0.9999996 102.6881 187.8294 260.0621 370.7538 479.831 598.3765 674.5829 793.0131 861.9975 951.9872 1858.969 30 
0.9999998 0.4431808 0.4656504 0.07485311 0.06514661 0.08955042 0.101759 0.1463018 0.1777102 0.2238567 0.3278026 0.5196487 1 130.913 261.826 367.2344 502.6893 642.8272 823.805 1011.474 1205.864 1426.797 1662.222 1748.932 31 
0.9381768 0.4884128 0.4821999 0.04154741 0.09166843 0.07858076 0.1310897 0.1279242 0.2041075 0.2266508 0.2977609 0.4648812 1 75.7681 146.852 297.9991 404.3354 571.1093 698.4097 881.4892 1026.958 1166.63 1317.247 1823.654 32 
0.8549598 0.4959122 0.5336022 0.03860935 0.07603455 0.06218501 0.1155034 0.1437981 0.1569758 0.2506472 0.2609582 0.4969349 1 74.62078 138.4186 259.6215 328.7259 467.0141 604.0591 707.8476 862.8225 938.6849 1085.421 1932.713 33 
0.9626579 0.5168441 0.444426 0.057781 0.07368398 0.1148365 0.08133988 0.1349096 0.1675795 0.2126067 0.3261859 0.4502799 1 98.69851 193.7114 305.0685 464.8816 554.8624 697.6954 847.3929 1001.357 1188.185 1352.377 1708.148 34 
0.9999985 0.4571932 0.4412289 0.0434328 0.07951946 0.08510571 0.1350734 0.1283543 0.1551231 0.2612913 0.3065266 0.5746277 0.9999998 74.38754 148.775 279.0528 407.3951 593.7547 746.9236 908.2762 1137.901 1336.892 1595.583 1712.704 35 
0.9273955 0.4765137 0.4912937 0.06087868 0.08737461 0.08673382 0.1017665 0.1360252 0.1895309 0.2038384 0.3423102 0.4655347 0.9999999 113.343 218.4567 355.3652 467.9628 582.2882 718.0646 880.2738 1003.195 1180.157 1317.902 1861.784 36 
0.9999904 0.460441 0.462467 0.06500921 0.05073267 0.09773566 0.09421331 0.1497215 0.1237817 0.2576686 0.3632478 0.49125 0.9999988 112.9689 225.9368 308.3634 459.102 590.2046 778.9216 911.5793 1153.548 1406.766 1624.817 1737.737 37 
0.8223102 0.5343672 0.5427717 0.05721524 0.06830849 0.07167637 0.119037 0.1136116 0.2231876 0.1858692 0.3456229 0.5040839 0.9999999 110.4217 201.2226 289.7556 359.7766 483.1787 554.8323 730.5144 778.1415 908.4833 1003.415 1929.935 38 
0.9180151 0.4855097 0.4848463 0.04359492 0.07761658 0.0542434 0.1017057 0.1138178 0.1767548 0.2037877 0.3268824 0.4407727 1 82.40004 158.0445 285.397 352.4453 483.9373 605.4944 777.7428 924.5869 1117.762 1270.257 1890.13 39 
0.9999926 0.5225066 0.4347791 0.05315035 0.06277144 0.08689329 0.1330586 0.1267929 0.1462533 0.2728914 0.2834861 0.5316837 0.9999994 89.97743 179.9542 280.5697 411.1066 593.627 744.4082 896.2783 1138.208 1320.943 1566.511 1692.885 40 
0.8706503 0.5060771 0.5192691 0.04774455 0.07643776 0.07528426 0.1092192 0.1223395 0.1791071 0.2368104 0.3020335 0.4968214 1 86.95493 162.6623 274.1878 359.307 474.6005 574.6231 707.6956 841.2592 951.5564 1080.037 1821.253 41 
1 0.4836238 0.4487752 0.06222896 0.05941545 0.09382183 0.09889313 0.1449308 0.1487768 0.2584194 0.3214125 0.5352546 1 105.4842 210.9684 305.4161 445.6953 579.6844 756.6301 911.9461 1141.587 1353.396 1592.755 1695.098 42 
0.8796 0.4953148 0.5113329 0.05860942 0.04845603 0.1002046 0.1202248 0.1519813 0.1796394 0.2202124 0.3043539 0.4844075 1 109.0358 204.9437 265.1317 400.199 532.2912 668.6996 789.1543 896.2409 1006.145 1126.163 1860.381 43 
0.7911568 0.5020635 0.5583902 0.04690268 0.0768939 0.08523252 0.112828 0.1527954 0.1506243 0.2145611 0.3153574 0.4308691 1 91.63125 164.1259 273.027 362.508 464.2043 580.3977 637.1924 719.4927 817.8635 879.6334 1953.646 44 
0.8653658 0.4978136 0.510376 0.05546336 0.05853279 0.07860299 0.1423925 0.1102669 0.1842047 0.226645 0.3078131 0.4575201 1 102.4632 191.1313 267.5347 360.6446 527.6254 599.7307 731.7422 846.7788 957.0727 1058.985 1847.403 45 
0.9999994 0.4603438 0.4647578 0.05375637 0.0763568 0.09338634 0.1044089 0.140128 0.1919054 0.2019072 0.3514648 0.4893825 1 93.43574 186.8714 312.4552 454.3195 598.1163 770.9572 974.4937 1147.543 1387.952 1605.049 1738.134 46 
0.9999999 0.470818 0.4396721 0.07058482 0.06951365 0.1023596 0.1335606 0.1331235 0.1869443 0.2051075 0.4141248 1 1 114.7288 229.4575 334.4699 478.3529 646.8767 792.4145 969.5847 1127.629 1381.281 1740.131 1625.403 47 
0.960325 0.5149052 0.4612136 0.05778285 0.06747397 0.08726989 0.104989 0.1235921 0.1617378 0.20454 0.3129681 0.3986187 1 102.9534 201.8222 307.0886 431.5261 564.4222 700.0863 853.5873 1011.893 1205.645 1362.486 1781.73 48 
0.8727907 0.4694718 0.5360107 0.05557586 0.05984379 0.09856356 0.1009272 0.1268441 0.2143576 0.2001113 0.2926697 0.5346188 1 106.5166 199.4833 282.4294 414.2333 516.3641 625.6216 804.1789 891.2086 999.3276 1158.385 1916.599 49 
0.9999979 0.4312864 0.4577629 0.05240685 0.07348672 0.1146593 0.05612491 0.1478046 0.176425 0.2140204 0.3141271 0.5433542 0.9999998 90.45207 180.904 301.0916 474.8364 550.1311 737.2916 927.6732 1117.878 1337.302 1597.62 1725.959 50 
1 0.5005882 0.4477519 0.05869708 0.05920944 0.1075905 0.09635908 0.1200519 0.1945821 0.2298129 0.3951948 0.5062145 1 97.91543 195.8309 288.8035 447.7426 574.7748 717.7913 921.7663 1115.797 1372.779 1571.865 1668.148 51 
1 0.5099136 0.4695138 0.0619846 0.07897553 0.1015099 0.09419956 0.1236156 0.1757573 0.2194411 0.2888052 0.5408356 1 105.9299 211.8597 338.4607 488.334 613.296 761.8331 946.9173 1137.389 1333.058 1593.655 1708.971 52 
0.8862837 0.4796822 0.5164158 0.05930712 0.06199377 0.09463728 0.1132148 0.144499 0.1640415 0.2412658 0.2349338 0.4762287 0.9999999 112.5896 212.3759 298.9354 423.47 547.0148 679.1453 790.6538 932.7964 998.1679 1150.546 1898.416 53 
0.907145 0.4865726 0.500675 0.04471246 0.06010961 0.07394774 0.1077531 0.1472267 0.1215749 0.217893 0.3342251 0.454754 1 82.22138 156.8081 247.8404 346.9207 479.4601 635.7911 718.1925 874.1789 1060.142 1203.692 1838.892 54 
0.9317325 0.4795106 0.4906777 0.05197805 0.06161242 0.1017574 0.1198355 0.1198863 0.1673044 0.2168585 0.3503632 0.4682721 1 95.94779 185.3455 280.513 428.4651 575.9793 692.3063 836.2141 985.4638 1179.259 1325.431 1845.929 55 
0.9314104 0.4848215 0.5072635 0.06020945 0.04420682 0.1179386 0.0931691 0.146259 0.1186524 0.2674284 0.2678848 0.4770278 0.9999999 109.3363 211.1732 272.1321 445.8426 549.312 702.4631 786.4484 995.0493 1119.459 1293.845 1815.932 56 
0.8496128 0.5061737 0.5355974 0.04838284 0.06845333 0.08381438 0.1154754 0.143209 0.1925485 0.1968934 0.3668927 0.4163859 1 92.86516 171.7646 270.9646 372.824 496.7679 619.5263 753.8342 828.2882 984.8013 1038.657 1919.382 57 
1 0.4780544 0.438115 0.05626552 0.07073314 0.09116167 0.1162824 0.1539268 0.1286524 0.2780818 0.3051008 0.5267061 1 100.4329 200.8659 320.0194 462.7234 628.1574 821.683 958.5348 1216.283 1420.436 1665.343 1784.982 58 
0.8955386 0.4972615 0.4922334 0.04912725 0.06055104 0.08326759 0.1033536 0.134736 0.1465152 0.263773 0.3319948 0.4339402 1 90.5102 171.5656 259.7201 369.6291 486.9505 618.3542 725.2606 913.0163 1061.828 1164.114 1842.363 59 
1 0.4702277 0.4702919 0.08230226 0.07159986 0.101085 0.1035428 0.1683821 0.1450784 0.2941516 0.2981355 1 1 136.1448 272.2895 380.9824 523.4483 654.6268 845.8621 982.8868 1220.403 1390.324 1790.349 1654.205 60 
0.8080661 0.5479592 0.5229507 0.04070651 0.06330381 0.07065466 0.08549508 0.1402955 0.1818804 0.2435566 0.236014 0.4938493 1 76.65793 138.6026 226.3602 302.4735 378.8689 507.9183 635.3069 759.7313 794.5003 930.6969 1883.186 61 
0.9999961 0.4530985 0.4659554 0.06097239 0.09297088 0.08855253 0.1343375 0.1572041 0.1777218 0.2209212 0.363176 0.4654558 0.9999997 103.7602 207.5199 356.0862 484.4354 661.9039 841.6812 1012.971 1188.055 1412.292 1595.307 1701.756 62 
0.9019257 0.5178274 0.5080535 0.04880861 0.08142675 0.08082427 0.09970535 0.1496016 0.1511542 0.2146632 0.3022584 0.4470616 1 88.84725 168.9809 293.3963 393.1713 500.374 648.2015 753.812 883.8313 1022.677 1155.124 1820.319 63 
0.8754046 0.5120132 0.5110435 0.05816642 0.05824948 0.0903378 0.1024193 0.1604619 0.1641389 0.2187855 0.3161406 0.491293 1 105.4815 197.8204 272.6608 383.9944 486.0071 636.1892 737.8983 847.592 969.5966 1090.68 1813.443 64 
0.9142793 0.4935703 0.5025904 0.0607421 0.06882714 0.08473756 0.1157814 0.1535639 0.1510008 0.2643947 0.3517577 0.4381631 1 111.4503 213.347 313.6728 422.767 556.5828 708.307 813.5818 990.5961 1147.173 1243.835 1834.812 65 
0.9999932 0.4635727 0.4659311 0.06416645 0.07077583 0.08403984 0.1087112 0.1524489 0.180799 0.2881322 0.3553646 0.4807217 0.9999993 110.0461 220.0914 333.6825 459.0148 607.5151 793.1225 979.6874 1223.254 1437.096 1623.571 1715.009 66 
0.9577975 0.4734887 0.4648459 0.0549776 0.06156228 0.08417632 0.1213611 0.1033745 0.2209371 0.2359259 0.3297229 0.4490841 1 101.3965 198.5139 297.4347 422.5635 586.5228 697.8271 929.1046 1106.797 1291.708 1448.645 1844.324 67 
0.7839601 0.5267579 0.5565493 0.0529589 0.05347486 0.08262401 0.08362522 0.152298 0.1562205 0.2617626 0.3562092 0.424351 1 104.4204 186.2818 245.8913 338.8028 401.1992 540.8124 620.7409 764.8298 879.0698 903.497 1971.725 68 
0.8876522 0.5024742 0.5041231 0.05456568 0.0633029 0.07899619 0.1157289 0.1329492 0.1783931 0.1891122 0.3560464 0.4834593 1 103.5037 195.3789 286.9534 387.4154 522.9383 646.0733 785.0984 881.2013 1063.578 1190.123 1896.864 69 
0.9105149 0.4848497 0.4980269 0.05459716 0.07455251 0.07953042 0.1162649 0.139125 0.1884936 0.2185391 0.337704 0.4174376 1 103.1416 197.0536 312.5709 416.052 555.7065 693.0341 849.1907 978.4708 1138.791 1239.817 1889.139 70 
0.9999985 0.4406353 0.46531 0.06205906 0.0685664 0.1073842 0.09785246 0.1225839 0.2066459 0.2274244 0.3396176 0.4029359 1 106.6976 213.395 323.9645 485.2576 616.4506 764.7194 984.0247 1175.506 1396.418 1569.502 1719.291 71 
0.9999993 0.4846106 0.46353 0.07396969 0.07199178 0.08635127 0.123102 0.1342373 0.1826266 0.2163591 0.39361 0.4807409 0.9999999 123.8475 247.695 359.3148 483.5596 645.3877 800.1307 982.3946 1158.889 1410.506 1596.859 1674.301 72 
0.8658492 0.526064 0.5028501 0.05185946 0.06985512 0.08178755 0.1173609 0.1255586 0.1973984 0.187895 0.3701674 0.4643958 1 91.25625 170.2704 263.9767 355.4885 475.0334 569.225 709.9625 780.5762 941.2151 1024.622 1759.684 73 
0.9999996 0.4620294 0.4760404 0.06429752 0.06992594 0.09277449 0.1104067 0.1659891 0.1454268 0.2076782 0.3658101 0.524488 0.9999999 116.9075 233.815 352.7813 499.5833 658.0776 870.0549 1024.946 1213.972 1477.779 1717.655 1818.228 74 
1 0.5252393 0.4530012 0.07222532 0.06278509 0.09613004 0.1067672 0.1514706 0.1637092 0.2243583 0.3414648 0.5235349 1 121.8852 243.7704 342.0719 483.1314 624.7391 804.1885 968.7597 1157.376 1380.038 1604.852 1687.569 75 
0.9595957 0.4948346 0.469377 0.05777781 0.06646688 0.08400316 0.096439 0.1514389 0.1813107 0.2411482 0.3126961 0.4661451 1 103.0848 202.0046 305.5786 425.0613 546.519 721.1379 891.8374 1073.401 1244.148 1413.259 1784.16 76 
0.8984957 0.521627 0.4975019 0.05011126 0.04467176 0.08954246 0.1060247 0.1484582 0.1805715 0.2404156 0.2993327 0.5110555 1 90.11656 171.0859 230.0288 352.8046 474.5226 623.5461 764.4908 909.7144 1028.105 1175.836 1798.33 77 
0.9999977 0.469388 0.4593412 0.06494604 0.05439254 0.08706296 0.1420805 0.1308967 0.1492294 0.2523483 0.3342685 0.5296271 0.9999996 108.6842 217.3682 302.4795 431.3022 623.2285 774.9242 925.2279 1141.464 1355.616 1581.505 1673.454 78 
0.9124546 0.4834218 0.4976037 0.05865437 0.06524806 0.08683926 0.1143937 0.1387439 0.191305 0.2140823 0.2586149 0.4687612 1 111.7219 213.663 311.9494 430.1854 567.603 705.9671 867.4841 993.6413 1098.528 1260.203 1904.749 79 
1 0.4918944 0.4498998 0.06304263 0.08260916 0.05985958 0.1019636 0.1533599 0.1718567 0.2469885 0.3274093 0.5370928 1 107.7776 215.5553 347.8804 435.8439 576.71 766.9786 947.4966 1162.347 1376.81 1613.435 1709.599 80 
0.9524735 0.4802484 0.4622965 0.05539477 0.05649299 0.0846202 0.1110416 0.1537753 0.1444082 0.2632508 0.3116754 0.4767489 1 99.966 195.181 282.2052 404.8914 549.1288 724.2864 849.7971 1058.859 1226.124 1396.946 1804.611 81 
1 0.4417558 0.4507425 0.07283913 0.07190891 0.1011471 0.1169663 0.1284215 0.2546079 0.2070813 0.2972732 1 1 129.0721 258.1443 376.2866 530.5158 690.8266 846.2502 1114.82 1277.642 1462.976 1901.088 1772.016 82 
0.9143382 0.497313 0.4954895 0.06800352 0.07238289 0.07565896 0.146284 0.116847 0.1825451 0.242079 0.3348787 0.4794568 1 124.688 238.695 341.9405 432.5817 609.8671 703.7884 845.1645 991.3806 1135.667 1256.655 1833.552 83 
0.9424616 0.4938698 0.4875241 0.05622448 0.06928309 0.08946605 0.09702153 0.1203294 0.1922305 0.2530397 0.283239 0.470227 0.9999999 101.261 196.6955 303.142 427.2338 542.4064 667.7093 849.2377 1034.243 1170.274 1335.62 1801.012 84 
0.8680357 0.5276823 0.5144593 0.04970837 0.06724952 0.09999371 0.1073658 0.1173652 0.1944706 0.2111766 0.3044847 0.4660219 1 87.18647 162.8674 253.4644 375.4747 476.1544 559.9077 700.4057 795.5065 903.8171 1011.593 1753.96 85 
0.7995812 0.5454563 0.5398193 0.04405406 0.06577307 0.0894952 0.107694 0.1298062 0.1658441 0.184319 0.3636391 0.520023 1 78.84226 141.883 225.9734 323.7245 415.5669 500.8379 587.8611 643.7781 794.3347 889.5628 1789.671 86 
0.8250148 0.5244421 0.5201116 0.05494271 0.06870189 0.09207914 0.0976154 0.141844 0.1676015 0.2513093 0.3362662 0.6071646 1 102.977 187.9346 276.7395 380.2074 459.8754 571.1066 665.5556 791.7112 896.2259 1030.684 1874.262 87 
0.9329486 0.4866734 0.4978215 0.04104307 0.07243915 0.06803166 0.1030596 0.121321 0.1916655 0.2166849 0.3267712 0.499966 1 71.93095 139.0388 251.4603 340.6539 467.5419 594.2877 773.9003 922.5636 1097.615 1268.048 1752.572 88 
0.9731916 0.506171 0.4577993 0.07773594 0.06390903 0.1036328 0.119599 0.1543592 0.1933834 0.2167569 0.3786198 0.4097811 1 132.3979 261.2465 354.6298 497.5034 641.7988 803.7081 971.9218 1117.43 1322.194 1444.603 1703.175 89 
1 0.4611402 0.4675039 0.05102313 0.09468527 0.07635356 0.1070134 0.1580474 0.2128398 0.2143706 0.3686084 1 1 86.76964 173.5393 326.3447 437.8987 582.3096 772.7652 988.7121 1159.92 1391.201 1787.364 1700.594 90 
1 0.4641439 0.462031 0.0501884 0.06811824 0.1104051 0.09290918 0.1302798 0.1606087 0.2441899 0.3610467 0.5152113 1 86.2057 172.4114 283.542 451.3915 577.0471 736.8744 908.2396 1126.938 1371.334 1594.17 1717.642 91 
0.9042251 0.5040683 0.4933152 0.05454764 0.07105482 0.07370054 0.08917857 0.1334971 0.1804772 0.1683791 0.3729529 0.4108843 1 99.20945 188.9171 293.0064 382.6711 477.9737 612.1091 764.2422 852.1897 1067.397 1170.221 1818.767 92 
0.9354492 0.5133356 0.4484342 0.04409678 0.0712608 0.08516012 0.1332914 0.1261224 0.1578453 0.2392684 0.3264177 0.4690779 1 77.93709 150.8433 261.4994 378.2424 545.1606 666.8819 795.4452 963.1727 1128.357 1275.597 1767.41 93 
0.9037727 0.4947101 0.5077056 0.04945014 0.06558699 0.07615602 0.1097724 0.1678972 0.1326368 0.2623659 0.3127018 0.4176365 1 92.99812 177.0473 277.2568 377.7881 510.8341 692.3332 777.3335 962.6718 1098.738 1202.944 1880.644 94 
0.9999942 0.4474673 0.4633906 0.067944 0.0785187 0.07966216 0.124303 0.1152616 0.1679586 0.2190327 0.3027547 0.5458216 0.9999992 120.7115 241.4224 371.4418 492.9962 667.5574 809.2999 992.0398 1190.322 1404.363 1673.419 1776.633 95 
0.9999994 0.4468447 0.4654609 0.07211915 0.07291253 0.06910131 0.08849067 0.1477865 0.1684026 0.205058 0.2761451 0.5573211 0.9999999 127.5959 255.1918 374.8879 480.0561 605.4274 796.2793 981.6148 1169.287 1370.194 1663.699 1769.238 96 
0.9333032 0.5073475 0.4829908 0.0422096 0.07805032 0.08824659 0.102844 0.1440666 0.1430824 0.2403552 0.3027011 0.4686105 1 76.88305 148.6383 274.8893 398.4918 522.7318 677.4093 793.3554 972.3808 1129.42 1293.623 1821.459 97 
1 0.4456513 0.4886415 0.07323861 0.08351571 0.0762794 0.1016186 0.1441486 0.2316939 0.2568588 0.3438838 1 1 121.207 242.414 370.5066 477.7295 609.675 777.8233 1009.134 1206.153 1402.172 1776.168 1654.961 98 
0.9314923 0.4832663 0.4781473 0.05401926 0.05935952 0.08835802 0.07277896 0.1652156 0.1559084 0.2145925 0.2875488 0.5012902 1 99.34287 191.88 282.0015 407.2728 487.9451 683.052 816.2879 969.5265 1123.233 1319.687 1839.027 99 
1 0.4408833 0.4641306 0.054684 0.1031095 0.0728682 0.1257182 0.1325779 0.1905503 0.2274942 0.3174379 1 1 93.02087 186.0417 351.846 456.9391 625.0424 780.0312 973.259 1159.992 1361.276 1794.082 1701.062 100 
