0.03810548 0.02226513 0.02061202 0.00724716 0.009454273 0.0119901 0.01434653 0.01726785 0.02060216 0.02541176 0.03351805 0.04817001 2.501406e-15 13.69486 18.82456 25.54481 32.2533 41.8415 52.82746 68.05969 85.44721 103.5654 124.5463 1 
5.311951e-15 0.01666857 0.0115307 0.009297751 0.01249651 0.01559193 0.01897467 0.02336265 0.02900102 0.03712084 0.05154542 4.945812e-18 7.631083e-16 15.21391 19.01605 23.1086 25.95313 28.72267 29.87323 31.01698 30.00718 5.532623e-06 5.53335e-06 2 
0.03869632 0.02188513 0.02024383 0.006856341 0.01009736 0.01258806 0.01427915 0.01747533 0.0215898 0.02660229 0.03413464 0.04892919 2.532154e-15 12.65908 19.73518 25.66751 31.20883 43.16769 55.65914 71.05935 90.88638 113.4389 136.2352 3 
0.0448697 0.02240401 0.02111654 0.006765623 0.01047861 0.01325312 0.01546903 0.01873275 0.02287239 0.02727347 0.03573704 0.05422333 3.153036e-15 11.87158 19.83821 26.75104 34.53205 48.70954 65.86446 86.472 119.3127 146.9082 187.5518 4 
0.04071012 0.02355491 0.02125909 0.007658542 0.01002641 0.011341 0.01356034 0.01682987 0.01998291 0.02466437 0.03317255 0.04868147 1.015842e-15 13.74067 19.36132 23.76456 32.28344 42.91931 53.52702 69.50025 87.64269 105.3948 126.5983 5 
0.03500706 0.02234139 0.0203585 0.007794953 0.009200238 0.01240199 0.0137509 0.01671258 0.01993547 0.02559187 0.03433829 0.047953 3.450737e-15 15.21384 18.49013 27.00446 29.79037 40.27541 47.64041 61.58508 72.14128 85.69212 101.4893 6 
0.04268389 0.02233753 0.02124739 0.007385969 0.01125049 0.01305311 0.01595673 0.01845854 0.02161074 0.02756298 0.03695406 0.05241221 6.392274e-16 13.46826 22.10249 26.79246 37.58348 47.6307 64.59074 85.98085 108.4703 133.6836 165.7886 7 
0.04271902 0.02280595 0.02180557 0.007562519 0.01049156 0.01344808 0.01583172 0.01869792 0.02399913 0.02992863 0.03826048 0.05741688 5.729422e-15 13.9978 20.79446 28.60788 35.99335 47.64113 65.21195 79.15803 104.9495 125.24 154.2274 8 
NaN 0.01833575 0.01210726 0.00961425 0.01243022 0.01504936 0.01965227 0.02487013 0.02958936 0.03480448 0.04582993 0.06887858 NaN 16.72878 19.87487 23.82711 29.28488 31.8856 32.01954 33.15107 34.40133 34.29877 0 9 
0.04487604 0.02297663 0.02182371 0.008529404 0.01038376 0.01268551 0.01497084 0.01803977 0.02134573 0.02817131 0.03816447 0.0526219 2.434332e-15 15.44144 20.46898 28.80749 38.41393 52.33819 67.58012 92.57192 113.0744 142.8225 175.2279 10 
0.0473796 0.02227487 0.02195256 0.007678346 0.01173422 0.01430545 0.01678194 0.01884499 0.02310829 0.02979547 0.03849377 0.05147576 2.183033e-15 14.56561 24.43404 31.95132 42.84353 56.19858 81.59179 106.2974 135.8712 173.5098 219.1846 11 
0.04265674 0.0231556 0.0223851 0.00864741 0.01083117 0.01264512 0.01630718 0.01916451 0.0232851 0.02869414 0.03707162 0.05478888 2.21584e-05 15.71666 21.08366 27.30964 39.2185 47.79492 63.91391 78.76185 101.0456 121.491 144.882 12 
0.0460427 0.02249528 0.02250312 0.007902013 0.010376 0.01465163 0.01701181 0.01912371 0.02345275 0.02886156 0.03774589 0.05742916 1.45163e-14 14.39779 20.60681 32.41521 39.59958 52.99911 74.56443 94.33198 126.3826 153.8332 190.0811 13 
NaN 0.01994421 0.01230578 0.009853951 0.01271521 0.01461106 0.01835439 0.02230799 0.02678329 0.03253975 0.04231993 0.06644012 4.774257e-05 16.56205 19.94534 22.42138 26.95804 28.63906 30.37535 30.48478 32.36382 31.47423 0 14 
0.04390259 0.02357475 0.02251609 0.007766015 0.01096299 0.01338195 0.01596866 0.01818688 0.0216074 0.02827125 0.03788818 0.05444966 3.008639e-14 14.61937 22.21426 28.80274 37.6149 46.8917 62.81954 81.97377 99.2715 123.2207 145.1364 15 
1.232688e-14 0.01900303 0.01224989 0.009656833 0.01270503 0.01582156 0.01898994 0.02194317 0.02626947 0.03311298 0.04251166 0.06085889 2.123017e-15 16.64146 20.32288 24.76425 27.33811 28.82031 31.09731 32.42489 32.62772 34.02335 7.673946e-06 16 
0.04043222 0.02264276 0.0213287 0.0071878 0.01124161 0.01241063 0.01466074 0.01813454 0.02158185 0.02608319 0.03445673 0.05016381 1.220572e-05 13.15536 21.74665 24.03411 33.11864 43.71674 54.56859 70.76089 90.64031 110.0718 133.9332 17 
0.04039798 0.02349205 0.02163298 0.007069948 0.01068268 0.01207242 0.01457392 0.01764305 0.02167131 0.02575398 0.03233538 0.04821086 4.021394e-15 13.30157 21.30465 24.4472 33.22604 42.43944 54.6836 65.73105 86.29871 103.8028 120.9653 18 
8.558965e-16 0.01676534 0.01185298 0.00965224 0.01353669 0.01686829 0.01996952 0.02437839 0.03113353 0.03943212 0.04918837 7.911147e-22 7.468254e-20 16.12188 20.84013 24.76453 26.87303 30.0267 31.84655 31.18646 31.26463 5.275968e-07 5.27597e-07 19 
0.04362082 0.02261156 0.0218793 0.007710187 0.00983911 0.01250348 0.01532922 0.01790172 0.02110181 0.02642568 0.0351905 0.05085757 1.044188e-14 14.34884 19.55867 27.66827 36.90012 47.33751 63.00298 83.35318 106.5411 132.3655 163.3201 20 
NaN 0.0191611 0.01210186 0.00892962 0.01158029 0.01485643 0.0176925 0.02105133 0.02582973 0.03243189 0.04210909 0.06025388 NaN 15.38204 18.74191 23.80874 26.02912 28.79263 30.78857 32.14532 32.32841 33.06223 0 21 
0.04320817 0.02391814 0.02255268 0.008247511 0.0109511 0.01283891 0.01585509 0.01807622 0.02140824 0.02678461 0.03555672 0.05323297 1.02714e-19 15.22992 21.74505 27.42791 37.7869 45.54508 60.87889 76.2888 95.36465 115.6155 134.2581 22 
0.04866908 0.0222342 0.02218669 0.00841686 0.01211305 0.01477934 0.01723469 0.02129583 0.02558622 0.02998669 0.04147203 0.06628839 1.579237e-05 15.01237 24.16613 32.73396 44.36521 64.2106 84.20164 112.3748 153.8294 187.4311 235.97 23 
0.05491429 0.02255947 0.02325037 0.01033715 0.01314982 0.01545879 0.01856034 0.02179489 0.02502418 0.03068603 0.04057499 0.05576367 1.172818e-10 18.04309 26.95679 38.22278 57.55316 80.15394 110.9494 153.7007 199.9684 258.0241 328.4778 24 
0.03686733 0.02212243 0.02037573 0.007541171 0.01032183 0.01257932 0.01543883 0.01831226 0.02253101 0.02799659 0.0352236 0.04937857 2.184092e-15 13.75807 19.72508 25.1415 32.79073 40.70313 53.10829 65.38003 80.96008 100.202 116.7343 25 
3.402013e-16 0.01922202 0.01202815 0.008737332 0.01294066 0.01575523 0.01895716 0.0225369 0.02744225 0.03506974 0.04519281 0.06234154 9.46842e-16 15.09615 21.29471 24.36274 27.69377 29.37773 31.59856 32.58085 31.90948 32.78778 2.969997e-07 26 
0.04255276 0.02163248 0.0209516 0.008679921 0.01248278 0.01450127 0.01675708 0.01997473 0.02535274 0.03237534 0.04147823 0.05720507 4.183646e-15 15.70065 24.51784 30.22995 40.84089 55.20822 75.08195 95.05681 120.1618 150.8886 183.871 27 
0.03661743 0.02146227 0.01996718 0.008087903 0.01028713 0.01261756 0.01462472 0.01892943 0.0230435 0.02821264 0.03721933 0.05489255 2.297332e-05 15.95744 21.32494 28.26608 35.02608 48.70903 58.011 73.90676 91.52049 111.0776 128.745 28 
0.03931105 0.02161223 0.02078182 0.008902343 0.01092575 0.01323406 0.01601709 0.01954622 0.02341844 0.02859126 0.03730687 0.05457769 1.764687e-15 16.88551 21.88663 29.64262 39.24439 51.3892 64.37621 82.27184 102.61 125.9596 147.7068 29 
0.03525787 0.02250639 0.02061892 0.007564713 0.00945725 0.01199524 0.01441564 0.01739683 0.02037616 0.02525335 0.03272485 0.04504856 3.619182e-05 14.06257 18.3382 24.67382 30.54165 38.53022 46.58527 59.70936 70.83267 85.68262 99.20217 30 
7.314645e-14 0.01888871 0.01253495 0.009990078 0.01339829 0.01633262 0.01935738 0.02334614 0.02878031 0.03583398 0.04695664 0.07031559 6.880441e-15 17.47197 21.5087 25.42963 28.01456 31.08769 33.01178 34.19676 35.26023 35.67331 2.866851e-05 31 
0.04618586 0.02194948 0.02171328 0.007157902 0.01219447 0.01414706 0.01745162 0.02052517 0.02510281 0.03164596 0.04025828 0.05647252 5.961595e-15 13.05354 24.18437 29.04638 41.99557 54.45009 77.11448 100.6729 131.4032 167.991 207.9821 32 
0.0378428 0.02238119 0.02099843 0.006518244 0.01041277 0.01175298 0.01463736 0.01799776 0.02136375 0.02680009 0.03483371 0.04761628 4.400522e-16 12.59789 20.98548 23.46608 32.39269 40.65144 49.94361 65.65896 78.44781 99.58898 116.3563 33 
0.05377943 0.02384302 0.0229409 0.008697166 0.01163778 0.01527124 0.01699669 0.01926471 0.02333706 0.02872544 0.03766102 0.0548957 3.019912e-13 14.85605 22.89166 34.88392 44.32622 66.4517 92.04913 123.8295 163.7821 207.8417 261.0477 34 
NaN 0.0204217 0.01308092 0.00753303 0.01235125 0.01561689 0.01967297 0.02367307 0.02749018 0.03443877 0.04685708 0.06895123 3.32549e-05 12.90185 20.43264 24.20822 28.83868 30.17539 31.2907 33.66112 33.79755 34.49946 0 35 
0.04455763 0.02193632 0.02128685 0.008857031 0.01258746 0.01484101 0.01701531 0.02005853 0.02475176 0.03060816 0.03951734 0.05875398 2.245314e-05 16.48988 25.86906 32.9764 44.1965 60.61767 81.66139 103.8009 135.0447 166.0239 202.3448 36 
NaN 0.01919964 0.01252092 0.00913524 0.01179457 0.01520716 0.01819217 0.0220542 0.02609019 0.03195197 0.04507835 0.06929146 7.426377e-05 15.87465 19.03792 24.43784 26.6886 30.16113 30.40519 33.48498 34.88905 34.30421 0 37 
0.03376212 0.02218007 0.01981859 0.007647496 0.009924263 0.011306 0.01403443 0.01604609 0.0208103 0.02546782 0.03204549 0.04739998 1.453627e-05 14.75917 19.9072 23.6702 31.54198 36.67 49.50865 55.38544 70.8139 82.86122 94.86722 38 
0.04689285 0.02313895 0.0223277 0.00723266 0.0111801 0.01234427 0.01475993 0.01752241 0.02174483 0.02716275 0.03554001 0.05202082 1.065458e-15 13.67067 22.97697 26.20939 38.28763 50.17527 69.23215 88.96828 117.3239 146.4841 183.1513 39 
NaN 0.02049596 0.01187847 0.007827739 0.01082269 0.01356025 0.01723906 0.02043142 0.0233783 0.02972408 0.04024215 0.05646056 5.419113e-05 13.25146 17.87685 21.8646 26.028 27.20413 27.97519 30.21191 29.54251 29.35355 0 40 
0.0394556 0.02278485 0.02102148 0.007447486 0.01092693 0.01272985 0.01521412 0.01780905 0.02171756 0.02750124 0.0358293 0.05094402 4.599788e-15 13.56376 21.01914 25.18629 33.32757 41.83127 55.13862 69.72274 86.05399 106.6434 126.0157 41 
1.794776e-17 0.01979987 0.01229248 0.008821432 0.01177034 0.01490304 0.01772163 0.02135069 0.02555359 0.03195035 0.04362796 0.06429791 3.396049e-16 14.95319 18.91194 23.46405 25.81727 28.73401 29.67657 31.95589 32.24888 32.19873 5.870554e-08 42 
0.04121281 0.02238376 0.0217288 0.008369264 0.009885754 0.01325247 0.01627497 0.0196779 0.02370463 0.02889052 0.03689761 0.05264013 7.05491e-22 15.57002 19.45479 29.51494 37.91592 49.23913 62.98505 80.16588 100.834 123.9755 146.7585 43 
0.03442987 0.02329818 0.02107551 0.007078338 0.01037242 0.0123819 0.01472224 0.01791407 0.02091162 0.02500218 0.0326578 0.0463463 6.44848e-17 13.82857 20.84577 24.66423 30.27536 37.49594 43.18745 53.49909 64.16971 73.43528 84.72417 44 
0.04203197 0.02329582 0.0222487 0.008123667 0.01025517 0.01242563 0.01649315 0.01889934 0.02226511 0.0279345 0.03616157 0.05122042 8.052485e-16 15.00769 20.15111 26.80529 38.41621 44.31112 60.41278 75.69567 94.11427 114.5336 136.4348 45 
NaN 0.01890959 0.01231523 0.008285143 0.01251772 0.01588824 0.01887964 0.02249771 0.02783212 0.03466699 0.04461837 0.06816346 NaN 14.40069 20.72349 24.9 27.45546 30.05004 32.38792 32.75535 34.22916 33.98017 0 46 
2.347475e-14 0.01824667 0.01211065 0.009686045 0.01320858 0.01660027 0.02058481 0.02442135 0.02894192 0.03557284 0.04643395 2.871078e-19 1.314808e-16 15.74373 19.97408 24.16156 27.33413 28.23249 29.46574 29.29277 30.3819 1.693218e-05 1.693222e-05 47 
0.04942988 0.0228264 0.02195256 0.008442656 0.01105246 0.01352783 0.01600363 0.0186873 0.02226569 0.02731182 0.03558196 0.05099069 2.625539e-15 15.04253 22.10399 31.283 43.63586 60.68196 84.1638 112.9277 149.4142 188.9925 240.0967 48 
0.03863635 0.02175416 0.02100267 0.008226984 0.01062823 0.01381504 0.01621087 0.01886031 0.02408905 0.03017568 0.03717229 0.05400769 7.041046e-15 15.76783 21.31587 29.97038 36.39033 46.6059 62.69188 74.23558 93.50073 116.2021 133.8598 49 
NaN 0.0196363 0.01330004 0.008500658 0.01295532 0.01752837 0.01973435 0.022581 0.02859411 0.03579298 0.04653776 0.06993687 3.013747e-05 14.67179 21.11994 27.22829 26.5707 30.83993 33.32317 34.68757 36.06425 37.32554 0 50 
3.494305e-15 0.01991261 0.0120404 0.008477636 0.01135608 0.01504777 0.01774013 0.02024408 0.02502886 0.0320114 0.0432952 0.06844984 1.824596e-15 14.14195 18.17732 23.59783 25.29972 26.99834 29.65947 30.47565 31.6045 30.14093 1.205926e-06 51 
1.044609e-15 0.01910971 0.01161681 0.008510832 0.01216383 0.01525264 0.01745711 0.01988876 0.02409526 0.03016983 0.03885262 0.0564857 2.694485e-15 14.54476 20.00519 23.9465 25.36203 27.13574 29.09994 30.05359 30.28293 30.63253 6.79808e-07 52 
0.04098231 0.02212137 0.02149318 0.008488034 0.0108171 0.01368008 0.01646369 0.01973747 0.02352125 0.02914391 0.03739616 0.04960699 1.906933e-05 16.11382 21.78209 30.34794 39.11754 51.10399 64.94147 84.35592 101.7061 128.696 151.8932 53 
0.04456956 0.02292245 0.02223869 0.007383442 0.01026019 0.01252614 0.01544713 0.01916947 0.02223357 0.02641251 0.03582697 0.05293241 0 13.57735 20.183 26.56951 36.31987 48.80043 60.11193 82.72882 106.9684 131.9711 162.719 54 
0.04560672 0.02204675 0.02180404 0.008123772 0.01082844 0.01433538 0.01747472 0.02019693 0.02370288 0.02931055 0.03914162 0.05864743 1.778005e-23 14.99591 21.78888 32.23205 42.74473 55.49599 76.11691 100.4096 131.4811 162.9842 200.8698 55 
0.04254293 0.02150761 0.02107712 0.008741517 0.01021228 0.01467711 0.01696881 0.02002839 0.02315569 0.02888 0.03892107 0.05320838 1.955681e-05 15.874 19.65395 32.78184 39.23239 54.86747 68.97656 96.56009 118.5761 151.3348 184.4998 56 
0.03645231 0.02195268 0.02063821 0.007270242 0.01016595 0.01237673 0.01504603 0.01810125 0.02223035 0.02697982 0.03509482 0.05217938 0 13.95437 20.35879 25.63714 32.95627 41.36113 52.76358 63.73007 82.50542 95.57534 114.9538 57 
1.253761e-15 0.01964209 0.01216342 0.008222169 0.01185455 0.01490212 0.01813085 0.02215539 0.02591874 0.03189362 0.04423082 0.06346348 2.703025e-16 14.67643 20.24219 24.40227 27.6911 30.46639 30.36968 33.28077 33.10707 33.13706 1.250567e-06 58 
0.04441211 0.02332331 0.02188124 0.007674351 0.01024957 0.0127706 0.01529272 0.01836073 0.02161832 0.02776739 0.03778457 0.05411221 2.199615e-15 14.13894 20.346 27.73123 36.45724 48.55114 62.26548 84.80729 105.4234 129.9141 160.4535 59 
3.544771e-15 0.01678783 0.01144623 0.01035038 0.01379883 0.01686441 0.01974621 0.02391594 0.02885936 0.03546369 0.04948809 4.011258e-22 1.364275e-17 17.12164 20.87012 24.55928 26.25971 29.08266 28.92998 30.80221 29.59303 1.248117e-06 1.248116e-06 60 
0.03717384 0.02431918 0.02137639 0.006404023 0.009088157 0.01068047 0.01225812 0.01540484 0.01918452 0.02423527 0.03036128 0.04068104 3.633746e-16 12.05997 17.84886 21.41905 26.08943 34.52893 42.50426 52.57918 61.64323 79.11089 90.4763 61 
NaN 0.01865411 0.0121256 0.009002931 0.01397347 0.01714866 0.02082503 0.02551255 0.03076577 0.03738747 0.048966 0.07478055 3.565329e-05 15.32079 22.53351 25.4345 29.17736 31.31969 32.22761 32.74606 33.82233 33.04991 0 62 
0.04041033 0.02193821 0.02090547 0.007448442 0.01112557 0.01307604 0.01507406 0.01844328 0.02188786 0.02638188 0.03430211 0.0487675 3.398498e-15 13.55854 21.56516 26.33763 34.26955 46.9283 59.34059 78.1384 99.39435 123.0739 149.7271 63 
0.04068575 0.02274434 0.02166671 0.008259146 0.01024546 0.01286827 0.01516657 0.01888672 0.02265864 0.02731057 0.03541989 0.05125694 1.584505e-14 14.97749 19.75469 27.43724 34.78321 47.30887 58.41231 75.08589 94.46396 115.476 136.5854 64 
0.04228728 0.02163057 0.02127189 0.0086589 0.01128826 0.01359286 0.01644358 0.02011586 0.02373664 0.02963334 0.04052474 0.05922412 1.207472e-05 15.88745 22.44008 30.00835 40.98197 55.13227 70.05294 94.59276 118.783 145.2538 178.0881 65 
NaN 0.01881654 0.01216024 0.009100491 0.01277491 0.0155673 0.01861597 0.02281141 0.02814961 0.03625907 0.05071152 0.0750232 6.14736e-05 15.60743 20.61742 24.05737 27.10499 30.16127 31.78007 33.87723 33.73058 32.5594 0 66 
0.05076709 0.02249772 0.02235729 0.00858754 0.01117761 0.01389403 0.01737208 0.01995371 0.02533671 0.03264058 0.0425127 0.06139841 1.447877e-15 15.83821 23.28491 33.62827 48.6429 63.12331 93.65666 121.1763 159.5752 203.491 256.313 67 
0.03296147 0.02330837 0.02013466 0.007304747 0.008926324 0.01111506 0.01255558 0.01598567 0.0190593 0.02431285 0.03294905 0.04725408 1.504796e-15 14.40295 18.05107 23.54208 26.92095 35.68026 40.38699 51.15431 59.83659 67.92909 80.31504 68 
0.04139389 0.02246075 0.0212474 0.007921183 0.01034251 0.01244595 0.0153274 0.01826192 0.02211166 0.02672403 0.03495926 0.05268686 1.55461e-14 15.0254 21.02209 27.65219 37.68327 48.29511 63.52591 79.46279 104.2484 125.6533 150.9093 69 
0.04334888 0.02199149 0.02148978 0.008149055 0.01135282 0.01345235 0.01630603 0.0195776 0.02397005 0.02973931 0.03863977 0.05618884 2.166011e-16 15.3947 23.26797 29.75958 41.16702 54.25909 72.42715 92.63425 119.7255 146.324 180.2982 70 
9.291661e-13 0.0187003 0.01250792 0.00916676 0.01303797 0.01702363 0.02026394 0.02325645 0.02887084 0.0374337 0.04899037 0.07179272 3.775176e-18 15.76033 20.90291 26.27985 28.14523 30.07313 33.45584 34.41347 35.45897 34.80843 0.0002499498 71 
NaN 0.01897798 0.01190418 0.009671282 0.01301739 0.01556239 0.01887386 0.02250473 0.02706277 0.03353358 0.04482298 0.07097524 2.033191e-05 16.19264 20.46537 23.56752 26.89435 28.53117 30.20717 30.77745 32.18098 30.8858 0 72 
0.04169907 0.0236357 0.02200727 0.007765731 0.01056722 0.01261418 0.0153746 0.01791397 0.02216853 0.02694933 0.03514809 0.0527906 5.371644e-15 13.66523 19.87672 25.29288 33.87007 42.45615 57.11172 69.33888 91.05122 107.6247 129.1017 73 
NaN 0.0180217 0.01180169 0.008852702 0.01240285 0.01546718 0.01858246 0.02295011 0.02768736 0.03246459 0.04315383 0.0679053 1.844463e-05 16.09623 21.17033 25.35955 28.29156 31.76891 32.01109 33.05355 34.91108 34.72388 0 74 
6.04904e-17 0.01916615 0.01140729 0.009116986 0.01163526 0.01433365 0.01696426 0.02045183 0.02455663 0.02989161 0.03953144 0.05941427 4.218039e-15 15.38554 18.79536 22.74876 25.02549 27.49866 28.33116 29.11056 29.5608 28.78043 4.621152e-07 75 
0.04891808 0.02229074 0.02206636 0.008675155 0.01135901 0.01383308 0.01614467 0.01993946 0.02461961 0.03089792 0.04053596 0.05769092 4.006427e-13 15.47786 22.76557 32.01167 44.00831 63.70508 86.03079 115.6222 151.0067 193.7892 242.8119 76 
0.04219384 0.02254953 0.02147529 0.007602292 0.009131822 0.01223705 0.01486171 0.01825247 0.02229897 0.02784208 0.03605756 0.05114435 2.190283e-14 13.67143 17.52716 26.36795 34.05597 45.79945 59.61007 78.07096 99.15456 126.1383 152.0071 77 
NaN 0.01976768 0.01243765 0.009219086 0.01201861 0.01495213 0.01946752 0.02361086 0.02719801 0.0335948 0.04585117 0.06861902 4.488655e-05 15.42772 18.82729 23.1462 28.13583 29.40106 30.18135 32.25416 32.85624 32.74836 0 78 
0.04338919 0.02199898 0.02142531 0.00845281 0.01097941 0.01348094 0.01634425 0.01956202 0.02402944 0.02982625 0.03713546 0.0507647 4.656427e-15 16.10048 22.6396 30.98067 41.95046 55.51701 74.29215 94.56015 119.5815 151.5746 182.8882 79 
3.859897e-19 0.01925865 0.01182604 0.008755951 0.01272717 0.01434951 0.01660376 0.02081879 0.02572965 0.03224715 0.04310111 0.06379327 1.952925e-15 14.96917 20.80892 22.04674 25.21863 28.66955 30.12937 31.54305 31.77045 31.48928 2.030189e-07 80 
0.05164751 0.02311913 0.02281096 0.008639993 0.01087393 0.01367847 0.01676894 0.02078521 0.02465618 0.03073335 0.04148565 0.05906389 6.726551e-15 15.59182 22.12751 32.74924 46.25002 65.21344 85.3838 119.6234 153.5884 197.1338 246.1788 81 
8.581772e-15 0.01707132 0.01195128 0.009735958 0.01352801 0.01694337 0.02049631 0.02403277 0.03041286 0.04074848 0.04924978 1.253691e-19 1.134348e-18 17.25228 21.94702 26.25853 28.90761 30.24418 33.9277 32.73053 32.14316 5.869116e-06 5.869133e-06 82 
0.04314062 0.02183978 0.02146774 0.009204095 0.0116833 0.01343243 0.01742876 0.02019384 0.02361204 0.02982282 0.03953049 0.05750601 2.306249e-16 16.87619 23.48773 30.50475 45.7213 56.10444 76.76248 99.25417 125.2433 153.9545 185.7114 83 
0.04522332 0.02189887 0.02149717 0.008423873 0.01134227 0.01399857 0.01625622 0.01882399 0.02351994 0.03045794 0.03997731 0.05486342 1.412093e-05 15.17149 22.39821 30.88665 40.84607 55.80149 77.7612 102.1814 129.7344 166.5976 206.1225 84 
0.03957702 0.0230794 0.02134545 0.007556954 0.01034065 0.01327998 0.01554174 0.01761816 0.02179991 0.02709045 0.03441 0.04886363 2.767594e-16 13.25459 19.15599 25.96163 31.82551 40.1601 54.4035 66.80799 84.17285 102.8735 122.2902 85 
0.03553468 0.02429212 0.02101589 0.006849448 0.009569814 0.01193567 0.01410107 0.01647184 0.01962106 0.02328796 0.03129474 0.04708585 2.348828e-15 12.25826 17.77186 22.5376 27.10782 32.9736 40.76552 48.62614 62.22381 71.09963 80.66439 86 
0.0381841 0.02350773 0.02146904 0.007747407 0.01018798 0.01252385 0.0143092 0.01715373 0.02058275 0.02604015 0.03463526 0.052026 1.292449e-14 14.52067 20.21035 26.25456 31.7275 41.48264 51.04958 64.50295 77.4397 94.17444 104.6566 87 
0.04581413 0.022396 0.02245435 0.007242255 0.01121952 0.01313765 0.01582226 0.01883216 0.02367567 0.02983098 0.03879003 0.0572092 3.513376e-15 12.69258 21.17235 26.07219 36.23895 48.06797 66.97347 86.54459 114.3582 146.0257 180.5909 88 
0.05063388 0.02218928 0.02221321 0.01043649 0.01216601 0.01521168 0.01819531 0.02183696 0.02664244 0.03272493 0.04299731 0.06527653 4.594961e-16 17.77517 24.02119 37.47969 53.15 75.53344 103.9728 137.9441 183.3865 228.6785 287.3156 89 
8.140732e-15 0.01685884 0.01169341 0.008104139 0.01336645 0.0161891 0.01879454 0.02309141 0.02932827 0.03715282 0.04710888 1.242507e-17 7.682054e-20 13.78185 21.66414 23.82234 26.52693 29.50768 31.49624 31.02246 31.3268 2.662696e-06 2.664282e-06 90 
4.868724e-16 0.01903216 0.01234462 0.00801353 0.01191102 0.01607114 0.0189856 0.02190087 0.02625112 0.03304112 0.04535098 0.06987875 5.92981e-16 13.76438 19.53696 25.35243 26.89241 29.2022 30.89729 32.96393 34.20876 33.77722 1.55661e-07 91 
0.04463975 0.02314884 0.02212596 0.008102638 0.01101123 0.01283063 0.01466792 0.01777761 0.02215417 0.02668522 0.03507456 0.05326196 3.813928e-15 14.73681 21.73673 27.55931 36.56347 50.43968 66.71277 82.85272 111.7204 133.1679 165.5966 92 
0.05223177 0.0242596 0.02286969 0.007366392 0.0108336 0.01326862 0.01686539 0.01968446 0.02273761 0.02834271 0.03779008 0.05469687 1.679179e-16 13.01943 21.41921 29.07591 42.53782 55.65933 77.4581 106.6454 139.193 176.8672 220.5578 93 
0.04130708 0.02185477 0.02105129 0.00760565 0.01049504 0.01260497 0.01536245 0.01959568 0.02306407 0.02814349 0.03799637 0.05316383 4.769074e-15 14.30352 21.05345 27.13142 36.78289 50.44468 61.00135 84.61002 105.2107 130.3861 161.0382 94 
NaN 0.01912627 0.01266747 0.00938678 0.01346248 0.01613281 0.01957495 0.02309656 0.02710527 0.03380821 0.04417639 0.06564095 5.901871e-05 16.67686 22.34897 25.18527 29.14383 30.32163 32.40448 33.92931 34.94035 36.10541 0 95 
NaN 0.0192457 0.01276837 0.009703401 0.01345415 0.01562581 0.01778716 0.0218903 0.02729191 0.03357485 0.0426586 0.06255177 1.790364e-05 17.16762 22.055 24.27744 26.72301 30.66319 32.67871 33.87464 34.77511 36.71811 0 96 
0.04480179 0.02231011 0.02113546 0.007041433 0.01103625 0.01352185 0.01582347 0.01905388 0.02238853 0.02761152 0.03666609 0.05210001 2.685583e-15 12.82568 21.74592 28.22505 37.09706 51.60578 67.49519 93.17234 119.6735 152.647 189.2476 97 
3.180431e-15 0.01625909 0.01163277 0.01002367 0.01445994 0.01707229 0.01964429 0.02366917 0.03043886 0.04045112 0.05318208 1.642822e-17 2.838462e-16 16.58878 21.98188 24.08421 26.47161 29.0777 32.04684 32.19467 31.56929 3.990574e-06 3.991506e-06 98 
0.0490864 0.02309623 0.02298378 0.008320384 0.01073824 0.01359341 0.01517779 0.01950396 0.02371599 0.02862892 0.03685071 0.05299965 9.799329e-15 15.30141 21.83461 31.60338 39.60677 60.5626 76.65127 102.4583 132.581 170.1437 208.1578 99 
7.747653e-15 0.01702457 0.01215801 0.00858952 0.01436844 0.01732499 0.02044982 0.02459836 0.02968099 0.03739816 0.04826532 3.78437e-20 5.329445e-20 14.6113 23.10944 24.71386 28.29906 29.81127 31.64031 32.11487 32.14646 3.237715e-06 3.237722e-06 100 
