0.9999496 0.5163916 0.1706579 0.1105445 0.1352007 0.1089281 0.1465809 0.2008299 0.2563495 0.1778619 0.3377125 0.4117069 0.9999997 108.4996 216.9938 335.0134 417.2341 515.823 631.0983 748.6855 809.3349 904.0281 980.4705 981.5018 1 
0.9999999 0.3682338 0.2149407 0.09536956 0.1559557 0.1144401 0.1834555 0.1491696 0.2551463 0.2823907 0.2840778 1 1 97.81253 195.6251 340.3212 429.9401 557.1642 641.6336 764.5616 865.9022 939.0595 1123.428 1025.616 2 
1 0.5283683 0.198969 0.07499302 0.1176755 0.1404836 0.1375926 0.1404709 0.170192 0.3007826 0.4244181 0.524266 1 73.84965 147.6993 254.8904 367.7989 462.8485 546.5347 633.6847 761.4928 887.5919 977.2473 984.7537 3 
0.9999999 0.4411287 0.1979848 0.1039382 0.1233496 0.1152572 0.1870817 0.1290009 0.2291478 0.1901643 0.3679711 1 1 102.0623 204.1246 312.6586 401.5629 529.2369 600.8036 711.5302 782.3632 893.3619 1084.014 981.9516 4 
0.9999999 0.4147478 0.2043425 0.1358779 0.1101519 0.1163156 0.1419981 0.2150438 0.2189968 0.155372 0.4180538 1 1 135.0874 270.1748 364.8057 453.7247 549.6507 674.2941 773.9321 829.1415 954.6109 1129.269 994.182 5 
0.9999978 0.4404054 0.2323675 0.1111097 0.14083 0.07666952 0.1731043 0.1500569 0.2058997 0.2493277 0.269036 0.4737233 0.9999999 115.8589 231.7175 362.2501 423.3051 550.587 641.8222 748.2248 850.5403 933.4163 1040.086 1042.743 6 
1 0.4352535 0.2096768 0.1393229 0.1527192 0.1160198 0.1655848 0.1750392 0.1893232 0.2324364 0.3830222 1 1 140.2188 280.4376 412.7247 497.8745 605.3018 700.0588 784.6087 868.7601 975.1977 1146.649 1006.431 7 
0.9999839 0.455912 0.2082911 0.09970429 0.1094041 0.1265319 0.114095 0.2282374 0.183946 0.2006519 0.3694857 0.3863998 0.9999999 103.1385 206.2753 308.1606 413.1033 495.7549 642.2322 733.3349 814.4291 933.7991 1012.503 1034.444 8 
0.9999998 0.3959845 0.2106074 0.1204326 0.1101059 0.1642976 0.1586497 0.175055 0.2393155 0.2717241 0.3029007 1 0.9999974 123.8024 247.6047 347.16 479.3575 586.0375 685.0739 796.7643 893.2311 971.5462 1151.782 1027.98 9 
0.8220811 0.5053267 0.231634 0.08062581 0.08857465 0.09892031 0.1461297 0.1760008 0.1754427 0.225252 0.3055822 0.4242392 1 95.0023 173.1019 238.2575 293.5365 371.3203 438.9591 470.6823 503.2029 535.8718 558.3363 1178.311 10 
1 0.4821939 0.1858916 0.09924575 0.1082189 0.1434154 0.08367293 0.2349526 0.2122816 0.3025258 0.2927564 0.5163582 1 99.59419 199.1884 297.0092 412.6158 470.3911 619.0488 721.8051 837.1581 915.0158 1012.137 1003.511 11 
0.9999999 0.4146675 0.2034377 0.122282 0.1233374 0.1903984 0.1521878 0.1765088 0.2130053 0.2368292 0.4894071 1 0.9999998 123.0491 246.0983 355.0328 502.4563 597.8576 691.6658 784.8888 866.4607 995.1069 1129.322 1006.273 12 
1 0.4798736 0.2019193 0.1247373 0.08264058 0.1674417 0.1073227 0.1925429 0.2199904 0.2346807 0.2823705 0.5207871 1 125.0958 250.1916 322.7317 457.5621 529.5121 644.7409 751.0466 839.5032 920.9576 1028.767 1002.874 13 
0.999862 0.5612235 0.154985 0.09281714 0.1055722 0.1235804 0.1289622 0.1320816 0.2509975 0.1821615 0.3755348 0.3633469 1 90.91968 181.8268 275.6171 373.8035 463.5867 543.6649 675.7703 747.5288 868.5688 941.6434 979.557 14 
0.999996 0.4303033 0.2144167 0.1287145 0.1161515 0.1286859 0.1208067 0.1453276 0.2065198 0.1777729 0.2738835 0.4620631 0.9999999 137.176 274.3515 382.2044 487.8166 574.203 665.5692 776.5376 852.3311 948.3433 1065.96 1065.739 15 
0.9999999 0.3976231 0.2093907 0.106969 0.1238584 0.1541996 0.1615679 0.2399571 0.1655793 0.2139586 0.3321586 1 1 110.7099 221.4198 335.8975 460.7658 571.4262 709.2229 781.4914 859.413 954.4995 1145.681 1034.972 16 
0.9999999 0.3902745 0.2069563 0.1367656 0.1439824 0.143961 0.159777 0.2404882 0.05985732 0.3514231 0.3460693 1 0.9999991 138.4327 276.8654 402.671 510.3468 612.6481 742.0245 766.482 901.4777 987.6989 1150.622 1012.19 17 
1 0.43579 0.184642 0.1187772 0.1036739 0.1433954 0.1408295 0.1852022 0.2274951 0.2928987 0.3500578 1 1 117.0866 234.1733 324.2328 435.8834 529.8125 635.941 742.1613 847.8076 937.0884 1102.854 985.767 18 
1 0.5698037 0.1744537 0.08784333 0.09811022 0.1622457 0.1192207 0.2181007 0.1487708 0.2713079 0.2217039 0.5477849 1 86.03873 172.0775 259.7309 390.4627 470.9406 600.6134 669.7742 777.1365 841.0667 964.0053 979.4565 19 
1 0.4630671 0.1910921 0.1057349 0.104421 0.1501852 0.1211592 0.140281 0.2539346 0.245156 0.3117879 0.5027361 1 108.0245 216.0491 311.4512 434.3369 518.584 604.309 737.7186 833.81 926.0583 1028.426 1021.654 20 
1 0.5448319 0.1671658 0.06735139 0.1376371 0.09609715 0.1353293 0.1532427 0.1656431 0.2969436 0.3144347 0.5166939 1 66.10868 132.2174 258.2159 334.079 430.647 525.1993 611.7409 741.1836 837.5496 946.111 981.5488 21 
0.9999999 0.3859327 0.2099876 0.12479 0.1015883 0.1330742 0.184042 0.2069983 0.1265097 0.2946436 0.3357047 1 0.9999999 127.0261 254.0521 344.5563 451.0672 578.7697 695.9668 752.7667 868.3192 961.1834 1144.944 1017.918 22 
0.9999998 0.5304013 0.1651204 0.08442416 0.1432183 0.1692753 0.1763017 0.1158314 0.1499297 0.2941109 0.4512892 0.343004 1 82.99655 165.9931 294.9029 425.4451 538.3912 599.5148 669.4676 786.1172 912.4639 965.1566 983.0901 23 
0.9999998 0.3986623 0.2071455 0.1466123 0.08853899 0.1341721 0.1636113 0.1425842 0.2979002 0.137303 0.3732201 1 0.9999999 150.5748 301.1495 378.7496 485.9332 599.0978 681.5831 829.3469 877.163 989.2923 1177.6 1027.027 24 
0.9999997 0.508395 0.183732 0.07104316 0.1360243 0.1069516 0.1573056 0.1664096 0.1939384 0.2382023 0.2784685 0.4629775 1 72.81368 145.6273 275.1371 363.1152 478.675 581.6924 681.7727 780.8556 869.0962 974.9503 1024.922 25 
0.9999937 0.51888 0.1777868 0.1022832 0.1226629 0.09747836 0.100927 0.1766633 0.1504715 0.2601106 0.2431702 0.5043434 0.9999998 100.2658 200.5309 308.4742 383.732 454.0561 564.7292 642.3394 756.3131 835.147 958.8941 980.276 26 
0.9999999 0.4108957 0.216652 0.09543747 0.1326322 0.1640023 0.1642931 0.1655964 0.2324225 0.384014 0.3942739 1 0.9999686 94.96126 189.9225 309.298 437.3302 544.5546 634.8736 740.6485 874.7933 959.6322 1089.971 995.0103 27 
1 0.3499708 0.2239496 0.1435544 0.10212 0.1410408 0.1639944 0.1328584 0.1970698 0.2827861 0.228457 0.9999999 1 154.369 308.738 402.787 519.416 635.8992 714.791 816.2647 933.1794 1000.922 1229.703 1075.335 28 
0.9999981 0.6134093 0.1623455 0.0905029 0.1062699 0.0973206 0.140064 0.174862 0.1933609 0.2192437 0.3175325 0.4363549 1 89.70849 179.4168 275.2203 353.6319 455.4995 564.8624 664.6483 755.9136 859.1141 955.9005 991.2222 29 
0.617508 0.6399789 0.2600722 0.06823673 0.1038227 0.1091252 0.130443 0.1603242 0.2001473 0.2404546 0.2646513 0.4492677 1 78.1338 126.3821 188.8111 220.931 247.5378 271.6067 292.1984 300.051 285.2803 300.99 1145.04 30 
1 0.4998057 0.1944407 0.09497314 0.1114821 0.09468867 0.1684754 0.1241415 0.2089192 0.1650248 0.3247659 0.5353343 1 96.08429 192.1686 294.2433 371.2763 495.3598 571.3871 683.4507 753.4761 868.5432 996.6169 1011.7 31 
0.9999991 0.3436618 0.2282447 0.1626976 0.1371356 0.1286916 0.2148421 0.1006907 0.2370156 0.3168115 0.2466139 0.9999992 0.9999988 168.8528 337.7055 456.8732 553.3672 693.7267 745.3761 854.7124 966.2198 1025.52 1206.68 1037.832 32 
0.9999891 0.4962928 0.1871894 0.1186793 0.1251857 0.08641324 0.1438232 0.1530637 0.2387919 0.2319743 0.3618823 0.3852398 1 120.9551 241.9089 354.3507 422.2484 525.4909 619.5625 743.8591 835.7703 945.8922 1020.694 1019.176 33 
1 0.5844689 0.1655221 0.07742725 0.08910945 0.1486525 0.0843134 0.2251921 0.2226199 0.1848913 0.2431075 0.5662921 1 75.31995 150.6399 230.6124 352.1345 410.814 554.3265 664.2511 735.222 811.2858 945.3938 972.7835 34 
0.9999981 0.3615587 0.2405298 0.1165133 0.1250873 0.1716838 0.169294 0.1920373 0.2124611 0.1718956 0.312149 0.4370527 0.9999999 127.2859 254.5716 375.3019 520.2781 638.6923 750.2743 850.0163 913.5684 1009.137 1101.178 1092.458 35 
0.9999941 0.4613791 0.1856133 0.1086784 0.1184152 0.1397436 0.1289454 0.2026291 0.1381751 0.3799412 0.3134221 0.3909166 0.9999999 110.5926 221.1846 328.5885 440.3278 529.0236 650.4311 716.4426 872.8795 952.894 1021.412 1017.614 36 
0.9999998 0.4212338 0.2033215 0.09280884 0.174262 0.08732643 0.1227924 0.1909378 0.250212 0.2855435 0.4049509 1 0.9999935 92.62879 185.2576 343.0397 408.3292 492.1177 606.4074 727.5802 831.2632 936.3174 1090.688 998.06 37 
0.9999999 0.5560316 0.1651974 0.09899321 0.1150241 0.1051796 0.136598 0.1682848 0.1879066 0.2203264 0.4175827 0.4196705 1 98.96506 197.9301 301.5381 385.3812 482.8164 586.457 682.7071 774.3569 909.7887 989.0608 999.7157 38 
0.9999999 0.4482112 0.1815513 0.134782 0.1147049 0.1493186 0.1305296 0.1308212 0.2519179 0.2317688 0.3732412 1 1 131.7021 263.4042 360.3811 472.1416 555.251 627.6735 748.8907 832.3182 935.5315 1108.851 977.1488 39 
0.9999999 0.3724786 0.2094924 0.1204151 0.09265664 0.1913857 0.1207048 0.2376824 0.1768825 0.2950233 0.4340415 1 0.999999 123.5573 247.1145 330.7406 487.4684 567.397 705.7886 784.3001 892.0871 1003.881 1149.651 1026.094 40 
1 0.6102389 0.1550748 0.08837726 0.1140284 0.1148973 0.1462472 0.1398665 0.2265111 0.2122527 0.3479858 0.5265261 0.9999999 86.89639 173.7928 276.0018 367.2462 470.0425 553.9761 670.8929 755.6342 865.0778 973.0485 983.2438 41 
0.999999 0.5763155 0.1500001 0.06459154 0.1219131 0.13109 0.08641321 0.146718 0.2043939 0.2594449 0.2439963 0.5002882 1 64.23353 128.467 241.8734 348.9497 410.2803 505.4133 618.4991 732.7036 812.2419 935.5351 994.4574 42 
0.9999999 0.4559554 0.1893838 0.1165638 0.1348584 0.1462971 0.1711613 0.1624951 0.1494573 0.3245316 0.2747494 0.4676123 1 116.2944 232.5887 351.4521 463.0081 574.4297 662.1044 729.6408 854.3718 925.6996 1013.743 997.6883 43 
1 0.3967641 0.2215342 0.1027379 0.1599366 0.08597049 0.2266139 0.04857557 0.3174019 0.3219459 0.193735 0.5091354 1 108.4267 216.8534 368.3046 436.6937 601.4658 628.7815 798.597 916.1722 964.1461 1065.796 1055.372 44 
0.9999999 0.5724118 0.1622742 0.1066027 0.1390878 0.1123008 0.1333091 0.1599101 0.1581648 0.2242447 0.3495118 0.472638 1 103.1258 206.2516 326.4594 410.0168 498.0665 589.606 665.668 756.4516 866.2186 962.7743 967.3844 45 
0.9999924 0.4225792 0.1915325 0.1092708 0.0893877 0.1348403 0.1409122 0.2283247 0.1295045 0.2848116 0.3756835 0.3266127 0.9999999 116.0122 232.0236 316.5542 432.6695 537.6503 683.7849 747.7431 870.1909 985.7041 1048.397 1061.694 46 
1 0.4979183 0.1952811 0.1206368 0.1323295 0.1365418 0.1153596 0.1822294 0.1889992 0.1732244 0.5526203 0.2774984 1 120.5619 241.1238 357.4173 461.5337 537.4874 643.6276 733.6505 800.5655 977.0591 1016.709 999.3795 47 
1 0.3813441 0.2416431 0.1639028 0.1089812 0.1299677 0.1310706 0.2172526 0.2228009 0.2866597 0.359292 1 1 165.2889 330.5778 422.4672 520.1091 605.7816 729.1733 828.2244 927.2714 1015.828 1173.746 1008.457 48 
1 0.3981284 0.2057228 0.1483772 0.1207768 0.07943588 0.2070225 0.234118 0.1591321 0.243377 0.1280945 0.5328333 1 153.2909 306.5818 412.8444 474.293 621.7167 753.9209 822.7434 911.2508 946.4968 1074.329 1033.117 49 
1 0.4220035 0.1820368 0.1006049 0.1174376 0.1666556 0.05282225 0.2425747 0.2057607 0.1456561 0.4288676 0.5362499 0.9999994 101.9455 203.8911 310.9214 444.9708 480.3776 634.3868 733.3339 788.9655 928.9075 1028.845 1013.326 50 
1 0.5085855 0.1579476 0.09770771 0.09342542 0.1469646 0.199191 0.1255691 0.2156848 0.3124499 0.1769876 0.5739442 0.9999999 94.42829 188.8566 270.3243 386.5058 520.832 588.6434 690.4943 806.2165 851.2861 971.5725 966.4364 51 
1 0.4586608 0.1971999 0.09025031 0.1069176 0.1433262 0.1226708 0.270342 0.1655725 0.2704153 0.362683 0.5012083 0.9999999 91.61396 183.2279 281.9658 400.1752 486.8481 654.4264 729.3144 831.3716 931.2371 1019.192 1015.11 52 
0.9999996 0.4755069 0.1762307 0.1023147 0.1146748 0.1252275 0.127261 0.1715296 0.2560876 0.2024405 0.4072797 0.4176283 1 103.0984 206.1969 309.9272 410.2132 499.3651 604.2369 733.9505 810.2313 932.6292 1007.02 1007.66 53 
0.9999999 0.5116292 0.171018 0.07003583 0.1611767 0.1130601 0.1345772 0.1706025 0.1958447 0.2435365 0.4676858 0.3093616 1 68.44266 136.8853 283.3642 369.5533 460.5464 560.3741 655.4215 750.4671 888.5406 937.1578 977.2521 54 
0.9999999 0.5765406 0.1589076 0.08407845 0.1115178 0.1129799 0.1497529 0.1321778 0.1866836 0.2809802 0.3198632 0.4832569 1 81.56337 163.1267 262.2129 351.4034 456.2673 534.9636 631.4205 749.4965 846.1442 945.4561 970.0866 55 
0.9999983 0.5382906 0.1791284 0.1072502 0.08538004 0.1327168 0.1604452 0.1164502 0.2490856 0.1931704 0.3167828 0.4695418 0.9999999 107.8028 215.6054 292.2208 401.1455 515.3511 584.9411 716.4602 793.0494 894.3872 997.0096 1005.152 56 
1 0.4296196 0.1811842 0.1008729 0.1404386 0.1137866 0.1045581 0.1783546 0.2126984 0.2532283 0.2667298 0.4786048 1 104.7951 209.5901 340.772 432.1319 506.5297 620.1679 731.5175 835.8881 917.9847 1026.002 1038.882 57 
1 0.4329499 0.1924886 0.1266721 0.1275495 0.1100491 0.213278 0.1783333 0.2552377 0.1191203 0.331972 0.5259554 1 129.4082 258.8165 372.6151 458.2766 606.0211 703.2105 817.5055 857.2324 954.7579 1057.977 1021.6 58 
1 0.3800336 0.2011725 0.1283536 0.09561107 0.1505566 0.1394259 0.1899398 0.1362303 0.311123 0.3935395 0.422081 0.9999999 136.8918 273.7836 362.6664 489.2463 588.8195 705.5552 773.3784 907.1719 1023.754 1099.585 1066.521 59 
0.9999982 0.5361168 0.1743392 0.1017412 0.1080902 0.1288773 0.1333782 0.1555618 0.2440832 0.1845273 0.3598722 0.369181 1 102.6401 205.2801 303.2306 407.3945 501.3027 596.2211 721.9844 793.8542 908.1541 983.2126 1008.836 60 
1 0.6243857 0.1519161 0.09380135 0.1390883 0.09110405 0.1553759 0.1362001 0.1580788 0.2879074 0.2961225 0.5272238 1 91.33562 182.6712 305.3997 374.6068 481.8848 561.3119 640.942 763.0455 852.4755 964.5493 973.7133 61 
1 0.3732096 0.2013778 0.1463673 0.1091143 0.1515054 0.1058115 0.1957162 0.2093133 0.3119444 0.2701304 1 1 152.8026 305.6052 402.844 523.128 594.407 712.299 813.7051 933.1998 1004.398 1196.769 1043.967 62 
1 0.5425136 0.1666833 0.09443391 0.09746802 0.1235177 0.1219987 0.1742815 0.2307121 0.2765799 0.266992 0.5498552 1 94.0544 188.1088 276.0178 376.5634 463.6061 572.7811 692.118 802.174 879.0307 995.0528 995.9812 63 
0.9999873 0.5313059 0.1831777 0.08383913 0.1234946 0.1293295 0.09778597 0.1509556 0.2071473 0.2450023 0.3962007 0.4091848 0.9999998 82.85672 165.7124 277.5254 380.1591 447.7218 541.8227 651.4587 754.2672 879.7897 958.0587 988.2822 64 
0.9999995 0.4206182 0.2039072 0.1282753 0.1218435 0.1364323 0.1366023 0.2598285 0.1853102 0.2459634 0.4313041 1 0.9999944 128.4466 256.8931 363.2488 467.8284 558.2525 706.7517 785.1429 869.9108 981.9931 1129.779 1001.335 65 
1 0.5297609 0.1534522 0.1076265 0.1179618 0.1190581 0.119565 0.1340195 0.2528248 0.2646404 0.2602841 0.4986479 1 109.5352 219.0703 326.2031 421.5765 505.9526 589.2211 725.2529 831.6426 908.5894 1017.633 1017.734 66 
1 0.4142205 0.1964785 0.09519375 0.1251231 0.1545527 0.176117 0.1988714 0.1525924 0.3032263 0.3361143 1 1 96.613 193.226 308.1261 432.2931 551.9169 663.2063 731.6158 846.8134 935.7857 1111.522 1014.909 67 
0.9999995 0.491545 0.1652069 0.09852042 0.08048805 0.1697497 0.1012278 0.1406632 0.244983 0.2634089 0.2522604 0.4841299 1 99.73348 199.4669 272.9185 415.36 485.8838 573.9616 705.7827 812.7955 888.2839 996.6127 1012.313 68 
1 0.5915792 0.1452719 0.1013118 0.1144618 0.1007518 0.1557676 0.1420411 0.212815 0.1883341 0.3363542 0.5168771 1 99.78201 199.564 300.8762 379.8461 489.6368 574.1577 682.805 758.4921 868.2076 980.0984 984.9003 69 
0.9999984 0.4478008 0.1898143 0.1095437 0.1250391 0.06568418 0.142959 0.1773459 0.2943461 0.1718498 0.328598 0.3496493 1 113.9446 227.8891 343.7037 396.9346 505.1803 620.2659 777.402 842.139 944.6523 1017.889 1040.175 70 
1 0.3812852 0.2108808 0.1069512 0.1312001 0.1557337 0.1519176 0.1448471 0.2288678 0.3318938 0.3803754 1 0.9999997 110.2088 220.4176 341.1544 465.6655 568.2101 651.1289 763.1685 888.458 984.3921 1140.667 1030.459 71 
1 0.5286531 0.174832 0.0912876 0.1284511 0.1570621 0.1097048 0.1264589 0.2777352 0.2701415 0.2888322 0.4849849 1 90.84232 181.6846 297.8404 421.6248 494.5061 569.3013 712.7969 813.6049 892.2711 986.2095 995.1223 72 
0.9999999 0.3844711 0.2102423 0.1378524 0.1127495 0.1085223 0.2282103 0.09763135 0.2666071 0.2899619 0.3873399 1 0.9999956 137.9234 275.8468 373.1036 456.1594 611.8624 663.2727 789.9551 891.0019 986.8437 1138.438 1000.515 73 
1 0.4939957 0.1870639 0.0994784 0.1470028 0.1412933 0.184381 0.174863 0.1847104 0.2493305 0.4405129 0.4924342 0.9999998 99.24124 198.4825 330.546 438.8207 560.1501 654.0004 735.8006 825.823 945.2171 1019.89 997.616 74 
1 0.4529918 0.1950515 0.1208989 0.1261483 0.1212507 0.1562695 0.1703439 0.2485025 0.2123163 0.3672431 0.4860264 0.9999999 123.6831 247.3661 360.8171 456.1074 564.0278 663.2844 783.4173 860.5506 965.6413 1053.646 1023.029 75 
0.9999993 0.4868308 0.1941591 0.09035395 0.1174541 0.154079 0.1189908 0.137124 0.1895117 0.2194018 0.2028864 0.4934605 1 94.53338 189.0667 300.8503 430.2671 514.8124 600.6484 703.0109 799.0595 868.391 1002.807 1046.256 76 
0.9999999 0.6052106 0.1757435 0.08145513 0.08138093 0.1390256 0.1515743 0.09562211 0.1960253 0.2760005 0.3011055 0.5172905 0.9999998 79.35229 158.7046 231.5268 345.8071 453.0807 510.4975 616.9468 737.4457 832.6222 946.8989 974.1841 77 
1 0.4597131 0.1931444 0.1022898 0.0856192 0.1492852 0.13682 0.1669264 0.2293845 0.1827805 0.403214 0.486778 0.9999999 104.4627 208.9254 287.4193 412.5629 510.135 612.8898 730.5215 802.7533 932.9718 1026.79 1021.242 78 
0.9999985 0.5482795 0.1570376 0.09795528 0.0908667 0.160187 0.1198723 0.176512 0.1592053 0.2969079 0.3164449 0.4313328 1 94.88986 189.7796 269.1801 396.4347 476.4081 580.0528 657.0342 777.7436 868.1976 952.4757 968.7059 79 
0.9999996 0.4416278 0.2101875 0.1118809 0.08774885 0.130684 0.2027638 0.1385523 0.2189635 0.2176837 0.4227492 0.3931985 1 115.5367 231.0733 311.5511 420.8891 568.3637 648.7028 758.0767 843.0024 972.0288 1041.303 1032.675 80 
0.9999998 0.3925757 0.1968326 0.1339203 0.1394644 0.1302188 0.1721029 0.2216592 0.330349 0.187143 0.339023 1 0.9999991 135.0749 270.1498 391.9784 489.8662 602.3921 722.3771 861.5593 914.3591 992.1094 1143.696 1008.622 81 
0.9999999 0.3770908 0.2150892 0.1180713 0.1145118 0.136868 0.1777396 0.1358362 0.2964482 0.1007937 0.5023096 1 0.9999995 122.0461 244.0923 348.4833 458.9669 582.8058 660.6269 807.3935 842.5016 999.8293 1155.71 1033.665 82 
0.9999992 0.6039119 0.1688923 0.07898388 0.1151739 0.1102218 0.1461682 0.1979403 0.158448 0.237277 0.2594603 0.497071 1 76.20999 152.4199 254.7714 341.4407 443.7068 561.9526 637.8704 733.5443 813.3391 926.5456 964.8803 83 
0.9999997 0.4453919 0.1869579 0.1291057 0.08612669 0.1810255 0.08686946 0.1984128 0.1951039 0.2943135 0.3166288 0.4566717 0.9999996 132.5325 265.065 342.063 489.9629 548.0881 669.3154 764.8691 880.8888 968.9699 1055.785 1026.542 84 
0.9999996 0.4239554 0.1809541 0.1272141 0.1553025 0.1070549 0.1319535 0.267191 0.1689874 0.3507516 0.281688 0.9999995 0.9999995 125.0762 250.1523 383.42 461.0185 546.4254 696.5449 766.1209 886.1296 948.7032 1108.268 983.1938 85 
0.9999724 0.6981111 0.1519238 0.07847933 0.0978608 0.1326445 0.1187046 0.1444224 0.1594623 0.2937738 0.3298896 0.4831618 0.999999 73.09321 146.1844 230.1719 332.8701 412.5805 498.047 578.7821 703.806 802.9493 900.2507 931.3689 86 
0.9999997 0.5042741 0.1753935 0.08876529 0.09458154 0.1297826 0.1535002 0.1717751 0.1388618 0.3202145 0.2944325 0.4594508 0.9999999 89.28152 178.563 265.2502 372.9498 483.7994 588.8049 659.1093 798.7185 885.9815 982.0591 1005.816 87 
0.9999994 0.4621844 0.1825103 0.1310517 0.0870126 0.1690645 0.1002314 0.1913344 0.1670425 0.3742456 0.3225794 0.4526217 0.9999999 132.0461 264.0922 340.2753 475.4184 541.9933 656.3422 737.072 887.7283 968.987 1046.224 1007.588 88 
0.9999997 0.4029693 0.1920295 0.1097429 0.1141027 0.1834119 0.1839041 0.1599986 0.2264716 0.2591998 0.4128658 1 0.9999929 109.2477 218.4954 319.6178 463.6176 581.5216 665.2348 764.7689 852.8877 956.8664 1104.734 995.4876 89 
1 0.468182 0.1819456 0.1088615 0.09551834 0.1360347 0.1217904 0.1754334 0.2071829 0.2926809 0.3137286 0.454824 1 108.9862 217.9724 303.1899 412.962 497.8705 605.2816 709.8779 827.0245 915.8433 1004.21 1001.145 90 
1 0.5615744 0.1692524 0.1121841 0.09337949 0.1146401 0.1386545 0.1978149 0.2428438 0.2060642 0.3341566 0.5173358 0.9999997 110.4594 220.9188 302.5481 393.4046 490.6958 610.2531 727.9916 803.6364 901.026 1001.42 984.626 91 
1 0.4118403 0.2019114 0.1487202 0.09652027 0.1633504 0.1478771 0.149856 0.1859446 0.2993816 0.3095776 0.4498733 1 155.4726 310.9452 396.8415 528.1809 627.6571 713.5574 804.1717 922.9377 1008.981 1095.309 1045.403 92 
0.9999998 0.4597583 0.2106085 0.0899097 0.1511073 0.08638013 0.1326527 0.1586788 0.1551554 0.220632 0.3157726 0.3955189 1 93.57285 187.1457 330.2699 399.7234 497.1689 598.2705 681.4406 781.359 892.8127 988.3312 1040.743 93 
0.9999997 0.4264258 0.2189938 0.12632 0.09462831 0.1060439 0.170048 0.1405511 0.1980679 0.3080032 0.3577756 0.4549942 0.9999997 133.7322 267.4644 354.9904 443.7936 571.0942 658.4207 764.1867 896.0805 1002.1 1088.689 1058.678 94 
0.9999997 0.4145592 0.207931 0.1200699 0.1084312 0.1304019 0.1915396 0.1728266 0.2024532 0.3181762 0.4020076 1 0.9999995 120.6679 241.3358 337.2227 440.0348 571.3567 667.1528 759.9763 876.3239 976.5535 1125.647 1004.98 95 
0.9999999 0.4127067 0.1957823 0.1335083 0.09720424 0.182001 0.1496363 0.1830566 0.2481374 0.2651653 0.4549468 1 0.9999972 133.3335 266.6669 350.7833 492.9699 588.5956 688.0737 798.2344 886.7437 998.3331 1132.024 998.6908 96 
0.9999991 0.4869767 0.1837694 0.1030251 0.1077326 0.1414398 0.1081157 0.1727012 0.1663356 0.2404811 0.2406044 0.4131165 1 104.7787 209.5573 307.8353 422.962 498.5169 606.158 691.9269 795.3021 873.8576 976.2845 1017.021 97 
0.999998 0.4963163 0.1756017 0.1284802 0.07086208 0.1444542 0.1410254 0.1202823 0.2193166 0.1234628 0.4999825 0.3814432 0.9999999 129.0147 258.0292 320.0433 437.5029 535.6093 607.4846 722.7754 773.4425 953.2981 1021.906 1004.161 98 
1 0.458486 0.1802024 0.08847955 0.141574 0.0552251 0.160327 0.1499393 0.1840414 0.3301418 0.1973547 0.5021632 1 91.64979 183.2996 316.971 361.7314 484.5016 580.9094 681.501 828.7373 887.6955 1008.106 1035.83 99 
0.9999942 0.3981181 0.2131988 0.1280498 0.1111122 0.1329859 0.1518671 0.1162464 0.2803277 0.2159119 0.314653 0.3996278 0.9999999 133.1917 266.3827 367.1558 474.3655 580.5144 649.4248 796.288 877.6919 970.7096 1051.674 1040.155 100 
