0.1323796 0.05646463 0.03071942 0.006761225 0.008307051 0.009002504 0.01112242 0.01392114 0.01701218 0.0206763 0.02644108 0.03728472 0 16.29098 32.50101 48.67396 78.49913 114.9481 157.4579 205.4304 266.1209 327.0209 390.2533 1 
6.734563e-18 0.05036159 0.01555149 0.006147349 0.01008136 0.012109 0.01470363 0.01802403 0.02229719 0.02777216 0.0356216 0.05270439 1.638317e-22 13.21442 23.1901 27.71278 31.88848 35.47186 37.59216 37.15378 36.32859 37.17611 4.384052e-09 2 
8.18495e-14 0.0448826 0.01500191 0.006382426 0.009793596 0.01224285 0.01514523 0.01760034 0.02087824 0.02653191 0.03602878 0.05421081 2.573476e-16 13.6173 21.94066 27.06265 31.69757 32.28017 34.53879 36.72859 37.91749 36.53553 5.55234e-05 3 
2.065011e-13 0.04656175 0.01407573 0.006355294 0.008804363 0.01076196 0.01442419 0.01648042 0.01969073 0.02465084 0.03178239 0.04687216 1.581063e-15 13.61596 20.09629 24.37551 31.41008 30.79455 33.6931 34.1932 33.85499 34.22621 0.0001063764 4 
NaN 0.04585244 0.01535321 0.007965213 0.01014974 0.01220036 0.01499408 0.01844268 0.02237698 0.0272401 0.03573875 0.05431563 1.621132e-05 17.35155 23.22826 27.12807 31.7964 35.37304 36.43766 36.33797 38.25228 37.69675 0 5 
NaN 0.03692323 0.01505107 0.007522946 0.01095561 0.01298782 0.01651105 0.02027133 0.02401572 0.02958285 0.03975092 0.05594618 2.011052e-05 17.37785 25.62819 28.54857 35.18761 37.5926 36.83419 38.88068 36.6941 33.54387 0 6 
9.959884e-11 0.04502735 0.01348917 0.007203752 0.009802313 0.01181146 0.01416324 0.01685056 0.02002558 0.0241997 0.03196377 0.04732921 1.335235e-19 16.21098 23.67067 27.74033 31.10277 32.98711 33.56238 33.7419 35.10073 33.43849 0.004216588 7 
NaN 0.04211519 0.01497183 0.006898801 0.009506147 0.01231312 0.01471455 0.0187038 0.0227868 0.02802522 0.03693724 0.05394207 2.203404e-05 16.04541 22.85259 29.24318 32.48094 38.28425 38.312 39.21823 38.62554 37.13881 0 8 
8.520139e-17 0.03671813 0.01596565 0.007870939 0.01097898 0.0147073 0.01818882 0.02210941 0.02675964 0.0332157 0.04444282 0.06804879 7.584417e-15 18.81787 26.35985 34.81077 39.58257 42.77701 43.75046 45.58035 46.64782 47.50479 3.699051e-07 9 
3.809235e-13 0.04577878 0.01497064 0.007159381 0.009477964 0.01201762 0.01432438 0.01903111 0.02301311 0.02729976 0.03529522 0.0507644 1.547208e-23 15.71089 21.71473 27.18529 30.34216 37.57709 36.24747 36.69551 37.37057 37.10455 0.0002133915 10 
5.869145e-11 0.05081498 0.01442625 0.006997941 0.009488437 0.01197619 0.01419496 0.0170893 0.02120586 0.02704093 0.03565148 0.05053973 4.103097e-16 14.89585 21.84841 27.39393 30.33572 33.21454 35.6855 36.585 35.05971 33.62018 0.003139609 11 
NaN 0.04620344 0.01510745 0.007221606 0.009585461 0.01316122 0.01617934 0.01894421 0.02221629 0.02757355 0.03744808 0.0566933 3.01245e-05 16.62044 23.3994 32.09263 36.76924 36.76337 37.50698 38.69703 40.02948 37.50743 0 12 
NaN 0.04316135 0.0150429 0.008206925 0.009894077 0.01341107 0.01600801 0.01922754 0.02353344 0.03030672 0.04051857 0.0551638 3.184386e-05 18.45071 22.93253 31.11401 34.03919 36.82819 38.48748 40.36722 37.31794 37.04778 0 13 
NaN 0.04708315 0.01399831 0.007174269 0.009649317 0.01212685 0.01442546 0.01724545 0.02186369 0.02715177 0.03438368 0.05160387 3.059034e-05 15.61086 20.06107 19.76108 0 0 0 0 0 0 0 14 
NaN 0.04066228 0.01497532 0.008196714 0.01091769 0.01298074 0.01611809 0.01921789 0.02341225 0.02957727 0.03885547 0.05792018 6.154831e-05 18.14326 25.03746 28.48319 33.82554 35.43913 37.99651 38.86263 38.70782 38.99202 0 15 
1.116542e-13 0.04693791 0.01354866 0.006163528 0.008803315 0.01128994 0.01358698 0.01673858 0.02027387 0.02462294 0.03166877 0.04655017 3.726774e-18 13.4903 20.56968 26.33941 29.86813 33.49032 34.27763 33.88419 34.49907 33.82107 0.0001147791 16 
9.254426e-12 0.04409087 0.01443909 0.007456816 0.0104098 0.01269203 0.01522157 0.01910341 0.02281342 0.02842675 0.0382757 0.05074771 4.680688e-16 16.76441 24.7248 29.22803 32.77567 37.4155 35.81107 39.28098 36.28445 37.66866 0.001048238 17 
0.001676804 0.04625431 0.01474933 0.007412369 0.009679455 0.01251221 0.01476917 0.01819547 0.02206018 0.02754932 0.03665898 0.0542791 3.670585e-05 16.27835 22.43995 28.76107 31.47267 35.80367 36.71367 38.39686 38.72756 38.50445 11.65488 18 
NaN 0.04716336 0.01331439 0.006423631 0.008303172 0.01194928 0.01357935 0.01733525 0.02065002 0.02449568 0.0314546 0.04521697 3.737848e-05 13.70504 18.91215 26.93584 27.54621 30.67219 24.61453 7.094633 0 0 0 19 
1.355201e-13 0.03967602 0.01533466 0.007553888 0.01068241 0.01366238 0.01624225 0.01900408 0.02347432 0.0298094 0.03907401 0.05707917 3.156579e-20 17.50242 25.23653 31.35577 34.08848 36.1293 40.08374 41.07667 42.36116 41.93379 4.917712e-05 20 
0.1229636 0.06476324 0.03252714 0.004667039 0.007750777 0.008320712 0.00990447 0.01149267 0.01375421 0.0179641 0.02299482 0.03204488 0 11.33347 25.01709 32.23948 49.90797 71.36785 99.35786 133.0088 161.7436 197.7777 239.62 21 
1.275066e-15 0.04301793 0.01490858 0.007298933 0.009681232 0.01182009 0.01497948 0.018489 0.02223607 0.02808442 0.03758304 0.05498309 6.632892e-18 15.86807 21.85692 26.16444 31.88205 35.48836 36.09803 38.67986 38.00811 37.82702 1.637985e-06 22 
0.0005772741 0.04782918 0.01348666 0.006167655 0.009702566 0.01295624 0.01488674 0.01703718 0.02011414 0.02588472 0.03546269 0.05302116 5.548657e-10 13.84427 23.45855 31.55446 32.65653 33.26101 34.39391 36.82452 36.82787 33.4249 4.128669 23 
6.002302e-14 0.04509974 0.01436678 0.00786467 0.009257864 0.01201659 0.01404616 0.01683906 0.02128598 0.02627494 0.03273373 0.04995118 2.400992e-15 17.07377 20.91767 27.14198 29.39554 32.63167 36.14885 34.86963 35.73936 37.15807 7.019818e-05 24 
2.206344e-13 0.04634145 0.01456059 0.005854224 0.009836318 0.01137767 0.01472524 0.01762281 0.020907 0.02582986 0.03375718 0.0477061 1.712427e-23 13.1683 23.3295 26.15684 32.96931 34.66883 35.37777 36.90793 36.81315 36.88016 9.753394e-05 25 
NaN 0.04428907 0.01636604 0.008263851 0.01135957 0.01345238 0.01576771 0.01953807 0.02383501 0.02949148 0.03839199 0.05523556 4.077549e-05 18.00959 25.64684 28.65763 31.65496 36.23902 37.03921 38.21818 37.08393 37.40867 0 26 
2.817886e-15 0.04255356 0.01431525 0.005963124 0.009101697 0.0116122 0.0139443 0.01711461 0.02122667 0.02693386 0.03558686 0.05236174 1.407783e-18 13.37656 21.36669 27.09141 30.68813 34.62627 37.10439 38.22995 37.59025 36.98784 2.282695e-06 27 
4.954592e-06 0.04062126 0.0157887 0.007955527 0.01040787 0.01331987 0.01662635 0.0201158 0.02389704 0.02915689 0.03880809 0.05849809 2.232445e-05 18.97391 25.18253 31.68396 37.13993 39.75927 40.10491 42.40832 44.08346 45.30124 0.03796326 28 
0.1476899 0.05944549 0.03051847 0.00687365 0.007635945 0.008592331 0.01075375 0.01257564 0.0158956 0.01930295 0.02459862 0.03451109 1.450159e-16 16.93476 32.98049 53.14887 86.73887 124.7753 178.4205 234.7515 307.8443 389.0427 477.6016 29 
0.1289696 0.05661704 0.03174241 0.006506784 0.007952823 0.009507527 0.01103851 0.01369183 0.01627924 0.02002919 0.02587754 0.03467673 1.441069e-18 16.29809 31.1131 48.66148 71.44016 105.9972 141.8143 187.7493 234.1836 294.9771 348.422 30 
NaN 0.04409451 0.01507374 0.007097087 0.009979638 0.01176522 0.01518403 0.01785572 0.0219466 0.02724327 0.0351994 0.05320568 4.508255e-05 15.71882 23.02049 25.96426 32.26826 32.27595 34.57803 30.53039 27.20931 8.159259 0 31 
3.82052e-14 0.03531921 0.01633527 0.009142317 0.01263779 0.01566189 0.01973415 0.02358668 0.02896099 0.0374534 0.04840777 0.0719665 4.578677e-15 21.61138 29.81317 35.1005 41.74162 42.02344 47.1075 46.66583 47.38238 47.51143 1.223887e-05 32 
2.67418e-13 0.04419449 0.01404059 0.007729696 0.01015145 0.01174722 0.01398354 0.01797771 0.0215542 0.02694765 0.03593172 0.05044366 9.404396e-19 16.9668 23.58341 26.14162 29.86809 35.22505 34.64015 37.15361 35.76031 35.07595 0.0001399246 33 
NaN 0.04719374 0.01440232 0.006374415 0.008770892 0.01213625 0.01345014 0.01743694 0.02144787 0.02616419 0.03187629 0.04674173 1.318959e-05 13.94594 20.37463 28.24358 27.92159 35.01894 36.02556 34.10209 33.06025 34.0796 0 34 
2.511109e-13 0.03435652 0.01683147 0.007966487 0.01195692 0.01586237 0.01982355 0.02374909 0.02891159 0.03694856 0.04806965 0.06891648 6.933486e-17 19.43918 29.03397 37.29821 42.70726 44.0783 47.83694 48.612 48.86035 50.17815 7.015785e-05 35 
NaN 0.03979402 0.01595226 0.00801222 0.01114764 0.01392096 0.01735 0.02141709 0.02560681 0.03192959 0.04391 0.06293045 6.511546e-05 18.58024 26.3616 31.77492 37.31593 40.92495 39.70316 43.81854 42.52133 40.89739 0 36 
6.610537e-15 0.04228625 0.01458325 0.006290033 0.01063178 0.01213203 0.01437353 0.01767472 0.02278395 0.0286651 0.03682815 0.05496253 1.503732e-17 13.82219 24.42303 26.52819 30.49792 34.41598 38.77923 37.5874 38.30781 37.42407 3.307985e-06 37 
7.877625e-23 0.04880627 0.01306034 0.006936935 0.009071958 0.01111264 0.01367523 0.01639912 0.0195895 0.02358997 0.03221621 0.04874337 0 14.77885 21.07988 25.60688 29.87548 32.08191 32.67712 32.16491 34.40103 31.63523 6.345361e-13 38 
0.000111149 0.04925728 0.01408468 0.007654365 0.009471495 0.01214912 0.01390366 0.01611413 0.02044082 0.02539518 0.0323636 0.04797098 7.89369e-06 16.0999 21.54086 27.32951 28.64399 30.56803 34.23462 33.55325 33.45383 33.44229 0.7499559 39 
NaN 0.04604421 0.01419562 0.006567523 0.008494102 0.01207149 0.01393529 0.01719953 0.02126083 0.02613283 0.034574 0.05213599 2.808427e-05 14.3336 19.57389 27.93825 29.81958 34.1017 35.64272 34.16933 34.84871 30.45301 0 40 
0.1227465 0.05960069 0.0297502 0.005319121 0.00679156 0.008076037 0.009735176 0.0111641 0.01413907 0.01702658 0.02172019 0.03043926 9.209294e-06 12.5654 23.73085 36.91183 57.13069 81.79337 118.153 151.9603 195.4755 240.8269 283.5903 41 
NaN 0.05002666 0.01587842 0.006593241 0.01040246 0.01373308 0.01561641 0.01890728 0.02307052 0.02905471 0.03859547 0.0549216 1.286562e-05 14.35012 23.88924 31.24268 30.40765 33.39746 30.17057 22.08132 0 0 0 42 
3.404767e-12 0.0429006 0.01557763 0.008254328 0.0114885 0.01483031 0.01809767 0.02178718 0.02592558 0.03135915 0.04114224 0.05971421 3.349675e-16 18.4079 26.70259 33.59173 37.48574 39.49774 38.83715 40.10348 40.2844 40.82488 0.0006399108 43 
NaN 0.04159081 0.01468161 0.006663954 0.01060923 0.0126809 0.01662099 0.01901984 0.02363786 0.03046706 0.03990381 0.0582196 4.017159e-05 14.90324 24.82125 28.66922 36.09068 33.3214 39.75957 38.83247 37.1595 34.06111 0 44 
4.655695e-13 0.04987368 0.01382248 0.007423876 0.01011168 0.01226234 0.01421556 0.01674656 0.01970736 0.02419812 0.03184313 0.04664117 2.165451e-19 16.21228 24.12779 28.58727 30.34036 32.3715 32.48893 33.99235 34.12383 33.77335 0.0003213926 45 
1.101829e-15 0.0403823 0.01623838 0.007884064 0.01030521 0.01303481 0.01671334 0.02097611 0.02560199 0.03148807 0.04140913 0.06085613 2.031463e-19 18.04308 23.73601 29.58587 36.2605 40.8447 41.382 42.63057 43.2941 43.83515 5.581042e-07 46 
0.1265853 0.04937159 0.03217953 0.008514379 0.009588674 0.01072262 0.01331529 0.01524295 0.01832901 0.02236193 0.03166989 0.04682141 0 22.73308 43.27437 65.43055 100.7993 135.7343 185.1655 233.9794 305.2904 349.5286 429.0653 47 
0.002122155 0.03999407 0.01473426 0.008406305 0.01080093 0.01322159 0.0155444 0.0187774 0.02315202 0.02914235 0.03864147 0.05713089 3.347882e-05 18.88946 24.91112 29.52471 32.21796 35.88035 38.31676 39.74544 40.80757 40.9175 16.08657 48 
2.346411e-06 0.03921965 0.01541965 0.008780472 0.0117533 0.01361553 0.01713956 0.02115953 0.02643748 0.03446398 0.04685606 0.06032441 6.837231e-06 20.06187 27.54687 29.77207 36.71162 40.02297 42.83322 44.51127 40.20888 42.16506 0.01876118 49 
1.073902e-13 0.04241584 0.01573063 0.007258481 0.01074378 0.01389339 0.01618377 0.02070909 0.02530951 0.02998988 0.03915933 0.05890733 2.834647e-17 16.3984 25.02914 31.65145 33.1995 40.51398 39.57829 40.02724 42.38386 42.3338 6.671205e-05 50 
0.001150094 0.05377909 0.01298199 0.006447291 0.008233295 0.01057095 0.01386868 0.01598807 0.01923403 0.02535341 0.03352386 0.04494713 1.51566e-05 13.38442 18.92365 24.47643 30.79964 31.24016 32.75079 34.91248 30.67516 30.7358 7.396645 51 
0.0001949421 0.02515166 0.01438028 0.008169903 0.0125444 0.01673726 0.02027404 0.02625993 0.03435088 0.04269134 0.06002841 NaN NaN 18.83347 27.35141 34.78486 37.45714 46.28786 46.08462 48.12814 47.82764 1.194454 1.586969 52 
0.1212046 0.058398 0.03196098 0.006132465 0.007698353 0.009211169 0.01065816 0.0129125 0.0158675 0.01933418 0.02495589 0.03528003 0 14.91449 27.81135 42.20569 60.74473 88.11613 119.5959 152.1897 194.7091 233.2673 278.4866 53 
0.174304 0.05894116 0.0320134 0.006418607 0.01112896 0.01061462 0.01242178 0.01504097 0.01827934 0.02254462 0.02942898 0.04407765 0 15.02535 40.81836 60.30641 99.58593 157.8156 232.4049 323.2689 436.2623 556.5109 711.4379 54 
0.1799047 0.06619032 0.03268982 0.007091679 0.008681778 0.009485296 0.01182951 0.01379396 0.01659342 0.02022551 0.02606131 0.03706014 0 15.92758 35.59516 58.47611 97.98218 147.1794 212.5841 289.5817 385.0003 485.3059 595.882 55 
1.148646e-13 0.04353434 0.0148829 0.007692284 0.009565732 0.01183831 0.01562086 0.01784077 0.02298559 0.02894345 0.03545388 0.05308393 3.811795e-15 17.46246 22.64578 27.64361 34.94977 33.10768 40.5571 37.71286 37.83402 38.71627 5.083393e-05 56 
NaN 0.04883506 0.01437768 0.00641823 0.009494553 0.01191983 0.01333872 0.01666688 0.0201851 0.02532998 0.03313037 0.04711196 1.783658e-05 14.31597 22.70663 28.27424 28.36592 33.88271 34.33456 35.28434 32.50578 30.00405 0 57 
4.174332e-11 0.04054109 0.01464046 0.008058151 0.01108369 0.01303407 0.016876 0.02147425 0.02610801 0.0314921 0.0419648 0.06548561 6.431955e-05 18.27765 26.21588 29.368 36.91705 41.81857 40.56932 40.31776 41.51435 40.19496 3.956088e-05 58 
NaN 0.04159639 0.01659788 0.008186427 0.0106566 0.01400664 0.01751391 0.02130956 0.02534028 0.03090384 0.04146182 0.06047678 1.172953e-05 19.50454 25.66605 33.41258 38.93766 41.79719 41.1909 44.3835 44.99638 45.81216 0 59 
0.1781244 0.0512685 0.033523 0.01068989 0.01125371 0.0121708 0.01447737 0.01765346 0.02123517 0.02633801 0.03380151 0.05421804 2.819844e-14 25.2705 55.02863 93.6184 152.3136 232.5726 332.787 454.4779 611.8257 775.5511 996.2997 60 
4.327103e-13 0.04665577 0.01337221 0.006981289 0.009935189 0.01114623 0.01420258 0.01629645 0.01922819 0.02399201 0.03110386 0.04508325 4.4964e-19 15.07088 23.20271 25.00366 30.7481 30.45796 32.37083 33.0398 32.68356 32.20803 0.0001945106 61 
NaN 0.0446424 0.01603598 0.008352859 0.01035625 0.01403828 0.01628501 0.01969246 0.02430572 0.03023959 0.03899783 0.05777815 1.122948e-05 19.08704 24.49149 33.12966 34.29617 38.80637 40.62879 40.84614 40.76864 42.30634 0 62 
0.000561798 0.0475166 0.0131785 0.006560402 0.008682023 0.01078417 0.01282969 0.01589123 0.02032003 0.02630062 0.03465711 0.04830178 1.930424e-05 14.64949 20.94246 25.92702 29.29721 33.45121 37.09168 38.00369 34.56064 33.64472 3.890659 63 
0.1406234 0.0561325 0.03228513 0.006871599 0.008943432 0.01047143 0.01156833 0.0142983 0.01723503 0.02136241 0.02840134 0.04093645 0 16.233 33.64171 53.02703 76.31167 118.5868 162.7668 216.4103 281.5182 345.6047 426.7727 64 
1.471267e-16 0.04189209 0.01506317 0.007705895 0.0104308 0.01305769 0.0154905 0.01916574 0.02369544 0.02935612 0.03800519 0.05830629 2.974511e-15 17.52937 24.71349 30.20625 33.23289 37.88038 39.65967 39.44984 40.00292 40.93656 2.477872e-07 65 
0.0009915819 0.04808001 0.01369087 0.007104898 0.00937395 0.01147804 0.01358054 0.01613822 0.01994292 0.02486054 0.03166777 0.04411685 0 15.92911 22.65546 27.19128 30.0345 32.32101 34.83182 34.77934 34.37185 34.26898 7.046377 66 
0.1000813 0.06024461 0.03081978 0.004359225 0.005944477 0.007732827 0.009403191 0.01133176 0.01303086 0.01665633 0.02093264 0.02883914 7.84401e-15 10.01682 17.22975 25.76267 36.36862 51.79967 69.2208 96.56464 115.0544 143.4513 162.5191 67 
NaN 0.04510613 0.01515231 0.007570744 0.009471593 0.01364811 0.01594157 0.01894919 0.02388702 0.03026524 0.04015382 0.06023087 3.227196e-05 16.37906 21.2839 30.88625 32.95495 35.66027 39.10214 38.51107 38.49242 35.35122 0 68 
0.103012 0.06258886 0.03228297 0.005707755 0.007114333 0.007913554 0.009930764 0.01136061 0.01412828 0.01699164 0.02129058 0.02959538 0 14.69802 25.42174 33.72718 51.01045 64.32582 87.41477 103.0631 129.6978 149.7727 173.0604 69 
5.460112e-12 0.04236841 0.01543882 0.007599844 0.0108871 0.01206195 0.01551709 0.01825817 0.02355957 0.02995101 0.03774891 0.05598213 2.33273e-15 17.38331 25.85331 26.0609 34.23196 34.87391 41.70516 40.034 41.41061 41.22461 0.0006836552 70 
6.655455e-17 0.04838673 0.01458922 0.006592489 0.009222318 0.01239769 0.0145979 0.01813969 0.0216931 0.02738205 0.03657476 0.0552628 2.530045e-15 14.21565 21.23933 28.68393 31.49477 36.01226 35.77925 38.23327 37.21665 36.95447 2.502576e-07 71 
NaN 0.04563979 0.01448166 0.007031519 0.01033857 0.01333692 0.01526257 0.01796671 0.02284157 0.02877374 0.03709284 0.05443669 2.540925e-05 15.37553 24.10138 30.77128 31.55637 34.39736 38.00855 37.03699 36.34224 35.36729 0 72 
0.002978748 0.04300033 0.01495884 0.007714191 0.01017672 0.01232118 0.01583218 0.01883229 0.0230447 0.02907986 0.03779771 0.05503215 6.126308e-05 17.05446 23.37302 27.52322 34.05916 35.48643 38.77977 39.70711 40.43308 42.03147 21.20217 73 
3.919823e-13 0.04351573 0.01378782 0.006632474 0.009773242 0.01224477 0.01547957 0.01799252 0.021242 0.02661299 0.03568581 0.05324567 1.529361e-17 15.18342 23.70549 29.25384 34.82918 34.37471 36.31601 37.03554 37.85334 35.53547 0.0002226591 74 
4.835126e-14 0.04136747 0.01443478 0.007736793 0.01032811 0.01290926 0.01577298 0.01920073 0.02339854 0.02960846 0.03923699 0.05651751 1.084035e-15 17.23325 23.97916 29.29049 33.53364 36.56277 37.82095 39.18838 37.83611 37.61 3.206868e-05 75 
3.678969e-13 0.0426459 0.01457127 0.006738875 0.009603686 0.01311033 0.01538532 0.01807014 0.02198534 0.02734084 0.0347817 0.04917609 3.628698e-18 15.24711 22.60675 30.62308 32.48695 34.75974 36.8691 37.41895 36.98959 38.58797 0.0001701884 76 
3.082963e-13 0.04816276 0.01330516 0.006288657 0.00798443 0.01063544 0.01334989 0.0149039 0.01747282 0.02340069 0.03074694 0.04126569 2.239088e-22 13.03079 17.81776 23.78159 28.4271 27.34959 30.20674 33.22894 30.77377 30.60364 0.0001063465 77 
0.002035601 0.04329624 0.01424377 0.006808305 0.008541696 0.01147459 0.01425276 0.01704175 0.0214099 0.02679068 0.034744 0.05183079 4.609092e-05 15.12277 19.65112 26.55061 31.32872 33.75068 37.59012 37.28755 38.45864 38.35668 13.73383 78 
0.0004414932 0.05176742 0.01224136 0.006129516 0.008014478 0.01017547 0.01177722 0.01447178 0.01694375 0.0212641 0.02786591 0.03872461 0 12.91381 18.64798 23.7324 25.93042 29.24833 29.04463 30.97511 29.95663 28.50262 2.786265 79 
6.428294e-13 0.04107826 0.01439652 0.007034727 0.009027036 0.01200776 0.01548416 0.01819702 0.02177797 0.02727173 0.03574795 0.05282894 4.273483e-16 16.2145 21.36139 28.39305 34.71454 35.10994 37.72461 38.43066 39.17766 38.80895 0.0002808736 80 
4.231143e-18 0.04958205 0.01323427 0.006590816 0.008868153 0.01037792 0.01300171 0.01599573 0.02029988 0.02500011 0.03198845 0.0487801 2.370705e-15 14.4771 21.42757 24.90334 30.00737 33.5674 36.52954 34.31364 33.72812 32.68069 3.844237e-07 81 
2.86869e-19 0.04953074 0.01559184 0.00707781 0.009760204 0.012217 0.01481679 0.01772296 0.02176586 0.02675183 0.03573058 0.05554984 1.66261e-19 15.22865 22.53725 27.94798 31.96122 34.39601 36.81431 36.03923 38.60998 37.51033 2.831296e-10 82 
0.1478772 0.06774521 0.03150904 0.005664125 0.007348787 0.008711856 0.009937775 0.01261243 0.01460286 0.0179758 0.02301761 0.0311421 7.156231e-21 12.39011 25.16266 40.17565 61.49228 96.39466 130.7643 179.8296 227.2595 284.9028 339.6207 83 
0.133102 0.05776051 0.03206671 0.007228508 0.007024623 0.01040384 0.01093094 0.01325457 0.01629673 0.01997772 0.0254886 0.03648585 0 18.20065 29.97961 57.23684 74.9152 112.6757 152.8781 195.3954 249.9795 301.4504 367.7204 84 
4.642945e-13 0.049211 0.01320004 0.006831597 0.009596621 0.01121531 0.01342479 0.01739258 0.020873 0.02719504 0.03629431 0.05029222 4.51958e-15 14.67066 22.62127 26.13468 29.71368 35.0354 34.70482 36.69897 32.85039 30.5579 0.0002939715 85 
NaN 0.04592476 0.01412129 0.007082248 0.009401263 0.01204127 0.01397042 0.01660799 0.02035776 0.02643449 0.03523952 0.05051881 1.235909e-05 14.78605 20.91344 26.54847 28.55088 31.26934 33.36427 35.52664 33.93258 32.36376 0 86 
NaN 0.04219767 0.01474193 0.006546326 0.008870917 0.01188306 0.01503417 0.01836559 0.02163051 0.02628261 0.03532333 0.05089988 1.776915e-05 15.37479 21.12307 27.67636 31.90652 31.80962 22.91745 0 0 0 0 87 
0.158 0.05948363 0.03301477 0.008459806 0.007847685 0.01005928 0.01171023 0.01431416 0.01692868 0.02173451 0.02828748 0.03895137 1.188663e-14 20.51363 37.29311 67.68158 102.1411 149.5252 203.3319 275.3296 345.2262 431.5697 528.2753 88 
1.770652e-16 0.04398606 0.01569625 0.007163256 0.009926682 0.01355369 0.01635393 0.01938244 0.0242384 0.03049724 0.0395859 0.06104565 2.212019e-15 16.28377 23.46978 32.01051 35.71947 37.75295 41.835 41.04698 42.12797 42.53254 2.886952e-07 89 
NaN 0.04989279 0.01530998 0.007493154 0.009422598 0.0125287 0.01454427 0.01789721 0.02181825 0.02757463 0.03688118 0.05408287 7.476958e-05 16.38828 21.97839 29.15426 31.05488 35.3954 36.31396 37.38845 35.98374 32.26158 0 90 
0.09759209 0.06307898 0.03170617 0.0056936 0.006654415 0.007542472 0.009375773 0.0112678 0.01342956 0.01640839 0.0211176 0.02972203 1.17265e-05 14.40713 23.10068 31.506 45.82196 59.31564 74.97863 93.85806 114.3897 135.186 151.4187 91 
0.000453516 0.03905465 0.01569307 0.009371762 0.01240072 0.01538503 0.01879318 0.02231621 0.02660948 0.03368292 0.04516335 0.06435342 4.870021e-10 21.66739 29.14772 34.50862 38.89364 39.89539 41.69262 43.89019 43.74792 43.40413 3.770913 92 
4.945652e-12 0.04304254 0.0140992 0.006259271 0.009946996 0.01173595 0.01361178 0.0162984 0.02020956 0.02517987 0.03240799 0.04679364 1.131233e-17 13.5626 22.62855 25.87569 28.37837 31.41368 34.13358 34.60836 34.98199 34.94237 0.0008238299 93 
NaN 0.04303316 0.01472033 0.00749269 0.009641148 0.01199621 0.01473503 0.01763475 0.0215719 0.02780052 0.03685487 0.05207954 7.173527e-05 17.56846 23.55639 28.76919 33.37816 35.70901 38.14954 40.209 37.77161 37.51304 0 94 
NaN 0.05450961 0.0140813 0.006655587 0.008566756 0.01056715 0.01331883 0.01561963 0.0193164 0.02443272 0.0319454 0.04609459 2.866463e-05 14.20998 20.24816 24.98574 30.13959 31.52559 34.08184 34.4177 32.57589 30.52615 0 95 
8.825751e-18 0.04386716 0.0152947 0.008280655 0.01045613 0.01411461 0.01690145 0.02034694 0.02463375 0.03083785 0.04260004 0.06671834 1.884377e-15 18.34156 24.14433 32.48264 35.71808 38.60642 39.57821 40.83261 42.61253 39.90645 3.208898e-07 96 
0.1582301 0.0529489 0.03356222 0.009145141 0.009588701 0.01312491 0.01391184 0.01695508 0.02010626 0.02362792 0.03077421 0.04453049 0 22.32088 44.17223 80.67265 116.3646 175.9568 238.757 324.2835 423.515 524.9484 641.8411 97 
9.976565e-11 0.0446666 0.01506335 0.008705053 0.01013425 0.01275784 0.0158632 0.01884847 0.0231196 0.02852565 0.03731154 0.05756991 1.194605e-15 19.04019 22.75966 28.4967 33.30925 34.80633 37.66972 36.24992 39.64529 37.35858 0.003814034 98 
9.054125e-14 0.04419706 0.01569065 0.007017493 0.01099811 0.01254326 0.01571805 0.01870266 0.02293282 0.03044634 0.04123048 0.05778535 2.990134e-15 15.80892 25.93364 27.66995 34.34998 36.00868 39.66534 43.67989 41.23526 41.55959 6.725349e-05 99 
NaN 0.04285896 0.01627962 0.008308881 0.01063936 0.01440508 0.01754385 0.02044 0.02487164 0.03114769 0.04079395 0.06336907 5.075031e-05 18.69032 24.41368 32.8795 36.56652 36.64823 40.35498 38.7846 41.53917 38.04901 0 100 
