0.882486 0.2073447 0.8846349 0.08180838 0.08617256 0.1138285 0.06142649 0.1497269 0.227999 0.2962567 0.2591188 0.9999808 0.9734652 101.2999 190.6956 266.2607 353.2373 368.2834 454.393 568.5229 669.7637 694.4961 908.6335 1238.258 1 
0.9345604 0.1766738 0.9015986 0.05974686 0.1190421 0.08516803 0.1654313 0.153559 0.1004485 0.1566665 0.5208378 1.053757e-09 1 79.26285 153.3388 291.7953 366.2907 508.629 604.1793 635.9763 694.4404 929.5932 868.7609 1326.645 2 
0.9424661 0.1834496 0.9100025 0.09507762 0.08925335 0.07050667 0.1358568 0.1040478 0.1290394 0.1825326 0.4979063 0.09784378 1 114.5072 222.4264 306.9019 359.2278 463.9004 520.1627 582.4085 662.4587 877.5642 852.0588 1204.355 3 
0.9198181 0.2011812 0.8997405 0.100207 0.09450137 0.07727127 0.1855214 0.1380096 0.25227 8.877198e-12 0.3788197 1 0.9051077 119.326 229.0842 311.9712 361.9264 498.9935 559.614 673.3015 619.3149 747.6903 979.6741 1190.796 4 
0.9244996 0.1802261 0.9112771 0.05638333 0.1017985 0.07546847 0.1408223 0.2532895 0.16057 0.322394 0.1406882 0.9999936 0.9841263 72.14882 138.8504 251.2851 314.162 431.6447 617.2629 673.9519 797.1592 788.4516 1043.346 1279.612 5 
0.8741387 0.2305702 0.9135408 0.07768445 0.08500569 0.1176375 0.1059987 0.1802939 0.1999574 0.06627079 0.3923975 0.4631304 1 95.43498 178.8584 252.6636 342.823 396.6407 494.1665 566.0155 530.3187 660.0778 717.9192 1228.495 6 
0.9225389 0.2059779 0.9138065 0.08932751 0.1196559 0.1271631 0.1181972 0.212195 0.1469526 0.2973879 0.47691 0.9999985 0.9486455 101.9783 196.0573 305.2701 398.009 461.6018 575.3235 612.311 705.666 809.6346 920.9098 1141.623 7 
0.8837364 0.2357793 0.8921849 0.08603931 0.1033047 0.1367709 0.07658826 0.1829308 0.1985638 0.4118526 0.3138513 1 0.8194445 93.32607 175.8017 257.7751 349.388 367.5384 454.4315 516.5608 647.6075 657.9664 768.7233 1084.691 8 
0.8984752 0.2042421 0.8944826 0.08743062 0.1048679 0.1316551 0.1985535 3.751321e-07 0.3613291 0.2466861 0.3601175 0.9999999 0.9746269 102.8401 195.2394 287.9837 385.246 511.7956 459.8359 654.7648 693.6414 739.0749 869.9005 1176.248 9 
0.9143055 0.1847374 0.9087656 0.07775757 0.1057797 0.1265838 0.1198551 0.2369018 0.1237533 0.3090916 0.3301893 0.9999999 0.9839438 97.45755 186.5635 292.8462 398.5909 472.6371 620.3722 642.2466 751.4318 808.2453 984.8597 1253.351 10 
0.9188522 0.1944161 0.8945098 0.04678859 0.1153849 0.1504825 0.1679769 0.1636045 0.1469709 0.2471116 0.3090647 0.9999848 0.9753544 56.59378 108.5951 232.8181 367.4078 483.1375 561.8758 604.899 682.9137 747.1806 954.106 1209.564 11 
0.9586525 0.1754257 0.8619551 0.1416872 0.05109331 0.1676676 0.05241588 0.1888535 0.07095311 0.3372888 0.414877 0.9999946 0.9882441 171.0662 335.0593 374.1527 523.5563 544.8091 668.7505 685.7356 854.5138 979.8752 1165.993 1207.351 12 
0.9665792 0.1774605 0.8822627 0.1206419 0.09969565 0.16016 0.1708502 0.2275103 0.236062 0.306109 0.9999994 0.9997779 0.9643087 129.6519 254.9708 340.6651 465.5466 572.0686 687.7424 772.7975 853.9967 1068.065 1032.369 1074.684 13 
0.929958 0.1806614 0.9048273 0.1231891 0.1036928 0.08956017 0.07641032 0.137575 0.2918555 0.3644998 2.740576e-06 1 0.9999784 155.0253 299.1923 392.6518 453.7241 490.7456 570.7826 740.1248 873.4096 812.2351 1078.106 1258.434 14 
0.9021241 0.1949758 0.911874 0.0856632 0.06312281 0.1383289 0.1690961 0.1433126 0.2228926 0.3021815 0.300598 0.9999985 0.9755649 102.5997 195.1573 245.1826 363.1084 477.06 535.6404 623.4797 710.2322 743.2982 909.2212 1197.71 15 
0.8871623 0.2185268 0.9107796 0.0623344 0.132571 0.07275404 0.1332831 0.2114816 0.0982807 0.351528 0.3966337 1 0.9996935 73.23188 138.2004 268.6452 307.8522 391.2079 509.4698 511.4947 645.7206 713.2989 846.4516 1174.823 16 
0.9049876 0.2009835 0.9070637 0.05685129 0.1824546 6.477335e-12 0.2070722 0.02980964 0.3285807 0.3420652 0.5448094 1 0.9805186 64.69614 123.2453 307.3627 278.1594 433.4295 412.9889 595.5505 693.9985 790.5184 851.1439 1137.989 17 
0.8946711 0.2152699 0.9080509 0.06105125 0.0537941 0.1364089 0.1520853 0.1521218 0.1539253 0.1996157 0.2772067 0.4565686 1 78.98796 149.6562 199.2427 335.0532 450.7319 531.2968 585.1853 644.0772 710.2045 794.8827 1293.798 18 
0.9007684 0.2029532 0.8999798 0.08231958 0.07655987 0.1170678 0.077643 0.1766654 0.2407526 0.3399255 0.1012941 0.33266 1 103.4958 196.7215 265.5314 363.9083 400.8352 514.344 635.2909 756.6197 717.8037 753.6077 1257.244 19 
0.922468 0.1695781 0.896051 0.07279316 0.09687615 0.1656394 0.1489047 0.1316622 0.2438491 0.1454476 0.5056206 0.9999998 0.9804524 94.37315 181.4294 283.816 441.6343 542.2723 601.7309 718.3164 736.2476 897.8778 1042.114 1296.456 20 
0.8452319 0.2274474 0.9041757 0.07090131 0.07851215 0.1198525 0.1087696 0.132039 0.1415222 0.2916801 0.09619508 0.4455645 1 96.74279 178.5129 250.4169 351.6716 409.0793 466.7608 507.0817 627.7594 577.1259 682.5678 1364.471 21 
0.9215809 0.1764096 0.9001343 0.0677188 0.1046721 0.1079186 0.1870096 0.2286902 0.2209152 1.884288e-05 0.5318596 0.9999847 0.9783882 85.0491 163.4287 273.1698 364.8802 511.1538 644.9405 723.9138 667.1538 857.8225 1004.425 1255.916 22 
0.9629487 0.1685912 0.8748605 0.1136067 0.03776179 0.1939991 0.1791867 0.1472815 0.269395 0.3101535 0.9999998 0.999991 0.9566217 124.6041 244.5914 272.2409 443.6374 562.3073 632.6249 751.3568 843.1046 1077.852 1037.916 1096.802 23 
0.8706917 0.2148489 0.9007018 0.04431709 0.08036251 0.2108313 0.08064931 0.1212314 0.1795832 0.2045374 0.418223 0.9999871 0.9710263 55.86404 104.5044 187.8029 397.0935 416.2579 459.8769 527.2588 577.6088 695.7069 873.9238 1260.553 24 
0.9070312 0.1782706 0.9085343 0.08353792 0.1325974 0.1009093 0.08908027 0.12672 0.1269432 0.3095726 0.2698103 0.4404993 1 112.2141 213.9958 357.3358 431.868 477.2409 543.6949 590.0977 741.6519 796.911 870.8967 1343.271 25 
0.9372563 0.1811331 0.8981254 0.07159571 0.131338 0.08232986 0.1773242 0.1577896 0.05287841 0.233105 0.4825085 0.2290802 1 93.87837 181.8665 330.3399 396.6742 543.8618 635.7058 631.3727 740.201 929.3981 928.9784 1311.229 26 
0.976937 0.1533211 0.9002777 0.08233732 0.1308691 0.1735177 0.1663271 0.08958279 0.05909401 0.5267236 0.4979997 0.9999989 0.9775171 91.34629 180.5859 309.6548 456.0478 567.1652 608.7002 627.4619 888.0721 990.6804 1091.911 1109.415 27 
0.8934353 0.2013462 0.9159635 0.07883423 0.08757389 0.189828 0.1021185 0.07786904 0.2999245 0.2934673 0.34739 0.9999998 0.8962365 94.38401 178.71 256.2478 419.9611 458.4612 466.6061 619.3333 692.0139 734.2547 873.8998 1197.247 28 
0.9303984 0.2105195 0.9073134 0.0866694 0.1100967 0.0816974 0.1581948 0.1877928 0.2662533 0.3285848 0.2098313 0.9999999 0.9756526 90.27894 174.2743 266.8871 317.4784 418.3713 512.1566 618.0404 703.1829 709.1897 866.7539 1041.647 29 
0.919077 0.2010146 0.8726304 0.07329245 0.14459 0.1380657 0.2101542 0.1431316 0.2806486 0.3165554 0.6552311 0.9999998 0.9788739 79.61463 152.7866 285.9735 381.7192 506.8072 549.7027 646.1948 708.2885 812.7872 832.158 1086.26 30 
0.8885364 0.1965117 0.8773641 0.07187378 0.1158968 0.08305029 0.1243386 0.1600666 0.1437175 0.3377643 0.1398887 0.4528827 1 96.70594 182.6327 307.0066 364.4791 449.7293 541.4985 588.1523 737.9473 714.7582 799.5597 1345.497 31 
0.8878886 0.2286763 0.8982317 0.06500463 0.06439769 0.1037833 0.1390285 0.183107 0.2944063 0.07026257 0.4724375 0.357384 1 78.73055 148.6345 204.8963 291.8831 391.1727 497.0125 637.9055 599.4979 739.2663 738.9882 1211.153 32 
0.9034051 0.197397 0.8750028 0.07519327 0.08226284 0.1588778 0.06622054 0.1059473 0.2302257 0.1888648 0.2783026 0.4353594 1 96.27543 183.2511 262.9572 410.2079 431.1121 479.896 609.222 661.314 730.0352 809.2211 1280.373 33 
0.9394723 0.1956014 0.8925755 0.09469367 0.09877024 0.2210738 1.765226e-05 0.1830315 0.1814932 0.4581575 0.2309462 0.9999942 0.965183 102.28 198.3692 282.9433 460.6395 432.7702 532.2119 601.7767 775.649 786.139 929.8248 1080.114 34 
0.868661 0.2171885 0.9147754 0.04922758 0.1016302 0.1393118 0.04246997 0.2331805 0.1146519 0.08123318 0.3619755 0.5713571 1 64.47221 120.4767 231.2038 356.6793 350.724 519.6345 532.439 513.3524 654.0837 777.8061 1309.677 35 
0.8959072 0.2075353 0.9078924 0.06909828 0.09163106 0.07786186 0.1239671 0.1795596 0.1615928 0.2978915 0.2770804 0.9999869 0.9736841 86.74987 164.4697 254.4394 310.6135 399.6393 512.0298 572.4293 688.5728 731.6588 954.9141 1255.456 36 
0.8822037 0.2285972 0.88458 0.0822866 0.08712222 0.1244429 0.1198432 0.1762638 0.2061295 0.1514948 0.4326602 0.276555 1 100.6343 189.4143 264.8827 361.1795 426.1404 515.1122 588.4971 597.3942 716.5719 700.9006 1222.973 37 
0.9418978 0.1867563 0.8712869 0.07348548 0.07454465 0.170326 0.128234 0.2345353 7.079935e-07 0.2958599 0.4908049 0.9999641 0.976809 91.05357 176.8167 252.1217 418.4334 507.1567 657.9163 619.6903 757.7139 916.973 1074.588 1239.069 38 
0.9036112 0.1956754 0.9003843 0.09764924 0.09449433 0.02834179 0.170038 0.0497459 0.1385287 0.3069681 0.3081818 0.4400321 1 127.792 243.2662 331.4057 329.7679 474.6511 471.7974 539.8362 704.4961 787.3602 860.3978 1308.684 39 
0.8864982 0.2132284 0.9095684 0.07945306 0.112422 0.1025963 0.1399137 0.2529307 0.07426439 0.4095843 0.6098335 0.9999894 0.9413943 93.8138 176.9796 279.0871 346.3885 428.2042 567.9411 544.7911 693.882 800.5447 828.3101 1180.745 40 
0.9183983 0.1857548 0.9136749 0.08312901 0.1946526 0.05848235 0.08095639 0.3304357 4.429196e-06 0.2933945 0.4981502 0.9999533 0.9668078 102.3091 196.2697 399.9032 420.4174 455.3786 678.0583 622.7299 726.3898 852.4451 969.5817 1230.727 41 
0.9281095 0.1819779 0.8914116 0.1004348 0.1182335 0.1417688 0.122341 0.1485991 0.2764218 4.287033e-07 0.5184694 0.9999995 0.9477766 120.9227 233.1523 344.4459 455.0748 522.6327 591.9551 718.695 667.0279 848.8391 1001.21 1203.992 42 
0.9355927 0.1833846 0.8952857 0.0776316 0.1350358 0.1055976 0.1029461 0.1286732 0.2532944 0.1280998 0.2971301 0.2608389 0.9999998 103.6346 200.5943 353.9466 443.6163 513.1086 590.014 740.6063 764.1254 858.9438 892.4935 1334.953 43 
0.920443 0.21167 0.8826826 0.08575575 0.0659347 0.1015288 0.1585951 0.3065165 3.427639e-15 0.4212315 0.0325733 1 0.8917384 99.23739 190.5797 245.1749 326.0018 440.88 634.7939 584.2916 756.0387 705.6576 939.5989 1157.21 44 
0.892602 0.1972613 0.8986479 0.09971614 0.07293238 0.1162601 0.1651831 0.2352069 0.1824361 0.2925684 0.5267081 1 0.9987504 121.6896 230.3099 285.7037 373.4354 482.0148 606.9913 646.647 714.662 812.9799 882.9838 1220.36 45 
0.8786918 0.213925 0.9000797 0.0852619 0.08961536 0.110189 0.1589501 0.1232625 0.2355685 0.3110927 0.388352 0.9999978 0.9642884 107.5333 202.0219 280.9023 362.557 467.1244 507.3441 608.1356 698.2442 754.478 884.9259 1261.212 46 
0.9185272 0.1813147 0.9038025 0.08802755 0.1296566 0.1738164 0.05988876 0.1062944 0.2256055 4.051668e-15 0.2723145 0.2073927 1 115.8498 222.2611 359.7684 512.0253 521.9949 565.7078 683.2051 627.5425 729.3236 754.6456 1316.063 47 
0.9370633 0.1594421 0.8906744 0.0914323 0.09022313 0.1676392 0.09418366 0.2382043 7.06727e-07 0.4509966 0.1906029 0.9999898 0.9797236 119.1965 230.8912 323.2255 483.5301 537.5762 697.277 653.3931 891.4089 900.0731 1118.454 1303.659 48 
0.850085 0.2110073 0.8929562 0.04291187 0.09696326 0.1207982 0.05234466 0.1695742 0.1220098 0.2320815 0.4909716 0.4570998 1 56.87991 105.2327 212.4668 319.0031 323.9027 437.2041 468.371 559.6686 738.1513 751.8387 1325.505 49 
0.8860727 0.2165941 0.9180735 0.064421 0.116694 0.07427536 0.1140322 0.165979 0.1628058 0.2188433 0.2979187 0.4772241 1 83.12244 156.775 279.7845 327.1098 402.4051 501.7163 563.3059 632.7645 702.7843 782.5388 1290.3 50 
0.9151299 0.1823733 0.9164388 0.08176185 0.1807158 0.05185505 0.1629047 0.160562 0.2049676 0.2864146 0.1420079 1 0.9994363 98.72166 189.0648 373.3799 388.7934 496.0972 569.7496 645.4386 728.4667 715.3982 949.2627 1207.429 51 
0.8811171 0.2078563 0.9148832 0.1088132 0.05371837 0.1333324 0.1437825 0.07574565 0.172028 0.3230913 0.284481 0.4201942 1 139.5483 262.5066 292.6942 402.0986 489.0651 491.7127 560.859 692.6095 728.5358 766.9158 1282.457 52 
0.9326151 0.2039368 0.8857065 0.07272378 0.126309 0.1177689 0.1041077 0.2032583 0.1135823 0.2862247 0.3393547 0.9999996 0.9776741 83.38184 161.145 284.5746 374.7923 434.8523 554.7772 583.8333 692.9018 771.8054 964.3013 1146.555 53 
0.8813935 0.2144187 0.8965233 0.06448877 0.07482154 0.1400882 0.06848794 0.192764 0.1585176 0.3148017 0.2099717 0.3912172 0.9999999 83.96376 157.9689 230.3674 360.9086 384.4692 512.8693 567.5451 693.2528 699.2446 746.1612 1301.99 54 
0.9331476 0.1889466 0.913293 0.07771388 0.1394486 0.1323002 0.04733795 0.1719107 0.1837119 0.4281519 0.515804 0.9999992 0.9803657 89.99655 173.9766 311.2844 412.0734 422.278 524.6591 605.167 784.5956 883.6266 966.7543 1158.05 55 
0.8863395 0.2243557 0.915686 0.06971157 0.08257852 0.09296753 0.1282692 0.19098 0.1911225 0.1329448 0.385101 0.4178556 1 84.70552 159.7834 234.9674 304.6715 390.6955 502.887 572.5142 578.7784 692.1629 733.0325 1215.085 56 
0.8963502 0.1868672 0.9052087 0.07207061 0.1116744 0.0513617 0.2128203 4.789603e-09 0.2720265 0.1645982 0.295278 0.1746326 1 96.34624 182.7062 302.2992 327.5642 516.0852 462.5931 638.4914 670.9123 749.1403 733.0795 1336.831 57 
0.9112837 0.1892477 0.8831748 0.07386156 0.1569158 1.771782e-07 0.1329131 0.2732957 2.9012e-08 0.4767952 0.1575479 0.9999999 0.8825261 89.8497 171.7283 333.2762 303.7094 403.01 592.3382 539.7882 777.2628 757.6413 954.2307 1216.461 58 
0.9086563 0.1894439 0.9100463 0.06294292 0.08039132 0.1248592 0.1468068 0.1569983 0.156106 0.1806649 0.3465404 0.99999 0.9775736 79.19703 151.1599 232.1369 346.3118 453.9798 539.6133 596.861 646.3926 750.8753 990.641 1258.236 59 
0.9115085 0.2032833 0.9050107 0.07019404 0.07519155 0.1337267 0.1007085 0.1665261 0.1967188 0.2489294 0.403662 1.408205e-05 1 88.56795 169.2984 242.531 366.1594 428.412 531.2543 622.8271 708.5799 817.4438 745.1106 1261.759 60 
0.9249872 0.1790571 0.9051255 0.06855791 0.1189201 0.131283 0.1201644 0.1481009 0.2194196 0.1439062 0.4776773 0.9999988 0.9760906 89.3773 172.0502 303.5487 421.2375 501.3243 584.8282 693.8152 720.0241 888.3862 1064.903 1303.676 61 
0.8877692 0.2080957 0.9069623 0.1035455 0.1113058 0.107654 0.2746438 0.01222361 0.3636055 0.2082799 0.6552305 0.999999 0.9771743 115.3533 217.7605 304.4801 365.8534 542.3051 488.4638 639.9687 643.3582 758.4868 771.9323 1114.035 62 
0.8823127 0.213174 0.907109 0.0612079 0.1158167 0.05136753 0.1716318 0.2325383 7.659346e-06 0.3280718 0.3094236 0.4575663 0.9999999 79.76277 150.1385 274.1572 297.4563 438.566 584.6131 515.8165 669.1284 726.0104 779.0739 1303.145 63 
0.909137 0.2091691 0.9073145 0.05770607 0.09886324 0.08986918 0.1475744 0.09591558 0.2011556 0.154266 0.3299796 0.1633721 1 71.7303 136.943 240.2983 313.321 426.6181 466.3973 572.9413 612.1169 721.5463 710.7351 1243.029 64 
0.8789281 0.2222681 0.9232039 0.08580783 0.05707728 0.1194909 0.154605 0.1181337 0.1718637 0.1075741 0.5236575 0.1655725 1 108.0002 202.9245 244.0308 344.1276 450.1593 491.0643 554.0131 550.3855 759.3807 708.9545 1258.628 65 
0.9498875 0.1809545 0.887722 0.06879325 0.1493759 0.1234631 0.1518388 0.09680722 0.2854129 6.03698e-13 0.4983139 0.9999997 0.978908 82.91857 161.6819 321.2409 423.0191 528.8905 571.1006 725.4566 689.1022 882.8543 1068.442 1205.33 66 
0.9258549 0.1818499 0.8774317 0.09493639 0.09219094 0.09311937 0.1384933 0.2019079 1.34065e-07 0.5016567 0.1983843 0.9999998 0.9664847 121.0079 233.0436 322.1171 395.7539 497.9432 626.2257 579.7942 864.3894 864.8574 1061.595 1274.62 67 
0.9472938 0.1767216 0.893626 0.05584789 0.1131246 0.1472644 0.05009703 0.2245145 0.07128408 0.279711 5.951357e-10 0.5176839 1 73.58253 143.2868 276.4584 424.3561 449.1201 626.0854 642.4875 788.6492 747.0825 947.6972 1317.552 68 
0.9438598 0.1677486 0.8574648 0.1248443 0.07624768 0.1549071 0.08726294 0.185408 0.2627661 0.4202231 0.4308545 0.9999992 0.8390766 149.0719 289.775 353.185 482.8909 526.9686 635.4376 759.1417 904.4306 965.3562 1058.714 1194.062 69 
0.9104605 0.196612 0.8976829 0.0770732 0.06616894 0.07066285 0.1821036 0.1206221 0.1295521 0.1215254 0.2732726 0.2700754 1 106.8345 204.103 270.4782 330.6777 503.2476 567.7193 620.3371 649.2621 757.99 809.9647 1386.143 70 
0.9360902 0.1763344 0.9092344 0.09443227 0.1281578 0.2385408 1.370177e-05 0.3146098 0.2274996 0.454211 0.9999999 0.9994449 0.5645071 107.7769 208.6659 327.7861 521.7821 488.4445 673.0906 737.0586 854.9591 998.5931 934.7732 1141.315 71 
0.9385768 0.1765669 0.9062833 0.1174818 0.1844108 2.472831e-07 0.2153888 0.4070708 2.570838e-21 0.3267306 1 0.9999999 0.9677645 130.2973 252.5914 417.5755 391.9268 539.7958 761.6071 714.8267 792.2606 993.6354 932.6031 1109.085 72 
0.9163033 0.1880302 0.9207783 0.1041526 0.07161263 0.08868157 0.1924214 0.1167357 0.2400427 0.2609523 0.4392481 1 0.8924759 132.9882 254.8458 315.4317 383.207 537.3554 583.6162 700.4763 778.7484 883.8732 1027.308 1276.86 73 
0.8874105 0.224022 0.8969694 0.07400984 0.09282454 0.1080215 0.14603 0.04007507 0.2583391 0.2704024 0.3573112 0.3057258 1 89.29612 168.5384 253.2708 334.2392 428.6267 411.3072 556.4526 642.4266 713.3843 711.8593 1206.544 74 
0.8972633 0.209491 0.8877343 0.05163031 0.1121484 0.09181342 0.1250727 0.1619336 0.2300409 0.2691437 0.4279674 0.999998 0.9733345 62.06735 117.7581 233.5184 302.4632 386.3669 476.9177 582.9833 662.7759 757.0195 896.2267 1202.149 75 
0.9131436 0.1796514 0.9091562 0.07588377 0.09815587 0.1455952 0.1053803 0.2303227 0.2220246 0.04781504 0.4649935 0.9999981 0.9782065 100.2149 191.7254 294.8644 429.5 491.2931 642.3882 730.3577 691.0084 854.0316 1036.478 1320.636 77 
0.9786013 0.1667291 0.8839583 0.09677812 0.1090647 0.1609561 0.06699369 0.1811752 0.2860444 0.3123602 1 0.9999995 0.9817881 108.0001 213.6892 319.049 456.7641 497.4685 614.1899 765.7045 877.6928 1141.517 1117.09 1115.956 78 
0.9451154 0.1719605 0.8935725 0.08540612 0.09171636 0.1966819 0.08414456 0.2051385 0.3547091 2.87775e-06 0.9999999 0.9999962 0.9320109 98.8856 192.3439 278.9096 452.7743 492.938 611.0462 777.0227 734.3771 1057.027 999.0127 1157.828 79 
0.9392419 0.2012503 0.8849321 0.07048859 0.09951539 0.1275994 0.06177631 0.2426851 0.3160634 2.866371e-09 0.4869995 1 0.9918427 79.52625 154.2206 249.2111 354.5651 383.9157 548.1704 699.8748 657.3518 812.3815 968.4013 1128.214 80 
0.8891859 0.1857745 0.8965388 0.09403874 0.07432274 0.07596546 0.140129 0.2120354 0.1315089 0.33442 1.792698e-51 0.465128 1 134.5965 254.2777 322.4738 377.9218 491.4647 639.2244 667.2172 811.544 721.6135 843.7002 1431.287 81 
0.9999996 0.1546864 0.8859021 0.1000522 0.134909 0.1543177 0.2131679 4.761804e-08 0.4360254 8.416508e-06 1 0.9999998 0.9987764 109.9523 219.9046 353.3291 485.3589 639.5948 639.5946 887.8264 887.8288 1208.9 1208.9 1098.949 82 
0.9257797 0.1877119 0.8962894 0.05378149 0.09716754 0.1837143 0.03782676 0.1920301 0.2546287 1.13213e-07 0.3679443 0.3900566 1 69.27277 133.4041 241.9275 426.1204 428.4694 562.6243 698.6639 646.8089 790.3047 859.9622 1288.041 83 
0.9386361 0.1809511 0.8800343 0.08844266 0.1143506 0.1127496 0.2150906 0.06775929 0.1628477 0.2149276 0.5056002 0.9999954 0.9820166 105.0299 203.6147 314.9067 403.6794 561.8716 572.6339 638.8562 711.6456 874.8056 1023.371 1187.548 84 
0.9219016 0.2119787 0.8902815 0.05456464 0.1223341 0.1422422 0.2420399 0.09458065 0.2884171 3.787264e-16 0.4475673 1 0.9858467 61.34256 117.8944 238.7129 352.7604 518.8807 535.7191 652.2578 601.3175 729.2421 888.1521 1124.218 85 
0.8996143 0.1899547 0.9005264 0.06366222 0.09493325 0.06208547 0.1917688 0.09850366 0.1948571 0.2589378 0.3115715 0.3201909 1 84.24933 160.0412 261.6101 304.9768 476.0769 512.0287 609.9686 708.519 779.8712 802.3823 1323.38 86 
0.929438 0.1855031 0.8918609 0.1008847 0.08069284 0.1309587 0.1483141 0.3494116 2.679311e-05 0.4317412 0.5712663 0.9999762 0.9628901 113.2354 218.4806 284.4985 385.9212 478.2691 684.4546 636.1701 784.1535 873.8435 921.019 1122.424 87 
0.9091286 0.1851185 0.8923726 0.08371771 0.09220515 0.09093859 0.2015226 0.06158063 0.2774151 0.06392743 0.2551917 0.9999735 0.9831078 108.0624 206.3049 296.6117 367.297 530.6142 530.3891 685.0803 656.6094 723.1809 1025.897 1290.794 88 
0.8998044 0.1991113 0.9003719 0.06444156 0.108379 0.1040403 0.1635565 0.0562536 0.2857977 0.2006546 0.1659529 0.4214301 1 85.39844 162.2403 280.3539 367.2739 492.4659 489.7256 664.1041 709.607 712.5798 798.0696 1325.208 89 
0.9156156 0.1960872 0.8821674 0.09867738 0.02890132 0.1988675 0.08112469 0.0657743 0.2799755 0.2856762 0.365074 0.9999893 0.9702623 122.4201 234.5098 247.038 442.1365 475.3996 487.8603 655.772 754.0426 830.6347 1004.409 1240.609 90 
0.9528337 0.1724842 0.9022638 0.07914254 0.1309802 0.09164216 0.2334479 0.1295555 0.2662758 5.644129e-16 0.4578895 0.9999933 0.9766663 92.79045 181.2043 314.0712 385.2403 566.0284 623.9698 745.9608 710.7766 868.3027 1053.538 1172.447 91 
0.8985737 0.1968001 0.8910777 0.07855816 0.08654837 0.07457798 0.1584668 0.1333428 0.1639861 0.3388591 0.2697663 0.9999994 0.979654 96.5644 183.3346 262.7682 313.2762 433.2267 496.7246 560.854 701.7887 734.7285 942.0504 1229.209 92 
0.8983496 0.2019609 0.8944075 0.08524614 0.07721144 0.1681207 0.1118316 0.05664788 0.273769 0.2170088 0.3846815 0.1702235 1 108.9566 206.8377 276.087 429.4098 486.1316 481.8731 638.7634 692.3461 786.4619 751.3063 1278.141 93 
0.907587 0.1902109 0.9002582 0.1186417 0.08375383 0.1525408 0.1430683 0.1750529 0.2372056 0.2319792 0.4625319 0.9999778 0.9716479 147.2359 280.8653 346.5178 467.3668 545.6836 622.6571 707.5311 748.3862 841.9132 953.1504 1241.013 94 
0.9477441 0.1873292 0.8801423 0.124236 0.05987975 0.1400064 0.02719815 0.2665385 0.2183488 0.2867072 0.6967539 0.9999264 0.9787639 138.835 270.4151 314.8872 427.2485 426.4429 609.323 700.7557 790.6604 968.6642 1013.493 1117.51 95 
0.9321885 0.1725083 0.9087496 0.09381037 0.08060427 0.2144258 0.08725173 0.2490293 0.02962296 0.2952528 0.5714075 0.9999983 0.9809378 115.9656 224.0673 299.1663 499.7189 536.4251 683.9522 654.0006 768.5414 933.1364 1032.406 1236.17 96 
0.9099037 0.1968582 0.8968257 0.09992194 0.06226844 0.1299599 0.176847 0.09668725 0.2818279 0.162918 0.2722043 0.4309591 1 121.9429 232.8992 280.3139 388.9226 512.3682 537.531 676.9017 693.8822 740.4104 799.3498 1220.381 97 
0.8776866 0.2075164 0.8984693 0.04219616 0.08950743 0.1369478 0.1112679 0.1758168 0.1991138 0.1802503 0.4645663 0.9999983 0.9761108 53.01777 99.55076 195.0913 321.2861 387.211 487.6143 565.8949 596.6737 734.9601 888.5597 1256.46 98 
0.9285831 0.1670364 0.9072625 0.1038821 0.09178243 0.1063016 0.1716766 0.1236763 0.09367854 0.3968535 0.1938534 0.9999925 0.9838143 137.727 265.6179 355.6926 444.9927 578.765 636.2209 656.3576 861.251 873.9198 1119.971 1325.801 99 
0.9166728 0.1841825 0.9079176 0.0835579 0.09680081 0.1470104 0.0500301 0.1030127 0.2868548 0.2312826 1.001013e-72 0.5921569 1 114.0439 218.5848 321.4496 460.7455 470.5641 525.6546 717.3989 793.0559 726.9728 932.9558 1364.848 100 
0.8971715 0.1918162 0.9119762 0.1036931 0.04960299 0.1603406 0.07469295 0.1738236 0.1946984 0.1892533 0.4121593 0.423653 0.9999999 135.575 257.2089 288.8897 437.7645 462.6011 565.4468 646.4953 688.9742 810.509 843.4086 1307.464 1 
