0.02406781 0.01599724 0.01325119 0.01937293 0.02936049 0.0383365 0.04540566 0.05062784 0.06601377 0.0905782 0.1289524 NaN 1.218381 23.33068 31.13299 38.23281 37.95123 45.63664 53.67801 59.50567 60.84931 52.34381 62.47014 1 
0.02374926 0.01466088 0.01117466 0.01711003 0.03169766 0.0421512 0.05314821 0.06933182 0.0836298 0.08855174 0.1161895 0.2276606 9.460715e-14 21.90825 38.08317 43.03614 54.75481 59.91033 59.93788 65.74904 84.91489 83.0438 79.2075 2 
0.02274862 0.01460396 0.01056483 0.0229207 0.03500153 0.04319766 0.05217811 0.06519667 0.0748186 0.08841076 0.09964664 NaN 2.877119e-05 26.38286 35.15108 39.2051 48.77398 52.45728 57.41164 65.09869 71.15832 78.73503 77.0305 3 
0.02054074 0.01434954 0.01087195 0.02197137 0.03342002 0.04112872 0.05121618 0.06787737 0.06613858 NaN 0.100565 3.255915e-07 14.37616 25.35864 32.93854 36.13063 46.44605 49.27816 44.74554 49.3163 63.41871 53.98649 64.11386 4 
0.02230764 0.01366808 0.01063381 0.01732062 0.03106348 0.04103946 0.05061337 0.05564859 NaN 0.1037798 0.1929701 NaN 2.569205 21.06939 34.66626 39.03645 48.18384 51.27275 54.39875 72.90463 70.43077 61.41132 74.95244 5 
0.02036126 0.01553349 0.01026254 0.01928652 0.02943475 0.03895056 0.04839591 0.05835003 0.07592013 0.1004967 0.1044152 NaN 1.698839 21.89216 29.21281 36.0611 38.64145 44.57252 48.76517 45.58699 57.7845 43.78793 52.4195 6 
0.01948311 0.01423517 0.009468264 0.0206698 0.03389773 0.04545565 0.05593714 0.0678248 0.08998906 0.1026811 0.1456849 8.531998e-05 13.76544 23.08189 33.57768 39.75171 42.93826 50.64217 51.27149 57.96319 66.08037 50.9306 62.35716 7 
0.02159206 0.01668591 0.0114608 0.01977272 0.03027572 0.04058713 0.04932723 0.05571603 0.07158121 0.09463093 0.1716463 8.665027e-05 22.66779 20.174 27.38483 34.07182 33.57135 39.76238 42.35697 52.06708 50.32618 41.60489 49.41156 8 
0.02015097 0.0132043 0.01175967 0.02317557 0.03732565 0.05064593 0.05337607 NaN 0.08500524 0.16073 NaN NaN NaN 25.13561 35.06977 42.93222 38.74289 41.23964 63.26516 63.06313 45.17168 56.6364 71.14387 9 
0.02162745 0.0138844 0.01049966 0.02023715 0.03342406 0.04561501 0.05733643 0.05697942 1.070106e-36 0.09867632 0.1677067 0 0 24.05186 35.51395 43.83614 47.76852 48.16801 51.32132 67.97544 71.40292 58.32551 NaN 10 
0.02245952 0.01462074 0.01168575 0.01499644 0.02948959 0.04326244 0.0578998 0.07426587 0.08924306 0.0990358 0.1354904 1.862224e-17 0 17.8755 33.00706 42.87075 49.9184 52.82042 53.21647 60.4831 65.16849 54.84601 66.59829 11 
0.02403188 0.01352631 0.01407431 0.02913732 0.04046082 0.0408853 NaN 0.06349239 0.09226341 0.09986948 0.1612697 0.0001350885 6.321811 34.10421 36.80013 42.23017 46.393 65.03233 66.09213 85.02632 95.56184 85.55154 104.6305 12 
0.02025243 0.01221515 0.01222851 0.02763182 0.04268239 0.05716387 0.0765182 0.07863458 NaN 0.13833 NaN NaN 22.3347 28.43058 36.49388 47.18851 54.55818 53.14811 60.20976 74.90799 59.07913 74.164 92.90286 13 
0.02156036 0.01390919 0.01083662 0.02571821 0.03885296 0.04824128 0.05518084 0.06234794 0.0805719 0.1196787 0.2166891 NaN 1.495323 30.81288 39.19945 43.64114 46.29872 53.66426 65.96577 75.01617 69.97953 65.77651 77.4638 14 
0.02253172 0.01508815 0.01077316 0.02073975 0.02976084 0.04018095 0.05449264 0.06984676 0.08285777 0.1092335 0.1607838 1.090738e-15 4.627021e-08 23.95625 29.11845 40.17666 47.98937 50.14803 56.18694 62.4546 62.92173 54.52914 64.85549 15 
0.02132437 0.01566864 0.01015477 0.01664678 0.03066793 0.0393104 0.04551941 0.05878582 0.07648051 0.08642801 0.1351891 NaN 4.475276 18.80027 32.17201 32.7123 38.80988 45.50125 44.14577 53.66354 57.52435 43.48538 53.06985 16 
0.02219505 0.0149709 0.0108206 0.01711949 0.02850192 3.960797e-09 0.04924827 0.07053177 0.07551516 0.1201495 0.1869702 1.589304e-06 9.012866 18.7752 29.36639 27.92776 46.42105 41.32808 56.77446 61.69071 66.29653 48.30956 60.35314 17 
0.02179658 0.01597708 0.01043915 0.01600775 0.02321571 0.03366873 0.04572442 0.05785782 0.07061318 0.08348746 0.1035666 0.1419907 1.504673e-18 19.67366 25.03744 37.28178 43.79075 47.89112 50.04801 53.58751 57.70435 65.83433 58.04713 18 
0.02248738 0.01537863 0.01134575 0.01950611 0.02894458 0.03808682 0.04630112 0.05438194 0.07280156 0.08171016 0 0.1406788 8.382067e-15 23.51019 30.55738 39.06757 40.63086 49.6382 58.05068 53.22371 58.57756 67.94549 65.81805 19 
0.0244149 0.01408917 0.01198962 0.01979968 0.03255944 0.04738933 0.06391466 0.07876251 0.09195828 0.125147 0.1413339 3.815871e-17 0 24.67365 36.62906 50.95619 57.0206 59.71155 68.66475 68.78801 85.9575 67.06897 82.92654 20 
0.02314011 0.01675047 0.01142191 0.01698175 0.02550049 0.03410608 0.04225696 0.04906571 0.05727201 0.05670358 NaN 0.09804605 4.876265e-14 22.67542 30.32876 38.69601 41.24939 44.65574 46.62609 45.45571 47.39378 61.76447 57.36299 21 
0.02129326 0.01273199 0.01181472 0.02002255 0.03459682 0.04725646 0.06242924 0.0610838 2.48796e-06 0.002338694 0.1267536 NaN NaN 24.13517 37.51131 45.22919 57.31058 47.12121 51.99718 61.86155 82.12058 64.32681 78.7468 22 
0.02455273 0.0145027 0.01324256 0.02400656 0.03219026 0.04464154 0.06248666 0.07930945 0.09517575 0.1293574 0.1810467 4.713506e-15 7.160179e-09 26.66029 28.59449 45.86582 53.64922 57.65307 66.81095 73.40418 85.49521 68.99874 85.84885 23 
0.02295305 0.01641246 0.01150071 0.01362839 0.0235963 0.03933847 0.05294502 0.05644678 0.06453066 0.07784847 0.1017306 NaN 1.75478 16.38931 26.24473 42.32489 39.68194 41.40902 44.48299 48.22941 56.34307 43.16006 51.7812 24 
0.02313578 0.01398701 0.01117064 0.02267433 0.03936332 0.05306668 0.06264694 0.07113351 0.0847911 0.1057148 0.1740889 4.233066e-13 1.008143e-08 27.70642 43.64249 48.59363 51.45616 56.88354 61.6245 75.91291 79.69539 65.08449 78.99078 25 
0.02207195 0.01375158 0.01116801 0.02065811 0.03718849 0.05005831 0.0621561 0.0824734 0.09978378 0.1004027 0.1508974 6.854255e-13 2.548095e-08 23.99627 39.6211 43.84672 54.6774 58.40583 56.94662 68.60849 83.5302 63.75458 79.84494 26 
0.02407984 0.01296138 0.011944 0.02454192 0.04365149 0.0641002 0.08751472 0.1122742 0.1203741 0.134737 0.2984068 2.492985e-06 4.072245 25.95189 42.2908 56.51352 65.05061 66.03141 66.93273 95.85233 102.4105 82.13165 103.5487 27 
0.02166275 0.01508373 0.0101926 0.01932252 0.02985292 0.04366224 0.05797213 0.06390472 0.07306049 0.1115121 0.151258 3.492949e-06 NaN 22.35026 30.42163 43.47197 43.77446 42.92919 56.0889 58.37034 62.41989 49.36968 59.36908 28 
0.01987922 0.01479844 0.01011482 0.02085297 0.03371609 0.04283801 0.05210452 0.06796786 0.08906782 0.1254163 0.1904644 0.0001190105 8.630907 21.20992 30.31149 33.17609 40.61122 46.13789 52.55319 57.04401 56.75816 48.66956 58.7112 29 
0.02175543 0.01370297 0.01294965 0.02132579 0.03936308 0.05507979 0.07188503 0.09910141 0.113561 0.1612002 NaN NaN NaN 21.38846 36.22474 41.81903 51.143 51.55893 58.66972 64.75481 46.27829 58.7981 73.32143 30 
0.02612358 0.01616846 0.01330473 0.01830036 0.03102851 0.03974042 0.04718995 0.05799373 0.0703878 0.0888816 0.1404584 0.1568998 1.411098e-15 23.73869 37.54839 41.07806 48.18944 53.95264 57.72893 71.12824 68.56192 76.68287 74.06018 31 
0.02108587 0.01514057 0.0112348 0.01797461 0.02685778 0.0357156 0.04694578 0.06123653 0.06429898 NaN 0.120018 NaN 1.196187 20.11497 26.2847 33.98441 40.90702 47.01261 43.04514 46.74689 63.77078 46.78068 58.04824 32 
0.02552132 0.01630031 0.0135463 0.01858434 0.02844453 0.04073015 0.05148525 0.05459881 0.06635233 0.0899427 0.1091281 0.1582775 7.833123e-06 23.17959 31.93527 45.21937 44.14877 48.47534 59.74213 62.12059 70.15535 76.94819 72.67957 33 
0.02121961 0.0143337 0.01134121 0.02283509 0.03563785 0.0409743 6.406522e-06 0.0630769 0.08869961 0.1174787 0.2146257 1.468995e-09 0.03678238 23.6424 32.07925 35.60099 36.80452 49.47071 54.73077 66.82454 66.98065 57.23529 69.58503 34 
0.02269003 0.01672649 0.01041899 0.01388082 0.02511208 0.03593736 0.04288952 0.04945029 0.06727997 0.07176365 0.08023146 0.1353128 4.02552e-14 17.7871 30.16017 39.22085 35.4636 48.87421 46.73826 45.4735 57.75277 65.46351 53.62282 35 
0.02277771 0.01655342 0.01057734 0.01587876 0.02525509 0.03161504 0.03822466 0.04858088 0.06140523 0.07551007 0.1042504 0.140508 0 20.11433 29.13951 32.72871 39.05031 46.20563 48.81022 56.10208 57.92642 66.75829 57.26442 36 
0.02159086 0.01582423 0.012179 0.01916728 0.02886379 0.03797616 0.04724996 0.05785708 0.07472981 0.09515908 0.09159902 0 1.030532e-05 22.2928 29.74827 37.00186 40.7389 47.26221 51.5271 51.99893 52.99502 57.71295 59.5976 37 
0.02333346 0.0144565 0.0129707 0.01876682 0.02887896 0.04248354 0.05738097 0.07015426 0.08965161 0.09553581 0.1384499 NaN 1.903197 22.21911 30.12913 44.6574 48.87679 55.94411 55.42127 65.76847 77.21017 62.02353 77.41745 38 
0.02402156 0.01570284 0.01184568 0.02151738 0.03234575 0.03745615 0.04375435 0.05544416 0.05810969 0.07557879 0.1146985 0.1555165 8.947924e-14 27.39603 36.20801 34.77705 48.60191 47.16537 53.59348 68.51437 71.51143 79.73763 72.19765 39 
0.02130498 0.01545483 0.01035705 0.01908232 0.03111184 0.04041946 0.04913523 0.06407471 0.0901322 0.09356505 0.1582947 8.142021e-06 6.619195 21.55859 31.6972 35.919 40.91147 50.29265 46.01971 57.04022 63.87367 45.41164 56.01513 40 
0.02068462 0.01443745 0.009787498 0.01860071 0.03623358 0.04732121 0.04847974 0.06009719 0.08325837 0.09719556 0.1035551 0 1.450997e-05 23.07658 42.12223 39.59525 42.47429 55.31239 56.08116 60.92468 59.17412 64.60394 64.79104 41 
0.02183642 0.01384617 0.01201089 0.02300357 0.03696178 0.04996555 0.06302996 0.07385151 0.06984838 1.364556e-07 0.1207045 1.82562e-06 9.027368 26.84141 37.86792 46.35113 50.20809 53.74899 52.01097 57.85485 77.64301 62.68957 76.11854 42 
0.02165853 0.0137589 0.01091844 0.02006683 0.03582348 0.04845044 0.0576056 0.06582038 0.06669148 NaN 0.1157463 0.1831099 2.154333e-05 25.28771 41.70054 47.60121 51.00188 56.86624 59.21858 64.62053 78.60471 84.01021 80.55172 43 
0.02063339 0.01439309 0.01189589 0.02017548 0.02929855 0.03719735 0.04869886 0.05287961 NaN 0.07020109 0.0004976047 4.647537e-05 21.46871 22.24812 27.34617 34.07852 42.29122 41.57215 44.31125 48.89281 54.32026 53.09915 62.70837 44 
0.02287555 0.01515155 0.01154249 0.02183951 0.03106409 0.03938209 0.05119423 0.06767181 0.09029002 0.1082942 0.1543377 NaN 2.856979 26.06787 31.48822 39.50317 47.83403 55.57923 56.92256 62.91596 71.38657 54.61643 66.31451 45 
0.02160227 0.01550477 0.01095002 0.0192013 0.02898698 0.03737568 0.04766716 0.05969312 0.0697154 0.09208541 0.137365 NaN NaN 23.13527 30.69489 36.76487 43.75966 45.01273 50.68215 57.29119 61.53681 47.82679 57.52988 46 
0.02271261 0.01476897 0.01097375 0.0207854 0.03508551 0.05002111 0.06425844 0.06607669 0.0630312 NaN 0.08928698 0.1392849 3.052239e-15 26.07372 39.92728 51.38291 49.31001 53.01912 49.73463 54.54574 70.09621 72.598 75.29049 47 
0.02448889 0.01342164 0.01267341 0.02303433 0.03577775 0.05056179 0.06686234 0.06254381 NaN 0.1046447 0.2122008 NaN 3.021336 28.942 39.28789 54.68868 56.91953 55.67697 61.62938 87.72968 85.50541 77.00833 92.89729 48 
0.0257128 0.01640659 0.01328645 0.01473897 0.02759313 0.03920165 0.04732452 0.0529988 0.06903037 0.07950836 0.1180492 1.0367e-17 0 18.05838 31.81337 40.29333 37.99354 48.3068 48.08395 56.54243 68.87214 47.46183 60.1914 49 
0.02127334 0.01603307 0.009693478 0.01627208 0.02843416 0.03594274 0.04167125 0.05188303 0.0651855 0.07944602 0.1020626 0.1553326 1.044657e-15 19.99 32.35547 33.93265 39.42963 45.48141 48.58389 52.26381 58.55112 63.33365 55.00963 50 
0.02111182 0.01409929 0.01012136 0.02059833 0.03170511 NaN 0.05205014 0.07426289 0.09058366 0.1170144 0.1736969 0.0001439914 6.340097 24.08254 33.95682 32.97134 49.56522 53.05372 58.25323 64.41118 62.82548 56.2774 65.90737 51 
0.02188245 0.01591688 0.01019923 0.02198296 0.02934993 0.0369376 0.04811854 0.05776708 0.06172053 0.08234079 0.1259941 0.1651671 1.377665e-15 27.08806 29.59868 39.48807 45.83736 44.43319 51.1739 61.66596 62.22903 66.04837 61.10981 52 
0.02154076 0.01479468 0.01188947 0.01849461 0.03253114 0.04399283 0.05314275 0.06414104 0.08384207 0.09434536 0.1297103 NaN NaN 20.41031 32.80781 37.99038 41.23254 49.04423 49.73708 57.1019 62.29908 53.83026 65.51611 53 
0.02300493 0.01653872 0.01164134 0.01594014 0.02443287 0.03460174 0.04262519 0.04944118 0.06402256 0.07942213 0.1191099 0.1317244 4.983334e-15 20.30878 28.02768 38.83574 38.19326 47.70217 49.50737 59.17316 56.64208 63.39172 60.14849 54 
0.020639 0.01401336 0.009849504 0.0199782 0.03579927 0.04964485 0.05976384 0.06356891 0.08213727 0.1084204 0.1948244 NaN NaN 22.34298 36.58162 43.17659 41.56714 50.01916 54.83076 68.19941 73.63776 53.53837 67.42978 55 
0.02107829 0.01664649 0.009696952 0.01672478 0.02577882 0.03303815 0.04060748 0.051788 0.06760605 0.08258435 0.09531701 0.1502319 4.723293e-15 19.66285 27.16869 32.16428 37.07132 44.33437 46.94845 46.50466 54.86257 56.72105 51.55952 56 
0.02477697 0.01620229 0.01145884 0.01851812 0.03118943 0.03853842 0.04727856 0.06079649 0.06884391 0.09464314 0.1182219 0.1750271 9.946451e-14 23.11647 35.89183 36.35311 49.2781 47.8793 59.22178 61.44167 68.25668 68.19377 68.19098 57 
0.02429309 0.01541082 0.01285336 0.01885378 0.02739625 NaN 0.04101755 0.05929943 0.0795956 0.09741522 0.1852312 NaN 0 21.70714 28.77202 27.8867 41.29483 51.49152 51.75266 67.42092 63.69957 55.0892 66.72703 58 
0.02263069 0.01511773 0.01089924 0.01704304 0.02739448 0.03776689 0.04977759 0.06340389 0.07790251 0.0930887 0.1101137 NaN NaN 20.67289 29.66339 38.63029 45.80024 50.12988 52.88157 55.0205 62.94035 51.60848 62.33938 59 
0.02050367 0.01294984 0.01127009 0.02286435 0.03615504 0.05105718 0.0684652 0.08246941 0.1104515 0.1540156 NaN NaN NaN 24.40566 33.18497 45.21278 48.51524 56.36453 63.04133 68.52257 47.95556 61.41271 78.14101 60 
0.02224108 0.01391152 0.01091456 0.01824321 0.03229388 0.04505815 0.05688164 0.06739407 0.0810312 0.1120309 0.1224308 NaN 1.210242 23.09975 37.43474 46.08717 50.44373 54.32387 63.65671 62.54985 78.41764 60.59504 75.08257 61 
0.01962756 0.01395734 0.01112343 0.02448328 0.03825444 0.04869574 0.0497412 NaN 0.08888096 0.16225 NaN 1.024606 NaN 25.38685 33.78236 37.17496 38.58787 39.40816 56.24508 54.01271 40.14814 48.4199 59.40039 62 
0.02117851 0.01482002 0.01048678 0.01728213 0.03082876 0.03885221 0.0472326 0.05233189 NaN 0.08154766 0.1411246 NaN 1.168436 20.75795 34.0395 33.82791 45.3351 40.09158 42.06177 59.23018 60.60707 48.6495 58.43789 63 
0.02222128 0.01593343 0.01041968 0.0156743 0.0271442 0.03552472 0.04480456 0.05581506 0.06352758 0.08041485 0.09873142 0.1527585 3.686217e-13 19.0869 30.45537 34.97186 43.45478 44.21809 50.94659 53.51374 62.51229 60.36451 62.28579 64 
0.02043052 0.0149808 0.009442062 0.02113992 0.0296644 0.03857171 0.05148439 0.06523413 0.07544273 0.09485275 0.1138106 4.220899e-13 5.014437e-11 24.50939 28.51328 37.90953 44.94115 46.19706 50.88548 50.30895 67.38559 46.94154 57.89979 65 
0.0218993 0.01371477 0.011861 0.01878 0.0360023 0.05044493 0.06316394 0.07807939 0.08698653 0.1153239 0.1307453 1.279092e-17 0 22.05744 39.31936 45.68897 52.3303 53.443 61.75157 63.21729 77.70187 63.07768 78.04152 66 
0.02374955 0.01424929 0.01314387 0.02166223 0.03309211 0.0418878 0.05131059 0.05268934 NaN 0.08780947 0.1816474 2.59602e-06 18.73848 26.81806 35.72179 41.61369 49.37719 46.32313 50.88602 78.34796 76.44159 65.69855 80.21978 67 
0.02186671 0.01294039 0.01201281 0.01932402 0.03652215 0.05452304 0.07189026 0.06288833 NaN 0.08480693 0.0001036368 5.008686e-20 0 22.14623 38.58476 51.16864 49.84856 52.33426 57.50679 61.93737 70.82548 70.20154 84.80671 68 
0.02682077 0.01419458 0.01461594 0.02869866 0.04038262 0.05293685 0.06858252 0.07757303 0.09963282 0.1485544 0.2680444 NaN NaN 32.6921 38.58501 53.78426 56.71952 66.51103 80.83003 95.35872 101.1461 87.27926 107.1957 69 
0.02310748 0.01498006 0.01156178 0.01902909 0.02803976 0.03442693 0.04645644 0.06239762 0.06026187 NaN 0.08427998 0.1371478 8.539175e-06 24.92285 31.8654 37.09573 52.17423 54.07673 48.81794 53.86253 71.35529 75.24602 74.38054 70 
0.01964071 0.01262338 0.01012756 0.02311988 0.03876649 0.04539771 0.009131714 0.0770544 0.1277086 0.1650313 NaN 2.039899 2.246362 25.14357 37.0845 39.23967 40.09181 60.30807 62.45622 70.38944 46.42395 59.1273 73.34094 71 
0.0193735 0.01244441 0.01092711 0.02644199 0.0360826 8.610711e-07 0.05882281 0.07142911 NaN 0.1387205 6.45037e-11 0 0 28.29162 32.82773 33.24498 51.57806 51.46638 55.7161 67.61535 49.82088 61.55108 76.18927 72 
0.02059595 0.01388247 0.009247307 0.02270881 0.03282035 0.03995285 0.05235202 0.07023747 0.08171348 0.1118711 0.1459878 NaN NaN 27.9121 33.46305 39.24401 51.80635 52.9851 61.54683 65.34895 71.8115 58.05575 70.12593 73 
0.02205951 0.01594364 0.01139828 0.01836144 0.02887417 0.03788448 0.04777271 0.05676776 0.0627707 0.09116405 0.1010403 0 2.930454e-14 21.06268 29.83949 35.96336 42.07925 39.11331 51.88943 55.8034 52.13246 57.68502 59.16932 74 
0.02404636 0.01564302 0.01286527 0.01533926 0.02857306 0.0380683 0.04634251 0.05763177 0.0730375 0.09501469 0.1323738 8.078006e-06 3.733893 18.0698 31.56768 35.86333 41.55649 47.36582 52.84201 58.35033 66.66125 50.8154 63.71246 75 
0.02276906 0.01420414 0.01068551 0.01940173 0.03151656 0.04414147 0.05646832 0.06819031 0.09483907 0.1300725 0.1228256 6.301455e-15 0 24.52396 35.68744 46.81469 49.0587 60.71381 65.32162 60.74056 77.05657 60.83803 74.0563 77 
0.02327161 0.01380578 0.01215254 0.02262285 0.03635083 0.05053599 0.06444284 0.07148306 0.09330976 0.1276274 0.1845992 NaN NaN 25.09421 35.80123 47.31095 48.21824 58.06073 67.79852 76.48215 88.73974 71.72509 90.43643 78 
0.02311964 0.01493261 0.01172113 0.01932157 0.03007283 0.04408918 0.05796888 0.06565006 0.08628665 0.122673 0.1338719 0.000151735 14.24621 22.18057 30.55858 44.21947 44.19466 51.87511 59.70306 57.99252 71.88491 55.2155 68.14861 79 
0.02120922 0.0142998 0.01190801 0.01879833 0.03132278 0.04322723 0.05284591 0.06180971 0.07071508 4.899235e-09 0.1233914 1.9573e-06 NaN 20.26509 30.29382 38.29481 37.96447 50.52765 46.55801 51.77723 66.24251 53.77942 66.57628 80 
0.02311805 0.0135698 0.01243491 0.02428535 0.03578664 0.04377992 0.05438856 0.05884538 1.226669e-09 0.07858018 NaN NaN 2.502965 31.12856 38.67696 44.18269 55.52544 55.50211 59.96598 65.66043 72.92965 71.37943 83.17377 81 
0.02352509 0.01472621 0.01140668 0.01884446 0.03128687 0.04255443 0.05509939 0.06828108 0.07695516 0.1214383 0.1180098 0.2180796 2.95712e-12 23.12796 35.135 44.09416 53.11425 51.30971 69.66328 64.02654 82.18361 82.22841 81.15968 82 
0.0230384 0.01471368 0.01162339 0.01597163 0.02845191 0.04433338 0.05788451 0.06047135 0.06711846 2.489348e-09 0.1003854 0.1705433 4.621242e-18 19.81922 32.76682 48.63172 43.78309 56.17925 50.66137 55.65157 72.6151 78.84524 71.9611 83 
0.02467236 0.01421864 0.01312698 0.02319072 0.03811552 0.0509514 0.06752846 0.09437583 0.09273194 0.1134642 0.1498183 NaN 1.971866 26.08521 38.62044 46.0007 59.90807 56.65866 64.18089 71.06448 88.85701 72.54312 89.99167 84 
0.01933028 0.01270713 0.01183891 0.01854795 0.03563715 0.0523054 0.05769484 0 0.07749393 0 0 0 0 19.06941 33.67139 42.23687 41.93443 44.3995 45.65849 51.38978 44.97283 NaN NaN 85 
0.02467535 0.01468192 0.01218783 0.0201186 0.03392951 0.04332678 0.05698468 0.07941616 0.08835442 0.118328 0.1676864 NaN NaN 23.66408 36.39544 39.32735 56.33692 55.51943 64.38496 71.55732 79.92011 64.00495 79.36327 86 
0.02228499 0.01466651 0.01173737 0.02204992 0.03220893 0.04201776 0.05365113 0.07292057 0.1100145 0.1098953 0.1403022 0 0 25.04459 31.6473 40.87015 47.23424 62.43039 57.26046 70.07811 64.84292 73.26485 72.39568 87 
0.02288869 0.01455699 0.01226436 0.02009472 0.031417 0.04015664 0.05276981 0.07087361 0.05995182 1.563056e-06 0.09689227 0.0001033942 NaN 24.91817 34.13578 39.4607 52.22364 49.17939 48.58234 52.91585 66.16324 58.98236 69.55457 88 
0.02268635 0.0156249 0.01115118 0.01662801 0.02863812 0.03791975 0.04815559 0.05960596 0.06641442 0.09611583 0.1181751 0.1311141 5.431877e-16 21.27208 33.83459 39.32332 48.10539 45.26972 59.07385 60.1984 59.75021 70.02727 64.87607 89 
0.02390902 0.01493885 0.01279591 0.02238987 0.02912515 0.04244783 0.05801443 0.06201058 0.07111319 0.1057005 0.1459413 7.290962e-05 12.36761 26.34438 26.8827 46.72017 46.13699 46.90716 61.8206 66.88855 74.23574 61.84358 75.72239 90 
0.02176994 0.01340234 0.01126889 0.0220504 0.03918096 0.05282573 0.06849678 0.09753978 0.08973521 NaN 0.1362107 NaN 1.842686 24.42125 39.38395 44.05938 58.87518 59.75766 54.13996 61.62677 80.04816 66.663 81.59028 91 
0.02420603 0.01595983 0.01254121 0.01921724 0.02960666 0.03679873 0.0460042 0.05904424 0.07042132 0.08927248 0.1366804 NaN NaN 22.50175 30.69558 34.31483 43.6346 46.75612 51.10012 60.71532 61.17458 52.72707 63.31357 92 
0.02295384 0.0150197 0.01182035 0.02002072 0.02957712 0.04202554 0.05511887 0.06166333 0.0683556 0.09962659 0.09946253 4.46814e-17 1.26746e-13 25.13787 32.44407 46.46053 48.60962 46.72258 61.92 63.37055 60.8616 67.70348 72.06746 93 
0.02163935 0.01432993 0.01115344 0.02447171 0.03526981 0.0459542 0.05967863 0.07272497 0.08973153 0.1215056 0.1514154 NaN 2.100265 29.51442 35.49099 46.14977 51.14021 55.8305 62.99492 65.4026 75.19726 60.67951 72.55363 94 
0.02348394 0.01398096 0.01290226 0.02799374 0.03919597 0.04896139 0.0604286 0.06923717 0.1043375 0.1315306 0.199796 NaN 0.9478968 30.16225 34.06218 45.52806 43.72121 64.36083 69.11952 78.00195 95.80184 74.60005 94.0947 95 
0.02192348 0.01331586 0.01063618 0.02295012 0.0346652 0.0517111 0.07205906 0.06464786 0.0002765204 0.1010158 0.1632659 5.330046e-06 8.267632 27.2492 35.1791 53.80582 53.27282 51.38008 56.33445 71.69038 85.06891 65.28524 80.42401 96 
0.02284877 0.01539194 0.01136427 0.02230052 0.03106983 0.04026098 0.05390939 0.06830736 0.07969229 0.1150888 0.1295453 0.1776478 3.613344e-05 26.392 30.98097 41.60807 50.82236 51.41548 63.5119 63.1821 69.28459 75.78518 71.63938 97 
0.02376768 0.0162387 0.01186988 0.0133241 0.02437025 0.03577455 0.04540726 0.05398874 0.06929296 0.08930728 0.1090735 2.340956e-05 5.035969 16.092 27.53639 37.27663 39.00144 45.16636 49.77762 50.58725 60.59956 45.15794 55.74845 98 
0.02310857 0.01371874 0.01086616 0.02361228 0.0358557 0.04583529 0.05832267 0.0749165 0.08495512 0.100103 0.18869 NaN 1.745816 30.18639 39.27174 46.98402 57.53491 60.06279 62.23155 82.05012 78.46784 71.42538 85.4187 99 
0.02182984 0.01304082 0.01098554 0.02348392 0.03785956 0.05322601 0.06936321 0.0705384 0.07016612 NaN 0.155747 NaN 0.07236538 28.67521 40.43533 53.3038 51.21799 56.37184 64.32495 70.32839 74.66482 72.92087 86.06238 100 
0.02293791 0.01541584 0.01019051 0.02228077 0.02987973 0.03999209 0.05103972 0.05844992 0.07534819 0.09426632 0.1202226 0.2034551 5.441805e-14 28.0061 30.85038 45.11615 45.5446 54.66894 59.66422 63.10077 73.52986 75.36447 68.89055 1 
