1 0.2144547 0.1851799 0.1436339 0.09379414 0.06614274 0.08742283 0.2070826 0.1087298 0.2975569 0.2760876 0.4318548 1 135.3015 270.603 346.2656 394.6175 454.2987 583.3094 637.0199 768.0254 853.4096 950.0935 941.9888 1 
1 0.1508282 0.2159282 0.1197173 0.08171001 0.121254 0.1532257 0.3084325 0.193768 0.1564309 0.1546581 0.568443 1 132.6605 265.321 345.0254 453.6387 574.2483 779.8269 869.1439 927.2785 975.7634 1126.408 1108.115 2 
0.9999995 0.1782793 0.1790258 0.136032 0.1649751 0.09563596 0.1484906 0.2640503 0.1082502 0.2690149 0.7874156 0.9999267 0.999827 129.0809 258.1617 393.4114 458.8807 550.8111 690.0103 732.0078 825.0793 1024.217 1077.975 948.9007 3 
0.9999998 0.2272696 0.1760731 0.07886689 0.1478905 0.1512929 0.1590898 0.1015962 0.2435152 0.4319657 0.4154826 1 0.9999566 70.43936 140.8787 262.5487 368.61 463.2638 514.0941 623.551 770.4324 850.6823 963.581 893.1423 4 
0.9999962 0.1210912 0.2166797 0.1612929 0.09250962 0.1196817 0.1764714 0.2444681 0.1948338 0.3284913 0.1730042 0.9999917 0.9999933 206.5359 413.071 512.4217 629.0632 780.468 953.1973 1057.202 1198.391 1248.321 1487.009 1280.502 5 
1 0.0983316 0.2710352 0.1538654 0.1087991 0.04715008 0.1403666 0.3453387 1.067626e-09 0.4011099 0.09939572 0.154373 0.9999997 244.1433 488.2866 634.359 690.7749 850.807 1189.263 1189.263 1446.62 1484.814 1538.236 1586.733 6 
0.9999962 0.1631681 0.2279459 0.1445217 0.1445204 0.08489948 0.1480046 0.2285479 0.1357926 0.3446009 0.257311 1 1 159.4205 318.8405 455.2189 523.7557 633.0925 776.9412 842.8741 987.4746 1058.237 1262.49 1103.091 7 
0.9999999 0.1691341 0.2371913 0.1402273 0.1055953 0.212104 0.09361142 0.3475066 0.3891089 7.831899e-08 0.9999999 0.9999994 0.9999995 136.0533 272.1066 360.1922 518.442 573.4711 758.6283 893.9055 893.9055 1106.287 1106.287 970.2343 8 
0.9999996 0.2699868 0.1396849 0.09798042 0.1284972 0.04812141 0.1370187 0.1291647 0.2873178 0.3812864 0.2344587 0.345822 1 85.2399 170.4798 271.3152 304.225 393.4218 465.9847 606.5471 739.4866 790.0641 847.174 869.9688 9 
0.9999995 0.16792 0.2059924 0.09399106 0.139468 0.1149916 0.1032725 0.1852965 0.2713713 0.332663 0.2844947 0.9999992 0.9999999 101.2856 202.5711 338.7368 435.3476 512.1353 635.683 783.0944 914.7616 989.905 1178.892 1077.608 10 
0.9703558 0.1601044 0.2592678 0.0733168 0.1446143 0.1245001 0.1287716 0.07400825 0.1699987 0.3905351 0.6640144 0.9999049 0.9984426 87.47487 172.3566 327.1377 435.185 528.9069 566.6156 663.3758 860.2351 1059.109 1141.233 1193.108 11 
0.9999958 0.1525838 0.1867752 0.1002712 0.2136917 0.06813494 0.1639476 0.1391701 0.1567783 0.5320996 2.684714e-11 1 0.9999994 111.4592 222.9179 436.6339 490.2134 610.3554 695.619 778.3024 1014.936 1014.932 1223.014 1111.577 12 
0.9999992 0.1042284 0.2971948 0.1177455 0.202325 0.1010868 0.294509 0.09607313 0.3276966 0.3151028 0.3264568 0.3738928 0.9999995 163.1658 326.3315 573.6906 672.2725 930.4512 989.8682 1173.065 1291.495 1375.529 1440.355 1385.75 13 
0.9999966 0.2730163 0.1499049 0.07660259 0.08256463 0.132938 0.09489013 0.1932964 0.06003252 0.3592948 0.2362798 0.3203376 1 65.96817 131.9361 197.5916 294.5759 354.5991 465.268 492.9937 648.9776 714.6986 782.7471 861.1742 14 
1 0.1747607 0.196015 0.09451953 0.171744 0.08407171 0.2593364 0.133679 0.1417137 0.3241999 0.5243215 4.292223e-07 0.999999 97.32297 194.6459 354.7692 419.6906 603.1172 673.1471 737.4618 863.7445 1001.766 1001.766 1029.66 15 
0.9999996 0.1428681 0.2382123 0.07867015 0.1468557 5.805489e-09 0.2537513 0.1423744 0.14288 3.133989e-07 0.5835716 1 1 98.02907 196.0581 364.6554 364.6552 613.192 717.2551 806.8192 806.819 1120.363 1344.104 1246.077 16 
1 0.2103749 0.1844858 0.09683636 0.1190467 0.1764367 0.1582155 0.1167959 0.2493916 0.2055097 1.699005e-05 0.4986445 1 95.11913 190.2383 295.8503 433.7418 535.5762 598.8574 718.1983 792.0149 792.0197 934.3159 982.2667 17 
1 0.1761324 0.1992265 0.1466325 0.116209 0.1323663 0.2530661 0.09310895 0.5202742 0.1867658 0.6329395 1 0.9999997 136.3262 272.6525 364.8512 457.665 611.6241 653.9343 868.3423 905.2655 1007.026 1066.04 929.7138 18 
1 0.1215867 0.2304594 0.05241642 0.1419444 0.1344418 0.1704088 0.04407855 0.2822828 0.05068357 0.2719181 0.5647858 1 74.04691 148.0938 338.1033 492.5245 661.943 698.2976 920.8538 949.5335 1095.602 1316.496 1412.666 19 
0.9999881 0.1849144 0.1968307 0.1755943 0.03251748 0.1601303 0.166511 0.07837683 0.4311754 0.3006132 0.5127854 0.9998783 0.998671 167.7323 335.4626 361.066 483.0629 589.6052 631.3995 843.3304 927.3713 1027.634 1122.884 955.2267 20 
0.9999792 0.1823229 0.143575 0.0897001 0.1268823 0.01360951 0.2130716 0.1275853 0.09278704 0.243858 0.2759825 0.2978256 0.9999999 104.256 208.5098 342.749 355.314 549.4576 640.9312 698.9622 837.3421 955.7559 1048.269 1162.272 21 
1 0.1165226 0.2534841 0.1562891 0.1362557 0.2753126 0.1059402 2.531236e-08 0.5804107 0.8103912 0.9996219 0.9997514 0.999822 180.3022 360.6043 493.2278 724.6885 789.2335 789.2335 1105.391 1290.611 1333.931 1333.947 1153.645 22 
0.9999923 0.09859517 0.3006136 0.1343541 0.1541463 0.03429866 0.07549298 0.3238976 0.3271434 1.512086e-05 0.5717664 0.9999431 0.9999923 192.7817 385.5619 577.0233 613.0541 689.6442 993.4551 1200.917 1200.914 1444.883 1627.592 1434.877 23 
0.9999996 0.1553697 0.2011194 0.1041442 0.1616657 0.162356 0.06893943 0.250221 0.3902998 3.551909e-08 0.4728719 1 1 109.4688 218.9375 371.1712 499.3388 544.9252 698.9786 879.147 879.1466 1012.235 1160.593 1051.127 24 
0.9999999 0.2215973 0.2086752 0.09691729 0.1203639 0.08186892 0.1961798 0.1649884 0.1117594 0.1605164 0.4832323 1 1 90.30367 180.6073 281.8883 342.4856 475.8051 565.9313 616.9084 681.9423 846.2998 1022.063 931.7602 25 
1 0.1900796 0.1666512 0.1167555 0.1285786 0.09756788 0.1251447 0.2309422 0.222007 1.29346e-10 0.5279204 0.1806306 0.9999998 121.0599 242.1198 359.873 437.7374 527.8653 673.3731 780.9475 780.9475 979.9626 1012.108 1036.867 26 
0.9468881 0.2120768 0.2161686 0.1280879 0.01553496 0.1428149 0.1800035 0.1669742 0.309211 0.4074922 0.2791995 1 0.9999998 127.3555 247.9469 248.2456 356.9475 469.6749 544.8952 670.4741 775.531 791.4471 896.8406 994.2823 27 
1 0.1753501 0.2170383 0.1450498 0.1051627 0.160364 0.05556975 0.1958901 0.1915807 0.2649825 0.3275885 0.368831 0.9999996 154.0477 308.0954 403.5816 533.8772 571.7871 697.9978 797.2525 908.2346 1009.081 1085.429 1062.033 28 
1 0.1851242 0.1755302 0.1393375 0.04196525 0.1337351 0.1902391 0.1308249 0.2383091 0.08440144 0.3498715 0.5617162 0.9999996 145.9177 291.8354 329.659 445.137 587.4369 666.6783 792.1396 825.9848 954.4429 1088.524 1047.225 29 
0.999998 0.2228556 0.1607451 0.08940599 0.09062724 0.1272757 0.1678976 0.07961472 0.2653062 1.009601e-07 0.2755279 0.402038 1 89.7852 179.5702 262.4445 368.2841 490.1336 538.2113 685.6707 685.6694 798.1804 917.1176 1004.241 30 
0.9999999 0.1358046 0.2471221 0.1407543 0.1264846 0.1184017 0.2234526 0.154643 0.1467438 0.2433524 0.2003065 1 1 162.0688 324.1376 449.2766 551.6021 721.8499 813.3443 886.7389 990.592 1055.272 1313.499 1151.431 31 
0.999339 0.2391239 0.1330488 0.05289765 0.1606413 0.1426687 0.07720291 0.1793909 0.2711278 0.4020692 0.2686483 0.9999899 0.9949519 46.02582 92.02122 224.3394 322.8732 368.4415 466.3648 587.8083 719.0188 771.1195 913.738 870.0919 32 
0.9999823 0.2322902 0.1213127 0.1079478 0.06341063 0.1948921 0.1266293 0.1614981 0.1141602 0.1604311 0.1418815 0.4526557 1 103.3727 206.7436 260.9081 416.8321 498.3927 589.2394 643.0811 710.1094 759.8734 896.1346 957.6171 33 
1 0.1788494 0.2047251 0.1027754 0.1006595 0.1278805 0.216026 0.1615223 0.09145795 0.2486866 0.2078486 0.4847065 1 111.8816 223.7632 322.0795 434.4104 599.9025 696.9099 742.9659 856.7448 928.1907 1060.174 1088.603 34 
0.9999997 0.1090424 0.2428534 0.1208345 0.1847439 0.1600947 0.1824525 0.3353771 2.62721e-09 0.481465 2.200308e-14 1 1 155.9694 311.9388 521.5861 669.6979 811.4707 1024.525 1024.524 1227.805 1227.804 1446.736 1290.769 35 
1 0.1522853 0.2333295 0.0876942 0.1588232 0.1088058 0.2797919 0.1297302 0.2221723 0.2811433 0.6421971 1 0.9999927 91.97659 183.9532 335.9242 423.5004 624.1978 691.218 791.1048 889.422 1050.863 1140.81 1048.833 36 
0.9999998 0.1269755 0.2044915 0.1291826 0.0592718 0.1545075 0.1936046 0.1051248 0.1439462 0.2574825 0.1853564 0.2729528 0.9999999 173.3395 346.6789 415.9366 585.7742 765.7068 844.4923 941.0316 1088.858 1167.875 1262.666 1341.817 37 
0.9999993 0.1078591 0.306873 0.1145035 0.1432658 0.192916 0.1669659 0.1719774 0.1847302 0.5057954 0.9999717 0.9999703 0.9999892 148.3979 296.7957 461.2093 650.8841 783.3753 897.0576 998.1692 1223.874 1444.4 1444.405 1296.012 38 
0.9999998 0.2366642 0.177618 0.08027134 0.1644048 0.0838511 0.1566804 0.1606349 0.3469614 0.09559678 0.357314 1 0.9999999 71.87233 143.7446 279.1311 336.8297 435.6025 521.0018 675.8289 703.6867 797.8575 967.2388 895.3673 39 
0.9999997 0.1850313 0.1917668 0.09585819 0.1079765 0.1261714 0.1701241 0.09196994 0.2698882 0.1357329 0.3835252 1 1 97.32459 194.6492 293.7686 397.0844 518.8145 573.4268 718.949 772.3831 902.8728 1112.621 1015.298 40 
1 0.2368995 0.1759888 0.07514563 0.09034169 0.1624878 0.1087749 0.1515734 0.2461537 0.093611 0.5242516 0.3676978 1 67.57757 135.1551 210.2933 333.2271 402.1511 487.7468 605.6837 639.4943 811.1192 868.3868 899.2881 41 
0.9999938 0.1438488 0.2172512 0.1477299 0.1043874 0.1454404 0.1972646 0.2576362 0.04428482 0.2921907 0.5802947 0.9999731 0.999957 166.9139 333.8267 434.3439 559.7727 705.1521 857.5682 877.0123 999.6514 1172.049 1296.731 1129.858 42 
0.9999994 0.1710086 0.2460638 0.150393 0.1187865 0.08244356 0.2556084 0.1050174 0.2268728 0.2147014 0.443893 1 1 152.1081 304.216 406.2886 468.7166 646.3117 700.6263 805.6418 882.4763 1007.225 1163.509 1011.404 43 
0.9999993 0.2924511 0.1383326 0.08094757 0.04893832 0.209688 0.07738441 0.2946987 0.1352812 0.4313029 0.4936477 1 0.9998684 65.00719 130.0143 166.1342 313.3247 356.2542 507.0897 555.9251 690.5597 778.1935 868.0825 803.0777 44 
0.9999957 0.1923986 0.2096636 0.09362638 0.1174292 0.1413261 0.2015852 0.1506907 0.3514793 0.06751528 0.192698 0.9999988 0.9999991 93.60391 187.2074 293.6158 406.6396 545.0708 627.6905 791.36 811.7459 866.0072 1093.344 999.7599 45 
0.9999986 0.272764 0.1562693 0.09800769 0.0768761 0.04607471 0.2092234 0.1437215 0.1368886 0.3396355 0.3917765 1 1 84.37158 168.743 228.4367 261.4628 404.5242 482.2357 545.6146 681.3395 784.7267 945.2333 860.8669 46 
0.9999989 0.178609 0.1707963 0.1449751 0.1118986 0.1282824 0.1225931 0.2142793 0.1353044 0.4092307 6.390975e-08 1 1 151.2496 302.499 402.3156 503.9421 588.6027 718.4392 782.8552 951.3228 951.3218 1194.523 1043.28 47 
0.9999996 0.1781527 0.2041612 0.1375039 0.1081162 0.04089514 0.2564111 0.1358927 3.689614e-06 0.415976 0.2667433 0.254997 1 146.0088 292.0176 391.035 424.439 625.3169 704.48 704.4816 913.8746 992.2928 1047.261 1061.852 48 
0.9999995 0.1728404 0.1841606 0.1105761 0.09607374 0.1618164 0.1857979 0.07112281 0.2426444 0.2785354 0.5093762 1 0.9999987 115.7713 231.5426 321.0074 457.2157 588.303 629.1593 758.6326 871.1941 1019.707 1162.752 1046.983 49 
1 0.1722797 0.2160808 0.09651516 0.1074153 0.1175842 0.126222 0.1405932 0.1656383 0.3191955 0.2142236 0.4671869 1 104.5329 209.0658 314.1758 416.8773 514.1601 608.8419 704.7072 858.846 929.274 1049.963 1083.072 50 
1 0.2574675 0.1287568 0.08639918 0.1425726 0.03079669 0.2107678 0.1369315 0.1128355 0.2398984 0.3938666 0.4525257 1 77.72176 155.4435 272.616 294.3175 438.2657 512.0747 564.5673 663.5783 787.1379 873.1856 899.5659 51 
1 0.2284239 0.1401545 0.09621463 0.06487597 0.1714399 0.1199579 0.1093363 0.1330023 0.4659039 0.2732367 0.460295 1 91.98171 183.9634 240.0178 378.536 458.842 523.257 593.0473 805.0056 871.3971 952.6806 956.0055 52 
0.9999992 0.2685329 0.1574402 0.09826144 0.07721275 0.1448483 0.0403566 0.1851058 0.1360432 0.3522818 1.319668e-08 0.4788917 1 93.14685 186.2936 252.2951 366.5514 393.7734 513.5961 585.3583 745.9054 745.9048 887.2675 947.9492 53 
0.9999999 0.1846893 0.1677672 0.07233933 0.212344 0.06470057 0.2075983 0.1298187 0.1514064 0.222695 0.6935941 1 0.999999 70.42612 140.8522 332.6256 378.6505 516.7714 585.2127 654.6727 741.3691 951.2569 1043.978 973.5522 54 
0.9999963 0.1304562 0.2447989 0.1209941 0.2320569 0.1195134 0.2802545 0.2286492 6.411134e-05 0.8550828 0.9999449 0.9999118 0.9946814 138.0441 276.0878 508.8103 600.8516 790.8916 902.484 902.5048 1224.392 1278.938 1278.936 1140.917 55 
0.9999506 0.1819268 0.1961236 0.0928603 0.110228 0.07597172 0.2470451 1.484576e-05 0.276576 0.05484836 0.4166987 0.1609763 0.9999999 104.4847 208.9643 321.4634 390.4441 597.7428 597.7227 772.4515 797.4849 977.4735 1017.992 1125.182 56 
0.9999976 0.2290783 0.1687762 0.08779758 0.102253 0.1046046 0.2384345 0.1119078 0.1978875 0.174874 0.5915606 1 1 78.61948 157.2388 240.7631 317.4711 474.0289 529.9874 617.8664 680.1571 854.0268 974.0731 895.463 57 
1 0.153784 0.2294621 0.1125027 0.2286668 0.0751864 0.1893196 0.05806688 0.09934735 0.0695268 0.4410552 0.4546918 1 130.1059 260.2119 494.9072 554.4299 693.0395 727.5043 783.0465 818.0553 1024.699 1143.772 1156.47 58 
0.9999987 0.3373983 0.1200152 0.06972289 0.08899365 0.08426019 0.05472674 0.167133 0.2924521 0.1240074 0.2943922 0.4436254 1 59.31193 118.6238 189.0505 249.7969 285.927 390.2285 542.2338 587.8378 682.6763 783.5175 850.6809 59 
0.9999992 0.1502769 0.210039 0.1529634 0.09659077 0.1030972 0.2634107 6.866439e-06 0.2888071 0.443783 0.250772 0.9999998 0.9999999 173.0929 346.1857 438.7681 528.0419 732.6187 732.6221 897.8383 1078.39 1135.138 1304.685 1131.597 60 
0.4357655 0.2891927 0.3116748 0.05037414 0.05208795 0.08953153 0.1079028 0.1330455 0.1694639 0.1874271 0.268034 0.4320987 1 82.99199 119.157 133.4172 190.9163 228.8904 260.003 290.2704 289.0498 314.8585 360.1081 1647.512 61 
0.9999999 0.1783298 0.1911917 0.1384441 0.09292133 0.1859605 0.163704 0.2240037 2.766686e-08 0.5364602 5.68715e-14 1 1 140.2616 280.5232 361.6311 508.8669 614.3778 735.1183 735.1183 959.5041 959.504 1153.389 1013.128 62 
1 0.1806229 0.2180862 0.1229025 0.1712807 0.1392247 7.257899e-11 0.2764692 0.128578 0.2467055 0.5372773 1.60271e-06 1 132.9311 265.8623 428.3506 537.8062 537.8062 724.8993 787.855 893.1179 1065.805 1065.805 1081.598 63 
0.9999995 0.1991635 0.1853329 0.09172197 0.1828156 0.03679562 0.1893376 0.1771902 0.2109397 0.4053988 0.3399438 1 0.9999959 90.42344 180.8468 344.5434 371.4674 504.9121 606.1502 705.3159 855.6979 930.6779 1076.264 985.8427 64 
0.9999997 0.145833 0.2775252 0.09872712 0.1734583 0.09681433 0.1610836 0.1985866 0.199536 0.2786888 0.4307003 1 1 109.7581 219.5162 393.3169 473.4958 593.9853 718.5992 818.9438 931.1286 1056.187 1221.489 1111.732 65 
0.8386743 0.1424496 0.3095994 0.09493484 0.09143608 0.1460326 0.08530524 0.165278 0.2930366 0.2133908 0.3997616 0.9999692 0.9963606 154.4577 283.9973 372.8235 508.0525 523.5528 611.8139 768.7358 776.3175 845.0033 999.8513 1626.986 66 
1 0.147521 0.2468309 0.112159 0.1209055 0.1204766 0.1507395 0.03800909 0.241969 0.2250903 0.4820821 1.14947e-10 1 142.4075 284.815 421.1099 540.501 671.8854 700.0203 872.3215 993.8204 1195.466 1195.466 1269.693 67 
1 0.2480905 0.1481347 0.118801 0.05418911 0.1668955 0.1720772 0.2407305 1.047606e-14 0.270297 0.5361501 4.958061e-18 1 104.8599 209.7198 251.8676 374.6433 480.1039 602.2524 602.2524 706.3868 857.1118 857.1118 882.6516 68 
0.9999998 0.2704187 0.1277392 0.06725462 0.06005772 0.1858366 0.149648 0.2362717 0.2579464 0.1229909 0.463733 1 1 59.20109 118.4022 167.7127 311.1305 405.1578 531.3969 636.6537 673.8952 797.0434 939.4536 880.2532 69 
1 0.1848502 0.2000914 0.07900897 0.09592436 0.07819224 0.2240897 0.08367634 0.2132241 0.3695652 0.1803267 0.5453877 1 81.18674 162.3735 253.1541 320.055 496.7935 547.9998 667.5653 830.6119 880.7676 1005.107 1027.563 70 
0.9999942 0.1743719 0.1763636 0.1096567 0.1815926 0.08293496 0.06187257 0.2219245 0.3410321 0.1302518 0.3222534 0.2302096 0.9999999 114.7514 229.5021 398.6923 461.9294 505.1929 650.7751 824.8433 868.6493 962.9176 1008.556 1046.461 71 
0.9999999 0.1887169 0.1790812 0.09726684 0.1507588 0.04624373 0.2362185 0.1250726 0.06111106 0.328718 7.626435e-05 0.5824487 0.9999993 100.7295 201.4591 342.399 379.1133 557.9817 630.3172 661.2401 817.4104 817.4347 1003.174 1035.6 72 
0.9999999 0.2472047 0.1691548 0.0945118 0.1301819 0.1050386 0.09806696 0.08567835 0.2234059 0.2672661 0.3032191 1 1 84.99706 169.9941 276.0052 350.4061 412.5725 461.5592 578.348 686.8517 777.0511 984.3243 899.3276 73 
0.9999997 0.200751 0.2009665 0.07878464 0.1254833 0.1618747 0.1745267 0.04568949 0.2986333 0.2824035 0.2169254 0.9999999 0.9999997 74.75985 149.5197 259.2114 382.9584 494.7802 518.945 669.6736 769.6441 824.7493 1023.673 948.914 74 
1 0.3272211 0.09870953 0.07013463 0.1080382 0.04490622 0.1169895 0.2288089 0.1792803 0.2461104 0.3078276 0.4659015 1 58.10083 116.2017 199.4254 230.2802 307.0533 439.6403 519.7569 610.021 695.1348 784.3012 828.4185 75 
0.4052108 0.3723405 0.3039027 0.03840189 0.0836916 0.09162586 0.08699906 0.1242407 0.2152451 0.2327345 0.2486038 0.4571998 1 53.71578 75.48199 143.1566 170.9369 166.6666 194.5294 271.5063 273.5106 244.8257 284.3715 1398.779 76 
0.9999444 0.2842741 0.1461724 0.104019 0.0630892 0.1774527 0.03856584 0.1031764 0.1594469 0.2709163 0.2642702 0.4821596 1 95.03657 190.0678 241.7027 377.7891 402.0979 464.6555 551.3615 675.1999 763.2577 881.4688 913.646 77 
1 0.2568063 0.173107 0.07395196 0.1238447 0.0697835 0.1658998 0.1686734 0.1389676 0.3616292 0.2661684 0.4598051 1 66.2368 132.4736 235.195 285.9077 398.0564 493.1635 558.3041 704.2599 772.8382 859.7745 895.6734 78 
0.9999996 0.227588 0.1701424 0.1485907 0.1153224 0.1564313 0.1712854 0.1788569 0.1596106 0.251848 0.3490372 1 1 131.896 263.7919 350.9466 455.5356 552.1414 635.7388 696.9975 778.2291 862.4554 1019.54 887.6458 79 
0.9999887 0.1710928 0.2149154 0.1418466 0.1010223 0.05265995 0.2199605 0.2198778 0.02748023 0.3992678 0.4773282 0.9999537 0.999967 146.1851 292.3685 381.7094 423.5728 589.2398 718.4151 731.0021 908.9634 1036.767 1176.705 1030.586 80 
6.709752e-06 2.568862e-29 3.075797e-56 1.51936e-39 5.175733e-23 1.879218e-12 0.9974387 1 1 1 1 1 1 8.553235e-21 8.553292e-21 0.0002913679 10579058 5.615081e+18 1.445639e+16 96998787453 650837.8 4.36696 2.930122e-05 5.6295e+18 81 
0.9999755 0.1745216 0.1900054 0.1135832 0.08643973 0.1699584 0.08916509 0.379414 0.05211158 0.2612783 0.5606302 1 0.9999996 114.6561 229.3094 306.6492 445.5732 506.062 740.5325 760.5007 855.4682 1006.009 1123.98 1009.446 82 
0.9999998 0.2776923 0.12267 0.06003443 0.1409273 0.07107537 0.1597409 0.1522752 0.273336 0.2484251 0.2570143 1 1 50.44327 100.8865 212.1903 260.4143 361.0938 441.7368 564.4496 645.4938 708.5104 890.6814 840.239 83 
0.9999993 0.2197041 0.1803266 0.08691724 0.131967 0.1192015 0.2489023 0.08730883 0.2819153 0.320291 0.1425317 0.9999997 0.9999994 81.9733 163.9465 277.5892 366.6925 530.5694 573.7452 700.9862 804.7935 836.1922 1025.089 943.119 84 
0.9999997 0.1916939 0.2032405 0.08395605 0.1031057 0.1468651 0.1327683 0.1119698 0.4722086 0.280024 0.3458787 0.9999995 0.9999988 78.29213 156.5842 244.6617 357.1849 443.968 507.4392 745.144 819.5418 885.7036 1010.828 932.5371 85 
0.9195355 0.2577547 0.1492363 0.04958245 0.1008309 0.09727177 0.1843436 0.2157084 0.03889904 0.3406829 0.4105785 0.9999971 0.9967591 50.45025 96.84104 186.5575 256.1283 380.2215 487.7364 468.024 594.7838 677.5698 810.6011 1017.502 86 
0.9999973 0.1374482 0.2106908 0.1257129 0.2089276 0.07696485 0.1691703 0.2582018 0.3275579 0.2715544 0.2698415 0.9999972 0.9999972 138.309 276.6176 477.5818 536.1448 654.9616 805.631 947.4186 1026.46 1083.673 1238.489 1100.197 87 
1 0.2872925 0.1262587 0.04124166 0.132805 0.08391489 0.1604984 0.2505831 8.753558e-10 0.3200024 0.3379102 0.3220043 1 34.8281 69.6562 177.1831 236.1026 339.3374 474.647 474.647 604.1422 697.1264 755.7923 844.4883 88 
0.999964 0.1718527 0.190017 0.124009 0.1720543 0.1269691 0.09047415 0.1666219 0.3501753 0.2007784 0.2823155 1.146131e-07 1 133.8956 267.7863 430.5107 529.9241 591.7591 695.3453 876.7827 944.3618 1020.308 1020.271 1079.725 89 
0.9999997 0.1700421 0.2088291 0.06686376 0.1734214 0.120131 0.1012615 0.2924767 0.1280907 0.1690317 0.271652 1 1 70.60243 141.2048 312.079 409.9182 482.4819 670.847 729.2139 796.3704 886.055 1126.516 1055.915 90 
1 0.2216673 0.1789438 0.136774 0.1061533 0.05079623 0.1615595 0.1892062 0.1827921 0.4690396 2.42857e-10 0.1979285 1 130.8931 261.7862 349.4806 386.9893 500.2274 611.418 698.5145 881.1499 881.1499 922.0709 957.0032 91 
0.9999834 0.1561878 0.2063761 0.05574953 0.1863308 0.2307971 0.2013575 0.1808516 0.2603363 0.4338826 0.2781057 0.9999354 0.9994044 57.6515 115.302 297.2456 480.6134 603.6644 691.9258 796.001 924.2997 970.8442 1091.678 1034.116 92 
0.9999967 0.2457259 0.1682845 0.1049886 0.151457 0.01921913 0.1479366 0.2070415 0.2011694 0.3020854 0.2111028 0.99999 0.9999841 89.58361 179.1669 294.8319 307.2853 401.3078 513.4282 599.8128 703.4365 753.974 942.8385 853.2696 93 
0.9999993 0.2117174 0.1739599 0.1065949 0.05934773 0.1674231 0.09699919 0.2973263 0.2560647 2.026609e-13 0.4129827 1 1 99.24266 198.4852 247.8496 378.8444 442.0318 616.9296 722.7706 722.7701 849.7605 1030.266 931.0263 94 
1 0.2498627 0.1708105 0.1069858 0.08484107 0.1622597 0.1236618 0.09094466 0.2410465 0.2071856 0.2919096 0.4458035 1 96.10528 192.2106 260.2696 379.3902 455.444 504.4596 622.5591 699.6002 785.6565 878.7172 898.2995 95 
0.9999994 0.2000011 0.203069 0.09299904 0.1122326 0.1106453 0.2442205 5.208741e-10 0.1633999 0.3627285 1.200784e-06 1 1 95.04933 190.0986 294.1378 385.194 563.9391 563.9388 654.3242 822.1838 822.1837 1117.093 1022.046 96 
0.9999995 0.1924103 0.1589851 0.1162512 0.1130073 0.1155264 0.1034814 0.1852853 0.107835 0.06318054 0.2579946 0.5963019 1 124.7925 249.585 356.7926 454.0047 531.0215 654.6515 713.2716 743.9133 861.1327 1062.164 1073.473 97 
0.9999998 0.248263 0.1976912 0.1131095 0.04696962 0.1228564 0.1032815 0.1457226 0.2043301 0.1739817 0.2833811 1 1 100.7548 201.5096 238.6164 331.1162 399.3244 485.6216 588.9932 659.0266 753.2507 991.5265 890.7726 98 
0.9999885 0.1143601 0.2939931 0.1371264 0.1532583 0.1335549 0.1015471 0.2752208 0.0794905 0.3872477 0.4138955 0.9999002 0.9997914 174.9536 349.9051 518.6235 643.1147 725.1252 924.835 966.6321 1154.103 1276.875 1450.715 1275.856 99 
0.9999963 0.2710651 0.1479328 0.07964591 0.1580759 0.02552904 0.2537329 0.1825527 0.08960876 0.1514006 0.5164399 0.99999 0.9999573 66.4436 132.887 254.2561 270.7578 430.5886 516.4031 550.8355 603.7993 757.1143 900.6663 834.2375 100 
