0.0001544174 0.03169391 0.03579752 0.0232955 0.03390335 0.04099447 0.0505208 0.06551967 0.07734007 0.09519396 0.1456786 2.004871e-09 5.25045e-11 36.9549 44.44421 48.26126 59.42002 61.59771 63.85805 73.38372 75.41409 0.8329628 1.048594 1 
0.0003215805 0.04575797 0.03997197 0.01927258 0.02602486 0.03459696 0.0464854 0.06881335 0.09564503 0.1089323 0.1439191 0.2130929 2.031592e-05 29.31793 36.19704 48.83617 62.19437 84.41317 77.10268 77.31819 78.58544 79.74453 1.921555 2 
0.0001385554 0.03557228 0.03740262 0.02298767 0.03852014 0.04962905 0.057974 0.07517145 0.1003115 0.1179439 0.1795463 1.883587e-05 1.316743e-07 34.33478 53.48934 54.66892 63.06576 71.89952 69.99077 74.64038 86.15281 0.7293216 0.9373793 3 
6.557717e-13 0.0360429 0.03365332 0.01550844 0.02795189 0.03915849 0.0504459 0.06205605 0.07460408 0.1036447 0.1544103 2.867791e-21 4.292298e-22 23.90505 40.63631 51.73178 58.01709 58.70898 66.33431 71.36809 71.34297 4.090888e-05 4.090899e-05 4 
0.003534224 0.03656729 0.03969128 0.02005365 0.0293262 0.03747054 0.04587507 0.05704377 0.07504067 0.08087819 0 0.1470794 3.672053e-16 37.44945 49.07113 58.70225 64.89782 77.59861 85.72168 78.87711 79.63621 97.70097 25.82572 5 
NaN 0.02689954 0.04876198 0.02166624 0.03354603 0.04135939 0.04801825 0.06757753 0.1020621 0.1116035 0.1718126 0.2799208 1.701075e-05 51.43263 67.59382 72.02753 83.67224 119.4571 114.3011 131.9516 138.5697 133.5021 0 6 
2.245301e-06 0.04561263 0.03634627 0.01954344 0.02816007 0.03472812 0.04217687 0.05579042 0.07302717 0.08691814 0.1312708 0.1857912 1.082178e-05 30.12718 42.14213 46.44359 54.15127 66.71682 62.19083 73.12169 71.37289 74.74722 0.01372908 7 
8.019123e-05 0.04162698 0.0320128 0.01803295 0.02474611 0.03559464 0.04429473 0.05686367 0.07828431 0.1059504 0.09817135 NaN 2.838136e-05 25.19656 31.60053 46.69168 47.2723 61.62981 65.2087 58.53069 55.60679 55.60647 0.4518536 8 
9.993247e-23 0.06967925 0.03565837 0.01923539 0.02786637 0.03193781 0.03796642 0.04669297 0.06195598 0.09350413 0.1388842 0.2025118 0 26.07409 41.83825 42.77653 49.30698 54.41567 64.42564 76.48258 66.414 59.31307 7.749677e-14 9 
8.779488e-11 0.05832221 0.0373035 0.01554182 0.02559445 0.03343062 0.03972161 0.0506032 0.06660023 0.08872407 0.1237476 0.1829386 3.604246e-05 22.64547 38.69297 48.77243 49.06734 62.83286 68.51544 71.2203 68.24036 70.47943 5.87419e-05 10 
0.0001273097 0.03110436 0.03611962 0.01411508 0.02691566 0.03728641 0.04709239 0.05756374 0.06280223 0.08388692 0.1382898 1.132449e-15 0 23.69054 41.93461 50.37474 57.88132 56.13235 61.77947 76.49861 81.14381 0.565664 0.7467882 11 
9.879911e-05 0.03372183 0.03643579 0.0170288 0.0330624 0.04404349 0.05334781 0.06765342 0.08074176 0.1035432 0.1842368 1.324086e-10 6.156229e-15 27.80847 51.21281 55.01763 64.28533 66.37094 67.91765 82.72407 79.69042 0.5026333 0.6431453 12 
NaN 0.02708727 0.04353376 0.01806217 0.03358893 0.04527877 0.0582419 0.07750409 0.09207541 0.1382779 0.2020338 0.2436178 NaN 36.76972 63.44878 71.71654 92.39219 92.67009 112.7741 119.9426 117.7632 123.3815 0 13 
0.004940779 0.06385101 0.03300209 0.0138575 0.01953446 0.02680345 0.03277562 0.04167561 0.05194368 0.06679704 0.1035231 0.1158581 2.183849e-08 17.80766 25.18593 34.46711 37.79704 45.54575 42.16579 54.49787 48.08984 52.89742 20.58107 14 
0.2751805 0.07629337 0.072214 0.01323591 0.02007346 0.0161284 0.02353524 0.02530923 0.02977539 0.03824947 0.04999315 0.09150215 0 29.71119 72.87358 85.93795 137.494 171.9116 210.2337 277.5355 319.7844 352.1809 463.3338 15 
5.762693e-05 0.03320126 0.03559403 0.01422552 0.02161852 9.025295e-20 0.03973787 0.05838062 0.06987616 0.09675257 0.1033859 0 0 23.01001 31.71057 31.71057 57.3181 58.90328 66.6491 61.87179 76.2007 0.2398654 NaN 16 
0.001556714 0.05816869 0.03383582 0.01624423 0.0248689 0.03482391 0.04458186 0.05449355 0.06618987 0.08860667 0.1157903 0.1347375 2.04638e-05 23.13404 36.58032 50.43309 58.069 55.83256 62.64754 59.46063 54.53641 63.37773 8.244722 17 
2.004895e-05 0.05896048 0.0347329 0.01834912 0.02407102 0.03101062 0.04126048 0.05050992 0.06089711 0.08274725 0.1068255 0.1692877 1.331028e-05 25.1765 33.27708 41.62634 52.87932 45.70742 60.89581 58.3008 60.82042 61.19659 0.1028068 18 
4.88901e-15 0.0460762 0.04216109 0.01098828 0.02350959 0.03308549 0.04298344 0.05279439 0.06170225 0.082269 0.09917696 0.1295931 0 18.44821 38.67653 50.75266 60.41611 59.3639 70.08204 70.74945 72.97535 87.51721 1.161696e-06 19 
0.0001794435 0.04507034 0.03695378 0.02290527 0.02772191 0.03419287 0.04588015 0.05728485 0.06564204 0.09436222 0.1437973 0.2300301 1.701542e-05 36.77036 38.34088 50.09581 63.78916 58.72164 71.82558 82.46957 83.4645 81.0131 1.195286 20 
NaN 0.04819646 0.0448031 0.01678964 0.02792023 0.03393948 0.04322319 0.05718692 0.07194935 0.08144777 0.112575 0.153712 1.401625e-05 32.45994 52.45435 50.30402 70.73128 76.80919 68.6268 70.94176 65.27 58.9746 0 21 
0.0004081405 0.03422978 0.04008602 0.01902622 0.02903712 0.04174313 0.05417718 0.06189731 0.07216749 0.1061679 0.1194134 NaN 8.233351e-09 34.39944 46.88554 66.88528 69.65986 66.82414 86.71701 92.34441 81.12832 81.14187 2.880617 22 
0.0007884712 0.03500779 0.04022266 0.01816392 0.02926685 0.03642015 0.04176325 0.05680828 0.08128646 0.1150207 0.121169 0.21127 2.221258e-05 30.37862 44.73876 47.1808 53.56764 74.21908 84.32876 77.17309 90.21096 92.26677 4.845185 23 
2.014915e-12 0.05036342 0.03930405 0.01622533 0.02764821 0.0379602 0.04632723 0.05437585 0.07061093 0.09568911 0.1202746 0.2466272 1.508533e-17 25.1565 43.09584 56.61433 56.69172 63.79826 72.68358 66.74671 83.12612 75.73673 2.88696e-05 24 
3.543467e-14 0.03805595 0.03030596 0.01553178 0.02520991 0.03209148 0.04074609 0.05193418 0.06195477 0.08118904 0.09820242 0 0 21.33999 32.08612 35.74759 44.72227 45.51258 49.90593 48.38136 56.48236 2.541765e-06 NaN 25 
0.0007862481 0.05699463 0.03648228 0.01824895 0.0268735 0.03247585 0.03963086 0.0510574 0.06592806 0.08690857 0.1039159 0.1994534 1.335182e-18 27.67046 41.67919 44.23733 53.08192 61.91007 66.09025 59.46385 72.13928 66.75544 4.425139 26 
0.0004522176 0.03547126 0.03636726 0.02298253 0.03054454 0.03707627 0.04968962 0.06586901 0.08566726 0.1183596 0.1757652 2.778335e-15 7.40162e-13 32.84641 34.89672 44.15017 55.67971 61.50421 67.29161 70.36194 68.40746 2.235179 2.826899 27 
0.0001901705 0.02874856 0.03918595 0.02436448 0.03766364 0.05018864 0.06364641 0.07599576 0.1037128 0.1302662 0.1913523 2.470898e-10 0 42.43236 55.87951 68.35492 70.60499 82.33098 84.63648 90.41922 92.18149 1.239943 1.548469 28 
4.945742e-07 0.04209324 0.03978351 0.02172372 0.02755687 0.03531591 0.04653044 0.06016567 0.07708003 0.09594059 0.1311394 0.1899837 2.468674e-05 36.27571 39.14439 53.48344 64.68708 74.06272 75.9576 80.95409 82.68643 89.88999 0.003310658 29 
0.0003186399 0.0491192 0.03226156 0.01489502 0.02199489 0.03074742 0.03938497 0.04772731 0.04733096 NaN 0.0767949 0.1177412 0 23.37125 32.99129 45.58796 52.10269 52.31359 49.88065 49.88396 59.472 69.94016 1.689513 30 
7.886858e-05 0.03063577 0.0375065 0.0203283 0.0312426 0.04142266 0.05462092 0.07116034 0.08849165 0.1028358 0.1450673 3.910661e-06 0 34.494 45.20502 56.59585 67.80722 72.58937 72.35577 78.99272 82.09021 0.4327613 0.5439629 31 
0.0001732297 0.05032718 0.03059833 0.01188875 0.02587372 0.03532867 0.0431465 0.04917622 0.06003057 0.08474707 0.1310163 6.098821e-20 2.045157e-18 15.93803 34.75805 44.50376 44.55061 45.05402 52.2146 60.208 59.46645 0.6030223 0.800278 32 
0.002690973 0.06908066 0.04132986 0.02150528 0.02537324 0.03919912 0.04786392 0.05836574 0.07061333 0.08219018 0.1077243 0.1446261 3.097552e-09 33.55577 40.67006 64.8111 70.90343 71.05728 66.0765 68.05531 68.34921 76.3835 15.9179 33 
0.0001217546 0.02964447 0.03839787 0.0195874 0.03191551 0.04339381 0.05926679 0.08137668 0.09849709 0.1217504 0.154943 2.444906e-11 0 33.76149 48.44343 60.12809 76.87119 78.70609 80.15422 81.65387 85.71391 0.6993336 0.8804577 34 
0.001059697 0.03894007 0.04151121 0.01688991 0.02992471 0.03960305 0.05136496 0.06798458 0.08994033 0.09165235 0.131062 0.1821853 1.783828e-05 30.06009 51.22214 60.1557 75.07996 84.85399 75.68509 86.5501 90.16505 96.91386 7.024073 35 
0.0001928897 0.03144261 0.03752714 0.01628513 0.0308783 0.04221507 0.05750485 0.07979688 0.0962709 0.1260219 0.1616331 4.197961e-09 2.995778e-10 25.68228 45.43138 53.12756 71.39328 72.48888 75.79367 75.65017 83.58557 0.9463572 1.220781 36 
0.0003785642 0.02329324 0.05232925 0.02403213 0.03609127 0.04774707 0.06783798 0.09283471 0.1018694 0.1473632 0.2038454 1.293964e-09 0 58.95508 67.88327 94.78192 117.7993 115.8498 134.2686 142.4121 146.5452 3.242784 4.05607 37 
NaN 0.03174319 0.04169999 0.01539132 0.02632332 0.03643852 0.0473353 0.05945695 0.07320747 0.09620874 0.1300845 0.1907655 NaN 29.9438 46.761 60.07547 71.30677 77.31882 86.55191 93.67292 99.63137 100.716 0 38 
0.0001466317 0.04066439 0.02777503 0.01416455 0.02684523 0.03361579 0.04105013 0.05234301 0.06669434 0.09479001 0.1124437 1.06335e-07 2.056196e-17 18.68325 34.45566 35.4858 43.93305 45.97609 53.01709 49.17678 52.59796 0.5575201 0.7232403 39 
2.274892e-13 0.0365759 0.03320452 0.01625078 0.02736824 0.03586147 0.04503099 0.05710111 0.07017389 0.09367689 0.1150758 0 0 24.31343 37.69904 43.19667 51.69994 54.57827 60.42361 60.43357 63.88069 2.440398e-05 NaN 40 
0.0001035297 0.03172055 0.03479515 0.01743393 0.02833589 0.04338664 0.05823881 0.06822103 0.0694713 1.013222e-06 0.1402019 1.987612e-05 3.422618e-08 26.48157 38.31634 57.96857 59.7124 64.62695 58.80568 58.80576 82.6754 0.4872841 0.6339219 41 
0.0002397809 0.03802263 0.03697373 0.02061725 0.02979322 0.03807977 0.04893103 0.0650586 0.08878396 0.09693525 0.1514721 0 0 33.01042 41.98108 50.57688 60.63471 71.61982 65.33461 75.38382 76.31413 1.240684 NaN 42 
0.0002125235 0.02955281 0.03757396 0.02243734 0.03431076 0.04264434 0.05500998 0.0759514 0.08663994 0.1174616 0.1787088 8.449078e-12 6.994599e-13 36.81439 48.12338 51.54691 69.71604 68.5621 75.23331 82.07119 85.27641 1.225237 1.553705 43 
NaN 0.08842761 0.03362631 0.01506143 0.01676308 0.03188104 0.03294323 0.04303963 0.05177356 0.07439714 0.1060191 0.135692 2.984015e-05 19.00369 22.78302 44.89199 43.69866 54.14723 50.92154 61.56586 48.14255 46.94153 0 44 
9.292991e-06 0.04675186 0.03722552 0.0158795 0.02556651 0.03556027 0.04596328 0.05649555 0.07027564 0.09739017 0.1266802 0.1565846 1.647297e-05 24.89509 39.30379 52.80213 61.35431 61.42728 73.06389 71.75721 68.0609 77.40785 0.05333475 45 
6.245254e-13 0.04781425 0.02903387 0.01644697 0.02259047 0.0267392 0.03614914 0.04663054 0.05766489 0.07588805 0.1089357 0 0 22.01853 27.88884 29.90765 42.5388 45.09504 48.46031 52.28319 52.91601 5.348747e-05 NaN 46 
NaN 0.04739667 0.04277877 0.02150553 0.02899929 0.03709279 0.04639484 0.05891977 0.07588932 0.08777046 0.1312112 0.1544039 0 38.0728 48.43288 59.17335 67.14131 77.83713 73.29464 84.81725 81.23645 89.87582 0 47 
0.1577647 0.09924481 0.07928034 0.00954785 0.01007596 0.01064219 0.01611827 0.01731309 0.02042248 0.02641866 0.03498707 0.04434993 0 24.83499 36.32367 36.72246 63.14538 59.396 70.7502 95.27482 88.17437 115.8925 130.9614 48 
0.0001129103 0.03527264 0.0340986 0.01821951 0.02745211 0.03948451 0.05177473 0.06161678 0.07735963 0.09582803 0.1254166 5.408956e-08 4.675661e-17 28.11649 37.08909 53.31343 55.86751 61.14408 63.36043 65.33267 74.42915 0.5253375 0.6778803 49 
1.864002e-11 0.03439518 0.04072978 0.0178374 0.02985728 0.03939969 0.04906342 0.06153568 0.07740868 0.1045524 0.1667818 0.2437238 5.869694e-14 30.47158 47.24166 55.62416 64.93983 72.47323 79.33708 93.71664 93.92554 91.33669 8.140824e-05 50 
0.01486767 0.06925424 0.03733361 0.01612124 0.02640122 0.02998205 0.03901208 0.04770219 0.05658408 0.06804299 0.08924298 0.130542 1.115809e-05 24.30972 43.21118 41.08862 58.56911 59.75142 61.26426 67.8487 76.87715 87.51339 76.14309 51 
0.005293907 0.06847819 0.03434261 0.01585962 0.01958921 0.03132872 0.03642073 0.04060662 0.04772633 0.0679973 0.1014208 0.1280226 7.385693e-06 22.09022 26.96298 45.36492 42.85392 44.53257 44.93396 62.53998 56.9427 59.69956 24.4348 52 
0.0003432321 0.04661345 0.03526321 0.01795138 0.02415219 0.03260251 0.03969593 0.04850679 0.06393713 0.07332712 0.1125733 0.1223104 4.748563e-10 27.54412 33.71092 45.99441 44.77209 58.22465 54.26969 64.90895 60.5964 70.41527 1.885528 53 
0.0004937434 0.04436887 0.03498319 0.01431845 0.03162468 0.03957867 0.04808141 0.06220516 0.07629509 0.09035042 0.1349015 4.538733e-16 5.325576e-17 20.75274 45.53249 45.4956 57.21797 59.88626 58.08238 63.18889 72.77807 2.013587 2.649249 54 
6.258804e-05 0.03022086 0.0357441 0.01755381 0.03362091 0.04502555 0.05666152 0.07623504 0.0918609 0.1149085 0.2284428 NaN 0 30.20343 54.32189 58.47907 73.87868 75.62151 74.23889 92.86575 89.11902 0.3552364 0.4563754 55 
NaN 0.04053953 0.04152965 0.01679979 0.02693376 0.03420862 0.04955151 0.0680551 0.07076871 0.1089703 0.1101683 0.2081107 6.751558e-06 30.19834 45.42419 51.00686 77.80799 65.07282 85.04789 75.71607 88.89851 85.38241 0 56 
3.706762e-13 0.03994845 0.03321622 0.01585064 0.02541552 0.03234666 0.044893 0.05983993 0.07045913 0.08848909 0.1233812 2.487268e-19 0 23.46324 34.8983 39.46198 56.40449 56.24488 58.01474 61.58998 65.45814 2.747388e-05 2.747407e-05 57 
1.914025e-11 0.04586076 0.0409539 0.01822966 0.03525602 0.04358865 0.05156363 0.06521299 0.06863007 0.08277862 0.1079384 0.1854071 8.349717e-06 29.63842 57.68383 56.76682 68.35426 62.27807 65.06745 67.86725 81.04569 83.77985 3.73291e-06 58 
NaN 0.1058372 0.03134668 0.01386651 0.01887359 0.02170979 0.02492464 0.03123299 0.04374066 0.05466657 0.06577005 0.1004222 1.645512e-05 17.23973 27.23881 29.60242 27.72233 30.27557 33.9748 0 0 0 0 59 
7.945756e-05 0.02500276 0.0396933 0.02172765 0.0338439 0.04249086 0.0544762 0.0746223 0.08196716 0.1117308 0.1422953 5.587387e-12 0 44.21436 56.59362 63.09851 82.41359 80.59289 91.28869 95.25975 104.897 0.5383558 0.6806468 60 
0.2286367 0.06766624 0.0794979 0.0154136 0.01205456 0.01890222 0.01914782 0.02340895 0.02808491 0.03708808 0.04145534 0.05969338 0 40.77416 58.33114 102.743 111.6338 146.964 169.8421 186.9323 239.741 272.6894 327.4315 61 
0.004779291 0.04772498 0.03099506 0.01664267 0.02359444 0.03115596 0.03899592 0.04897517 0.06230102 0.05583394 1.30942e-12 0.1137272 7.671499e-06 25.61572 34.84209 44.39603 49.85704 57.17952 51.70962 52.12576 53.23561 69.50006 26.76719 62 
0.0109399 0.04512568 0.03475151 0.01718879 0.02835054 0.03679563 0.04358378 0.0509118 0.06682783 0.07957073 0.1005711 0.1696649 1.883551e-05 27.31463 45.1064 53.38855 50.13033 64.81875 66.18064 69.00851 82.65798 87.35218 66.08712 63 
0.0008060689 0.04590264 0.03554096 0.01473542 0.02749757 0.03292147 0.03909543 0.05007747 0.06154549 0.07973266 0.1136008 0.150538 1.059418e-11 23.57959 43.89832 40.48793 54.40464 58.62364 62.81063 70.14283 69.31959 73.76744 4.481472 64 
6.215589e-05 0.02783163 0.03945577 0.01724339 0.03210887 0.04292015 0.05178068 0.06636658 0.08046494 0.1197966 0.1454509 1.059328e-09 0 30.11339 51.02917 54.70508 66.33584 68.59628 82.78715 82.18407 94.62849 0.320457 0.4171102 65 
0.1009863 0.02584024 0.05320509 0.02410609 0.02773966 0.04035089 0.04541602 0.05470218 0.09203148 0.1255905 0.1356302 0.0008007685 NaN 54.15145 85.32341 142.5577 158.4713 229.2173 329.3994 339.5364 427.3191 462.3928 579.8131 66 
0.0004233036 0.0297052 0.03964313 0.01834084 0.02902496 0.03963602 0.05237353 0.06599025 0.06854295 0.09283385 0.1365946 0.2565437 1.824514e-05 34.47802 48.40699 62.73834 75.04149 69.30376 81.19439 91.70438 105.8122 104.3407 3.050664 67 
0.2940745 0.1029172 0.06840412 0.01681978 0.01081128 0.02088738 0.02255255 0.02586117 0.03508553 0.034996 0.04162524 0.06705819 0 29.75295 43.84507 89.82563 116.051 150.9489 169.256 222.5075 274.8096 298.8195 367.314 68 
5.381651e-12 0.06506819 0.03402868 0.01268271 0.0173309 0.0295995 0.03616686 0.0444763 0.05617415 0.07428879 0.08451534 0.1390269 2.466947e-21 18.86961 25.80205 46.31163 52.94171 56.26489 61.05864 52.67561 59.54968 63.70303 0.0003055801 69 
0.0003198038 0.03074431 0.03719415 0.01609751 0.02700449 0.036343 0.05071829 0.06974387 0.07787149 0.09525468 0.1829459 4.963921e-10 0 26.65955 39.74493 48.61096 67.25117 66.03539 65.27818 84.67683 80.08326 1.505641 1.939952 70 
9.684044e-05 0.03550713 0.0359204 0.01914687 0.03426616 0.04554456 0.05369502 0.06249314 0.08184585 0.1191156 0.1368159 1.164979e-07 3.905921e-14 30.66855 51.49784 56.52435 57.67981 64.49574 74.9555 71.44612 78.6892 0.494156 0.6297657 71 
3.39393e-05 0.05107078 0.03217238 0.01442953 0.02360295 0.02936509 0.03866035 0.04934424 0.05968637 0.05610732 NaN 0.1015871 0 21.73509 35.13653 38.80406 51.58812 54.08505 51.02684 47.49168 47.49462 64.52708 0.1711258 72 
0.000871333 0.06594112 0.03412649 0.01559898 0.02347776 0.02912843 0.03508939 0.04103845 0.04776212 0.06281447 0.08578214 0.1292922 1.479776e-05 22.05047 34.78827 40.2251 43.88062 41.59673 48.49534 53.65865 56.21293 60.20067 4.077647 73 
0.0001549657 0.03530755 0.03498537 0.01537698 0.02722402 0.0396601 0.05128244 0.05967344 0.07153356 0.1041502 0.1313064 8.916188e-11 1.896114e-15 23.34711 38.31225 52.00146 54.47949 54.35558 66.09141 66.09342 68.50398 0.6712341 0.863061 74 
0.001035569 0.05242103 0.03711536 0.01619182 0.02571097 0.03062282 0.03575446 0.05039391 0.06637009 0.08276047 0.1070142 0.1649407 4.899685e-10 23.40163 37.0828 37.08087 44.55719 61.04001 62.03804 61.90794 65.81501 67.28284 5.236076 75 
0.2097182 0.06943004 0.07271868 0.01179916 0.01721671 0.01672358 0.01913126 0.02274401 0.03260879 0.03829572 0.04365519 0.06173194 0 29.5454 65.22022 78.16492 82.28997 133.1182 171.1046 164.4711 213.0521 244.689 289.2738 76 
NaN 0.04835742 0.03742785 0.02008829 0.02564698 0.03852005 0.04780775 0.05215094 0.06064679 0.08167559 0.1089827 0.1600248 6.774324e-06 30.84762 35.98004 57.0908 54.31941 51.98406 62.09398 65.74503 67.99254 74.69113 0 77 
5.191704e-05 0.04261754 0.02926868 0.01524528 0.02690582 0.0335339 0.0427234 0.05533338 0.06750972 0.0903789 0.1211107 6.667386e-07 4.65056e-13 19.15581 32.56408 33.84478 44.65947 45.52162 49.79004 50.32634 50.59333 0.1883215 0.2427679 78 
0.001196712 0.05929607 0.03359108 0.02086462 0.02686346 0.03341894 0.04211627 0.05200317 0.0654505 0.08819738 0.101531 0.1728756 2.746482e-06 29.32632 39.38743 45.79271 53.73951 55.80277 60.81892 52.8392 61.13633 59.65312 6.848578 79 
1.386894e-05 0.03885161 0.04007064 0.02025896 0.02854398 0.03423402 0.04283399 0.05881665 0.07994482 0.08233322 0.1160256 0.1722865 1.38114e-07 34.28884 42.69934 46.28574 59.79394 74.81377 67.2713 77.02606 83.07666 89.71487 0.08878989 80 
0.0003218669 0.02737455 0.04218983 0.02288912 0.03776974 0.04777912 0.05491252 0.07607933 0.1005662 0.1538708 0.1730133 5.355005e-06 0 42.89931 61.1426 58.54623 77.44112 86.44411 98.66209 94.25137 92.97839 2.117433 2.617431 81 
0.000470936 0.03624062 0.03505147 0.01759273 0.02628383 0.03631818 0.04551142 0.05886382 0.08486944 0.09734956 0.1369002 0.0004196144 0.001118967 26.97054 35.66124 48.54821 48.7486 67.60463 64.15026 66.91121 75.51842 2.123928 2.816922 82 
0.0002137352 0.1208371 0.02733237 0.01113083 0.02213632 0.02132618 0.02673264 0.03352506 0.04080277 0.05128237 0.06736462 0.1041782 2.724443e-05 12.66929 29.36595 30.74175 36.5787 41.69822 42.09357 40.65761 35.57329 40.24794 0.7359843 83 
1.50329e-06 0.04747014 0.03517492 0.01530807 0.02559574 0.03277898 0.04406422 0.05586351 0.06936493 0.09302393 0.1246753 0.1793432 4.047551e-05 23.11497 38.54117 45.44882 59.8323 61.27917 68.16232 68.75592 68.0373 70.58694 0.008419681 84 
0.003740383 0.06733819 0.03285775 0.01260621 0.01888923 0.02542955 0.03259629 0.03895406 0.05229089 0.06920579 0.08716767 0.1308099 2.476494e-05 16.01473 24.47474 32.69188 39.70539 39.44848 52.15881 49.1385 50.91281 52.09729 14.83051 85 
0.001180753 0.05701594 0.02841156 0.01215472 0.02203147 0.0280073 0.04135238 0.05334713 0.06998214 0.07338493 0.1147344 2.843095e-08 4.149163e-08 16.53326 30.30807 35.99064 53.3114 56.9002 45.14233 55.79422 58.75273 4.146989 5.52323 86 
7.540653e-05 0.02897552 0.04010385 0.02021657 0.0369407 0.04954384 0.05871719 0.07547453 0.09800262 0.134428 0.2126523 7.064671e-08 0 35.58915 59.38402 62.78561 73.00719 81.00745 88.58229 95.34671 92.01348 0.450541 0.5659529 87 
0.0007531006 0.05575307 0.03613696 0.01079415 0.02490374 0.03016422 0.0376195 0.049802 0.06427638 0.07143973 0.09848879 0.1400327 1.969416e-12 15.35559 35.89304 37.94955 47.74641 57.06158 51.70795 57.52302 59.68178 61.31059 3.337845 88 
NaN 0.0493171 0.03767658 0.01873446 0.02967553 0.0383236 0.0460119 0.05371 0.07249184 0.1047265 0.1185376 0.2045238 2.097824e-05 29.23062 46.77299 55.46616 56.12435 60.77838 75.40914 66.28517 73.77458 70.42253 0 89 
3.715932e-06 0.05309196 0.03874016 0.01240948 0.02683574 0.03250174 0.03846299 0.05269764 0.06883984 0.08278773 0.1082759 0.1611728 2.420118e-05 19.68213 43.42707 46.33918 52.64361 70.31548 68.35066 70.01772 71.01275 80.70892 0.01924773 90 
0.01184326 0.04512806 0.03874827 0.02060091 0.02826088 0.0333951 0.03938377 0.0510623 0.06491304 0.08074951 0.1150024 0.1534659 1.498864e-10 35.51271 46.03816 46.37963 58.71565 70.186 74.26093 86.89818 92.03036 101.2124 77.92955 91 
0.0004834821 0.03198135 0.03897138 0.01316054 0.0306591 0.04753954 0.06431398 0.0809687 0.1025972 0.1319857 0.2672689 NaN 0.0001308433 21.27451 47.8406 67.338 74.32006 78.84167 77.98274 94.33834 88.44264 2.420965 3.130215 92 
6.72803e-05 0.0424801 0.02876971 0.01657365 0.02867223 0.03483374 0.0385809 0.04950504 0.06279374 0.07919997 0.1052264 1.276452e-11 0 22.127 36.92358 33.67429 40.83703 45.88501 47.92835 49.4522 52.76583 0.2620519 0.3377098 93 
0.000593871 0.07603324 0.0324953 0.01503455 0.01796147 0.02534937 0.03029983 0.04187652 0.05291532 0.07026905 0.07504328 0.1198757 1.956883e-18 20.05776 24.59856 35.80193 38.96503 52.02119 53.85646 44.21361 48.03983 53.96441 2.580565 94 
0.001199316 0.0474096 0.03470122 0.01799034 0.02493401 0.03529308 0.04470298 0.05290424 0.06215596 0.08526 0.1000695 0.1577703 1.622175e-05 26.41455 34.55804 49.04999 52.99428 50.21914 60.6145 57.62221 64.06095 66.70795 6.63236 95 
0.0001685507 0.03508142 0.03636958 0.01784312 0.02919008 0.03815272 0.05288484 0.07434519 0.07186679 0.08891588 0.1501077 NaN NaN 28.08947 41.60436 47.88575 67.12242 58.36112 59.20813 73.6044 72.55013 0.798282 1.018286 96 
0.0003978007 0.03318981 0.03945108 0.02192066 0.0356564 0.04782715 0.05907673 0.07058922 0.09361196 0.1136153 0.1166942 NaN 4.921651e-07 37.74929 54.93581 64.22176 66.64158 76.17475 75.98618 71.47058 86.5492 2.289859 2.890526 97 
9.020417e-14 0.0446614 0.03031155 0.01783962 0.02306051 0.02927981 0.03703324 0.04579555 0.05753317 0.07119677 0.08754347 0 0 22.23597 24.35055 32.0342 35.92553 40.43153 42.29067 42.64806 45.81203 8.936719e-06 NaN 98 
9.951023e-07 0.02632103 0.0415888 0.01955749 0.03246968 0.0438328 0.0533818 0.06325389 0.08691708 0.1032071 0.1540064 0.1918046 5.621178e-06 36.60615 53.57243 65.24026 66.28784 84.55957 86.64473 99.96409 101.2064 113.124 0.007186224 99 
0.000649823 0.07346566 0.029551 0.01283833 0.02242856 0.02448032 0.03633149 0.04204749 0.04817986 0.05953342 0.0728954 0.1181562 1.210804e-05 16.47522 31.11358 28.6159 46.46995 42.66584 43.10572 39.71633 45.39478 48.28724 2.717436 100 
