1076 76 0 3 4 6 9 9 7 8 15 15 0 4 4 6 9 10 7 8 15 15 20 45 54 60 85 97 74 76 101 110 20 64 117 176 258 350 422 496 596 697 
1070 70 0 1 5 2 6 6 8 10 15 17 0 1 5 2 6 7 8 10 16 17 14 36 64 58 83 84 90 103 104 102 14 50 112 165 242 324 409 506 607 706 
1062 62 0 0 6 6 2 7 11 11 8 11 0 0 6 7 2 7 11 11 9 11 14 40 61 63 77 77 96 93 91 114 14 54 114 173 249 324 415 506 593 704 
1084 84 0 3 6 9 13 15 10 11 12 5 0 3 6 9 13 15 14 13 13 7 18 54 54 71 83 87 94 83 108 96 18 71 125 195 277 358 442 521 627 721 
1062 62 0 0 3 5 8 11 9 10 5 11 0 0 3 5 8 11 11 12 5 11 22 50 57 66 90 98 96 79 84 96 22 70 126 191 276 371 464 539 622 714 
1055 55 0 2 2 1 9 2 9 12 9 9 0 2 2 2 9 2 9 12 9 10 22 34 56 63 90 62 98 99 91 96 22 55 111 170 258 318 415 509 597 689 
1063 63 0 2 9 6 7 7 4 8 11 9 0 2 9 7 7 7 5 10 11 9 24 46 49 73 80 81 105 88 109 91 24 69 114 187 262 340 439 524 628 719 
1057 57 0 0 1 7 4 5 9 7 12 12 0 1 1 7 4 5 9 7 12 13 14 36 52 56 81 81 82 97 112 96 14 49 99 154 232 309 389 485 592 684 
1069 69 0 1 2 2 5 10 10 13 9 17 0 1 3 2 5 10 11 13 10 17 20 33 53 58 99 89 92 93 93 113 20 52 104 159 257 342 428 519 609 719 
1064 64 0 0 0 3 5 11 8 9 12 16 0 0 0 3 5 11 8 10 12 18 25 35 55 54 74 96 97 93 98 91 25 58 112 165 236 329 421 511 606 696 
1064 64 0 1 3 6 6 8 11 8 13 8 0 1 3 7 7 9 12 10 13 9 19 34 57 65 67 90 92 87 101 110 19 53 109 170 235 320 408 492 591 700 
1076 76 0 2 4 10 8 11 4 10 8 19 0 2 4 10 9 11 5 10 8 19 21 31 66 79 75 76 85 108 100 113 21 50 116 194 268 342 422 528 626 737 
1082 82 0 0 3 3 10 9 15 17 11 14 0 0 3 3 10 9 16 17 11 15 19 39 50 66 82 89 102 101 106 112 19 57 107 172 251 333 432 530 632 740 
1059 59 0 2 0 5 11 8 5 9 9 10 0 3 0 5 11 8 5 9 11 11 18 47 61 65 77 101 85 99 104 104 18 65 123 187 262 361 443 539 636 734 
1048 48 0 5 2 3 1 7 7 4 11 8 0 5 2 3 1 7 7 5 11 9 21 28 48 55 76 77 87 92 95 113 21 48 95 149 224 296 381 471 561 671 
1067 67 0 2 3 2 7 6 14 14 9 10 0 2 3 4 7 6 14 14 9 10 13 47 50 82 77 101 98 84 84 101 13 60 107 187 263 360 456 539 619 716 
1080 80 0 0 5 6 8 10 9 17 9 16 0 0 6 6 8 11 10 17 10 16 13 37 49 71 71 89 92 93 122 106 13 50 99 169 235 319 409 501 619 717 
1074 74 0 1 3 5 7 15 8 9 14 12 0 1 3 5 7 17 8 9 14 12 20 43 43 69 76 105 89 88 95 99 20 63 103 169 240 342 428 515 610 705 
1070 70 0 0 2 3 8 8 10 10 14 15 0 0 2 4 8 8 10 10 15 17 14 32 50 68 88 84 94 100 111 122 14 46 95 160 246 328 417 512 621 738 
1072 72 0 2 2 4 4 10 8 12 14 16 0 2 2 4 4 10 8 13 15 16 25 33 47 68 68 103 90 89 99 113 25 58 101 168 236 336 421 506 602 712 
1069 69 0 1 4 9 5 8 12 8 14 8 0 1 4 9 5 8 12 11 15 10 15 40 49 78 88 75 97 107 119 93 15 55 100 176 262 333 428 529 644 731 
1069 69 0 0 3 8 1 9 12 11 7 18 0 0 3 10 2 9 12 11 8 19 12 42 50 74 74 76 101 92 109 107 12 53 102 171 239 311 410 498 602 702 
1081 81 0 0 2 3 10 8 15 15 12 16 0 0 2 5 10 9 15 15 13 18 18 34 55 71 77 89 94 90 111 120 18 50 104 171 245 328 420 508 612 725 
1067 67 0 1 3 4 5 9 4 13 17 11 1 1 3 4 6 9 5 13 17 12 26 42 59 57 87 74 75 100 107 99 26 67 124 180 266 340 412 509 611 705 
1088 88 0 2 6 10 9 8 15 12 11 15 0 2 7 10 10 11 15 14 11 15 18 47 60 69 87 74 85 114 111 106 18 63 120 188 272 340 424 531 641 743 
1071 71 0 1 1 5 7 9 14 8 11 15 0 2 1 5 7 9 14 8 11 15 16 39 48 57 70 91 95 105 98 104 16 55 102 156 223 311 403 506 601 700 
1076 76 0 0 2 7 8 13 7 17 10 12 0 0 2 7 8 13 8 18 11 12 25 41 48 56 90 90 103 96 97 114 25 66 114 170 257 343 445 536 631 742 
1078 78 0 1 4 6 9 4 10 12 15 17 0 1 5 7 9 4 11 13 16 17 24 33 59 66 70 86 101 94 104 111 24 55 112 174 240 322 417 504 605 712 
1065 65 0 0 5 3 7 6 8 11 9 16 0 0 5 3 8 7 8 11 10 16 16 38 42 62 95 88 88 89 102 105 16 52 94 154 247 331 415 504 604 704 
1064 64 0 0 3 2 5 6 10 12 10 16 0 0 3 2 5 6 12 12 10 16 17 42 40 59 88 74 81 89 110 128 17 59 98 155 240 309 388 477 585 712 
1049 49 0 2 2 3 2 5 7 6 11 11 0 2 2 3 3 5 7 6 11 12 27 33 47 56 59 85 69 94 110 112 27 57 104 159 215 297 365 456 562 668 
1071 71 0 0 3 4 9 7 8 10 11 19 0 0 3 4 10 7 9 11 11 19 20 37 65 62 78 87 98 121 97 100 20 57 122 181 255 337 430 547 638 737 
1059 59 0 2 3 4 9 5 6 12 9 9 0 2 3 4 9 5 6 12 10 11 15 33 57 82 79 81 84 89 85 129 15 48 105 185 263 342 423 511 595 720 
1075 75 0 2 7 4 4 13 8 12 14 11 0 2 7 4 4 13 9 12 15 12 21 38 59 73 75 84 78 104 104 115 21 58 116 188 262 343 419 522 619 733 
1075 75 0 2 2 8 9 6 7 12 10 19 0 2 2 8 9 7 8 14 10 19 23 37 58 64 75 78 89 108 113 108 23 59 113 177 252 326 412 516 622 727 
1095 95 0 2 1 1 2 17 13 17 21 21 0 2 1 2 3 17 13 17 23 21 12 33 65 59 84 85 108 96 122 125 12 45 109 166 245 329 430 519 635 756 
1068 68 0 0 3 4 10 8 12 13 5 13 0 0 3 4 10 8 13 13 7 14 22 31 64 58 76 74 88 102 99 117 22 51 113 171 245 317 401 500 593 708 
1062 62 0 2 3 5 9 4 15 10 8 6 0 2 3 5 9 4 15 10 9 7 26 37 56 60 86 94 105 96 89 90 26 63 119 178 262 352 453 546 632 722 
1057 57 0 1 4 3 5 8 12 5 11 8 0 1 4 5 5 10 12 5 11 8 19 33 56 68 84 85 96 99 93 90 19 51 107 170 250 333 428 524 616 703 
1074 74 0 3 3 7 6 11 11 7 14 12 0 3 3 8 6 11 11 8 14 12 24 40 45 68 77 92 94 88 101 113 24 64 107 172 246 335 427 510 608 718 
1067 67 0 0 6 2 11 8 9 7 12 12 0 0 6 2 11 8 11 8 12 12 17 42 68 62 79 78 85 96 101 103 17 59 125 187 265 342 421 514 611 712 
1080 80 0 1 4 7 7 12 16 11 10 12 0 1 4 7 7 12 16 11 11 13 24 36 51 67 79 90 104 102 93 98 24 59 110 175 251 340 441 540 628 724 
1053 53 0 1 2 3 5 9 7 9 6 11 0 1 2 3 5 9 7 9 6 13 16 42 48 70 79 83 89 82 92 115 16 58 106 174 250 330 418 500 585 694 
1082 82 0 0 5 8 15 9 7 8 14 16 0 0 5 8 15 9 7 8 15 16 14 34 57 65 81 83 81 101 114 118 14 48 104 168 244 323 401 499 610 725 
1075 75 0 0 7 7 9 8 11 5 14 14 0 0 7 7 10 8 11 6 14 15 14 44 51 72 98 78 92 82 98 111 14 57 105 175 271 345 435 515 612 720 
1063 63 0 1 1 4 11 7 12 7 8 12 0 1 2 4 11 8 12 7 8 12 18 41 51 65 82 90 78 76 106 110 18 58 109 171 252 339 415 488 592 696 
1075 75 0 2 4 6 6 7 5 18 14 13 0 2 4 7 7 8 5 18 14 13 16 36 54 71 84 90 87 110 109 90 16 51 103 170 252 340 425 535 639 727 
1071 71 0 3 3 3 10 8 10 9 6 19 0 3 4 3 10 8 10 9 7 19 21 38 53 62 76 76 89 89 98 125 21 59 111 171 247 321 408 493 587 707 
1079 79 0 4 1 3 8 11 10 14 10 18 0 4 3 3 8 11 10 14 11 18 18 45 56 68 87 94 88 99 102 112 18 63 116 181 265 356 442 538 637 745 
1081 81 0 5 2 5 9 10 19 8 16 7 0 5 3 5 9 10 20 8 16 8 18 33 53 77 73 104 91 95 109 101 18 49 101 175 246 347 435 528 635 733 
1063 63 0 2 0 4 2 6 9 13 16 11 0 2 0 4 2 6 10 13 16 11 14 37 44 68 84 64 107 111 92 106 14 51 92 157 240 301 403 510 599 701 
1076 76 0 4 5 10 9 6 13 10 10 9 0 4 5 10 9 6 13 10 10 10 28 32 51 61 86 77 96 106 89 95 28 58 109 170 253 326 422 524 610 701 
1073 73 0 0 1 3 9 12 16 11 10 11 0 0 1 3 9 13 17 11 12 11 20 43 46 69 80 96 98 91 92 101 20 62 108 175 253 346 441 529 617 714 
1059 59 0 0 4 9 5 8 6 10 10 7 0 0 4 10 7 8 6 10 10 7 25 34 52 73 89 77 95 99 100 106 25 59 109 180 267 339 432 526 619 720 
1059 59 0 1 1 2 4 7 7 13 11 13 0 1 1 2 4 7 7 14 13 14 18 28 38 59 70 83 83 100 113 110 18 46 83 141 210 291 373 466 574 680 
1081 81 0 3 3 7 13 10 10 8 14 13 0 3 3 7 13 11 10 9 15 13 22 49 61 59 94 85 89 100 100 113 22 70 130 187 280 361 445 543 638 746 
1084 84 0 0 4 9 7 16 7 18 9 14 0 0 4 9 7 17 7 18 10 14 20 44 63 70 67 75 92 108 100 106 20 63 123 192 257 330 420 525 620 722 
1064 64 0 0 5 3 7 8 9 8 15 9 0 0 5 3 8 8 9 8 15 10 13 45 48 65 83 90 98 89 87 108 13 58 106 168 248 338 432 518 603 707 
1063 63 0 1 3 4 0 12 10 10 10 13 0 1 3 4 0 12 10 10 12 13 28 46 55 60 73 78 82 102 110 117 28 72 124 180 249 323 403 500 607 721 
1070 70 0 1 4 5 6 12 11 10 10 11 0 1 4 5 6 14 11 12 10 12 25 38 55 60 77 94 96 90 120 105 25 62 116 173 249 342 437 521 639 736 
1068 68 0 1 2 5 9 11 8 13 11 8 0 1 2 5 10 11 8 15 12 9 23 42 54 74 79 90 95 102 97 111 23 65 117 189 262 349 440 537 630 730 
1062 62 0 2 3 5 4 3 8 12 12 13 0 2 3 5 4 3 8 12 13 13 14 37 57 74 72 81 96 103 122 104 14 51 107 178 249 328 416 515 635 733 
1084 84 0 0 5 1 9 12 9 13 19 16 0 0 5 1 9 12 10 13 19 18 22 36 68 65 79 87 86 91 87 105 22 58 123 188 266 352 436 525 611 709 
1068 68 0 2 4 4 5 10 14 12 8 9 0 2 4 4 5 10 15 12 8 10 26 44 57 59 82 90 102 91 92 115 26 69 124 182 263 349 448 535 624 732 
1070 70 0 0 6 4 8 10 11 9 7 15 0 1 6 5 8 10 11 9 8 15 18 38 69 51 80 82 90 92 92 122 18 54 122 170 250 324 411 502 588 708 
1054 54 0 2 3 3 2 6 8 15 6 9 0 2 3 3 2 6 8 15 7 9 15 28 58 68 59 76 91 99 93 111 15 43 100 168 227 299 390 489 579 686 
1075 75 0 2 6 4 7 11 12 11 13 9 0 2 6 5 7 11 13 12 14 11 18 45 60 75 78 70 98 100 106 99 18 62 122 195 267 336 431 527 629 723 
1071 71 0 2 6 7 5 5 14 8 17 7 0 2 7 8 5 5 14 10 18 7 18 42 54 71 69 99 86 94 114 112 18 60 112 181 250 343 428 518 629 737 
1085 85 0 1 5 10 6 5 15 8 20 15 0 1 5 10 6 5 15 9 20 16 18 29 50 72 81 83 92 91 108 108 18 47 96 168 245 328 413 501 606 710 
1073 73 0 4 1 2 7 10 13 11 13 12 0 4 1 3 7 10 13 11 14 14 20 47 45 63 78 81 92 94 118 119 20 67 108 168 241 318 408 501 613 720 
1068 68 0 1 2 7 6 10 5 4 18 15 0 1 2 7 7 10 5 4 19 15 14 26 50 61 67 68 89 101 99 120 14 40 89 149 215 281 366 465 561 674 
1086 86 0 3 2 4 6 4 19 15 13 20 0 4 2 4 6 4 19 17 13 20 21 37 52 63 80 72 109 110 100 117 21 58 108 165 244 315 422 526 623 735 
1060 60 0 1 3 8 2 10 9 10 11 6 0 1 3 8 2 10 10 10 12 8 17 39 56 60 67 73 87 105 114 100 17 55 110 170 237 305 390 493 599 692 
1060 60 0 1 3 3 5 6 8 12 11 11 0 1 3 3 6 6 9 12 13 11 18 27 55 65 67 81 100 90 98 103 18 44 97 162 227 306 405 492 587 689 
1080 80 0 2 3 10 5 9 15 10 13 13 0 3 3 10 5 9 15 10 13 13 31 34 54 74 75 70 104 98 93 101 31 64 116 189 259 327 426 520 610 709 
1065 65 0 3 5 5 7 10 8 11 10 6 0 3 5 5 7 11 8 12 12 8 26 36 64 66 83 85 82 93 106 84 26 61 122 187 269 348 424 513 614 694 
1071 71 0 1 3 5 4 11 17 11 9 10 0 1 3 5 5 11 17 11 10 10 17 33 48 56 76 89 94 95 96 119 17 50 98 153 228 316 408 500 592 709 
1073 73 0 3 2 4 5 10 8 11 16 14 0 3 3 4 5 10 8 12 16 14 19 44 60 59 73 92 89 90 85 108 19 63 120 178 247 336 420 507 588 693 
1084 84 0 3 5 6 7 10 15 14 14 10 0 3 6 7 7 10 15 14 15 11 25 29 55 70 69 88 91 117 100 110 25 54 108 171 239 325 414 525 619 726 
1051 51 0 1 2 3 6 7 10 7 9 6 0 2 2 3 6 7 11 7 9 6 19 43 48 62 68 74 94 84 88 120 19 62 108 167 235 308 399 479 563 679 
1074 74 0 1 4 2 6 8 8 11 14 20 0 1 4 2 7 10 8 12 15 21 23 38 51 61 81 79 78 108 106 115 23 59 107 165 244 321 396 498 599 706 
1076 76 0 0 3 7 8 8 12 12 11 15 0 0 3 8 8 9 12 12 13 16 17 28 59 66 71 89 91 94 99 101 17 45 103 165 235 319 407 499 594 687 
1070 70 0 1 5 3 8 5 7 11 15 15 0 1 5 3 8 5 8 12 17 15 22 52 49 60 64 74 89 84 103 102 22 73 119 176 239 311 397 478 579 679 
1068 68 0 0 5 1 6 13 10 8 12 13 0 0 6 1 6 13 11 10 13 13 19 34 62 72 77 85 72 112 110 98 19 53 114 181 251 335 403 510 613 707 
1063 63 0 1 2 1 5 8 15 6 19 6 0 1 2 3 5 8 15 7 19 6 19 36 45 67 82 85 92 91 105 108 19 54 98 160 241 325 411 498 599 704 
1065 65 0 1 5 4 10 9 5 8 11 12 0 1 5 4 10 11 6 8 11 12 20 50 33 60 74 80 98 102 108 104 20 70 100 159 231 307 400 499 600 702 
1060 60 0 0 2 3 11 5 9 13 10 7 0 0 2 4 11 5 9 13 10 7 11 41 70 65 75 82 97 105 91 101 11 51 119 180 254 333 426 527 615 713 
1060 60 0 4 5 4 6 6 9 8 10 8 1 4 5 5 6 6 9 8 10 8 20 48 52 63 63 94 89 92 97 94 20 67 116 175 236 328 412 502 594 684 
1077 77 0 0 5 3 8 12 12 16 12 9 0 0 5 3 8 12 12 16 12 11 14 24 57 60 87 93 87 106 112 125 14 38 94 152 237 327 412 517 625 747 
1075 75 0 2 3 7 7 8 13 14 13 8 0 2 3 7 7 8 13 14 16 10 27 46 46 60 75 80 119 91 105 106 27 72 118 178 253 329 443 532 631 732 
1074 74 0 1 1 7 11 9 7 10 13 15 0 1 1 7 11 9 9 10 14 16 26 27 57 71 65 71 96 113 101 118 26 52 107 176 238 308 399 509 607 720 
1059 59 0 2 4 4 8 3 7 9 13 9 0 2 4 4 8 3 8 9 13 10 22 41 53 58 70 85 88 94 101 106 22 61 113 171 240 323 408 498 594 694 
1083 83 0 0 6 5 8 14 15 8 10 17 0 0 6 5 9 14 16 9 10 17 11 46 51 64 91 79 89 103 99 96 11 57 108 169 257 331 415 510 608 699 
1076 76 0 2 8 8 7 10 9 8 11 13 0 2 8 10 7 10 10 8 11 14 16 48 49 73 62 92 82 101 114 110 16 62 110 182 242 333 410 505 615 721 
1070 70 0 2 5 7 4 5 12 11 10 14 0 2 6 7 4 5 12 11 11 15 24 36 60 63 73 94 94 101 115 107 24 57 116 178 250 339 428 527 639 745 
1064 64 0 0 6 6 4 5 12 13 9 9 0 0 6 8 5 5 12 13 9 10 19 40 67 51 69 78 81 115 97 98 19 56 121 170 235 309 389 500 593 687 
1081 81 0 3 2 4 5 13 9 12 15 18 0 3 3 5 5 13 9 12 16 20 20 44 49 76 81 85 85 111 107 110 20 62 109 181 259 343 427 533 632 737 
1083 83 0 1 5 8 10 7 8 16 9 19 0 1 5 8 11 7 9 17 10 20 16 36 52 63 93 86 77 93 112 108 16 52 102 163 253 337 411 498 609 711 
1062 62 0 1 3 4 5 6 8 9 15 11 0 1 3 4 5 6 8 10 15 12 24 26 54 62 66 97 94 98 110 96 24 49 103 162 225 319 409 502 607 699 
1061 61 0 1 1 1 8 12 12 4 14 8 0 1 2 1 8 13 14 6 14 10 14 44 51 67 74 86 98 87 117 95 14 58 106 171 240 320 413 493 607 694 
1064 64 0 2 5 5 2 9 12 11 9 9 0 2 7 6 2 9 12 11 9 9 18 39 64 61 68 92 92 94 90 94 18 57 118 176 244 330 421 514 602 692 
1075 75 0 3 7 9 10 9 9 8 15 5 0 3 7 10 10 9 9 10 16 5 19 47 50 66 72 87 91 99 129 89 19 66 114 180 251 335 423 518 643 723 
