2854 1854 0 49 86 144 190 222 251 281 303 328 0 49 102 165 232 282 334 373 405 431 86 166 237 304 372 422 466 507 540 573 86 229 418 669 963 1283 1628 2011 2412 2841 
3003 2003 0 56 97 145 184 253 285 294 332 357 0 56 111 182 238 307 374 413 440 477 103 174 227 318 394 451 506 539 589 585 103 247 432 685 990 1350 1728 2112 2558 2993 
2870 1870 0 49 97 136 180 232 260 272 302 342 0 49 112 174 226 292 336 367 406 454 90 166 234 323 375 428 459 495 544 593 90 231 421 672 954 1278 1636 2005 2414 2857 
2842 1842 0 56 91 132 177 215 240 284 314 333 0 56 103 161 218 279 308 381 406 447 97 164 227 303 350 407 454 508 548 576 97 239 428 674 946 1254 1602 1977 2399 2829 
2820 1820 0 47 98 142 175 198 239 269 306 346 0 47 109 173 226 265 312 348 410 444 84 162 260 301 359 397 439 481 561 575 84 225 443 672 950 1241 1574 1940 2362 2806 
2989 1989 0 58 109 173 185 246 244 291 324 359 0 58 125 200 246 306 323 373 415 469 114 191 265 321 383 424 449 523 559 591 114 267 479 745 1032 1360 1694 2102 2529 2980 
3017 2017 0 38 115 146 194 248 296 316 322 342 0 38 128 184 248 320 379 418 429 449 89 181 264 335 421 475 489 535 568 581 89 234 457 711 1027 1380 1743 2149 2570 3008 
2819 1819 0 48 87 129 183 213 251 261 313 334 0 48 106 153 215 259 313 367 394 444 95 157 243 289 339 400 438 505 541 608 95 228 419 639 907 1225 1570 1939 2356 2812 
2973 1973 0 36 106 159 191 219 261 295 339 367 0 36 115 183 251 285 345 395 447 484 75 171 248 322 370 415 479 540 587 609 75 226 435 696 979 1299 1670 2070 2512 2966 
2720 1720 0 42 91 137 172 193 216 254 299 316 0 42 101 165 215 261 291 331 391 426 100 161 226 304 350 384 436 481 540 561 100 233 418 661 930 1208 1529 1892 2296 2710 
2883 1883 0 35 79 142 171 233 250 304 306 363 0 35 90 163 218 294 336 398 418 461 78 153 232 289 379 428 472 533 566 604 78 206 384 621 913 1244 1595 1998 2410 2876 
2970 1970 0 46 102 148 195 247 278 303 323 328 0 46 112 179 242 310 351 396 428 464 83 179 250 325 382 453 488 523 549 592 83 242 444 702 998 1354 1727 2126 2542 2961 
3025 2025 0 53 100 167 196 228 273 297 341 370 0 53 119 195 253 296 352 383 436 492 90 161 254 336 383 431 486 525 575 629 90 230 441 715 998 1326 1698 2105 2544 3016 
2914 1914 0 48 89 134 187 223 255 304 328 346 0 48 102 160 222 277 327 389 430 465 93 160 242 280 367 411 463 528 559 580 93 233 427 651 951 1270 1626 2038 2462 2900 
2872 1872 0 52 101 123 192 209 253 273 313 356 0 52 116 164 230 278 316 375 409 468 92 187 231 290 357 423 449 517 562 606 92 252 441 651 940 1255 1599 1975 2401 2860 
2852 1852 0 40 99 137 186 197 262 291 312 328 0 40 109 163 232 270 334 382 391 440 90 179 250 287 343 407 471 511 514 596 90 235 445 664 941 1240 1603 1990 2390 2840 
2954 1954 0 50 90 128 204 216 257 310 326 373 0 50 102 157 239 292 344 395 427 481 84 151 235 305 374 428 485 536 554 605 84 217 414 647 959 1276 1641 2051 2469 2940 
2965 1965 0 50 108 164 188 218 274 281 338 344 1 50 128 195 243 284 353 371 430 466 87 183 243 322 373 421 479 507 571 615 87 244 441 705 982 1299 1663 2053 2496 2954 
3018 2018 0 52 104 157 210 247 275 298 324 351 0 53 110 186 258 313 353 389 429 475 97 179 267 334 386 441 498 514 552 593 97 244 464 728 1032 1379 1763 2151 2567 3009 
2955 1955 0 43 95 136 192 216 274 316 337 346 0 43 102 164 237 278 357 406 438 471 86 183 256 311 383 431 498 533 572 593 86 239 436 672 965 1296 1669 2072 2510 2940 
2940 1940 0 45 87 131 180 245 262 317 327 346 0 45 102 154 227 301 350 394 445 480 85 161 219 309 376 435 487 545 565 610 85 225 400 654 932 1282 1643 2073 2488 2932 
2980 1980 0 52 109 147 176 219 278 295 330 374 0 52 129 178 225 287 351 393 434 490 94 174 254 313 374 439 499 533 566 609 94 239 445 690 972 1293 1682 2076 2511 2970 
2950 1950 0 50 93 148 175 231 265 316 323 349 0 51 110 170 226 304 349 410 431 465 101 190 250 306 386 435 490 532 547 587 101 255 453 697 982 1302 1678 2086 2492 2936 
2944 1944 0 55 95 143 204 234 274 287 308 344 0 55 108 176 248 304 344 391 418 448 86 183 241 335 404 443 474 524 540 565 86 247 439 698 1018 1342 1714 2107 2506 2935 
2921 1921 0 52 100 144 184 229 254 307 312 339 0 52 110 173 234 289 343 398 425 457 88 171 246 298 366 428 495 531 557 597 88 239 441 676 965 1302 1667 2064 2472 2917 
2885 1885 0 59 98 132 191 219 241 269 330 346 0 60 119 172 236 287 326 368 428 453 105 182 241 308 361 416 465 518 546 579 105 264 451 683 967 1284 1636 2013 2428 2874 
3062 2062 0 50 107 143 209 235 276 309 359 374 0 50 124 185 256 298 361 389 457 493 86 180 251 314 387 439 501 539 591 610 86 247 446 692 993 1330 1718 2136 2591 3054 
2875 1875 0 37 91 144 197 214 262 297 314 319 0 37 102 175 232 275 332 387 423 441 95 168 245 323 363 400 464 515 540 590 95 230 424 682 969 1275 1637 2027 2422 2861 
2787 1787 0 48 88 140 172 218 254 277 291 299 0 48 105 167 223 279 322 376 397 415 84 182 243 299 362 407 448 490 521 571 84 245 437 671 942 1257 1605 1971 2359 2777 
2779 1779 0 39 91 139 168 224 253 256 304 305 0 39 97 167 220 280 325 352 397 435 90 164 236 300 359 415 445 499 528 586 90 225 421 650 926 1245 1590 1954 2352 2768 
2907 1907 0 53 112 158 187 229 256 283 297 332 0 53 126 190 235 288 330 371 399 446 110 190 250 313 356 408 457 510 548 574 110 272 473 730 1002 1324 1678 2067 2473 2896 
2926 1926 0 37 96 136 205 238 262 281 318 353 0 37 104 165 240 301 327 373 408 450 83 161 229 315 375 431 468 512 555 575 83 220 407 665 979 1310 1673 2053 2479 2918 
2879 1879 0 52 103 128 192 215 251 285 303 350 0 52 121 166 239 282 342 376 414 464 89 173 250 314 372 403 463 519 554 609 89 238 442 680 974 1278 1620 2017 2422 2867 
3067 2067 0 52 106 164 211 244 288 298 353 351 0 52 124 198 257 311 361 397 454 477 88 181 271 344 392 442 499 537 585 595 88 250 472 736 1042 1377 1768 2169 2617 3055 
2842 1842 0 40 101 154 179 215 245 266 297 345 0 40 114 179 233 275 322 360 398 447 89 179 249 312 368 404 470 499 557 589 89 241 435 681 947 1248 1610 1977 2394 2835 
2901 1901 0 45 105 165 223 218 251 267 290 337 0 45 113 195 263 294 320 351 390 436 94 174 273 321 387 396 428 481 529 591 94 240 469 720 1035 1330 1662 2029 2423 2883 
2916 1916 0 56 97 158 198 206 253 313 307 328 0 56 109 184 248 291 327 396 410 439 97 180 239 316 368 427 495 530 539 576 97 253 443 699 983 1296 1676 2083 2479 2907 
3005 2005 0 56 99 134 194 228 278 299 336 381 0 56 112 173 239 303 363 405 454 494 87 172 234 304 382 456 501 524 593 634 87 242 433 663 969 1309 1688 2075 2515 2997 
2903 1903 0 53 88 144 184 228 252 292 314 348 0 54 101 166 234 271 327 374 406 442 88 161 253 301 358 406 470 524 542 578 88 231 436 667 949 1273 1638 2037 2448 2890 
2956 1956 0 43 99 159 192 255 271 292 323 322 0 43 117 196 251 302 347 388 417 453 86 173 263 337 384 438 477 535 532 574 86 234 443 707 992 1348 1722 2126 2533 2948 
2906 1906 0 51 97 154 177 229 250 297 308 343 0 51 113 187 231 284 316 368 409 445 92 182 259 304 363 415 458 489 523 591 92 246 449 685 960 1287 1648 2034 2432 2889 
2803 1803 0 44 83 130 177 211 254 278 301 325 0 44 96 159 223 262 324 355 399 441 77 161 233 294 349 403 471 499 544 575 77 221 400 626 893 1206 1571 1950 2366 2791 
2977 1977 0 46 105 144 197 232 273 308 322 350 1 46 115 177 239 292 358 404 439 455 81 178 246 312 366 430 495 556 558 587 81 236 441 686 976 1311 1681 2114 2521 2970 
2817 1817 0 28 85 143 185 213 251 260 301 351 0 28 93 161 233 275 347 363 388 449 69 165 236 307 375 399 462 488 537 590 69 207 400 648 941 1245 1577 1936 2350 2807 
2902 1902 0 41 102 152 200 219 268 275 309 336 0 41 112 184 248 279 334 360 419 446 86 160 253 316 375 415 476 501 548 591 86 222 434 691 984 1302 1669 2049 2451 2892 
2938 1938 0 42 108 150 183 228 273 293 329 332 0 42 119 179 232 292 344 385 432 453 91 170 234 319 373 442 479 526 574 581 91 228 424 686 964 1309 1681 2076 2507 2932 
2938 1938 0 57 114 160 185 222 258 289 312 341 0 57 128 196 237 292 342 374 414 453 91 184 261 321 368 424 475 511 552 580 91 253 469 724 1000 1326 1687 2080 2487 2922 
2862 1862 0 46 88 133 188 215 258 294 316 324 1 46 106 159 226 264 323 389 434 443 79 154 239 302 373 430 464 525 559 573 79 213 404 644 943 1274 1634 2022 2431 2848 
2923 1923 0 51 107 156 177 202 244 300 330 356 0 51 126 183 215 263 307 394 429 464 99 197 248 304 331 395 455 534 559 599 99 269 459 702 964 1269 1615 2024 2449 2911 
2895 1895 0 45 101 121 172 211 276 298 324 347 0 45 112 151 208 268 340 390 428 457 79 166 243 281 371 400 459 518 562 599 79 229 427 645 936 1238 1614 2005 2434 2887 
2904 1904 0 55 88 153 184 209 254 277 325 359 0 56 109 181 237 280 333 369 411 484 104 171 235 304 372 417 480 533 560 608 104 246 432 680 962 1261 1629 2025 2451 2898 
2924 1924 0 42 99 162 183 218 259 289 320 352 0 42 110 193 235 287 324 368 428 459 85 164 248 317 370 418 468 503 566 601 85 223 429 683 973 1288 1653 2038 2456 2913 
2945 1945 0 48 86 154 197 232 280 281 330 337 0 48 104 183 251 297 358 390 428 466 101 178 255 318 380 437 491 512 575 597 101 247 435 682 978 1312 1689 2063 2507 2933 
2873 1873 0 57 89 159 194 222 254 293 294 311 1 57 106 186 243 297 338 375 402 432 97 180 238 323 381 436 465 533 541 575 97 250 426 687 975 1298 1642 2055 2442 2863 
2802 1802 0 34 88 133 196 221 250 264 290 326 0 34 99 162 230 279 313 348 400 438 81 147 240 299 363 405 450 480 547 600 81 201 399 628 925 1237 1584 1948 2351 2789 
2943 1943 0 54 106 144 196 232 264 287 327 333 0 54 119 180 246 294 346 392 427 466 105 175 260 315 386 437 492 527 559 590 105 246 457 700 1002 1342 1709 2088 2509 2934 
2952 1952 0 44 110 148 193 224 251 286 335 361 0 44 123 185 243 287 334 373 437 469 96 169 255 321 380 402 452 512 578 619 96 241 455 703 987 1296 1638 2028 2474 2946 
2954 1954 0 47 108 162 202 215 254 299 331 336 0 47 123 194 255 283 333 387 431 467 98 171 243 338 375 422 489 528 570 609 98 237 428 703 985 1307 1673 2073 2507 2941 
2922 1922 0 56 117 160 192 242 242 283 294 336 1 56 132 197 250 292 325 371 388 449 98 174 272 313 373 415 448 512 543 580 98 249 475 720 1005 1343 1674 2066 2480 2908 
2888 1888 0 45 88 128 183 219 277 272 327 349 0 45 102 161 230 276 341 377 429 468 78 168 232 301 362 426 471 537 568 594 78 228 410 639 915 1252 1621 2014 2435 2873 
2829 1829 0 44 100 130 167 203 247 296 313 329 0 44 112 169 215 266 317 364 413 441 96 164 233 303 347 399 463 495 561 585 96 232 423 654 918 1219 1577 1966 2392 2819 
2892 1892 0 60 105 143 185 214 245 286 318 336 0 60 118 171 220 279 325 372 427 446 94 172 244 305 350 415 456 527 551 583 94 241 447 688 971 1292 1637 2036 2446 2879 
2979 1979 0 47 102 152 195 235 257 299 325 367 0 47 116 180 246 286 332 396 433 473 91 178 241 314 381 433 474 528 585 588 91 250 436 693 986 1334 1688 2089 2519 2968 
2876 1876 0 49 92 154 188 217 247 289 299 341 0 49 106 188 234 286 326 368 402 438 92 172 239 303 356 430 467 519 535 580 92 239 431 670 957 1280 1623 2020 2422 2862 
2879 1879 0 50 100 147 184 209 237 279 327 346 0 50 115 175 233 272 306 363 419 465 91 173 246 290 358 393 443 507 586 602 91 238 440 667 948 1250 1590 1980 2431 2864 
2821 1821 0 34 85 132 182 222 238 289 294 345 0 35 93 166 233 284 328 377 401 450 77 145 233 297 370 423 476 522 550 598 77 196 393 615 903 1231 1570 1966 2361 2807 
3005 2005 0 39 102 148 187 242 270 299 343 375 0 39 114 178 240 302 353 399 464 482 84 178 240 314 372 448 504 527 594 606 84 235 434 682 965 1317 1699 2093 2535 2995 
2895 1895 0 43 83 145 200 226 260 278 315 345 0 43 101 177 247 300 346 377 410 448 83 165 249 324 379 422 481 511 541 586 83 228 424 675 965 1281 1649 2018 2424 2881 
3012 2012 0 49 106 150 192 241 253 318 326 377 0 49 115 181 241 302 348 403 440 480 75 177 251 324 364 428 502 537 573 619 75 238 446 699 980 1319 1680 2098 2525 3006 
2883 1883 0 48 94 133 183 223 252 304 308 338 1 48 112 162 226 288 334 400 420 453 80 178 242 297 374 441 479 524 558 592 80 231 424 644 944 1276 1629 2031 2441 2877 
2909 1909 0 52 89 166 198 214 254 283 310 343 0 53 107 187 246 291 337 377 404 457 91 163 245 320 371 422 481 522 523 600 91 232 427 691 986 1296 1662 2055 2440 2901 
3014 2014 0 48 100 138 216 246 307 254 340 365 0 48 114 170 255 311 376 389 448 476 94 160 237 335 393 452 495 541 579 593 94 226 420 683 993 1345 1740 2102 2552 2999 
2841 1841 0 30 93 129 182 209 268 275 295 360 0 30 100 157 228 261 339 375 415 449 78 163 228 306 379 419 460 504 554 572 78 213 399 642 931 1256 1609 1981 2377 2825 
2865 1865 0 50 93 150 185 222 250 281 299 335 0 50 107 181 241 285 307 353 388 442 89 180 243 311 365 411 436 479 534 596 89 240 442 687 959 1277 1612 1985 2396 2852 
2887 1887 0 37 92 136 196 223 247 281 317 358 0 37 107 164 241 287 328 370 427 460 72 161 244 322 375 433 464 509 567 587 72 210 404 662 947 1277 1619 2002 2425 2879 
2841 1841 0 59 113 135 181 203 246 272 306 326 0 59 135 178 223 262 316 362 389 436 96 188 258 290 357 395 450 520 538 580 96 262 463 678 957 1252 1598 1996 2396 2828 
2912 1912 0 53 99 149 183 229 244 297 309 349 0 53 115 184 237 290 326 377 413 452 105 175 259 312 371 430 459 511 550 594 105 247 455 690 972 1304 1643 2043 2447 2900 
2842 1842 0 37 123 152 163 227 255 273 290 322 0 37 130 192 217 278 328 361 379 437 89 178 263 317 353 418 462 481 527 576 89 235 465 702 967 1304 1645 2010 2414 2835 
2872 1872 0 45 99 142 182 222 274 273 297 338 0 45 115 171 228 289 345 366 402 441 96 183 243 306 364 422 473 486 544 585 96 246 431 671 953 1274 1644 2010 2416 2862 
2979 1979 0 52 108 126 188 218 275 297 357 358 1 53 122 165 234 287 359 391 441 467 95 176 252 291 368 427 501 534 576 600 95 250 460 670 958 1278 1658 2065 2513 2966 
2907 1907 0 50 102 152 191 212 269 299 304 328 0 50 119 185 244 282 351 394 418 445 95 167 248 306 379 431 476 523 546 597 95 231 431 676 980 1298 1652 2053 2456 2891 
2880 1880 0 44 99 150 174 226 248 294 310 335 0 44 114 175 218 280 326 370 408 455 94 172 250 295 354 407 481 512 530 583 94 237 444 680 956 1273 1640 2034 2439 2865 
2950 1950 0 41 107 152 178 244 278 291 324 335 0 41 117 186 240 305 352 388 417 455 85 184 250 326 383 438 493 518 543 575 85 243 447 706 991 1330 1715 2094 2514 2937 
2916 1916 0 48 92 126 179 224 263 319 321 344 0 48 109 162 220 281 332 404 433 453 89 163 229 301 354 421 489 532 562 600 89 229 406 640 913 1242 1627 2045 2466 2904 
2975 1975 0 52 106 155 208 236 280 285 311 342 0 52 120 192 272 302 345 383 415 452 104 187 264 324 406 454 476 519 555 572 104 253 465 714 1034 1376 1741 2120 2537 2963 
2934 1934 0 48 104 165 196 207 267 282 313 352 0 49 124 197 247 281 335 371 424 465 91 180 267 303 364 412 485 505 556 608 91 246 457 698 984 1295 1675 2054 2466 2921 
2957 1957 0 45 104 146 174 227 272 313 312 364 0 45 119 175 220 282 340 396 419 469 86 185 250 307 359 442 489 513 545 596 86 248 442 683 955 1310 1677 2077 2480 2946 
2878 1878 0 47 105 142 187 225 251 282 307 332 0 47 120 176 239 287 333 359 399 435 100 163 255 310 361 413 441 489 549 579 100 240 454 697 971 1294 1628 2013 2432 2864 
2944 1944 0 40 94 137 195 237 254 298 339 350 0 40 108 178 248 306 341 387 442 473 90 163 241 324 387 446 476 515 564 596 90 222 417 669 966 1311 1669 2059 2490 2932 
2903 1903 0 43 102 145 163 230 271 300 310 339 0 44 115 178 221 284 358 389 433 447 93 168 242 311 376 419 489 515 563 590 93 235 436 677 952 1278 1654 2048 2455 2895 
2966 1966 0 51 101 140 194 219 276 320 318 347 0 51 114 175 237 283 344 402 431 444 86 165 229 297 363 413 489 525 571 594 86 231 421 663 956 1269 1656 2069 2491 2948 
3033 2033 0 52 108 165 202 257 283 313 317 336 0 52 115 202 252 331 378 406 420 462 103 179 246 348 394 479 489 517 557 586 103 251 466 739 1048 1414 1775 2182 2599 3026 
2940 1940 0 59 107 145 196 205 267 291 308 362 0 60 126 178 243 287 342 387 419 470 94 175 266 314 364 434 469 526 564 613 94 251 462 698 985 1305 1668 2060 2469 2933 
2969 1969 0 48 100 149 188 243 277 281 336 347 0 49 117 188 239 305 354 364 441 474 95 180 268 325 379 447 476 482 575 605 95 251 463 707 992 1337 1708 2075 2514 2955 
2890 1890 0 45 99 138 186 237 258 302 309 316 0 45 111 177 238 308 342 380 408 418 95 172 238 318 387 444 474 512 525 560 95 234 427 675 971 1305 1659 2072 2460 2879 
2821 1821 0 37 86 135 187 212 254 268 318 324 0 37 98 164 238 274 331 354 410 428 74 151 245 301 381 401 469 499 546 567 74 200 404 634 929 1230 1586 1961 2385 2811 
2983 1983 0 48 101 134 193 234 268 294 340 371 0 48 116 175 237 292 357 400 439 485 98 175 243 323 361 427 479 541 579 608 98 241 433 683 966 1304 1665 2064 2511 2973 
2909 1909 0 51 118 147 180 233 257 278 312 333 0 51 133 185 231 298 332 368 402 432 96 190 252 327 390 431 448 482 533 562 96 259 470 716 1011 1330 1680 2042 2460 2896 
3010 2010 0 47 98 137 200 241 289 296 324 378 0 47 110 168 241 316 372 407 435 499 89 167 232 316 384 441 488 550 569 629 89 233 428 680 983 1320 1697 2108 2530 3001 
2984 1984 0 60 113 161 175 231 273 303 335 333 0 60 129 204 245 300 368 398 450 455 93 188 260 328 378 443 500 534 577 588 93 258 469 723 999 1338 1710 2111 2535 2971 
2879 1879 0 52 90 153 186 222 245 286 309 336 0 52 105 180 249 295 325 374 408 433 96 175 248 317 358 415 462 518 540 590 96 247 434 684 946 1263 1616 2012 2413 2871 
