1456 456 0 25 41 50 67 63 54 56 53 47 1 25 45 56 75 72 63 64 59 54 93 142 178 184 197 174 169 174 165 182 93 224 368 525 697 845 987 1141 1285 1448 
1482 482 0 25 39 49 60 60 50 68 65 66 0 25 41 55 71 67 65 80 81 74 81 151 172 185 175 182 190 218 199 161 81 214 362 528 672 830 983 1170 1332 1473 
1430 430 0 30 43 52 58 38 48 50 57 54 1 30 47 59 65 41 53 57 65 61 93 157 165 172 174 163 176 167 189 172 93 237 382 525 677 813 965 1105 1271 1419 
1484 484 0 27 40 54 49 58 64 64 62 66 0 27 43 60 59 69 78 75 71 76 89 133 176 174 174 191 205 178 183 200 89 209 367 516 658 820 997 1146 1300 1470 
1475 475 0 27 44 48 55 58 54 63 67 59 0 27 45 58 62 67 63 73 73 66 85 129 170 173 185 183 193 195 186 172 85 197 350 495 650 808 968 1137 1304 1460 
1492 492 0 28 53 51 53 64 64 57 65 57 0 28 58 52 64 81 74 68 81 65 94 160 161 175 198 186 194 187 180 177 94 239 374 538 702 854 1024 1181 1332 1479 
1493 493 0 25 51 48 52 64 66 59 59 69 0 25 57 59 61 81 83 69 68 78 98 152 178 189 180 191 187 181 182 184 98 233 382 545 689 843 997 1151 1314 1478 
1479 479 0 32 33 53 52 67 67 58 70 47 0 32 38 58 64 78 76 68 83 65 87 141 158 182 201 208 196 190 189 175 87 216 352 498 662 836 1005 1169 1331 1467 
1457 457 0 27 47 44 61 64 62 52 44 56 0 27 52 53 71 76 69 58 53 65 85 124 157 185 203 196 161 176 180 181 85 200 344 500 680 842 982 1141 1292 1446 
1447 447 0 26 49 64 57 54 46 47 50 54 0 26 51 70 65 60 52 52 52 62 97 147 159 179 182 174 160 170 171 191 97 222 364 524 677 830 971 1118 1269 1433 
1472 472 0 25 44 58 58 54 54 57 64 58 0 25 51 63 62 62 65 72 72 71 80 144 181 174 182 172 189 196 184 174 80 209 362 515 682 824 989 1153 1313 1459 
1463 463 0 25 45 40 50 64 46 64 71 58 0 25 46 46 57 76 64 72 87 69 79 131 158 148 187 191 199 200 211 186 79 199 343 468 628 793 959 1134 1305 1456 
1416 416 0 28 51 39 42 51 51 55 53 46 0 28 55 52 51 55 59 61 62 58 88 141 172 168 167 182 185 180 168 177 88 217 363 495 634 795 951 1107 1253 1405 
1472 472 0 34 47 54 65 55 62 60 48 47 0 35 52 66 72 65 73 70 59 57 116 149 184 175 188 191 182 170 170 182 116 247 406 544 706 863 1016 1158 1303 1460 
1513 513 0 30 52 62 64 58 60 56 63 68 0 30 59 72 75 71 67 71 73 81 100 140 178 181 191 184 183 203 189 196 100 223 375 525 698 854 1011 1177 1336 1504 
1415 415 0 24 37 50 51 48 56 43 46 60 0 24 43 56 60 58 66 57 55 67 74 130 159 181 186 182 181 180 180 193 74 190 324 480 639 793 944 1091 1237 1407 
1478 478 0 22 48 53 52 58 65 61 57 62 0 22 49 59 59 66 73 74 65 73 75 137 154 164 194 206 177 217 187 187 75 196 333 474 641 813 961 1143 1307 1465 
1498 498 0 17 42 53 58 57 69 88 56 58 0 17 44 67 67 69 76 91 71 67 80 136 155 202 193 179 215 202 191 187 80 200 329 498 662 804 989 1166 1326 1487 
1505 505 0 29 41 64 63 58 62 67 63 58 0 29 47 68 73 71 76 76 69 68 90 140 186 180 172 186 187 204 184 193 90 214 375 532 675 833 993 1170 1334 1497 
1488 488 0 24 48 66 70 67 50 52 51 60 1 25 54 74 78 79 62 65 63 65 88 151 172 193 199 180 176 164 171 212 88 224 368 533 710 863 1011 1146 1293 1478 
1488 488 0 23 42 39 55 65 77 71 61 55 0 23 46 49 64 76 83 85 71 70 90 133 168 188 180 192 213 196 175 182 90 209 351 511 659 820 1005 1170 1323 1479 
1512 512 0 34 54 51 66 62 58 49 59 79 0 34 60 62 75 79 69 59 74 87 89 155 173 182 197 189 176 191 187 214 89 232 378 531 699 852 997 1152 1309 1495 
1513 513 0 26 35 50 58 54 64 64 80 82 0 26 42 56 67 62 76 76 96 93 91 137 159 176 176 184 185 196 227 211 91 213 347 500 646 802 955 1125 1319 1496 
1439 439 0 24 45 50 48 56 50 64 49 53 0 24 49 58 55 67 61 73 60 64 94 135 179 165 176 182 190 179 174 174 94 210 372 510 664 822 980 1130 1278 1427 
1455 455 0 27 36 35 50 53 68 63 59 64 0 27 39 49 55 61 78 77 69 76 87 145 142 165 161 178 188 214 192 203 87 217 336 473 611 768 933 1110 1273 1444 
1500 500 0 31 42 55 52 58 69 60 65 68 0 31 46 60 58 74 84 80 76 81 114 151 178 174 176 195 191 183 191 188 114 243 396 550 699 866 1026 1169 1331 1492 
1489 489 0 29 38 57 52 72 54 66 64 57 0 29 43 63 61 79 72 76 80 70 99 132 153 185 177 194 191 204 204 187 99 217 345 507 661 839 991 1157 1320 1478 
1470 470 0 24 42 57 49 60 57 60 61 60 0 24 46 67 58 70 66 70 70 68 91 131 170 163 190 194 189 192 187 181 91 207 351 484 650 816 976 1139 1301 1462 
1504 504 0 25 45 50 61 64 61 69 65 64 0 25 47 60 64 74 73 77 77 75 95 162 163 169 167 200 184 208 205 179 95 236 377 519 667 843 991 1174 1335 1495 
1482 482 0 23 49 75 56 52 63 53 63 48 0 23 51 87 69 62 73 68 77 62 94 134 173 209 187 178 194 171 184 184 94 207 361 547 704 852 1013 1161 1315 1467 
1510 510 0 27 44 45 56 75 63 64 63 73 0 27 48 53 61 85 77 79 83 85 88 160 154 168 189 188 186 201 209 212 88 228 353 494 655 815 974 1146 1322 1499 
1504 504 0 28 44 57 69 63 55 71 66 51 0 28 52 64 70 77 65 78 77 61 76 143 165 191 176 195 190 199 181 183 76 202 343 510 675 841 1000 1176 1329 1489 
1440 440 0 29 48 50 58 52 50 46 58 49 0 29 49 58 63 63 56 56 66 55 88 153 164 161 178 168 157 195 189 184 88 224 368 506 666 804 943 1108 1273 1424 
1502 502 0 24 49 59 59 55 62 59 60 75 0 25 51 65 68 66 71 69 69 86 92 131 175 179 172 190 189 183 205 211 92 210 361 515 670 829 992 1142 1315 1495 
1452 452 0 26 35 45 46 66 59 59 64 52 0 26 39 48 55 74 71 71 75 61 100 128 146 159 168 183 206 192 198 184 100 212 336 476 619 779 957 1116 1290 1445 
1499 499 0 24 40 56 62 67 66 62 67 55 0 24 43 65 75 77 75 76 77 67 86 150 154 199 186 189 181 185 193 191 86 222 353 525 681 843 1001 1157 1327 1489 
1481 481 0 27 39 50 56 63 65 61 69 51 0 27 47 57 60 76 79 77 74 64 84 128 169 170 195 203 200 191 183 194 84 195 341 485 659 827 994 1149 1308 1468 
1493 493 0 23 48 47 63 63 67 60 58 64 0 23 51 59 76 77 84 71 68 75 98 146 153 183 194 194 206 172 191 184 98 227 369 523 684 850 1012 1160 1330 1482 
1486 486 0 27 43 53 54 46 61 72 66 64 0 28 44 59 61 55 68 76 77 76 95 133 150 168 168 178 195 191 199 216 95 215 347 493 636 787 953 1119 1292 1474 
1504 504 0 21 40 64 45 60 71 62 72 69 0 21 44 72 54 65 83 73 81 80 92 142 156 186 163 187 204 188 214 197 92 218 352 516 648 807 981 1142 1330 1494 
1501 501 0 33 48 57 60 56 69 55 63 60 0 33 53 71 66 76 77 70 74 75 88 166 169 195 187 198 193 183 199 184 88 238 379 541 706 865 1027 1174 1342 1493 
1482 482 0 23 44 48 67 58 71 59 67 45 0 24 48 63 75 74 83 70 80 57 83 140 180 193 187 197 202 198 176 164 83 207 367 520 684 852 1021 1190 1335 1471 
1475 475 0 29 46 64 55 49 51 62 64 55 0 29 54 71 66 61 59 69 72 70 82 150 185 182 175 170 164 204 186 197 82 220 377 540 692 832 969 1148 1297 1460 
1460 460 0 28 49 44 49 52 51 63 59 65 0 29 51 51 55 62 62 73 70 75 92 138 176 174 175 181 191 191 205 182 92 210 365 510 654 803 961 1124 1300 1452 
1481 481 0 21 38 44 69 67 52 66 60 64 0 21 43 50 81 83 63 72 70 78 80 135 161 184 199 189 173 194 186 209 80 203 338 492 665 818 963 1135 1292 1468 
1512 512 0 31 41 55 46 61 61 73 75 69 0 31 47 60 58 72 75 85 85 82 93 130 156 171 174 213 205 190 215 208 93 205 342 490 629 814 986 1143 1329 1498 
1487 487 0 22 52 52 63 62 52 54 65 65 0 22 54 59 75 71 64 71 74 76 97 152 165 182 183 186 195 196 183 190 97 229 371 525 678 840 1006 1160 1313 1475 
1492 492 0 26 44 66 69 57 60 57 56 57 0 26 54 74 81 71 77 70 69 66 102 151 174 201 176 178 192 178 204 176 102 235 381 556 702 853 1012 1163 1330 1479 
1500 500 0 23 34 59 72 63 53 61 74 61 0 23 41 65 78 76 67 76 90 71 86 142 150 202 205 200 199 185 192 189 86 213 337 513 690 854 1013 1160 1324 1492 
1454 454 0 24 40 49 41 60 56 63 65 56 0 24 43 59 53 67 67 72 73 68 92 128 172 189 188 187 180 184 176 185 92 203 361 527 670 828 978 1139 1296 1447 
1471 471 0 27 57 55 61 52 53 57 55 54 0 27 59 62 69 59 61 65 62 61 92 176 181 171 179 182 189 189 161 170 92 246 397 542 698 851 1010 1172 1310 1460 
1470 470 0 26 41 48 48 55 73 61 69 49 0 26 45 57 60 64 81 79 86 63 88 154 150 194 166 193 195 197 190 177 88 227 361 527 659 823 992 1146 1307 1456 
1459 459 0 18 41 55 56 55 59 63 56 56 0 18 44 59 63 61 68 68 67 63 75 115 168 175 186 187 186 189 182 205 75 177 325 471 628 786 943 1115 1274 1444 
1463 463 0 28 43 53 54 56 55 52 57 65 0 28 49 59 65 61 62 59 68 76 113 140 172 168 167 185 162 177 192 183 113 239 385 527 667 838 979 1133 1294 1447 
1481 481 0 25 49 74 53 54 52 54 55 65 0 25 54 77 66 65 64 65 65 74 96 154 168 170 176 170 178 187 192 202 96 234 379 533 682 820 971 1133 1297 1471 
1478 478 0 27 53 47 48 55 63 61 51 73 0 27 56 52 59 62 75 66 61 85 98 152 159 154 174 185 200 185 197 198 98 236 376 509 657 816 987 1146 1308 1471 
1455 455 0 20 37 39 57 61 48 69 63 61 0 20 40 46 63 75 62 78 78 74 86 131 160 153 184 188 200 207 192 185 86 203 343 473 636 792 959 1133 1296 1446 
1475 475 0 34 54 66 64 48 51 52 52 54 0 34 58 74 74 60 62 58 56 67 97 155 174 196 191 172 165 164 173 199 97 235 391 563 723 866 1005 1143 1301 1461 
1481 481 0 37 35 47 52 65 64 56 63 62 0 37 39 52 65 75 80 73 78 72 110 147 158 166 189 191 190 196 179 194 110 241 375 512 666 828 986 1154 1308 1475 
1451 451 0 25 44 42 54 61 66 59 58 42 0 25 47 51 64 76 77 72 70 58 89 130 155 192 190 196 191 195 174 171 89 206 347 507 664 827 990 1149 1297 1437 
1485 485 0 33 49 50 56 65 54 54 61 63 0 33 53 57 59 71 66 67 72 71 108 151 166 187 184 174 179 173 186 188 108 240 388 547 706 855 1007 1151 1307 1473 
1552 552 0 28 55 61 60 65 76 70 72 65 0 28 59 72 68 75 87 91 86 69 85 152 179 189 199 219 209 204 193 168 85 226 386 542 711 895 1069 1229 1395 1542 
1451 451 0 28 37 45 60 60 49 56 47 69 0 28 44 52 65 68 62 67 62 81 87 142 165 171 186 174 175 193 192 204 87 214 356 501 659 807 957 1114 1272 1448 
1466 466 0 21 35 42 56 56 60 73 50 73 1 21 38 49 68 68 69 88 66 86 88 131 148 165 197 186 199 192 191 190 88 210 340 480 649 800 970 1134 1288 1454 
1457 457 0 21 42 46 50 52 48 65 69 64 0 21 44 58 62 59 60 71 79 76 87 144 156 171 170 189 184 185 187 211 87 210 346 485 629 794 946 1107 1274 1450 
1446 446 0 14 29 47 52 62 51 64 56 71 0 14 31 50 59 72 67 71 69 82 76 106 146 173 214 171 178 199 204 202 76 171 300 454 638 774 914 1089 1265 1435 
1472 472 0 30 56 51 51 47 55 55 64 63 0 30 59 60 61 58 64 71 72 70 89 173 176 172 180 181 184 180 198 187 89 243 391 532 680 831 983 1132 1309 1464 
1445 445 0 26 41 49 45 54 55 51 61 63 0 26 43 56 55 65 66 69 71 74 91 147 151 166 161 170 176 193 183 200 91 227 357 505 644 791 947 1107 1258 1430 
1491 491 0 17 49 49 48 62 66 74 70 56 0 17 52 58 56 74 80 85 80 63 81 131 168 177 189 192 208 211 177 180 81 197 348 496 655 811 988 1169 1322 1483 
1483 483 0 25 41 51 58 68 70 59 51 60 0 26 44 53 64 76 82 62 61 72 76 137 156 175 196 211 183 156 185 209 76 194 337 489 660 832 978 1121 1282 1465 
1505 505 0 35 50 55 58 63 73 55 56 60 0 35 54 60 69 75 75 68 67 66 111 155 162 176 182 186 185 206 198 166 111 250 385 541 695 855 1026 1193 1361 1495 
1480 480 0 27 54 54 61 46 56 69 53 60 0 27 60 61 71 54 63 74 62 74 82 147 176 188 185 174 190 198 176 182 82 205 358 528 688 837 1001 1174 1320 1475 
1517 517 0 17 48 47 69 57 70 69 65 75 0 17 52 57 74 72 83 85 72 83 74 127 175 184 183 192 209 209 193 201 74 188 339 493 652 814 996 1170 1336 1507 
1468 468 0 30 37 46 61 61 59 55 60 59 0 30 41 52 69 73 66 69 69 71 100 147 142 174 177 194 189 189 198 183 100 229 356 498 651 819 990 1141 1311 1455 
1474 474 0 27 52 38 51 66 60 53 66 61 0 27 57 45 58 73 74 62 74 70 93 147 155 156 178 190 185 172 190 202 93 227 358 494 647 813 969 1112 1281 1456 
1507 507 0 34 51 73 62 62 66 60 56 43 0 34 58 81 76 74 77 71 69 55 103 160 195 219 178 213 183 179 170 151 103 252 411 593 735 923 1070 1224 1369 1497 
1498 498 0 27 44 53 58 59 60 49 70 78 0 27 46 59 70 74 71 62 78 91 92 142 160 181 186 201 190 190 197 201 92 216 356 514 666 829 985 1139 1308 1484 
1482 482 0 28 60 48 57 58 57 53 56 65 0 28 64 66 67 67 65 61 66 74 86 147 183 189 177 180 180 186 183 213 86 216 373 522 671 827 982 1131 1288 1476 
1483 483 0 26 46 56 55 60 64 52 58 66 0 26 53 68 65 71 70 59 70 74 80 143 161 189 193 181 181 170 201 212 80 206 348 502 662 805 967 1112 1284 1470 
1475 475 0 23 43 47 51 59 48 56 73 75 0 23 44 56 61 69 62 67 85 87 86 141 147 173 186 173 201 201 197 206 86 209 340 488 643 789 956 1123 1287 1467 
1494 494 0 32 42 61 70 51 51 66 56 65 0 33 48 71 76 60 59 70 69 77 101 146 177 200 190 174 197 167 189 187 101 234 385 556 720 862 1027 1172 1335 1490 
1506 506 0 29 45 53 59 56 65 61 67 71 0 29 52 64 66 67 74 76 76 85 91 132 157 181 191 183 199 202 197 206 91 207 345 500 664 818 994 1159 1328 1497 
1430 430 0 27 37 44 43 56 59 61 54 49 1 27 42 49 50 62 72 74 61 60 91 125 137 166 179 187 193 213 171 183 91 203 325 474 625 782 943 1124 1264 1422 
1513 513 0 18 52 58 65 60 55 66 69 70 0 18 54 65 74 71 63 73 79 78 82 140 177 198 182 186 178 189 216 190 82 202 353 520 677 833 986 1150 1341 1505 
1491 491 0 33 35 46 57 65 59 56 73 67 0 34 39 57 65 75 70 66 82 78 100 150 164 186 182 188 185 183 199 202 100 236 372 528 678 831 986 1137 1310 1482 
1487 487 0 37 47 63 42 58 56 53 68 63 0 37 51 66 54 70 62 67 77 75 83 156 177 179 172 184 181 192 190 193 83 224 377 537 680 838 995 1146 1307 1473 
1443 443 0 17 37 48 57 49 55 66 52 62 1 18 37 51 65 58 65 76 65 71 75 149 152 172 188 172 184 180 178 202 75 216 349 504 663 807 956 1113 1260 1437 
1424 424 0 22 39 38 53 52 46 56 60 58 0 22 44 50 65 58 54 67 68 66 87 139 156 188 186 165 187 186 187 183 87 209 339 498 642 787 942 1100 1256 1413 
1451 451 0 24 43 53 61 61 53 58 45 53 0 24 47 61 69 73 63 65 57 63 93 137 167 186 173 187 183 177 175 188 93 212 354 510 664 826 979 1130 1271 1432 
1456 456 0 22 47 58 49 60 53 47 67 53 0 22 48 64 59 70 64 57 75 69 77 143 177 182 171 173 177 195 190 199 77 210 363 513 659 806 953 1117 1280 1447 
1502 502 0 27 46 51 68 62 69 57 61 61 0 27 52 59 77 69 81 67 66 74 98 148 174 166 203 188 204 177 182 174 98 228 379 520 700 858 1035 1181 1346 1493 
1493 493 0 23 36 45 56 63 63 67 73 67 0 23 40 52 65 75 80 80 86 80 95 123 144 182 181 193 215 198 200 203 95 207 335 495 646 799 978 1140 1307 1483 
1463 463 0 27 37 51 44 61 60 64 60 59 1 27 44 55 54 73 71 73 74 67 96 139 169 179 187 180 175 193 196 177 96 216 359 517 669 817 967 1138 1303 1452 
1457 457 0 34 45 40 45 66 61 59 52 55 0 34 50 44 59 73 71 71 61 68 105 131 154 155 199 200 203 178 191 168 105 224 363 497 656 830 1000 1139 1302 1448 
1453 453 0 33 30 48 49 53 63 57 65 55 0 33 34 55 59 63 76 71 78 72 103 137 155 168 173 185 194 192 183 208 103 230 360 501 646 801 964 1124 1279 1442 
1467 467 0 29 35 45 56 46 63 66 67 60 0 29 41 48 59 62 72 75 77 80 89 126 143 164 184 186 180 169 208 213 89 206 331 476 638 788 941 1093 1281 1458 
1468 468 0 30 42 48 52 62 68 50 47 69 0 30 50 52 64 74 75 61 53 76 97 126 169 161 200 203 174 185 171 196 97 212 355 497 668 841 995 1151 1293 1462 
1446 446 0 23 35 39 69 58 60 53 50 59 0 23 39 47 77 75 73 65 62 71 84 139 150 200 207 187 170 170 196 196 84 210 337 505 681 834 974 1119 1277 1439 
1503 503 0 21 36 50 48 66 76 64 66 76 0 21 42 62 59 76 86 85 80 87 80 123 156 177 185 212 202 207 190 203 80 190 330 478 633 819 988 1156 1312 1494 
1455 455 0 19 41 53 70 47 60 46 69 50 0 20 46 63 81 56 72 59 75 59 96 122 161 191 185 199 194 182 181 173 96 207 351 506 661 832 995 1138 1301 1447 
1500 500 0 20 38 55 59 63 73 71 67 54 0 20 42 61 64 75 85 83 79 67 86 147 145 177 191 200 199 214 184 176 86 217 334 492 655 826 1001 1187 1343 1489 
