1009 9 0 0 0 1 1 0 3 1 1 2 0 0 0 1 1 1 4 3 1 2 92 143 174 166 179 180 196 174 177 188 92 194 302 397 497 588 702 796 885 996 
1014 14 0 0 0 2 1 0 2 0 7 2 1 1 0 2 1 1 2 1 7 5 93 142 166 172 161 179 199 200 192 173 93 197 304 401 495 595 709 812 910 1005 
1012 12 0 1 1 1 0 0 3 2 4 0 0 1 2 3 2 1 4 4 7 5 108 145 174 187 175 173 158 173 177 196 108 209 313 419 511 594 683 791 897 997 
1008 8 0 0 1 0 0 1 3 1 1 1 0 0 1 0 0 1 5 6 3 4 77 124 152 171 171 188 200 193 179 214 77 174 273 373 466 574 684 782 875 998 
1015 15 0 0 0 2 2 1 4 0 4 2 0 0 1 2 3 3 6 3 6 4 80 127 166 178 186 207 187 202 184 189 80 169 271 372 479 587 681 799 896 1002 
1018 18 0 0 2 3 0 2 3 2 3 3 0 0 3 6 4 4 4 4 4 5 77 137 164 187 183 201 197 179 185 201 77 180 283 398 493 603 698 784 893 1007 
1011 11 0 0 1 0 3 2 0 1 2 2 0 0 1 0 4 5 4 4 4 4 100 129 142 175 164 193 190 181 207 204 100 188 276 382 469 579 687 783 897 1007 
1011 11 0 0 0 0 1 1 3 4 0 2 0 0 0 1 1 2 4 5 2 3 65 125 164 183 177 189 194 192 199 205 65 162 277 377 470 570 674 780 885 1002 
1015 15 0 0 2 2 3 0 5 0 0 3 0 0 2 3 6 1 6 2 0 3 99 163 185 189 177 174 162 172 173 194 99 216 330 419 510 613 703 795 889 1008 
1016 16 0 0 1 3 1 2 2 4 1 2 0 0 1 4 3 5 4 6 5 6 89 121 147 181 173 187 189 208 210 182 89 181 278 389 484 585 687 803 915 1003 
1011 11 0 0 3 1 1 4 1 1 0 0 0 0 3 4 1 5 3 2 2 1 85 153 168 176 188 195 184 172 195 195 85 194 287 386 497 607 702 791 896 993 
1020 20 0 0 1 1 0 2 3 4 4 5 0 0 2 2 1 2 4 5 7 8 90 135 162 184 197 197 217 188 187 198 90 192 291 398 502 603 722 807 903 1013 
1014 14 0 0 1 1 3 3 5 0 1 0 0 0 1 2 6 5 8 5 5 2 97 132 167 179 190 198 193 186 202 199 97 185 288 386 485 594 686 780 888 1004 
1015 15 0 0 2 0 3 3 0 2 1 4 0 0 2 2 3 5 4 3 2 5 99 132 171 163 189 188 179 175 175 195 99 197 313 395 505 605 700 794 895 1000 
1012 12 0 0 1 1 1 0 3 2 2 2 0 0 1 1 2 1 3 2 4 5 84 129 149 172 182 195 200 191 180 182 84 190 281 383 483 588 687 793 905 998 
1021 21 0 0 1 2 0 3 6 6 2 1 0 1 1 2 0 3 8 8 6 5 84 132 154 154 192 195 199 182 199 205 84 179 273 368 477 586 687 791 900 1005 
1018 18 0 0 2 2 2 3 2 2 2 3 0 1 3 4 3 6 3 3 3 5 91 139 158 170 165 173 184 209 205 199 91 186 282 382 471 564 677 793 905 1010 
1008 8 0 0 0 2 0 0 3 1 1 1 0 0 0 2 0 0 3 2 3 3 81 147 174 162 178 196 179 166 174 203 81 187 285 387 493 600 697 791 886 998 
1013 13 0 0 2 0 0 3 4 0 2 2 0 0 2 0 1 4 6 0 2 4 82 134 151 174 172 199 165 155 181 182 82 178 280 382 480 597 688 781 897 1005 
1009 9 0 1 0 0 1 3 1 1 1 1 0 1 0 1 3 5 3 4 4 2 97 137 171 181 181 183 188 185 177 209 97 187 299 404 496 594 684 785 878 999 
1014 14 0 1 1 2 1 2 2 3 1 1 0 1 1 2 2 2 3 5 1 2 84 148 158 171 188 180 163 179 169 195 84 199 283 381 488 596 691 797 889 1001 
1012 12 0 1 1 2 3 1 0 1 2 1 0 1 1 2 4 3 1 2 2 2 99 138 178 177 188 180 191 184 192 179 99 190 297 392 505 603 703 802 911 1003 
1018 18 0 1 1 3 3 2 2 1 3 2 0 2 1 4 4 5 3 2 5 6 88 145 165 185 182 180 204 194 186 189 88 194 288 396 500 593 708 802 903 1006 
1014 14 0 1 1 3 2 2 2 1 2 0 0 2 2 4 4 4 5 4 5 2 103 131 147 176 180 187 204 198 192 187 103 189 282 391 498 603 712 812 904 1000 
1012 12 0 0 2 0 2 2 2 1 0 3 0 0 2 1 3 2 3 4 1 4 97 151 169 178 173 183 205 180 198 166 97 201 295 396 493 607 725 809 911 1002 
1012 12 0 0 0 2 0 2 3 1 3 1 0 0 0 2 0 3 5 3 5 4 92 140 171 165 185 198 191 176 202 171 92 192 299 386 496 607 709 810 920 1000 
1016 16 0 0 1 4 3 1 1 4 1 1 0 0 1 5 6 4 2 4 3 2 88 162 181 192 189 196 192 186 202 180 88 206 316 419 528 631 729 824 927 1010 
1022 22 0 0 1 3 0 3 3 5 1 6 0 0 2 5 0 3 5 6 5 8 97 128 155 168 176 172 196 196 201 201 97 181 281 380 480 575 693 814 918 1014 
1012 12 0 0 1 1 1 1 3 2 3 0 0 0 1 2 2 2 4 5 6 2 83 149 166 176 190 193 195 188 181 175 83 193 287 385 485 598 709 808 916 1002 
1012 12 0 0 0 0 2 1 4 4 0 1 0 0 0 0 3 2 6 7 2 2 83 135 164 173 159 185 188 202 190 187 83 180 271 370 461 568 677 800 904 1003 
1014 14 0 0 1 0 2 0 1 1 5 4 0 1 1 0 2 2 1 1 5 7 90 148 184 172 186 190 184 206 200 181 90 199 306 390 499 600 699 808 905 1003 
1015 15 0 1 1 1 3 1 3 1 2 2 0 1 1 2 3 3 6 5 3 5 87 138 136 154 185 188 183 197 195 203 87 185 270 360 467 578 675 776 891 1004 
1020 20 0 0 1 1 3 0 3 4 3 5 0 0 1 2 4 3 4 8 6 9 81 133 145 169 182 197 199 212 194 198 81 182 274 367 473 584 687 805 894 1013 
1011 11 0 0 1 3 2 1 0 2 2 0 0 1 1 4 3 2 1 2 4 0 98 140 160 176 167 183 200 185 210 190 98 195 297 398 485 588 697 788 892 1001 
1011 11 0 0 0 0 3 1 3 0 1 3 0 0 0 0 4 4 4 3 3 4 85 135 168 194 190 174 182 195 199 192 85 185 285 389 508 591 693 798 907 1007 
1015 15 0 0 1 4 1 1 1 3 2 2 0 0 1 5 4 3 1 3 4 3 94 163 165 189 192 201 180 181 158 178 94 217 306 414 519 623 714 812 898 1003 
1016 16 0 1 0 0 3 1 1 2 4 4 0 1 0 0 3 3 2 2 5 10 105 162 153 176 178 170 196 213 200 184 105 211 290 389 481 577 681 796 908 1003 
1025 25 0 0 1 2 4 3 5 2 7 1 0 0 1 3 5 4 8 7 11 5 88 148 168 188 194 188 177 171 185 192 88 195 301 403 511 609 715 805 913 1018 
1017 17 0 0 0 1 2 3 3 3 3 2 1 0 0 1 3 4 3 6 9 6 94 130 137 162 176 197 203 206 203 199 94 190 275 373 476 602 703 813 907 1008 
1018 18 0 0 2 1 3 4 1 3 2 2 1 1 2 3 3 4 2 4 5 3 91 136 164 172 185 211 185 189 188 184 91 189 287 393 501 614 703 809 915 1010 
1022 22 0 0 2 4 1 1 5 4 1 4 1 0 2 6 5 4 7 6 5 6 93 159 173 190 181 201 190 170 175 183 93 205 299 405 499 618 721 806 900 1006 
1017 17 0 0 1 4 2 2 1 3 3 1 0 0 1 5 4 4 2 3 5 1 92 129 135 176 177 187 209 206 194 174 92 181 259 372 478 572 692 800 910 1004 
1012 12 0 0 2 1 0 0 3 1 3 2 0 1 2 3 0 0 3 2 4 4 84 134 167 173 185 214 200 201 177 186 84 179 290 383 487 605 700 800 894 997 
1016 16 0 1 1 0 1 4 5 0 3 1 0 1 1 1 2 5 7 3 4 1 90 163 184 190 190 186 165 186 204 174 90 208 320 424 513 607 693 793 911 997 
1012 12 0 0 3 1 0 1 1 2 2 2 0 0 3 4 1 2 2 3 4 3 89 138 151 160 179 178 178 198 201 208 89 180 279 372 469 571 663 777 889 1007 
1013 13 0 1 1 1 0 3 1 3 1 2 1 1 1 1 1 4 1 3 2 3 91 138 161 181 173 174 208 187 206 206 91 191 294 390 474 564 682 774 889 999 
1012 12 0 1 1 2 1 0 1 3 2 1 0 1 1 2 3 1 1 4 3 3 96 152 174 188 191 186 181 184 170 182 96 199 301 411 516 614 709 803 894 996 
1015 15 0 0 1 2 1 0 3 2 5 1 0 0 1 3 3 2 4 3 6 4 88 134 142 147 181 206 209 196 199 167 88 188 270 357 473 594 699 794 919 1005 
1018 18 0 1 1 2 3 1 3 1 3 3 0 1 2 4 3 3 5 4 6 6 88 135 166 182 201 179 200 185 177 169 88 175 291 391 508 598 718 822 917 1007 
1010 10 0 0 0 0 0 1 1 3 3 2 0 0 0 0 0 1 2 4 5 3 97 151 174 187 181 163 175 183 178 195 97 201 306 406 500 591 687 795 894 1000 
1015 15 0 2 0 1 2 2 2 2 4 0 0 2 1 1 3 4 4 5 9 5 81 131 178 179 208 180 175 184 182 201 81 184 294 397 506 599 693 791 890 1008 
1014 14 0 1 2 1 4 1 2 1 0 2 0 1 2 2 6 2 4 3 3 4 104 134 158 178 178 182 170 172 164 184 104 195 292 395 492 606 691 791 888 1002 
1022 22 0 1 4 3 0 4 1 2 5 2 1 2 6 4 4 6 4 6 8 5 93 153 195 201 200 192 175 166 176 183 93 199 310 427 530 632 724 813 914 1010 
1013 13 0 0 0 1 3 0 1 1 6 1 1 1 1 2 3 3 3 2 7 4 93 154 163 172 166 185 187 194 206 187 93 207 304 402 490 592 698 803 920 1004 
1016 16 0 1 1 1 3 2 1 4 1 2 0 1 1 2 6 8 3 6 3 3 96 138 168 195 187 173 192 188 184 188 96 196 299 414 521 601 703 808 904 1010 
1012 12 0 0 1 2 4 1 0 1 1 2 1 1 1 2 5 4 2 1 2 2 83 149 188 197 178 192 188 179 184 164 83 190 307 414 508 614 708 806 910 1002 
1012 12 0 0 0 2 0 2 3 3 1 1 1 1 0 2 1 2 4 6 3 3 100 143 159 163 170 159 167 215 209 210 100 197 290 385 486 579 670 790 887 1000 
1015 15 0 0 2 1 1 1 1 0 3 6 0 1 2 3 2 2 2 1 4 7 99 135 171 180 175 195 185 194 200 192 99 196 305 410 503 610 707 802 910 1005 
1018 18 0 0 0 6 2 3 1 3 2 1 0 0 0 6 4 4 3 5 5 5 74 131 169 199 196 201 202 167 176 201 74 176 287 393 493 604 712 794 892 1006 
1020 20 0 0 2 3 2 4 2 1 3 3 0 0 2 4 3 4 5 4 4 5 100 145 170 163 186 183 192 189 200 190 100 205 312 394 498 599 707 813 915 1011 
1014 14 0 0 1 1 3 2 3 2 2 0 0 1 1 2 3 4 5 6 4 2 91 132 149 158 191 185 182 189 196 192 91 182 274 368 477 577 674 777 893 1002 
1012 12 0 1 3 0 1 3 1 2 1 0 0 1 4 1 1 3 3 3 2 0 74 142 164 189 189 175 166 205 198 187 74 180 279 388 486 590 681 794 901 997 
1015 15 0 1 0 1 2 5 1 2 2 1 0 1 1 2 3 7 4 5 3 3 77 129 161 191 210 193 197 202 205 183 77 170 269 393 502 605 710 815 919 1005 
1018 18 0 0 1 2 4 0 1 4 5 1 0 0 1 2 5 4 2 6 8 5 102 130 149 176 206 182 192 178 191 165 102 197 283 395 523 617 723 820 927 1001 
1016 16 0 1 2 0 2 1 3 4 2 1 0 1 3 2 3 2 5 5 3 2 95 128 163 180 164 193 188 188 185 220 95 190 300 396 484 602 704 791 882 1005 
1011 11 0 0 1 0 1 0 3 2 0 4 0 0 1 0 1 1 3 2 0 4 83 144 180 174 172 174 198 212 193 186 83 184 296 378 475 575 691 817 909 1001 
1011 11 0 0 1 2 1 2 1 3 0 1 0 0 1 2 2 5 2 5 0 1 91 163 176 172 166 182 169 195 186 176 91 207 308 401 500 605 699 807 901 998 
1017 17 0 2 1 2 2 6 1 1 2 0 0 2 2 2 3 8 6 5 4 5 77 135 161 182 164 185 168 185 211 211 77 176 286 388 471 585 676 784 894 1006 
1013 13 0 0 2 1 3 0 1 2 1 3 0 0 3 3 3 1 1 2 3 6 71 121 154 173 185 178 198 219 192 186 71 167 268 368 478 579 696 812 914 997 
1015 15 0 0 1 4 2 3 0 2 2 1 0 1 1 4 3 3 2 2 2 3 89 145 169 179 173 172 170 200 185 179 89 196 305 410 501 599 694 806 908 1007 
1014 14 0 0 1 1 2 3 3 1 2 1 0 0 2 1 3 5 6 4 5 5 70 128 164 177 200 215 194 175 209 191 70 166 274 386 497 606 707 789 907 1006 
1016 16 0 0 0 2 1 2 0 3 6 2 0 0 1 3 2 2 0 3 7 6 77 135 153 165 194 180 201 190 201 191 77 179 270 364 472 565 677 786 900 1005 
1015 15 0 1 0 0 6 1 0 1 3 3 0 2 1 1 7 4 2 2 3 5 94 145 176 202 187 180 189 177 175 180 94 198 311 425 528 614 721 814 908 1006 
1019 19 0 2 0 3 2 5 1 3 2 1 0 2 1 5 4 7 3 6 6 4 95 131 143 201 196 199 190 184 187 182 95 186 274 398 498 609 704 797 909 1009 
1017 17 0 1 3 1 1 2 2 1 2 4 0 1 3 3 2 3 3 1 2 4 83 157 167 183 193 180 188 187 199 185 83 208 295 397 507 601 703 809 920 1012 
1016 16 0 0 0 4 1 3 2 2 3 1 0 0 0 4 2 5 5 3 4 3 92 139 153 166 187 172 198 176 174 190 92 189 281 380 502 602 704 800 896 1004 
1021 21 0 2 1 2 2 2 3 2 3 4 0 2 3 3 2 2 4 6 8 8 94 153 191 174 194 157 169 184 187 181 94 201 320 407 516 599 693 798 902 1005 
1013 13 0 1 0 2 2 0 3 0 0 5 0 1 1 2 2 0 4 4 3 5 87 131 151 167 173 198 213 202 188 178 87 183 276 375 476 588 709 800 903 1000 
1020 20 0 1 0 2 5 0 4 2 4 2 0 1 1 3 7 2 5 4 7 4 96 152 174 196 179 173 181 197 216 177 96 201 302 412 502 597 693 801 918 1006 
1014 14 0 0 1 6 1 0 0 3 3 0 0 0 1 8 7 2 1 3 5 2 104 135 161 191 178 180 163 168 181 189 104 192 286 402 499 599 693 791 893 1002 
1015 15 0 1 2 3 2 3 0 1 2 1 0 1 3 3 4 3 2 3 5 3 90 145 169 190 182 189 187 194 187 180 90 202 305 414 514 612 704 811 910 1001 
1028 28 0 0 0 1 1 4 9 7 5 1 0 0 0 1 2 5 10 9 10 9 96 152 170 208 224 219 213 193 188 154 96 198 287 408 514 623 737 827 927 1019 
1015 15 0 0 0 2 0 3 3 1 2 4 0 0 0 2 2 3 5 2 2 5 78 117 149 182 185 178 205 192 197 201 78 163 258 372 470 571 683 783 894 1005 
1015 15 0 0 0 1 1 4 2 5 1 1 0 0 0 1 3 4 4 5 3 2 100 134 191 213 176 187 173 176 187 202 100 193 307 428 516 612 716 798 890 1004 
1010 10 0 0 0 0 1 3 2 0 2 2 0 0 1 1 1 3 5 3 4 3 83 135 163 186 179 188 180 173 182 200 83 185 288 393 489 591 690 780 880 993 
1020 20 0 2 0 2 6 4 3 1 2 0 0 2 2 4 8 7 4 1 2 1 83 137 164 185 199 212 186 185 183 182 83 183 282 387 490 598 705 810 910 1005 
1011 11 0 0 0 0 0 2 0 3 3 3 0 0 0 0 0 3 2 3 4 5 98 142 177 187 165 175 191 198 198 196 98 188 291 396 476 565 671 777 882 1002 
1012 12 0 0 0 0 5 1 2 2 1 1 0 1 0 0 5 1 2 2 3 4 83 139 169 189 183 167 177 186 182 186 83 182 285 392 497 590 691 797 894 988 
1012 12 0 0 1 0 0 3 2 3 2 1 0 0 1 2 0 3 3 4 4 4 90 119 160 164 168 185 177 183 194 196 90 175 283 387 482 582 689 791 895 999 
1009 9 0 1 0 2 2 0 1 1 0 2 0 1 1 2 2 2 1 2 0 2 83 132 157 168 166 175 172 197 209 197 83 178 269 373 474 577 669 780 893 998 
1015 15 0 0 0 1 2 2 1 4 2 3 0 0 0 1 2 3 3 5 4 4 99 137 177 191 175 171 213 195 206 188 99 187 301 404 502 598 712 803 912 1008 
1010 10 0 0 0 3 2 1 2 0 2 0 0 0 0 3 3 1 4 2 3 1 101 128 160 181 181 190 183 176 167 192 101 185 282 392 488 594 695 791 889 999 
1010 10 0 0 0 1 1 1 3 2 2 0 0 0 0 1 1 3 6 4 3 1 86 146 152 186 199 181 189 199 181 164 86 193 278 390 504 596 699 810 913 1000 
1019 19 0 0 1 1 5 2 3 4 1 2 0 0 2 3 7 5 6 6 4 4 86 108 148 169 191 171 210 231 216 198 86 159 263 367 479 572 691 806 913 1009 
1012 12 0 1 1 0 1 0 4 2 1 2 1 1 1 0 1 0 4 5 1 3 81 142 162 174 187 186 200 212 190 183 81 185 281 375 472 566 693 803 898 1000 
1018 18 0 1 0 2 1 2 3 5 1 3 0 2 0 2 3 3 5 7 5 4 82 135 166 176 189 204 182 160 190 204 82 177 277 376 485 599 692 791 899 1012 
1014 14 0 1 1 2 1 3 2 2 1 1 1 2 3 3 4 5 5 4 3 3 89 129 150 184 197 200 197 172 178 180 89 184 284 389 511 618 721 821 920 1004 
1014 14 0 0 1 4 2 2 1 0 3 1 0 0 1 4 6 5 2 2 4 2 97 137 152 186 169 167 167 188 204 181 97 190 292 411 494 589 687 786 902 1001 
1023 23 0 0 1 2 4 2 3 2 3 6 0 0 1 2 4 5 4 5 5 9 83 136 175 182 182 193 188 206 198 197 83 185 290 394 490 593 692 813 912 1015 
1014 14 0 0 1 0 4 2 2 1 3 1 0 0 1 1 4 2 5 3 5 4 89 142 172 195 188 186 195 173 199 191 89 191 295 405 496 599 698 779 898 998 
