1216 216 0 14 17 26 18 26 35 22 35 23 0 14 21 34 29 35 43 31 46 44 93 142 178 178 180 178 190 173 184 195 93 198 326 444 563 683 813 937 1073 1203 
1236 236 0 17 17 31 30 33 29 27 29 23 0 17 21 37 43 46 43 42 41 40 95 155 161 183 190 173 192 208 207 203 95 218 324 453 584 705 831 972 1110 1229 
1210 210 0 6 20 21 32 26 26 25 25 29 0 6 23 25 40 33 37 35 36 40 94 124 152 170 169 159 182 180 196 214 94 186 296 424 541 648 783 910 1051 1197 
1231 231 0 10 22 19 31 28 29 33 32 27 0 11 26 30 37 38 39 44 45 42 84 148 158 187 183 172 197 214 216 176 84 209 319 440 568 692 829 975 1110 1221 
1254 254 0 6 17 30 34 30 31 42 34 30 0 6 17 33 42 41 39 57 51 44 76 132 165 205 219 182 212 197 195 173 76 180 299 438 588 711 865 998 1132 1244 
1233 233 0 16 20 30 25 32 33 30 28 19 0 17 26 35 40 48 50 40 39 34 91 162 177 176 171 183 209 190 181 165 91 221 342 465 585 718 868 998 1118 1225 
1234 234 0 7 20 34 27 32 30 29 30 25 0 7 20 40 46 49 44 45 47 36 78 132 153 198 207 218 208 198 196 182 78 177 297 442 574 725 852 984 1110 1223 
1236 236 0 10 15 26 27 27 31 29 40 31 0 10 18 30 35 39 42 40 55 50 83 118 157 181 170 197 196 200 219 197 83 176 283 409 525 661 799 933 1091 1223 
1247 247 0 6 17 27 31 31 34 41 30 30 0 6 18 32 39 45 52 59 52 51 84 137 170 200 199 202 191 203 171 194 84 189 317 460 601 736 862 1006 1110 1237 
1223 223 0 9 16 22 25 26 30 23 43 29 0 9 19 31 33 39 44 41 57 46 86 121 167 193 193 185 197 194 215 182 86 182 295 433 572 688 817 938 1091 1209 
1220 220 0 7 20 26 25 27 35 24 28 28 1 8 24 34 34 33 48 42 39 40 97 145 163 191 187 175 190 204 202 167 97 212 323 457 587 704 838 975 1107 1212 
1216 216 0 11 32 24 23 20 20 32 27 27 0 11 34 35 33 32 32 42 46 43 115 154 178 157 175 174 170 191 187 196 115 227 358 460 586 701 812 950 1068 1204 
1204 204 0 8 23 23 22 18 24 29 22 35 0 8 27 29 35 28 34 41 36 45 116 160 150 170 196 164 182 168 159 182 116 239 343 466 609 717 845 958 1064 1195 
1241 241 0 17 18 26 32 29 25 23 31 40 0 17 28 34 44 48 39 39 48 55 100 150 185 189 189 197 168 187 192 203 100 218 350 486 611 744 854 970 1089 1227 
1236 236 0 15 26 19 21 32 30 24 32 37 0 15 31 28 34 42 43 40 42 47 96 135 170 174 184 188 195 198 202 177 96 196 335 451 578 711 844 959 1108 1230 
1199 199 0 9 19 15 19 31 32 24 27 23 0 9 22 21 29 38 44 42 43 36 87 142 157 159 180 186 205 189 189 185 87 195 306 417 543 669 815 937 1062 1189 
1202 202 0 3 21 27 26 26 24 23 21 31 0 4 25 38 38 34 34 35 29 40 96 143 182 200 182 174 173 160 167 177 96 199 332 470 591 720 829 936 1052 1189 
1228 228 0 8 22 34 24 33 20 24 34 29 0 9 26 44 34 41 32 40 50 48 85 144 164 196 199 171 174 199 210 190 85 199 318 456 580 693 809 939 1089 1218 
1210 210 0 7 19 24 26 35 28 18 30 23 0 7 21 32 33 43 40 29 38 37 85 139 183 203 183 180 196 162 184 171 85 194 328 463 588 719 863 961 1089 1195 
1217 217 0 12 23 25 24 25 28 30 27 23 0 13 28 33 31 37 39 44 40 35 103 134 176 177 171 178 188 181 188 200 103 197 323 447 559 682 817 945 1071 1207 
1214 214 0 11 19 23 28 28 24 31 29 21 0 11 20 33 41 37 39 47 42 32 78 136 168 195 194 182 198 187 174 167 78 188 308 446 579 703 839 955 1077 1198 
1226 226 0 12 22 30 26 27 23 28 32 26 0 12 25 36 39 45 36 42 48 37 99 138 176 171 180 190 181 199 197 189 99 203 331 455 581 707 832 964 1091 1214 
1223 223 0 10 16 20 26 30 22 33 37 29 1 10 18 26 36 44 33 42 46 43 95 154 164 158 172 187 206 205 181 179 95 216 340 437 550 686 820 963 1084 1211 
1230 230 0 8 12 24 30 23 29 29 29 46 0 8 12 28 38 33 43 43 43 59 88 134 159 170 174 194 182 194 203 195 88 195 307 421 540 682 810 951 1086 1223 
1202 202 0 5 17 16 26 18 26 35 26 33 0 5 19 23 34 23 38 48 44 45 81 120 152 158 161 182 200 212 195 213 81 173 283 389 507 638 771 922 1045 1194 
1247 247 0 10 25 26 21 37 31 30 33 34 0 10 26 34 32 45 51 44 46 48 95 143 162 185 189 196 185 186 202 208 95 203 321 452 579 713 831 957 1092 1237 
1267 267 0 14 26 29 26 31 34 36 35 36 0 14 31 38 37 42 47 56 44 52 71 138 176 176 179 190 182 207 213 206 71 190 325 452 574 696 820 967 1116 1255 
1232 232 0 9 19 21 24 29 28 31 35 36 1 9 24 27 31 40 41 43 41 48 83 129 153 178 173 193 197 180 197 178 83 189 299 431 550 689 831 955 1100 1222 
1221 221 0 8 16 28 24 27 22 37 36 23 0 8 19 34 32 38 32 48 45 42 80 131 169 184 194 185 187 179 192 193 80 191 320 453 585 708 835 960 1097 1217 
1233 233 0 11 16 20 26 39 34 29 32 26 0 11 19 31 38 46 54 54 48 47 90 137 136 177 178 190 203 220 202 202 90 198 291 421 544 680 815 958 1088 1214 
1214 214 0 11 24 21 15 16 23 25 45 34 1 11 27 27 26 29 34 36 57 52 104 160 166 140 177 172 178 188 196 195 104 233 355 454 585 692 801 926 1070 1203 
1220 220 0 3 13 24 29 33 38 28 21 31 1 3 13 30 38 43 53 47 39 41 79 132 161 198 203 196 195 193 186 184 79 176 290 431 567 695 828 958 1075 1211 
1248 248 0 18 18 29 28 30 32 34 34 25 0 18 23 34 46 41 49 46 55 43 97 142 160 177 162 201 195 191 195 212 97 212 323 447 550 694 824 959 1096 1234 
1236 236 0 11 19 27 29 30 33 24 36 27 0 11 23 38 45 44 50 39 45 46 85 133 162 185 198 208 199 206 192 193 85 184 297 426 564 706 830 966 1099 1220 
1254 254 0 6 24 26 33 30 27 33 45 30 0 6 26 33 39 43 46 51 57 46 68 131 181 189 190 197 195 210 204 199 68 175 315 440 568 700 829 974 1116 1246 
1209 209 0 9 15 26 26 30 22 33 23 25 0 9 18 33 38 41 35 44 39 38 89 153 150 148 188 201 184 201 187 187 89 199 305 410 545 682 802 945 1070 1199 
1230 230 0 13 28 19 25 23 23 31 32 36 0 13 33 33 32 38 36 43 51 53 104 136 164 159 172 196 185 183 188 222 104 207 328 436 554 687 811 940 1064 1223 
1225 225 0 15 17 33 25 24 23 28 32 28 0 15 23 40 38 33 37 38 42 46 85 135 150 178 180 165 194 191 215 210 85 194 301 429 557 666 796 928 1082 1217 
1223 223 0 10 19 19 32 32 24 29 31 27 0 10 22 26 44 45 40 43 48 45 86 151 177 181 210 190 182 199 187 184 86 207 333 456 602 726 842 971 1095 1216 
1248 248 0 12 23 26 22 33 36 33 31 32 0 12 27 30 36 41 51 48 50 42 96 124 170 173 171 198 192 186 204 196 96 186 313 439 551 697 829 962 1103 1240 
1217 217 0 13 13 21 28 32 26 24 32 28 1 14 17 25 33 40 35 32 41 40 88 138 151 183 185 191 199 186 204 193 88 198 308 437 554 689 822 941 1079 1209 
1223 223 0 10 21 14 29 27 27 28 36 31 0 10 24 23 39 37 39 37 47 46 101 132 161 162 197 167 189 193 209 198 101 202 325 434 564 669 808 951 1091 1216 
1246 246 0 13 26 22 22 31 32 38 32 30 0 13 31 35 31 41 48 49 46 40 72 139 174 188 178 192 207 175 186 187 72 186 313 445 575 711 849 966 1102 1234 
1225 225 0 14 20 25 27 17 31 32 30 29 0 14 24 32 35 32 40 48 48 48 97 152 173 166 186 179 190 201 203 185 97 215 326 435 575 680 814 953 1094 1217 
1217 217 0 11 17 17 25 21 27 35 33 31 1 11 19 23 30 29 40 42 45 48 89 122 155 155 175 156 197 192 190 215 89 183 300 412 546 654 791 922 1058 1202 
1217 217 0 14 21 16 33 23 27 35 22 26 0 14 24 26 43 34 35 48 38 38 89 137 155 188 184 175 201 179 190 197 89 197 313 441 569 684 828 949 1079 1212 
1208 208 0 10 17 15 23 24 33 20 34 32 1 11 20 20 30 33 39 42 48 48 79 134 164 153 166 176 182 203 177 208 79 191 312 416 534 658 800 936 1051 1192 
1218 218 0 12 24 28 26 32 24 28 25 19 0 13 27 36 36 44 34 39 41 29 83 154 178 204 192 166 170 183 179 173 83 204 335 479 606 713 836 969 1092 1211 
1215 215 0 13 24 20 23 25 31 21 30 28 0 14 27 33 34 37 44 35 41 36 104 159 150 165 189 185 176 172 197 186 104 226 325 438 567 687 810 930 1072 1199 
1236 236 0 12 22 24 30 29 29 31 31 28 0 12 29 33 40 38 45 47 40 41 97 142 155 173 194 193 193 189 186 173 97 212 321 446 589 724 854 977 1109 1222 
1175 175 0 10 18 15 21 21 21 22 27 20 0 11 21 22 30 30 30 35 40 31 94 151 151 159 177 178 175 179 200 180 94 209 314 427 553 669 790 908 1047 1164 
1214 214 0 12 21 16 32 27 32 25 21 28 0 12 26 29 40 40 51 45 34 34 89 124 162 179 196 196 204 182 194 186 89 189 304 427 568 703 837 950 1080 1203 
1200 200 0 10 19 25 24 26 20 23 27 26 0 10 25 34 36 37 29 37 35 35 83 131 166 186 174 186 182 182 163 191 83 183 310 439 561 690 818 935 1048 1186 
1246 246 0 8 18 29 29 36 36 28 32 30 0 8 22 36 40 49 55 40 46 40 75 144 157 174 178 188 194 193 182 202 75 190 305 438 567 695 826 962 1081 1232 
1214 214 0 13 14 30 29 20 22 24 29 33 0 13 19 32 41 40 33 36 38 45 87 143 174 163 176 177 156 176 197 201 87 210 331 449 578 695 794 916 1059 1202 
1265 265 0 11 22 35 22 29 33 38 37 38 1 11 25 44 38 41 44 54 55 55 95 148 158 180 188 202 202 202 213 190 95 205 325 462 582 727 861 987 1136 1261 
1280 280 0 9 23 35 40 37 37 35 35 29 0 9 28 44 58 57 48 51 58 48 87 147 197 204 211 197 192 195 186 179 87 202 348 494 635 765 903 1027 1150 1271 
1210 210 0 13 17 24 18 26 27 30 31 24 0 13 19 31 34 35 36 40 47 40 104 142 163 164 174 172 195 191 197 182 104 217 332 454 569 692 827 950 1082 1202 
1208 208 0 11 21 23 26 23 20 24 30 30 0 11 23 36 39 33 30 29 42 44 97 147 151 173 163 161 169 165 190 212 97 216 326 447 560 676 789 910 1045 1198 
1238 238 0 8 22 22 25 35 31 29 40 26 0 8 26 32 38 47 44 42 56 38 96 154 176 193 191 186 182 181 208 175 96 216 341 472 602 729 853 973 1118 1228 
1237 237 0 9 19 18 28 27 30 37 33 36 0 9 22 31 38 38 40 52 48 55 90 138 159 193 190 189 193 209 210 204 90 199 313 442 561 687 816 958 1096 1226 
1214 214 0 13 17 26 29 30 20 27 26 26 0 13 23 37 45 44 34 37 41 38 93 131 159 215 189 179 168 175 194 201 93 193 307 460 582 698 812 931 1063 1204 
1241 241 0 4 14 30 34 25 33 37 28 36 0 4 15 39 49 41 49 51 46 55 75 131 175 184 193 207 204 193 172 208 75 177 302 435 561 703 838 969 1079 1232 
1225 225 0 12 24 21 29 28 24 26 37 24 0 12 27 28 39 47 37 37 48 44 92 150 150 163 191 200 181 198 175 187 92 206 314 435 582 712 834 968 1093 1214 
1218 218 0 7 18 21 25 24 28 23 32 40 0 8 21 24 33 34 36 32 41 53 79 146 173 156 167 193 184 187 210 215 79 196 315 423 535 672 805 920 1070 1207 
1212 212 0 12 21 25 28 24 35 18 21 28 0 12 26 34 42 34 42 29 28 37 86 137 173 192 181 198 192 171 177 185 86 187 313 452 564 705 838 948 1070 1199 
1244 244 0 14 19 24 42 38 25 29 26 27 0 14 26 31 51 53 38 39 36 40 89 145 185 186 201 191 187 166 187 190 89 200 334 458 608 739 866 973 1108 1236 
1226 226 0 10 20 26 25 31 22 28 25 39 1 10 21 33 41 44 37 41 41 52 87 146 166 180 182 189 191 195 177 204 87 205 326 443 566 695 823 954 1063 1216 
1239 239 0 12 21 16 30 40 27 38 25 30 0 12 26 26 41 52 42 51 40 44 84 134 147 174 181 187 202 204 190 207 84 196 302 426 552 682 825 962 1088 1229 
1210 210 0 7 21 23 26 30 28 28 22 25 0 7 23 34 38 39 33 37 37 38 94 132 158 178 168 178 186 173 199 190 94 193 318 439 564 690 820 938 1071 1198 
1234 234 0 6 13 29 37 26 26 33 34 30 0 6 17 33 48 39 42 47 51 44 99 117 166 174 196 183 185 179 183 190 99 190 306 432 585 707 826 954 1088 1223 
1213 213 0 9 20 14 25 36 23 32 27 27 0 9 23 22 34 43 34 45 41 41 81 133 170 188 202 179 168 179 187 194 81 179 311 425 564 684 807 940 1069 1203 
1237 237 0 11 13 23 26 35 36 35 38 20 0 11 17 28 34 45 48 48 54 41 94 127 158 177 178 185 191 189 200 202 94 194 307 428 556 687 829 957 1098 1227 
1237 237 0 8 14 27 29 34 29 28 35 33 0 8 18 32 42 49 47 40 46 47 83 125 171 184 194 191 207 193 198 191 83 180 306 430 560 698 841 961 1099 1229 
1197 197 0 7 28 22 21 25 30 23 21 20 0 7 31 34 33 35 40 31 33 31 96 145 168 182 185 176 172 169 187 179 96 209 335 453 575 697 816 935 1062 1185 
1215 215 0 11 18 26 17 23 23 34 29 34 0 11 20 33 29 27 31 45 43 45 97 127 150 172 163 168 177 187 208 222 97 198 310 431 540 657 778 911 1057 1207 
1203 203 0 8 9 27 24 25 24 28 27 31 0 8 11 33 38 39 35 38 45 45 86 150 168 173 168 181 186 184 208 203 86 200 314 438 550 679 806 924 1066 1194 
1231 231 0 6 21 28 21 33 30 38 28 26 0 6 23 36 34 45 46 51 42 39 78 148 165 193 188 188 208 196 177 187 78 199 309 444 563 694 833 965 1095 1224 
1220 220 0 8 25 23 30 24 30 32 29 19 1 9 26 34 43 38 39 42 40 39 90 143 174 178 182 197 172 191 168 196 90 193 322 447 580 722 828 963 1075 1209 
1205 205 0 10 13 22 21 28 21 26 34 30 0 11 18 26 27 38 37 40 42 43 94 136 165 173 182 156 179 192 194 177 94 202 319 438 572 676 802 933 1073 1194 
1244 244 0 10 21 26 26 25 40 35 25 36 0 10 24 34 39 39 57 50 43 48 110 146 162 175 182 196 190 183 196 197 110 212 329 444 564 702 823 957 1096 1229 
1225 225 0 7 20 25 16 34 38 21 31 33 0 7 23 33 33 46 51 39 43 45 95 155 150 164 186 191 184 187 192 181 95 209 319 436 553 677 820 941 1080 1214 
1237 237 0 8 16 24 26 26 31 35 34 37 0 8 20 29 34 37 43 53 49 49 90 152 173 187 181 196 189 202 180 190 90 207 327 456 586 725 847 969 1096 1226 
1202 202 0 13 14 17 19 26 27 24 28 34 0 13 17 23 24 33 40 37 44 48 80 136 170 180 189 190 188 181 191 204 80 188 315 436 560 689 808 929 1052 1193 
1227 227 0 11 7 14 28 30 33 30 33 41 0 11 9 18 34 36 45 47 51 58 87 122 150 168 194 189 177 210 208 222 87 181 286 411 547 681 802 947 1079 1219 
1203 203 0 11 17 20 26 28 26 20 28 27 0 11 18 25 34 38 34 34 36 44 104 136 155 169 175 182 176 173 180 190 104 208 322 444 570 699 822 938 1068 1193 
1226 226 0 11 17 24 28 34 17 32 36 27 0 11 18 31 32 44 33 42 49 45 86 138 170 171 180 190 186 180 188 198 86 195 319 431 565 702 816 949 1078 1215 
1237 237 0 11 14 30 28 25 29 25 40 35 0 11 21 37 47 40 41 39 48 54 87 124 170 181 185 182 201 180 185 195 87 185 313 441 564 692 838 951 1095 1226 
1233 233 0 9 17 27 32 20 34 29 35 30 0 9 20 33 44 39 46 44 45 39 89 165 161 163 193 184 186 189 199 193 89 208 310 425 564 676 800 936 1072 1218 
1211 211 0 8 12 30 25 25 28 21 28 34 0 9 16 34 34 36 36 32 38 42 89 133 172 203 182 181 175 175 168 193 89 196 317 461 581 703 825 944 1058 1202 
1213 213 0 14 20 23 19 27 25 31 21 33 0 14 23 28 29 34 38 42 28 44 92 140 155 167 179 169 197 187 189 180 92 206 312 432 550 674 817 949 1074 1204 
1209 209 0 7 15 26 19 32 29 25 27 29 0 7 18 34 27 40 39 37 41 45 88 122 167 186 171 180 185 200 204 205 88 178 303 430 543 669 797 922 1057 1193 
1212 212 0 7 21 30 26 30 26 23 27 22 0 7 22 36 41 44 37 37 39 37 79 132 170 172 187 179 176 189 195 191 79 182 308 431 557 679 803 932 1068 1197 
1225 225 0 9 19 22 26 39 34 22 22 32 0 10 24 29 33 54 47 39 32 42 86 164 163 176 189 196 178 191 172 185 86 224 326 446 577 717 840 972 1087 1214 
1210 210 0 12 22 17 18 35 21 29 28 28 0 12 28 24 23 40 34 38 43 48 106 156 184 171 181 177 172 174 200 171 106 230 363 479 603 735 845 974 1103 1200 
1209 209 0 5 14 17 29 33 27 20 37 27 0 6 15 24 35 44 41 36 43 39 98 145 144 168 169 182 200 175 185 196 98 205 306 425 543 676 813 924 1061 1201 
1213 213 0 6 24 23 19 23 33 28 24 33 0 6 24 31 30 34 47 44 43 45 84 132 164 154 158 191 195 198 211 193 84 186 314 420 535 673 806 933 1068 1201 
1223 223 0 11 16 23 24 31 30 25 33 30 0 11 20 30 40 45 49 37 42 47 91 138 159 180 192 188 188 182 191 203 91 207 315 449 569 690 818 939 1073 1214 
1243 243 0 12 20 27 25 31 30 23 36 39 0 12 25 38 38 40 39 33 45 53 88 160 164 193 177 170 176 185 209 196 88 209 315 457 575 695 823 947 1098 1232 
1225 225 0 9 23 22 32 18 30 32 32 27 0 10 27 28 39 28 41 46 45 39 87 134 162 174 172 196 186 192 189 202 87 200 318 435 562 693 813 945 1079 1219 
