0.9001955 0.900161 0.8995074 0.08846195 0.1013449 0.1139943 0.1333447 0.1568648 0.1893262 0.2411991 0.3285149 0.4995996 1 9845.972 18709.27 27124.03 34810.22 42107.65 48887.04 55183.23 61217.45 67035.99 72526.48 111301.8 1 
0.9010052 0.8993178 0.9002585 0.08930844 0.1015793 0.1121781 0.1298521 0.1581319 0.1909111 0.2424452 0.3278775 0.4894621 1 9939.705 18895.43 27320.62 34831.06 41880.98 48859.23 55328.87 61468.88 67285.7 72566.65 111296.4 2 
0.899255 0.8993744 0.9008301 0.0907809 0.09988019 0.1129136 0.133547 0.1560013 0.189482 0.2411118 0.3246286 0.4960185 1 10121.51 19223.34 27411.78 34953.24 42241.73 48927.14 55214.04 61219.39 66871.36 72331.42 111493.9 3 
0.8994706 0.9000942 0.8995749 0.09065502 0.1008488 0.1146582 0.1301436 0.1571874 0.1926324 0.2447313 0.3235527 0.4957307 1 10106.75 19197.47 27491.52 35179.48 42145.95 48943.65 55420.62 61539.67 67026.28 72386.43 111485.8 4 
0.8994888 0.9012354 0.8995282 0.08929095 0.1005392 0.1148416 0.131275 0.1562439 0.189958 0.2435734 0.3252223 0.499605 1 9943.04 18886.69 27184.3 34927.43 42016.12 48752.26 55094.32 61233.72 66872.7 72376.44 111355.5 6 
0.900589 0.900737 0.8987583 0.09067456 0.1019285 0.1159866 0.1320285 0.1554964 0.1900825 0.2412914 0.3231165 0.4946073 1 10109.48 19213.96 27637.65 35450.58 42553.15 49186.11 55511.01 61522.41 67120.65 72585.64 111491.9 7 
0.9000643 0.8999551 0.8998588 0.0886995 0.09979729 0.1141143 0.1317057 0.1569263 0.1861773 0.2423619 0.3231066 0.4988638 1 9882.687 18777.74 27034.08 34762.69 41953.09 48793.54 54952.84 61152.32 66849.76 72510.35 111417.6 8 
0.8999384 0.9002513 0.9004267 0.08908643 0.0995592 0.1147969 0.1343758 0.1576907 0.1915955 0.2396728 0.3219202 0.4935758 1 9936.116 18878.01 27103.99 34893.82 42284.1 49106.99 55505.97 61392.02 66932.16 72381.15 111533.4 9 
0.900761 0.8999127 0.8997005 0.0919783 0.1011951 0.1144246 0.1298167 0.1566132 0.1915225 0.2430291 0.3278745 0.4995418 1 10232.08 19448.73 27740.62 35376.32 42303.1 49062.32 55494.58 61581.25 67310.16 72755.11 111244.5 11 
0.9000185 0.9005472 0.8994661 0.08945938 0.1005454 0.1132255 0.1306548 0.1572182 0.1937839 0.2409171 0.3247537 0.4953564 1 9954.006 18912.79 27208.57 34806.2 41884.4 48741.56 55341.62 61308.28 66945.59 72371.96 111268.4 12 
0.8997234 0.8995122 0.9007512 0.09039653 0.1020731 0.1125595 0.1322845 0.1549994 0.1889045 0.2388496 0.3290272 0.4947433 1 10065.52 19121.71 27542.52 35017.35 42182.36 48807.32 55091.86 61031.74 66932.27 72348.24 111348.6 13 
0.9000804 0.8989367 0.8999246 0.08823925 0.1008671 0.114693 0.1341049 0.1561384 0.1923558 0.2388178 0.3274601 0.4971805 1 9820.504 18659.75 27030.61 34794.11 42149.66 48858.66 55329.77 61185.21 66953.19 72395.68 111294 14 
0.9003669 0.8989075 0.9005092 0.09008893 0.1013616 0.1155077 0.132035 0.1541081 0.1897851 0.2389421 0.3261554 0.4965952 1 10021.06 19043.69 27405.53 35181.02 42297.9 48844.52 55187.82 61124.13 66913.14 72433.96 111235.2 16 
0.9000971 0.9002291 0.8996698 0.09019688 0.1002409 0.1136827 0.1317639 0.1545374 0.1920017 0.2399734 0.328894 0.49428 1 10060.75 19116.41 27379.21 35024.18 42188.62 48832.44 55360.09 61348.27 67217.96 72604.14 111542.1 17 
0.8990243 0.8995713 0.8996271 0.08993497 0.1006218 0.1144628 0.1309528 0.1549557 0.1905089 0.2421248 0.3275952 0.492611 1 10010.34 19009.89 27282.95 34956 41990.99 48615 54993.11 61052.39 66794.85 72089.73 111306.5 18 
0.9004453 0.8994463 0.8996835 0.09181117 0.09913761 0.1142283 0.1317234 0.1556441 0.1932505 0.2418017 0.3242068 0.4880953 1 10227.39 19436.59 27531.19 35200.97 42330.35 49025.95 55582.66 61594.5 67199.36 72450.58 111395.9 19 
0.9000594 0.8995166 0.8998604 0.08857075 0.101041 0.1121951 0.1312846 0.1587799 0.1915675 0.2401017 0.3246807 0.4922992 1 9870.847 18755.2 27144.04 34675.99 41853.31 48852.41 55318.96 61289.63 66980.77 72386.22 111445.9 21 
0.8996109 0.9008977 0.8998779 0.08982232 0.1006236 0.1139417 0.1329182 0.1538701 0.1925654 0.2440885 0.3279889 0.4972994 1 10021.06 19036.11 27342.84 35003.82 42245.64 48800.9 55334.15 61479.88 67192.81 72556.96 111565.3 22 
0.8995229 0.8993635 0.9002222 0.08953963 0.09951573 0.1153057 0.1294936 0.1568598 0.1898037 0.243522 0.3242378 0.4965682 1 9975.98 18949.6 27140.29 34945.74 41899 48723.66 55085.68 61253.12 66885.29 72363.22 111414.1 23 
0.9004035 0.8997406 0.8998752 0.08856994 0.1015122 0.1136366 0.1327734 0.1554675 0.190141 0.2382248 0.3256142 0.4955833 1 9871.7 18760.21 27203.87 34866.38 42135.29 48846.26 55247.55 61176.46 66986.09 72531.48 111456.5 24 
0.8997198 0.9000869 0.9002335 0.09127784 0.1020753 0.114974 0.1297556 0.1559666 0.1931857 0.2423048 0.3269393 0.4953766 1 10156.75 19294.99 27681.54 35344.67 42226.9 48898.98 55397.68 61380.99 67022.19 72331.46 111272.9 26 
0.8998157 0.9012717 0.8996485 0.08879514 0.1006962 0.1139277 0.1317443 0.154773 0.1931609 0.2399264 0.3265235 0.490697 1 9899.352 18806.94 27152.1 34839.94 42014.04 48682.97 55280.61 61242.29 67002.4 72329.32 111485.3 27 
0.900191 0.8995746 0.8999801 0.08855208 0.1004235 0.1148916 0.1300517 0.1555892 0.1901338 0.238856 0.3246063 0.4996491 1 9858.002 18732.09 27052.06 34838.95 41868.56 48624.97 55055.77 61041.01 66823.77 72499.58 111324.3 28 
0.9006047 0.8992538 0.9003132 0.09132065 0.09925696 0.1148241 0.1315793 0.1568837 0.1890913 0.2408226 0.324768 0.4910575 1 10158.41 19307.12 27421.03 35149.96 42260.61 49040.2 55323.85 61348.43 67048.57 72429.52 111238.9 29 
0.9006433 0.899033 0.89948 0.09037192 0.1005161 0.1125437 0.131214 0.1589877 0.1898047 0.2421493 0.3255624 0.4887059 1 10086.39 19170.64 27470.64 35018.59 42173.02 49176.79 55529.77 61629.54 67342.91 72635.46 111609.8 31 
0.9004073 0.9008609 0.9001348 0.08793967 0.1020364 0.1129341 0.1300532 0.1585669 0.1878135 0.2462703 0.3220494 0.4936816 1 9797.255 18618.78 27132.56 34734.86 41801.89 48803.84 55070.81 61436.69 66998.61 72465.13 111408.8 32 
0.9006911 0.89853 0.9004503 0.08981902 0.09911082 0.1124417 0.1334196 0.1566955 0.1886848 0.240995 0.3257892 0.49845 1 10009.66 19025.28 27189 34763.79 42132.43 48961.48 55282.65 61381.38 67176.48 72770.95 111442.6 33 
0.8997715 0.9002999 0.8993379 0.08977593 0.09918801 0.1163158 0.1299668 0.1559934 0.1878071 0.244734 0.3240116 0.490562 1 9994.429 18987.13 27134.99 35032.71 42005.03 48742.55 54981.41 61244.4 66878.74 72224.6 111326.4 34 
0.8997514 0.8985076 0.9004204 0.09051405 0.09978345 0.1154594 0.1313926 0.1580753 0.186639 0.2401385 0.3309062 0.4898689 1 10081.2 19151.77 27339.49 35127.29 42203.92 49048.06 55140.27 61133.76 67068.78 72294.41 111377.1 36 
0.8994048 0.9005297 0.9005632 0.09151324 0.1009541 0.1159875 0.1307816 0.1555685 0.1911984 0.2430643 0.3237681 0.4988495 1 10187.34 19349.88 27613.22 35381.48 42334.2 48944.49 55301.02 61336.25 66860.14 72318.48 111320.9 37 
0.8999742 0.900451 0.9003846 0.08961091 0.1006558 0.1135385 0.1327304 0.1556353 0.1900056 0.2379886 0.3297955 0.497495 1 9967.278 18937.57 27235.85 34851.35 42080.49 48767.95 55122.46 61004.75 66936.45 72407.2 111228.4 38 
0.8994284 0.8997682 0.9007721 0.09061382 0.1017414 0.1127859 0.130898 0.1554395 0.1920505 0.2420408 0.325497 0.4907696 1 10102.67 19189.29 27574.83 35073.38 42122.75 48802.11 55284.34 61322.6 66977.49 72264.46 111491.5 39 
0.8997622 0.9004306 0.9003347 0.08995471 0.09962401 0.1154027 0.1305005 0.1587671 0.1900789 0.2407663 0.3287179 0.4925824 1 10005.23 19007.56 27186.22 34978.48 41993.1 48913.04 55218.8 61182.78 66969.58 72246.81 111225.2 41 
0.9001752 0.9006349 0.9002532 0.08888811 0.09908662 0.1145233 0.1328676 0.1551096 0.1898256 0.2395846 0.3273582 0.4887729 1 9889.659 18792.09 26960.58 34728.15 42005.98 48689.35 55075.26 61077.25 66928.58 72247.3 111259.6 42 
0.9001889 0.900931 0.9002884 0.08928762 0.0994385 0.1148363 0.1303982 0.1584197 0.188984 0.2406883 0.3302696 0.493095 1 9937.5 18883.13 27077.48 34857.22 41914.08 48861.58 55159.59 61196.67 67115.03 72441.63 111297.6 43 
0.898958 0.8997862 0.9005017 0.08949289 0.1014571 0.113572 0.1322656 0.1549654 0.1894963 0.2422508 0.3288358 0.4986579 1 9976.782 18945.49 27329.55 34926.57 42090.89 48709.44 55021.61 61102.01 66900.73 72326.38 111481.3 44 
0.9007702 0.8993771 0.9002403 0.08998227 0.1007242 0.1149656 0.1280526 0.15847 0.190233 0.2361288 0.3303232 0.4990561 1 10020.31 19046.31 27363.58 35125.25 41967.76 48947.91 55349.12 61172.91 67194.97 72761.6 111358.7 46 
0.8995119 0.9019623 0.9000336 0.09002629 0.1009727 0.114424 0.131164 0.1562245 0.1880854 0.2460881 0.3225389 0.4970457 1 10017.02 19027.46 27338.98 35007.44 42062.93 48777.79 54991.38 61273.03 66783.23 72253.04 111267.8 47 
0.9000551 0.8992291 0.8997537 0.0877159 0.1002534 0.114022 0.1330069 0.1547409 0.1886247 0.2418053 0.3303056 0.4947402 1 9771.691 18566.75 26899.85 34637.65 41951.33 48627.4 54966.07 61120.67 67075.89 72473.15 111401.6 48 
0.9011763 0.8992314 0.9000133 0.08961501 0.0995503 0.1147212 0.1311774 0.1542967 0.1906135 0.2406788 0.3261125 0.5011876 1 9974.096 18962.51 27175.53 34956.91 42097.71 48765.38 55258.75 61359.01 67190.04 72869.08 111299.4 49 
0.9000667 0.9010778 0.8998132 0.09006612 0.1008098 0.112495 0.1335806 0.1558137 0.1879634 0.2384002 0.325853 0.4935828 1 10033.52 19064.36 27378.11 34895.96 42214.76 48916.99 55150.06 61093.15 66911.71 72401.09 111401.7 51 
0.8995023 0.9007153 0.8998148 0.09028797 0.1014324 0.1116862 0.1310988 0.157541 0.1905186 0.2405445 0.3241006 0.49607 1 10044.25 19079.07 27426.88 34826.98 41917.23 48762.54 55127.89 61101.76 66743.12 72224.41 111246.8 52 
0.8992654 0.8990929 0.9002235 0.09168768 0.09992494 0.114354 0.1314063 0.1555986 0.1926569 0.2424428 0.3277734 0.4809464 1 10231.45 19432.24 27603.02 35255.02 42320.98 48977.8 55461 61473.51 67160.91 72113.45 111590.3 53 
0.9002925 0.8996564 0.8999649 0.09116153 0.1014416 0.1140715 0.1327468 0.1530471 0.1894162 0.2437453 0.327766 0.497906 1 10147.12 19282.49 27621.93 35236.91 42413.75 48873.7 55204.93 61387.56 67151.72 72592.92 111309.2 54 
0.9008058 0.8996353 0.8998147 0.09062437 0.1015829 0.112358 0.1330405 0.1574491 0.1915744 0.2432233 0.3209882 0.4971076 1 10087.45 19174.28 27554.84 35039.46 42303.13 49125.71 55548.81 61632.76 67098.58 72619.39 111310.5 56 
0.8993179 0.9004721 0.9000649 0.09107062 0.1001893 0.1153221 0.1318501 0.1575373 0.1929183 0.2429596 0.3296191 0.4940836 1 10130.3 19240.66 27433.14 35162.62 42234.22 48989.48 55413.22 61376.8 67052.34 72214.19 111235.6 57 
0.8991901 0.8999836 0.8997872 0.08880769 0.1009136 0.1138687 0.1330668 0.1539703 0.1916925 0.2412627 0.3292273 0.4935869 1 9884.639 18772.81 27114.9 34764.53 42011.93 48562.27 55027.18 61037.23 66850.24 72144.74 111303.9 58 
0.900039 0.8996679 0.900222 0.09039045 0.09955645 0.1127261 0.1317041 0.1559073 0.1915394 0.2399674 0.328077 0.4942976 1 10071.51 19136.25 27313.49 34870.66 42049.45 48807.78 55296.19 61282.3 67120.17 72522.27 111422.2 59 
0.8999682 0.9007681 0.8990625 0.08993498 0.09977339 0.1123988 0.1293882 0.1543498 0.1949329 0.2406867 0.3255871 0.493215 1 10031.51 19059.55 27281.02 34823.31 41834.68 48549.48 55333.72 61369.81 67116.32 72545.12 111541.8 61 
0.9001405 0.9006298 0.8988737 0.09044594 0.09934157 0.1157498 0.133413 0.1577328 0.1916627 0.2366916 0.3282799 0.4960969 1 10079.6 19152.65 27309.71 35149.84 42409.8 49209.27 55588.46 61310.84 67123.22 72535.44 111443.3 62 
0.9000192 0.8997213 0.9006221 0.08955588 0.09981446 0.1141523 0.1294275 0.1554567 0.1893123 0.2437597 0.3276466 0.4924277 1 9983.113 18968.11 27201.87 34911.19 41895.47 48659.67 55059.4 61313.2 67135.65 72501.43 111473.6 63 
0.9014499 0.9000224 0.9000266 0.08981521 0.1006069 0.1153723 0.1329156 0.1541849 0.1882149 0.2458833 0.3263607 0.4905075 1 9999.731 19013.99 27335.35 35156.69 42408.52 49008.23 55307.79 61660 67397.27 72716.27 111336.7 64 
0.8990703 0.9011834 0.8998154 0.09019537 0.0997148 0.1146543 0.133944 0.1545401 0.1873107 0.2403198 0.3293515 0.4983175 1 10032.41 19052.25 27220.19 34918.61 42198.31 48734.91 54878.88 60874.91 66740.09 72189.93 111229.8 66 
0.8995291 0.9009746 0.899983 0.09097634 0.1004273 0.114026 0.1310136 0.1559322 0.1931176 0.2336082 0.3290169 0.4963827 1 10122.44 19227.87 27453.46 35069.79 42107.31 48799.65 55315 60902.39 66813.29 72278.29 111264.5 67 
0.8996432 0.9001378 0.9000931 0.0895402 0.1015271 0.1141375 0.1297225 0.1574197 0.1932259 0.2434206 0.325638 0.4957238 1 9974.05 18947.14 27342.32 34998.67 41957.62 48805.54 55344.78 61414.78 67016.5 72368.91 111391.9 68 
0.8998877 0.8992059 0.9000811 0.08983591 0.09945222 0.1137434 0.133083 0.1552307 0.1888008 0.2431639 0.3260858 0.4975258 1 10013.25 19024.06 27208.78 34876.33 42160.19 48835.42 55141.56 61317.64 67050.01 72543.56 111461.6 69 
0.8995427 0.9007696 0.8994068 0.08985156 0.1012796 0.1145025 0.1321258 0.1564773 0.1904845 0.2421634 0.3257898 0.4931373 1 9995.932 18987.7 27335.15 35008.7 42138.38 48848.11 55177.57 61198.61 66840.75 72158.15 111249.4 71 
0.8997319 0.9003773 0.8997347 0.08835447 0.1001458 0.1172893 0.1321868 0.1525062 0.1902871 0.2426983 0.3244749 0.4941139 1 9838.099 18689.75 26981.56 34989.86 42139.78 48585.7 54998.32 61137.33 66806.15 72245.16 111348.1 72 
0.9000762 0.9003225 0.8995729 0.09028466 0.1004258 0.1146712 0.1314118 0.1550469 0.1909591 0.2387279 0.3278955 0.4971088 1 10066.43 19126.99 27401.95 35126.9 42232.46 48891.35 55327.22 61249.34 67102.02 72596.77 111496.6 73 
0.8994461 0.8997949 0.8998708 0.09127595 0.1016096 0.115423 0.1300749 0.1572324 0.1910748 0.2429743 0.3253468 0.4941161 1 10170.14 19317.64 27663.33 35380.96 42289.66 49043.21 55383.61 61409.33 66987.65 72294.42 111421.9 74 
0.8988506 0.9009158 0.900778 0.08953755 0.09881745 0.1128881 0.1287299 0.1560328 0.1908526 0.2398376 0.3231143 0.4929494 1 9953.28 18899.79 26989.39 34555.8 41476.33 48280.78 54752.29 60760.29 66438.93 71929.47 111163.2 76 
0.8986219 0.9005461 0.8998499 0.08956683 0.09794934 0.1130466 0.130672 0.1550472 0.18951 0.2404374 0.3217075 0.4970842 1 9978.438 18945.28 26959.58 34569.59 41669.19 48382.96 54774.48 60837.66 66475.53 72109.21 111407.7 77 
0.9010983 0.9001079 0.8995303 0.09047646 0.1004764 0.1141145 0.1329805 0.1561619 0.1897539 0.2370925 0.3240031 0.4826345 1 10081.05 19165.06 27451.95 35139.4 42403.01 49143.25 55494.12 61355.68 67120.65 72397.84 111421.8 78 
0.9004487 0.899455 0.9002399 0.09037007 0.1014139 0.1135263 0.1310656 0.1579231 0.1925618 0.2420748 0.3244592 0.4967006 1 10066.13 19130.17 27501.18 35099.56 42183.68 49059.68 55547.74 61561.09 67158.96 72600.08 111387.9 79 
0.9009701 0.9001803 0.8999402 0.09026476 0.09916811 0.1136174 0.1339682 0.1587208 0.1900717 0.2426333 0.3271737 0.5011989 1 10052.42 19109.34 27264.01 34933.51 42311.67 49241.42 55567.77 61647.43 67371.2 72891.36 111365.9 81 
0.8995575 0.9008903 0.8992405 0.08939343 0.1013583 0.1141142 0.1322332 0.1557762 0.1901841 0.2402084 0.3183448 0.501394 1 9955.706 18911.44 27291.06 34949.65 42115.05 48798.46 55145.56 61111.87 66558.76 72311.33 111369.6 82 
0.8995792 0.899039 0.9003813 0.09009803 0.09994383 0.1163292 0.1305846 0.1563676 0.19554 0.2422956 0.3244427 0.4963775 1 10038.55 19069.02 27286.35 35160.96 42159.44 48887.63 55542.79 61492.79 67013.53 72372.4 111418.1 83 
0.9002164 0.9015312 0.9004405 0.08970355 0.09956814 0.11377 0.1335681 0.1554379 0.1894469 0.2433605 0.3319539 0.4964929 1 9967.486 18940.38 27121.6 34777.16 42087.96 48758.72 55082.88 61237.26 67151.38 72465.45 111115.8 84 
0.899911 0.8995679 0.900035 0.09070044 0.1002798 0.1146314 0.1330061 0.156654 0.1920689 0.2408987 0.3272376 0.4977931 1 10103.77 19196.26 27432.59 35133.9 42349.47 49069.73 55489.99 61418.73 67111.93 72512.43 111397.1 86 
0.9000872 0.9000836 0.9006875 0.0901691 0.1002902 0.113048 0.1333365 0.1570614 0.1914177 0.2405279 0.3263129 0.4916673 1 10020.2 19039.26 27276.99 34835.26 42112.77 48887.68 55285.81 61225.57 66919.68 72222.86 111126.8 87 
0.9005778 0.8995355 0.8999617 0.09106874 0.1006566 0.1145635 0.1303709 0.1565584 0.1939698 0.2437816 0.3196878 0.4855081 1 10146.37 19283.97 27560.02 35253.78 42262.01 49039.31 55636.76 61727.66 67116.31 72351.71 111414.4 88 
0.9002383 0.9003687 0.9006653 0.08966731 0.1007729 0.1145061 0.1317778 0.1552272 0.1888568 0.2406006 0.3220027 0.4915414 1 9977.018 18958.71 27274.66 34983.22 42121.54 48789.2 55093.75 61142.32 66775.95 72257.9 111267.1 89 
0.8995314 0.8993766 0.9000745 0.08831072 0.1001451 0.1161087 0.1312813 0.1566076 0.1912323 0.244937 0.3240038 0.4922427 1 9842.379 18695.91 26993.24 34897.51 42001.22 48776.46 55199.3 61383.35 66932.02 72239.64 111451.7 91 
0.8992764 0.9006057 0.9001733 0.0900338 0.1015721 0.11545 0.1325204 0.1552256 0.1913832 0.2357842 0.327538 0.4946806 1 10024.4 19039.11 27412.3 35160.09 42288.69 48871.14 55241.1 60926.73 66732.72 72140.44 111340.4 92 
0.8997955 0.8994231 0.9006509 0.09169274 0.0987886 0.1142517 0.1306367 0.1562054 0.1906429 0.2413835 0.3258288 0.4972334 1 10201 19379.82 27420.57 35077.62 42100.31 48835.73 55222.88 61249.45 66949.69 72419.95 111252 93 
0.8986268 0.8997248 0.9003844 0.09163196 0.1001661 0.1140654 0.1321906 0.1580568 0.1883568 0.2420138 0.3236376 0.493693 1 10207.57 19380.37 27551.51 35144.66 42245.49 49027.6 55159.23 61145.03 66681.85 72030.07 111397.5 94 
0.9004183 0.899231 0.8991234 0.0888936 0.100483 0.1148815 0.1295679 0.1556091 0.1877879 0.2407005 0.3326982 0.4950276 1 9901.78 18817.52 27141.39 34926.09 41917.45 48687.65 54991.66 61125.9 67224.12 72628.44 111389.1 96 
0.9005321 0.9002161 0.8991835 0.08971983 0.09974645 0.114556 0.1306828 0.1546346 0.1917409 0.241986 0.3273799 0.4944283 1 9988.723 18983.89 27204.27 34949.84 42030.46 48709.22 55247.31 61363.41 67167.35 72582.48 111332.4 97 
0.8996599 0.899461 0.9000166 0.08862947 0.1004173 0.113249 0.1322744 0.1564702 0.1916321 0.2404348 0.3284941 0.4988745 1 9868.103 18746.04 27054.7 34677.78 41905.24 48690.71 55158.96 61139.8 66955.3 72423.85 111341.1 98 
0.9001134 0.9010341 0.8997905 0.08987924 0.09971353 0.1123339 0.1329952 0.156512 0.1888246 0.2416172 0.3283883 0.4922506 1 10010.71 19021.48 27229.33 34761.18 42062.85 48854.02 55160.65 61262.06 67110.93 72456.22 111379.5 99 
0.9009133 0.8999379 0.8993055 0.08884496 0.1012063 0.1132497 0.1335542 0.1557983 0.1902077 0.2440673 0.3215528 0.4943062 1 9890.696 18801.35 27204.22 34833.48 42179 48912.81 55313.89 61520.44 67064.35 72558.75 111325.3 1 
0.9004315 0.8999828 0.900454 0.09007425 0.100318 0.1145443 0.1297475 0.1567809 0.1877264 0.2450554 0.3273983 0.4958726 1 10041.3 19082.8 27358.68 35088.02 42078.92 48914.46 55175.84 61485.36 67268.39 72698.39 111478 2 
0.8988789 0.8994556 0.9001674 0.09006645 0.1003916 0.1133979 0.1333268 0.1574208 0.191117 0.2408485 0.319877 0.4954012 1 10020.51 19027.74 27266.9 34837.14 42079.92 48841.06 55171.17 61079.4 66484.94 71961.45 111256.9 3 
0.9008308 0.9005606 0.8999747 0.08993688 0.1001176 0.1138912 0.1324687 0.1580938 0.1864448 0.2415473 0.3231925 0.4998628 1 10005.95 19019.62 27270.3 34942.84 42172.52 49063.3 55191.94 61306.46 66986.29 72652.96 111255.3 4 
0.8998473 0.9003044 0.9001614 0.08994436 0.1009547 0.11434 0.1321161 0.1547076 0.1896685 0.2433523 0.3262238 0.4961813 1 10011.11 19019.58 27340.64 35014.92 42163.74 48770.18 55108.19 61256.82 66956.71 72379.28 111303.4 5 
0.8998107 0.9003691 0.89979 0.08893595 0.09875925 0.1142866 0.1318769 0.1548869 0.1923279 0.239291 0.3241377 0.4990384 1 9897.006 18802.44 26931.38 34675.81 41874.45 48561 55115.22 61068.65 66774.88 72388.9 111282.4 6 
0.8997022 0.9006743 0.8995533 0.09028426 0.09952562 0.1146985 0.1312443 0.1550124 0.1892177 0.2441386 0.3267721 0.4954234 1 10067.99 19126.18 27304.38 35043.5 42142.72 48806.79 55144.9 61365.34 67099.34 72504.2 111514.3 7 
0.9008886 0.9007532 0.8989934 0.08915953 0.1002902 0.1128675 0.1331211 0.1536694 0.1909316 0.2446805 0.3271115 0.4914396 1 9927.224 18870.55 27171.2 34776.72 42105.52 48715.38 55225.99 61508.92 67284.14 72616.61 111342.3 8 
0.9001241 0.8989697 0.9007433 0.08953947 0.1010484 0.1132632 0.1326909 0.1570132 0.1895451 0.2441463 0.3304398 0.4922751 1 9984.763 18972.29 27336.63 34943.72 42192.5 48999.6 55321.33 61504.23 67339.02 72560.9 111512.4 9 
0.9001363 0.9011352 0.8989823 0.08981768 0.1005302 0.1125465 0.1319192 0.1557815 0.1928471 0.2386031 0.3202363 0.4982992 1 10021.87 19042.92 27350.89 34900.5 42109.59 48867.23 55444.29 61349.23 66914.97 72599.97 111580.2 10 
0.899918 0.8991716 0.9006347 0.08988143 0.1007303 0.1134001 0.1301297 0.1566296 0.1855164 0.2439329 0.3215462 0.4914535 1 10005.86 19010.31 27313.41 34911.86 41929.6 48739.17 54855.25 61139.27 66754.68 72241.71 111322.9 11 
0.9011254 0.900109 0.8999095 0.08963327 0.0985546 0.1136774 0.1302653 0.1551435 0.1898872 0.2406264 0.3227003 0.4980045 1 9975.458 18964.6 27074.68 34779.98 41885.97 48667.26 55150.06 61292.09 67040 72753.75 111291.9 12 
0.8990365 0.898486 0.9007073 0.09080589 0.100577 0.1133571 0.1328016 0.1565156 0.1889599 0.2453834 0.3275079 0.4959453 1 10111.46 19202.04 27445.85 34996.95 42185.46 48884.62 55108.29 61297.46 66946.03 72241.57 111352.5 13 
0.8997831 0.900452 0.9000369 0.08801799 0.1011191 0.1147339 0.1331572 0.1573718 0.1920357 0.2428129 0.3326539 0.4949749 1 9811.714 18640.13 27052.07 34825.64 42107.63 48923.51 55367.89 61411.56 67282.5 72480.69 111474 14 
0.8995819 0.8993734 0.9007712 0.09075023 0.1013767 0.1129041 0.1322511 0.1565429 0.1882573 0.239609 0.3275115 0.4872407 1 10109.31 19203.46 27543.3 35053.93 42212.24 48941.5 55152.24 61108.29 66918.51 72150.83 111397.1 15 
0.9006084 0.9000213 0.9004161 0.08891923 0.1000297 0.1128793 0.1335544 0.1536427 0.1900251 0.2419555 0.3207999 0.4951963 1 9877.536 18773.33 27031.1 34625.84 41975.75 48560.28 54993.5 61140.02 66734.43 72338.08 111084.4 16 
0.9009196 0.900481 0.8993202 0.08973914 0.09971421 0.112635 0.1295217 0.1590874 0.1929618 0.2374877 0.3325267 0.4946323 1 9994.697 18999.12 27225.73 34808.54 41849.77 48919.07 55511.9 61374.43 67424.87 72789.27 111375 17 
0.8992676 0.8997103 0.9007939 0.08991123 0.09836152 0.1141137 0.1307742 0.1573482 0.1914607 0.2406281 0.3294365 0.4929259 1 9998.801 18990.4 27032.49 34722.73 41796.86 48643.18 55079.99 61051.76 66878.54 72158.43 111207.5 18 
0.8985018 0.9006183 0.8998078 0.08919544 0.1024678 0.1127328 0.1299274 0.1560415 0.1911354 0.2420592 0.3227828 0.4961857 1 9929.922 18851.97 27328.54 34814.3 41772.12 48495.3 54906.26 60942.7 66490.71 71957.01 111327.7 19 
0.9002612 0.9001117 0.8998274 0.09019468 0.09991609 0.1132094 0.1357732 0.1606377 0.1899226 0.2385145 0.3254576 0.4967782 1 10030.97 19061.47 27270.18 34860.7 42349.24 49337.55 55543.44 61323.26 66968.77 72399.59 111214.7 20 
