0.5027617 0.9007593 0.9003751 0.09571014 0.1133697 0.1245706 0.1427287 0.1671084 0.1963627 0.2515641 0.330781 0.496257 1 10034.67 15079.72 18330.06 19687.21 20401.33 20799.26 20774.76 21067.39 21045.78 21076.75 104844.4 1 
0.4987768 0.9030894 0.8997528 0.09585896 0.1102988 0.1268012 0.1447728 0.1677448 0.200027 0.2509005 0.3312576 0.4958073 1 10040.84 15048.97 17951.94 19638.19 20446.74 20753.43 20826.41 20898.77 20819.41 20789.56 104745.9 2 
0.4997257 0.899414 0.8996208 0.09563952 0.1114646 0.125233 0.1406224 0.1684414 0.2018683 0.2513009 0.3398319 0.5036453 1 10044.22 15063.57 18114.27 19620.68 20186.02 20773.6 21030.68 21090.72 21252.55 21101.99 105021.6 3 
0.5019697 0.8995624 0.900192 0.09675101 0.1105661 0.1264723 0.1439794 0.1671408 0.2009516 0.2490578 0.3291851 0.5027401 1 10156.92 15255.39 18141.96 19773.25 20532.88 20847.62 21019.72 21004.09 20918.22 21129.16 104980 4 
0.4988347 0.8993631 0.8999506 0.09497793 0.111242 0.1240792 0.1402668 0.1688637 0.1994961 0.2490479 0.3386044 0.498346 1 9969.071 14941.99 18020.79 19464.87 20082.51 20753.78 20894.39 20957.54 21210.17 21050.29 104962 5 
0.5010995 0.9003652 0.9014202 0.09414189 0.1108636 0.125702 0.1417384 0.1665705 0.1997101 0.2475761 0.3289673 0.5045906 1 9880.236 14831.22 17971.74 19631.27 20312.36 20744.02 20952.31 20973.3 20981.57 21292.24 104950.5 6 
0.49661 0.9006431 0.901428 0.09333581 0.1092244 0.1257638 0.1435072 0.1637435 0.1982153 0.247835 0.3364269 0.5036388 1 9790.575 14652.67 17664.52 19426.81 20276.17 20456.38 20673.71 20807.9 21096.28 21168.3 104896.2 7 
0.5012536 0.8977481 0.901335 0.09587385 0.1109159 0.1226825 0.1418484 0.1667208 0.1995944 0.2521966 0.3318984 0.4963748 1 10070.5 15118.38 18111.66 19437.24 20250.6 20748.92 20973.09 21205.44 21152.24 21117.02 105039.1 8 
0.4987099 0.900231 0.9001327 0.09535277 0.1109643 0.1256329 0.1424432 0.1682945 0.1997821 0.2561892 0.3313086 0.4986192 1 10001.67 14989.61 18004.83 19577.6 20270.41 20754.51 20860.92 21188.87 20941.61 20884.49 104891.3 9 
0.5003091 0.8987861 0.9000891 0.09563229 0.1112102 0.1256694 0.1430311 0.166307 0.2000162 0.2456105 0.3345433 0.5004273 1 10047.78 15074.77 18109.12 19673.18 20403.93 20731.79 20923.99 20833.83 21074.24 21145.78 105066.8 10 
0.5017429 0.8983426 0.8999968 0.09617217 0.1110073 0.1244262 0.1430789 0.1637621 0.2004281 0.248568 0.3319726 0.5019335 1 10098.37 15165.15 18144.12 19601.46 20404.38 20604.27 20947.86 21031.32 21110.73 21256.57 105003 11 
0.4976372 0.8991796 0.900599 0.09618224 0.1106933 0.1238119 0.1440484 0.1664262 0.1985858 0.2464947 0.3357028 0.4996604 1 10106.75 15136.24 18045.17 19437.04 20332.53 20660.08 20766.7 20764.76 21037.11 21052.13 105079.1 12 
0.5011537 0.8987984 0.9011574 0.0955541 0.1116036 0.126363 0.1431857 0.1690963 0.1996747 0.2509619 0.3355721 0.5048895 1 10037.65 15068.05 18154.77 19764.09 20463.36 20939.04 20976.14 21056.5 21113.34 21138.38 105046.8 13 
0.4989623 0.9001174 0.8981951 0.09431465 0.1108849 0.1259258 0.14253 0.1673233 0.1991458 0.2498662 0.331108 0.5023172 1 9893.122 14829.42 17933.58 19584.81 20295.19 20719.39 20836.14 20945.03 20936.42 21086.92 104894.9 14 
0.4997282 0.8988234 0.9002155 0.09556375 0.1108248 0.1236071 0.1418016 0.1664655 0.1989907 0.254676 0.3349484 0.4973931 1 10037.34 15053.28 18050.42 19461.11 20222.4 20681.22 20872.4 21233.08 21199.93 21051.96 105032.9 15 
0.5009123 0.9002694 0.8996529 0.09654721 0.1122385 0.1250086 0.1425368 0.1649146 0.1998478 0.2491413 0.3301268 0.4994797 1 10128.92 15202.62 18253.44 19662.14 20343.37 20601.51 20855.53 20956.57 20953.92 21093.9 104911.6 16 
0.498782 0.9001809 0.9000481 0.09477947 0.1101497 0.1245571 0.1402033 0.1645771 0.2024021 0.2501682 0.3340273 0.4970758 1 9941.087 14899.52 17889.82 19446.6 20069.57 20476.42 20966.43 21058.44 21116.88 21051.07 104886.5 17 
0.5025859 0.8992752 0.9006739 0.0947522 0.1116088 0.1236568 0.1426057 0.1680966 0.1989062 0.2506885 0.3323439 0.4928248 1 9948.914 14949.1 18121.67 19549.52 20378.15 20907.04 21006.25 21157.39 21163.19 21061.34 104999.3 18 
0.5010573 0.8980593 0.8994564 0.09601307 0.1097674 0.1229721 0.1437617 0.1658096 0.1997753 0.2503467 0.3367448 0.4996107 1 10087.07 15141.27 18011.5 19421.77 20391.42 20744.6 20974.96 21119.96 21281.4 21191.51 105059.4 19 
0.4993077 0.8992274 0.9003058 0.09502867 0.1110776 0.1264363 0.1431061 0.1679017 0.1992486 0.2543888 0.3355825 0.5002947 1 9977.186 14958.87 18023.03 19677.87 20383.87 20793.04 20864.11 21133.89 21092.73 20972.36 104991.3 20 
0.5008263 0.8996199 0.8992419 0.0949753 0.1101077 0.1233009 0.1419674 0.1677725 0.1979736 0.2523448 0.3354143 0.4983314 1 9966.185 14957.51 17947.86 19409.11 20239.13 20802.03 20892.38 21171.14 21244.1 21146.44 104934.5 21 
0.5006694 0.9004551 0.9008078 0.09335105 0.1096963 0.1249892 0.142074 0.1669644 0.2004642 0.251843 0.3351085 0.4900217 1 9791.488 14693.79 17788.56 19488.48 20282.59 20766.79 21011.09 21180.7 21217.81 20941.94 104888.9 22 
0.5011471 0.897565 0.899478 0.09518412 0.1092088 0.1289898 0.1422297 0.1668775 0.2021931 0.2486967 0.3308462 0.4960336 1 10000.16 15011.7 17904.57 19895.62 20461.03 20811.71 21087.04 21025.73 20989.49 21005.35 105061.2 23 
0.4981715 0.8983592 0.9004324 0.09611265 0.109107 0.1255983 0.1439718 0.1680668 0.1982537 0.2490285 0.338399 0.4951328 1 10097.16 15127.28 17896.6 19540.91 20384.66 20797.46 20804.72 20882.29 21136.32 20919.73 105055.5 24 
0.5020132 0.900509 0.9020848 0.0954802 0.1109345 0.1260481 0.1434273 0.1631591 0.2002586 0.2494784 0.3327716 0.5013716 1 10018.56 15048.01 18083.05 19713.97 20473.69 20584.46 20919.61 21048.73 21125.13 21219.25 104928.1 25 
0.4999751 0.8999191 0.8997019 0.09458141 0.1101399 0.1283012 0.1421533 0.165 0.2025997 0.2524668 0.3359184 0.5002257 1 9920.687 14880.78 17899.98 19792.25 20367.65 20610.51 20995.5 21120.31 21125.63 21011.03 104890.5 26 
0.5001397 0.9015376 0.8986885 0.09389662 0.110351 0.1258523 0.1420301 0.1647872 0.1969823 0.2517384 0.3296679 0.4998982 1 9845.21 14769.19 17870.71 19575.18 20284.22 20590.98 20727.61 21069.56 21025.44 21176.11 104851.6 27 
0.4992266 0.8998335 0.9003682 0.09498734 0.1109953 0.1236935 0.1431188 0.1667164 0.1971292 0.2487707 0.3289671 0.4962982 1 9972.76 14951.43 18010.66 19439.93 20298.95 20708.36 20757.23 20919.13 20930.32 21065.5 104990.4 28 
0.50028 0.8997869 0.9000673 0.09562658 0.1109566 0.1268343 0.1433109 0.1658387 0.2000101 0.2514187 0.3325944 0.5004672 1 10032.13 15051.01 18056.98 19732.02 20426.61 20682.87 20874.28 21029.12 21003.64 21035.66 104909.4 29 
0.5010741 0.8995194 0.8999684 0.09346509 0.1105605 0.122919 0.1431926 0.1660369 0.1994097 0.2498937 0.3357467 0.4984594 1 9812.835 14729.79 17903.47 19376.51 20340.86 20754.94 20979.19 21126.18 21282.75 21213.26 104989.3 30 
0.4989486 0.8997546 0.8997208 0.09643842 0.1115153 0.1240195 0.1440705 0.1662225 0.2014526 0.2465919 0.3343797 0.5007878 1 10114.68 15161.38 18132.78 19489.7 20350.59 20647.67 20906.02 20796.09 20965.38 21016.75 104882.2 31 
0.4997227 0.9034289 0.8980757 0.09594751 0.1110065 0.1244573 0.143342 0.1659611 0.1979137 0.2464965 0.3316487 0.505511 1 10047.06 15067.81 18038.39 19488.33 20300.81 20620.62 20724.03 20765.07 20929.23 21208.86 104714.2 32 
0.5004853 0.8998826 0.9009168 0.09422596 0.1100578 0.1244023 0.1448321 0.1669325 0.1967397 0.2518372 0.3359223 0.4954628 1 9892.213 14843.12 17894.35 19483.54 20483.07 20829.42 20810.45 21093.98 21214.15 21055.51 104983.9 33 
0.4982155 0.9006909 0.9001583 0.09449847 0.1120764 0.1259149 0.1428098 0.1667235 0.2022605 0.2480907 0.330654 0.5055609 1 9914.352 14853.84 18047.8 19613.09 20301.24 20651.76 20941.13 20856.28 20836.31 21070.91 104915.5 34 
0.5005375 0.9032798 0.8992544 0.09434908 0.1115136 0.1231932 0.1423458 0.1681607 0.2006451 0.2489562 0.3363146 0.4979457 1 9876.061 14819.4 17989.12 19380.58 20213.21 20768.67 20967.13 20980.01 21139.38 21034.57 104675.8 35 
0.4990785 0.8990049 0.897903 0.0951489 0.1108434 0.1262132 0.1432015 0.1673073 0.1996603 0.2484252 0.3349521 0.5016101 1 9983.136 14965.5 17992.22 19633.8 20361.42 20735.42 20855.61 20871.62 21019.28 21050.01 104921.2 36 
0.4974801 0.9001768 0.8996274 0.09592407 0.110447 0.1255593 0.1444409 0.1673283 0.2013664 0.2532945 0.3336242 0.5018977 1 10064.59 15071.52 17974.56 19536.82 20376.93 20700.31 20882.88 21022.23 20916.27 20889.52 104922.5 37 
0.501179 0.8978779 0.9006138 0.09682795 0.1096001 0.1247752 0.1404947 0.1662735 0.2010438 0.2509344 0.3341297 0.5073395 1 10170.41 15267.61 18049.08 19585.36 20202.37 20690.37 21020.22 21155.97 21196.52 21333.92 105035.9 38 
0.498295 0.9012401 0.8988517 0.09592872 0.1104234 0.1259846 0.1414061 0.167402 0.1968973 0.2484251 0.3309059 0.5044108 1 10061.46 15075.04 17982.53 19587.74 20185.71 20655.03 20669.51 20814.47 20898.36 21149.88 104884.8 39 
0.5012365 0.8969564 0.9000901 0.09423125 0.1081727 0.1261022 0.1425232 0.1661935 0.2008075 0.2504785 0.3293241 0.4998761 1 9902.17 14865.5 17747.18 19599.79 20396.68 20794.91 21073.47 21179.84 21078.74 21216.48 105083.7 40 
0.5008299 0.8966684 0.8988802 0.09509969 0.109885 0.1246331 0.1434748 0.1685776 0.1992348 0.2466129 0.3313364 0.5055178 1 10001.43 15010.44 17975.03 19559.98 20435.09 20941.31 21008.78 20949.87 21047.71 21309.67 105167.8 41 
0.5003727 0.8977414 0.8996132 0.09501476 0.1112885 0.1271379 0.1421964 0.166457 0.201115 0.2559556 0.3321305 0.499718 1 9981.488 14975.95 18073.81 19785.55 20386.9 20731.38 20978.46 21279.49 21057.9 20997.66 105052 42 
0.4999377 0.8998803 0.9009766 0.09540781 0.1099952 0.1249582 0.1449899 0.1676849 0.1975311 0.2506337 0.3329561 0.4950235 1 10018.9 15027.72 17961.63 19544.13 20497.09 20853.85 20824.93 20999.72 21039.47 20972.16 105011.3 43 
0.5020928 0.8992835 0.9001057 0.09451487 0.1103141 0.1262499 0.142532 0.1661884 0.2002151 0.2513267 0.3328891 0.4998284 1 9917.695 14897.3 17961.31 19690.58 20414.07 20775.06 21004.02 21160.81 21150.77 21163.18 104932.6 44 
0.501527 0.8983797 0.9004027 0.09715313 0.1100647 0.125903 0.1413742 0.1676128 0.204329 0.251628 0.3343779 0.4935045 1 10197.01 15311.09 18108.78 19699.6 20301.1 20790.18 21191.68 21176.2 21110.21 20892.33 104958.1 45 
0.499257 0.8998543 0.9003024 0.09509984 0.1092115 0.1256748 0.1407538 0.1687607 0.2011049 0.2463751 0.3325973 0.5003442 1 9982.518 14966.36 17845.66 19543.25 20169.93 20797.45 21009.4 20889.22 21009.83 21112.47 104968.8 46 
0.4994515 0.8991589 0.8985967 0.0954936 0.1099126 0.1242951 0.1459016 0.1671564 0.1987673 0.252997 0.33149 0.5012744 1 10020.43 15025.14 17936.41 19458.87 20512.55 20807 20852.05 21082.01 20970.32 21028.45 104933 47 
0.4997833 0.8981125 0.9011451 0.09448953 0.1103892 0.1255042 0.1421164 0.1664348 0.2009375 0.2494573 0.3308541 0.4971275 1 9927.242 14888.71 17942.96 19589.35 20308.6 20717.32 20988.86 21039.61 21016.88 21062.54 105061.8 48 
0.501003 0.8989359 0.8992038 0.09330969 0.109111 0.1245957 0.1410893 0.1633502 0.199316 0.2475565 0.3309529 0.505581 1 9793.574 14700.18 17748.29 19455.26 20218.43 20542.43 20921.98 21053.38 21181.86 21480.93 104957.7 49 
0.4996326 0.8999282 0.8996042 0.09550773 0.1116041 0.1264534 0.1438739 0.1695078 0.1995742 0.2504013 0.3348847 0.4967739 1 10018.35 15023.84 18095.1 19699.49 20435.95 20895.66 20888.14 20929.07 20975.83 20858.69 104895.7 50 
0.4999829 0.9012249 0.9003848 0.09555094 0.1105924 0.1250563 0.1426923 0.1670292 0.1965208 0.2507186 0.3275171 0.5007119 1 10022.79 15034.01 18008.87 19556.35 20312.47 20727.66 20724.29 20982.33 20886.15 21130.16 104894.7 51 
0.4987739 0.902876 0.8986082 0.09508397 0.1129825 0.1251759 0.1405327 0.1684778 0.1993516 0.2473438 0.3393849 0.4990773 1 9956.848 14923.06 18149.4 19573.9 20096.59 20671.16 20786.32 20774.58 21109.38 20969.61 104716.4 52 
0.4986017 0.9029962 0.900723 0.09435237 0.1104735 0.1262153 0.1441047 0.1652734 0.1959586 0.2527297 0.3314085 0.4927749 1 9887.976 14818.14 17873.43 19567.49 20386.93 20600.16 20599.04 20980.41 20955.37 20881.35 104798.4 53 
0.5015928 0.9011081 0.9001728 0.09569483 0.111173 0.1237501 0.1430119 0.1688983 0.1994547 0.2510286 0.336118 0.4964404 1 10026.3 15055.41 18085.03 19492.81 20330.67 20878.73 20955.62 21073.29 21162.36 21000.94 104773.6 54 
0.5013155 0.8969875 0.9010345 0.0950136 0.1087066 0.1235005 0.1458332 0.1648948 0.1990044 0.2487567 0.3323622 0.4912737 1 9989.871 14997.95 17862.32 19428.49 20580.2 20786.97 20972.84 21079.2 21171.94 21079.02 105141.5 55 
0.4970554 0.9015463 0.8982318 0.0956011 0.1087308 0.1262298 0.1445927 0.1659756 0.2002252 0.2493546 0.3347848 0.5018018 1 10027.06 15011.07 17775.25 19507.18 20377.43 20616.75 20799.97 20849.01 20955.58 20977.58 104884.4 56 
0.499928 0.9026274 0.8995271 0.09533355 0.1108813 0.1249833 0.1425614 0.1664688 0.198578 0.2505475 0.3332637 0.5043049 1 9982.843 14973.55 17989.71 19520.66 20265.83 20651.29 20784.1 20967.23 21025.77 21149.14 104714.9 57 
0.5008256 0.8996744 0.8976333 0.09492382 0.1106573 0.1252759 0.1452529 0.1662582 0.2017047 0.2498006 0.3382896 0.498999 1 9960.222 14948.56 17995.56 19593.37 20543.95 20787.74 21030.55 21031.57 21199.54 21028.36 104928.6 58 
0.4993445 0.9000485 0.9005501 0.096716 0.1097925 0.1271484 0.1443542 0.167147 0.202536 0.2490047 0.3330591 0.4972728 1 10150.24 15218.71 18007.56 19722.1 20481.31 20762.04 20999.01 20909.27 20911.39 20868.21 104948.9 59 
0.5011315 0.8973126 0.9002901 0.09668059 0.1084119 0.1280829 0.1439086 0.1669842 0.2003565 0.252626 0.3363953 0.5011003 1 10161.2 15253.3 17936.48 19830.37 20558.82 20853.39 20995.7 21154.08 21182.4 21075.09 105100.7 60 
0.5011101 0.8957591 0.8987346 0.09407881 0.1110906 0.1260363 0.1405288 0.1660753 0.2003179 0.247238 0.3351098 0.5083188 1 9893.223 14850.82 18025.02 19705.59 20275.14 20723.96 21010.87 21016.41 21232.12 21431.75 105158.9 61 
0.5006756 0.9010281 0.89963 0.09708452 0.1107589 0.1234584 0.1437703 0.1652295 0.201756 0.2499853 0.3263064 0.5031908 1 10173.69 15267.41 18123.85 19461.78 20347.23 20621.24 20959.89 21013.12 20818.83 21122.05 104792.1 62 
0.4998592 0.9034374 0.8998591 0.09518778 0.1093957 0.1252948 0.1448915 0.1656056 0.2036353 0.2474095 0.3377443 0.5004158 1 9972.776 14957.76 17847.13 19499.24 20446.84 20678.24 21065.86 20911.48 21118.54 21021.8 104769.5 63 
0.4998379 0.899048 0.9001121 0.09520212 0.1101551 0.1246721 0.1424343 0.1664703 0.2019958 0.251157 0.3321446 0.5048435 1 9995.907 14992.24 17958.51 19515.62 20294.31 20707.58 21034.66 21115.02 21052.51 21179.86 104996.7 64 
0.5001109 0.8998215 0.8985283 0.09541342 0.1102041 0.1249747 0.1422004 0.1641202 0.1986356 0.2476786 0.3255745 0.5026548 1 10011.78 15018.78 17971.48 19542.88 20282.66 20547.83 20801.86 20920.7 20863.7 21264.19 104930.5 65 
0.4996839 0.9001096 0.901346 0.09573531 0.1106674 0.1244534 0.1427114 0.1640652 0.1984505 0.2533128 0.3342713 0.4909672 1 10046.33 15066.32 18029.88 19511.96 20294.49 20533.28 20768.3 21128.89 21151.33 20927.38 104938.6 66 
0.4997209 0.8992545 0.8977305 0.09485742 0.1107845 0.1248322 0.1420901 0.1657748 0.1978567 0.2518692 0.3338029 0.5003417 1 9954.741 14929.33 17983.87 19531.01 20263.65 20639.35 20781.58 21073.72 21128.85 21141.26 104944.3 67 
0.4987206 0.9008405 0.9009807 0.09335934 0.1134151 0.1245314 0.1425379 0.1686414 0.2035192 0.2468604 0.3368901 0.4978523 1 9793.944 14678.39 18107.55 19531.7 20263.54 20781.02 21074.3 20857.46 21037.07 20913.26 104905.9 68 
0.4999369 0.9012577 0.9004165 0.09509492 0.1090776 0.1254806 0.1443636 0.1663962 0.1957577 0.2522488 0.3338442 0.4979423 1 9974.73 14961.47 17833.18 19526.63 20438.22 20746.86 20697.93 21048.58 21112.89 21077.26 104892.4 69 
0.4988673 0.8982257 0.9005499 0.09471224 0.11143 0.1241718 0.1423037 0.1658851 0.1989906 0.2515276 0.3379641 0.5066534 1 9945.081 14906.36 18028.62 19482.15 20246.27 20625.64 20820.99 21049.97 21224.8 21231.37 105003.1 70 
0.5000613 0.904006 0.8987891 0.09603223 0.1126394 0.1254205 0.1425812 0.1653199 0.2063619 0.2488297 0.3307097 0.5041113 1 10051.67 15078.12 18197.71 19630.32 20286.1 20552.88 21122.36 20940.42 20832.32 20987.76 104669.7 71 
0.5003345 0.8970545 0.9002216 0.09547656 0.112645 0.1251624 0.1436888 0.1648744 0.1998082 0.2485509 0.3298176 0.4975422 1 10041.52 15065.64 18253.9 19698.64 20467.25 20666.82 20892.54 20956.91 20959.12 21075.38 105172.6 72 
0.4973898 0.9005085 0.9018625 0.09494118 0.1113593 0.1237983 0.1428702 0.1684348 0.1992908 0.2491335 0.3343552 0.493625 1 9959.702 14913.56 17990.77 19393.44 20207.97 20724.01 20808.87 20861.23 20968.39 20838.7 104903.9 73 
0.5008197 0.8959664 0.8997623 0.09520224 0.1112167 0.1234066 0.1437761 0.1656126 0.1996591 0.2518421 0.3335308 0.4958072 1 10015.77 15031.86 18114.9 19512.84 20435.17 20750.65 20970.9 21181.9 21189.69 21095.54 105205.2 74 
0.5015981 0.8976243 0.8994419 0.09689641 0.1105968 0.1228918 0.1409471 0.1673519 0.1982276 0.2486242 0.3390556 0.5011895 1 10185.55 15294.6 18170.97 19490.66 20214.6 20786.35 20926.94 21056.39 21381.84 21296.25 105117.9 75 
0.4989345 0.900046 0.9002888 0.0956665 0.1088584 0.1240679 0.1415649 0.167788 0.1972558 0.2525711 0.3295432 0.4977363 1 10040.36 15049.84 17840.79 19394.98 20164.78 20731.87 20783.99 21100.78 20992.83 21071.31 104951.7 76 
0.4975336 0.8999625 0.897991 0.09406159 0.1107879 0.1231774 0.1423956 0.1662971 0.1979268 0.248968 0.3318256 0.5021848 1 9873.635 14786.1 17892.1 19317.89 20169.19 20609.16 20746.36 20908.12 20998.96 21163 104969.9 77 
0.4991006 0.900766 0.8999383 0.09480114 0.1111553 0.1244629 0.1428136 0.1652185 0.2018497 0.2508903 0.3398875 0.4993008 1 9942.416 14904.68 17991.37 19481.89 20274.4 20581.97 20943.32 21039.01 21243.85 21020.74 104876.5 78 
0.4984028 0.9016793 0.9004231 0.0962403 0.1110461 0.1229845 0.1421698 0.1688096 0.1989992 0.2533508 0.3341215 0.4983174 1 10088.69 15116.92 18054.77 19356.18 20148.03 20737.69 20815.95 21062.19 21021.27 20928.35 104828.1 79 
0.4982959 0.9022789 0.8979494 0.09469401 0.1086919 0.1247366 0.1429733 0.1686592 0.2000009 0.2505242 0.3332749 0.5035482 1 9918.159 14860.34 17711.11 19367.44 20226.82 20771.33 20891.13 20972.86 20982.28 21064.49 104739 80 
0.4988236 0.900008 0.9006482 0.09507136 0.1109007 0.1246398 0.1447915 0.1653127 0.2013032 0.252375 0.327768 0.5050859 1 9976.354 14952.79 17989.84 19496.85 20426.3 20637.57 20914.39 21066.62 20833.8 21088.35 104935.4 81 
0.5016784 0.898454 0.9018211 0.09618462 0.1104605 0.125732 0.1421989 0.1660876 0.2007433 0.2515812 0.3380235 0.4933883 1 10103.78 15172.63 18099.11 19698.57 20381.74 20744.49 21009.75 21160.5 21295.3 21002.38 105045.7 82 
0.499691 0.9004875 0.8990585 0.09482242 0.1093721 0.1246194 0.1421349 0.1694326 0.1996135 0.2501932 0.3294445 0.5022145 1 9944.567 14913.78 17835.1 19448.4 20237.87 20870.34 20955.26 21031.33 20935.39 21119.06 104875.7 83 
0.5001062 0.9009499 0.899299 0.09588033 0.1107989 0.1261037 0.1444692 0.1672443 0.2011506 0.246297 0.3365675 0.4961626 1 10049.15 15074.79 18038.32 19646.68 20463.44 20769.82 20939.73 20794.07 21030.29 20914.78 104809.3 84 
0.4983194 0.9010856 0.9023279 0.09256659 0.1108701 0.1263249 0.1429695 0.165206 0.1991631 0.2482778 0.3324284 0.4965476 1 9715.834 14557.42 17814.03 19574.89 20332.44 20607.62 20811.59 20895.61 21005.98 21030.79 104960.5 85 
0.5007309 0.8993282 0.9001123 0.09562429 0.1105496 0.124335 0.1438627 0.1640771 0.2008101 0.2490711 0.3413439 0.4991082 1 10037.26 15063.22 18036.91 19529.74 20415.77 20608.77 20944.97 21020.46 21365.01 21137.32 104965.5 86 
0.5008221 0.8986364 0.9012395 0.09611349 0.1098964 0.124681 0.1430472 0.167251 0.2019269 0.2505356 0.3355494 0.5038997 1 10089.48 15142.52 18011.25 19550.7 20366.52 20795.74 21067.93 21099.73 21155.52 21160.33 104974.7 87 
0.5018419 0.899712 0.9002642 0.09614895 0.1098263 0.1255393 0.1416162 0.1680129 0.200595 0.252817 0.3289264 0.5029856 1 10087.45 15149.76 18017.32 19638.97 20309.16 20837.65 21031.88 21208.86 21000.63 21167.36 104914.8 88 
0.4977094 0.8993527 0.8999317 0.09618126 0.1104461 0.1249896 0.1403727 0.1642558 0.1984458 0.2505589 0.3351365 0.5007812 1 10101.43 15129.01 18013.78 19519.7 20086.65 20429.86 20701.93 20964.24 21120.59 21128.72 105025 89 
0.4995398 0.9017399 0.9012008 0.09485845 0.1114734 0.1243863 0.143521 0.1651722 0.1981867 0.2487011 0.3342464 0.496405 1 9942.765 14909.57 18023.86 19489.17 20329.28 20597.3 20748.86 20889.23 21061.67 21028.17 104816.9 90 
0.4971423 0.9012364 0.9007944 0.09581928 0.1116052 0.1244753 0.143752 0.1647044 0.2013453 0.2509348 0.336574 0.4997338 1 10050.37 15046.84 18064.89 19468.36 20282.61 20486.46 20807.52 20917.79 21022.38 20915.38 104888.8 91 
0.4980988 0.9011546 0.9010084 0.09482166 0.1107879 0.1280624 0.1441357 0.1683061 0.1966282 0.2561742 0.3321529 0.5000963 1 9941.443 14893.26 17932.32 19739.01 20437.65 20779.13 20648.73 21064.32 20887.99 20857.59 104843.6 92 
0.4992246 0.9008466 0.8987561 0.09428464 0.1112473 0.124541 0.1422238 0.1666806 0.1970595 0.2449949 0.3275513 0.4988242 1 9892.72 14831.41 17976.17 19492.79 20247.4 20679.64 20738.95 20750.42 20854.09 21158.41 104924 93 
0.4989249 0.9004869 0.8989271 0.09655706 0.112215 0.124049 0.1412028 0.1679044 0.2027493 0.2513759 0.3372509 0.4997485 1 10125.34 15177.12 18203.31 19515.52 20139.74 20671.69 20987.86 21022.43 21085.77 20927.49 104863.8 94 
0.4980228 0.9021555 0.9005789 0.09294887 0.1125059 0.1245785 0.1422172 0.1662418 0.1997704 0.2489299 0.3327398 0.5030607 1 9744.261 14597.12 17967.93 19461.88 20199.28 20594.75 20811.89 20889.95 20970.3 21103.45 104834.6 95 
0.5015479 0.8999852 0.9008929 0.09528722 0.1121077 0.1246585 0.1422974 0.1671093 0.196293 0.2516864 0.3355154 0.509267 1 9988.835 14998.71 18154.85 19602.72 20320.5 20756.62 20746.58 21056.91 21186.49 21342.84 104828.7 96 
0.4990409 0.9003508 0.9010325 0.09537111 0.1112882 0.1246305 0.1409738 0.1681628 0.1962056 0.2508098 0.3332058 0.5071252 1 10006.96 15000.85 18049.47 19520.78 20151.57 20723.51 20694.84 20965.14 21050.19 21249.68 104926.6 97 
0.5013396 0.9017374 0.8997107 0.09378176 0.1122511 0.1245989 0.1416878 0.1644696 0.2020634 0.2499159 0.3382495 0.493165 1 9835.264 14766.07 18071.01 19572.18 20277.09 20591.97 21026.26 21103.81 21303.29 21026.13 104874 98 
0.5011859 0.8984646 0.8987337 0.09677828 0.1107544 0.1213397 0.143807 0.1658237 0.1982138 0.2480124 0.3347862 0.4956983 1 10163.77 15257.71 18152.82 19333.13 20347.95 20720.93 20877.5 20989.81 21204.94 21151.88 105021.2 99 
0.497285 0.9017289 0.8999109 0.09714271 0.1127415 0.1264559 0.1425869 0.1641833 0.2011506 0.2517525 0.336976 0.4994095 1 10184.6 15249.24 18254.99 19698.36 20256.55 20401.05 20720.87 20877.89 20972.31 20835.25 104841.6 100 
