0.5024801 0.901486 0.4967875 0.07654741 0.09976332 0.1171446 0.1367156 0.1638221 0.1996548 0.2493695 0.3312824 0.4992855 1 9833.701 14774.94 19259.22 22188.03 24039.42 25413.73 26358.65 26828.48 27026.49 27232.24 128465.5 1 
0.4983155 0.900315 0.5034965 0.07645456 0.09858048 0.1185412 0.1393912 0.1642653 0.2016037 0.2479444 0.3314892 0.4987252 1 9826.833 14723.7 19039.03 22171.69 24195.68 25390.74 26328.95 26549.15 26732.21 26901.39 128531.7 2 
0.5034248 0.8961277 0.5014642 0.07767943 0.09761717 0.1173793 0.1374736 0.1630023 0.1980664 0.2473594 0.3362501 0.4960039 0.9999999 10036.61 15089.28 19229.25 22302.98 24275.97 25565.37 26441.97 26903.79 27450.37 27434.9 129205.5 3 
0.4976797 0.9008483 0.500496 0.07684102 0.09832818 0.1178841 0.1411214 0.1678211 0.2002901 0.2512227 0.3317785 0.4984365 0.9999999 9873.238 14786.95 19022.45 22075.11 24300.38 25692.45 26292.55 26632.7 26651.29 26712.52 128489.2 4 
0.489434 0.9020196 0.5066095 0.07807493 0.09921506 0.1189828 0.1375196 0.1636783 0.1971238 0.2526144 0.3318919 0.5049669 1 10045.05 14961.44 19090.94 22056.56 23740.36 24908.02 25575.37 26288.63 26388.96 26661.37 128659.1 5 
0.4960155 0.9016498 0.5023763 0.07815945 0.09886477 0.11941 0.1400303 0.1665504 0.2017837 0.2505177 0.3329574 0.5021883 1 10054.01 15040.96 19183.99 22275.37 24225.41 25493.58 26254.21 26508.98 26583.02 26701.4 128634.6 6 
0.4983573 0.9006435 0.5025669 0.07848378 0.09713296 0.1173649 0.1387848 0.1637899 0.1983309 0.2490197 0.3329639 0.5012541 0.9999999 10121.59 15165.76 19101.49 22112.5 24163.65 25401.18 26185.63 26665.27 26960.6 27164.88 128964.1 7 
0.4960932 0.9006908 0.5008831 0.07857359 0.0973773 0.1167887 0.1407323 0.162582 0.1961128 0.2480759 0.3369082 0.5028084 0.9999995 10119.19 15139.24 19065.94 21967.89 24211.68 25227.3 25864.96 26406.78 26963.06 27095 128786.1 8 
0.5057617 0.8974127 0.5004156 0.07824567 0.09973878 0.1202173 0.1378096 0.166126 0.1999883 0.2508129 0.3311362 0.4987292 0.9999999 10092.71 15197.21 19544.58 22752.51 24484.7 25871.41 26624.65 27050.63 27118.2 27251.62 128987.4 9 
0.5038024 0.8983935 0.4955533 0.07867977 0.09752794 0.1167957 0.1391473 0.1648621 0.1977563 0.2532064 0.3341089 0.5067263 1 10126.06 15227.6 19235.94 22189.35 24330.02 25670.74 26369.92 27087.52 27247.57 27463.19 128699.7 10 
0.498897 0.9040236 0.5016201 0.07816136 0.09716994 0.1188628 0.1415126 0.1668875 0.1990918 0.2469634 0.3370782 0.5034789 1 10026.54 15028.75 18988.48 22163.42 24369.73 25635.85 26185.01 26371.73 26835.03 26931.8 128280 11 
0.5028142 0.8967149 0.4944373 0.07763579 0.09919168 0.1179798 0.1379199 0.1612556 0.1966963 0.2484188 0.3346239 0.5012638 0.9999999 9978.774 14996.24 19299.93 22303.91 24206.1 25265.73 26100.8 26715.44 27192.9 27387.95 128533.2 12 
0.5027824 0.901237 0.5006824 0.07720719 0.09865461 0.117682 0.1388366 0.1645935 0.2018071 0.2505344 0.3341451 0.5030843 1 9951.882 14955.51 19253.99 22297.48 24344.02 25647.81 26628.98 26997.6 27177.27 27301.65 128898.4 13 
0.502774 0.8980883 0.4991319 0.07787061 0.0978174 0.1188507 0.139083 0.1670075 0.2007185 0.2491566 0.3348012 0.4975824 0.9999999 10023.79 15063.49 19184.44 22373.03 24372.63 25821.16 26564.84 26832.35 27087.28 27060.72 128723.6 14 
0.5037737 0.9020406 0.4976572 0.07758971 0.09750128 0.1154288 0.1405205 0.1648662 0.1972443 0.2494518 0.3348983 0.4952697 1 9984.315 15014.15 19136.8 22005.76 24401.42 25719.98 26372.76 26905.97 27278.63 27241.24 128680.9 15 
0.4976374 0.9018857 0.5025637 0.07808805 0.0974132 0.1176052 0.138284 0.1655874 0.1963644 0.2475624 0.3338652 0.5008792 0.9999999 10033.71 15026.86 19017.35 22037.99 24013.32 25411.93 25966.59 26418.01 26841.65 27043.78 128492.3 16 
0.502181 0.89986 0.5002025 0.07831697 0.09726169 0.1169716 0.1395973 0.1621382 0.1993648 0.2495326 0.3299206 0.5021858 0.9999999 10077.43 15138.12 19137.07 22133.55 24312.47 25397.87 26341.68 26844.25 26990.88 27334.13 128674.9 17 
0.4948736 0.9008827 0.5035927 0.07733464 0.09649765 0.116805 0.1382352 0.1621607 0.2009037 0.2506676 0.3330477 0.5043568 1 9928.038 14841.16 18774.61 21791.47 23849.89 25011.19 26087.99 26580.19 26763.55 26990.54 128377.6 18 
0.4994854 0.899346 0.5012016 0.07742657 0.09721927 0.1173244 0.141496 0.1646618 0.1962624 0.2514696 0.3277116 0.5015956 0.9999999 9974.898 14957.21 19025.96 22092.15 24436.01 25594.12 26114.34 26771.73 26763.4 27147.65 128830.4 19 
0.4986482 0.9007307 0.5023418 0.07842973 0.09826399 0.1173249 0.1401956 0.1650998 0.1977478 0.2471353 0.333868 0.4987918 1 10077.44 15102.53 19166.54 22084.95 24225.95 25459.24 26074.21 26415.85 26815.38 26948.94 128490 20 
0.499562 0.9021417 0.4978648 0.07789686 0.09704728 0.116283 0.1390649 0.1649418 0.1990821 0.2500644 0.337536 0.4986981 0.9999999 10040.81 15056.82 19056.66 21999.84 24179.66 25547.38 26337.07 26813.32 27218.67 27127.66 128898.8 21 
0.5048697 0.8973913 0.4945928 0.07806209 0.09875937 0.1186076 0.1396273 0.1660697 0.2005495 0.2476398 0.3336093 0.5003697 1 10045.85 15117.7 19349.74 22451.51 24494.26 25832.31 26603.09 26818.2 27108.15 27247.72 128690.5 22 
0.5002382 0.8996747 0.5018999 0.07718321 0.0992915 0.1170453 0.138733 0.1625381 0.1997142 0.2485604 0.3302814 0.4974148 0.9999999 9938.036 14909.42 19256.18 22159.23 24194.68 25331.55 26283.99 26706.26 26897.1 27109.24 128759 23 
0.4987185 0.896358 0.5038672 0.07792445 0.09739329 0.1175047 0.1380841 0.164947 0.1992129 0.251586 0.3312862 0.4964238 0.9999999 10040.39 15047.71 19075.61 22114.12 24096.38 25471.68 26272.28 26825.08 26901.86 26967.88 128847.7 24 
0.5006402 0.8991972 0.4999307 0.07793099 0.09744778 0.1182033 0.1404321 0.1631824 0.2017096 0.2490486 0.331697 0.5012088 1 10018.97 15034.86 19078.82 22198.35 24362.39 25430.17 26419.82 26718.72 26870.52 27079.23 128562 25 
0.503011 0.895969 0.4974533 0.07709766 0.09848818 0.1177983 0.1380528 0.1649228 0.1981744 0.2514742 0.329658 0.4973306 1 9955.609 14963.39 19264 22345.9 24325.03 25709.34 26452.08 27062.01 27110.8 27287.8 129129.8 26 
0.5026193 0.9003105 0.4998289 0.07579373 0.09738847 0.1169354 0.1385286 0.1646826 0.1992536 0.2510409 0.3343231 0.4993183 1 9763.396 14670.67 18968.05 22099.32 24252.8 25652.21 26499.23 27045.59 27284.84 27325.71 128815.4 27 
0.4959654 0.9031098 0.5014698 0.07782284 0.09717601 0.1180436 0.1400438 0.1648169 0.1989776 0.2507971 0.3304544 0.4955313 0.9999999 9997.968 14956.61 18930.69 22014.93 24129.57 25337.92 26048.02 26530.05 26594.39 26680.23 128470.9 28 
0.4992984 0.9003199 0.4989276 0.07780878 0.09716986 0.1168739 0.1403073 0.1651892 0.202905 0.2496233 0.3308944 0.5047556 0.9999992 9993.466 14983.19 18990.15 21979.51 24224.38 25506.23 26487.07 26710.35 26750.1 27047.24 128436.2 29 
0.49923 0.9027219 0.497099 0.07786934 0.09806819 0.1162691 0.1376068 0.1626572 0.1977138 0.2472083 0.3317731 0.4978658 1 9990.888 14978.64 19080.46 21932.57 23926.08 25172.87 26030.9 26501.35 26875.4 27099.74 128303.2 30 
0.5027819 0.8960064 0.496328 0.07841823 0.09741365 0.1173874 0.1387098 0.1651062 0.2016137 0.2498121 0.3341526 0.5007718 1 10098.48 15175.82 19191.06 22223.2 24287.54 25655.84 26605.98 26936.37 27149.44 27227.45 128777.2 31 
0.5022921 0.8995438 0.498278 0.07767402 0.09815714 0.1186099 0.1403955 0.1648798 0.2007613 0.2487951 0.3323531 0.4992031 0.9999999 9999.537 15022.22 19200.49 22345.32 24474.64 25670.27 26496.37 26781.58 26971.97 27105.76 128737.2 32 
0.5012807 0.9028381 0.4974427 0.07817848 0.09761714 0.1185917 0.1397271 0.1654484 0.1977579 0.2483021 0.3343135 0.4999961 1 10026.15 15052.07 19085.69 22218.71 24276.21 25552.43 26159.06 26560.4 26924.09 27046.44 128247 33 
0.4995934 0.9022911 0.4989635 0.07676299 0.09827413 0.120642 0.1384886 0.1648988 0.197358 0.2472615 0.3335864 0.496415 0.9999999 9877.303 14811.94 19074.46 22452.75 24262.54 25503.32 26116.32 26497.43 26896.8 26982.96 128672.7 34 
0.5030776 0.9013999 0.4976805 0.07653412 0.09783542 0.1174116 0.1404162 0.1671092 0.1992242 0.2492916 0.3319634 0.4980278 1 9850.25 14805.69 19076.52 22186.51 24449.98 25894.19 26524.97 26869.57 27038.38 27153.34 128704 35 
0.4986385 0.9013476 0.499751 0.07647515 0.09678207 0.1200105 0.140098 0.1661058 0.1987791 0.2478772 0.3306976 0.4970456 0.9999998 9813.27 14706.54 18802.55 22221.26 24276.43 25558.99 26170.57 26463.73 26655.8 26832.01 128319.7 36 
0.496827 0.9065148 0.5018986 0.07968195 0.09779713 0.1178794 0.1388692 0.163693 0.199605 0.2476869 0.3337614 0.495661 0.9999999 10220.72 15298.65 19145.56 22066.6 24009.89 25171.9 26011.18 26336.3 26682.29 26710.26 128269 37 
0.5046009 0.8969412 0.4972483 0.07671231 0.09900261 0.1180086 0.141278 0.16504 0.2021905 0.2495731 0.3311005 0.4998999 0.9999999 9881.518 14867.74 19276.77 22372.48 24641.54 25828.61 26734.47 26982.93 27048.5 27214.74 128812.7 38 
0.5023712 0.9000207 0.4989286 0.0776603 0.09888745 0.1182098 0.1401044 0.1646953 0.2008397 0.2490041 0.3315674 0.5045003 1 10005.2 15031.53 19301.97 22354.32 24458.76 25659.15 26511.21 26814.09 26966.35 27273.09 128832.9 39 
0.5056607 0.8974835 0.4941923 0.07959622 0.09746164 0.118259 0.1402602 0.1652899 0.1990483 0.2502478 0.3334851 0.4996099 1 10244.11 15424.16 19344.4 22425 24561.58 25815.99 26519.81 26969.61 27185.32 27274.58 128701 40 
0.4990671 0.8982692 0.5006321 0.07808053 0.09748459 0.1182965 0.1401429 0.1633865 0.1998253 0.2459 0.3306557 0.5014973 0.9999999 10072.76 15099.74 19129.82 22244.77 24364.79 25455.58 26308.38 26525.5 26821.66 27175.64 129004.7 41 
0.5022362 0.8992489 0.497276 0.07792764 0.09909693 0.118814 0.1382657 0.1655544 0.1979613 0.2510411 0.3330759 0.500793 0.9999999 10036.1 15076.6 19339.91 22424.34 24296.94 25652.06 26302.88 26859.1 27052.5 27186.89 128787.5 42 
0.5033242 0.8974974 0.4941654 0.07682335 0.09866118 0.1195909 0.1392931 0.1643934 0.2018081 0.2525147 0.3323289 0.4951078 1 9876.714 14847.9 19183.13 22448.87 24418.22 25616.79 26563.68 27023.14 27032.51 26966.11 128564 43 
0.5027865 0.8955789 0.499263 0.07819455 0.09649899 0.1168961 0.1387335 0.1642092 0.1990297 0.2524882 0.3282466 0.5000626 1 10078.52 15145.87 19080.36 22141.75 24284.26 25616.91 26461.51 27104.92 27039.26 27319.71 128890.3 44 
0.5022265 0.8996135 0.4974573 0.07721099 0.09804101 0.1183965 0.1397601 0.1628636 0.1977893 0.2497544 0.33514 0.5000031 0.9999999 9931.069 14918.71 19129.2 22282.1 24381.2 25467.67 26233.6 26792.69 27165.24 27241.57 128622.5 45 
0.5025279 0.9017998 0.5009268 0.07745477 0.09775705 0.1178411 0.1399163 0.1667771 0.1997792 0.2468311 0.3291349 0.5058581 0.9999999 9951.486 14952.38 19101.11 22201.08 24356.43 25772.18 26457.96 26649.8 26803.72 27297.82 128481.3 46 
0.4996041 0.9035171 0.4990422 0.07938739 0.09833745 0.1168556 0.14083 0.1660416 0.1949222 0.2510335 0.3356781 0.4984397 1 10177.98 15262.94 19232.05 22044.41 24249.51 25522.99 25877.85 26538.61 26889.23 26879.49 128206.5 47 
0.4972943 0.8983835 0.5015381 0.0778626 0.096762 0.1172746 0.1379712 0.1634547 0.1984438 0.2495277 0.3299277 0.4903335 1 10024.96 15010.32 18952.81 22001.51 24001.91 25274.2 26115.18 26640.35 26796.12 26817.38 128752 48 
0.4977542 0.90321 0.501449 0.07747125 0.09755479 0.1176879 0.1377007 0.1635476 0.1969823 0.2492393 0.3331012 0.5031119 0.9999999 9933.511 14877.96 18945.17 21993.08 23916.59 25187.32 25918.8 26497.66 26831.61 27097.1 128221.9 49 
0.5028982 0.8962245 0.4983319 0.07769179 0.09867711 0.1207515 0.1409856 0.1639702 0.1994465 0.2496968 0.3365773 0.5005917 1 10032.31 15077.55 19334.65 22685.45 24715.13 25723.3 26455.14 26853.63 27208.04 27204.14 129129.6 50 
0.5014848 0.9014174 0.4969352 0.07827317 0.09834436 0.1148511 0.1375358 0.163085 0.2001531 0.2510557 0.3303295 0.5023009 1 10054.26 15096.32 19214.22 21896.34 23976.76 25314.8 26346.51 26908.44 26990.72 27279.03 128450.9 51 
0.4999892 0.9027641 0.4986721 0.0763918 0.09826516 0.1180319 0.1385563 0.1642806 0.198804 0.2473586 0.3333144 0.4980732 0.9999999 9806.912 14710.26 19006.23 22122.69 24126.76 25408.11 26200.17 26554.01 26921.71 27054.14 128376.5 52 
0.4999142 0.9018533 0.4968051 0.07805548 0.09989902 0.1164363 0.137862 0.1650333 0.1994719 0.247017 0.330195 0.5052711 1 10021.61 15031.55 19339.45 22073.69 24013.09 25398.67 26214.63 26505.45 26738.4 27191.37 128390.8 53 
0.4973549 0.9029551 0.5015357 0.0760689 0.09567919 0.117778 0.1378996 0.1642917 0.2006347 0.2468391 0.3325637 0.4927762 0.9999999 9785.682 14652.64 18659.67 21939.79 23988.23 25361.32 26320.58 26570.85 26893.83 26903.64 128642.4 54 
0.4996527 0.9040299 0.4974857 0.07708244 0.09856071 0.1187892 0.136384 0.1650322 0.1998458 0.2480312 0.3299726 0.4980514 0.9999999 9891.246 14833.43 19084.02 22216.92 23931.09 25365.24 26230.7 26569.34 26743.86 26983.53 128320.4 55 
0.5005007 0.898809 0.5022337 0.07714988 0.09707476 0.1181078 0.1385987 0.1639863 0.1992791 0.253518 0.3329185 0.5013147 1 9930.036 14900.03 18988.11 22170.66 24205.54 25475.53 26324.11 27002.07 27068.68 27163.06 128711 56 
0.5045018 0.8944196 0.4969363 0.07671568 0.09588999 0.1170562 0.1384567 0.1667651 0.2010877 0.2464782 0.3310384 0.4983105 1 9882.681 14868.51 18906.3 22125.83 24308.54 25905.22 26775.22 26929.69 27169.16 27384.84 128822.2 57 
0.4994024 0.9027336 0.5013925 0.07664764 0.09692211 0.1185624 0.1387023 0.1645344 0.1999113 0.2522521 0.329613 0.5007594 0.9999999 9854.464 14775.81 18885.08 22142.08 24164.78 25459.43 26308.2 26862.14 26824.07 27052.79 128568.4 58 
0.4987821 0.9003437 0.4993075 0.07618557 0.09739696 0.1189414 0.1363593 0.1633995 0.2015438 0.2490357 0.333066 0.5041023 1 9810.635 14704 18920.65 22208.7 23977.48 25309.94 26400.41 26759.78 26998.24 27245.75 128772.9 59 
0.5004861 0.8943917 0.5003261 0.07746286 0.09796646 0.1178479 0.1393073 0.1659011 0.2003687 0.25033 0.3334718 0.4974429 0.9999999 10018.2 15032.16 19211.85 22298.34 24385.75 25761.1 26549.64 26930.87 27103.34 27111.54 129329 60 
0.5014804 0.8976305 0.5000517 0.07924965 0.09809599 0.1183396 0.1363971 0.1655503 0.1996688 0.2498199 0.3315648 0.4992037 0.9999999 10216.79 15340.31 19337.08 22366.37 24090.66 25575.74 26407.15 26842.44 27001.58 27167.99 128919 61 
0.502983 0.9012283 0.497544 0.07716186 0.09967991 0.1173257 0.137494 0.1643063 0.1992719 0.2504628 0.334132 0.5036133 1 9927.777 14921.28 19340.54 22269.91 24174.85 25531.31 26394.57 26915.88 27177.08 27357.77 128661.7 62 
0.4983273 0.8985268 0.5018553 0.07796379 0.09860238 0.1170081 0.1374672 0.1636661 0.2000246 0.2506809 0.3310521 0.5039968 1 10024.26 15019.62 19174.15 22058.74 23963.65 25262.06 26203.82 26708.11 26816.9 27119.81 128575.8 63 
0.5014947 0.897964 0.4997031 0.07695683 0.09873594 0.1182967 0.1397369 0.1627558 0.2018833 0.2470031 0.3337976 0.4991291 0.9999999 9909.106 14878.47 19196.51 22298.62 24380.24 25450.22 26496.22 26697.94 27035.02 27151.88 128761.9 64 
0.4958204 0.9020644 0.4991446 0.07708844 0.09895105 0.1174491 0.1376113 0.1663778 0.2031539 0.2512816 0.3338643 0.498469 0.9999999 9923.073 14843.14 19114.93 22049.88 23933.26 25421.73 26402.18 26689.92 26761.62 26723.57 128723.2 65 
0.4993489 0.901708 0.5016635 0.07536609 0.09797197 0.1201062 0.1380226 0.1663614 0.1986947 0.2481379 0.3352411 0.4968803 1 9673.897 14504.55 18870.62 22281.24 24127.68 25556.22 26210.96 26547.34 26927.78 26916.47 128358.7 66 
0.4965332 0.9028978 0.5021577 0.07755895 0.09875482 0.1189511 0.1403643 0.1657804 0.1993803 0.2507858 0.3365047 0.501906 0.9999998 9971.054 14922.01 19120.6 22207.34 24244.12 25457.58 26104.34 26520.27 26798.61 26795.35 128561 67 
0.4980337 0.9034256 0.5006874 0.07806504 0.09879892 0.116834 0.1421103 0.1635835 0.2019296 0.2459809 0.3291536 0.4979294 0.9999999 10026.59 15020.17 19179.57 22019.82 24359.88 25358.15 26284.95 26366.5 26526.23 26804.4 128438.9 68 
0.4959733 0.9010743 0.5009833 0.07813466 0.09595709 0.11838 0.1407229 0.1620208 0.2010266 0.2484184 0.335459 0.4986526 0.9999999 10048.14 15031.76 18831.27 22027.34 24221.71 25168.11 26160 26478.67 26838.2 26849.67 128600.3 69 
0.4981589 0.9026655 0.4996877 0.0776112 0.09610604 0.1170158 0.1375078 0.1663382 0.2011122 0.248741 0.3323672 0.5057959 1 9973.902 14942.49 18835.88 21920.93 23929.36 25493.51 26380.53 26659.42 26850.13 27162.28 128511.1 70 
0.4978927 0.9044972 0.5017425 0.07868782 0.0986751 0.1201454 0.1380179 0.1638128 0.1991026 0.250206 0.3359842 0.5007841 1 10113.99 15149.68 19227.93 22397.06 24112.67 25266.03 26056.76 26537.56 26869.8 26894.76 128533.1 71 
0.4985225 0.9059227 0.500427 0.07753916 0.09831056 0.1166954 0.1377295 0.1655338 0.1989365 0.2482261 0.3301098 0.4999693 0.9999999 9953.412 14915.41 19076.9 21970.02 23942.07 25397.25 26161.08 26535.65 26719.22 27007.49 128366.3 72 
0.5007856 0.9003369 0.4992627 0.0772638 0.09843385 0.1185505 0.1407273 0.1638592 0.1985772 0.2508255 0.3310123 0.5013791 1 9947.769 14929.47 19170.7 22298.2 24452.82 25538.66 26259.22 26785.58 26894.82 27128.89 128750.7 73 
0.5004968 0.8964302 0.5004065 0.0777358 0.0986336 0.1165527 0.1374216 0.1642013 0.1982425 0.2496939 0.3362508 0.4960687 1 10022.15 15038.21 19254.47 22128.43 24086.85 25466.12 26278.1 26817.7 27229.9 27149.36 128925.8 74 
0.5036218 0.8971437 0.4981278 0.07872073 0.09811813 0.1195079 0.1391402 0.1627971 0.2001566 0.2447599 0.3337983 0.4978858 0.9999999 10148.12 15258.93 19337.71 22539.6 24473.9 25542.87 26468.87 26637.03 27120.65 27277.75 128912.9 75 
0.4981162 0.8990372 0.4987498 0.07752227 0.09853719 0.1169277 0.1401408 0.1653598 0.1982783 0.2466191 0.3340724 0.4987161 0.9999999 9979.436 14950.35 19148.35 22055.11 24233.82 25512.42 26159.98 26444.65 26861.93 26989.32 128729.9 76 
0.4979455 0.9052483 0.5000516 0.07839965 0.09869664 0.1176504 0.1395323 0.1630088 0.198129 0.248007 0.3335358 0.4954828 0.9999999 10049.46 15053.55 19155.18 22064.91 24095.76 25175.75 25941.76 26373.3 26740.63 26788.31 128182.5 77 
0.5033378 0.9008263 0.497944 0.07773701 0.09876614 0.1166595 0.1382545 0.1648551 0.2003626 0.24697 0.3366651 0.4961746 0.9999999 9991.773 15021.01 19268.5 22161.7 24201.93 25588.29 26487.5 26744.77 27229.93 27165.96 128533 78 
0.4969936 0.9036201 0.4985068 0.07664302 0.09743681 0.1174977 0.1390261 0.1652272 0.1966345 0.2466523 0.3347003 0.5005524 1 9842.893 14734.75 18877.35 21957.47 24044.08 25386.21 25965.25 26356.03 26849.84 27026.12 128425.2 79 
0.4992663 0.9028556 0.5006659 0.07787268 0.09658629 0.1189807 0.1396086 0.1645085 0.2009603 0.2516754 0.3314464 0.4990719 0.9999999 9985.996 14971.67 18896.07 22144.6 24195.63 25401.58 26278.35 26725.46 26751.58 26854.03 128234.9 80 
0.5004649 0.8999045 0.4997826 0.07941687 0.09842132 0.1167849 0.1389635 0.1661512 0.1958672 0.2482035 0.3332977 0.4984961 0.9999999 10232.53 15353.55 19357.99 22176.88 24223.9 25635.48 26111.98 26602.8 26977.61 27126.27 128845.8 81 
0.5064697 0.8968751 0.4954757 0.07880298 0.09890394 0.1166649 0.1381307 0.1636554 0.1986371 0.2491939 0.3313671 0.4994066 1 10148.68 15288.68 19476.91 22336.32 24356.53 25655.34 26514.48 27021.59 27256.54 27480.07 128785.5 82 
0.500492 0.8958729 0.5001808 0.07710675 0.0975278 0.1169862 0.138015 0.164299 0.1988052 0.2483384 0.3277223 0.5033418 0.9999999 9924.369 14891.44 19037.89 22069.26 24109.89 25472.76 26305.23 26732.93 26837.62 27327.89 128709.5 83 
0.4996416 0.9012923 0.4983326 0.07959309 0.09671144 0.1171038 0.1389109 0.1646683 0.1984129 0.2536336 0.333976 0.4994263 1 10229.76 15340.97 19105.56 22059.11 24126.81 25431.93 26171.13 26872.73 26985.85 26987.71 128525.7 84 
0.5009907 0.8968782 0.5012257 0.07907631 0.09872385 0.1178241 0.1401798 0.1670286 0.1983657 0.2501927 0.3282275 0.5060921 0.9999999 10199.06 15308.69 19395.76 22330.42 24425.74 25799.85 26342.46 26762.92 26752.06 27224.37 128977.4 85 
0.5006614 0.9003547 0.4984841 0.07731304 0.09773661 0.1194781 0.1385346 0.1633838 0.1981329 0.2456782 0.3301512 0.5029223 0.9999999 9944.994 14924.07 19072.05 22343.27 24249.26 25412.37 26187.81 26499.14 26838.22 27284.65 128632.8 86 
0.5003456 0.9018996 0.4964246 0.07756032 0.09779126 0.1169096 0.1393196 0.1653533 0.1988436 0.2481302 0.3334628 0.5030722 1 9990.326 14988.94 19118.9 22098.49 24245.59 25603.58 26332.81 26694.11 27016.02 27253 128807.2 87 
0.5017195 0.9006075 0.4974045 0.07745418 0.09784756 0.1169861 0.1397575 0.1656904 0.2014721 0.2531203 0.3338355 0.5032797 0.9999999 9985.142 14994.88 19160.39 22165.1 24361.64 25726.73 26607.2 27093.25 27131.58 27208.86 128916.8 88 
0.4970771 0.9061283 0.5007849 0.0760893 0.09720776 0.1178911 0.1373007 0.165149 0.1999619 0.2456664 0.3329103 0.4967398 1 9731.755 14569.19 18728.8 21886.35 23799.73 25237.66 26097.68 26293.42 26686.73 26819.24 127899.1 89 
0.4968956 0.9025349 0.4999488 0.0787187 0.09766623 0.1187544 0.1410904 0.1642047 0.2008389 0.2532762 0.3328619 0.5007112 1 10112.78 15137.78 19081.14 22163.76 24291.5 25343.74 26162.09 26674.77 26674.66 26722.24 128467.4 90 
0.4960216 0.9034229 0.504423 0.07838765 0.09815839 0.115606 0.1385711 0.1617211 0.1995913 0.2511857 0.3341659 0.4886719 0.9999999 10078.4 15077.51 19109.84 21832.76 23925.59 25033.63 26038.5 26636.57 26880.92 26642.52 128571.3 91 
0.4953143 0.8977368 0.5033366 0.07722038 0.09715176 0.119207 0.1392304 0.1671438 0.1999959 0.2500062 0.3304471 0.5028903 1 9956.352 14887.87 18933.09 22182.92 24160.65 25579.43 26235.27 26560.8 26604.13 26880.54 128934.2 92 
0.5003029 0.8973265 0.499248 0.0775529 0.09850992 0.119143 0.1400077 0.1646459 0.1984388 0.2496219 0.3307933 0.5024646 1 10008.81 15016.25 19240.19 22412.54 24448.68 25617.34 26293.15 26743.21 26892.07 27189.55 129057.9 93 
0.5039663 0.8946208 0.499155 0.07622961 0.09762288 0.1172435 0.1392551 0.1662991 0.1969477 0.2475731 0.3339962 0.4983654 0.9999999 9865.573 14837.49 19148.76 22298.85 24499.68 25978.9 26551.94 26968.29 27383.07 27506.09 129419.2 94 
0.5021271 0.9006951 0.497103 0.07805039 0.09799874 0.1172285 0.1393764 0.1629877 0.202756 0.2521506 0.3326399 0.5021194 0.9999999 10013.38 15041.37 19144.01 22119.73 24233.67 25379.41 26499.53 26944.57 26984.89 27104.43 128293.8 95 
0.4982339 0.9029997 0.4982232 0.07566429 0.09834366 0.1187914 0.1387125 0.1628489 0.200458 0.2490025 0.3343872 0.5037606 0.9999996 9705.679 14541.38 18905.34 22118.9 24088.12 25215 26179.3 26566.67 26874.89 27066.08 128272.9 96 
0.5017053 0.8964868 0.5010034 0.0760238 0.09710427 0.1182989 0.1394157 0.1651237 0.1986941 0.2531112 0.3302981 0.4947841 1 9815.369 14739.79 18978.97 22263.8 24409.88 25741.77 26472.22 27120.17 27094.49 27124.89 129109.2 97 
0.5003575 0.9018019 0.4980965 0.07766453 0.0975128 0.1179649 0.1385652 0.1643646 0.1975295 0.2494196 0.3373725 0.4961718 0.9999999 10018.95 15032 19123.83 22235.99 24250.04 25544.21 26248.72 26780.02 27254.07 27138.29 129002.9 98 
0.4998745 0.9010595 0.5027675 0.07738324 0.09878836 0.1196485 0.1382113 0.1640688 0.1983496 0.2480236 0.3343345 0.5050895 0.9999999 9949.718 14923.33 19178.8 22378.43 24194.44 25401.64 26146.04 26550.59 26936.97 27207.21 128577.2 99 
0.4977194 0.9021027 0.5024419 0.07803198 0.09872025 0.1193351 0.1412259 0.1654238 0.1977908 0.2466989 0.3327911 0.5028825 0.9999999 10027.67 15018.63 19171.39 22284.96 24372.56 25490.2 26018.02 26288.36 26638.82 26924.71 128507.2 100 
