0.002777856 0.00260004 0.002575075 0.0007896144 0.0009372976 0.001063658 0.001210544 0.001404308 0.001660632 0.002013167 0.002538164 0.003349747 1.927385e-16 101.4382 121.0639 132.4334 144.7624 157.3723 167.6742 175.3911 181.2042 185.4666 187.1135 1 
0.002719813 0.002603172 0.002560003 0.0007893939 0.0009328606 0.001068384 0.001221007 0.001409423 0.001670574 0.002017264 0.002545103 0.003359365 4.92471e-16 101.4621 120.3581 132.2858 144.0342 155.4254 165.8272 172.4695 178.2106 181.7082 182.9881 2 
0.002754567 0.002631146 0.002559943 0.0007955472 0.0009307161 0.001065182 0.001214819 0.001404269 0.001657899 0.002008448 0.002545365 0.003363177 2.350329e-06 102.7891 121.0126 133.5519 145.6606 157.7023 168.0359 175.7176 182.1607 185.3174 187.9333 3 
0.002741965 0.00261149 0.002575585 0.0007911857 0.0009318416 0.001065614 0.001226121 0.001421933 0.001671716 0.00202887 0.002556169 0.003372676 2.140033e-06 101.6588 120.2655 132.2357 144.8185 156.4259 166.0167 173.9665 178.8817 182.4001 183.4812 4 
0.002676197 0.002617927 0.002566246 0.0007958242 0.0009345006 0.001068972 0.001213361 0.001404124 0.001652879 0.00201748 0.002540817 0.00335216 6.632788e-16 102.39 120.3102 131.8086 142.3224 153.3486 161.902 169.2398 173.0633 177.149 177.606 5 
0.002719428 0.002599316 0.002570622 0.0007966077 0.0009337848 0.001071125 0.001223341 0.001417427 0.001674351 0.002027429 0.002556958 0.003374533 1.440215e-06 102.4713 120.5262 132.7812 144.3831 155.9749 165.6051 172.5452 177.6349 181.0152 181.6272 6 
0.002721302 0.002601143 0.002556963 0.0007976847 0.0009266008 0.001061906 0.001215753 0.001403921 0.001655743 0.002009129 0.002537083 0.003349334 2.153768e-06 102.8727 120.1231 132.6213 144.5898 155.7929 165.607 173.0838 178.4718 182.2225 183.5663 7 
0.002734704 0.002625309 0.002571631 0.0007986936 0.0009281728 0.001060551 0.001222893 0.001402516 0.001650045 0.00200487 0.002540953 0.00335589 6.048365e-06 102.8606 120.1158 132.3051 145.0294 155.2015 165.1514 172.7208 178.2222 181.3308 182.9116 8 
0.002758602 0.002602724 0.002553172 0.0007982669 0.0009397097 0.001077781 0.001220396 0.001419123 0.00167284 0.002030525 0.002558222 0.00337805 2.632598e-06 102.9664 121.8895 134.5856 146.1554 159.3721 169.2766 177.2474 182.5317 186.5726 187.9043 9 
0.002794882 0.002632883 0.002572748 0.0008008778 0.000931242 0.00106359 0.001220834 0.001412424 0.001661163 0.002027531 0.002557463 0.003378236 4.446006e-16 103.0727 120.7909 133.5147 146.6066 158.6389 168.8409 177.7616 182.8697 187.5292 188.368 10 
0.002719511 0.002560179 0.002555753 0.0007964706 0.0009265053 0.001067257 0.001226271 0.001417636 0.001665278 0.002012633 0.002551473 0.003368748 5.919572e-16 102.1713 119.5057 132.4046 144.5084 155.7569 165.3387 172.7324 178.6627 181.281 182.3752 11 
0.002817463 0.00267232 0.002591596 0.0007973232 0.000939096 0.001070961 0.001220546 0.001403529 0.001657403 0.002014028 0.002548255 0.003367306 2.047898e-06 102.4825 121.4982 133.791 146.3702 158.3582 169.1711 177.0681 182.9713 186.9251 188.8905 12 
0.002735948 0.002573914 0.002546013 0.0007915101 0.0009318936 0.001063599 0.001216431 0.001407086 0.001667705 0.00201998 0.002549988 0.003366741 1.376918e-15 102.0244 120.778 132.7452 145.0798 156.9788 167.5956 174.9494 180.8474 184.7438 185.7973 13 
0.002764525 0.002620478 0.002564032 0.0007969444 0.0009319235 0.001071187 0.001222322 0.001420792 0.001674357 0.0020262 0.002561563 0.003382897 2.660008e-06 102.5856 120.7301 133.7051 145.7374 158.3551 168.3072 176.0977 182.1061 185.2512 186.9555 14 
0.002766571 0.002576672 0.002564021 0.0007936496 0.0009276877 0.001054617 0.001219986 0.001407654 0.001653592 0.002009668 0.002541132 0.003353277 2.503465e-16 102.1276 120.2471 132.1974 145.9529 157.25 167.5472 176.1427 181.9307 185.3312 187.8078 15 
0.002721825 0.002592983 0.002563462 0.0007965759 0.0009282087 0.001063626 0.001215049 0.001410427 0.001652842 0.002005544 0.002536652 0.003348628 3.147809e-06 102.3538 119.8433 132.1792 143.8702 155.6085 164.4813 172.3911 177.8221 181.176 182.6922 16 
0.002752812 0.002602555 0.00256428 0.0007982699 0.0009287982 0.001062535 0.001220654 0.001401821 0.001660572 0.002014616 0.002537397 0.003350004 2.596126e-06 102.7173 120.3048 132.8554 145.5715 156.5282 167.4859 174.92 180.3265 184.8924 185.992 17 
0.002714004 0.002617735 0.002568987 0.0007938296 0.0009249265 0.001060613 0.001214392 0.001398756 0.001661827 0.002015694 0.002542489 0.003356197 1.352797e-06 101.91 119.2732 131.522 143.1703 153.8589 164.2965 171.093 176.496 180.6183 181.4475 18 
0.002741595 0.00261952 0.002564268 0.0007937654 0.0009276748 0.001062965 0.001226576 0.00141129 0.001655161 0.002019022 0.002537009 0.003348427 1.976535e-06 102.2611 120.1867 132.6308 145.5086 156.3004 166.2226 174.799 178.9433 183.6906 184.4904 19 
0.002728781 0.002602449 0.002563591 0.0007988457 0.0009328565 0.001064553 0.001223577 0.001413046 0.001660908 0.002011339 0.002544341 0.003359072 8.307069e-16 102.6437 120.4043 132.3631 144.8823 155.9569 165.5085 172.9869 178.5736 181.644 183.2994 20 
0.002755591 0.002596888 0.002570079 0.0007944028 0.0009250069 0.001056439 0.001214154 0.001405259 0.001656451 0.00201071 0.002545855 0.00336059 2.127104e-06 102.3976 120.0127 132.3368 145.0786 156.6409 166.6721 174.6368 180.6136 183.7313 185.7922 21 
0.002812465 0.002643085 0.002584408 0.0007985008 0.000936662 0.001072061 0.001225822 0.00142023 0.001675488 0.00202426 0.002559059 0.003381084 2.839705e-16 102.7595 121.4305 134.2585 147.1159 159.801 170.41 178.1745 184.5054 188.001 189.4255 22 
0.002736497 0.002607034 0.002560778 0.0007925989 0.0009360125 0.001063533 0.001217998 0.001402623 0.00166173 0.002012666 0.002536845 0.00334825 2.215861e-06 102.0543 121.0217 132.3714 144.8467 156.0558 166.6172 173.6867 179.202 183.1873 184.849 23 
0.002730389 0.002644034 0.002564363 0.0007976141 0.0009308785 0.001066599 0.001218209 0.001412694 0.00166597 0.002026149 0.002552254 0.003369078 1.975066e-06 102.7707 120.5089 132.9034 144.6727 156.4458 166.067 173.9139 178.8411 182.7818 184.4315 24 
0.002754823 0.002620211 0.00256836 0.0007971284 0.0009301146 0.00106806 0.001225696 0.001408303 0.001672187 0.002022225 0.002550358 0.003367501 1.82538e-16 102.4805 120.3003 133.0918 145.5058 156.5498 167.6901 174.546 180.2955 184.1928 185.2519 25 
0.002787964 0.00265566 0.002575233 0.0007931657 0.0009342305 0.001067571 0.001217968 0.001412349 0.001662548 0.002023961 0.002546954 0.00336273 3.376799e-16 102.4214 121.4026 133.7803 146.2072 158.8154 168.9262 177.4961 182.5343 187.0702 188.7046 26 
0.002751226 0.002593963 0.002557905 0.0007854234 0.0009266754 0.001060069 0.001214194 0.001405949 0.001658637 0.002015695 0.002545107 0.003359806 8.1046e-16 101.1746 120.1356 132.3127 144.7253 156.7831 167.1625 175.4464 181.1968 185.1241 186.9116 27 
0.002724564 0.00259184 0.002571313 0.0007947288 0.0009261506 0.001063846 0.001220023 0.001408247 0.001659693 0.00201674 0.002539097 0.003347893 2.909726e-06 102.0995 119.5499 132.0765 143.996 155.0267 164.7778 172.3449 177.0265 180.7077 182.3277 28 
0.002758952 0.002619442 0.00257688 0.0007963629 0.0009284473 0.001062207 0.001223099 0.001412587 0.001675503 0.002024637 0.002550553 0.00336749 7.883151e-06 102.2818 119.9795 132.3984 145.2079 156.4692 167.2259 174.2436 180.0031 184.1962 184.5749 29 
0.002768305 0.00260631 0.002578733 0.0007958175 0.0009308751 0.001059134 0.001211887 0.001399527 0.00165202 0.002001503 0.002527725 0.003335396 7.196736e-16 102.106 120.1359 131.9785 144.4599 155.9982 166.102 173.588 179.4171 183.2516 185.2676 30 
0.00279857 0.002663016 0.002582274 0.0008006397 0.0009320363 0.001067319 0.001221626 0.001415338 0.001675674 0.002028292 0.002562023 0.003385048 9.436412e-17 103.1042 120.9186 133.8526 146.5387 158.8205 169.5174 177.13 183.3301 187.1104 188.4975 31 
0.002767919 0.002612089 0.002569181 0.0007952092 0.0009320184 0.001069075 0.001225192 0.001413303 0.001670785 0.00202137 0.002551163 0.003368268 2.490328e-06 102.373 120.7406 133.4585 145.9941 157.7363 168.4621 175.8696 181.6634 185.2796 186.6548 32 
0.002765395 0.002586322 0.002572318 0.0007974057 0.0009294594 0.001067934 0.001221666 0.001413033 0.001660082 0.002013225 0.002545778 0.003360212 1.267204e-06 102.2649 119.9986 132.9314 145.1392 157.0562 166.8932 174.8759 180.5109 183.8567 185.4888 33 
0.002750079 0.002592291 0.002569686 0.000789523 0.0009299222 0.001073866 0.001217179 0.001409218 0.001656129 0.002006782 0.00253786 0.003349039 2.706543e-06 101.5901 120.2903 133.3406 144.3442 156.7894 166.4405 174.1099 179.702 182.7819 184.8294 34 
0.002766126 0.002587656 0.002564401 0.000788832 0.0009286591 0.001062191 0.001221471 0.001416481 0.001664147 0.002017177 0.002544702 0.003358333 1.335429e-16 101.5259 120.3255 132.6455 145.5977 157.748 167.8222 176.2065 181.8471 185.5431 187.0917 35 
0.002750039 0.002609095 0.002574686 0.0007896927 0.0009255148 0.001072398 0.001223584 0.001415947 0.001664795 0.002015488 0.002542155 0.003354444 3.302094e-06 101.3331 119.4671 132.8881 144.2649 156.2509 166.0859 173.7661 179.1023 182.5546 184.0525 36 
0.002711906 0.002541186 0.002566457 0.0008023532 0.0009282818 0.001062738 0.001214966 0.001402208 0.001657682 0.002005083 0.002534364 0.003341623 2.301048e-06 102.917 119.6281 131.9898 143.7314 154.7111 164.455 171.1524 176.756 179.691 181.7119 37 
0.00278764 0.002634565 0.002569684 0.0007917578 0.0009365393 0.001069099 0.001230149 0.001417165 0.001678974 0.00203043 0.002559006 0.003379885 2.359465e-06 101.9884 121.4042 133.589 146.9169 158.6776 170.0625 177.5677 183.4661 187.4623 188.5659 38 
0.00275948 0.002601594 0.002565358 0.0007945901 0.0009342897 0.001067355 0.001223355 0.001411517 0.001669463 0.002020183 0.002547752 0.003364592 3.28687e-16 102.3693 121.0517 133.2634 145.9258 157.63 168.2996 175.6477 181.3333 185.4348 186.083 39 
0.00281179 0.002639797 0.002574043 0.0008057634 0.0009324126 0.001070508 0.001227746 0.001418145 0.001670378 0.002028265 0.002560864 0.003382468 2.720797e-16 103.7026 121.0515 134.5952 147.6604 159.8351 170.4647 178.7927 184.4559 188.2942 189.8785 40 
0.002747698 0.002634916 0.002568615 0.0007969526 0.0009294003 0.001067422 0.001223645 0.001407464 0.001665111 0.002009345 0.002537047 0.003351141 2.486249e-06 102.8106 120.5545 133.3347 145.5622 156.6367 167.2339 173.9932 179.8856 183.5989 184.6576 41 
0.002774306 0.002620043 0.002568839 0.0007964597 0.0009360706 0.001070817 0.001218794 0.00141441 0.001662517 0.002022968 0.002552394 0.003369995 2.306542e-06 102.574 121.2515 133.6831 145.7462 158.3761 168.0688 176.4247 181.5797 185.5457 186.9275 42 
0.002813684 0.002653244 0.002587988 0.0007928432 0.0009356657 0.001075255 0.001225068 0.001414599 0.001677035 0.002036661 0.002565508 0.003385988 1.056674e-16 101.9311 121.1277 134.1089 146.3669 158.9399 170.1633 177.981 183.4676 187.4078 189.2624 43 
0.00277795 0.002654667 0.002575571 0.0007993578 0.0009280112 0.00106448 0.001220383 0.001411041 0.001665267 0.002028248 0.002548106 0.003364597 1.592368e-06 103.0295 120.5085 133.5493 146.1574 158.0176 168.4698 176.8899 181.7362 186.7958 187.9165 44 
0.002777252 0.002618731 0.002575925 0.0007933259 0.0009315696 0.00106832 0.001222854 0.001405908 0.001658646 0.002016035 0.00254929 0.003366466 1.977636e-06 102.0395 120.6026 133.2789 145.7458 157.2992 168.0371 176.0053 181.6448 185.2862 187.1429 45 
0.002738612 0.002571884 0.002554046 0.0007936721 0.0009294822 0.001064814 0.001221282 0.001416557 0.00166685 0.002012909 0.002536985 0.003349952 2.400952e-06 101.972 120.148 132.5736 144.9936 156.9738 166.8365 174.4568 180.1669 184.4123 184.7183 46 
0.002746395 0.002577604 0.002567544 0.0008028637 0.0009328506 0.001062181 0.001224603 0.001415481 0.001652504 0.00201718 0.002550298 0.003364844 5.763186e-16 102.9324 120.2519 132.2574 145.3199 156.4373 165.4373 174.2365 178.9392 182.1498 184.0543 47 
0.002745932 0.002645788 0.002579488 0.0007965833 0.0009270065 0.001063702 0.001215392 0.001404927 0.001658422 0.002013677 0.002536661 0.003345725 1.560354e-06 102.5617 119.9978 132.6319 144.4222 155.8922 165.7998 173.3723 178.5073 182.177 184.7239 48 
0.002729003 0.002583747 0.002569163 0.0007937821 0.0009283583 0.001063656 0.001212697 0.001402743 0.001651158 0.002007046 0.002534517 0.003344943 2.6586e-06 101.7802 119.6265 131.8675 143.4086 154.9843 164.4896 172.257 177.4993 181.4619 182.7345 49 
0.002773595 0.002643859 0.002564784 0.0007958826 0.0009352402 0.001078836 0.001231269 0.001415063 0.001671153 0.002027305 0.002566166 0.003391207 7.096168e-16 102.772 121.4905 134.7972 146.8444 158.6486 169.5509 177.119 182.8387 185.9629 187.5117 50 
0.002775551 0.0026068 0.002576523 0.0007980142 0.0009328255 0.001054867 0.00121157 0.001401167 0.001660188 0.002016103 0.002537639 0.003349054 3.880746e-16 102.5057 120.5846 131.9952 145.213 156.8155 167.3517 175.0829 180.5982 185.4239 186.5845 51 
0.002754689 0.002590354 0.002571013 0.000788404 0.0009303584 0.001064768 0.001215682 0.001405933 0.001658258 0.002006644 0.002536575 0.003347491 2.250646e-06 101.2125 120.0878 132.2112 144.2175 156.1546 166.285 173.7818 179.7425 183.1497 185.0271 52 
0.002771093 0.002612982 0.002574724 0.000796941 0.0009388191 0.001061816 0.001214841 0.001409923 0.001663202 0.002010135 0.002535335 0.00334751 6.537297e-16 102.3199 121.116 132.2558 145.0516 157.127 166.8947 174.2338 180.0379 184.2906 184.9308 53 
0.002725634 0.002587809 0.002564152 0.0007858359 0.0009182743 0.001060124 0.001209538 0.00140094 0.001657966 0.002001062 0.002528276 0.003334555 2.184487e-06 101.0918 118.8439 131.8195 143.1085 154.8649 165.0573 172.0396 178.2723 181.3772 183.7772 54 
0.002761454 0.002580884 0.0025796 0.0007912664 0.0009313164 0.001067344 0.001208306 0.001406269 0.001660311 0.002008448 0.002531136 0.003338729 1.943443e-06 101.5356 120.1649 132.5241 143.7589 156.6426 166.3473 173.7281 179.4092 183.3727 184.9128 55 
0.002733964 0.002613085 0.002555718 0.0007930581 0.0009277547 0.001066652 0.001218094 0.00140767 0.001662556 0.002026977 0.002553653 0.003371006 2.910916e-16 102.0753 120.0931 132.8171 144.5543 156.2375 166.4376 174.5518 179.4093 183.7376 184.9591 56 
0.002804631 0.002674051 0.002579126 0.0007931239 0.0009255813 0.001065121 0.001219813 0.00141955 0.001674931 0.002019381 0.002549664 0.003369363 1.705622e-06 102.1719 120.2729 133.6553 146.2581 159.1663 169.6882 177.6368 184.3906 188.2617 189.8421 57 
0.002725996 0.002576171 0.002555439 0.0007889965 0.0009243369 0.001065009 0.001215013 0.001405428 0.001660259 0.002019291 0.00253861 0.003348608 2.042042e-06 101.44 119.5175 132.3173 143.7909 155.5597 165.6949 173.5157 178.2925 182.826 183.798 58 
0.00275174 0.002620856 0.00257065 0.0007874652 0.0009269572 0.001067756 0.001208553 0.001401247 0.001663829 0.002012334 0.002540383 0.003354516 1.618071e-06 101.4042 120.0371 132.8358 143.7265 156.2407 166.7205 173.6753 179.7687 183.8635 184.8423 59 
0.002761043 0.002670929 0.002566364 0.0007950837 0.0009327006 0.001067964 0.001222803 0.001417395 0.001672183 0.0020278 0.002559963 0.003381688 2.202731e-06 102.8274 121.2783 133.7496 146.1339 158.1869 168.2877 176.0911 181.6928 185.1932 186.8023 60 
0.002759913 0.002630567 0.002570215 0.0008031619 0.000933654 0.001069845 0.001212923 0.001413428 0.001667053 0.002021757 0.002549271 0.003366228 1.8503e-06 103.5429 121.0777 133.8824 145.3705 158.2508 167.7227 175.4387 180.9387 184.9385 186.3649 61 
0.00276785 0.00259346 0.002564268 0.0007921191 0.000936897 0.001064074 0.001213179 0.001406524 0.001660616 0.00201664 0.002546573 0.003362403 4.879263e-16 101.9154 121.2069 132.7411 145.1968 157.6329 167.8079 175.7598 181.4987 185.6298 186.8882 62 
0.002740524 0.002633941 0.002571084 0.0007975591 0.0009352093 0.001064935 0.001215439 0.001407233 0.00166545 0.002021724 0.002546839 0.00336302 1.003204e-15 102.5468 120.7581 132.4548 144.4435 156.1079 166.0673 173.394 178.6009 183.0475 183.7905 63 
0.002760142 0.002629965 0.002566458 0.0007924821 0.0009349132 0.001069213 0.001223989 0.00140697 0.001672476 0.002017061 0.00255072 0.003369334 2.362441e-06 102.0415 121.0144 133.1926 145.6123 156.988 168.287 174.847 181.2905 184.6237 186.2344 64 
0.002741975 0.002613697 0.002575999 0.0007910611 0.0009327343 0.001062491 0.001211527 0.001410973 0.001671866 0.002023635 0.002552473 0.003367423 1.894909e-06 101.8279 120.5254 132.0613 143.8933 156.1497 165.9061 172.9432 178.5732 181.9778 183.2757 65 
0.00273136 0.002590557 0.002561324 0.0007839338 0.0009292442 0.001072619 0.001215977 0.001414157 0.00166231 0.002013267 0.002547624 0.003362496 2.537485e-16 100.6248 119.844 132.5359 143.3382 156.0515 165.4651 173.2238 179.046 181.9514 183.9225 66 
0.002713588 0.002582614 0.002559781 0.0007933007 0.0009322753 0.001068209 0.00122272 0.001413302 0.001664218 0.002021076 0.002555816 0.003373193 3.670218e-06 101.9875 120.2793 132.33 144.1494 155.435 164.9745 172.4452 177.5951 180.5981 181.7509 67 
0.002732676 0.002579744 0.00256892 0.0007958471 0.0009329298 0.001060734 0.001227354 0.001406828 0.00166955 0.002010195 0.002534025 0.003343091 2.644423e-06 102.2178 120.3412 131.8481 145.1428 155.2688 166.2289 172.4351 178.2188 181.6988 182.8879 68 
0.00273404 0.002619415 0.002573774 0.0007969451 0.0009223802 0.001065553 0.001223537 0.001401041 0.001664579 0.002012961 0.002546607 0.003361566 2.758437e-06 102.4874 119.3041 132.619 144.5151 154.7963 165.8309 172.2947 178.2079 181.2128 182.9255 69 
0.002741705 0.002593523 0.002571666 0.0007939127 0.0009218621 0.001059335 0.001209707 0.001409194 0.001663864 0.00201158 0.002538338 0.003350794 1.837121e-16 102.0266 119.2417 132.0544 143.7563 156.0109 165.6489 173.0882 179.0348 183.1013 183.6666 70 
0.002717317 0.002556751 0.002564112 0.0007979253 0.0009317351 0.001072035 0.001214869 0.001404501 0.001658778 0.002014078 0.002546765 0.003360382 1.657714e-06 102.5598 120.2654 132.962 143.8253 155.638 165.2913 172.4262 177.7164 180.9061 182.4072 71 
0.002723309 0.002548057 0.002557645 0.0007922394 0.0009290091 0.001057646 0.001209068 0.001405175 0.001654623 0.002003776 0.002525261 0.003330381 1.861998e-06 101.6968 119.8226 131.3996 143.4526 155.3491 164.6815 172.2312 177.6397 181.6161 182.8919 72 
0.002755345 0.002606703 0.002568928 0.0007927475 0.0009321487 0.00106799 0.001225218 0.001408996 0.001661736 0.002020531 0.002545385 0.003359756 6.733335e-16 102.0668 120.6734 133.0739 145.5902 156.857 167.3873 175.2549 180.167 184.3559 185.4246 73 
0.002759226 0.002652278 0.002568624 0.0007965445 0.0009355658 0.001063658 0.001215384 0.001409228 0.001661121 0.002017676 0.002553702 0.003373028 1.26094e-15 102.6952 121.2244 132.9212 145.3283 157.3546 167.1392 175.0746 180.9476 184.1715 186.5692 74 
0.002779484 0.002636509 0.002568705 0.0008009937 0.000933843 0.001074504 0.001224078 0.001408677 0.001669399 0.002011093 0.002546975 0.003365389 2.071247e-06 103.2584 121.203 134.5081 146.5366 158.4507 169.4728 176.1597 182.8368 185.9296 187.8934 75 
0.002760365 0.002644776 0.002574905 0.0007947651 0.0009336835 0.001063218 0.001223168 0.001413717 0.001662667 0.002010956 0.002544958 0.003360893 2.657726e-06 102.31 120.7707 132.5336 145.4235 156.7767 166.5759 174.1055 180.0126 183.0512 184.753 76 
0.002734152 0.002561942 0.002572749 0.0007972767 0.0009323339 0.001063376 0.001218627 0.001402263 0.001654983 0.002006061 0.00253531 0.00334348 2.521062e-06 102.1969 120.053 131.9135 144.1926 155.09 165.1167 172.2685 177.7261 180.8498 183.0234 77 
0.002769528 0.002594231 0.002567606 0.0007954572 0.0009343826 0.001062062 0.00121606 0.001409542 0.001665822 0.002011428 0.002549243 0.003366034 2.637796e-06 102.2425 120.8436 132.645 145.4635 157.6311 167.9773 175.387 182.152 185.0199 187.4179 78 
0.002749576 0.002597233 0.002579886 0.0007890242 0.0009262143 0.00106112 0.001215134 0.001407104 0.001650473 0.001999722 0.002531881 0.0033417 7.712212e-16 101.3306 119.5902 131.8309 143.909 155.5886 164.9847 172.8673 178.674 181.8432 183.5491 79 
0.002734859 0.00257981 0.00256341 0.0007958669 0.0009249405 0.001068293 0.001220599 0.00140898 0.001667398 0.002024259 0.002548814 0.003362067 2.221335e-06 102.0579 119.3429 132.6029 144.1755 155.6481 166.02 173.4298 178.4854 182.4451 183.6641 80 
0.00275202 0.002611044 0.002567832 0.0008029511 0.0009336203 0.001062589 0.001218807 0.001414803 0.00165492 0.002010718 0.002541659 0.003355671 2.276182e-06 103.4569 120.9534 133.0152 145.7442 157.5855 166.5251 174.8937 180.1904 183.5992 185.3977 81 
0.002808471 0.002638648 0.002574149 0.0008020171 0.0009379074 0.001065486 0.001219528 0.001410055 0.001664536 0.002019866 0.002547863 0.003365509 5.988433e-16 103.2882 121.7051 133.9381 147.2179 159.5625 170.2305 178.3846 184.2576 188.6318 190.3721 82 
0.002767638 0.002665886 0.00257419 0.0007944947 0.0009317757 0.001065386 0.001218309 0.001411048 0.001664547 0.002017079 0.002538331 0.00335348 2.05222e-06 102.259 120.6296 132.9282 145.2002 157.1821 167.2772 175.0333 180.4367 185.2637 185.9735 83 
0.002759055 0.002606033 0.002575167 0.0008040702 0.0009268299 0.001062548 0.001217894 0.001408967 0.001659577 0.002025224 0.002553223 0.003368831 1.173872e-06 103.3437 119.9415 132.9096 145.2714 156.798 166.5956 174.949 179.725 183.7394 185.3093 84 
0.002747453 0.002636726 0.00255871 0.0008025536 0.0009364158 0.001068725 0.001226551 0.001422755 0.001669298 0.002027727 0.002550223 0.003368813 1.964639e-06 103.5113 121.3807 133.6134 146.2939 158.122 167.4655 175.6215 180.2411 184.8715 184.8956 85 
0.002764969 0.002616427 0.002574315 0.0007933648 0.0009297385 0.001071383 0.001218505 0.001405962 0.001658678 0.002004515 0.002530648 0.00334207 2.247381e-06 102.0528 120.3322 133.415 144.9448 156.9695 167.2679 174.5125 180.347 184.3803 185.4505 86 
0.002772076 0.002604804 0.00257739 0.0007932511 0.0009283603 0.001059849 0.001216641 0.00140856 0.001658482 0.002008555 0.002538243 0.003351182 2.889201e-16 102.1764 120.3577 132.6221 145.4269 157.2832 167.3388 175.2136 181.1138 184.8695 186.0624 87 
0.002764406 0.002602943 0.002564459 0.0007930627 0.0009291347 0.001060883 0.001219105 0.001411201 0.001668463 0.002027929 0.002556221 0.003374397 3.260955e-06 102.2391 120.5594 132.8212 145.7344 157.5791 168.1181 176.1731 181.5765 185.7639 186.6512 88 
0.002728683 0.002557389 0.002575494 0.0007865633 0.0009249482 0.001062082 0.001208844 0.001404687 0.001658204 0.001999302 0.002528249 0.003334454 4.66419e-16 100.6008 118.9037 131.1503 142.38 154.4934 164.1239 171.0884 177.3709 180.4682 182.4116 89 
0.002737275 0.002597922 0.002572869 0.0007993858 0.000929288 0.001068004 0.001225921 0.001409764 0.001668367 0.002029832 0.002556496 0.003372354 1.859144e-16 102.695 119.9832 132.7482 144.8994 155.6669 166.0752 173.4187 178.0262 181.8376 182.7894 90 
0.002697533 0.002573418 0.002554761 0.0007968641 0.0009299848 0.001055098 0.001212904 0.001394819 0.001654359 0.002010798 0.002538021 0.003344815 1.947984e-06 102.4538 119.9832 131.1449 143.5399 153.7943 163.9906 170.986 176.1781 179.2034 182.2238 91 
0.002721798 0.002649375 0.00256714 0.0007932504 0.000927878 0.00107058 0.001221114 0.001419288 0.00167 0.002024555 0.002550113 0.003367276 5.883479e-16 102.2771 120.1264 133.0022 144.1984 156.1565 165.3445 172.8649 177.7479 181.6466 182.083 92 
0.002761451 0.002645433 0.002567227 0.0007948135 0.0009337712 0.001071808 0.001225134 0.001413498 0.001664793 0.002021317 0.00254786 0.00336515 1.059261e-15 102.577 121.1462 133.7997 145.9468 157.6991 167.8647 175.6658 180.7217 184.8394 185.7078 93 
0.002777435 0.002654726 0.002567091 0.0007887458 0.0009300551 0.001064312 0.001220597 0.001416468 0.00165986 0.002012807 0.002546781 0.003365888 2.002217e-06 102.0788 121.1805 133.6505 146.4692 158.9616 168.8442 177.567 183.6436 187.1443 189.1128 94 
0.0027744 0.002607695 0.002570783 0.0007978066 0.000932394 0.001064791 0.001221388 0.001406042 0.001673428 0.002029568 0.002556926 0.003375017 2.533402e-06 102.3536 120.4116 132.7668 145.5334 156.9339 168.2871 175.4815 181.1392 185.4654 186.5153 95 
0.002756744 0.002597957 0.002581555 0.0007850747 0.0009302988 0.001067364 0.001216633 0.001401628 0.001661868 0.002012121 0.002542706 0.003356394 5.599771e-06 100.7038 119.9306 132.1385 143.8198 155.4704 166.2382 173.2839 179.185 182.9313 184.0645 96 
0.002755053 0.002637069 0.002566008 0.0007876208 0.000927391 0.001067199 0.001221018 0.001412334 0.001663158 0.002027692 0.002550585 0.003365913 1.912545e-06 101.6891 120.4695 133.2961 145.3889 157.4199 167.6853 176.3023 181.0225 185.3095 187.1418 97 
0.002755223 0.002594942 0.002566527 0.0007931382 0.0009266579 0.001062928 0.001214028 0.001404302 0.001652294 0.002007531 0.002542941 0.003356422 2.493522e-06 102.3171 120.2959 132.9875 145.0533 156.9878 166.8807 174.9518 180.7856 183.7362 186.2252 98 
0.002721113 0.002585748 0.002552729 0.0007933766 0.0009337271 0.001072471 0.001217768 0.001408268 0.001660293 0.002011926 0.00254451 0.003360544 2.760542e-06 102.0101 120.5657 132.9566 144.119 156.0634 165.7989 173.0917 178.7032 182.3085 183.257 99 
0.002721287 0.002587342 0.002565504 0.0007961474 0.0009333053 0.00107088 0.001227513 0.001415054 0.001662216 0.002011512 0.002542944 0.003357267 2.169049e-06 102.3106 120.4079 132.7334 144.7418 155.8174 165.38 172.6297 177.9279 181.1378 182.0361 100 
