NaN 0.00892528 0.001210203 0.001066442 0.001026669 0.001160213 0.00132953 0.001554489 0.001843361 0.002247589 0.00286803 0.00394593 8.032703e-06 160.6322 211.6224 233.2527 240.027 239.6577 229.4114 211.262 184.9444 146.2109 0 1 
NaN 0.009012154 0.001183298 0.00103133 0.0009943218 0.001131568 0.001290281 0.00149748 0.001768889 0.002158064 0.002768535 0.003807749 7.62454e-06 155.2534 205.6274 229.4967 236.0448 234.8119 225.905 210.7444 187.5128 150.4828 0 2 
NaN 0.008932207 0.001202616 0.001042874 0.001022394 0.001157443 0.001328574 0.001549424 0.001827459 0.002228446 0.002841647 0.003904506 6.996319e-06 157.1196 210.2368 233.4845 240.8361 239.3333 227.6888 210.9768 185.4227 148.6154 0 3 
NaN 0.008939364 0.001181803 0.0010459 0.001002635 0.001146577 0.001299523 0.001515814 0.001792661 0.002183312 0.002785655 0.003824785 8.251033e-06 157.611 207.4595 231.7751 236.0632 235.6577 225.8078 208.9345 183.9324 146.0967 0 4 
NaN 0.008871708 0.001158724 0.001014424 0.0009812125 0.001121253 0.001284184 0.0014829 0.001754796 0.002142617 0.002731612 0.003737561 7.840717e-06 152.5289 201.7445 226.0958 233.9751 231.1969 222.7785 206.7803 180.916 141.3735 0 6 
NaN 0.008965485 0.001186841 0.001043223 0.0009989144 0.001135276 0.001305857 0.001509828 0.001785091 0.002179079 0.002776312 0.003810776 5.790424e-06 157.1885 206.8209 229.8407 238.2331 235.1759 226.1122 210.5212 186.1503 151.1897 0 7 
NaN 0.00895427 0.001167149 0.001029024 0.0009918805 0.001119314 0.001282435 0.001493018 0.001768952 0.002162341 0.002755346 0.003771712 4.680124e-06 154.5916 204.5066 226.242 234.0507 233.8118 225.284 209.5997 184.5291 148.6196 0 8 
NaN 0.00894037 0.001197654 0.001051775 0.001025575 0.001158229 0.001325541 0.001539447 0.001819184 0.002220137 0.002842326 0.003918375 3.390665e-06 158.5157 211.5661 234.1559 240.6122 238.4461 228.5628 212.8248 189.3358 154.4715 0 9 
NaN 0.00877473 0.001142348 0.001012142 0.0009956544 0.001125447 0.001293795 0.001496978 0.001766953 0.002158023 0.002753845 0.003774657 5.510947e-06 151.6944 203.1363 225.8722 234.4222 232.1485 223.1018 208.1588 184.1867 148.6828 0 11 
NaN 0.008965844 0.001184869 0.001051031 0.001007483 0.001147524 0.001316788 0.001531146 0.001806366 0.002217523 0.002829564 0.00387436 8.521774e-06 157.7404 207.4435 230.8057 238.3131 236.219 225.009 208.8607 180.0259 138.1691 0 12 
NaN 0.008903474 0.001179202 0.001047482 0.00100027 0.001144076 0.00130211 0.001515342 0.001790523 0.002193656 0.002802909 0.003848005 3.850011e-06 157.6455 206.6169 230.7753 236.5592 235.7475 226.3663 211.5478 186.837 151.4573 0 13 
NaN 0.00886618 0.001190303 0.001054631 0.001015027 0.001158312 0.001325832 0.001537935 0.001817055 0.002221093 0.002828832 0.003884947 2.891614e-06 158.4622 208.5695 232.3632 239.1161 236.6219 226.8843 211.5561 187.0893 153.4451 0 16 
NaN 0.008891812 0.001187498 0.001048271 0.0009990964 0.001142951 0.001304516 0.001509159 0.001787358 0.002179197 0.00279135 0.003842587 1.416863e-05 157.5629 205.4799 229.156 235.6553 233.3443 224.9105 208.2022 182.352 139.6931 0 17 
NaN 0.008874856 0.00121861 0.001076233 0.001032085 0.00116713 0.001337135 0.001557293 0.001842084 0.002255926 0.002877774 0.003959353 5.922501e-06 162.6605 213.4131 234.8865 241.3937 240.0618 230.0728 214.5553 189.2208 154.8433 0 18 
NaN 0.008881874 0.001180451 0.001036069 0.001007019 0.001138011 0.001300974 0.001512272 0.001795832 0.002190759 0.002801236 0.003847266 6.682443e-06 155.369 206.2912 228.4216 235.2309 234.2238 225.9053 208.9798 183.7473 145.0762 0 21 
NaN 0.008844341 0.001158739 0.001020783 0.0009809598 0.001115279 0.001289937 0.001498459 0.001778942 0.002168704 0.002770241 0.003796256 7.593566e-06 153.528 201.9126 225.0247 235.5826 234.3404 225.4366 207.7728 181.7384 141.8762 0 22 
NaN 0.008819072 0.001166071 0.001009605 0.0009997547 0.00113454 0.001298541 0.001502244 0.001783979 0.002173916 0.00277226 0.003798874 1.719383e-05 151.5004 203.8771 227.7537 234.8876 231.8104 222.578 203.1186 172.8777 122.6074 0 23 
NaN 0.009208684 0.001204291 0.001065426 0.0009993724 0.001135673 0.001296924 0.001510008 0.001782228 0.002180876 0.002784223 0.003818206 8.182431e-06 160.3198 208.7704 231.1791 237.3999 236.2959 225.9032 210.0317 183.4659 144.0334 0 26 
7.235248e-14 0.009081053 0.001199506 0.001056863 0.001019987 0.001160509 0.001335171 0.001541639 0.001818565 0.002217411 0.002839212 0.003910587 2.970589e-15 158.8542 210.9765 235.0888 242.9511 238.1984 227.8492 212.1162 189.0112 154.4626 0.0003599055 27 
NaN 0.008852764 0.001197395 0.001045274 0.001022807 0.001153061 0.001333129 0.001545425 0.001827226 0.002232065 0.002850827 0.003923378 4.528703e-06 157.447 209.825 231.7523 241.1772 238.4313 228.6137 212.7919 188.4913 153.775 0 28 
NaN 0.009040512 0.001161035 0.001011838 0.0009816813 0.001117355 0.001285335 0.001492472 0.001770195 0.002155418 0.002748832 0.003763886 7.993802e-06 151.9047 202.4047 226.7638 235.9752 234.3655 225.2588 207.5595 181.7963 142.522 0 31 
NaN 0.009054968 0.001226452 0.001066394 0.001017052 0.001161191 0.001332001 0.001545476 0.001826384 0.002234159 0.002852616 0.003925956 3.326182e-06 160.4355 210.4977 234.5489 241.9605 239.3211 229.3398 213.9606 189.4388 155.2392 0 32 
NaN 0.008948492 0.001184869 0.001044049 0.0009940176 0.00112715 0.001297336 0.001509182 0.001782378 0.002176242 0.002780515 0.00381632 6.928908e-06 156.9608 205.2261 227.2542 236.1162 235.1956 225.4138 209.5554 184.4539 146.4697 0 33 
NaN 0.008899823 0.001186291 0.001035737 0.001012234 0.001140305 0.001306296 0.001519445 0.001803637 0.002205517 0.00281114 0.003860053 3.178045e-06 156.0521 208.1216 229.9744 237.3761 236.6384 228.4748 212.6953 187.9183 153.5179 0 34 
NaN 0.008994961 0.001185701 0.001027839 0.0009967326 0.001122861 0.00129049 0.001497354 0.001779292 0.002171615 0.002780852 0.003824638 3.320562e-06 154.9753 206.1256 228.0974 236.8653 235.8386 228.3802 212.397 188.7462 152.7757 0 36 
NaN 0.008882513 0.001158291 0.001022823 0.0009889934 0.001119501 0.001283375 0.001492947 0.001773355 0.00215907 0.002755774 0.003777765 6.957204e-06 154.3229 204.2501 226.6927 234.6931 234.0346 225.6917 208.1768 182.8221 143.6959 0 37 
NaN 0.008869815 0.001163718 0.001025048 0.0009917344 0.001128507 0.00129651 0.001495624 0.001779806 0.002170309 0.002771935 0.003801974 7.812074e-06 154.2359 203.856 227.2834 235.7241 232.5163 225.1729 207.7203 181.4214 140.2758 0 38 
NaN 0.009019054 0.001186967 0.001036156 0.0009845276 0.001134022 0.001294036 0.001492885 0.001772917 0.002168214 0.002773488 0.003813118 1.858103e-06 155.9582 204.0164 229.8682 237.1307 234.3095 227.3682 212.3185 188.5594 153.2548 0 41 
NaN 0.008874299 0.001169848 0.001031182 0.0009950983 0.001138211 0.001297182 0.001506885 0.001779377 0.002167431 0.002771056 0.00380335 1.4711e-05 155.0426 204.6607 229.0686 235.1176 233.3016 222.8943 205.2357 177.7589 132.5261 0 42 
NaN 0.008969334 0.001129206 0.000998583 0.0009612819 0.00109799 0.001253642 0.001456837 0.001721053 0.002097943 0.002667865 0.003630564 1.308527e-05 149.8472 198.3977 222.6347 229.8633 228.3169 217.4089 197.6973 164.4915 106.3694 0 43 
NaN 0.008893299 0.001192704 0.001051933 0.001000818 0.001150431 0.001313112 0.001529857 0.001813149 0.002205436 0.002824405 0.003895372 3.174412e-06 158.459 206.3031 231.2398 238.1372 237.7525 229.0361 212.4907 189.9398 154.7328 0 46 
NaN 0.008784079 0.00112835 0.00102039 0.0009736785 0.001108367 0.001278212 0.001487799 0.001756023 0.002145001 0.002733406 0.003738533 3.415942e-06 153.1942 200.2209 223.1002 233.0765 232.7659 223.2604 208.0379 183.5864 148.1727 0 47 
NaN 0.008740696 0.001189182 0.001049704 0.001018892 0.001152382 0.001335806 0.001543746 0.001824304 0.00222441 0.002843967 0.003919898 6.689771e-06 158.5814 209.1761 230.9818 241.0923 237.5051 228.0019 211.9973 188.0776 152.0917 0 48 
NaN 0.008891918 0.001186606 0.001038919 0.0009934513 0.001133407 0.001303796 0.001507837 0.001783776 0.002170624 0.002773253 0.003813383 5.338591e-06 156.4743 204.8731 228.3351 237.091 234.5055 225.8929 209.8538 186.5356 150.396 0 49 
NaN 0.008706139 0.001158101 0.001011796 0.0009940101 0.001136755 0.00129223 0.001499287 0.001777569 0.002161421 0.002765457 0.003797067 6.718728e-06 151.9072 202.5083 227.3637 233.2194 231.9968 223.8127 207.093 183.1899 144.8493 0 51 
NaN 0.009207436 0.001192202 0.001050401 0.0009981632 0.001136542 0.001307011 0.001517724 0.001790776 0.002170922 0.002778961 0.003820612 6.717875e-06 157.1794 206.8236 230.4592 238.7477 236.311 225.4605 207.9531 184.7997 147.0507 0 52 
NaN 0.008822448 0.001188486 0.001041394 0.001016248 0.001145649 0.001316612 0.001525 0.001816285 0.002219394 0.00283453 0.003896567 4.625032e-06 156.8361 208.6731 230.4873 238.5254 236.2493 228.799 212.1298 187.294 151.764 0 53 
NaN 0.008852644 0.001181488 0.001043975 0.001009588 0.001140797 0.001315303 0.001520166 0.001803814 0.002207531 0.002817945 0.003877531 7.435785e-07 157.2991 208.1257 230.2637 239.2841 236.3294 228.2317 212.6726 188.0974 153.5731 0 56 
NaN 0.00889634 0.001211003 0.001068845 0.001040772 0.001170536 0.001348297 0.001569277 0.001861997 0.002267211 0.002886177 0.003968056 9.323803e-06 161.1759 214.4268 235.5322 242.9931 240.2733 229.4818 210.2152 183.3495 144.4259 0 57 
NaN 0.008874797 0.00117413 0.001020578 0.001002442 0.00113916 0.001299282 0.001509648 0.001780026 0.002170993 0.002768123 0.003793399 1.00728e-05 153.567 205.6518 229.554 235.588 233.7807 223.1358 206.4657 179.5776 137.9222 0 58 
NaN 0.008779793 0.001183681 0.001040272 0.001003968 0.001144821 0.001308505 0.001523616 0.0018007 0.002196065 0.002798277 0.003841334 6.310734e-06 156.3593 205.4338 228.7495 235.6182 234.9632 225.4518 209.4885 184.6536 148.0417 0 61 
NaN 0.008975934 0.001193125 0.001047057 0.001006597 0.001144351 0.001319248 0.001524209 0.001807103 0.002199848 0.002804624 0.003852188 7.883081e-06 157.791 208.3529 231.7051 240.375 236.3258 227.0469 209.337 184.1522 146.5635 0 62 
NaN 0.008980519 0.001173242 0.00104238 0.0009962189 0.001143953 0.001294378 0.001504944 0.001777036 0.002175447 0.002778324 0.003809101 6.230798e-06 156.4485 205.843 231.1048 235.2767 234.1787 224.6439 209.651 184.7735 148.5335 0 63 
NaN 0.008921099 0.001189186 0.001033613 0.001006018 0.001149515 0.001311226 0.001517989 0.001798075 0.002195508 0.002801014 0.003842458 1.355332e-05 155.5919 206.8999 231.6508 237.5541 234.2872 224.4067 206.0637 176.6063 129.6919 0 66 
NaN 0.008966991 0.001174481 0.001030643 0.0009707238 0.001122032 0.001289412 0.001492711 0.00177027 0.002158656 0.002751379 0.00377255 2.424176e-06 154.797 200.8905 226.9378 236.3783 234.2452 225.9614 209.7405 185.5483 150.4165 0 67 
NaN 0.008910571 0.001177504 0.001043018 0.00100091 0.001139868 0.001302027 0.001527656 0.001808274 0.00219688 0.002798678 0.003843799 6.517057e-06 157.2644 206.7574 230.1436 236.8841 237.8699 227.4416 209.2164 184.2562 146.6736 0 68 
NaN 0.008814212 0.001175755 0.001024385 0.00100297 0.001143187 0.00130861 0.001510953 0.001799727 0.002198077 0.002806806 0.003850176 1.498701e-05 154.4511 205.6278 229.6921 236.454 232.0201 222.1993 199.5674 161.8225 90.21174 0 71 
NaN 0.008937992 0.001175446 0.001048417 0.001005078 0.001144343 0.001316417 0.001524515 0.001807078 0.002199763 0.002802493 0.003848911 3.41558e-06 157.4223 207.172 230.5775 238.8723 235.9038 226.8439 209.9177 186.0687 151.6551 0 72 
NaN 0.009099521 0.001200123 0.001068295 0.001016921 0.001155763 0.001317006 0.001524378 0.001803225 0.002205606 0.002824542 0.003890739 3.383668e-06 160.7187 211.534 234.7743 240.0314 237.0505 227.9838 212.7438 188.869 153.5565 0 73 
NaN 0.008789116 0.00116652 0.001036214 0.0009863753 0.00113802 0.001306664 0.001512504 0.001789301 0.002175974 0.002774747 0.003813775 2.340908e-06 155.2615 201.8806 227.2937 236.0024 233.6775 225.0001 209.0357 186.2009 151.8975 0 76 
NaN 0.009089682 0.001187921 0.001053167 0.001004802 0.001137608 0.00129978 0.001516912 0.001790944 0.002179121 0.002786041 0.003826354 7.926192e-06 158.1294 208.1659 230.3007 236.582 235.9537 225.2098 207.9151 182.6184 142.7084 0 77 
NaN 0.008895541 0.001164673 0.001022678 0.0009960304 0.001124278 0.001286589 0.001498858 0.001768298 0.002159071 0.0027558 0.003777774 5.733857e-06 153.6531 204.6513 226.8099 234.1823 233.8965 224.2098 208.9489 184.4918 148.0312 0 78 
NaN 0.008854926 0.001174786 0.001049072 0.001008596 0.001146861 0.001305166 0.001516192 0.001795515 0.00219315 0.00280445 0.003858004 2.590785e-06 157.4529 207.1428 230.0657 235.6062 234.6497 226.3173 211.1143 187.6424 152.8231 0 81 
NaN 0.008875716 0.001145536 0.001021595 0.000986053 0.001119194 0.00128203 0.001490013 0.001770654 0.002155287 0.002746993 0.003756544 9.180826e-06 153.3226 202.7949 225.6657 233.3069 231.9675 223.091 204.4105 176.8993 133.6479 0 82 
NaN 0.00892768 0.001187595 0.001053097 0.0009989295 0.001143949 0.001319697 0.001519928 0.001806526 0.002203489 0.00281177 0.003860493 9.752482e-06 159.097 207.1368 231.114 240.1133 235.1086 226.4754 207.6923 179.2525 134.6186 0 83 
NaN 0.00891408 0.001183069 0.001035614 0.0009919878 0.001132528 0.001308101 0.001508766 0.001785066 0.002188599 0.002789387 0.003827292 1.922022e-06 156.2591 205.1079 229.1205 239.1266 235.6782 227.279 212.7341 187.8765 153.6871 0 86 
NaN 0.008977369 0.001185233 0.001050953 0.001010633 0.001140867 0.001311992 0.001525894 0.001804677 0.002205157 0.002822047 0.003877053 9.13108e-06 157.936 208.6063 230.2866 238.2625 236.462 226.0583 208.9284 182.1552 140.9959 0 87 
NaN 0.008963605 0.00118894 0.001025603 0.0009983126 0.001144956 0.00130887 0.001520309 0.0017981 0.00219771 0.00281041 0.003862078 3.982443e-06 154.8398 206.2666 232.4015 239.7402 237.8123 228.102 212.1899 187.5027 151.3794 0 88 
NaN 0.009136322 0.001192995 0.001044383 0.001000286 0.001140026 0.001302395 0.001517615 0.001791417 0.002192167 0.0027981 0.003839185 3.018728e-06 156.5948 207.0859 231.3633 238.198 237.2465 226.9088 211.5823 186.7016 151.6098 0 91 
NaN 0.008811062 0.001164314 0.001020196 0.0009988283 0.001125686 0.001291407 0.001494969 0.001764978 0.002163969 0.002765623 0.003790244 6.83022e-06 153.7873 205.2041 227.0072 234.8424 232.8188 223.8297 209.1264 183.3489 144.6105 0 92 
NaN 0.008949581 0.001179614 0.001043753 0.0009895467 0.001127011 0.001299679 0.001505061 0.00179124 0.002190292 0.002787684 0.003813919 1.764597e-05 157.1766 204.7255 227.5136 236.7875 234.0557 225.1003 205.7062 173.9625 124.4699 0 93 
NaN 0.009138833 0.001181111 0.001034284 0.0009795034 0.001131964 0.001283799 0.001496016 0.001773686 0.002151221 0.002750197 0.003774937 1.299389e-05 155.0034 203.0315 229.6057 235.1997 234.6206 225.4328 207.2147 183.1234 143.9599 0 96 
NaN 0.009042987 0.001186734 0.001045963 0.001010166 0.001145357 0.001297675 0.001518772 0.001789994 0.002183185 0.002793401 0.003841143 3.103723e-06 157.4428 209.3275 232.6252 236.6728 237.2657 226.6343 211.1379 187.5875 152.2713 0 97 
NaN 0.009112848 0.001183826 0.001038271 0.0009918259 0.001124244 0.001297592 0.001498275 0.001765396 0.002148171 0.002745498 0.003762578 1.347345e-05 156.1913 206.0346 228.5273 237.294 232.6985 220.861 201.5273 170.7779 116.6947 0 98 
NaN 0.00897003 0.001147132 0.00102226 0.000977182 0.001116726 0.001274592 0.001476793 0.001749176 0.002129692 0.002717482 0.003719548 7.962643e-06 153.0964 201.6277 225.8794 232.9795 231.2605 222.8902 206.6677 182.6441 145.9084 0 1 
NaN 0.009080053 0.001168882 0.001033605 0.0009935942 0.001134241 0.001307159 0.001514998 0.001784438 0.002168769 0.002775393 0.003807065 8.543934e-06 154.7198 204.9553 229.4563 238.3216 234.8869 223.0908 205.4193 179.6781 137.9365 0 2 
NaN 0.008961746 0.001178575 0.001037875 0.001002219 0.001134781 0.001297353 0.001511479 0.001780565 0.002171792 0.002771515 0.00380254 5.223577e-06 155.7182 206.1635 228.5772 235.3521 234.7187 224.3496 209.0875 184.8501 148.6894 0 3 
NaN 0.009056587 0.001199303 0.00106864 0.001009095 0.001156847 0.001317722 0.00153064 0.001808242 0.002211225 0.002819654 0.003869079 7.6395e-06 160.8165 209.511 233.8154 239.1046 236.8677 226.5922 210.501 184.2955 146.5847 0 4 
NaN 0.009113134 0.00120219 0.001078448 0.001012113 0.001146358 0.001322442 0.001534389 0.001819035 0.002217515 0.002827918 0.003886306 5.013084e-06 162.2233 210.9103 232.459 241.0744 238.3638 228.748 211.5307 186.8301 151.5476 0 5 
NaN 0.008891668 0.001189903 0.001048987 0.00100822 0.001143876 0.001316764 0.001526724 0.001809655 0.002209791 0.002826681 0.003888354 8.103414e-06 157.6757 207.0806 229.4111 238.0277 235.8804 226.9569 210.1848 184.3459 144.5695 0 6 
NaN 0.009135985 0.00121023 0.001067291 0.001008484 0.001151229 0.001315714 0.001527341 0.001806346 0.002199808 0.002809062 0.003868062 3.070082e-06 160.2115 209.2778 232.9568 239.4221 237.3389 227.9018 211.795 188.591 154.2363 0 7 
NaN 0.008769585 0.001145473 0.001009535 0.0009915337 0.001129011 0.001291864 0.001506856 0.001775365 0.002163357 0.002761526 0.003780468 1.193125e-05 151.609 202.3325 226.2464 233.4311 232.268 219.9182 200.4449 168.2193 111.9837 0 8 
NaN 0.00898223 0.001178074 0.001031049 0.0009945984 0.001122665 0.001293241 0.001496453 0.00177929 0.002168962 0.002761985 0.003786766 7.049091e-06 155.1083 205.253 227.0934 236.1712 234.0108 226.4452 209.5761 184.4714 147.6096 0 9 
NaN 0.009073057 0.001163637 0.00101724 0.000983867 0.001118005 0.001280829 0.00148476 0.001761011 0.00214934 0.002738793 0.003748256 8.477199e-06 153.2434 204.1526 228.2143 236.1553 234.2225 225.6417 209.008 183.468 146.0596 0 10 
NaN 0.009116647 0.001227222 0.00107122 0.001023148 0.001157618 0.001335207 0.001545622 0.001828859 0.002224451 0.002840276 0.003916578 2.999783e-06 161.2825 212.5298 234.7973 243.217 239.4869 229.6194 212.6385 189.5316 155.3886 0 11 
NaN 0.009174961 0.001211871 0.001084819 0.001023285 0.001156582 0.001328973 0.001540712 0.001820326 0.002222946 0.002845594 0.003919 4.035053e-06 162.6797 212.8284 234.3117 241.5199 238.4055 228.1801 212.2741 188.3046 152.9378 0 12 
NaN 0.008925292 0.001185652 0.001048599 0.0009978933 0.00113199 0.001298501 0.001507834 0.001790412 0.00218072 0.002781517 0.003815627 8.771376e-06 157.6228 205.9281 227.8353 235.4919 233.9067 225.1616 207.1732 180.5355 139.0459 0 13 
NaN 0.00893168 0.001174786 0.001029069 0.001005839 0.001135117 0.001297997 0.001508005 0.001786196 0.002177291 0.002782656 0.003818491 1.092975e-05 154.8352 206.8434 229.0509 235.5933 233.7656 223.8334 205.2442 176.4412 128.963 0 14 
NaN 0.008844358 0.00115985 0.001026797 0.0009950577 0.001133684 0.001301127 0.001509325 0.001783102 0.002170006 0.002768243 0.003794746 7.552494e-06 154.4219 204.4704 228.2217 236.12 233.8084 223.7706 206.7485 181.4333 142.2959 0 15 
NaN 0.008936737 0.001182767 0.001042051 0.001001473 0.001139254 0.001302423 0.001503861 0.001780432 0.002172179 0.002777941 0.003819272 5.28792e-06 156.6086 206.5626 229.8715 236.6578 233.6565 225.5749 210.1956 186.8037 151.1937 0 16 
NaN 0.008722682 0.001132658 0.001001723 0.0009820588 0.001116702 0.001280787 0.00149378 0.001764922 0.002148142 0.002740213 0.003751124 6.487146e-06 150.7091 200.985 224.8043 233.2888 233.1585 223.3602 206.7147 182.0391 144.3939 0 17 
NaN 0.008948248 0.001205784 0.001062558 0.001003617 0.001146136 0.00131696 0.00152674 0.001812039 0.002200178 0.002819658 0.00388786 6.932438e-06 160.2267 207.9987 231.2401 239.3706 237.0177 228.3858 210.5794 187.3834 149.5991 0 18 
NaN 0.008924865 0.001164394 0.001020413 0.000994381 0.001133088 0.001293093 0.001508122 0.001781717 0.002173667 0.002768912 0.003785979 1.120581e-05 153.2298 204.2841 228.5758 234.987 233.8595 222.5716 203.9947 174.1945 127.1943 0 19 
NaN 0.008905448 0.001200486 0.001058589 0.001011753 0.001152463 0.001325761 0.001549161 0.001827537 0.002223919 0.002844205 0.003916919 6.98631e-06 159.0165 208.1467 231.29 239.6402 239.0355 227.5902 210.6232 186.3306 149.3476 0 20 
NaN 0.00880899 0.001185981 0.001047667 0.001006147 0.001149864 0.001326507 0.001527788 0.001806426 0.002202773 0.002820084 0.003881262 5.891945e-06 157.5568 206.7042 230.618 239.6451 234.9952 226.063 210.0873 186.3545 149.8688 0 21 
NaN 0.008860846 0.001140582 0.001011864 0.0009756575 0.001114858 0.001274155 0.001477297 0.001741904 0.002120834 0.002702288 0.003689349 1.131485e-05 151.4473 199.9294 223.8842 230.9943 228.8261 218.1515 199.9667 170.2618 119.8971 0 22 
NaN 0.009051738 0.001187031 0.001027279 0.0009992495 0.001139172 0.001298137 0.001509548 0.001784269 0.002174102 0.002775094 0.00381123 9.34166e-06 154.0319 205.9891 231.0038 237.2233 235.6943 225.8428 209.4657 185.3005 149.456 0 23 
NaN 0.008997699 0.001187975 0.001044636 0.0010004 0.001138668 0.001306697 0.001514594 0.001790883 0.002176549 0.002777843 0.003814337 1.130081e-05 157.1205 206.7473 229.9576 237.4539 234.5434 224.2158 205.7904 178.9072 135.1313 0 24 
NaN 0.009136308 0.001221979 0.001060673 0.001013439 0.001138595 0.001311401 0.001520416 0.001806828 0.00220152 0.0028069 0.003862232 7.146791e-06 159.3934 210.1205 230.7061 239.1923 237.1041 229.0055 211.9781 187.6126 152.1366 0 25 
NaN 0.008891613 0.001172263 0.001020239 0.001004729 0.001133113 0.001308994 0.00151748 0.001792855 0.002175466 0.002778864 0.00381843 7.204743e-06 153.9595 206.6472 229.1368 238.5007 235.7208 225.3083 207.3561 182.5288 142.3776 0 26 
NaN 0.008863413 0.001144472 0.001016319 0.0009822431 0.001112636 0.001272261 0.001476561 0.00175286 0.002135164 0.002732993 0.003747233 3.16341e-06 153.2018 203.0755 225.8932 233.5059 232.6612 224.99 208.7577 185.1495 148.3033 0 27 
NaN 0.009063484 0.001200816 0.00106195 0.00100417 0.001143649 0.001319148 0.001530954 0.001801384 0.002201454 0.002812599 0.003864967 6.796065e-06 159.826 208.4683 231.4789 240.4285 237.8391 226.4242 211.2092 186.1596 149.3924 0 28 
NaN 0.008806929 0.001167876 0.001035298 0.0009916832 0.001131675 0.001302361 0.001509682 0.00179024 0.002177698 0.002775206 0.003808606 1.328992e-05 155.8272 203.7477 227.0253 235.8631 233.728 224.7216 206.6587 180.135 138.3016 0 29 
NaN 0.00892089 0.001173825 0.001030922 0.001007555 0.001138765 0.001305701 0.001519537 0.00180135 0.002185562 0.002787797 0.003831603 3.913169e-06 154.8442 206.9776 229.7612 237.2596 235.9585 226.6536 208.9224 185.8515 150.6038 0 30 
NaN 0.008816742 0.001160698 0.001017963 0.001000541 0.001133731 0.001296369 0.001508027 0.001775016 0.002165926 0.002764403 0.00379229 2.027268e-06 153.0107 204.9573 228.3099 235.329 234.2508 223.9189 209.1567 185.5555 150.7575 0 31 
NaN 0.008752431 0.001158145 0.001024451 0.0009939488 0.00112563 0.001294851 0.001510224 0.001782572 0.002179696 0.002777251 0.003802815 6.22703e-06 153.884 203.3918 225.697 234.5913 234.4617 224.4846 209.0456 183.7239 147.5953 0 32 
NaN 0.009066942 0.001177395 0.001040627 0.0009959434 0.001131986 0.001295182 0.001503817 0.001783007 0.00217779 0.002772465 0.003792862 7.244769e-06 155.8044 205.5085 228.7025 235.8062 234.09 225.2106 208.6862 182.965 146.2871 0 33 
NaN 0.00885535 0.001148494 0.00102082 0.0009783282 0.001118139 0.001275562 0.001484406 0.001756968 0.002136502 0.00271795 0.003714173 1.304945e-05 153.3878 201.1854 224.7925 231.344 230.0955 219.4477 198.9874 166.4027 108.837 0 34 
NaN 0.008898992 0.001176532 0.001045111 0.001013259 0.001145901 0.001305524 0.001517968 0.001790917 0.002193875 0.002806245 0.003851336 8.705077e-06 157.071 208.5491 230.807 236.1296 234.665 224.4348 208.9497 182.712 143.1793 0 35 
NaN 0.008885618 0.001177799 0.001030591 0.001003747 0.001135184 0.001298193 0.001506371 0.00178417 0.002178113 0.002772839 0.003798931 8.332429e-06 154.7161 205.6665 227.94 234.7832 233.2231 224.4482 208.0277 181.861 143.0898 0 36 
