0.9999851 0.2680649 0.1611985 0.1250372 0.141363 0.1481407 0.1579396 0.1889472 0.2208817 0.3028103 0.3793972 0.9999715 0.9999886 18298.92 36597.56 54698.4 70985.29 85776.83 100677.3 114804.6 129894 143074.4 164634.9 146347.8 1 
0.9999994 0.2699785 0.1617673 0.1321236 0.1365315 0.1482513 0.1652656 0.1834969 0.2216848 0.2791384 0.4028041 0.9999997 1 19229.83 38459.65 55705.52 71875.04 87227.99 101457.4 115493.6 129249.5 143558.8 164773.6 145544.2 2 
1 0.3832429 0.1241151 0.0949853 0.1083838 0.1298726 0.1445068 0.163292 0.2058084 0.2493243 0.3209912 0.4923581 0.9999999 13057.36 26114.72 39598.72 54004.93 67952.67 81435.99 95654.98 109335.3 122556.7 136326.8 137467.1 3 
1 0.3707954 0.1282188 0.09523341 0.1105983 0.1275461 0.1414064 0.1748644 0.2019012 0.2551899 0.3254769 0.5067358 0.9999992 13186.72 26373.43 40229.26 54441.06 68187.6 82782.92 96688.09 110714.8 124039.6 138032.8 138467.4 4 
1 0.3724784 0.1284683 0.09417444 0.1121582 0.1271229 0.1420043 0.1708971 0.2036389 0.2503205 0.3378394 0.5079441 0.9999996 12925.75 25851.5 39795.84 53828.07 67510.31 81638.15 95595.73 109259 123083.4 136846.5 137253.2 6 
0.9999546 0.268459 0.16269 0.1292709 0.1357207 0.1480401 0.1616782 0.1928368 0.2171206 0.2960078 0.4019701 0.9999035 0.9999566 18826.88 37652.9 54862.22 71085.07 86178.65 101269.8 114983.7 129620.6 143612.6 164429.4 145638.9 7 
1 0.385075 0.1252859 0.09462331 0.105152 0.1287643 0.1449604 0.1698967 0.1974738 0.2469594 0.3453 0.5000265 0.9999998 12951.91 25903.82 38934.96 53214.35 67219.87 81255.15 94796.99 108388 122698.1 136265.1 136878.6 8 
1 0.3801436 0.1270719 0.09412761 0.1146654 0.1230031 0.1387002 0.1663365 0.1979454 0.2503218 0.3535977 0.4824406 0.9999997 12916.18 25832.36 40085.69 53622.23 67008.72 80835.83 94553.49 108467 123201.1 136195.6 137219.9 11 
1 0.3720907 0.1265368 0.09847091 0.1087284 0.129643 0.1454318 0.1669273 0.2028722 0.2626392 0.3131752 0.5100755 0.9999999 13615.07 27230.15 40783.13 55186.07 69248.45 83041.91 97007.25 111419 124090.4 138265.2 138265 12 
1 0.3855362 0.1254947 0.09639058 0.1088785 0.1277732 0.1486401 0.1653094 0.2000801 0.2566988 0.3319693 0.495822 0.9999998 13175.78 26351.56 39799.78 53863.48 68133.51 81644.88 95294.84 109303.5 122769.5 136205.2 136691.6 13 
1 0.3758276 0.1265732 0.09722733 0.1092099 0.1288841 0.1427348 0.1696221 0.2044183 0.2439841 0.3287151 0.5039242 0.9999998 13394.97 26789.94 40372.88 54652.16 68427.84 82461.82 96505.93 109841.8 123425.2 137403.7 137769.6 16 
1 0.3626656 0.1312383 0.09788471 0.1133425 0.1249784 0.1490159 0.1703488 0.198576 0.2547021 0.3404282 0.4912136 0.9999999 13563.04 27126.08 41293.71 55145.16 69596.61 83655.12 97251.48 111227.7 125150.1 138400.3 138561.4 17 
1 0.3790969 0.1251521 0.09672648 0.110467 0.1260251 0.1488041 0.1704334 0.2079621 0.2481612 0.3366272 0.5058956 0.9999994 13255.15 26510.29 40184.15 54060.57 68380.29 82340.88 96472.25 109828.4 123449.7 137029.4 137037.4 18 
0.9999978 0.2705251 0.1633254 0.1276151 0.1344025 0.1481881 0.1657995 0.1984337 0.2234877 0.2820598 0.4057273 0.9999993 0.9999995 18599.42 37198.81 54287.58 70596.75 86140.09 101658.5 115667.9 129397.5 143576.2 164344 145746.3 21 
1 0.3715518 0.1273023 0.09881615 0.1108479 0.1263849 0.1504256 0.1677701 0.2000604 0.2497497 0.3420324 0.4880478 0.9999993 13566.25 27132.5 40846.77 54750.03 69206.53 82904.53 96498.53 110073.8 124022 137117.3 137287.8 22 
1 0.3742072 0.1255065 0.09774399 0.111098 0.1301376 0.1481545 0.1641236 0.1942128 0.2483428 0.3357243 0.5048594 0.9999997 13468.51 26937.02 40749.3 55131.19 69373.44 82813.32 96106.98 109804.4 123722.8 137626.4 137793.7 23 
0.9999726 0.2669406 0.1631176 0.1303336 0.1327498 0.1512236 0.1649535 0.1908001 0.232738 0.2804411 0.3953547 0.9999439 0.9999758 19005.17 38009.83 54843.36 71473.38 86869.54 101740 116417.7 129987 143751.3 164802.6 145819.5 26 
1 0.3784825 0.1258909 0.09785965 0.106881 0.1286497 0.1411377 0.1708926 0.2041726 0.2510322 0.3290549 0.5049037 0.9999998 13424.58 26849.17 40076.49 54296.15 67889.19 82024.99 96027.47 109728.6 123179.7 137027.7 137182 27 
1 0.3742205 0.127878 0.09680838 0.1130371 0.1268787 0.148204 0.1635599 0.2021275 0.2494273 0.3365723 0.5044809 0.9999967 13374.65 26749.3 40854.21 54896.69 69218.21 82681.22 96597.56 110299.4 124176.6 137976.2 138155.9 28 
0.9999855 0.2695882 0.163298 0.1254068 0.1366957 0.1460156 0.1727732 0.1802403 0.2282236 0.2780941 0.4032696 0.9999751 0.9999939 18247.4 36494.54 53889.68 69930.57 86139.31 100126.7 114645.5 128298.9 142591.8 163741.7 145505.8 31 
1 0.3947886 0.1230076 0.09462016 0.1103286 0.1242884 0.1462704 0.1644976 0.2037735 0.2518569 0.3293655 0.4949209 0.9999996 12855.95 25711.89 39283.75 52886.02 66904.41 80363.69 94293.91 108002.7 121415.2 134931.4 135869 32 
1 0.3712087 0.1274188 0.0953723 0.1087925 0.1291783 0.1471277 0.170001 0.2046325 0.2488751 0.3411765 0.4935724 0.9999996 13223.05 26446.1 40091.25 54530.6 68851.87 82964.99 97065.13 110704.6 124749.2 138135.1 138646.6 33 
1 0.3756944 0.1259118 0.09767498 0.109771 0.1243099 0.1476805 0.1643707 0.1980042 0.2528042 0.3258722 0.4924644 0.9999999 13412.57 26825.14 40426.41 54138.36 68403.2 81935.47 95557.26 109505.4 122939.7 136625.9 137318.4 36 
1 0.3768979 0.1275749 0.09500767 0.1107139 0.128654 0.1412698 0.1716025 0.1938277 0.2428714 0.3453219 0.4719829 0.9999998 13118.19 26236.39 40070.85 54367.2 68045.8 82314.12 95664.81 109151.1 123669.2 136660.1 138075.1 37 
1 0.3826673 0.1257495 0.09771287 0.1115016 0.1290614 0.1482113 0.164891 0.1976638 0.2552741 0.3350858 0.500425 0.9999999 13375.65 26751.29 40523.03 54686.21 68851.75 82275.72 95714.33 109639.2 123251.6 136768.7 136887.3 38 
1 0.3684124 0.1279701 0.09974334 0.1105678 0.1316772 0.1397641 0.1739532 0.2040234 0.2402704 0.3354014 0.4774654 0.9999998 13810.39 27620.78 41402.94 56001.57 69456.39 83862.03 97818.79 110901.7 124776.6 137903.6 138459.3 41 
1 0.3723585 0.1281121 0.09743913 0.1102503 0.125666 0.1473713 0.167629 0.2014809 0.257012 0.3305426 0.5055806 1 13430.64 26861.29 40577.04 54486.99 68749.57 82581.87 96420.59 110516.7 123986.4 137778.9 137836.2 42 
1 0.3741814 0.1279313 0.09616265 0.1109213 0.1273255 0.1465235 0.1636521 0.2032347 0.2552686 0.3325408 0.492369 0.9999993 13296.96 26593.91 40456.71 54604.61 68812.7 82356.54 96423.65 110501.5 124159.3 137656.8 138275.7 43 
1 0.3706762 0.1259903 0.09964007 0.1133767 0.1246248 0.1434023 0.166027 0.2031894 0.2551786 0.3423629 0.4977188 0.9999997 13757.9 27515.79 41610.56 55347.11 69183.54 82905.72 96911.19 110926.3 124931.5 138321.3 138075.9 46 
1 0.3809691 0.1255597 0.09740745 0.108303 0.1252178 0.145803 0.1696988 0.2077778 0.2430663 0.3304802 0.4842852 0.9999998 13341.81 26683.61 40072.82 53876.58 67936.99 81915.73 96126.72 109297.1 122851.3 136149.6 136969.1 47 
1 0.3519932 0.1318312 0.1020175 0.1170679 0.1266682 0.1454071 0.1742212 0.2050706 0.2517665 0.3347374 0.5062305 0.9999995 14261.64 28523.29 43219.34 57259.04 71334.25 85746.42 99755.06 113426.6 127027.4 140710.9 139796.1 48 
1 0.3917388 0.1233079 0.09103729 0.1097339 0.1263928 0.1413931 0.168245 0.2016055 0.2566801 0.3289091 0.4910959 0.9999968 12419.37 24838.75 38445.9 52398.94 66035.06 79966.6 93851.88 107966.3 121410 134880.8 136420.7 51 
1 0.3856035 0.1226037 0.09555583 0.1088881 0.1271043 0.1427841 0.1751574 0.1977024 0.2495315 0.3335819 0.48827 0.9999997 13068.58 26137.16 39606.1 53616.33 67354.45 81801.07 95251.02 108870.8 122534.8 135863.4 136763.8 52 
1 0.3666929 0.1274801 0.09968529 0.1101153 0.133441 0.1425276 0.16603 0.1962153 0.2475014 0.328918 0.5007607 0.9999999 13797.35 27594.69 41316.35 56113.63 69809.51 83489.87 96973.1 110643.4 124314.2 138281.5 138409.1 53 
1 0.3589469 0.1322333 0.09944917 0.1123776 0.1315264 0.1466374 0.1670849 0.201528 0.2499219 0.31954 0.5089839 0.9999986 13842.37 27684.74 41771.05 56404.91 70574.16 84351.75 98192.9 111898.6 125042.6 139289.1 139190.4 56 
1 0.3879769 0.1228641 0.09528579 0.1096271 0.1241199 0.1451898 0.1652672 0.21141 0.2541058 0.31681 0.4988275 1 13033.29 26066.57 39632.67 53308.4 67320.07 80953.66 95511.48 109310.1 122142.3 135945.8 136781 57 
1 0.3830046 0.1260458 0.09661723 0.1098819 0.1252913 0.1471475 0.1661258 0.2038302 0.2442974 0.3331835 0.5007758 0.9999995 13208.76 26417.51 39988.31 53761.92 67911.48 81535.38 95474.43 108775.6 122484.5 136224 136712.2 58 
0.9999837 0.2737939 0.1615664 0.1237091 0.1365757 0.144422 0.1684362 0.1844503 0.2266209 0.2723153 0.3966224 0.9999719 0.9999969 17963.42 35926.55 53304.33 69170.41 85001.99 99418.25 113863.2 127286.9 141513.9 163157.6 145207 61 
1 0.3620783 0.1285671 0.0971896 0.1162149 0.129116 0.1424789 0.1659096 0.2046735 0.2502432 0.3384946 0.4989413 0.9999996 13475.32 26950.64 41497.78 55781.54 69508.46 83215.36 97319.36 111034.1 124943.2 138505.4 138649.8 62 
1 0.3771849 0.1246095 0.09830955 0.1104737 0.1258814 0.1430283 0.166384 0.2040972 0.2557856 0.3350683 0.5057455 0.9999999 13529.34 27058.68 40767.41 54662.41 68462.73 82220.42 96288.57 110321.1 124001.3 137731.2 137619.8 63 
0.9999981 0.2702339 0.1622698 0.1214284 0.1367124 0.1419997 0.1687065 0.1835349 0.2240673 0.2776427 0.3916876 0.9999989 0.9999999 17735.61 35471.19 53014.41 68744.93 84780.13 99281.66 113736.4 127634.1 141796.8 163792.3 146058.1 64 
1 0.3758188 0.1273334 0.09645992 0.1083039 0.1304467 0.1396207 0.1753393 0.1996252 0.253913 0.3209221 0.4928533 0.9999991 13256.56 26513.12 39961.67 54405.47 67848.41 82373.33 96010.52 109893.7 122985.3 136638.3 137430.8 66 
1 0.3731936 0.1259178 0.09692498 0.1089383 0.1266868 0.1478178 0.1667331 0.2022239 0.2509279 0.3279474 0.4831494 1 13414.23 26828.46 40443.98 54552.87 68929.54 82748.84 96715.11 110540.5 124075.5 137476.5 138398 67 
0.999993 0.2747208 0.1598431 0.1261343 0.1319712 0.1510841 0.1576107 0.1786493 0.2405151 0.2809389 0.3707919 0.9999896 0.9999993 18352.32 36704.5 53483.84 70158.06 84924.38 99023.66 114614.3 128445.2 141571 163845 145498.2 68 
1 0.3760459 0.1248843 0.09811797 0.1097057 0.1266712 0.1441362 0.1681197 0.2015624 0.2511548 0.3457798 0.4967635 0.9999995 13488.4 26976.79 40578.41 54560.53 68455.13 82325.76 96159.77 109923 124112.6 137449.2 137471.2 71 
0.9999906 0.2682608 0.1637786 0.1282065 0.1402068 0.1451253 0.1660661 0.1868459 0.2124373 0.2922096 0.3839528 0.9999865 0.9999984 18764.01 37527.85 55417 71337.34 86910.92 101523.2 115032.4 129666.9 143276.9 165114.4 146357.8 72 
1 0.3714904 0.1269668 0.1003916 0.1109893 0.1290795 0.1429953 0.1637194 0.2028281 0.2526102 0.3285702 0.4882277 0.9999997 13838.53 27677.07 41440.51 55670.7 69400.16 82871.62 96828.72 110685.7 124156.6 137596.2 137845.5 73 
1 0.3752108 0.1279308 0.09668962 0.1097031 0.1262382 0.1460019 0.1674393 0.1994974 0.2537124 0.3346493 0.4848807 0.9999984 13347.02 26694.05 40373.25 54387.41 68549.52 82419.76 96178.53 110185.6 123973.6 137265.8 138039.9 74 
1 0.3747827 0.1282761 0.09780783 0.1093514 0.1280792 0.1463454 0.1669651 0.2069403 0.2396542 0.3400545 0.5037932 0.9999988 13412.54 26825.07 40353.91 54466.98 68527.42 82221.33 96360.05 109345.5 123355.2 137052.8 137131.5 76 
1 0.383746 0.1229038 0.09395453 0.1097577 0.126443 0.1440546 0.1648229 0.2000643 0.2550897 0.3261565 0.5023343 0.9999983 12854.51 25709.03 39314.79 53268.54 67155.74 80756.11 94543.49 108605.9 121999.5 135899.8 136816.3 77 
1 0.3735256 0.1293491 0.09628133 0.1107012 0.1272585 0.1455773 0.1714966 0.2083093 0.2342216 0.3434177 0.4983597 0.9999997 13273.79 26547.59 40339.95 54440 68517.09 82686.38 96945.58 109638.7 123890.5 137469.8 137864.7 78 
1 0.3760103 0.1260499 0.0976313 0.1117135 0.1299653 0.1404741 0.1764807 0.1934774 0.2587212 0.3367715 0.4943783 0.9999999 13398.6 26797.2 40631.6 54928.27 68372.63 82890.41 95997.52 110133.5 123773.4 137053.3 137236.7 81 
1 0.3659708 0.1291229 0.09971112 0.1126153 0.1254159 0.1502114 0.1663013 0.1993123 0.2519448 0.3249401 0.4970481 0.9999991 13787.93 27575.85 41595.42 55450.26 69963.14 83617.06 97259.91 111068.2 124390.2 138146.7 138278.7 82 
0.9999916 0.2690632 0.1647116 0.128505 0.1367377 0.1440562 0.1650609 0.1812188 0.236326 0.2722088 0.4027165 0.9999893 0.9999982 18792.14 37584.13 55010.29 70858.61 86401.69 100649.4 115862.6 129244.2 143652.6 165022.2 146236.7 83 
1 0.3896426 0.1224029 0.09319579 0.1091058 0.1293967 0.1418595 0.1676068 0.1993772 0.2532327 0.3337935 0.5000305 0.9999998 12695.82 25391.64 38869.64 53110.21 66702.19 80482.99 94128.4 108004.2 121662.7 135293.8 136227.4 86 
1 0.3759134 0.127532 0.09840495 0.1117285 0.1278347 0.1413683 0.1714912 0.1969465 0.2505065 0.3265688 0.4955584 0.9999994 13579.19 27158.38 41058.94 55186.36 68812.26 83004.85 96508.94 110302.6 123780 137552.6 137993 87 
1 0.3714411 0.1284994 0.09839997 0.1116085 0.1234184 0.1457607 0.1679093 0.1973245 0.249155 0.3370965 0.498961 0.9999999 13587.14 27174.29 41068.83 54718.79 68850.16 82756.04 96354.04 110135.8 124136.1 137873.4 138080.8 88 
1 0.3690171 0.1264674 0.09802137 0.1143349 0.1255281 0.1458691 0.1726099 0.1978667 0.2573264 0.3331594 0.4976782 0.9999991 13529.61 27059.21 41293.63 55134.74 69199.73 83415.36 96898.27 110963.3 124487.4 137959.2 138027.1 91 
0.9999973 0.2668519 0.1634145 0.124959 0.1371882 0.1530588 0.1628505 0.1908721 0.2173899 0.2733828 0.4040615 0.9999957 0.9999996 18259.76 36519.47 54061.11 70947.09 86163.38 101093.5 114852.2 128393.2 142935.5 164383.6 146126 92 
1 0.3714033 0.1297764 0.09621746 0.1084779 0.1298188 0.1448888 0.1713942 0.2036524 0.2451943 0.3333384 0.5074727 0.9999997 13240.73 26481.46 39973.05 54367.38 68347.11 82488.19 96410.91 109759.9 123457.9 137360.3 137612.6 93 
1 0.3842785 0.1246757 0.09500699 0.107584 0.1264654 0.1457019 0.1689165 0.1963249 0.2501209 0.3331887 0.5021385 0.9999987 13002.79 26005.59 39330.79 53309.44 67377.66 81311 94769.71 108550 122315.4 136148.7 136861.4 96 
1 0.379056 0.1255446 0.09721582 0.1086088 0.1246074 0.1455436 0.1735886 0.2012323 0.2470865 0.3292866 0.494755 0.9999999 13392.51 26785.02 40292.48 54106.53 68231.04 82625.36 96415.35 109940.3 123511.1 137187.1 137760.6 97 
1 0.3747305 0.1257249 0.09480658 0.1127073 0.1277991 0.1451678 0.1711729 0.2041847 0.2470767 0.3345761 0.4938735 0.9999999 13050.99 26101.97 40146.21 54276.17 68275.27 82385.87 96336.62 109771 123468.3 136922.3 137659.1 98 
1 0.3709412 0.1279907 0.09768664 0.1113354 0.1260062 0.1492845 0.1665193 0.1979454 0.2575869 0.3342044 0.4876311 0.9999999 13462.85 26925.7 40770.69 54695.5 69114 82796.15 96352.13 110500.7 124129.2 137368.5 137816.7 1 
0.9999927 0.2706245 0.16254 0.1243978 0.1338271 0.1471117 0.1672216 0.1874129 0.2099064 0.284314 0.3745251 0.9999901 0.9999996 18167.78 36335.43 53448.72 69743.08 85539.95 100283.5 113701.7 128061.4 141599.1 164207.9 146045.8 2 
1 0.3814823 0.1255496 0.09575211 0.111369 0.1227669 0.1423471 0.174013 0.2013961 0.2460211 0.3286683 0.4948659 0.9999998 13137.82 26275.64 40093.05 53628.27 67395.52 81829.7 95628.29 109089.6 122648.7 136354.4 137206.6 3 
1 0.3609771 0.1298934 0.09948564 0.1152985 0.1237922 0.1399078 0.1731339 0.2031051 0.2399446 0.3416585 0.4886163 0.9999997 13852.52 27705.04 42162.19 55894.67 69493.6 83967.65 98007.54 111225.2 125530 138998.2 139241.4 4 
1 0.3643104 0.1290908 0.09840239 0.1109855 0.1322545 0.1419284 0.1650862 0.20459 0.2546533 0.3259166 0.4879891 0.9999999 13653.63 27307.26 41191.49 55900.2 69597.21 83267.91 97413.01 111417.3 124776.4 138259.7 138753 5 
1 0.3756301 0.1267 0.09632132 0.1143206 0.1260208 0.1429005 0.1731369 0.2094388 0.2370374 0.3343179 0.496642 0.9999999 13201.86 26403.72 40563.33 54387.7 68088.26 82315.65 96546.35 109279.1 122980.6 136529.9 137060.6 6 
1 0.3762221 0.1278366 0.09644203 0.1142096 0.1224471 0.1487913 0.1599531 0.200889 0.2536022 0.3307595 0.4854787 0.9999999 13271.08 26542.16 40742.5 54228.25 68608.88 81768.06 95651.46 109657 123291.2 136684 137606.8 7 
1 0.3970733 0.1208124 0.09288041 0.1073742 0.1267151 0.1403217 0.1649897 0.2001945 0.2559004 0.3283994 0.4795988 0.9999999 12662.54 25325.07 38603.94 52592.05 66119.36 79792.84 93646.56 107810 121334.9 134600.2 136331.6 8 
1 0.3726988 0.1273959 0.09794361 0.1111207 0.1265661 0.1457836 0.1661958 0.2002185 0.2581716 0.3423812 0.4992431 0.9999997 13507.34 27014.68 40838.31 54833.79 68914 82625.6 96398.85 110602.9 124576.8 137976.4 137909.4 9 
1 0.3857151 0.1257954 0.09782508 0.1084955 0.1250192 0.1453372 0.1734825 0.200924 0.244859 0.3343407 0.4942578 0.9999998 13333.16 26666.32 40007.22 53712.07 67652.38 81873.91 95487.55 108744.6 122413.9 135865.2 136295.9 10 
1 0.3862617 0.1252809 0.09562074 0.1087546 0.1249299 0.1486344 0.1717595 0.193849 0.2455491 0.3365204 0.5095325 0.9999999 13027.2 26054.4 39454.16 53172.86 67455.52 81507.14 94642.01 108054.7 121923 135854.8 136238.2 11 
1 0.3658723 0.1308961 0.09943803 0.1119888 0.1272955 0.1393703 0.1711217 0.1980591 0.2569244 0.331397 0.4993934 0.9999997 13753.11 27506.21 41455 55534.7 68987.65 83203.37 96841.34 111028.7 124626.8 138327.5 138308.3 12 
1 0.3761254 0.1274091 0.09609648 0.1128907 0.1238021 0.1431576 0.1681911 0.2062687 0.2462736 0.330681 0.5035719 0.9999998 13259.2 26518.41 40598.01 54295.38 68173.34 82143.95 96395.74 109901.8 123570.6 137502.8 137978.1 13 
0.9999975 0.2614961 0.1653868 0.1253527 0.138973 0.1477704 0.1616422 0.1824562 0.2277974 0.2775858 0.3934944 0.9999988 0.9999997 18509.33 37018.61 54966.71 71398.7 86717.09 101213 116009 129931.7 144189.4 166165.4 147658 14 
1 0.3863922 0.123335 0.09481546 0.1069929 0.1276094 0.14369 0.1691978 0.1915611 0.2494923 0.3358473 0.4979636 0.9999997 12947.73 25895.47 39120.8 53206.85 67043.91 80996.14 94119.75 107937.9 121898.1 135645.3 136557.2 15 
0.9999973 0.2678149 0.1611992 0.1296271 0.1369893 0.1447975 0.1690756 0.1857043 0.2301361 0.2760358 0.3867067 0.9999959 0.9999997 18896.14 37792.24 55172.92 71027.54 86859.83 101309 115890.1 129354.3 143009.9 164667.1 145773.1 16 
1 0.396936 0.1204172 0.09413652 0.1093955 0.1205198 0.1456444 0.1685742 0.2061304 0.2533812 0.331928 0.5016735 0.9999982 12737.66 25475.32 38884.24 52040.65 66023.61 79850.83 93908.37 107626.4 121043.5 134591 135310.5 17 
0.9999833 0.265943 0.1627981 0.1278676 0.1361416 0.1474248 0.158445 0.1855277 0.223463 0.2861086 0.3950481 0.9999672 0.9999944 18750.32 37500.32 54910.6 71196.78 86119.57 100824.2 115249.3 129591 143727.5 165375.5 146638.5 18 
1 0.3730638 0.127612 0.09387112 0.113211 0.1279425 0.1417932 0.1744507 0.1989088 0.2441701 0.3284073 0.4868715 0.9999996 12965.18 25930.36 40098.9 54298.35 68021.61 82511.55 96150.81 109563.4 123198.4 136774.1 138116.8 19 
0.9999989 0.2706348 0.1596162 0.1294296 0.1323406 0.1485663 0.1610363 0.1869363 0.2229434 0.277843 0.4140854 0.9999992 0.9999999 18849.46 37698.89 54477.71 70820.91 85904.02 100593.4 114837.3 128631.1 143477 164483.4 145634.9 20 
0.9999975 0.2657524 0.1638482 0.1256777 0.1366876 0.1436606 0.1655552 0.1845413 0.2263654 0.2701216 0.3768639 0.9999965 0.9999999 18447.62 36895.19 54437.25 70354.05 86061.5 100671.6 115285.6 128776.9 142515 165230.8 146785.2 21 
1 0.3703441 0.1265991 0.09827917 0.1133006 0.124058 0.1493406 0.1672415 0.2048359 0.2530551 0.3356199 0.5032208 0.9999997 13560.57 27121.15 41217.96 54904.38 69336.11 83084.13 97106.5 110881.4 124527.4 138121.1 137980.1 22 
1 0.3789534 0.1273819 0.09641724 0.1117768 0.1246532 0.1455435 0.1684743 0.2038083 0.2550301 0.3368519 0.5010707 0.9999992 13184.64 26369.28 40180.54 53861.19 67843.43 81672.96 95584.38 109444.2 123082 136534.9 136745.7 23 
1 0.3884512 0.123237 0.09547479 0.1098851 0.1264544 0.1437826 0.1710838 0.1989358 0.2546287 0.3334434 0.5065084 0.9999997 12992.83 25985.65 39511.81 53367.1 67128.85 81149.25 94662.96 108518.9 122043.5 135737.4 136086.5 24 
1 0.3829653 0.1242924 0.0955623 0.1131875 0.1259964 0.144519 0.1665926 0.2055026 0.2504363 0.3300909 0.4863137 0.9999998 13079.67 26159.33 40170.91 54002.72 67868.95 81543.09 95600.93 109212 122659.3 135931.3 136870.6 25 
1 0.3716757 0.1261967 0.09565589 0.1097149 0.1256397 0.1455043 0.1700854 0.2063779 0.2531874 0.3302209 0.4998262 1 13229.79 26459.57 40182.3 54172.72 68339.47 82489.96 96739.49 110613.2 124126.7 137826.5 138306 26 
1 0.3859657 0.1237291 0.09489159 0.1125169 0.1256506 0.1391993 0.1717555 0.1945887 0.2579039 0.3325988 0.5044869 0.9999999 12935.94 25871.88 39755.05 53514.32 66841.95 80997.58 94280.54 108459.8 122029.6 135766.6 136323.4 27 
1 0.378506 0.124838 0.09719154 0.1093621 0.1198204 0.1473347 0.1753104 0.1983068 0.2448868 0.3526662 0.4903952 0.9999998 13368.38 26736.76 40317.15 53569.04 67911.49 82462.89 96037.42 109476.2 124090.3 137245.1 137546.7 28 
1 0.3686775 0.1267923 0.09728763 0.1091178 0.129503 0.1468256 0.1743284 0.2007052 0.256387 0.3360928 0.4986304 0.9999964 13402.05 26804.09 40373.42 54720.48 68880.12 83223.66 96858.64 110780.5 124351.4 137718.5 137756.9 29 
1 0.384874 0.1239866 0.09557808 0.1102298 0.1274625 0.1407922 0.1660967 0.1985286 0.248691 0.3415386 0.5001454 0.9999999 13056.02 26112.05 39730.34 53741.83 67245.88 80934.03 94577.43 108275.1 122408.5 136036.5 136600.6 30 
1 0.3858376 0.124929 0.09375958 0.1125297 0.1225921 0.1478885 0.1622317 0.1998896 0.2491413 0.3445634 0.4748065 0.9999998 12855.16 25710.33 39692.44 53210.73 67519.26 80894.24 94700.35 108468.5 122766 135679.2 137107.7 31 
1 0.3786283 0.1265419 0.0967895 0.1129267 0.1274516 0.1518558 0.1567943 0.2109237 0.2469551 0.330126 0.4816113 0.9999964 13244.96 26489.93 40447.44 54421.3 68948.83 81670.98 96101.75 109433.9 122854.9 135970.6 136843 32 
1 0.3768654 0.1264966 0.09691932 0.1105046 0.128133 0.1451913 0.1627078 0.2019408 0.2502473 0.3285249 0.4992412 0.9999998 13318.68 26637.36 40351.16 54495.48 68469.2 81855.13 95765.59 109522.5 123063.1 136880.1 137420.3 33 
1 0.369419 0.1294686 0.09711302 0.1114495 0.1303157 0.1416707 0.1696669 0.2080207 0.2489786 0.324378 0.5108291 0.9999998 13404.98 26809.97 40699.9 55131.05 68775.19 82800.65 97079.03 110613.7 123856.8 137947 138034.9 34 
0.9999538 0.2648732 0.1639025 0.1306339 0.136324 0.1438444 0.1667265 0.1790337 0.2382996 0.2720005 0.4089146 0.9999007 0.9999676 19170.21 38339.54 55729.63 71576.62 87301.62 101371 116744.8 130109.8 144736.9 165880.4 146747.6 35 
1 0.3714268 0.1250475 0.0977083 0.1115952 0.126964 0.1492453 0.1660304 0.1915909 0.2505124 0.3431752 0.4768282 0.9999998 13539.85 27079.71 41032.95 55136.26 69609.74 83307.97 96490.6 110425 124731.6 137788.4 138574.2 36 
1 0.3871106 0.1250647 0.09521624 0.1057242 0.1287799 0.1431099 0.1651691 0.2008447 0.2392511 0.3254231 0.5003968 1 13027.26 26054.51 39142.14 53398.42 67200.86 80851.1 94708.12 107899.6 121549.6 135708.4 136817.6 37 
