0.5002327 0.198773 0.8989458 0.04541476 0.0714116 0.09189332 0.114411 0.1474732 0.1799396 0.2362726 0.3298008 0.4857948 0.9999999 9629.121 14445.92 21679.82 28115.72 33591.25 39093.42 42742.11 46347.87 49800.59 51187.07 212026.2 1 
0.4962107 0.2006038 0.9004771 0.04758363 0.06787583 0.09100252 0.1173895 0.1430798 0.184413 0.2353012 0.3249879 0.4842089 1 10144.43 15178.2 21313.58 27799.63 33990.34 38592.42 43145.73 46380.45 49388.15 51031.47 213191.6 2 
0.4965644 0.1987961 0.9034606 0.04684631 0.06727727 0.09298703 0.1154124 0.1451875 0.1869244 0.2370146 0.3204478 0.496072 1 10005.32 14973.61 21131.14 28149.02 33854.18 38929.23 43673.21 46782.43 49118.62 51624.53 213577.5 3 
0.495495 0.201483 0.8986893 0.04691619 0.07023439 0.09189175 0.1158575 0.1453585 0.1803212 0.2320674 0.328194 0.5070248 1 9866.945 14755.97 21389.5 27723.8 33344.69 38272.41 42023.56 45148.21 48789.08 51593.53 210310 4 
0.5044578 0.1964356 0.9013855 0.04695573 0.07078824 0.09033432 0.1140186 0.1434193 0.184017 0.2384601 0.3172968 0.4818216 0.9999997 10059.04 15133.4 22086.63 28279.31 33942.45 39051.07 43800.24 47579.35 49824.96 51905.45 214223.9 5 
1 0.0430465 0.8227737 0.2332954 0.2535035 1 0.03253321 0.01101555 0.7848294 0.9630918 0.9836102 0.9859257 0.9608339 47692.3 95384.6 135117.9 252121.1 252121.1 252121.1 252121.1 252121.1 252121.1 252121.1 204428.8 6 
1 0.04387234 0.8197056 0.2267983 0.2453502 1 0.09482079 0.0335858 0.7681981 0.9421292 0.9661137 0.9748649 0.9267351 45723.48 91446.97 129692.3 247327.7 247327.7 247327.7 247327.7 247327.7 247327.7 247327.7 201604.2 7 
0.9999995 0.03813556 0.8439916 0.2390407 0.9999965 0.9227702 0.005493513 0.008174842 0.382157 0.8733866 0.9325922 0.943112 0.8584836 51316.57 102633.1 265993.1 265993.4 265993.3 265993.2 265993.1 265992.9 265992.8 265992.7 214677.1 8 
1 0.04330716 0.8264353 0.3283266 3.941842e-15 1 0.4696856 0.02556492 0.996049 0.9962421 0.9980845 0.9989792 0.9953226 66663.89 133327.8 133327.8 269705.3 269705.3 269705.3 269705.3 269705.3 269705.3 269705.3 203041.4 9 
0.4957902 0.2018292 0.9003023 0.04729454 0.06921098 0.09110163 0.114993 0.1462963 0.1837356 0.2411971 0.325122 0.493967 1 9979.103 14926.64 21313.27 27612.68 33245.97 38501.42 42696.29 46465.02 48911.03 50779.94 210999 10 
1 0.04315621 0.8236085 0.227316 0.2417083 1 0.06644438 0.02096058 0.7628019 0.9553277 0.975897 0.9822771 0.948603 46227.5 92454.99 130435.8 249589.8 249589.8 249589.8 249589.8 249589.8 249589.8 249589.8 203362.3 11 
1 0.04300713 0.8261321 0.3268253 1.896054e-32 1 0.9966819 0.0941401 0.9999769 0.9999551 0.9999849 0.9999917 0.9999508 66619.7 133239.4 133239.4 270458.6 270458.6 270458.6 270458.6 270458.6 270458.6 270458.6 203838.9 12 
0.5035578 0.1967214 0.8988435 0.04685145 0.06783438 0.09352295 0.1157651 0.1463256 0.1815982 0.2334574 0.3236321 0.5037326 1 10004.12 15041.77 21380.35 28509.26 34264.8 39505.54 43467.56 46691.21 49867.79 52858.06 213528.4 13 
1 0.04267253 0.8238139 0.3242814 4.790829e-16 1 0.001192935 0.0004176405 0.7510885 0.9839105 0.9934951 0.9950341 0.9817522 66901.66 133803.3 133803.3 273209.1 273209.1 273209.1 273209.1 273209.1 273209.1 273209.1 206307.4 14 
0.4917357 0.201338 0.9001712 0.04600177 0.06885024 0.0919929 0.117468 0.1390809 0.1881013 0.2407278 0.3235791 0.4839349 0.999999 9744.857 14536.75 21062.3 27668.09 33676.74 37532.8 42876 46457.04 48740.42 50164.51 211836.6 15 
0.4920974 0.2062951 0.8955947 0.04600183 0.06970115 0.09139797 0.1204706 0.1440476 0.1856909 0.2350117 0.3264584 0.4787261 0.9999999 9554.439 14256.15 20826.18 27096.05 33510.81 37709.84 41970.31 44783.21 47679.34 48789.04 207696.9 16 
1 0.04204862 0.8348695 0.3278466 6.277748e-28 1 0.9546814 0.0002736167 0.9999415 0.999909 0.9999629 0.9999767 0.9998563 68590.91 137181.8 137181.8 277807.4 277807.4 277807.4 277807.4 277807.4 277807.4 277807.4 209216.5 17 
0.9999995 0.03889366 0.8384636 0.2446576 0.9999994 0.8796521 0.002715107 0.00485757 0.4428936 0.8829504 0.9309534 0.9354573 0.8471509 51421.42 102842.8 261598.3 261598.3 261598.2 261598.1 261597.9 261597.8 261597.7 261597.6 210177.1 18 
0.4916361 0.2039317 0.9022746 0.04534256 0.07055368 0.09121762 0.111774 0.1471139 0.1809587 0.2360466 0.3221273 0.5025121 1 9552.033 14248.16 21194.08 27470.41 32492.71 38171.82 42053.75 45554.53 48334.24 51191.45 210663.8 19 
0.4932252 0.2032263 0.9031694 0.04516386 0.07117251 0.09114167 0.1169983 0.1440344 0.1881175 0.2429821 0.3175483 0.493848 1 9482.275 14159.17 21251.64 27452.65 33340.16 37967.53 42788.37 46337.19 47818.34 50080.21 209952.7 20 
0.4976365 0.2024257 0.8991445 0.0489071 0.06852036 0.095286 0.11539 0.1444552 0.1861584 0.2397456 0.3241129 0.5007285 1 10251.35 15352.8 21300.14 28294.08 33466.03 38122.42 42640.88 46028.24 48403.35 50712.1 209608.6 21 
0.4963372 0.2042194 0.8995332 0.04520881 0.07196008 0.09020987 0.1152362 0.1501146 0.1811828 0.2369423 0.3203265 0.5006205 1 9421.281 14097.41 21315.22 27237.27 32878.28 38631.47 42062.24 45385.75 47809.6 50585.86 208394.8 22 
1 0.04299213 0.821012 0.3290089 9.034488e-18 0.9999995 0.00160678 0.001455515 0.5410907 0.9623699 0.9801126 0.98464 0.9533523 67284.04 134568.1 134568.1 271789.2 271789.2 271789.2 271789.3 271789.3 271789.3 271789.3 204505.2 23 
0.5004767 0.1987566 0.8977249 0.04791546 0.07050846 0.09223307 0.1185326 0.1479997 0.1809699 0.2363657 0.325205 0.5028487 1 10182.69 15278.89 21912.78 28312.65 34405.62 39490.7 42966.68 46324.44 49262.1 51864.17 212513.7 24 
1 0.04238853 0.8294286 0.2329808 0.2362979 1 0.01155516 0.002974641 0.6193688 0.9556883 0.977852 0.9832229 0.9489327 48173.67 96347.34 133823.5 254944.6 254944.6 254944.6 254944.6 254944.6 254944.6 254944.6 206771 25 
0.9999995 0.03793461 0.8453279 0.2490506 0.9999988 0.8496158 0.003381008 0.004900466 0.2745597 0.8661963 0.930251 0.9382259 0.8626992 53457.86 106915.7 268104.2 268104.2 268104.1 268103.9 268103.8 268103.7 268103.5 268103.4 214646.6 26 
0.5062672 0.1971146 0.8999312 0.04717401 0.07105901 0.09291552 0.1172236 0.1474733 0.1866743 0.2314226 0.3332582 0.4856995 0.9999999 10040.23 15123.27 22066.74 28675.41 34548.55 39736.93 44124.27 46544.47 50354.52 51525.99 212834 27 
1 0.0430131 0.8285268 0.3262005 9.663195e-08 1 0.4371637 0.07699215 0.975203 0.9911304 0.9962944 0.9972992 0.9903324 66454.17 132908.3 132908.4 270176.1 270176.1 270176.1 270176.1 270176.1 270176.1 270176.1 203721.9 28 
0.4972192 0.1994289 0.8988741 0.04799038 0.07164546 0.08910734 0.118494 0.1458646 0.1853009 0.2315563 0.3300718 0.4842979 1 10214.28 15293.02 22121.21 27760.95 34106.85 38990.45 43292.73 45863.8 49463.47 50798.82 212840.2 29 
1 0.04282595 0.8246818 0.3272849 3.587379e-13 1 0.4289436 0.002363101 0.9962109 0.9989784 0.9996141 0.999744 0.9989086 67229.23 134458.5 134458.5 272644.3 272644.3 272644.3 272644.3 272644.3 272644.3 272644.3 205415 30 
1 0.04248028 0.8307853 0.3180238 5.54367e-20 1 0.0728032 0.00888816 0.9854998 0.9976179 0.9993103 0.9995438 0.9975812 65744.09 131488.2 131488.2 272471 272471 272471 272471 272471 272471 272471 206727 31 
0.4908158 0.1999322 0.9006692 0.04572399 0.06805524 0.09158858 0.1182924 0.145561 0.1826155 0.244764 0.3168037 0.5085986 1 9763.368 14555.38 21011.29 27705.13 34004.19 38829.5 42790.75 47002.9 48485.77 51674.04 213528.4 32 
0.5072756 0.1988142 0.8987389 0.04577132 0.07055293 0.09214218 0.1171742 0.1465621 0.1843003 0.240524 0.3197891 0.498179 0.9999993 9682.81 14594.66 21645.67 28268.27 34298.64 39438.26 43658.51 47325.9 49432.09 52017.29 211547.5 33 
0.497753 0.2002575 0.8974314 0.04680858 0.06902478 0.09076415 0.116441 0.1458938 0.1774487 0.2316776 0.3284335 0.491676 1 9922.478 14861.42 21344.28 27697.87 33702.39 38823.09 42228.22 45616.33 49496.78 51571.83 211979.9 34 
0.9999994 0.03860005 0.8342995 0.2431591 0.9999981 0.834047 0.003763523 0.004568546 0.2814203 0.8645783 0.9230819 0.9217634 0.8473517 51392.09 102784.2 262743.4 262743.5 262743.4 262743.2 262743.1 262743 262742.8 262742.7 211351.7 35 
0.5067586 0.1976527 0.8972904 0.04672069 0.0672272 0.09368749 0.1201716 0.141212 0.1817126 0.2344063 0.3337375 0.4867464 1 9906.496 14926.7 21152.87 28383.38 34918.15 38925.28 43187.12 46650.76 50635.34 51891.27 212036.6 36 
0.9999999 0.03819018 0.8423433 0.2405055 0.9999995 0.9185543 0.003508178 0.00466673 0.3603405 0.8693647 0.9307897 0.9410972 0.8636337 51372.98 102746 264977 264977.1 264977 264977 264977 264976.9 264976.9 264976.8 213604.2 37 
0.5028822 0.1952837 0.8999061 0.04691788 0.07016746 0.09264358 0.1175603 0.1425823 0.1834177 0.2298361 0.3272919 0.4845728 1 10103.85 15184.9 22037.94 28763.16 34821.88 39299.03 43794.24 46613.27 50409.52 52210.16 215351.8 38 
0.5055335 0.196188 0.8974943 0.04569041 0.06938847 0.09216869 0.1179451 0.144345 0.1833423 0.2351923 0.3193867 0.4902664 1 9781.612 14726.55 21621.03 28453.89 34742.07 39539.14 43872.25 47199.96 49847.89 52349.64 214084.6 39 
0.5003321 0.1966312 0.9034593 0.04806745 0.0682432 0.08723323 0.120362 0.1412738 0.1846943 0.2407894 0.3178565 0.4988645 0.9999999 10288.02 15435.44 21627.05 27381.13 34556.02 38822.99 43599.11 47510.04 49523.44 52348.94 214032.9 40 
0.4989103 0.1998992 0.8983693 0.046127 0.07150911 0.09089886 0.1165993 0.148313 0.1869706 0.2305884 0.3202299 0.4865406 0.9999999 9794.849 14681.6 21809 27975.74 33892.5 39309.93 43663.17 45899.95 48668.37 50894.94 212345.2 41 
1 0.043115 0.8274445 0.2329901 0.2445366 1 0.1244687 0.008422757 0.9166746 0.9831292 0.9930293 0.9935364 0.9805435 47640.57 95281.14 133632.8 252115.2 252115.2 252115.2 252115.2 252115.2 252115.2 252115.2 204474.7 42 
1 0.04268742 0.8279146 0.3247687 2.868627e-07 1 0.2048933 0.02957389 0.9293872 0.9750893 0.988171 0.9897874 0.9694161 66771.47 133542.9 133543 272368.5 272368.5 272368.5 272368.5 272368.5 272368.5 272368.5 205597 43 
1 0.04366857 0.8233048 0.3150599 2.900105e-27 1 0.9706212 0.1497364 0.9994132 0.999088 0.9997373 0.9998389 0.9992449 63515.83 127031.7 127031.7 265115.1 265115.1 265115.1 265115.1 265115.1 265115.1 265115.1 201599.3 44 
0.5003754 0.1997362 0.8967628 0.04570904 0.06997997 0.09587705 0.116337 0.1456809 0.1838084 0.2326321 0.3152226 0.4948556 1 9717.442 14579.81 21492.63 28844.35 34278.79 39112.64 43242.33 46089.66 48487.67 51594.64 212593.4 45 
0.4997698 0.2006181 0.8987584 0.04747118 0.06816677 0.08944414 0.1192888 0.1446963 0.1836702 0.2411938 0.3303414 0.4970003 0.9999996 10024 15033.69 21224.15 27371.25 34037.25 38759.06 42982.27 46792.84 49691.19 51337.12 211159.7 46 
1 0.04240321 0.830747 0.3197179 2.931652e-06 1 0.02706618 0.01290123 0.9146108 0.9818659 0.9911599 0.9937429 0.9789438 65964.95 131929.9 131930.3 272287.3 272287.3 272287.3 272287.3 272287.3 272287.3 272287.3 206322.4 47 
0.9999995 0.03834722 0.8426364 0.2387099 0.999998 0.916494 0.004193479 0.006437675 0.410028 0.8840862 0.9381356 0.9420022 0.8641236 50959.38 101918.7 264437.3 264437.4 264437.3 264437.2 264437 264436.9 264436.8 264436.7 213478.3 48 
0.5038761 0.1955417 0.9006844 0.0477078 0.07121652 0.09335812 0.1121935 0.1438578 0.1811597 0.2266097 0.3267209 0.4819482 1 10284.52 15466.64 22413.21 29093.94 34054.42 39237.56 43574.37 46337.38 50534.85 52463.86 215573.1 49 
0.5011663 0.1960622 0.9010488 0.04731735 0.06920328 0.09171702 0.1180951 0.1479501 0.1850404 0.2316544 0.3232795 0.5034304 1 10165.28 15259.78 21811.29 28403.46 34668.94 39951.6 44081.34 46638.42 49693.29 52641.09 214832 50 
0.9999996 0.038427 0.836457 0.2558655 0.9999999 0.8100167 0.001324771 0.002239925 0.2430386 0.8403474 0.9150602 0.9270946 0.8232738 54337.47 108674.9 266704.7 266704.6 266704.5 266704.4 266704.3 266704.2 266704 266703.9 212367.3 51 
0.4990822 0.1998348 0.9005785 0.0476773 0.06927675 0.08956876 0.1175317 0.1475975 0.1746988 0.2389517 0.3247772 0.4914633 1 10133.73 15191.29 21604.33 27656.37 33961.6 39289.86 42148.32 46478.92 49515.45 51603.85 212548.3 52 
0.500949 0.1982699 0.8985955 0.04734071 0.07201229 0.09065951 0.1147362 0.148974 0.1815577 0.2333265 0.3231915 0.4690106 0.9999997 10127.32 15200.59 22290.59 28312.05 33914.69 39669.84 43395.76 46481 49559.44 50633.22 213924.1 53 
0.5013657 0.198675 0.8997342 0.04799778 0.06782215 0.09418482 0.1151793 0.1442902 0.1887012 0.2314712 0.3316917 0.5048545 0.9999999 10208.09 15326.08 21415.94 28513.51 33986.99 38866.8 43912.7 46324.89 49996.25 52297.54 212678.4 54 
0.5051934 0.1950922 0.9011322 0.04809639 0.0695029 0.09388226 0.1140884 0.146854 0.1810975 0.2369993 0.3202528 0.4981009 1 10359.41 15592.91 22127.55 29089.46 34418.06 39877.87 43807.5 47488.86 50135.47 52968.93 215388.5 55 
0.4939027 0.206022 0.9027438 0.04522065 0.07055716 0.0922811 0.1156016 0.1476281 0.1849881 0.2326024 0.321847 0.4864423 1 9416.573 14067.44 20976.09 27412.91 32930.17 38164.61 42240.89 44834.02 47596.94 49597.04 208236.2 56 
0.4962955 0.2018306 0.8990369 0.04693449 0.06790976 0.09346986 0.1129969 0.1497269 0.1826667 0.2369863 0.3267401 0.5040638 1 9869.739 14768.05 20939.64 27853.12 32959.02 38848.04 42610.36 45886.35 48798.39 51249.28 210287.6 57 
0.4865404 0.2055776 0.903685 0.04695207 0.06649664 0.09165589 0.1160797 0.1482419 0.1801057 0.2371327 0.321465 0.5062277 1 9816.538 14592.68 20349.99 26949.92 32725.08 38061.61 41429.38 44889.3 47417.75 50400.61 209075.7 58 
0.4911788 0.2014721 0.8995764 0.04652963 0.07012236 0.09034564 0.1161462 0.140406 0.1910968 0.2389094 0.3313911 0.4862248 1 9882.477 14736.54 21438.65 27543.03 33423.85 37674.57 43374.78 46455.42 49369.67 50296.57 212391 59 
1 0.04233313 0.8266463 0.3304917 1.363647e-07 1 0.157357 0.003341926 0.92798 0.9896448 0.9960619 0.9968771 0.9909616 68562 137124 137124 276016.5 276016.5 276016.5 276016.5 276016.5 276016.5 276016.5 207454.5 60 
0.5049346 0.1956463 0.9006263 0.04687151 0.06806538 0.0920911 0.1167377 0.1467688 0.1869383 0.2397896 0.3277038 0.4810596 1 10064.09 15145.8 21577.39 28459.04 34584.12 39910.22 44546.98 47935.54 50636.91 51654.96 214716.6 61 
1 0.04289636 0.8221646 0.3264611 5.630292e-08 1 0.04812075 0.008871573 0.7872951 0.9681503 0.9865002 0.9886222 0.9664041 66906.5 133813 133813 271851.3 271851.3 271851.3 271851.3 271851.3 271851.3 271851.3 204944.8 62 
1 0.04253342 0.8251976 0.3237035 1.024947e-08 1 0.006782067 0.003950612 0.6244574 0.9539012 0.9746306 0.978301 0.9440788 66982.53 133965.1 133965.1 273908.1 273908.1 273908.1 273908.1 273908.1 273908.1 273908.1 206925.5 63 
0.4947449 0.2018712 0.9002738 0.04742757 0.07091744 0.08926619 0.1162643 0.1429149 0.1835018 0.2387591 0.3193657 0.5038611 1 9996.308 14941.93 21630.8 27353.03 33284.22 37923.38 42374.75 46049.69 48325.42 51337.18 210770 64 
0.503989 0.1962512 0.9010326 0.04782729 0.07067133 0.09109174 0.115802 0.1424603 0.1809863 0.2410593 0.3132408 0.4898524 1 10252.54 15419.7 22196.32 28465.74 34311.77 39009.97 43320.35 47642.47 49464.45 52265.43 214365.9 65 
1 0.04189881 0.8310093 0.3239773 3.919269e-28 1 0.0003447827 1.063043e-05 0.9259567 0.9982961 0.999307 0.9995641 0.9983786 67819.01 135638 135638 277151.6 277151.6 277151.6 277151.6 277151.6 277151.6 277151.6 209332.6 66 
0.9999995 0.03844544 0.839981 0.2469963 0.9999953 0.9012343 0.005522964 0.007557674 0.380075 0.8729146 0.9285813 0.941549 0.8518669 52539.85 105079.7 265254.2 265254.7 265254.5 265254.4 265254.3 265254.2 265254.1 265253.9 212715.1 67 
0.4923533 0.2029845 0.8980017 0.04692043 0.07069468 0.09116178 0.1196466 0.1462305 0.1833003 0.2294065 0.3263931 0.5008664 1 9877.692 14741.01 21442.13 27554.95 33842.11 38477.66 42291.47 44685.81 48164.6 50758.66 210520.1 68 
0.5021217 0.200098 0.896764 0.04658678 0.07076909 0.08826422 0.1152165 0.1445168 0.1825989 0.239461 0.3158025 0.4846874 0.9999999 9854.525 14802.7 21705.18 27439.67 33464.23 38650.64 43022.62 46916.86 48948.26 51240.14 211530.5 69 
0.4942767 0.2016198 0.9021581 0.04832079 0.06881895 0.09356605 0.1144891 0.1388791 0.1864954 0.2294276 0.3250269 0.4883826 0.9999999 10257.06 15326.88 21478.04 28216.87 33468.46 37511.8 42789.2 45416.55 48939.47 51057.17 212270 70 
0.4976456 0.2001883 0.901976 0.04696177 0.06952177 0.08950617 0.1181104 0.1451543 0.1796198 0.2459606 0.3286017 0.4993521 1 9930.277 14872.04 21411.32 27438.9 33819.87 38685.5 42370.54 47056.77 49580.83 51367.39 211454.5 71 
1 0.04247898 0.8277268 0.2265867 0.2305914 1 0.01788948 0.004487585 0.6866711 0.9678701 0.984272 0.9876416 0.9610516 46916.86 93833.72 130761.2 253976.1 253976.1 253976.1 253976.1 253976.1 253976.1 253976.1 207059.2 72 
1 0.04363995 0.8209536 0.3219264 3.498858e-20 1 0.9174803 0.07040082 0.9992161 0.9991796 0.9996971 0.999787 0.9988702 64932.97 129865.9 129865.9 266634.3 266634.3 266634.3 266634.3 266634.3 266634.3 266634.3 201701.3 73 
0.5044708 0.1962132 0.8986021 0.04925872 0.06868941 0.09144708 0.1157364 0.1442374 0.1809831 0.2353975 0.3252116 0.4867362 0.9999998 10564.9 15894.58 22025 28477.33 34335.12 39327.46 43469.48 47101.16 50351.2 52255.03 214477.7 75 
0.492613 0.204159 0.9049742 0.0471665 0.07138229 0.08942063 0.1171532 0.1434394 0.180537 0.2351931 0.3251828 0.5047591 1 9918.695 14804.77 21596.06 27276.94 33286.35 37853.17 41778.39 45274.5 48415.09 51201.81 210291.1 76 
1 0.05967938 0.7624629 0.2393666 5.650728e-13 0.2691898 0.2102135 0.2128115 0.2851087 0.2757262 0.4232326 0.9992677 0.9981166 47557.06 95114.11 95114.11 135794.5 159010.8 177573.3 197149.5 210683.9 225730.6 246220.8 198678.7 77 
0.5026041 0.1988757 0.8963346 0.04590529 0.0688819 0.08994961 0.1144308 0.1427034 0.1807176 0.2356611 0.3250535 0.4893719 1 9704.32 14581.75 21221.94 27558.89 33408.42 38389.58 42743.43 46534.84 49800.05 51867.44 211398.7 78 
0.4972647 0.1995884 0.9001525 0.04782444 0.07132661 0.08603629 0.1176768 0.1447144 0.1841208 0.242712 0.3279927 0.4824209 1 10166.03 15221.24 22005.76 27114.67 33699.45 38693.16 43110.73 47109.84 49698.5 50681.19 212569.8 79 
0.499313 0.197593 0.9009339 0.04552751 0.07102127 0.09022485 0.1211532 0.1418023 0.1839059 0.2404577 0.3131298 0.4918138 1 9762.352 14636.82 21843.94 28061.38 34967.91 39016.53 43474.2 47308.61 48943.97 51756.55 214427.5 80 
0.4982291 0.1984765 0.8986451 0.04678299 0.07220085 0.08930997 0.1172137 0.1452646 0.1784579 0.2410596 0.3238407 0.4908121 1 9990.997 14968.8 22155.78 27906.77 34065.13 39029.56 42606.82 46930.66 49587.77 51561.14 213560.5 81 
0.4935621 0.2064224 0.8999352 0.04511649 0.0711638 0.09163448 0.1142001 0.1448297 0.1863945 0.2288648 0.3216575 0.4936309 1 9329.779 13934.6 20929.83 27136.95 32419.99 37374.96 41970.67 44215.1 47291.93 49855.2 206793.1 82 
0.9999993 0.03843096 0.8393823 0.2495462 0.9999922 0.8894933 0.005009488 0.00691679 0.3188389 0.8763798 0.917952 0.9325533 0.8381842 53131.51 106263 266042.7 266043.6 266043.5 266043.3 266043.1 266043.1 266042.9 266042.7 212912.5 83 
1 0.04238249 0.8309322 0.3246063 6.116801e-15 1 0.5747211 0.03646704 0.9889988 0.9941567 0.9972838 0.9980495 0.9930548 67242.36 134484.7 134484.7 274392.9 274392.9 274392.9 274392.9 274392.9 274392.9 274392.9 207150.5 84 
1 0.04310917 0.825824 0.2227833 0.2535519 1 0.0536505 0.03011624 0.7994327 0.9551057 0.9774426 0.9810055 0.9482934 45350.12 90700.24 130815.1 248911.7 248911.7 248911.7 248911.7 248911.7 248911.7 248911.7 203561.6 85 
1 0.04199832 0.8284786 0.3286375 2.421911e-143 1 0.9934265 0.9966135 0.9995206 0.9983076 0.9970392 0.9976833 0.9941689 68488.64 136977.3 136977.3 276890.4 276890.4 276890.4 276890.4 276890.4 276890.4 276890.4 208401.8 86 
0.4898728 0.2050958 0.8987073 0.0466867 0.06955958 0.09142095 0.1150986 0.1500557 0.1777328 0.2391064 0.3152979 0.491764 0.9999991 9761.031 14542.69 20988.28 27235.6 32735.62 38409.95 41339.82 45167.29 47125.81 49783.12 209075.2 87 
0.5136942 0.1925187 0.8950517 0.04814393 0.06951678 0.09121331 0.1193994 0.1431948 0.1829971 0.2372064 0.3207938 0.4905885 1 10372.87 15701.35 22322.37 28872.73 35538 40123.48 44555.62 48245.68 50942.26 53340.01 215455.4 88 
0.4933111 0.2038248 0.9000484 0.04646037 0.06713789 0.09344856 0.1172966 0.1415347 0.1797814 0.2414176 0.3174491 0.4992649 0.9999999 9709.011 14498.57 20530.54 27498.8 33331.8 37496.17 41454.72 45735.89 47784.34 50648.08 208974 89 
0.4994078 0.2015372 0.8968762 0.04939207 0.07186341 0.0912856 0.1176543 0.1459123 0.1855371 0.2360192 0.3174618 0.4897369 1 10400.11 15594 22172.1 28031.77 33861.57 38645.36 42904.21 45882.46 48044.94 50455.01 210562.3 91 
1 0.04314922 0.8214865 0.2371133 0.228587 1 0.01944357 0.004740992 0.7775013 0.9654358 0.9844651 0.9890642 0.962892 48273.71 96547.42 132050.5 251862.9 251862.9 251862.9 251862.9 251862.9 251862.9 251862.9 203589.2 92 
0.4949069 0.2020837 0.903069 0.04855832 0.06719611 0.09386696 0.1177692 0.1481436 0.1854623 0.2326922 0.3238865 0.4976009 1 10223.85 15283.71 21025.01 27945.69 33771.51 38843.71 42824.43 45312.99 48185.22 50604.7 210547.9 93 
1 0.04266593 0.8290301 0.234107 0.2342129 1 0.06082271 0.01563141 0.7789809 0.9645321 0.984165 0.9866556 0.9582892 48235.72 96471.44 133431.6 254277 254277 254277 254277 254277 254277 254277 206041.3 94 
0.5010078 0.1971849 0.8962701 0.04793098 0.07002893 0.09167558 0.1146661 0.1499175 0.1796239 0.2390283 0.3192079 0.4924436 1 10249.02 15383.86 21963.9 28360.4 33927.55 39822.62 43198.99 47022.08 49349.43 51811.74 213828.7 95 
1 0.04262683 0.8258247 0.2281522 0.2410221 0.9999933 0.004845068 0.005909284 0.599863 0.9336793 0.9615569 0.9722485 0.9275797 47131.05 94262.09 132692.1 253707.5 253707.5 253707.5 253707.9 253708.2 253708.3 253708.3 206577.2 96 
0.5001732 0.1999039 0.8965266 0.04943664 0.06793175 0.09377609 0.1146737 0.1459843 0.1802512 0.2321089 0.3173875 0.4944501 1 10459.88 15691.63 21511.08 28338.44 33654.88 38789.18 42553.35 45723.07 48530.93 51562.92 211581.5 97 
1 0.04299915 0.8266061 0.317694 2.080964e-15 1 0.9140208 0.01224838 0.9972562 0.9985497 0.9995535 0.9996498 0.9984772 64848.31 129696.6 129696.6 268970.2 268970.2 268970.2 268970.2 268970.2 268970.2 268970.2 204121.9 98 
1 0.0434024 0.8206528 0.3258713 5.272488e-22 1 0.1031732 0.001671771 0.9975833 0.9995771 0.9998877 0.9999319 0.9996334 66013.68 132027.4 132027.4 268589.6 268589.6 268589.6 268589.6 268589.6 268589.6 268589.6 202575.9 99 
0.4918836 0.2018979 0.9015819 0.04629563 0.06955127 0.09321872 0.1168801 0.145564 0.1838043 0.2355585 0.3254048 0.4904412 1 9811.543 14637.68 21257.8 27987.36 33698.33 38497.63 42587.98 45688.25 48599 50467.86 211932.4 100 
0.5021369 0.1995153 0.8987561 0.04829739 0.06754437 0.09224134 0.1132391 0.1432288 0.1807968 0.2404623 0.3238561 0.4945418 0.9999999 10230.1 15367.01 21332.25 28050.2 33407.05 38446.61 42743.34 46999.79 49723.18 51939.68 211814.8 1 
0.9999996 0.03904584 0.833246 0.2446324 0.9999983 0.8321444 0.002970059 0.00499168 0.3272296 0.8780952 0.9201759 0.9283068 0.845079 51298.7 102597.4 260995.5 260995.6 260995.5 260995.4 260995.3 260995.3 260995.2 260995.1 209697.1 2 
