0.5005203 0.19847 0.899034 0.04563664 0.07172999 0.092209 0.1147295 0.1479209 0.1802054 0.236933 0.3287357 0.4868636 1 9643.989 14471 21709.33 28128.49 33576.97 39060.7 42652.2 46248.53 49510.88 50989.66 211321.2 1 
0.4963342 0.2005879 0.9004601 0.0478117 0.0682133 0.09135042 0.117705 0.1430312 0.1846996 0.2355748 0.3244948 0.4842477 1 10145.25 15180.69 21316.96 27778.36 33922.71 38424.83 42961.18 46165.28 49071.36 50724.7 212191.8 2 
0.4965926 0.1990428 0.9033756 0.04703233 0.06751618 0.09321955 0.1156822 0.1455749 0.1871754 0.2369699 0.319847 0.4963592 1 9992.616 14954.87 21096.49 28076.22 33747.26 38798 43479.06 46507.29 48755.81 51296.72 212462.7 3 
0.4948695 0.2018753 0.8986787 0.04707222 0.07038948 0.09207734 0.1163187 0.1452887 0.1805787 0.2328389 0.3285891 0.5063846 0.9999998 9847.705 14721.03 21317.59 27613.55 33236.86 38050.59 41778.98 44922.15 48481.39 51153.73 209204.2 4 
0.5043279 0.1964791 0.901306 0.04717295 0.07108351 0.09063711 0.1144253 0.1437024 0.1840615 0.2387841 0.3176528 0.4816937 1 10057.34 15129.54 22070.45 28234.32 33874.78 38921.72 43580.73 47332.07 49544.44 51551.64 213201.5 5 
0.4944867 0.2047593 0.9001626 0.04820066 0.07068942 0.08771699 0.1207067 0.1474627 0.1825875 0.2333362 0.327095 0.4873642 0.9999999 10026.39 14984.3 21405.13 26723.73 33475.42 38317.38 41921.9 44729.08 47910.51 49551.08 208013.5 6 
1 0.04372038 0.8201409 0.3253704 1.384336e-18 1 0.9373357 0.03734455 0.9995433 0.9997162 0.9998963 0.9999517 0.9996725 65463.13 130926.3 130926.3 266658.8 266658.8 266658.8 266658.8 266658.8 266658.8 266658.8 201195.7 7 
0.9999995 0.0381813 0.8437266 0.2400772 0.9999966 0.9171752 0.005368966 0.00820695 0.3849963 0.8736759 0.9320968 0.9424107 0.8573516 51254.69 102509.4 264746.6 264747 264746.8 264746.7 264746.6 264746.5 264746.3 264746.2 213492.5 8 
1 0.04334114 0.8260227 0.3295644 7.346811e-11 1 0.3936867 0.1452337 0.9517667 0.9710134 0.9827325 0.9885036 0.9625118 66589.5 133179 133179 268642.5 268642.5 268642.5 268642.5 268642.5 268642.5 268642.5 202053 9 
0.4959688 0.2017723 0.9000121 0.04750366 0.06950462 0.09135887 0.1153472 0.1465189 0.1841275 0.2410746 0.3251334 0.4936208 1 9981.532 14932.06 21316.48 27585.99 33200.32 38399.75 42569.85 46242.63 48656.02 50485.44 210121.3 10 
1 0.04300952 0.8240223 0.3240477 6.301604e-29 1 0.0399806 0.0004293156 0.9981498 0.9997881 0.999926 0.9999651 0.9997796 65821.06 131642.1 131642.1 268942.6 268942.6 268942.6 268942.6 268942.6 268942.6 268942.6 203121.5 11 
1 0.04305376 0.8256987 0.328018 1.243285e-09 1 0.360862 0.04063708 0.9819244 0.9937712 0.9969352 0.9976873 0.9924389 66537.16 133074.3 133074.3 269383.2 269383.2 269383.2 269383.2 269383.2 269383.2 269383.2 202846 12 
0.5037466 0.1967018 0.8989757 0.0470696 0.06810421 0.09387961 0.1159413 0.146471 0.1820052 0.2335962 0.3240256 0.5042728 1 10005.01 15045 21373.57 28487.4 34180.75 39365.92 43320 46483.1 49632.42 52582.2 212557.8 13 
1 0.04271576 0.8235695 0.3255432 6.488895e-22 1 0.0002609419 9.413381e-05 0.7912667 0.990752 0.9964035 0.9973123 0.9892275 66812.16 133624.3 133624.3 272045 272045 272045 272045 272045 272045 272045 205232.8 14 
0.4917215 0.2014372 0.9000224 0.04620235 0.06912644 0.09233077 0.1175478 0.1395643 0.1883593 0.2411859 0.3232878 0.4840523 0.9999999 9739.671 14528.88 21043.07 27628.52 33555.14 37422.62 42698.44 46246.83 48423.99 49834.27 210804.7 15 
0.4920489 0.2063354 0.8957168 0.04619817 0.06994495 0.09162579 0.1209251 0.1443099 0.1858145 0.2351572 0.3268053 0.4784548 1 9552.386 14252.63 20807.35 27044.51 33455.38 37598.54 41788.78 44558.34 47431.08 48476.84 206769.8 16 
1 0.04226898 0.833451 0.2384414 0.2324638 1 0.04622977 0.01390463 0.7580681 0.9649677 0.9815828 0.9838822 0.954173 49468.18 98936.35 135664.8 256932.9 256932.9 256932.9 256932.9 256932.9 256932.9 256932.9 207464.8 17 
1 0.04340341 0.8224424 0.2283497 0.2504716 0.9999996 0.02029584 0.0130196 0.7108424 0.9404212 0.9671929 0.9707253 0.9190204 46079.19 92158.38 131160.1 247871.4 247871.4 247871.4 247871.4 247871.4 247871.4 247871.4 201792.2 18 
0.4915794 0.2038088 0.9021031 0.0455459 0.07088132 0.09138048 0.1121885 0.1473224 0.1810262 0.236274 0.3226258 0.5028335 1 9558.178 14256.78 21205.87 27430.5 32454.94 38071.06 41887.89 45361.2 48129.94 50930.63 209858.1 19 
0.4931749 0.2029259 0.9032112 0.04536509 0.0714526 0.0913664 0.1172031 0.1442272 0.1882145 0.2430903 0.317671 0.4933811 1 9496.072 14179.3 21271.21 27443.57 33294.68 37886.57 42657.84 46172.88 47633.22 49838.65 209325.6 20 
0.4977965 0.2021437 0.899142 0.04912788 0.06882623 0.09556758 0.1157159 0.1446705 0.1861944 0.2403852 0.32468 0.4997497 1 10264.54 15374.19 21326.96 28296.18 33447 38054.64 42506.55 45916.38 48257.11 50424.53 208935.1 21 
0.496269 0.20402 0.8996591 0.04538915 0.07226208 0.09048338 0.1152622 0.1504948 0.1816053 0.2369834 0.3208821 0.5007989 1 9430.238 14110.17 21334.46 27236.75 32806.2 38563.47 41980.27 45228.14 47648.54 50359.27 207764.2 22 
1 0.04302157 0.8207419 0.3301894 7.790609e-30 1 0.04957878 1.764134e-06 0.9995404 0.9999728 0.9999923 0.9999965 0.9999697 67238.85 134477.7 134477.7 270876.1 270876.1 270876.1 270876.1 270876.1 270876.1 270876.1 203637.3 23 
0.4999692 0.1991241 0.8979871 0.04810514 0.07072753 0.09251387 0.1186514 0.1483728 0.18112 0.2371175 0.3255668 0.5036754 1 10164.34 15246.2 21848.06 28214.62 34231.29 39294.61 42704.19 46070.36 48926.33 51477.89 211294.3 24 
1 0.0422235 0.8298917 0.3270128 1.866712e-16 1 0.000331834 4.508496e-07 0.9561127 0.9994178 0.9998103 0.9998966 0.9993875 67550.32 135100.6 135100.6 274118.1 274118.1 274118.1 274118.1 274118.1 274118.1 274118.1 206567.8 25 
0.4965993 0.2014554 0.9042258 0.04786808 0.06925822 0.09383897 0.1146059 0.1456832 0.1776207 0.2349219 0.3240577 0.4897734 1 10066.79 15065.95 21349.73 28090.85 33304.47 38322.24 41720.35 45397.32 48589.77 50737.82 210302.8 26 
0.5060263 0.197418 0.8999218 0.04736327 0.0712809 0.09322108 0.1173874 0.1476827 0.1867298 0.2316855 0.3331024 0.4857098 0.9999993 10024.44 15097.06 22011.56 28594.41 34401.61 39540.66 43860.15 46262.19 49995.98 51152.39 211650 27 
1 0.04308693 0.8281939 0.327386 9.090148e-23 1 0.9919483 0.3871033 0.9994573 0.9991374 0.9996872 0.9998066 0.9990247 66321.18 132642.4 132642.4 268899.1 268899.1 268899.1 268899.1 268899.1 268899.1 268899.1 202577.9 28 
0.4973337 0.1995814 0.8988565 0.04819253 0.07181478 0.08952494 0.1187615 0.1461177 0.1855543 0.2315693 0.3310126 0.4844323 0.9999998 10206.2 15282.09 22076.26 27729.16 34021.39 38854.73 43108.52 45614.56 49240.21 50487.15 211779.7 29 
1 0.04287095 0.8247976 0.3288647 3.207868e-12 1 0.0223528 0.007669205 0.9001199 0.9834272 0.9920231 0.9936015 0.9808054 67148.64 134297.3 134297.3 271331.8 271331.8 271331.8 271331.8 271331.8 271331.8 271331.8 204183.2 30 
1 0.0424952 0.8306556 0.3194576 4.227226e-13 1 0.4210459 0.05671731 0.9781249 0.9925197 0.9973448 0.9981036 0.9916524 65721.85 131443.7 131443.7 271451.3 271451.3 271451.3 271451.3 271451.3 271451.3 271451.3 205729.5 31 
0.4909032 0.1997697 0.900675 0.04591724 0.06829931 0.0918395 0.1184715 0.1456989 0.1826417 0.2449835 0.3165662 0.5085887 1 9771.31 14568.08 21018.42 27690.78 33945.91 38728.68 42641.26 46838.63 48267.75 51445.98 212802.7 32 
1 0.04333247 0.8247292 0.3216287 1.013443e-88 1 1 0.801228 1 1 1 1 1 65293.11 130586.2 130586.2 268300.8 268300.8 268300.8 268300.8 268300.8 268300.8 268300.8 203007.7 33 
0.4974089 0.2002569 0.8978083 0.04698677 0.06929322 0.09111951 0.1167838 0.1461223 0.1778019 0.2317292 0.3284443 0.4920139 1 9922.233 14857.64 21335.48 27679.45 33648.85 38707.54 42080.62 45392.16 49214.38 51275.39 211170.8 34 
0.5034383 0.1976124 0.8959224 0.04733978 0.07022012 0.09226349 0.1131784 0.1459086 0.1821754 0.2395693 0.3286735 0.4748477 0.9999998 10039.84 15094.28 21786.36 28300.09 33546.68 38953.27 43139.86 47023.51 50073.43 50814.03 212080.5 35 
0.5066159 0.1977321 0.897296 0.04691013 0.06749871 0.09400362 0.1201937 0.1415786 0.1819688 0.2343975 0.3337777 0.4869312 1 9902.326 14919 21138.21 28344.88 34789.67 38797.15 43014.82 46406.48 50345.07 51586.83 211091.4 36 
0.4960095 0.2023405 0.9021686 0.04627788 0.07097252 0.0904992 0.1138697 0.1473437 0.185494 0.2310845 0.3213684 0.4940003 1 9696.548 14506.13 21377.77 27404.72 32819.73 38324.73 42673.99 45179.01 48086.25 50636.94 209528.8 37 
0.5029696 0.1952653 0.8998863 0.04711976 0.07038884 0.09269347 0.1178374 0.1428077 0.1841694 0.2300509 0.3272709 0.4849533 1 10104.16 15186.25 22020.88 28682.86 34734.93 39182.18 43708.77 46443.35 50150.48 51930.85 214435.7 38 
0.5053798 0.1962123 0.8973688 0.0458875 0.06952979 0.09239708 0.1183463 0.1443674 0.1837527 0.2352333 0.3190904 0.4903394 1 9780.428 14723.26 21580.34 28389.58 34671.84 39381.36 43708.22 46964.5 49540.34 52037.93 213139.3 39 
0.4997437 0.1969468 0.90351 0.0482499 0.06849069 0.08754833 0.1204459 0.1416284 0.1848226 0.2408535 0.3181002 0.4993441 1 10272.01 15405.38 21576.32 27306.7 34389.33 38639.05 43340.62 47187.52 49176.87 51973.6 212891.9 40 
0.4989463 0.1999575 0.8982147 0.04631895 0.07181957 0.09113791 0.1166958 0.1486535 0.1869323 0.2306381 0.3199593 0.4871621 0.9999989 9792.136 14677.89 21803.35 27933.76 33785.02 39189.43 43461.98 45669.47 48385.5 50647.19 211406.7 41 
1 0.04290848 0.8280635 0.3303122 1.398174e-09 1 0.6092772 0.09277437 0.9665933 0.9848418 0.9933929 0.9938187 0.9813327 67531.39 135062.8 135062.8 271978.6 271978.6 271978.6 271978.6 271978.6 271978.6 271978.6 204447.2 42 
1 0.04271819 0.8276625 0.3260038 2.269865e-09 1 0.1000425 0.008219743 0.9736443 0.9918118 0.9965903 0.9971907 0.9902064 66713.93 133427.9 133427.9 271355.5 271355.5 271355.5 271355.5 271355.5 271355.5 271355.5 204641.6 43 
1 0.04376964 0.8225346 0.3162033 3.505674e-25 1 0.9307209 0.06321993 0.9996284 0.9994789 0.9998457 0.9999064 0.9995456 63335.76 126671.5 126671.5 263636.5 263636.5 263636.5 263636.5 263636.5 263636.5 263636.5 200300.8 44 
0.5008846 0.1994904 0.8965254 0.04594288 0.07022918 0.09637744 0.1164483 0.1458683 0.1840203 0.2327513 0.3151125 0.4958962 0.9999997 9729.854 14603.39 21504.54 28876.93 34231.82 39024.73 43121.68 45929.64 48278.84 51422.18 211781.5 45 
0.4998583 0.2006783 0.8985857 0.0476917 0.06847093 0.08967454 0.1194218 0.1449075 0.1838206 0.2413699 0.3309441 0.4975733 1 10021.08 15030.19 21214.06 27319.34 33919.83 38607.25 42784.61 46556.75 49453.22 51056.13 210122 46 
1 0.04265574 0.8299902 0.2225887 0.2469268 1 0.02888262 0.02722176 0.7560445 0.9438094 0.9688641 0.9757156 0.9324138 45527.67 91055.33 130319.1 250064.9 250064.9 250064.9 250064.9 250064.9 250064.9 250064.9 204537.2 47 
0.9999997 0.03840746 0.8418675 0.2396408 0.9999997 0.8749538 0.002365954 0.003970323 0.3715114 0.8796544 0.9353196 0.9391703 0.8579586 50875.91 101751.8 263176.5 263176.4 263176.4 263176.3 263176.2 263176.1 263176 263175.9 212300.7 48 
0.5040883 0.1955562 0.9005806 0.0479238 0.07147549 0.09356977 0.112371 0.1442791 0.1811797 0.227204 0.3270267 0.4825888 1 10283.76 15467.69 22399.67 29041.54 33961.62 39140.57 43393.5 46172.05 50301.97 52197.26 214585.8 49 
0.5012019 0.1958931 0.9009873 0.04753347 0.06948783 0.09211987 0.1183073 0.1481034 0.1852778 0.2316135 0.3234027 0.5035161 1 10173.47 15272.43 21819.94 28410.29 34613.52 39836.42 43932.19 46427.74 49457.94 52375.57 214027.5 50 
0.4979155 0.2001799 0.899122 0.04945336 0.07077379 0.08850291 0.1205906 0.1439792 0.1869484 0.2319298 0.3255806 0.504957 1 10430.79 15624.44 21969.16 27427.01 34134.21 38497.14 43066.72 45549.4 48670.84 51420.29 210921.8 51 
0.4990929 0.1996473 0.9005043 0.04789711 0.06958615 0.08974042 0.1178135 0.1476406 0.1750105 0.2392213 0.3248213 0.4924785 1 10142.98 15205.26 21619.01 27624.55 33904.83 39162.31 42016.97 46310.74 49290.12 51396.81 211766 52 
0.5011534 0.1981216 0.8986314 0.04753928 0.07218117 0.0908293 0.1149484 0.1492772 0.1816406 0.2337529 0.3231523 0.4681339 0.9999999 10135.69 15215.22 22283.05 28280.65 33863.56 39602.6 43274.47 46359.69 49368.95 50367.77 213206.6 53 
0.5015539 0.1987862 0.8997491 0.04821326 0.06809437 0.0945643 0.1154075 0.1447321 0.1888834 0.2314891 0.3319904 0.5044994 1 10201.7 15318.4 21396.78 28479.45 33895.41 38756.59 43722.2 46068.89 49712.03 51941.57 211595.3 54 
1 0.04203358 0.8279247 0.3288646 4.377262e-09 1 0.005564734 0.001025866 0.6534252 0.9687606 0.9842105 0.9881248 0.963334 68298.94 136597.9 136597.9 275980 275980 275980 275980 275980 275980 275980 207681 55 
1 0.04290446 0.8266102 0.3251801 9.733275e-14 1 0.0584686 0.01885865 0.956033 0.990605 0.9961932 0.9972365 0.991089 66549.35 133098.7 133098.7 271203.1 271203.1 271203.1 271203.1 271203.1 271203.1 271203.1 204653.8 56 
0.4959641 0.2019024 0.8990163 0.04711815 0.06814882 0.09363783 0.1133241 0.1498736 0.1827561 0.2371941 0.326759 0.5048921 1 9866.367 14759.73 20918.03 27784.88 32877.9 38701.02 42409.75 45657.82 48520.7 50982.33 209396.3 57 
0.4861571 0.2055911 0.9036906 0.04711539 0.06673488 0.09186753 0.116363 0.1485568 0.179857 0.237553 0.3210127 0.5062549 1 9815.544 14587.44 20339.62 26908.23 32659.3 37963.32 41222.99 44702.71 47142.1 50127.04 208329.9 58 
0.491033 0.2016175 0.8998245 0.04670733 0.07038996 0.09063209 0.116399 0.1407268 0.1911472 0.2389092 0.3306334 0.486499 1 9875.675 14724.96 21418.36 27499.2 33336.44 37556.87 43170.51 46198.05 49017.05 50004.08 211437.4 59 
0.502734 0.1989288 0.9000866 0.04688205 0.07232468 0.08900502 0.1164118 0.1473866 0.1795764 0.231179 0.3256963 0.4771851 0.9999995 9938.112 14934.34 22120.7 27803.07 33854.65 39256.24 42835.2 45932.17 49517.84 51001.71 211981.2 60 
0.5051704 0.1953959 0.9004599 0.04707546 0.06836593 0.09224055 0.1170387 0.1467321 0.1871743 0.2398475 0.3273125 0.4814302 0.999999 10076.52 15166.89 21606.73 28443.47 34558.06 39806.69 44434.8 47783.88 50422.23 51477.17 214050.5 61 
0.4935265 0.2056409 0.8994165 0.0466147 0.0700856 0.09048708 0.1139331 0.1466808 0.1812938 0.2335008 0.3281333 0.4899821 1 9667.332 14438.42 20983.12 26992.98 32374.35 37711.8 41534.43 44669.56 48081.48 49850.21 207388.1 62 
0.5113674 0.1924814 0.8989579 0.04810807 0.06965601 0.09501741 0.11707 0.1498311 0.1791756 0.2398354 0.3230674 0.4877073 1 10375.11 15680.6 22318.05 29559.9 35350.43 40942.22 44182.95 48134.92 50768.06 52687.51 215662.5 63 
0.4945271 0.2019749 0.9002652 0.04759437 0.07113515 0.08954948 0.1164534 0.1429699 0.1838212 0.2387515 0.3193665 0.5047717 1 9991.459 14932.51 21607.14 27316.03 33199 37776.67 42217.18 45826.99 48068.36 51101.74 209929.4 64 
0.5038845 0.1962209 0.9009395 0.04804649 0.07089393 0.09137595 0.1160954 0.1426566 0.1812615 0.2413926 0.3124561 0.4893569 1 10253.72 15420.41 22172.83 28420.31 34231.88 38875.21 43147.29 47428.31 49121.37 51911.74 213412.5 65 
0.5046113 0.1959357 0.9026187 0.04759694 0.06907538 0.0901365 0.1174916 0.1503839 0.1797801 0.2396096 0.3163991 0.4841034 0.9999998 10181.96 15319.9 21803.91 28098.26 34454.16 40288.54 43592.07 47426.69 49465.39 51667.07 213920.6 66 
0.9999999 0.0384498 0.8394609 0.2480131 0.9999999 0.8092331 0.001578519 0.002559109 0.2864578 0.8631676 0.9230811 0.936605 0.841645 52534.13 105068.3 264354 264354 264354 264353.9 264353.9 264353.9 264353.8 264353.8 211819.9 67 
0.4927071 0.2028072 0.898024 0.04712856 0.07098039 0.09132685 0.1198531 0.1465185 0.1835395 0.2294254 0.3263969 0.5013079 0.9999999 9886.321 14757.38 21459.13 27532.38 33789.38 38408.58 42188.81 44530.15 47969.63 50564.29 209773.4 68 
0.5018314 0.200373 0.8968239 0.04678363 0.07097476 0.08840491 0.1154349 0.1448482 0.1830261 0.2391952 0.3161287 0.4852367 1 9841.869 14780.83 21649.91 27334.05 33320.96 38480.94 42823 46593.66 48624.12 50897.52 210369.9 69 
0.4944558 0.2014192 0.9021614 0.04853252 0.06909816 0.0937623 0.1146932 0.1388613 0.1868424 0.229395 0.3247505 0.488021 0.9999998 10266.63 15343.03 21494.16 28195.87 33416.4 37397.14 42677.97 45249.24 48716.33 50818.83 211541.3 70 
0.4976734 0.2001744 0.9021475 0.04717668 0.0696585 0.08984031 0.1183751 0.1454305 0.1795701 0.2465037 0.3290156 0.4996873 1 9931.062 14873.49 21374.02 27401.93 33742.07 38568.63 42172.25 46866.37 49350.36 51082.3 210507.9 71 
1 0.04238377 0.8279683 0.3190384 5.625043e-10 1 0.04057939 0.0005445208 0.9666858 0.997603 0.9991043 0.9994165 0.9972584 65914.92 131829.8 131829.8 272519.9 272519.9 272519.9 272519.9 272519.9 272519.9 272519.9 206605 72 
1 0.0436864 0.8205272 0.3232906 4.299211e-26 1 0.9742235 0.04242568 0.9998733 0.9997034 0.999892 0.9999256 0.9995546 64834.3 129668.6 129668.6 265379.2 265379.2 265379.2 265379.2 265379.2 265379.2 265379.2 200544.9 73 
0.5042727 0.1961507 0.8988986 0.04944999 0.06895179 0.09149444 0.116042 0.1446116 0.1808298 0.2357206 0.3250833 0.4867568 1 10568.61 15898.07 22024.83 28412.39 34268.34 39247.1 43287.09 46918.06 50104.42 51990.8 213723.1 75 
0.9999994 0.03805501 0.8453812 0.2483828 0.999994 0.9150286 0.005901655 0.008201925 0.3462117 0.8746137 0.9344599 0.9450631 0.8582588 53209.33 106418.6 267431.3 267432.1 267431.9 267431.7 267431.6 267431.5 267431.3 267431.2 214223.1 76 
0.5019037 0.1991723 0.8984699 0.04634799 0.06915315 0.0937913 0.1191514 0.1458082 0.1883114 0.2346511 0.3242767 0.4909608 1 9786.161 14697.87 21301.54 28271.05 34427.77 39094.72 43688.19 46268.72 48967.81 50916.11 211145.3 77 
0.502365 0.1986868 0.8964298 0.04608942 0.06916669 0.09010037 0.1147583 0.1429129 0.1807013 0.2357665 0.3250234 0.4896455 1 9713.909 14593.84 21237.28 27530.47 33371.48 38307.31 42590.34 46352.02 49578.36 51642.13 210762.2 78 
0.4971445 0.1998304 0.9001246 0.04802176 0.0716418 0.0861916 0.1180385 0.1451101 0.1845538 0.2428435 0.3280037 0.4834636 1 10154 15202 21978.49 27033.18 33596.13 38556.79 42930.11 46838.83 49360.18 50365.79 211445.7 79 
0.499299 0.1975954 0.90086 0.04571536 0.07127855 0.09034162 0.121397 0.1422594 0.1838994 0.240584 0.3130473 0.4925461 0.9999999 9762.348 14636.68 21833.51 27999.38 34879.85 38933.75 43299.16 47092.98 48685.38 51515.51 213546.4 80 
0.498081 0.1986019 0.8983855 0.04696935 0.07250572 0.0896204 0.1173809 0.1455711 0.1786101 0.2413181 0.3237934 0.4912867 0.9999999 9985.08 14958.46 22140.33 27868.45 33961.27 38895.37 42415.71 46698.54 49291.44 51259.68 212587.1 81 
0.4931822 0.2067789 0.9001463 0.04528664 0.0713896 0.09180068 0.1145357 0.1449647 0.1866332 0.229059 0.3215985 0.493038 0.9999999 9314.181 13907.77 20876.95 27035.04 32300.4 37186.67 41739.29 43943.91 46955.96 49453.99 205671.7 82 
0.4971899 0.2012567 0.9006421 0.04817838 0.07017327 0.0915052 0.1185343 0.1428275 0.182121 0.2475113 0.3155782 0.5026819 1 10146.48 15191.21 21619.56 27804.61 33896.01 38171.46 42279.6 46921.07 48177.91 51044.45 210602.4 83 
1 0.04239387 0.8305114 0.3258272 2.075127e-07 1 0.01477464 0.002680016 0.930514 0.9906376 0.9956802 0.9967413 0.9891049 67188.85 134377.7 134377.7 273398.9 273398.9 273398.9 273398.9 273398.9 273398.9 273398.9 206210.1 84 
1 0.04292105 0.8263928 0.3248128 5.349915e-29 1 0.9350177 0.01771894 0.999948 0.9999579 0.9999893 0.9999942 0.9999606 66095.48 132191 132191 269583.4 269583.4 269583.4 269583.4 269583.4 269583.4 269583.4 203487.9 85 
0.4982954 0.1997287 0.902154 0.04776275 0.07001045 0.0912982 0.1155168 0.146338 0.1817983 0.2354847 0.3304475 0.4922571 1 10088.82 15116.03 21614.07 27848.17 33512.06 38699.9 42616.47 45963.89 49432.55 51092.29 211227.7 86 
0.4899642 0.2049583 0.8988404 0.04687144 0.06983571 0.09175855 0.1151589 0.1502573 0.1777282 0.2395677 0.3151455 0.4918208 1 9767.996 14553.96 21002.51 27243.8 32672.94 38319.13 41199.3 45040.74 46931.11 49567.75 208399.7 87 
0.5135526 0.1926714 0.8949681 0.04833178 0.06968145 0.09142651 0.1198634 0.1431567 0.1831274 0.2374727 0.3202757 0.4907889 0.9999999 10365.04 15688.04 22277.99 28800.04 35468.04 39950.59 44341.04 48008.31 50608.58 53023.8 214456 88 
0.493478 0.203494 0.9002656 0.04665673 0.06741788 0.09373172 0.1175176 0.1416942 0.1799219 0.2417451 0.3177624 0.4992853 1 9725.018 14524.1 20564.11 27517.9 33316.07 37441.13 41364.04 45631.38 47653.74 50460.7 208437.6 89 
0.4992569 0.2015956 0.8969553 0.04959994 0.07217129 0.0915553 0.1180354 0.1459971 0.1857982 0.2366397 0.3177819 0.4904181 0.9999994 10396.87 15587.58 22160 27986.6 33792.62 38492.88 42716.66 45694.84 47793.63 50161.32 209614.5 91 
1 0.04325164 0.8207916 0.2380558 0.2295046 1 0.01794806 0.005768851 0.7665183 0.9613016 0.9822263 0.9871541 0.9572527 48159.81 96319.61 131696.6 250464.5 250464.5 250464.5 250464.5 250464.5 250464.5 250464.5 202304.7 92 
0.4946718 0.2021915 0.9031117 0.04873991 0.06745382 0.09411804 0.1180061 0.1483994 0.1860153 0.2327284 0.3233093 0.4987258 1 10217.67 15272.07 21006.23 27894.08 33678.26 38709.56 42685.94 45085.94 47852.9 50341.75 209636.7 93 
1 0.04250212 0.8296593 0.3273249 4.447285e-07 1 0.01003647 0.005627683 0.7726553 0.9745781 0.9890176 0.9910495 0.9699489 67342.53 134685.1 134685.1 273078.6 273078.6 273078.6 273078.6 273078.6 273078.6 273078.6 205736 94 
0.5014423 0.196937 0.896109 0.04817669 0.07030419 0.09185665 0.1149384 0.1500296 0.1795004 0.2388947 0.3188881 0.4931376 1 10262.08 15407.92 21980.16 28336.14 33883.96 39720.91 43032.69 46819.75 49121.59 51642.42 213009.3 95 
0.4972426 0.2018379 0.9012887 0.0473218 0.06832971 0.09306172 0.1188102 0.1397482 0.1882773 0.2365449 0.3119416 0.4970178 1 9953.75 14903.18 21102.95 27867.49 33974 37744.35 42934.09 45993.61 47682.53 50911.43 210341.7 96 
0.4994631 0.2002739 0.8969808 0.04960303 0.06813897 0.09404796 0.1146195 0.1464022 0.1803432 0.2322208 0.3170289 0.4946926 1 10440.62 15655.33 21449.98 28245.17 33464.42 38604.82 42299.43 45420.84 48150.24 51186.72 210483.6 97 
1 0.043063 0.8262057 0.3188432 6.435281e-15 1 0.8718978 0.09235297 0.9931418 0.9962068 0.9987108 0.9989483 0.9959392 64743.49 129487 129487 267800.9 267800.9 267800.9 267800.9 267800.9 267800.9 267800.9 203057.4 98 
1 0.04372422 0.819218 0.2294695 0.2472703 0.9999999 0.03096936 0.02430815 0.7379643 0.9461225 0.973876 0.9780829 0.9406224 45995.1 91990.2 130180.1 246436.1 246436.1 246436.1 246436.1 246436.1 246436.1 246436.1 200441 99 
0.4919024 0.2019183 0.9016575 0.04648778 0.06980515 0.09358954 0.117061 0.145886 0.1841211 0.2353643 0.3255381 0.4902747 1 9810.794 14636.75 21246.7 27969.64 33619.4 38391.66 42443.06 45447.74 48340.63 50173.41 211040.3 100 
0.5022177 0.1995248 0.898788 0.04849111 0.06772695 0.0925821 0.1132339 0.1434427 0.1809208 0.2406545 0.3236911 0.4937278 0.999999 10229.36 15366.72 21311.86 28028.04 33303.83 38324.94 42582.24 46809.04 49474.7 51633.4 210953.3 1 
1 0.04335886 0.8182536 0.3257328 3.580568e-12 1 0.01148158 0.001736759 0.8574511 0.9855776 0.9915521 0.9933787 0.9799517 65878.91 131757.8 131757.8 268127.2 268127.2 268127.2 268127.2 268127.2 268127.2 268127.2 202248.3 2 
