0.001473593 0.004880576 0.001705319 0.0009348537 0.001061786 0.001192791 0.001347274 0.001557758 0.001826464 0.002217552 0.002788521 0.003644483 5.149375e-06 100.2407 104.7146 105.8125 105.9683 106.7537 106.216 106.6287 106.134 106.2964 105.7265 1 
0.001506498 0.005127591 0.0017065 0.0009330087 0.001064741 0.001192862 0.001348009 0.001555138 0.001836209 0.002214323 0.002786327 0.003644203 7.389378e-06 101.1203 106.2599 107.0402 107.3643 107.9448 108.3998 107.5431 107.6329 107.7178 107.7932 2 
0.001481476 0.004927066 0.001694943 0.0009375526 0.001066045 0.001190685 0.00134714 0.001550185 0.001813799 0.002197721 0.002769456 0.003620532 3.414591e-06 100.6089 105.1798 105.6079 106.0855 106.3262 105.827 106.3049 106.7163 107.0756 106.61 3 
0.001480028 0.004954342 0.001687553 0.0009438922 0.001064836 0.001199368 0.001342381 0.001551596 0.001831275 0.002214179 0.002789825 0.003647442 8.490843e-06 101.4448 105.08 106.4791 105.4999 106.5151 106.9098 106.5285 106.7112 107.0248 105.6373 6 
0.001497792 0.005030153 0.001711233 0.0009330232 0.001061052 0.001192497 0.001347141 0.001547867 0.001827958 0.002217664 0.002779238 0.003633761 1.825866e-06 100.7659 105.5065 106.709 106.9316 107.0669 107.7436 107.8236 106.7511 107.5732 107.3953 7 
0.00150477 0.005116255 0.001696325 0.0009294061 0.001076394 0.001190148 0.00133718 0.00154777 0.001826088 0.002211256 0.002787663 0.003646711 5.868589e-06 100.6945 107.4384 106.4384 106.4238 107.6336 108.0479 107.9823 108.1984 108.1636 107.2086 8 
0.001504719 0.00510315 0.001719009 0.0009385816 0.001067039 0.00119387 0.001352192 0.00154679 0.001823947 0.002205228 0.002789306 0.003647326 5.355953e-06 101.6821 106.3116 106.9399 107.4895 106.9918 107.6428 107.4379 108.5116 106.7705 108.324 11 
0.001474958 0.004891685 0.001668457 0.0009399019 0.001069813 0.001191286 0.001353492 0.001551852 0.001826847 0.002216592 0.002789065 0.003645307 5.325497e-06 100.8263 105.4363 105.4509 106.3954 106.0307 106.3039 106.5459 106.2702 106.192 106.0227 12 
0.001505943 0.005064781 0.001710046 0.0009296858 0.001067181 0.001190288 0.001350321 0.001553638 0.001826352 0.002214879 0.00279421 0.003654912 8.682567e-06 100.6961 106.5132 106.725 107.6016 107.7646 107.784 108.0211 108.246 107.4151 107.6283 13 
0.001497033 0.004916598 0.001678707 0.0009298914 0.001067878 0.001199641 0.001347156 0.001557279 0.001833926 0.002220315 0.002784231 0.003641518 6.178963e-06 100.3598 106.1943 107.1396 106.642 107.5804 107.6212 107.445 106.6274 108.0391 106.6495 16 
0.001520034 0.005116841 0.001703459 0.000943371 0.001066025 0.001192719 0.001358168 0.001555431 0.001828207 0.002212813 0.002790313 0.003651398 2.065062e-06 102.5702 106.573 107.3404 108.5348 108.0062 108.16 108.1848 108.5841 108.4471 108.265 17 
0.001487014 0.004908223 0.001711649 0.0009341214 0.001065487 0.00118911 0.001355976 0.001554177 0.0018247 0.002219585 0.002793662 0.003652288 5.216466e-15 100.5503 105.5449 105.8799 107.2598 106.7644 106.6934 107.3782 106.9335 106.5736 106.5042 18 
0.001507368 0.005063827 0.00168005 0.0009367641 0.001068261 0.001195809 0.001368003 0.001555789 0.001828597 0.002218144 0.002793601 0.003654954 0 101.65 106.6721 107.3127 108.9415 107.3217 107.6006 107.8795 107.8506 108.2183 107.1901 21 
0.001502376 0.005041023 0.001704052 0.000922852 0.001066166 0.00119346 0.00135168 0.001552938 0.001824722 0.002202165 0.002779761 0.003635971 4.949086e-06 99.83971 106.4171 106.9546 107.5459 107.546 107.5292 107.1353 107.9607 107.7009 107.6527 22 
0.001490008 0.0049395 0.00172347 0.000939053 0.00107416 0.001191569 0.001347622 0.00155753 0.001824229 0.002214106 0.00279173 0.003650171 4.429433e-06 101.1564 106.3649 105.8695 106.4206 107.1463 106.5492 107.0715 107.2163 106.6286 106.7455 23 
0.001505828 0.005083418 0.001689337 0.0009349956 0.001071641 0.001198508 0.001355898 0.001564769 0.001830018 0.002217551 0.002797603 0.003659206 4.713161e-06 101.2267 106.7931 107.2219 107.6159 108.0894 107.2445 107.5414 107.888 107.2202 107.5537 26 
0.001497358 0.005089674 0.001719688 0.0009360356 0.001070649 0.001191103 0.00135307 0.00155112 0.001816351 0.002205411 0.002772831 0.003625074 1.756574e-05 101.1592 106.429 106.3017 107.2992 106.9424 106.6237 107.3355 107.1217 107.3245 107.9023 27 
0.00149356 0.004998161 0.001721515 0.0009434439 0.001069576 0.001192253 0.001350994 0.001556964 0.0018258 0.002213591 0.00278791 0.003645739 6.001529e-06 101.749 105.9584 106.1596 106.8159 107.1454 106.783 107.1017 107.1306 107.3109 106.6464 28 
0.001475311 0.004933995 0.00170512 0.0009323794 0.00107315 0.001198278 0.001345492 0.001554844 0.001817711 0.002208819 0.002788202 0.003644057 6.394145e-06 100.0695 105.9566 106.0663 105.6123 106.461 105.6516 106.4698 106.8384 105.7942 106.3789 31 
0.001524467 0.005271848 0.001702898 0.0009371753 0.001079048 0.001196234 0.001365712 0.001560131 0.001838987 0.002232243 0.002797733 0.003659817 6.725123e-06 102.307 108.3996 107.7048 109.3174 108.2799 108.7631 108.9059 107.7362 108.3083 108.6422 32 
0.001494597 0.005012463 0.001722715 0.000931794 0.001062376 0.001190254 0.001354507 0.001561668 0.00183157 0.002209142 0.002780808 0.003636517 5.008527e-06 100.5268 105.5399 106.3546 107.4517 107.6932 107.217 106.6763 106.9275 107.4728 106.9134 33 
0.001484757 0.004908537 0.00168663 0.000934026 0.00106658 0.001189898 0.00134764 0.001553821 0.001833339 0.00221725 0.00279158 0.003649406 8.213989e-06 100.5062 105.6075 105.866 106.5004 106.9328 107.3055 106.8896 106.8241 106.4869 106.5325 36 
0.0014923 0.004990949 0.001688763 0.0009373892 0.00107138 0.001191342 0.001351511 0.001550142 0.001826072 0.002215627 0.002791934 0.00365086 3.419339e-06 101.1029 106.2697 106.0955 106.9516 106.7151 107.1178 107.3753 107.3765 107.0407 106.7616 37 
0.001474409 0.004918039 0.001708071 0.0009362682 0.001067112 0.001190767 0.001340713 0.001555056 0.001824108 0.00220971 0.002790026 0.003647333 3.463712e-06 100.4098 105.2161 105.4802 105.4382 106.7294 106.2319 106.3889 106.8812 106.3789 105.6048 38 
0.001497911 0.005097398 0.001703343 0.0009372268 0.001061764 0.001193108 0.001348017 0.00154545 0.001814506 0.002209554 0.002790042 0.003648198 3.229158e-06 101.3476 105.6072 106.8115 107.0226 106.8881 106.9714 108.0068 108.2598 106.8135 107.702 41 
0.001503711 0.005074597 0.001685006 0.0009384394 0.001071918 0.001200743 0.001357977 0.00155977 0.001842989 0.002228618 0.002800616 0.003662699 4.23945e-06 101.6672 106.8077 107.4273 107.7032 107.6072 108.1992 107.6318 107.1754 107.3065 107.2973 42 
0.001504436 0.005094755 0.001708974 0.000949164 0.001064764 0.001193666 0.001347245 0.001559364 0.001838204 0.002224705 0.002796221 0.003657011 5.418748e-06 102.7713 105.8181 106.8469 106.9639 107.9522 108.0939 107.7936 107.3352 107.5135 107.2671 43 
0.001497917 0.005044487 0.001717554 0.0009392779 0.001067092 0.001201413 0.001348136 0.001557764 0.001835994 0.002221131 0.002797898 0.003658941 1.26602e-05 101.4743 105.9993 107.2862 106.597 107.4794 107.6291 107.3081 107.3369 107.0625 106.8269 46 
0.001496492 0.005100029 0.001714904 0.0009452406 0.001065365 0.001193327 0.001357485 0.001565913 0.001825632 0.002221539 0.002798195 0.003659231 4.897896e-06 102.172 105.7436 106.595 107.5699 107.8316 106.5956 107.6056 107.3421 107.0902 106.7818 47 
0.001507692 0.005048594 0.00172138 0.0009431338 0.001070143 0.001196013 0.001352072 0.001561404 0.001835636 0.002224368 0.002788371 0.003647062 4.071415e-06 102.2024 106.574 107.0615 107.3955 108.0138 107.8424 107.8587 106.9105 107.9357 107.4897 48 
0.001485991 0.00491333 0.001664402 0.0009346467 0.001073728 0.001194139 0.001344151 0.001550813 0.001822967 0.002208807 0.002777895 0.00363102 6.378332e-06 100.5509 106.2688 106.0027 105.975 106.6503 106.6294 106.8191 106.6732 106.6398 107.2378 51 
0.001476207 0.004902476 0.001674298 0.0009396739 0.001064223 0.001195812 0.001357036 0.001555996 0.001818611 0.002201048 0.002784401 0.003640642 6.771261e-06 100.9183 105.0211 106.1295 106.725 106.3312 105.671 105.9452 107.0845 106.6631 105.8717 52 
0.001509475 0.005117318 0.001697271 0.0009368379 0.001068752 0.001196088 0.00134718 0.001560695 0.001839221 0.002217638 0.002795538 0.003657743 2.392729e-06 101.7024 106.7655 107.3702 107.3034 108.4429 108.4832 107.6555 108.0644 108.2747 107.1781 53 
0.001486003 0.005001985 0.001708195 0.0009299885 0.00105961 0.001188324 0.001339876 0.001541852 0.001815607 0.002208531 0.002782159 0.003637205 1.846587e-06 100.1344 105.0663 106.0193 106.1181 106.5463 106.9107 107.6212 107.4124 106.9726 106.7241 56 
0.00148941 0.004979686 0.001703805 0.0009330786 0.001067804 0.00119472 0.001354976 0.001556182 0.001825276 0.002208292 0.002789817 0.003646605 3.77212e-06 100.4466 105.7998 106.3263 107.0025 106.8647 106.6001 106.6124 107.3899 105.9898 107.383 57 
0.001516042 0.005145424 0.001690534 0.0009391135 0.001063905 0.001193313 0.00135921 0.001568975 0.001837672 0.002220285 0.002788779 0.003649122 8.363428e-06 102.1067 106.4294 107.4547 108.6224 108.9547 108.2152 107.9145 107.5788 108.7178 107.7257 58 
0.001508135 0.00511419 0.001705207 0.0009348368 0.001063319 0.001196603 0.001351154 0.001555347 0.001820351 0.002202733 0.00279023 0.003651487 5.206976e-06 101.3645 106.1437 107.465 107.5663 107.8746 107.3284 107.5454 108.9106 108.1354 107.2944 61 
0.001488677 0.004974017 0.001668867 0.0009274433 0.001064175 0.00118918 0.001354357 0.001563772 0.001823219 0.002217429 0.002789284 0.003647217 8.330312e-06 99.87238 105.6085 106.056 107.3113 107.7058 106.4539 107.3655 106.8889 107.3623 106.2537 62 
0.001486598 0.004993161 0.001698844 0.0009338676 0.001061702 0.001188361 0.001354782 0.001555893 0.001824328 0.002209877 0.002783406 0.003638326 1.238669e-06 100.5397 105.1824 105.9203 107.2312 106.9814 106.6677 106.8291 106.9197 106.5205 107.0785 63 
0.001490472 0.004985671 0.001699221 0.0009341975 0.001070359 0.001202949 0.001351256 0.001559176 0.001837613 0.002220624 0.002796717 0.003656538 7.136099e-06 100.7917 106.2581 107.1871 106.6108 107.2403 107.3712 106.8566 106.9243 106.5562 106.7428 66 
0.001493132 0.00498823 0.001684726 0.0009342924 0.001063241 0.001195783 0.001353406 0.001554612 0.001825447 0.002219879 0.002781862 0.003637393 1.590031e-05 100.8649 105.6443 106.8629 107.2143 107.1688 107.0525 107.7031 106.5189 107.5964 106.9638 67 
0.001494022 0.005028442 0.001682044 0.0009324346 0.0010694 0.00118976 0.001348532 0.001553712 0.001821831 0.002214198 0.002786362 0.003642952 5.548967e-06 100.6844 106.3002 106.1822 106.9727 107.3055 106.9719 107.6559 107.3255 107.0231 107.346 68 
0.001509553 0.005098473 0.001691464 0.0009375843 0.001068233 0.00119034 0.001351668 0.001552494 0.001830127 0.002227039 0.002803933 0.003666414 2.120196e-06 101.7238 106.6386 106.8136 107.7941 107.7265 108.1723 108.7438 108.1885 106.9072 108.1217 71 
0.0015054 0.005023257 0.001689061 0.0009364369 0.001074702 0.001192935 0.001356039 0.001560558 0.001837144 0.00223438 0.002812792 0.003679411 1.675199e-05 101.4548 107.1489 106.7131 107.8406 107.8931 107.9933 108.4329 107.8071 107.2467 106.9104 72 
0.001489395 0.005015163 0.001696221 0.0009330061 0.001064787 0.001185326 0.001347637 0.001548601 0.001827283 0.002219062 0.002793559 0.003652743 6.816321e-06 100.6075 105.6799 105.7559 106.9187 106.9074 107.4651 107.7036 107.3157 107.1048 106.4155 73 
0.001487493 0.00497144 0.001698243 0.0009319277 0.001063865 0.001193754 0.001348694 0.001544689 0.001814856 0.002212584 0.00279256 0.003651921 5.581693e-06 100.4084 105.5247 106.4463 106.6696 106.3991 106.5768 107.7181 107.7458 107.0056 106.3301 76 
0.001511222 0.005066833 0.001704138 0.0009406529 0.001067871 0.001193502 0.001356407 0.001557866 0.001828353 0.002217502 0.002795271 0.003656373 7.18851e-06 102.0423 106.5346 107.0768 108.0457 107.884 107.7161 108.0371 108.1531 107.4938 108.0009 77 
0.001497325 0.005106149 0.001751593 0.0009385323 0.001067658 0.001194681 0.001352501 0.001553647 0.001829209 0.002208615 0.002792219 0.003651623 2.008896e-06 101.3622 106.0182 106.6184 107.0863 107.0473 107.2821 106.8434 107.8499 106.8908 107.0531 78 
0.00151018 0.005074005 0.001660681 0.0009355951 0.001073767 0.001193481 0.001352915 0.001549397 0.001836416 0.002214206 0.002786616 0.003646299 6.164597e-06 101.534 107.2667 106.9958 107.8063 107.4284 108.6612 107.7122 107.905 108.7629 107.3924 81 
0.001501943 0.005057539 0.001709461 0.0009453008 0.001070618 0.001196239 0.001353932 0.001552614 0.001826564 0.002213962 0.00278867 0.003646868 6.388598e-06 102.2405 106.3462 106.8037 107.2472 107.0131 107.2494 107.4501 107.5393 107.2827 107.5541 82 
0.00148816 0.004999601 0.001712928 0.0009394481 0.001062231 0.001189802 0.001353452 0.001545869 0.001822142 0.002191488 0.002763364 0.003612294 5.142497e-06 101.1687 105.1395 105.9913 107.0087 106.2094 106.8274 105.9287 106.9358 106.9084 107.7723 83 
0.001498516 0.005092827 0.001699091 0.0009287605 0.001069431 0.001189397 0.001356909 0.001554525 0.001810784 0.002197763 0.002758782 0.003607842 3.837827e-06 100.3936 106.4911 106.2933 107.8097 107.2318 106.2381 107.136 106.8287 108.2058 107.9007 86 
0.00148668 0.004983615 0.001704086 0.0009390319 0.001064609 0.001191158 0.00134779 0.001550531 0.001811244 0.002202839 0.002773747 0.003626423 6.225582e-06 101.0571 105.3166 105.9859 106.4344 106.6379 105.9464 107.0183 107.0006 107.3176 106.7797 87 
0.001499698 0.005055529 0.001699841 0.0009273331 0.001053582 0.001189591 0.001349351 0.001561205 0.001825757 0.002220502 0.002790002 0.003648445 3.251374e-06 100.299 105.0582 106.9031 107.5563 108.3716 107.4531 108.1976 107.3729 107.5701 107.1651 88 
0.001505753 0.005065385 0.001702913 0.0009395852 0.001063202 0.001194689 0.001352519 0.001549185 0.001831585 0.002207951 0.002787184 0.003646176 7.465838e-06 101.7157 105.8615 107.0789 107.5058 107.1795 108.0854 107.2586 108.0849 107.7882 107.5132 91 
0.001481403 0.004855707 0.001685188 0.0009349247 0.001066381 0.001187066 0.001345826 0.0015365 0.001827001 0.002206921 0.002777802 0.003631497 5.370181e-06 100.3621 105.3175 105.365 106.1849 105.5381 107.3509 106.6441 106.7411 107.0056 106.3671 92 
0.001495325 0.004987567 0.001700154 0.0009318568 0.001057696 0.001194965 0.001343036 0.001555883 0.001821141 0.002211223 0.002785202 0.003642158 2.033438e-05 100.5772 105.1387 106.9711 106.5172 107.7428 107.0042 107.6019 107.5113 107.3437 107.0681 93 
0.001487535 0.00492072 0.001704422 0.0009393771 0.001066223 0.001189674 0.00135182 0.001552718 0.001833032 0.002211635 0.002783724 0.003639631 3.233547e-06 101.1307 105.5192 105.8656 106.8428 106.7234 107.288 106.567 106.7259 106.9675 106.6538 96 
0.001514691 0.005163042 0.001741012 0.000933579 0.001065922 0.001193742 0.001347903 0.001537258 0.001834774 0.002208078 0.002783562 0.003642221 6.375557e-06 101.364 106.5821 107.3115 107.5543 106.8771 109.2284 107.7723 108.3975 108.7883 107.5535 97 
0.001487552 0.004943604 0.001690774 0.0009349286 0.001068289 0.001199729 0.001346012 0.001562212 0.001828118 0.002223944 0.002793433 0.003652222 3.139744e-06 100.6496 105.8166 106.7409 106.109 107.5037 106.5993 107.3826 106.5338 107.0772 106.1391 98 
0.001505774 0.005148039 0.001704149 0.0009325433 0.001065036 0.001191944 0.001354617 0.00156535 0.001846564 0.002215585 0.002782246 0.003639304 7.227816e-06 101.1487 106.3701 107.0167 107.9799 108.5168 108.6324 106.9226 106.9517 107.9755 107.6854 1 
0.001483731 0.004882734 0.001707955 0.000935441 0.001070214 0.001189772 0.001349378 0.001561356 0.001828138 0.002215289 0.002794127 0.003653468 2.843423e-06 100.6426 105.9131 105.7128 106.551 107.3173 106.5639 106.7741 107.0108 106.6573 106.0847 2 
0.001501434 0.005063723 0.001702331 0.0009319371 0.00106175 0.001197576 0.001343927 0.001555672 0.001819431 0.002211741 0.002791768 0.003651668 5.013268e-06 100.7942 105.7646 107.3277 106.7054 107.8701 107.0746 107.9219 108.1791 107.4447 107.2479 3 
0.001493458 0.004984968 0.001720736 0.0009349175 0.001066395 0.001196566 0.001343703 0.001552204 0.00181617 0.002212971 0.002793231 0.003653349 2.471233e-06 100.7699 105.7767 106.6745 106.2163 107.113 106.492 107.7032 107.8138 107.4722 106.1995 4 
0.001496049 0.004987286 0.001720304 0.0009291934 0.00105951 0.001191087 0.001351631 0.001540259 0.001825372 0.002221885 0.002789079 0.003646252 5.211999e-06 100.3431 105.4248 106.655 107.388 106.4358 107.841 108.2828 107.1718 107.1239 107.2123 5 
0.001502266 0.005013184 0.001698007 0.0009395472 0.00107271 0.0011916 0.001347392 0.001553986 0.001838553 0.002215525 0.002791449 0.003650944 8.914233e-06 101.6527 106.7202 106.4432 106.98 107.509 108.2567 107.2302 107.5955 107.3625 107.4422 6 
0.00151047 0.005087987 0.001717379 0.000937091 0.001066495 0.001197707 0.0013506 0.001556897 0.001837564 0.002219187 0.002790146 0.003650066 3.837487e-06 101.6693 106.4801 107.5226 107.497 107.9996 108.4113 107.7769 107.5992 108.172 107.4954 7 
0.001483465 0.00485951 0.001701721 0.0009316928 0.001073704 0.001188845 0.00135232 0.00155759 0.001820118 0.002211883 0.00277617 0.003629557 5.415069e-06 100.1588 106.2452 105.4809 106.7265 106.8667 106.0575 106.8503 106.1566 107.4141 106.1871 8 
0.001485763 0.005002732 0.001689576 0.000937722 0.001068161 0.001195386 0.001348103 0.001562042 0.001828186 0.002218818 0.002791033 0.003649156 7.117659e-06 101.0371 105.8107 106.3818 106.4072 107.4662 106.6156 107.0641 106.6918 107.1159 106.1198 9 
0.001487648 0.004991274 0.001693048 0.0009353481 0.00106654 0.001188122 0.001349262 0.001546302 0.001827845 0.002214848 0.002796248 0.003656902 4.791174e-06 100.8864 105.8217 105.9392 106.9105 106.5872 107.4588 107.3443 107.6969 106.9635 106.2786 10 
0.001489636 0.004917683 0.001692636 0.0009381637 0.00106051 0.001198762 0.00135216 0.001550964 0.001829398 0.002216309 0.002788477 0.003645931 1.201983e-05 101.0528 105.0585 106.9224 106.7605 106.6485 107.1624 107.0925 106.8799 106.9609 106.6611 11 
0.0015235 0.005198371 0.0017077 0.0009364353 0.001067318 0.001193898 0.001351508 0.001558917 0.001822233 0.002206513 0.002787814 0.003648552 5.820872e-06 101.9369 106.9702 107.5952 108.154 108.6659 107.896 108.2589 109.0917 108.6148 108.4867 12 
0.001486692 0.004993807 0.001686611 0.0009387384 0.001070949 0.001195603 0.001346012 0.001552667 0.001821341 0.002205025 0.002776078 0.003629903 5.078368e-06 101.084 105.9997 106.2509 106.1317 106.7553 106.4605 106.6437 106.8276 107.5408 106.5131 13 
0.0014962 0.004973522 0.001695449 0.0009363565 0.001058533 0.001190472 0.001346104 0.001554162 0.0018128 0.002205427 0.002777862 0.003632195 4.685818e-06 101.0836 105.149 106.5262 106.857 107.5309 106.5094 107.6336 107.568 107.2597 107.6286 14 
0.001491756 0.004971238 0.001680381 0.0009413325 0.001067842 0.001197085 0.001348327 0.001545537 0.001821702 0.002209467 0.002783056 0.003639648 4.80025e-06 101.5402 105.8533 106.6738 106.5172 106.4109 106.9662 107.2419 107.3159 107.7396 106.5289 15 
0.00148866 0.004961757 0.001683751 0.0009383382 0.001068051 0.001197358 0.001353768 0.001564027 0.001834624 0.002215062 0.00278859 0.003646309 2.181258e-05 101.121 105.8267 106.607 106.857 107.4619 106.9271 106.51 106.6788 106.9984 106.5776 16 
0.00149634 0.005019614 0.001709306 0.0009379412 0.00106788 0.00119322 0.001343411 0.001547118 0.001825217 0.002213174 0.002790501 0.003649551 4.836046e-06 101.251 106.021 106.47 106.4054 106.9121 107.4446 107.5766 107.7274 107.397 106.806 17 
0.001498059 0.005021778 0.001698593 0.0009319857 0.00105788 0.001196845 0.001353425 0.001550156 0.001820256 0.002207379 0.002777216 0.003632463 2.505715e-06 100.6906 105.265 107.2482 107.4036 107.0699 107.0992 107.456 107.3558 108.4037 106.7311 18 
0.001514023 0.005055845 0.001676183 0.0009375355 0.001070396 0.001196996 0.001349251 0.00156031 0.001818298 0.002218836 0.00279065 0.003651363 5.329019e-06 101.8343 107.0042 107.5091 107.5465 108.4529 107.2231 108.7986 108.1529 108.6016 107.6815 19 
0.00149424 0.004981988 0.001716297 0.0009347636 0.001057664 0.001195381 0.001357249 0.001548879 0.001828525 0.002208215 0.002775646 0.003629496 5.043401e-06 100.853 105.0274 106.9237 107.5391 106.6411 107.415 106.884 106.8238 107.5026 107.2169 20 
0.00150151 0.005029729 0.001672369 0.0009291365 0.001062777 0.00119227 0.001346673 0.001553704 0.001832944 0.002210599 0.002784032 0.003641963 6.186902e-06 100.5044 105.9479 106.8876 107.157 107.7789 108.142 107.3731 107.6552 108.3164 106.9197 21 
0.001501806 0.005079687 0.00171851 0.0009351635 0.001063741 0.001188207 0.001350203 0.001558521 0.001830763 0.002209374 0.00277831 0.003633972 7.218364e-06 101.1422 105.8839 106.3933 107.4202 107.9041 107.6635 107.1735 107.2083 108.1928 107.1315 22 
0.001476478 0.00489465 0.001681398 0.0009312193 0.001069885 0.001198525 0.001356396 0.001547904 0.001827872 0.002214297 0.002784272 0.00363884 5.836179e-06 99.96364 105.6995 106.2432 106.5801 105.7242 106.5148 106.4192 106.1542 106.2048 106.3738 23 
0.001480266 0.004921318 0.001694712 0.0009313442 0.001074867 0.001196305 0.001350765 0.00156332 0.00183376 0.00221713 0.002786742 0.003643217 8.50686e-06 100.1359 106.3593 106.0808 106.3245 107.1651 106.5729 106.3353 106.0847 106.9682 105.8282 24 
0.001485244 0.005020444 0.001711557 0.0009332672 0.001072499 0.001191899 0.001347359 0.001548526 0.001821655 0.002205307 0.002769858 0.003621338 7.780701e-06 100.4227 106.1753 105.8349 106.2946 106.3942 106.5799 106.6341 106.3638 107.6772 106.4389 25 
0.001485658 0.00485231 0.001691175 0.0009332121 0.001064569 0.001188076 0.001341549 0.001548905 0.001808848 0.00220188 0.002781608 0.003637579 3.352218e-06 100.3947 105.417 105.7675 106.1101 106.8522 106.0583 107.2675 107.7342 107.0769 106.551 26 
0.001489185 0.004992521 0.001716234 0.0009388553 0.001061791 0.001192484 0.001336733 0.001547348 0.001835417 0.00220952 0.002797163 0.003657949 4.166135e-06 101.1335 105.1591 106.3095 105.686 106.9445 107.9838 106.7317 108.0077 106.2699 106.7826 27 
0.001491515 0.004970695 0.001712669 0.0009355568 0.001059812 0.001194265 0.001344131 0.001549118 0.001821712 0.002204437 0.002777049 0.003631544 4.403417e-06 100.6833 104.9561 106.4896 106.2305 106.825 106.9009 106.9 107.1613 107.7705 106.4469 28 
0.001490518 0.004974782 0.001704924 0.000933104 0.001065882 0.001198606 0.001347625 0.001546806 0.001821777 0.002204058 0.002779746 0.003634253 2.007963e-05 100.482 105.6498 106.7623 106.3573 106.4485 106.8358 106.7757 107.2908 106.8342 107.2274 29 
0.001516599 0.005223036 0.001687535 0.0009364266 0.0010666 0.001186838 0.001350521 0.001549625 0.001831239 0.002202662 0.002791057 0.003652883 7.029404e-06 101.9235 106.85 106.9123 108.2111 108.0111 108.8361 107.7192 109.433 108.2324 108.2304 30 
0.001474549 0.004900337 0.001707629 0.000941881 0.00106419 0.00118829 0.001351428 0.00155604 0.001841321 0.00221987 0.002807919 0.003671155 4.611118e-06 101.0782 104.8889 105.3677 106.4067 106.5269 107.2412 106.1527 107.0495 105.5497 105.5113 31 
0.001509612 0.005144086 0.001747631 0.0009362003 0.00106902 0.001194329 0.001354116 0.001557676 0.001827902 0.002213606 0.002796464 0.00365821 3.819416e-06 101.4913 106.6471 107.0491 107.7528 107.84 107.5999 107.7145 108.3652 107.439 107.5993 32 
0.001488293 0.004995683 0.001711272 0.000931016 0.001065905 0.001187892 0.001345399 0.001548488 0.001821667 0.002222001 0.002790427 0.003647998 3.741579e-06 100.2382 105.6683 105.8087 106.5095 106.7873 106.9455 107.9855 106.8596 107.2018 106.2304 33 
0.001470594 0.004845799 0.00170062 0.000937943 0.001055931 0.001185146 0.001337293 0.001537077 0.001818031 0.002189913 0.002761057 0.003608099 3.382494e-06 100.4618 103.9492 105.129 105.2862 105.5776 106.5487 105.7404 106.5168 106.3989 106.7168 34 
0.001505365 0.005070953 0.001725764 0.000931257 0.001063791 0.001183583 0.00135845 0.001545384 0.001833048 0.002215531 0.002786325 0.003644729 3.199059e-06 100.8511 106.1266 106.1891 108.4608 106.9717 108.4918 107.8211 107.6263 108.339 107.0149 35 
0.001510905 0.005131065 0.001738124 0.0009387039 0.001073176 0.001200757 0.00135647 0.001552182 0.001841147 0.002223394 0.002799781 0.003661463 4.597178e-06 101.837 107.0842 107.5523 107.7323 107.2632 108.5489 107.7088 107.775 107.1402 107.9126 36 
0.001506085 0.005131566 0.001752221 0.00093441 0.001065905 0.001188523 0.001333591 0.001564599 0.001829634 0.002220194 0.002791647 0.00365095 6.905563e-06 101.1574 106.2212 106.4809 106.1845 109.0225 107.7236 108.1529 107.6028 107.7006 107.2786 37 
0.001471034 0.004821571 0.001684805 0.0009312952 0.001053145 0.001190313 0.001354388 0.001544609 0.001817579 0.002207272 0.002775151 0.003626878 1.656631e-05 99.7566 103.8447 105.7707 106.6573 105.6621 106.0781 106.5241 106.1373 106.5451 105.9552 38 
0.001500819 0.005061505 0.001707988 0.0009424435 0.001066912 0.001193367 0.00134799 0.001544784 0.001829741 0.002198758 0.002779758 0.003635824 3.890088e-06 101.9065 106.0107 106.6487 106.9043 106.7301 107.9074 106.6359 108.0459 107.4727 107.6815 39 
0.001482068 0.004898782 0.00170925 0.0009370119 0.001066283 0.001199373 0.001352382 0.001555547 0.001815884 0.0022169 0.002784253 0.003639203 1.297717e-05 100.7101 105.3797 106.5268 106.3832 106.5538 105.6865 107.211 106.3026 106.6029 106.4414 40 
