0.9028118 0.8999103 0.4983992 0.09937936 0.1123296 0.1242817 0.1433965 0.1672159 0.198529 0.2480142 0.3317821 0.4979474 1 10029.97 19085.15 27440.62 34801.49 41551.31 47633.92 53011.32 57878.57 62332.62 66382.8 100926.1 1 
0.901619 0.900889 0.4991828 0.09876431 0.1111172 0.1251362 0.1411669 0.1664006 0.1987724 0.2505038 0.3356661 0.5004289 1 9977.027 18972.5 27222.25 34670.77 41254.25 47313.46 52733.75 57719.03 62257.58 66251.78 101018.5 2 
0.9006547 0.9015368 0.4998474 0.09940705 0.1097736 0.1237162 0.1418768 0.1678681 0.1973621 0.2520463 0.3347742 0.5070191 1 10035.22 19073.49 27158.75 34473.68 41111.13 47243.41 52545.14 57570.34 62029.21 66121.36 100950.8 6 
0.9017965 0.8982223 0.4994037 0.0985414 0.1092406 0.125144 0.1435314 0.1627556 0.2029815 0.2494423 0.3257374 0.5026773 1 9955.22 18932.8 27022.13 34520.39 41316.79 47152.2 52851.56 57778.95 62021.36 66248.97 101025.8 7 
0.8947917 0.8988533 0.5064893 0.09788772 0.1129083 0.1235096 0.1414671 0.1671135 0.1982253 0.2487005 0.3345616 0.4957979 1 9896.087 18751.02 27075.52 34219.24 40650.62 46547.57 51701.47 56372.8 60660.62 64355.65 101096.3 8 
0.9027568 0.9010482 0.4988186 0.09874513 0.1119841 0.125337 0.1428715 0.1642475 0.1996029 0.2495036 0.3362326 0.4952041 1 9967.418 18965.57 27308.88 34778.73 41492.1 47404.93 52898.5 57862.88 62459.46 66380.05 100940.9 11 
0.8967234 0.90089 0.5029829 0.09934503 0.108512 0.128908 0.1425366 0.1700046 0.2008551 0.2498322 0.3321533 0.4967754 1 10031.46 19026.91 26930.45 34600.5 41093.67 47144.8 52371.4 56997.75 61119.74 64804.47 100976 12 
0.8964166 0.8981334 0.5017539 0.09885807 0.1108469 0.1236624 0.1418845 0.1693831 0.1980409 0.2536573 0.3321733 0.5001156 1 9987.497 18940.46 27070.17 34276.56 40791.24 46876.96 52034.82 56930.53 61086.28 64866.56 101028.6 13 
0.8991306 0.9011751 0.499611 0.09870334 0.1111358 0.127081 0.1435088 0.166271 0.2026626 0.2511012 0.3382305 0.5070188 1 9972.781 18939.61 27149.79 34697.72 41337.83 47230.5 52691.85 57478.69 61871.16 65739.18 101037.9 16 
0.9017477 0.8992397 0.5012318 0.09947467 0.1106193 0.126901 0.1447977 0.1651525 0.2020055 0.2503114 0.336315 0.4990584 1 10047.66 19108.11 27292.57 34877.01 41677.57 47558.58 53072.66 57931.08 62385.4 66248.28 101007.2 17 
0.9025397 0.8997766 0.4997047 0.09862598 0.1103079 0.1258137 0.1424359 0.1649596 0.1990158 0.2471944 0.3346454 0.4963836 1 9953.607 18937.13 27126.13 34665.09 41364.22 47341.66 52810.96 57695.69 62296.24 66314.8 100922.8 18 
0.8983164 0.8990081 0.5014453 0.09773818 0.1103819 0.1235898 0.1424648 0.1641097 0.2019026 0.2496587 0.3320726 0.503796 1 9877.457 18750.54 26908.86 34198.02 40848.84 46700.04 52240.28 57082.09 61411.61 65435.97 101060.4 21 
0.8981664 0.9008299 0.5004194 0.100394 0.1132969 0.1242276 0.1433778 0.166977 0.2005047 0.2483581 0.3332411 0.4977528 1 10138.63 19244.82 27578.06 34777.07 41350.82 47231.04 52515.36 57163.72 61424.04 65209.37 100988.5 22 
0.9005762 0.8978715 0.499194 0.1013054 0.1112488 0.1286787 0.1461813 0.1649684 0.196999 0.2461884 0.3353911 0.5049072 1 10232.16 19446.99 27611.65 35247.25 42018.19 47741.41 52867.52 57518.57 61974.15 65992.03 101003 23 
0.9057807 0.898853 0.4964212 0.09922426 0.1101485 0.1258154 0.1434869 0.1678287 0.1989537 0.249198 0.3303768 0.5003704 1 10019.68 19095.32 27315.33 34925.37 41787.52 48021.57 53530.97 58554.84 63058.88 67280.6 100980.2 26 
0.9011924 0.9006131 0.4989179 0.09876399 0.1114608 0.1264537 0.1409335 0.1677914 0.2004302 0.2538183 0.3315696 0.5034883 1 9968.898 18952.79 27219.45 34751 41268.28 47368.28 52805.4 57832.25 62103.82 66103.22 100936.6 27 
0.8944234 0.9009345 0.5025926 0.09765541 0.1108693 0.1260146 0.1460874 0.1675373 0.1962868 0.2462204 0.3388466 0.4959328 1 9862.272 18683.32 26814.12 34193.5 40928.59 46738.38 51684.7 56189.54 60590.79 64193.17 100990.5 28 
0.8950026 0.9019505 0.5022056 0.09955502 0.1098152 0.1244269 0.1408855 0.1644319 0.19772 0.2478076 0.3352699 0.4996148 1 10056.09 19056.32 27043.63 34278.48 40666.95 46411.61 51600.4 56299.9 60684.79 64512.2 101010.4 31 
0.9044907 0.8994102 0.4976427 0.09969979 0.110668 0.1260229 0.1413208 0.1691629 0.2003317 0.2500667 0.3322209 0.49267 1 10064.52 19167.79 27395.01 34964.44 41607.9 47894.88 53416.42 58392.39 62855.91 66795.61 100948.3 32 
0.8994935 0.901235 0.5008761 0.09913684 0.1109539 0.1236964 0.1454645 0.1651636 0.1964207 0.250629 0.3348005 0.5034432 1 10009.54 19013.05 27194.19 34463.74 41307.9 47157.59 52347.63 57267.77 61704 65697.09 100966.9 33 
0.9023827 0.9015072 0.4991763 0.09975875 0.1124296 0.1257986 0.1428008 0.1661479 0.1981254 0.2520921 0.3303177 0.4991062 1 10068.77 19154.65 27500.44 34961.18 41616.03 47594.54 52932.6 57952.2 62277.94 66300.03 100931.2 36 
0.9024964 0.8985843 0.4978616 0.09877116 0.111468 0.1250044 0.1434009 0.1666354 0.1972718 0.2530973 0.333187 0.5050144 1 9976.831 18980.88 27277.41 34728.8 41491.74 47548.47 52879.09 57987.86 62426.59 66540.45 101009.6 37 
0.8998659 0.8996725 0.5013094 0.09814165 0.1122079 0.1266451 0.1427983 0.1648364 0.197937 0.2496504 0.3326548 0.5019398 1 9921.492 18849.5 27192.25 34720.28 41338.14 47187.28 52479.4 57357.92 61746.19 65765.46 101093.6 38 
0.9032185 0.900815 0.4996997 0.1016393 0.1100132 0.1241778 0.1439606 0.1688627 0.2001371 0.2506804 0.3332395 0.49836 1 10259.71 19526.47 27612.96 34962.47 41754.52 47931.11 53357.36 58277.2 62681.56 66630.96 100942.4 41 
0.8956179 0.8990878 0.502113 0.09866306 0.1130449 0.1256275 0.1425628 0.1691736 0.1996779 0.2469521 0.3434004 0.4974673 1 9972.358 18903.78 27229.24 34538.19 41005.47 46973.8 52120.7 56627.85 61133.6 64660.52 101074.9 42 
0.9042512 0.8981411 0.4988907 0.1003418 0.1102975 0.1259353 0.1448529 0.1657992 0.2003227 0.2467832 0.3354094 0.4982103 1 10136.53 19302.5 27478.53 35030.53 41914.05 47921.5 53432.92 58266.6 62873.44 66908.48 101020 43 
0.8960556 0.899322 0.5014794 0.100034 0.1114067 0.1223666 0.1422949 0.1667497 0.1999801 0.2485731 0.334072 0.4959836 1 10106.64 19162.75 27300.59 34349.54 40869.09 46762.53 52036.31 56705.32 60988.66 64711.52 101032 46 
0.9023172 0.9003502 0.4991402 0.09799512 0.1111035 0.1244601 0.1440509 0.1671503 0.2006685 0.249133 0.3380683 0.5042618 1 9890.892 18815.61 27092.69 34518.33 41353.13 47450.93 52951.66 57837.85 62436.96 66457.02 100932.5 47 
0.9045376 0.8997636 0.4982075 0.0964822 0.111416 0.1245358 0.1412237 0.1659426 0.2005944 0.2452584 0.3371002 0.5009359 1 9740.524 18551.19 26943.19 34465.16 41196.15 47375.69 53048.47 57949.31 62754.68 66947.07 100956.7 48 
0.8999673 0.8990025 0.5011021 0.09802312 0.1111395 0.1244376 0.1435094 0.1665942 0.1987304 0.2525776 0.3348974 0.5032606 1 9900.1 18809.87 27052.8 34422.71 41153.69 47152.99 52493.2 57484.05 61883.69 65837.85 100997.6 51 
0.9021403 0.899967 0.4988071 0.09772627 0.1107888 0.124508 0.1434664 0.1686775 0.2005083 0.2452711 0.3342349 0.5034921 1 9867.332 18769.05 27025.37 34466.9 41268.97 47477.14 52956.86 57677.32 62217.88 66343.74 100969.1 52 
0.9037673 0.8987692 0.4968106 0.09797576 0.109184 0.1258574 0.1423216 0.1680815 0.1986932 0.2473046 0.3331646 0.4998236 1 9889.385 18827.09 26956.25 34570.06 41333.72 47576.83 53049.81 57969.47 62556.24 66705.74 100937.1 53 
0.9041993 0.9001859 0.4983745 0.1021606 0.1106783 0.1222469 0.1462976 0.1677654 0.2005794 0.248009 0.3352805 0.4985562 1 10313.67 19639.29 27789.91 34981.91 41981.97 48093.78 53569.56 58404.34 62941.47 66926.67 100955.5 56 
0.9016352 0.9019248 0.4977408 0.09912165 0.1089639 0.1260616 0.1400012 0.1627196 0.2000292 0.2480639 0.3316879 0.4987986 1 10003.2 19022.43 27057.77 34608.33 41115.7 46978.55 52554.58 57501.29 62016.25 66138.16 100918.4 57 
0.8994407 0.9009413 0.4995197 0.09818382 0.1124498 0.1242814 0.1438824 0.1655909 0.2002397 0.2525103 0.3361417 0.4985703 1 9909.721 18822.93 27165.35 34473.73 41186.06 47073.63 52459.46 57390 61774.3 65561.77 100930.3 58 
0.9023703 0.9007344 0.4979826 0.09973581 0.1116746 0.1255766 0.1423494 0.1668069 0.2031223 0.2483497 0.3322855 0.4948549 1 10074.12 19164.71 27448.68 34912.81 41559.13 47606.91 53211.65 58005.82 62388.77 66287.47 101008.1 61 
0.9042491 0.899821 0.4973597 0.09907025 0.1109568 0.1267471 0.1418342 0.1651278 0.1936273 0.2485203 0.3352628 0.4999484 1 10002.17 19046.62 27315.32 34949.36 41618.73 47640.51 52875.2 57951.32 62681.04 66868.1 100960.4 62 
0.9060453 0.8989463 0.4984231 0.1010667 0.1093914 0.1257485 0.1431627 0.16675 0.2024729 0.2465879 0.3314882 0.5063841 1 10200.91 19443.4 27541.85 35115.44 41929.91 48083.99 53778.55 58644.91 63181.14 67504.39 100932.5 63 
0.8950838 0.9017188 0.5030914 0.09807782 0.1106745 0.1249843 0.144125 0.1654247 0.2010784 0.2504985 0.3334821 0.502854 1 9906.952 18774.5 26887.67 34193.1 40823.42 46577.88 51873.65 56565.71 60743.12 64533.16 101011.1 66 
0.8994692 0.8976721 0.5013004 0.09866234 0.1102485 0.124938 0.1412432 0.1662562 0.1959398 0.2529373 0.3311984 0.5015975 1 9964.816 18927.86 27061.44 34460.65 41007.37 47004.41 52222.5 57293.42 61629.68 65660.19 100999.2 67 
0.8955618 0.9004143 0.5025326 0.09713532 0.1105303 0.1265878 0.1420473 0.1685619 0.2013719 0.2528965 0.3338573 0.5057691 1 9809.097 18593.75 26729.42 34203.76 40692.97 46686.55 51985.29 56760.86 60897.64 64694.54 100983.8 68 
0.8996853 0.8991439 0.498489 0.09917757 0.1111944 0.1257291 0.1438064 0.1676788 0.1974146 0.2490276 0.3297154 0.5073105 1 10012.87 19021.3 27225.88 34657.84 41343.99 47342.4 52535.39 57330.89 61587.93 65731.38 100959 71 
0.9025126 0.9006681 0.498203 0.09934331 0.1096115 0.1260661 0.1432944 0.1665043 0.1967722 0.2469658 0.3365521 0.4983163 1 10033.81 19089.44 27199.55 34758.84 41513.46 47563.63 52872.66 57744.87 62404.75 66428.6 101001.3 72 
0.8982901 0.8979482 0.4996039 0.09890253 0.111725 0.1241158 0.14242 0.1657583 0.2014036 0.2450394 0.3355351 0.5007244 1 9995.159 18973.71 27218.19 34489.71 41072.42 46966.54 52398.55 56988.32 61446.31 65364.64 101060.7 73 
0.9064289 0.9002268 0.4974116 0.09952769 0.1113158 0.1254203 0.1415599 0.1664873 0.2006513 0.2469931 0.3307779 0.5008331 1 10048.81 19157.34 27485.17 35046.78 41770.36 47960.88 53618.13 58583.33 63168.2 67457.68 100965 76 
0.8965666 0.8982369 0.5018981 0.09910688 0.1097257 0.125948 0.1417185 0.1670639 0.199594 0.2494529 0.3305715 0.5001836 1 10017.44 18998.73 27025.21 34440.26 40919.84 46847.5 52112.48 56836.42 61017.27 64895.49 101077.1 77 
0.9019834 0.8993081 0.499547 0.09894767 0.1113032 0.1232127 0.1425503 0.1705584 0.2030317 0.2547218 0.3296662 0.4982003 1 9988.896 18998.71 27260.93 34549.17 41266.42 47587.16 53157.36 58180.26 62348.1 66236.01 100951.3 78 
0.8992686 0.9016428 0.4996438 0.100167 0.1108069 0.1238714 0.1418037 0.1683953 0.1985581 0.2521474 0.3305351 0.5011155 1 10111.74 19204.91 27335.75 34587.48 41138.37 47221.34 52492.76 57411.13 61633.47 65580.15 100948.8 81 
0.896602 0.8992634 0.5024733 0.09803068 0.1120403 0.1269732 0.1438353 0.1678053 0.2009137 0.248857 0.3337219 0.5055612 1 9905.097 18786.03 27054.46 34532.36 41123.69 47021.73 52273.27 56878.34 61080.3 64942.14 101040.8 82 
0.8985386 0.9010102 0.5000317 0.1003283 0.1132432 0.1243694 0.1437754 0.1658786 0.199163 0.2496708 0.3296275 0.5027168 1 10134.37 19240.5 27579.62 34803.83 41417.94 47237.77 52482.07 57233.71 61408.74 65383.65 101012.1 83 
0.8990923 0.8996283 0.499707 0.09755237 0.1108608 0.1243795 0.1444838 0.1671099 0.2034671 0.2494244 0.3258646 0.5069727 1 9853.202 18712.14 26929.02 34292.13 41085.15 47084.94 52622.33 57358.63 61422.11 65556.36 101004.2 86 
0.9047045 0.8989816 0.5010002 0.09985231 0.1109205 0.1253357 0.1435736 0.166886 0.2006306 0.2526738 0.338336 0.4924201 1 10082.62 19204.41 27456.19 34968.23 41784.03 47904.52 53457.62 58549.58 63163.29 66960.17 100975.3 87 
0.9008639 0.9010498 0.4983035 0.09893051 0.1120684 0.1235938 0.142356 0.1659464 0.1973608 0.2470218 0.3359279 0.4957787 1 9985.201 18980.51 27291.06 34566.23 41214.49 47201.31 52513.49 57345.02 61938.33 65871.42 100931.5 88 
0.9010645 0.9013862 0.4979907 0.09658542 0.1115429 0.125084 0.1407227 0.1668298 0.2002395 0.2519797 0.3352399 0.4990481 1 9749.728 18534.86 26873.2 34349.07 40926.24 47039.15 52547.51 57576.05 62057.84 65990.19 100944.1 91 
0.898551 0.8996117 0.4991652 0.09920148 0.1113314 0.1254203 0.1424392 0.1651552 0.2004032 0.2541146 0.3364788 0.5011854 1 10017.81 19019.32 27217.28 34595 41155.87 46993.98 52370.2 57342.03 61682.38 65463.72 100984.5 92 
0.8977818 0.9006433 0.4998126 0.09974761 0.1099381 0.1249477 0.1429893 0.1661417 0.199774 0.2485909 0.3388298 0.4975054 1 10073.97 19118.19 27159.6 34494.78 41094.37 46976.58 52284.31 57006.74 61489.78 65213.5 100994.6 96 
0.8949315 0.9022257 0.5024497 0.1007014 0.1115573 0.1216372 0.1423961 0.1702198 0.1956804 0.2496158 0.3358139 0.4951294 1 10172.74 19276.65 27385.83 34325.97 40814.43 46875.32 51822.24 56506.21 60794.35 64420.16 101018.9 97 
0.8986703 0.8982876 0.5011393 0.09855582 0.1118263 0.1256177 0.1425959 0.167959 0.2019611 0.2492724 0.3344522 0.4996401 1 9956.91 18904.89 27173.42 34580.79 41162 47176.26 52586 57294.6 61598.96 65409.18 101028.1 98 
0.8979532 0.9026526 0.499569 0.1005196 0.1114984 0.1273624 0.1450854 0.1665742 0.1968279 0.2513169 0.340319 0.5032696 1 10144.75 19254.26 27411.07 34886.48 41538.13 47322.46 52364.11 57143.17 61574.47 65302.64 100923.1 1 
0.9090868 0.8958935 0.4969144 0.1008322 0.1114079 0.125429 0.1424588 0.1684085 0.1995895 0.2585506 0.3372986 0.4936912 0.999999 10185.13 19444.3 27795.23 35391.25 42229.01 48583.36 54212.84 59700.84 64349.04 68272.09 101010.6 2 
0.9045523 0.8985415 0.4981356 0.09996948 0.1114971 0.1271022 0.1427448 0.163361 0.2007037 0.2498835 0.331074 0.4981347 1 10089.84 19216.62 27510.77 35143.48 41845.84 47718.06 53304.92 58309.39 62774.01 66877.37 100929.2 3 
0.8996004 0.8996125 0.499538 0.09782036 0.1109094 0.1245308 0.1413386 0.1662002 0.1991063 0.2489546 0.3343852 0.495455 1 9885.505 18778.51 27005.01 34388.24 40965.89 46980.45 52379.85 57251.37 61722.66 65604.37 101057.7 4 
0.9035884 0.8994377 0.4999498 0.09798251 0.1100284 0.1247107 0.1410508 0.1679934 0.1987258 0.2519722 0.3319365 0.4929193 1 9884.216 18815.48 27013.27 34508.11 41179.1 47437.08 52930.25 58054.54 62535.65 66504.71 100877.4 5 
0.9026212 0.9014708 0.4980661 0.1000655 0.1117501 0.1273141 0.143356 0.1639552 0.1968076 0.248336 0.3382574 0.5006901 1 10101.43 19219.2 27499.8 35095.47 41773.2 47596.11 52887.26 57797.03 62468.49 66474.06 100948.3 6 
0.9001655 0.899406 0.4993962 0.09930273 0.1131564 0.1242467 0.1443297 0.1642767 0.2016228 0.2504195 0.3267723 0.4987911 1 10030.11 19058.87 27450.57 34734.39 41464.54 47256.9 52726.37 57564.23 61698.15 65692.34 101005.4 7 
0.8969803 0.9014684 0.5011351 0.09763545 0.1109458 0.1243677 0.1428898 0.1687475 0.1961278 0.2536359 0.333574 0.5051253 1 9854.127 18693.08 26871.57 34173.24 40783.53 46836.57 51918.69 56869.4 61120.52 65026.27 100927.8 8 
0.899233 0.9023433 0.4987787 0.1001451 0.110918 0.1270038 0.1413704 0.1645546 0.1985332 0.2513183 0.3427986 0.5035349 1 10109.39 19200.08 27340.92 34843 41299.34 47099.53 52394.5 57302.07 61931.13 65733.36 100947.4 9 
0.9010587 0.9039216 0.4971198 0.0977118 0.1112366 0.1252077 0.1421756 0.1651965 0.2006402 0.2466688 0.3329743 0.4997856 1 9858.442 18741.48 27013.56 34471.13 41123.41 47084.51 52595.37 57385.46 61870.61 65924.06 100893.1 10 
0.8997489 0.8991675 0.4998242 0.09948215 0.1126707 0.1244139 0.143373 0.1645785 0.1997829 0.2545691 0.3301483 0.5091247 1 10048.36 19089.37 27423.98 34716.14 41367.77 47183.62 52557.14 57590.6 61776.82 65871.87 101006.7 11 
0.9032849 0.8988823 0.4997253 0.1008139 0.1114823 0.1258414 0.1419477 0.1644137 0.200664 0.2511566 0.3357682 0.5043286 1 10176.1 19368.02 27613.35 35091.19 41704.14 47616.04 53153.27 58159.74 62693.37 66765.02 100939.5 12 
0.9013325 0.9012302 0.4994427 0.09756681 0.1094733 0.1252856 0.1403901 0.1660288 0.2006761 0.24995 0.3265819 0.5005503 1 9847.942 18724.21 26848.38 34361.96 40932.67 47020.38 52588.5 57562.21 61842 66019.65 100935.4 13 
0.8984965 0.8996771 0.5006502 0.09836644 0.1105882 0.1264928 0.1450804 0.1669827 0.2044336 0.2508872 0.3366305 0.5060314 1 9931.639 18855.18 27008.61 34508.86 41266.91 47174.65 52683.12 57388.88 61668.55 65485.47 100965.7 14 
0.8997216 0.8999406 0.5008455 0.09902979 0.1129357 0.1276879 0.1457301 0.1675508 0.1999027 0.2552562 0.3354418 0.504145 1 9992.923 18983.77 27347.69 34903.05 41655.14 47547.47 52780.31 57704.88 61917.96 65696.38 100908.2 15 
0.9007372 0.9003846 0.4978753 0.0992599 0.1127116 0.1259465 0.1411939 0.166078 0.1953846 0.2482034 0.3347885 0.5001705 1 10023.64 19052.31 27413.39 34857.13 41357.36 47313.57 52488.18 57367.57 61904.47 65927.79 100983.8 16 
0.9026226 0.9000266 0.4993142 0.09857167 0.1123753 0.1268353 0.144612 0.1628791 0.2018725 0.2484031 0.3306989 0.5066247 1 9949.812 18930.74 27312.34 34896.59 41696.66 47461.7 53034.09 57881.29 62262.49 66471.08 100939.9 17 
0.8977441 0.9005362 0.5043405 0.09911415 0.1121141 0.1210734 0.1431473 0.1677426 0.1991464 0.2496652 0.3349139 0.4964027 1 10012.85 19001.82 27262.34 34258.18 40921.89 46945.62 52231.59 57017.51 61380.24 65151.89 101023.4 18 
0.9017192 0.896598 0.4974658 0.09777357 0.1113292 0.1231554 0.1465756 0.168529 0.1976232 0.2486549 0.3302538 0.496401 1 9876.449 18782.23 27082.52 34395.28 41424.15 47567 52850.92 57710.85 62072.11 66071.84 101013.5 19 
0.9054912 0.9006674 0.4946319 0.1000685 0.1096152 0.1243534 0.1435316 0.1648307 0.1956811 0.2465379 0.3342618 0.4949491 1 10096.96 19239.67 27374.79 34841.61 41710.25 47762.71 53158.04 58175.83 62935.91 67100.19 100900.5 20 
0.9003932 0.8999285 0.4999675 0.09878058 0.1097838 0.1240522 0.1447106 0.1662282 0.2013468 0.2506511 0.335084 0.4934101 1 9978.817 18963.68 27069.62 34427.28 41271.44 47253.74 52740.3 57621.45 62034.35 65795.38 101020 21 
0.89425 0.9007058 0.5032632 0.09895284 0.1128783 0.1256151 0.1424911 0.1677189 0.2005316 0.2450073 0.3364457 0.5017259 1 10000.1 18942.69 27218.1 34487.05 40904.66 46737.51 51903.85 56289.14 60573.67 64297.91 101059.3 22 
0.8961308 0.9011024 0.4990762 0.09976278 0.1100467 0.1280933 0.1440446 0.1686309 0.1958665 0.2513713 0.3282254 0.498985 1 10076.75 19106.84 27128.81 34676.76 41238.41 47139.38 52077.53 56817.55 60837.02 64649.96 101007.1 23 
0.9039095 0.8998979 0.4973888 0.09890024 0.1111328 0.1263444 0.1425727 0.1652672 0.2022436 0.2499667 0.3309997 0.5031423 1 9983.417 19007.52 27289.82 34882.75 41601.75 47613.8 53263.29 58226.78 62644.53 66807.26 100944.3 24 
0.8966791 0.9014506 0.5028328 0.09941542 0.1132037 0.1240161 0.1415143 0.1659437 0.1993148 0.2521907 0.3331138 0.5080755 1 10040.68 19043.95 27372.93 34547.86 40977.29 46809.26 52056.64 56893.92 61106.43 65056.82 100997.2 25 
0.9010528 0.8997919 0.4976048 0.09691386 0.1102014 0.1244818 0.1437166 0.1654087 0.197012 0.2467627 0.3357689 0.4905876 1 9791.463 18614.09 26827.18 34278.92 41102.5 47103.07 52450 57325.54 61969.56 65849.73 101032.6 26 
0.8971838 0.8999093 0.5026293 0.09832361 0.1124895 0.1243827 0.1448893 0.1692735 0.1959809 0.2569274 0.3319198 0.4984859 1 9928.981 18837.1 27142.93 34403.7 41118.76 47133.36 52138.27 57161.08 61251.74 64955.1 100982.7 27 
0.902875 0.9017375 0.5000315 0.09989413 0.1127916 0.1218583 0.1441493 0.1624467 0.1997481 0.2499533 0.3330333 0.5015788 1 10077.4 19176.03 27555.42 34696.2 41524.09 47326.67 52859.51 57869.04 62385.42 66508.89 100880.8 28 
0.8999361 0.8990694 0.5000645 0.09887273 0.1101726 0.122632 0.1431341 0.1647064 0.200972 0.2528365 0.3360641 0.4992929 1 9988.267 18977.07 27107.52 34328.69 41066.19 46987.18 52508.38 57530.59 61979.47 65844.52 101021.4 29 
0.9022361 0.8974195 0.5011426 0.09773794 0.1105024 0.1233227 0.1434222 0.1611829 0.1996683 0.248772 0.3353563 0.4936559 1 9869.436 18774 27006.35 34360.35 41190.88 46973.06 52573.51 57597.42 62259.16 66242.61 100978.6 30 
0.899073 0.9002461 0.5021628 0.09865815 0.1112773 0.124659 0.1397752 0.1665781 0.2005581 0.2499884 0.3329641 0.4997804 1 9963.027 18920.51 27139.64 34484.63 40901.61 46920.14 52366.06 57226.45 61585.68 65517.35 100985.3 31 
0.8991991 0.8989258 0.5002622 0.09846868 0.1095879 0.1257073 0.1424332 0.167464 0.1969593 0.2567013 0.3361676 0.4997667 1 9949.817 18896.68 26974.86 34452.23 41080.24 47123.71 52345.85 57506.5 61869.32 65659.2 101045.5 32 
0.9021129 0.9010196 0.4991539 0.09741282 0.1123029 0.1244622 0.1409813 0.1646054 0.1989079 0.2500176 0.3363339 0.4995069 1 9834.59 18706.5 27108.78 34522.92 41128.16 47116.44 52613.51 57642.59 62270.05 66297.11 100957.9 33 
0.9048362 0.8993142 0.4991817 0.1006061 0.1112271 0.1242741 0.1417243 0.1654223 0.1985737 0.2520625 0.3321568 0.5058544 1 10154.37 19342.41 27598.64 34998.77 41681.56 47746.31 53252.29 58408.18 62926.18 67186.38 100932 34 
0.8990945 0.9009466 0.4997449 0.1001965 0.1126915 0.1247391 0.1404899 0.1657386 0.2007964 0.2478817 0.334908 0.4967989 1 10120.62 19220.02 27522.82 34805.2 41209.7 47106.58 52516.31 57244.1 61656.98 65487.94 101007.8 35 
0.9020903 0.9012216 0.4989658 0.1011028 0.1118625 0.1250975 0.1418555 0.1678542 0.2012382 0.2476824 0.3340984 0.4981655 1 10206.32 19413.34 27663.38 35036.82 41608.71 47691.41 53154.67 57911.89 62350.75 66283.32 100949.9 36 
0.8980396 0.9022205 0.5021729 0.0980847 0.112344 0.1232494 0.1417459 0.1662204 0.2015786 0.2504082 0.3365366 0.5069453 1 9893.524 18778.3 27084 34275.3 40816.26 46754.97 52200.68 57007.69 61399.69 65337.91 100867.2 37 
0.8986057 0.9002893 0.4995246 0.1013405 0.1109931 0.1226001 0.1428218 0.1676997 0.2005731 0.2502392 0.3393882 0.4967799 1 10235.73 19433.62 27537.73 34638.54 41238.18 47234.26 52576.1 57349.77 61809.86 65478.35 101003.3 38 
0.9017267 0.8999086 0.4989958 0.09991043 0.1097262 0.1271883 0.1453481 0.1696058 0.2001585 0.2466947 0.3355056 0.4965183 1 10093.47 19195.02 27286.26 34901.16 41741.27 47881.33 53212.94 57878.1 62327.19 66170.7 101025.2 39 
0.8980991 0.9002351 0.499878 0.09726513 0.1100971 0.1252799 0.1423071 0.1672325 0.2036603 0.2444305 0.3369666 0.5008989 1 9824.426 18647.73 26786.41 34222.48 40835.81 46855.23 52405.49 56933.37 61410.48 65283.31 101006.7 40 
0.8963634 0.9013863 0.5005144 0.1000929 0.1124401 0.1242553 0.1427234 0.1660379 0.2007878 0.2492096 0.3291808 0.5043253 1 10106.81 19166.18 27397.01 34578.9 41075.68 46872.11 52153.29 56805.51 60892.3 64832.2 100974.3 41 
0.9007201 0.9018238 0.4988774 0.09672457 0.1110218 0.1226301 0.1439588 0.1659013 0.2009759 0.2498694 0.3320692 0.5037496 1 9771.634 18573.14 26860.36 34141.74 40998.35 47036.12 52580.02 57506.22 61911.92 66014.26 101025.4 42 
