0.002547822 0.007971538 0.004738618 0.0009411995 0.001067493 0.001191819 0.001352333 0.001546644 0.001841121 0.002214018 0.002789663 0.003649187 8.106028e-06 102.0279 108.8366 110.4705 112.3126 112.0818 114.1115 112.3395 113.1226 113.0609 112.5137 1 
0.002494551 0.00768664 0.004721138 0.0009367499 0.001058643 0.001195492 0.001344396 0.001553653 0.001823964 0.002207137 0.002776543 0.003629878 6.552265e-06 100.7509 106.9875 109.968 110.3726 111.7935 111.5088 111.5742 111.5034 112.0713 111.2585 2 
0.002450979 0.007610774 0.004660789 0.0009454177 0.001056119 0.001187555 0.001355296 0.001546446 0.001819844 0.002204048 0.002767152 0.003617695 1.953303e-05 101.8304 106.645 109.3621 111.4052 110.7056 111.4474 111.4725 111.0856 112.0759 111.7271 6 
0.00237398 0.007201619 0.00466456 0.000932669 0.001055991 0.001195209 0.001339984 0.001547006 0.001816053 0.002195651 0.002764499 0.003611269 6.265079e-06 99.16374 105.1892 108.2049 108.1047 109.4346 109.1872 109.1693 109.4412 110.3256 108.7684 7 
0.002491036 0.007719977 0.004710114 0.0009433331 0.001070095 0.001192209 0.001347951 0.001546528 0.001820698 0.002197641 0.002776421 0.003630734 8.473905e-06 101.6324 108.1983 109.4817 110.8711 111.0719 111.5236 111.1509 112.2665 112.1246 111.5099 8 
0.002518752 0.007936689 0.004659281 0.0009420943 0.001068637 0.001195393 0.00135073 0.001551425 0.001840277 0.002217435 0.002790075 0.003651276 3.165964e-06 102.7654 109.5791 111.3806 112.6629 113.1163 114.4804 113.2429 113.5736 113.8981 113.348 11 
0.002542559 0.007897497 0.004773602 0.0009469804 0.001065504 0.001186615 0.001351909 0.001546899 0.001827186 0.002214093 0.002788056 0.003645422 8.489204e-16 102.1139 107.933 109.479 111.754 111.3837 112.4713 112.3526 112.3633 112.2656 111.9249 12 
0.002515701 0.0078155 0.004680724 0.0009453793 0.001067367 0.001199701 0.001344082 0.001553439 0.001836966 0.002219663 0.002792513 0.003652541 3.906888e-06 102.3258 108.5119 110.9384 111.0103 112.5253 113.1038 112.5191 112.5384 112.7748 112.0992 13 
0.002471211 0.007700781 0.004688808 0.0009407558 0.001064039 0.001193605 0.001346823 0.001542903 0.001829774 0.002212563 0.002796402 0.003657402 1.386263e-05 101.3797 107.6228 109.7602 110.7 110.9033 112.3428 111.7123 112.5921 111.8047 110.8933 16 
0.002540101 0.007986331 0.004720667 0.0009412484 0.001067531 0.001192446 0.001345089 0.001563348 0.00181835 0.002203018 0.002776988 0.003632899 1.403405e-05 102.1689 108.971 110.6511 111.8257 113.7504 112.0542 112.9907 113.2507 113.3156 113.4374 17 
0.002481898 0.007841197 0.004667488 0.0009469601 0.001062117 0.001190767 0.001340647 0.001560225 0.001834856 0.002210007 0.002781153 0.003637967 5.132929e-06 102.5324 107.8929 110.1737 110.8452 112.994 112.6358 111.9831 112.3263 112.9826 111.9367 18 
0.00244673 0.007708032 0.004722465 0.0009458298 0.001058157 0.00119909 0.001353164 0.001547629 0.0018242 0.002199546 0.002781022 0.003635678 1.131049e-05 101.6298 106.5366 109.9632 110.3925 110.3548 111.0066 110.2942 111.5656 111.0583 110.6319 21 
0.002522101 0.008023043 0.004714071 0.0009377711 0.001064054 0.001189833 0.001350994 0.001559546 0.001829304 0.002214218 0.00278284 0.003640411 9.465447e-06 101.9716 108.8161 110.6134 112.5057 113.3828 113.1075 113.2405 112.8949 113.4034 113.1747 22 
0.002562571 0.007749386 0.004709645 0.000946105 0.001076475 0.001197698 0.001351254 0.001555043 0.001830711 0.002209916 0.002783274 0.003639983 6.065478e-06 102.2589 109.3891 110.535 111.8392 112.4489 112.6712 112.2259 112.6517 112.5965 112.9884 23 
0.00240292 0.007424434 0.004679228 0.0009404953 0.001058967 0.001189659 0.001349576 0.001547497 0.001824421 0.002212073 0.002787464 0.003642071 3.074299e-06 100.5728 106.0557 108.3767 109.7434 109.7882 110.4089 110.4317 110.448 109.8892 109.8415 26 
0.002511272 0.007720122 0.00471786 0.0009396445 0.001068499 0.001189963 0.001351111 0.00155176 0.001835916 0.002216552 0.00279058 0.003648715 5.059919e-06 101.2561 108.188 109.4554 111.4219 111.6092 112.6177 111.8031 111.9899 111.9932 111.4093 27 
0.002563211 0.008122292 0.004693008 0.0009423364 0.001070422 0.001189543 0.001353395 0.0015629 0.001826775 0.0022323 0.002803358 0.00366817 5.135714e-06 103.0739 110.1995 111.2802 113.6739 114.461 113.7413 115.4978 113.98 114.0921 114.1175 28 
0.002450997 0.007551762 0.004715292 0.0009433306 0.001070102 0.001188611 0.0013548 0.001552209 0.001827962 0.002216491 0.002788805 0.003643916 1.792444e-06 100.9864 107.364 108.2652 110.565 110.2069 110.7183 110.7814 110.507 110.2627 110.444 31 
0.00249891 0.007818053 0.004728034 0.0009420806 0.001067826 0.001193011 0.001335064 0.001534366 0.001825188 0.002215965 0.002797344 0.003658639 1.405934e-05 101.5993 108.1387 109.7773 109.9827 110.9067 112.6391 112.5787 112.9551 112.1741 111.3349 32 
0.002374616 0.007213508 0.004668288 0.0009354581 0.001069542 0.001194991 0.001347104 0.001548046 0.00181687 0.002200475 0.002772614 0.00362153 1.321423e-05 99.44023 106.4335 107.7153 108.571 108.9866 108.8673 109.0607 109.3338 109.4164 109.0735 33 
0.002441996 0.007419951 0.004696938 0.0009308215 0.001059354 0.001182741 0.001346506 0.001535551 0.001809198 0.002199214 0.002770731 0.00362047 2.305326e-05 99.47474 106.2901 107.8509 110.0342 109.4349 110.3888 110.9617 110.9611 110.7988 110.6201 36 
0.0025697 0.008186543 0.004733515 0.0009495301 0.001066906 0.001204863 0.001352845 0.00155729 0.001822951 0.002220089 0.002787075 0.003647096 7.003843e-06 103.6074 109.4573 112.5658 112.6619 113.6458 113.123 114.303 113.3094 114.4866 113.5173 37 
0.002546156 0.007693002 0.004694965 0.0009392427 0.001057154 0.001194828 0.001348939 0.001548253 0.001828494 0.002207823 0.002779794 0.003635823 3.848878e-06 101.3444 107.3393 110.6489 111.5293 112.0811 112.9341 112.3146 112.6309 113.2284 111.9742 38 
0.00257398 0.007843328 0.004683103 0.0009443285 0.001073488 0.001193632 0.001347071 0.001562317 0.00184581 0.002226772 0.002801932 0.003666039 5.367847e-06 102.5584 109.7157 110.8772 112.3192 113.9108 114.2313 113.3984 113.4507 113.4587 112.845 41 
0.0025515 0.007936795 0.004689755 0.0009445475 0.001060205 0.001194884 0.001352608 0.001556764 0.001836934 0.002214132 0.002797268 0.003660892 5.294214e-06 102.7402 108.4769 111.497 112.7149 113.4273 114.0398 113.1697 114.1831 113.4357 113.181 42 
0.002554818 0.007981884 0.00474737 0.0009472769 0.001068655 0.001200329 0.001351794 0.001559688 0.001826426 0.002217148 0.002793171 0.003653763 2.457767e-06 102.6895 108.8888 111.2828 111.9579 113.0265 112.4425 113.0968 112.9913 113.0037 112.5865 43 
0.002456459 0.007433433 0.004701529 0.0009474886 0.001064621 0.001192523 0.001350221 0.001542863 0.001819281 0.00219986 0.002773052 0.003623909 8.308829e-06 101.2279 106.569 108.6581 109.8906 109.5792 110.3961 110.1445 110.6929 110.8416 110.3847 46 
0.002392871 0.007463136 0.004689587 0.0009310083 0.001053515 0.001186274 0.001346381 0.001551917 0.001817645 0.002205183 0.00277065 0.003620202 5.079503e-06 99.53492 105.6146 108.1464 109.6192 110.3424 109.9551 110.4655 109.9281 110.8725 109.579 47 
0.002463922 0.007593049 0.004651733 0.0009377257 0.00106837 0.001183662 0.001345371 0.001552708 0.001837292 0.002226404 0.002799508 0.003660442 3.133883e-06 100.9774 108.0109 108.6352 110.8944 111.6263 112.491 112.2166 111.7147 112.2076 110.26 48 
0.002464349 0.007785759 0.00468578 0.0009410655 0.001069103 0.0011949 0.001354543 0.001560617 0.00183366 0.002217011 0.002789751 0.003648257 4.431069e-18 101.6175 108.3186 109.8715 111.4208 111.9766 111.8782 111.6504 111.5955 112.2446 110.9282 51 
0.002425956 0.007727402 0.004673816 0.000947742 0.001063977 0.001191447 0.001341716 0.001553829 0.001824376 0.002212617 0.002781852 0.003636699 4.518647e-06 102.1846 107.4122 109.4017 110.0254 111.4918 111.1735 111.6128 111.2428 111.5388 111.2773 52 
0.002429644 0.007370199 0.004689529 0.0009418938 0.001064365 0.001189016 0.001351935 0.001549531 0.001833541 0.002208917 0.002788622 0.003644085 5.494188e-06 100.4814 106.3881 108.037 109.8598 109.7131 110.7773 109.6537 110.5307 110.206 109.1904 53 
0.002451661 0.007480746 0.004698703 0.0009333977 0.001062315 0.001186582 0.001349752 0.001540618 0.001808786 0.002198343 0.002774936 0.00362668 1.569155e-05 99.93058 106.7662 108.3367 110.3802 109.8493 110.2769 110.995 111.369 110.8338 110.8052 56 
0.002492507 0.007712307 0.004670422 0.0009460397 0.001066804 0.001188352 0.001361803 0.001550116 0.00183233 0.002210196 0.002785032 0.003642713 2.462552e-06 102.1308 108.0903 109.5559 112.4474 111.1845 112.5739 111.6674 112.2122 112.5687 111.6402 57 
0.002573804 0.007880174 0.004695068 0.0009443959 0.001071036 0.001196116 0.001360518 0.001558642 0.001832383 0.002225491 0.002797181 0.003659149 5.229219e-06 102.4404 109.3213 111.0263 113.1436 112.9428 113.2569 113.6167 112.9364 113.3497 112.7753 58 
0.002521685 0.007731543 0.004702434 0.0009392114 0.0010615 0.001191012 0.001352586 0.001557552 0.001833478 0.00221382 0.002785955 0.003642316 1.137746e-05 101.3587 107.6953 110.0094 111.7596 112.3307 112.5813 112.067 112.1365 111.8831 112.347 61 
0.002530586 0.007706437 0.004701057 0.0009347163 0.001068159 0.001192141 0.001349129 0.001547083 0.001837429 0.002221633 0.002801227 0.003663752 3.198184e-06 100.7612 108.3485 109.8113 111.4545 111.6757 113.2496 112.4144 112.7381 112.6127 110.9884 62 
0.002376441 0.007322906 0.004656486 0.0009330827 0.001052652 0.001193565 0.001348441 0.001540356 0.001809555 0.002198875 0.002771171 0.003620122 1.535836e-06 99.55585 105.2372 108.5497 109.2173 109.0817 109.4498 110.0682 110.1414 109.7472 110.0528 63 
0.002419683 0.007376715 0.004736722 0.0009401277 0.001066237 0.001183277 0.001345769 0.001552192 0.001819593 0.002203905 0.002773331 0.003622244 3.511142e-06 100.0358 106.2617 107.0907 109.1647 109.707 109.4016 109.6726 109.6002 109.6046 109.7043 66 
0.00250132 0.007685735 0.004715035 0.0009444274 0.001064736 0.001194973 0.001346856 0.001544912 0.001836445 0.002214029 0.002791981 0.003650417 2.596021e-06 101.594 107.5244 109.8291 110.616 111.0042 112.6454 111.4174 112.1198 111.5401 111.4187 67 
0.002449246 0.007581872 0.00469712 0.0009409411 0.001066193 0.001191228 0.00134788 0.001550178 0.001834916 0.00221598 0.002793562 0.003651777 6.448657e-06 101.0124 107.3366 108.9442 110.292 110.7636 111.7394 110.9684 111.3674 110.9386 110.445 68 
0.002451941 0.007548009 0.004689248 0.0009384438 0.001059931 0.001190306 0.00133986 0.001554748 0.001838835 0.002213411 0.002784179 0.003639019 3.769587e-06 100.6818 106.6904 108.997 109.6426 111.4297 111.8837 110.6952 110.9062 111.2319 110.2771 71 
0.002524483 0.007726347 0.004758531 0.000940428 0.001067435 0.00119774 0.001354573 0.001544946 0.00182506 0.00219758 0.002774519 0.003627068 2.31016e-06 101.0181 107.7376 109.8683 111.0857 110.6359 111.7142 110.6895 111.8746 111.5803 111.7364 72 
0.002548464 0.007968171 0.004711823 0.0009437062 0.001063192 0.001196235 0.001351147 0.00155257 0.001830742 0.002213512 0.002783405 0.00364191 6.373828e-06 102.5457 108.6527 111.3437 112.3585 112.9311 113.5178 113.1773 113.123 114.0616 112.7549 73 
0.002513266 0.007561669 0.004669471 0.0009383768 0.001061959 0.00119606 0.001356446 0.001543756 0.001831173 0.002216399 0.002784917 0.003641529 1.213201e-05 100.9321 107.3917 110.1029 111.5687 110.8654 112.6195 111.989 111.6915 112.6423 111.1286 76 
0.002575439 0.007964494 0.004723955 0.0009406182 0.001063135 0.001189559 0.001343712 0.001544949 0.001815559 0.002204671 0.002769877 0.003623878 8.773072e-06 102.1811 108.7382 110.8175 112.1628 112.8639 113.1296 113.7984 113.3612 114.4533 113.5756 77 
0.002467052 0.007639324 0.004676084 0.0009372531 0.001070864 0.001194463 0.001348913 0.001554429 0.001826081 0.002205408 0.00278356 0.00364003 7.780726e-06 100.974 108.3098 109.5475 110.8211 111.5818 111.495 111.2443 111.9911 111.8619 111.2428 78 
0.002447559 0.007391282 0.004680157 0.0009447562 0.001065297 0.001185105 0.001343611 0.001546759 0.001821143 0.002203311 0.00277272 0.003622573 1.533454e-05 100.917 106.6341 107.9222 109.6008 110.1109 110.4826 110.4328 110.5421 110.3847 110.963 81 
0.0023986 0.007473488 0.004689192 0.000938809 0.001061767 0.001195144 0.001349349 0.001549073 0.001813161 0.002210662 0.00278196 0.003634823 2.964896e-06 100.3432 106.2917 108.6822 109.4514 109.7885 109.4327 110.6919 110.1147 110.2732 109.6554 82 
0.002521209 0.00768987 0.004652297 0.0009497585 0.00106919 0.001193657 0.001350082 0.00155858 0.001833233 0.002221138 0.002791705 0.003651107 8.727966e-06 102.7888 108.6428 110.4224 111.7808 112.7105 112.7294 112.832 112.4043 112.5938 112.5696 83 
0.002517107 0.007668824 0.004668505 0.0009508047 0.001068143 0.001201017 0.001355137 0.001562503 0.001833421 0.002225384 0.002801775 0.003664011 9.664494e-06 102.6865 108.2692 110.8516 111.6107 112.4611 112.1137 112.5147 112.1714 111.974 111.6983 86 
0.002546272 0.007685177 0.004721383 0.0009455376 0.001066764 0.001187794 0.00134552 0.001546296 0.001814986 0.002196067 0.002766515 0.003617974 1.293607e-05 101.7821 107.9268 109.4508 111.1675 111.5801 111.7 111.9258 112.3681 113.0437 112.2947 87 
0.002570586 0.007869612 0.004741492 0.0009399911 0.001064415 0.001196326 0.001357171 0.001557654 0.001830549 0.002214327 0.002783307 0.003640016 3.851435e-06 101.6457 108.3471 110.8493 112.4668 112.691 112.8654 112.6985 112.4575 112.9383 112.7741 88 
0.002654331 0.008207129 0.004701341 0.0009489289 0.001068055 0.001193497 0.001356496 0.001551194 0.00183553 0.002224993 0.002801125 0.003667374 8.88826e-06 104.2716 110.6861 112.8098 114.9457 114.7017 116.1311 115.9272 115.8283 115.4406 115.8912 91 
0.002520542 0.00796243 0.004685815 0.0009428635 0.001068732 0.001197007 0.001355136 0.001547836 0.001841465 0.00222871 0.002818575 0.003689471 6.045515e-06 102.5741 109.2841 111.2284 112.6488 112.3451 114.337 113.4911 114.284 112.8067 112.2958 92 
0.002462972 0.007593391 0.004661592 0.0009373633 0.001063095 0.001191642 0.001351171 0.001562524 0.00183198 0.002213237 0.00278616 0.003642387 1.997695e-05 100.9159 107.4511 109.477 111.0293 112.1057 111.6045 111.4107 111.4657 111.3342 111.4651 93 
0.002632704 0.008251561 0.004719816 0.0009531682 0.001073334 0.001196048 0.001352739 0.001560727 0.00183969 0.002222816 0.002796206 0.003661511 5.162202e-06 104.7673 111.1125 112.7711 114.3396 115.2631 115.6236 115.232 115.2641 115.6583 115.2897 96 
0.002441934 0.007605442 0.004698461 0.0009347854 0.001060145 0.001190732 0.001352091 0.001551607 0.00182764 0.002196268 0.002782977 0.003638428 3.71189e-06 100.3394 106.7941 109.0173 110.6402 110.7869 111.2708 110.1143 111.9898 110.6221 111.0029 97 
0.002501847 0.007714703 0.004709468 0.0009376544 0.001074307 0.001191761 0.00135257 0.001554382 0.001829209 0.00221467 0.002790935 0.003649164 1.112523e-05 101.0228 108.7492 109.3439 111.4168 111.6226 111.9037 111.8412 112.0141 111.7262 111.5632 98 
0.00262374 0.008006235 0.004708679 0.0009442528 0.001065683 0.001197198 0.001358796 0.001555307 0.001829465 0.002214619 0.002792948 0.003654974 1.841611e-16 103.0112 109.5856 112.2165 113.9635 113.8901 114.3875 114.3143 114.6831 114.0416 114.7378 1 
0.002538201 0.007992436 0.004716423 0.0009423095 0.001066153 0.001190196 0.001356409 0.001557769 0.001825958 0.002208862 0.002779694 0.003636863 8.39962e-06 102.3257 108.8564 110.5319 112.8501 112.9015 112.7996 112.8748 112.9121 113.8515 112.5928 2 
0.002555534 0.007750834 0.004709601 0.0009468427 0.001067299 0.001189256 0.001347184 0.001553554 0.00181988 0.00221416 0.002792284 0.003652039 8.004047e-06 102.2644 108.3645 109.987 111.6753 112.4688 112.1271 113.1656 113.091 112.5247 112.5175 3 
0.00250249 0.007767937 0.004703485 0.0009445704 0.00106192 0.001196255 0.001350405 0.001556425 0.001820557 0.002212753 0.002786883 0.003644457 2.449237e-06 101.9145 107.5793 110.3725 111.1899 112.0794 111.4743 112.3719 112.1391 112.3939 111.5547 4 
0.002539327 0.00784442 0.004729704 0.0009384245 0.001066373 0.00119845 0.001348078 0.001554323 0.001822964 0.002212492 0.002790784 0.003650043 2.506459e-06 101.3902 108.3808 110.7183 111.368 112.4812 112.1727 112.7386 112.9257 112.4426 112.3924 5 
0.002470265 0.007624254 0.004748728 0.0009428004 0.001065292 0.001191772 0.001358007 0.001561206 0.001817979 0.002209659 0.002789644 0.003646169 2.253078e-06 100.9028 106.9281 108.7569 110.798 110.8801 109.8219 110.8563 111.0389 110.6587 110.0853 6 
0.002465139 0.007642425 0.004675317 0.0009381609 0.001068666 0.001192306 0.001347493 0.001556376 0.001824463 0.002200911 0.002777119 0.003631014 1.81702e-06 100.9307 107.9124 109.2612 110.5969 111.6111 111.1744 110.9162 111.7241 111.5714 111.4749 7 
0.002540778 0.007676058 0.004686406 0.0009514814 0.001063596 0.001193412 0.001352088 0.001561102 0.001831535 0.00221815 0.002799633 0.003661292 1.879691e-05 102.6438 107.7639 110.3484 111.7039 112.6342 112.3435 112.525 112.8825 111.8102 112.4136 8 
0.00241144 0.007622983 0.004730837 0.0009324586 0.001064747 0.001200676 0.001339039 0.001555838 0.00182807 0.002214393 0.002785056 0.003638743 1.425599e-05 99.8846 106.945 109.3131 108.7394 110.9518 110.4009 110.5173 110.2177 110.1024 110.1379 9 
0.002633289 0.008148212 0.004743151 0.0009459474 0.001065852 0.00119586 0.001351999 0.001552043 0.001825604 0.002222912 0.002774027 0.003629965 6.413969e-06 103.1873 109.5877 112.0971 113.4358 113.8988 114.289 115.1653 113.0746 115.3716 114.7659 10 
0.002482775 0.007625509 0.004700033 0.0009392069 0.001063076 0.001189792 0.001339708 0.001541427 0.00182792 0.002199459 0.002777745 0.003631726 2.637856e-06 100.9431 107.2773 109.1953 110.0367 110.8549 112.1221 110.8944 112.1444 111.6767 111.3067 11 
0.002524279 0.00773171 0.004671011 0.0009458976 0.00107333 0.001201049 0.001352077 0.001561911 0.001826472 0.002230554 0.002802531 0.003665527 3.909996e-06 102.2403 108.9911 110.7858 111.5659 112.7238 111.8788 113.4251 112.17 113.4615 110.7732 12 
0.002598727 0.007869488 0.004726685 0.0009419428 0.001065355 0.001190234 0.001348843 0.001547992 0.001823561 0.002213909 0.002780196 0.003637004 1.150937e-05 101.9952 108.6686 110.6111 112.3974 112.714 113.3402 113.7177 113.0945 114.2398 112.9253 13 
0.002555519 0.007885362 0.004690204 0.0009397857 0.001066629 0.001192335 0.001350138 0.001557161 0.001834667 0.0022101 0.002789661 0.003650583 3.591611e-06 102.0422 109.0125 110.8435 112.4909 113.391 113.7192 112.916 113.8488 113.5845 113.0959 14 
0.00257 0.007726092 0.004679212 0.0009397274 0.00106198 0.001199696 0.001347253 0.001547615 0.001826758 0.002204106 0.002769074 0.003623155 2.722849e-06 101.5807 108.1077 111.2908 111.6375 112.5179 113.2388 112.6254 112.7381 114.4954 112.5307 15 
0.002561961 0.007830137 0.004717079 0.0009422565 0.00106348 0.001188993 0.00134845 0.001554693 0.001829187 0.002233293 0.002798106 0.003658855 2.371475e-06 101.9119 108.233 110.248 112.0237 112.8282 113.0426 114.2212 112.3645 113.1534 112.3117 16 
0.002602696 0.008068981 0.004742581 0.0009464166 0.001059227 0.001197488 0.001354789 0.001565324 0.001834983 0.002231166 0.002807566 0.00367372 5.540055e-06 103.1081 108.6772 112.1923 113.2474 114.4617 113.9939 114.7316 113.9977 113.853 113.3537 17 
0.002480125 0.007709918 0.004718151 0.0009363971 0.00107427 0.001198991 0.001357706 0.001553715 0.001830683 0.002223867 0.002793711 0.003651796 8.387802e-06 100.8201 108.6178 109.79 111.3323 111.1059 111.6364 111.8721 111.1181 111.3571 111.1568 18 
0.002429458 0.00758919 0.004668283 0.0009452742 0.001057999 0.001191323 0.001346218 0.001548517 0.001814029 0.002199148 0.00276225 0.003611131 1.751077e-05 101.6613 106.5994 109.3501 110.2094 110.8246 110.5828 111.1158 110.8004 112.0208 111.2609 19 
0.002438373 0.007502844 0.004683091 0.0009352744 0.00106745 0.001186998 0.001346493 0.001546945 0.001825175 0.002214058 0.002780085 0.00363281 3.580254e-06 100.2208 107.3091 108.2518 110.1083 110.3675 111.0422 111.1455 110.499 110.8957 110.6367 20 
0.002590713 0.008107518 0.004754992 0.0009457089 0.001066652 0.001194894 0.001336747 0.001555688 0.001829531 0.002202958 0.00277952 0.003637201 2.683376e-06 102.9106 109.2455 111.443 111.5879 114.0656 113.6938 113.131 114.1446 114.0878 113.7828 21 
0.002428115 0.007474839 0.004665506 0.0009357641 0.001057392 0.001186968 0.001347372 0.001552238 0.001826834 0.002210491 0.0027878 0.003643967 5.800114e-06 100.3106 106.3372 108.6059 110.2128 110.8662 111.1118 110.9708 111.2771 110.7467 110.4294 22 
0.002602301 0.007988606 0.00474675 0.000940978 0.001064029 0.00118989 0.001339512 0.001554713 0.001827872 0.002211261 0.002786551 0.003645826 7.500896e-06 102.0377 108.7136 110.7635 111.7924 113.7472 113.5497 113.6257 113.8956 113.9782 113.1693 23 
0.002455842 0.007580854 0.004694437 0.0009380853 0.001069375 0.001184392 0.001349573 0.001550804 0.001835023 0.002224774 0.002793169 0.003650478 1.03202e-05 100.6928 107.6971 108.2299 110.7143 110.7842 111.8113 111.572 110.785 111.1368 110.3836 24 
0.002579333 0.007895232 0.004716478 0.0009405988 0.00106579 0.001199023 0.001360927 0.001562361 0.00183369 0.002214625 0.002794096 0.003655766 5.131336e-06 102.0004 108.8372 111.443 113.0967 113.3177 113.2816 112.9318 113.4757 113.2435 112.8895 25 
0.002511045 0.007732892 0.004683828 0.0009378341 0.001065817 0.001195737 0.001349264 0.001556332 0.001831148 0.002217684 0.002793342 0.003652975 2.311544e-06 101.285 108.2126 110.3348 111.3814 112.3931 112.4627 112.4594 112.4544 112.17 112.0184 26 
0.002447648 0.007560591 0.004708508 0.0009414313 0.001063465 0.001194269 0.00134656 0.001555826 0.001820778 0.002220568 0.002786011 0.003639976 3.078963e-06 100.8455 106.8046 109.042 109.7955 110.9431 110.2668 111.5713 110.2552 110.5327 110.6767 27 
0.002560521 0.008013118 0.004707495 0.0009404494 0.001071708 0.001199046 0.001360365 0.001558061 0.001833101 0.002224442 0.0027949 0.00365708 2.914988e-06 102.3847 109.8128 111.5504 113.3351 113.2179 113.6085 113.7973 113.1512 114.0364 112.8239 28 
0.002524005 0.007845876 0.004698733 0.0009443088 0.001069187 0.001191981 0.00135439 0.001556441 0.00181521 0.002210474 0.002776541 0.003631831 2.661959e-06 102.2227 108.746 110.2205 112.2064 112.4224 111.6608 113.0454 112.2484 113.4055 112.522 29 
0.002426098 0.007473808 0.004683936 0.0009370788 0.001066568 0.001190086 0.001350344 0.001551511 0.001827348 0.002195556 0.002774848 0.003627283 7.742842e-06 100.3745 107.1211 108.4737 110.1898 110.4259 110.8249 109.6943 111.1363 110.8778 110.4442 30 
0.002574965 0.008150565 0.004716568 0.0009506572 0.00107103 0.00120371 0.001356923 0.001565825 0.001827782 0.002221154 0.002799614 0.003664499 5.264881e-06 103.846 110.0107 112.4999 113.2378 114.2694 113.2295 114.2161 114.068 114.2692 113.3823 31 
0.002501319 0.007835426 0.004654576 0.0009453683 0.001059379 0.00120168 0.001349575 0.001560598 0.001837061 0.00221699 0.002784924 0.003643148 1.246775e-05 102.7212 108.1044 111.776 111.7586 113.3216 113.2812 112.7246 112.5424 113.1144 113.0037 32 
0.002517553 0.008054435 0.004726269 0.0009412725 0.001060913 0.001196195 0.001346432 0.001538832 0.001818754 0.002207735 0.002777314 0.003632739 8.844907e-06 102.2399 108.3065 111.1659 111.6961 111.8346 113.0498 113.2898 113.1533 113.3582 113.4717 33 
0.002487185 0.007746161 0.004702875 0.0009407933 0.001069365 0.001191414 0.001352099 0.001557532 0.001836657 0.002203059 0.002798868 0.003661251 2.395452e-06 101.4224 108.2305 109.4813 111.3179 111.8289 112.2381 110.7296 113.1882 110.9789 111.5116 34 
0.002480163 0.007520747 0.004669488 0.0009448555 0.001072449 0.001195307 0.001347925 0.001551849 0.001818257 0.00220767 0.002778913 0.003633404 6.470418e-06 101.5597 108.1434 109.4551 110.5282 111.2036 110.862 111.5751 111.4605 112.0606 111.1643 35 
0.002532264 0.007747573 0.004727967 0.0009479562 0.001062251 0.001193342 0.001345845 0.001559508 0.001822906 0.002211474 0.002777763 0.003631367 3.641871e-06 102.1746 107.5268 110.1467 110.9599 112.5088 111.5764 112.2958 111.7088 112.1707 112.3522 36 
0.002588924 0.008135601 0.004682829 0.000948296 0.001065386 0.001192669 0.001353913 0.001555707 0.001822704 0.002214968 0.002788596 0.003651217 2.654098e-06 103.9507 109.9331 112.1926 114.0085 114.3715 114.2578 115.1322 114.8778 115.4875 114.5102 37 
0.002548335 0.007974585 0.004689277 0.0009458835 0.001067166 0.001201481 0.00134859 0.001554695 0.001830633 0.002222536 0.002788831 0.003649166 1.136738e-05 102.9167 109.1755 111.8594 112.1073 113.294 113.473 113.8367 112.9748 114.3214 112.7708 38 
0.002382505 0.007379696 0.004652396 0.0009351452 0.00105934 0.001187124 0.001358429 0.00154552 0.001827867 0.002219106 0.002791204 0.003647262 3.506247e-06 100.0278 106.1696 108.1014 110.5685 109.3777 110.7665 110.6958 110.1993 110.1994 109.5037 39 
0.00253127 0.007449731 0.004694063 0.0009360126 0.001066417 0.001190601 0.001349539 0.001547252 0.001824765 0.002221583 0.00278643 0.003641619 7.618302e-06 100.3563 107.5538 109.1871 110.9841 111.1247 111.8489 112.4497 111.2418 111.7246 111.4741 40 
0.002488431 0.007681669 0.004728031 0.0009347264 0.001071927 0.001190816 0.001352227 0.001563161 0.001817237 0.002215065 0.002786477 0.003641624 3.306602e-06 100.4889 108.2601 109.0014 111.0827 111.9544 110.4267 112.0342 111.2644 110.9888 111.6469 41 
