1 0.4511443 0.07530216 0.1824214 0.1173785 0.1295386 0.143656 0.1668878 0.1950009 0.2633502 0.3322213 0.5094877 1 20218.32 40436.64 51072.86 61433.17 71434.24 81383.62 91068.87 101598.3 111383.2 121403.9 110833.1 1 
0.9999998 0.4263065 0.07839186 0.1863011 0.1225346 0.1275663 0.1404162 0.1794187 0.1925757 0.247642 0.3375801 0.4971616 0.9999997 20917.2 41834.39 53029.04 63255.31 73075.74 83861.97 93362 103225.9 113342.3 123211.5 112276.3 2 
1 0.392629 0.08348951 0.2018516 0.1242355 0.1279712 0.1473273 0.1666962 0.2049864 0.2443821 0.3316182 0.5042035 0.9999996 23054.43 46108.86 57434.2 67650.78 77907.46 87802.82 97942.74 107553.4 117407.7 127421.9 114214.7 6 
0.9999992 0.4123017 0.08090687 0.1920274 0.1279351 0.1187668 0.1412167 0.1662781 0.2033513 0.2484672 0.3251811 0.4942299 0.9999979 21749.94 43499.85 55207.78 64686.14 74617.64 84660.26 94899.79 104866.9 114670.2 124724.7 113264.7 7 
1 0.4126509 0.08075654 0.1887434 0.1229936 0.126143 0.1441843 0.1627 0.2040436 0.2441874 0.3449845 0.5218379 0.9999992 21326.68 42653.36 53927.74 64068.62 74197.72 83979.55 94251.13 104035.4 114483 124834.5 112993 11 
0.9999997 0.4235245 0.07849468 0.1895506 0.1173782 0.121378 0.1489376 0.1668777 0.1984447 0.251774 0.3307753 0.4869659 0.9999999 21365.81 42731.62 53454.38 63241.03 73792.19 83853.52 93821.46 103958.5 113923.2 123740.7 112718.2 12 
0.9999991 0.424507 0.07789833 0.188429 0.122715 0.1241513 0.1465478 0.1688921 0.2001307 0.2422746 0.3374109 0.4793564 0.9999997 21192.02 42384.03 53584.78 63526.02 73803.77 83912.73 93868.34 103508.4 113681.3 123257.3 112466.9 16 
0.9999999 0.4303715 0.07881044 0.1878735 0.116353 0.1282743 0.1414918 0.1650029 0.2036495 0.2369111 0.3349522 0.4874339 1 21108.11 42216.21 52832.8 63175.3 73120.13 83076.52 93337.26 102843 113098.5 123023.8 112352.8 17 
0.9999999 0.4371192 0.0774922 0.1848781 0.1231113 0.1269847 0.134748 0.1691998 0.1995243 0.2561862 0.3295499 0.5114666 0.9999992 20647.62 41295.25 52502.65 62639.49 72030.14 82232.85 92228.44 102501.9 112331.7 122560.1 111682.4 21 
0.9999993 0.4331265 0.07632298 0.181345 0.1232931 0.1279517 0.1451307 0.1700341 0.1974861 0.2571806 0.3312712 0.4919595 0.999999 20304.24 40608.48 51909.56 62191.65 72361.96 82548.13 92367.21 102629.1 112447.7 122198.7 111964.8 22 
1 0.4137088 0.08270808 0.1938331 0.124351 0.1273221 0.1443323 0.1703072 0.2000156 0.252861 0.3425801 0.5037851 1 21852.67 43705.33 55007.21 65140.16 75164.34 85285.35 95147.51 105121.6 115217.6 124978.3 112739.6 26 
1 0.4144357 0.08026164 0.1891012 0.1241559 0.1327943 0.1385486 0.1640886 0.2010937 0.2480183 0.3232732 0.493167 0.9999998 21393.32 42786.64 54176.49 64846.29 74500.17 84349.54 94439.49 104381.4 114126 124186.1 113131.6 27 
0.9999998 0.3994663 0.08301203 0.2004989 0.1176119 0.1286756 0.1499764 0.1633026 0.1995785 0.2501093 0.3344766 0.4938744 0.9999989 22827.41 45654.81 56360.5 66695.7 77191.75 86906.38 96840.19 106804.6 116797.3 126617 113853 31 
0.9999999 0.3981409 0.0827613 0.1986631 0.1260242 0.1260601 0.147167 0.1627764 0.2041658 0.2419803 0.3453535 0.4998628 0.9999997 22622.87 45245.74 56745.79 66799.41 77056.81 86732.5 96893 106476.7 116844.8 126668.9 113875.6 32 
1 0.4156131 0.07913419 0.1939607 0.1203386 0.1276221 0.146278 0.1684121 0.2012229 0.2455068 0.3282089 0.5022344 1 21882.72 43765.44 54708.75 64917.8 75125.85 85159.38 95128.71 104844.5 114644.4 124718.5 112820.4 36 
0.9999999 0.4007043 0.08391744 0.1998355 0.1260986 0.1255255 0.1434235 0.1641003 0.1985833 0.2606651 0.3243792 0.500899 0.9999998 22735.06 45470.12 56949.34 66935.46 76913.21 86692.05 96583.84 106989.6 116563.4 126551.5 113768.9 37 
0.9999993 0.441932 0.07787998 0.1847103 0.1141344 0.1283943 0.1414994 0.1658625 0.198394 0.2495716 0.3385779 0.491539 0.9999993 20608.99 41217.96 51600.25 61946.65 71885.1 81886.3 91864.9 101927.2 112171.2 122007.9 111574.7 41 
0.9999999 0.4125955 0.08203644 0.1988133 0.1180394 0.1323085 0.1407079 0.1716939 0.1962314 0.2502711 0.3345082 0.5037598 0.9999995 22453 44905.99 55586.44 66144.87 75887.93 86103.73 95774.86 105688.9 115623.5 125580.1 112935.1 42 
0.9999981 0.4134792 0.08149961 0.1918392 0.123012 0.129115 0.1320476 0.1751465 0.1930628 0.2524181 0.3223154 0.4873084 0.9999995 21735.38 43470.72 54734.18 65102.15 74336.52 84967.51 94633.51 104831.3 114566.1 124540.2 113300 46 
1 0.4001821 0.08279819 0.1948878 0.1249741 0.1320264 0.1409346 0.159416 0.2019144 0.255622 0.3262478 0.5039225 0.9999997 22204.64 44409.27 55873.26 66470.6 76289.45 85830.6 95988.81 106252.4 116003.2 126150.6 113935.5 47 
1 0.4017327 0.08250289 0.1931294 0.1249991 0.1274427 0.1375823 0.1646189 0.205335 0.2535094 0.3237136 0.5080755 0.9999998 21986.36 43972.73 55454.67 65697.8 75346.6 85303.15 95677.87 105856.6 115559 125857.7 113842.6 51 
0.9999976 0.4242138 0.07920363 0.1896505 0.1230778 0.1198667 0.1470545 0.1667185 0.1916045 0.2522391 0.3298268 0.4879181 0.9999981 21365.1 42730.16 53965.83 63561.53 73922.61 83941.74 93536.68 103747.8 113731.8 123630 112655.1 52 
0.9999999 0.4270871 0.07778785 0.1906613 0.1214315 0.1241361 0.1485909 0.1596661 0.2037272 0.2464762 0.3308603 0.5037986 0.9999996 21431.51 42863.03 53910.21 63832.1 74234.28 83750.92 93954.95 103785.1 113728.3 123859.3 112406.2 56 
1 0.4105501 0.08103998 0.1967675 0.1244452 0.1270035 0.1412718 0.1624123 0.2019762 0.2527707 0.340432 0.5041124 1 22270.31 44540.62 55854 65963.12 75779.82 85471.18 95565.95 105647.8 115793.8 125703.3 113180.9 57 
0.9999998 0.4240822 0.07947926 0.1901281 0.122835 0.1254023 0.1420377 0.1723818 0.1989681 0.2515239 0.3387239 0.496779 0.9999997 21360.74 42721.47 53898.02 63906.59 73821.28 84144.97 94006.78 103993 114058.8 123821 112349.1 61 
0.9999977 0.4228857 0.07887412 0.1880145 0.1281369 0.1198367 0.1478315 0.1659948 0.1973454 0.2439557 0.3374153 0.4863173 0.9999988 21175.7 42351.35 54069.67 63624.59 73999.09 83926.11 93768.92 103535.2 113747.7 123500.4 112628 62 
0.9999988 0.4310566 0.07790895 0.1861935 0.1224828 0.1270507 0.1434229 0.1675819 0.1972736 0.2526751 0.3310367 0.490712 0.999999 20874.87 41749.72 52924.87 63096.97 73120.96 83153.59 92984.59 103092.4 112988.9 122802.6 112113.9 66 
0.9999984 0.4240518 0.07710773 0.1877348 0.1237911 0.1218267 0.1443943 0.1687985 0.2014704 0.2413854 0.3350537 0.4847532 0.9999992 21137.83 42275.64 53597.04 63359.51 73520.77 83684.16 93767.1 103413.8 113571.6 123343.8 112594.1 67 
0.9999979 0.3851531 0.08570992 0.2032307 0.120642 0.1296543 0.138257 0.1650286 0.2080342 0.2424842 0.3426818 0.4666091 0.9999993 23386.35 46772.66 57833.8 68287.1 77988.71 87967.85 98471.48 108167.5 118547.4 127837.6 115072.9 71 
0.9999996 0.4242419 0.07925349 0.1937104 0.1175176 0.1285583 0.1440176 0.1655389 0.2073539 0.2455267 0.3291965 0.4939757 0.9999997 21784.64 43569.27 54225.18 64512.3 74554.92 84435.82 94763.78 104457.3 114263 124133.2 112459.8 72 
0.9999982 0.4223099 0.07997304 0.1887304 0.1228289 0.1251269 0.1417602 0.1683765 0.1922146 0.2499518 0.3317487 0.4885446 0.9999984 21285.45 42570.86 53809.23 63851.61 73805.32 83951.91 93584.66 103703.2 113776.1 123688.8 112782.3 76 
0.9999985 0.3951361 0.08234953 0.196022 0.1220549 0.124698 0.1434825 0.166655 0.2018672 0.2526695 0.3210748 0.4792896 0.9999989 22444.24 44888.45 56124.07 66201.91 76351.87 86449.5 96642.24 106824.7 116494.5 126294.6 114498.6 77 
0.9999999 0.4099637 0.08060894 0.1940328 0.1201972 0.1284251 0.1374742 0.1736147 0.1958508 0.2483427 0.3358746 0.5011866 0.9999997 21978.47 43956.93 54930.14 65245.28 74869.17 85352.23 95124.81 105089.7 115219.9 125258.9 113271.9 78 
1 0.4012 0.08460227 0.1948983 0.1260484 0.1251729 0.1455898 0.1678553 0.1951318 0.2477317 0.3399997 0.4964288 1 22171.44 44342.88 55887.34 65906.57 76101.33 86143.97 95858.9 105785.9 116035 125911.7 113759 81 
0.9999999 0.4032618 0.08172574 0.1990475 0.1216812 0.1250202 0.1454265 0.1737196 0.2017767 0.2470808 0.3422 0.4984352 0.9999995 22581.8 45163.59 56220.46 66198.39 76353.91 86721 96670.62 106395.8 116537 126253.5 113449.3 82 
1 0.4280163 0.07645953 0.1891919 0.1201909 0.1257487 0.1481733 0.1613525 0.1986971 0.2685989 0.3307112 0.5157202 0.9999997 21195.75 42391.49 53309.31 63359.08 73711.9 83315.1 93232.8 103975.7 113650 123747.2 112033 86 
0.9999979 0.4469166 0.07479893 0.1830073 0.1179831 0.1239371 0.1446281 0.1595345 0.2088476 0.2563195 0.3257332 0.4885682 0.9999994 20386.38 40772.71 51510.29 61458.92 71629.59 81225.91 91784.35 102036.4 111725.3 121524.1 111396.5 87 
0.9999992 0.4024237 0.08244943 0.1985382 0.1212851 0.1251908 0.1404057 0.170825 0.2029046 0.2502891 0.3217086 0.497617 0.9999982 22593.42 45186.83 56248.65 66281.85 76125.7 86420.65 96560.02 106529.5 116136.4 126215.8 113798.9 91 
0.9999999 0.4262013 0.0785772 0.1882374 0.1211952 0.126836 0.1451864 0.1701949 0.1970601 0.247861 0.3343361 0.5060218 0.9999992 21140.44 42280.88 53329.87 63491.7 73648.37 83825.92 93604.4 103480 113499.3 123593.6 112307.4 92  
0.9999999 0.4272758 0.07818042 0.1823022 0.1272052 0.1271795 0.1418675 0.1682684 0.2022571 0.2482909 0.343405 0.5015568 0.9999995 20446.34 40892.68 52558.67 62738.61 72650.04 82738.16 92823.59 102700.4 112968.9 122816.3 112156.3 96 
0.9999996 0.3923114 0.08505818 0.1982887 0.126292 0.1292451 0.1362914 0.1765852 0.192622 0.2578086 0.3188703 0.4973117 0.9999996 22693.59 45387.16 56974.9 67335.92 76849.7 87496.17 97058.77 107392.2 116878.1 126954.8 114447.2 97 
0.9999998 0.4143886 0.08110548 0.1939303 0.122693 0.1292815 0.1345146 0.1713663 0.2070429 0.2441266 0.3386095 0.4956961 0.9999997 21914.12 43828.23 55003.81 65334.71 74694.13 85013.77 95345.23 105005 115132.4 124938 112999.9 1 
0.9999998 0.4137301 0.08072639 0.1882062 0.1267084 0.1244855 0.1411403 0.1666121 0.199692 0.2548174 0.3216007 0.5057933 0.9999996 21285.64 42571.28 54204.6 64185.65 74093.33 84138.31 94171.77 104418.3 114054.9 124336.7 113097.5 2 
1 0.3982326 0.08359412 0.1992728 0.1218357 0.1300157 0.1454471 0.1614117 0.2007611 0.2516657 0.3321308 0.5192126 0.9999986 22684.97 45369.94 56475.73 66883.23 77012.23 86618.08 96637.19 106675.3 116588.9 126939.3 113838.8 3 
1 0.3982995 0.08351518 0.1994531 0.1244876 0.1247139 0.1377866 0.1748457 0.1969031 0.244338 0.3516692 0.4969902 0.9999999 22718.59 45437.19 56788.69 66745.14 76373.38 86907.77 96696.86 106452.3 117062.4 126783.9 113904.4 4 
1 0.4213526 0.07859876 0.1916557 0.1243172 0.1249101 0.144873 0.167671 0.1977827 0.2454852 0.3204237 0.5152162 0.9999999 21577.94 43155.87 54469.86 64424.58 74528.07 84527.44 94344.87 104120.1 113747.2 124266.7 112587 5 
1 0.3934961 0.0845516 0.1977926 0.1242714 0.1330794 0.1385245 0.1707673 0.1975564 0.2483577 0.3402173 0.5141938 0.9999996 22573.87 45147.74 56525.42 67195.39 76823.88 87049.25 96858.64 106754.3 116943.3 127103.5 114129 6 
0.9999999 0.4118402 0.08004415 0.1897315 0.124284 0.1245731 0.1425243 0.1675302 0.2059788 0.2394992 0.3300649 0.4980331 0.9999997 21501.21 43002.42 54414.56 64431.61 74464.46 84576.77 94926.95 104482.6 114497.8 124621.7 113324.4 7 
0.9999995 0.4221721 0.0792036 0.1882746 0.1218473 0.1223195 0.150451 0.1672613 0.2034724 0.2389005 0.3473643 0.4904561 0.9999991 21178.77 42357.53 53483.38 63291.43 73879.54 83879.7 94010.07 103484.2 113968.6 123629.9 112488.7 8 
1 0.4106095 0.08220934 0.1918069 0.1248134 0.1299947 0.1422312 0.1720545 0.195006 0.2512585 0.3380477 0.4879802 1 21705.1 43410.19 54825.15 65230.07 75134.52 85411.64 95055.59 105058.4 115134.9 124763.4 113161.2 9 
0.9999971 0.4279834 0.07893535 0.1881846 0.1243358 0.1228982 0.1376562 0.1810736 0.1853182 0.2603737 0.3266491 0.4814463 0.9999991 21143.36 42286.66 53627.33 63443.08 73086.3 84024.91 93192.73 103686.6 113423.6 123087.1 112354.3 10 
0.9999999 0.4229417 0.0782075 0.1869152 0.1223461 0.1257859 0.144288 0.1673744 0.204819 0.2468584 0.3352333 0.506513 0.9999992 21020.59 42041.18 53228.51 63323.16 73446.11 83494.44 93732.67 103544.9 113580.5 123660.4 112460.6 11 
0.9999999 0.3997174 0.08308678 0.1965985 0.1214431 0.1254663 0.1523609 0.1639122 0.1985148 0.252843 0.3544017 0.4953795 0.9999985 22348.22 44696.43 55787.36 65854.17 76545.09 86294.17 96165.98 106243.4 116797.2 126321 113674.4 12 
1 0.4062505 0.08266844 0.1970805 0.1184174 0.1300672 0.1444957 0.165918 0.2004547 0.2626589 0.3266226 0.5117263 0.9999994 22334.14 44668.28 55443.18 65876.64 75959.9 85865.07 95846.52 106303.6 115891.8 126007.2 113325 13 
0.9999988 0.3824947 0.08528335 0.2017805 0.127541 0.125984 0.1418574 0.1685572 0.2022899 0.2334813 0.3347775 0.4788904 0.9999995 23260.79 46521.54 58257.42 68371.47 78325.07 88474.34 98601.64 107925.9 118174 127925.9 115277.7 14 
0.9999999 0.4112219 0.08083009 0.1957211 0.1210964 0.1225722 0.1478047 0.1648485 0.2027276 0.2581459 0.3317017 0.5025598 0.9999992 22119.25 44238.51 55245.54 65037.57 75398.05 85245.31 95358.98 105626.6 115414 125324.1 113014.1 15 
0.9999999 0.4235551 0.07950759 0.187831 0.1210501 0.1299853 0.1392335 0.1699464 0.1993154 0.2513674 0.3260074 0.506579 0.9999995 21130.99 42261.97 53322.19 63761.14 73489.35 83710.19 93660.15 103707.5 113462.7 123679.5 112500 16 
0.9999999 0.4366695 0.07636678 0.1844195 0.124081 0.1230351 0.1459555 0.1690618 0.2028976 0.2584475 0.3325637 0.502524 0.9999997 20580.36 41160.71 52453.94 62262.51 72466.72 82561.22 92627.87 102848.9 112601.9 122438.2 111595.3 17 
0.9999999 0.4114766 0.08049862 0.1934691 0.1237934 0.1196195 0.1433756 0.1772735 0.1991921 0.2577215 0.314801 0.5180149 0.9999989 21877.01 43754.02 55044.04 64602.89 74689.59 85372.97 95249.22 105482.1 114760.1 125221.1 113077.5 18 
0.9999999 0.4199972 0.07917075 0.1868916 0.1255802 0.126725 0.1404708 0.1707435 0.2024872 0.2475346 0.3182575 0.5142814 0.9999993 21063.04 42126.08 53634.1 63788.68 73618.3 83887.93 93987.38 103833.7 113359.5 123853.6 112701.9 19 
0.9999998 0.4127806 0.08020955 0.1922803 0.1205149 0.1275703 0.1437716 0.1682756 0.2037767 0.2527399 0.3352301 0.4917383 0.9999998 21736 43471.99 54475.87 64720.19 74792.68 84886.94 95053.81 105094 115045.3 124749.2 113043.3 20 
0.9999998 0.4106728 0.07979806 0.1889727 0.1296274 0.1235424 0.1390877 0.1638132 0.2057562 0.2487735 0.324871 0.50127 0.9999995 21416.02 42832.04 54746.42 64629.58 74381.71 84269.94 94655.39 104628.5 114412.3 124604.2 113328.7 21 
0.9999997 0.3865593 0.08624241 0.2031665 0.1187579 0.1278308 0.1441009 0.1665984 0.2038335 0.2424631 0.3403553 0.4867389 0.9999992 23330.6 46661.2 57528.04 67835.97 77970.48 87998.83 98224.42 107908.6 118206.6 127921.2 114834.9 22 
0.9999999 0.3732268 0.08704544 0.2064694 0.1240488 0.1209241 0.1530523 0.1651897 0.1922695 0.2550596 0.345236 0.4817997 0.9999999 23910.33 47820.66 59220.16 68954.05 79784.32 89684.41 99303.94 109611.4 120004.6 129501.5 115805.7 23 
0.9999998 0.4029772 0.08400729 0.1966125 0.1267284 0.1310627 0.1377672 0.1653831 0.1967456 0.2522064 0.3376579 0.5129475 0.9999961 22318.64 44637.27 56194.54 66632.36 76166.13 86034.26 95832.22 105921 116021.5 126184.5 113515.9 24 
0.9999996 0.422148 0.08092162 0.1909513 0.1225428 0.1276094 0.1462345 0.1605416 0.2031947 0.2457255 0.3338204 0.4987803 0.9999996 21506.81 43013.61 54180.06 64383.24 74583.56 84144.26 94302.38 104090.6 114120.5 124104 112629.8 25 
1 0.4239425 0.07823668 0.1896569 0.1265786 0.1268703 0.1410179 0.1718558 0.1988064 0.2480857 0.3340719 0.514103 0.9999997 21291.68 42583.36 54098.54 64179.31 73962.65 84204.09 94015.54 103824.9 113757.2 123935.8 112264.2 26 
0.9999997 0.3937712 0.08565287 0.1981407 0.1255934 0.1274023 0.1409369 0.1661843 0.2045807 0.247579 0.3393843 0.4888967 0.9999997 22633.72 45267.43 56771.37 66975.36 76825.25 86802.74 97044.3 106902.8 117071.2 126747.8 114230.5 27 
1 0.4216323 0.07936465 0.1928136 0.1163278 0.1258378 0.1491122 0.1671176 0.1968347 0.2556833 0.323713 0.5125521 0.9999999 21687.47 43374.94 53936.51 64032.47 74490.3 84463.23 94246.55 104453.4 114071.9 124371.4 112479 28 
0.9999993 0.4131679 0.08007682 0.1923622 0.1187259 0.1299892 0.14431 0.1694151 0.2008204 0.2394812 0.3328239 0.4859837 0.9999997 21790.65 43581.29 54443.33 64923.88 75046.6 85215.38 95227.1 104768.6 114853.4 124678.1 113279.3 29 
0.9999997 0.4277634 0.07745815 0.1840818 0.1213394 0.1274342 0.1471933 0.1667428 0.2016256 0.249497 0.3320628 0.494721 0.9999996 20662.07 41324.13 52436.62 62691.16 73026.29 83010.78 93070.91 103009.6 112937 122816 112244 30 
1 0.3992339 0.08348265 0.196323 0.1228763 0.1302182 0.1437355 0.1659207 0.2049266 0.245419 0.3258664 0.5218581 1 22342.82 44685.65 55924.36 66371.1 76400.69 86314.21 96526.74 106250.9 115993.7 126512.1 113806.4 31 
0.9999983 0.3930791 0.08402056 0.2013928 0.1205001 0.1305286 0.1434936 0.1569838 0.2073564 0.2434111 0.3251711 0.4938303 0.9999981 23056.22 46112.4 57129.35 67625.13 77657.33 87057.76 97525.34 107265 117109.2 127197.9 114483.8 32 
0.9999993 0.3916799 0.08339383 0.1962651 0.1292667 0.1284963 0.1381178 0.1646525 0.2009695 0.2530486 0.3341597 0.4807174 0.9999997 22479.56 44959.11 56859.01 67158.88 76807.37 86720.84 96828.6 106997.9 117028.7 126636.8 114536.7 33 
0.9999999 0.419244 0.07830466 0.1930798 0.1211899 0.128743 0.1436231 0.1653887 0.2040815 0.2562855 0.3368885 0.5010818 0.9999994 21702.43 43404.86 54396.65 64658.39 74632.35 84468.24 94597.94 104722.7 114620.8 124383.4 112401.4 34 
1 0.4090806 0.08095158 0.1884988 0.1269585 0.1265936 0.1439679 0.1625596 0.2050514 0.2513158 0.3402398 0.5182119 0.9999991 21330.66 42661.32 54319.92 64469.12 74550.08 84294.11 94587.13 104615.7 114780.6 124994.9 113160.7 35 
0.9999998 0.4026903 0.08270039 0.1960491 0.1230153 0.1238046 0.143323 0.1719441 0.205215 0.2363772 0.3433707 0.4910717 0.9999996 22290.67 44581.34 55826.01 65750.68 75817.59 86163.87 96388.93 105749.7 116133.3 125884.3 113699.5 36 
1 0.4353722 0.07967632 0.1821703 0.1261795 0.1256731 0.1473362 0.1693798 0.1984579 0.2431534 0.3427388 0.5162126 0.9999999 20353.35 40706.7 52236.2 62270.46 72556 82638.23 92450.42 102086.6 112366.6 122543.1 111727.1 37 
1 0.3964194 0.08224135 0.2001902 0.1226479 0.1263437 0.1396351 0.1679703 0.1951436 0.2475703 0.3357231 0.517591 0.999999 22838 45676 56866.82 66980.97 76746.84 86854.05 96624 106600 116778.9 127203.5 114081.5 38 
0.9999923 0.427954 0.07961839 0.1865317 0.1209901 0.1257466 0.1454267 0.1720533 0.1930282 0.2478673 0.326023 0.4680667 0.9999996 21008.91 42017.65 53102.47 63229.08 73467.81 83819.5 93434.86 103398.6 113255.5 122793.1 112629.2 39 
0.9999996 0.4184873 0.08054409 0.1934178 0.1192533 0.1272173 0.1378428 0.1743755 0.1939049 0.2497723 0.3268156 0.4918555 0.9999998 21841.69 43683.37 54545.33 64750.83 74401.97 84928.04 94591.92 104626.4 114476.6 124456.2 112924.9 40 
0.9999998 0.4106476 0.07969144 0.1924668 0.1208002 0.1294968 0.1413513 0.1728761 0.1929667 0.2523984 0.3397556 0.4881939 0.9999997 21791.02 43582.04 54626.63 65036.09 74927.06 85314.05 94903.81 105026.7 115213.8 124878.4 113219.6 41 
0.9999998 0.4203455 0.08035023 0.1861867 0.1250826 0.1240716 0.1422584 0.1652507 0.191693 0.2592624 0.334156 0.4985615 0.9999996 21000.46 42000.92 53482.49 63446.72 73454.04 83425.07 93080.21 103635.5 113712.7 123723.9 112792.5 42 
1 0.4125502 0.08158609 0.1944708 0.1192503 0.125834 0.1463289 0.1648877 0.2033872 0.243886 0.3236446 0.5205545 0.9999998 22002.94 44005.88 54874.32 64975.18 75243.13 85120.31 95294.81 105013.8 114765.8 125374.6 113142.6 43 
0.9999995 0.4137035 0.08102866 0.1937595 0.1196716 0.1237036 0.1392196 0.1686986 0.2086224 0.23965 0.3295237 0.4903298 0.9999998 21935.98 43871.96 54795.14 64735.1 74537.98 84762.83 95274.33 104830.1 114820.6 124787.7 113212.4 44 
0.9999991 0.4196526 0.07820747 0.1929525 0.117964 0.1264539 0.1457611 0.1715347 0.2015171 0.2524993 0.3379963 0.4878197 0.9999984 21722.14 43444.26 54161.9 64295.6 74499.42 84757.16 94740.73 104729.2 114723.7 124273 112577.7 45 
0.9999999 0.4305801 0.07672509 0.1879127 0.1228635 0.1257645 0.1412597 0.1639332 0.2057555 0.2390722 0.3461237 0.5006504 0.9999993 21069.19 42138.38 53325.47 63369.76 73232.74 83061.95 93376.35 102895 113381.3 123299.2 112122.2 46 
1 0.4246301 0.07617568 0.1899027 0.1210028 0.1247013 0.1466497 0.1636493 0.1975246 0.2610398 0.3376574 0.5085915 1 21318.29 42636.57 53640.66 63608.86 73869.71 83640.81 93504.5 103965.1 113963.9 123939.1 112259 47 
0.9999998 0.4185143 0.07762542 0.1900578 0.1219812 0.1284453 0.1452785 0.1687876 0.2009216 0.2439402 0.3286486 0.5023434 0.9999992 21433.04 42866.07 54007.6 64308.46 74462.8 84546.38 94523.68 104203.3 114063 124180.7 112771.2 48 
0.9999999 0.4331047 0.07742433 0.1837802 0.1252476 0.1232205 0.1457506 0.1621863 0.2051288 0.2416448 0.3462271 0.504147 0.9999998 20577.46 41154.91 52601.32 62452.04 72668.17 82379.4 92669.85 102305.5 112775.3 122742.2 111967.8 49 
0.9999999 0.4319361 0.07900096 0.1883868 0.1182742 0.1312543 0.1377994 0.1668026 0.1876273 0.2642604 0.3302873 0.5018511 0.9999997 21113.16 42226.32 52984.57 63511.44 73112.63 83133.12 92524.51 103269.9 113151 123205.9 112073.5 50 
0.9999999 0.4307034 0.07840711 0.1908141 0.1182057 0.1248095 0.1440208 0.1667684 0.2021993 0.2510947 0.3361789 0.5008366 0.9999998 21384.22 42768.44 53487.82 63468.17 73547.38 83537.66 93630.41 103629.5 113655.4 123570.5 112068.3 51 
0.9999997 0.3945979 0.0861192 0.1965408 0.126648 0.1282169 0.1409251 0.169994 0.1985747 0.2486112 0.3448512 0.4865718 0.9999997 22445.3 44890.6 56511.35 66786.08 76631.23 86833.52 96725.19 106650.2 116994.5 126556.8 114201.8 52 
0.9999996 0.4240743 0.08036423 0.1840009 0.1249143 0.1276051 0.1400586 0.1624258 0.2016287 0.257506 0.3290306 0.5001132 0.9999995 20701.47 41402.94 52870.81 63122.34 72938.54 82727.96 92906.32 103284.4 113130.4 123171.8 112507.5 53 
0.9999999 0.3986838 0.08299453 0.19778 0.1244517 0.1277453 0.1441951 0.1564931 0.2113193 0.2391936 0.3152685 0.5111829 0.9999999 22577.07 45154.13 56550.83 66793.27 76877.72 86244.1 96912.62 106436.5 115986.9 126590.1 114152.4 54 
1 0.4056975 0.0820851 0.1965333 0.1233255 0.1253441 0.144132 0.1652629 0.219153 0.2386533 0.3340859 0.5139791 0.9999997 22265.7 44531.39 55757.29 65759.83 75819.97 85692.44 96620.61 105913.1 115817 125963.4 113292.2 55 
0.9999986 0.4243362 0.07966445 0.1856475 0.1248663 0.1212165 0.1470396 0.1612992 0.2030005 0.2500084 0.3353012 0.4864913 0.9999992 20898.32 41796.61 53243.24 62967.74 73333.99 83033.45 93271.55 103320.8 113428.9 123177.4 112569.9 56 
0.9999988 0.4018709 0.082597 0.1993655 0.1207472 0.1256384 0.1438996 0.1646688 0.2055588 0.2470398 0.3351709 0.4876233 0.9999983 22692.13 45384.23 56387.83 66454.66 76536.06 86412.41 96711.04 106543.7 116588.5 126304.2 113821.8 57 
0.9999999 0.3937969 0.08267511 0.2008736 0.1250997 0.1242273 0.1445705 0.1706683 0.1910105 0.2640583 0.3164025 0.5057695 0.9999997 22943.13 45886.25 57304.55 67224.75 77335.29 87545.44 97022.3 107620.9 116967.1 127179.9 114216.7 58 
0.9999998 0.4315377 0.07709209 0.1871073 0.1182328 0.1227507 0.141584 0.1694463 0.1989456 0.2512621 0.3401501 0.4898833 0.9999998 20982.79 41965.58 52743.71 62610.67 72594.48 82851.29 92853.17 102972.1 113228.9 122976 112143.1 59 
