0.1986198 0.4970477 0.8991962 0.06050668 0.09102852 0.114922 0.1388318 0.164326 0.1954704 0.253483 0.3239416 0.5032794 1 9986.977 11970.59 16493.28 19474.51 21187.92 21862.64 21891.74 22657.44 21967.67 22709.84 165055.8 1
0.1980343 0.5000191 0.898101 0.06208719 0.090028 0.1127808 0.13727 0.1641686 0.1987558 0.2489568 0.3395192 0.5003388 1 10177.91 12193.48 16256.65 18998.47 20801.71 21700.43 22088.06 22229.21 22690.12 22293.65 163929.2 2
0.1947652 0.5134541 0.8982693 0.06068373 0.09046119 0.1149862 0.1370878 0.1638264 0.1969056 0.2488901 0.3292841 0.4997281 1 9753.797 11653.5 15927.33 18892.02 20339.83 21141.96 21384.27 21692.49 21642.55 21944.45 160731.7 3
0.1982485 0.5060993 0.9005647 0.0602356 0.09182478 0.1127484 0.1386986 0.1635339 0.1958148 0.2480917 0.3347994 0.4958466 1 9776.688 11714.9 16328.57 18855.56 20785.01 21432.19 21587.86 21946.06 22276.76 22076.65 162307.5 4
0.1992398 0.5132026 0.8992726 0.06063303 0.09146858 0.1129506 0.138038 0.1645955 0.1963693 0.2461276 0.3297168 0.4994258 1 9715.217 11650.87 16088.67 18651.19 20460.28 21286.17 21393.45 21539.41 21739.55 22046.12 160229.8 6
0.2012473 0.4948718 0.8970166 0.06249963 0.09116163 0.1147076 0.1371483 0.1659116 0.1957876 0.2475608 0.3387311 0.4962559 1 10325.81 12403.86 16616.1 19491.14 21014.11 22069.44 22001.44 22284.08 22868.49 22412.3 165214 7
0.200312 0.4955375 0.9012715 0.05963953 0.08947704 0.1118603 0.1362883 0.1632126 0.1983257 0.2487835 0.3298104 0.501802 1 9860.006 11835.08 16281.41 19095.86 20959.49 21921.23 22411.82 22611.65 22577.05 22925.37 165326.7 8
0.2014028 0.4946498 0.8974548 0.06016543 0.092288 0.111646 0.1382573 0.1638724 0.2006257 0.2423343 0.3317354 0.5048843 1 9956.312 11961.54 16762.27 19137.35 21193.36 21978.48 22555.52 22047.34 22595.84 23016.12 165482.3 9
0.1986431 0.5063027 0.8999519 0.061358 0.0905731 0.1145214 0.1381157 0.1643835 0.1964958 0.2473957 0.3314855 0.495174 1 9948.524 11924.73 16153.13 19059.17 20712.84 21478.09 21610.2 21838.37 22031.33 22045.41 162139 10
0.1994466 0.495115 0.9021828 0.06082219 0.09061834 0.1171224 0.1350753 0.1619103 0.1925235 0.2467851 0.3382595 0.5041148 1 10074.6 12083.94 16507.19 19861.42 20832.11 21645.82 21747.8 22379.24 23089.81 22974.58 165640.1 11
0.195359 0.5055858 0.8958321 0.06090312 0.09060664 0.1154829 0.1353567 0.1648498 0.1980329 0.2465852 0.336357 0.4979911 0.9999993 9907.476 11842.99 16155.48 19199.77 20383.89 21497.46 21772.11 21800.95 22292.71 22074.12 162676 12
0.1995308 0.4979324 0.898563 0.06149565 0.09072973 0.1148807 0.1343907 0.1658279 0.1942197 0.2464799 0.3280074 0.5054763 1 10148.14 12173 16480.55 19466.13 20635.15 22009.09 21871.59 22239.17 22361.85 23023.99 165022 13
0.1994689 0.5042732 0.9010607 0.06079835 0.0914461 0.114944 0.1387538 0.1641054 0.1967623 0.2496128 0.3278997 0.4959304 0.9999988 9905.418 11881.24 16362.75 19243.87 20911.41 21561.65 21730.26 22094.84 21914.19 22167.28 162922.5 14
0.1981877 0.5017454 0.8950619 0.06015294 0.09227222 0.113 0.1391344 0.1626995 0.1982535 0.2501832 0.3351828 0.5059377 1 9831.713 11780.24 16508.96 19028.51 20979.72 21481.22 21931.78 22228.8 22369.33 22460.06 163445.2 16
0.2017401 0.4987641 0.8989362 0.06088678 0.09242408 0.1125987 0.1363845 0.1656002 0.1974029 0.2433776 0.3337401 0.4994781 1 10008.6 12027.74 16694.16 19143.44 20818.51 21980.79 22120 21962.74 22588.06 22662.1 164380.6 17
0.1995339 0.5048295 0.8975769 0.06250329 0.09156141 0.11583 0.1336471 0.1660841 0.1933533 0.2512214 0.3352466 0.5039834 1 10165.74 12194.15 16394.2 19315.55 20222.15 21657.19 21429.6 22206.5 22347.53 22363.82 162643.2 18
0.1986066 0.4928363 0.8989992 0.06018687 0.09084097 0.1145757 0.1353173 0.1627845 0.1970208 0.2478465 0.3316689 0.5012955 1 10005.09 11992.17 16573.7 19565.6 20903.74 21853.61 22277.63 22543.45 22714.63 22933.52 166233.8 19
0.1990095 0.4942997 0.898224 0.06049154 0.09164315 0.1152288 0.1382363 0.1636921 0.201735 0.2443457 0.3383599 0.4988259 1 10042.41 12040.95 16689.95 19646.78 21238.11 21909.25 22585.14 22115.95 22840.19 22531.11 166013.5 21
0.1998677 0.4982682 0.8963955 0.05866094 0.09172075 0.1138481 0.1373945 0.1636303 0.1954482 0.2503479 0.3373123 0.4968595 1 9661.341 11592.33 16537.01 19336.92 21009.58 21812.33 21955.18 22521.17 22816.74 22438.74 164698 22
0.1988588 0.5053972 0.8969058 0.05951616 0.09111423 0.1133791 0.1382609 0.1661407 0.1967606 0.2481313 0.3321065 0.504783 1 9677.379 11601.81 16240.63 18988.15 20814.04 21782.09 21754.77 21974.99 22130.39 22430.55 162600.9 23
0.1971654 0.5156074 0.9029349 0.06121844 0.09174293 0.1112063 0.1360553 0.1663861 0.1982589 0.2524415 0.3344352 0.5012864 1 9778.782 11706.82 16065.69 18313.85 20080.81 21360.46 21496.19 21883.35 21789.71 21729.63 159735.9 24
0.2041086 0.4981458 0.8992503 0.06106372 0.08939056 0.1145908 0.1349772 0.1629024 0.1982732 0.2514755 0.335315 0.4938814 0.9999999 10015.53 12059.78 16227.84 19381.97 20715.61 21725 22260.94 22670.76 22719.52 22349.65 164017.6 26
0.1987142 0.5009811 0.9022681 0.05998227 0.09012217 0.1142947 0.1381538 0.1642108 0.1987499 0.2512005 0.335096 0.5027025 1 9810.68 11760.2 16193.11 19206.81 20934.45 21695.39 22049.73 22345.46 22384.14 22346.47 163559.7 27
0.2062921 0.4720137 0.8984439 0.06187579 0.09127248 0.1144182 0.138568 0.1608134 0.1987837 0.2508665 0.3268259 0.4987909 1 10675.66 12877.96 17429.8 20424.81 22262.73 22636.92 23387.71 23751.12 23371.14 23798.43 172533.7 28
0.2046695 0.4884666 0.902564 0.06047861 0.09133202 0.1156244 0.1371307 0.1654762 0.1971999 0.2498422 0.3381582 0.4986071 1 10100.96 12168.32 16821.95 19929.2 21370.86 22378.83 22486.32 22814.64 23161 22785.72 167017.1 29
0.1963284 0.5009332 0.9012717 0.06181299 0.09062314 0.1146473 0.1342647 0.163163 0.1965668 0.2543654 0.3293112 0.497968 0.9999997 10132.96 12122.35 16317.47 19238.02 20402.22 21496.47 21854.03 22623.84 22139.31 22295.17 163929.3 31
0.1997135 0.5016368 0.8987825 0.06165718 0.09038936 0.1158395 0.1366612 0.1635845 0.198301 0.2463918 0.3298647 0.4918694 1 10102.91 12120.6 16318.31 19459.79 20785.19 21614.71 22023.52 22036.5 22196.36 22215.04 163856.2 32
0.1972927 0.4963306 0.8980686 0.06138116 0.09242757 0.1129628 0.1337414 0.1651414 0.1970887 0.2465475 0.3305734 0.4958253 1 10146.3 12148.09 16737.2 19208.77 20494.91 21912.01 22126.65 22247.32 22454.18 22568.5 165299.9 33
0.2024526 0.5019204 0.8970083 0.05949165 0.09001603 0.1135929 0.1371953 0.1633641 0.1980335 0.2513939 0.3307755 0.5035077 1 9708.794 11674.36 16179.81 19141.25 20860.69 21673.8 22086.01 22489.05 22300.21 22593.78 163195.9 34
0.197672 0.5088931 0.8980753 0.05956308 0.08839532 0.1128849 0.1376754 0.1637028 0.1984418 0.2480282 0.3342134 0.498015 1 9614.943 11515.55 15695.56 18724.75 20603.51 21403.3 21799.97 21910.89 22166.36 22075.88 161424.5 36
0.1981473 0.5098963 0.9049716 0.06002141 0.09248858 0.1123485 0.1390596 0.1624921 0.203029 0.248126 0.33415 0.4996082 1 9666.545 11581.94 16296.32 18663.93 20656.36 21153.16 22043.89 21756.13 21917.24 21870.87 161051.6 37
0.2006376 0.4971946 0.9009822 0.05944913 0.09170318 0.1128095 0.1372755 0.1647187 0.1984577 0.2484156 0.3367103 0.4984786 1 9802.826 11769.64 16583.82 19218.71 21012.38 21976.08 22282.57 22403.3 22763.25 22505.89 164894.4 38
0.200687 0.5022021 0.8975428 0.0611309 0.09036517 0.1124881 0.1376346 0.1635276 0.1959341 0.2477874 0.332398 0.5040383 0.9999999 9992.447 11997.8 16275.91 18969.62 20859.33 21658.08 21857.47 22192.7 22421.42 22688.89 163459.8 39
0.2028191 0.4829607 0.9016538 0.06027127 0.09178983 0.112677 0.1403212 0.162498 0.1982611 0.2474203 0.3303122 0.4949551 0.9999999 10185.48 12251.3 17061.81 19712.04 21956.28 22331.46 22797.69 22901.96 23009.25 23095.12 168994 41
0.1948107 0.5162349 0.9016439 0.06242741 0.09106688 0.1148746 0.1369141 0.1612223 0.1971599 0.2479384 0.3320221 0.5032801 1 9972.256 11914.96 15960.19 18747.13 20149.25 20691.66 21229 21498.99 21675.02 21928.3 159741.6 42
0.2047383 0.4887662 0.8986907 0.06093039 0.09077052 0.1130427 0.1383139 0.163064 0.1966014 0.2458574 0.3312532 0.4973846 0.9999999 10160.2 12240.38 16719.89 19517.87 21462.64 22138.14 22437.35 22582.41 22901.47 23042.44 166750.9 43
0.2057004 0.4838657 0.8983179 0.06032799 0.09252491 0.1152234 0.1378838 0.164602 0.1965529 0.250698 0.3322895 0.4954571 1 10164.38 12255.2 17169.53 20086.2 21659.24 22494.11 22621.78 23093.87 23064.99 22978.16 168485.3 44
0.1966573 0.51973 0.896554 0.06249524 0.08935728 0.1153555 0.1400418 0.165158 0.1928816 0.2497652 0.3409068 0.4970592 1 9910.643 11859.64 15617.19 18688.85 20448 21031.94 20721.17 21408.85 21960.15 21376.15 158582.4 46
0.2023243 0.4972036 0.8989388 0.06133538 0.08916535 0.1149175 0.1370773 0.1660793 0.1961794 0.2499279 0.328387 0.5037432 1 10102.03 12145.92 16242.33 19468.28 21023.2 22115.04 22069.09 22482.92 22306.11 22807.48 164701.5 47
0.1995294 0.5056081 0.8987922 0.06087167 0.09014289 0.1141222 0.1368222 0.1621954 0.1976183 0.2494168 0.3352235 0.4967407 1 9869.335 11838.56 16087.67 19020.29 20587.06 21290.1 21787.4 22109.33 22329.97 22106.63 162133.5 48
0.201477 0.4920732 0.8963168 0.0610278 0.09075424 0.1146917 0.1376038 0.1643543 0.1973159 0.2460926 0.3355295 0.5008035 1 10138.77 12181.5 16611.49 19614.44 21230.79 22075.63 22303.45 22369.15 22881.08 22833.06 166133.7 49
0.2020655 0.4945523 0.8980487 0.06143025 0.09149253 0.1138934 0.1371664 0.1604552 0.1973418 0.2450297 0.3258385 0.49872 1 10166.65 12220.98 16681.2 19443.41 21081.22 21572.2 22234.85 22308.35 22393.64 22980.61 165499.1 51
0.201534 0.4915879 0.9006554 0.06292684 0.08906556 0.1130914 0.1375337 0.1644083 0.1961779 0.2487992 0.3322203 0.5051908 1 10465.83 12575.05 16415.31 19363.9 21220.03 22130.88 22261.92 22634.27 22765.11 23072.89 166317.5 52
0.2005212 0.5006744 0.8993386 0.06017596 0.0912398 0.11583 0.1367403 0.1621926 0.1970211 0.247421 0.3343205 0.5007811 1 9870.412 11849.64 16441.21 19523.48 20852.02 21523.96 21965.91 22202.59 22550.85 22568.67 164025.8 53
0.1912024 0.5273802 0.8951545 0.06097394 0.08866971 0.1146339 0.136065 0.1637718 0.1971055 0.2500778 0.3353119 0.5061259 1 9564.648 11393.43 15239.49 18302.15 19670.81 20577.05 20858.49 21228.33 21394.18 21482.96 156864.5 54
0.2024745 0.4939282 0.8974708 0.06170521 0.09178755 0.1131977 0.1361848 0.1654845 0.1968501 0.250669 0.3327228 0.5008055 1 10224.17 12294.31 16759.46 19376.81 20975.83 22146.45 22252.6 22677.99 22666.28 22742.86 165693.8 56
0.202347 0.4963906 0.9012241 0.06199604 0.08935818 0.1157527 0.1363415 0.1640675 0.1972203 0.247804 0.3334499 0.496268 1 10229.98 12299.98 16319.74 19617.51 20962.34 21902.1 22177.88 22387.69 22647.99 22556 165010.2 57
0.1973456 0.5046837 0.8966992 0.06075841 0.09208592 0.1129687 0.1381191 0.1600576 0.2014172 0.2475589 0.3299243 0.5013544 1 9891.16 11843.14 16417.47 18922.61 20742.38 21080.76 22115.6 21988.12 22012.06 22339.31 162794.9 58
0.2015365 0.4890844 0.8997274 0.06056098 0.09029034 0.1152092 0.1341546 0.1662089 0.1970675 0.2489974 0.3332355 0.4997397 1 10125.48 12166.13 16633.76 19814.26 20953.86 22417.01 22504.37 22783.07 22931.82 22960.32 167194.8 59
0.2027537 0.4935776 0.8971738 0.06102159 0.09098042 0.111927 0.1368883 0.1625828 0.1983121 0.2471667 0.3354659 0.5053653 1 10120.22 12172.14 16636 19217.21 21105.15 21920.26 22463.89 22559.44 22970.95 23074.49 165846.6 61
0.193837 0.5177141 0.9002021 0.06074016 0.09084339 0.1131347 0.1372139 0.1631244 0.1980949 0.2494881 0.3274112 0.4935962 0.9999993 9680.881 11557.39 15839.6 18468.12 20142.05 20892.31 21314.38 21567.96 21354.18 21552.77 159381.9 62
0.2026796 0.5035037 0.898644 0.06149172 0.08987723 0.1150796 0.1383343 0.1640483 0.2033347 0.2471695 0.334834 0.5019732 0.9999999 10019.53 12050.28 16186.51 19297.15 20948.52 21655.22 22427.73 22014.47 22277.28 22280.62 162941.1 63
0.2011718 0.4918506 0.8994932 0.06032759 0.09170393 0.1150852 0.1366198 0.1620138 0.1986777 0.2485777 0.331698 0.499386 1 10035.41 12054.25 16759.51 19711.18 21130.11 21825.11 22450.38 22622.81 22706.13 22834.7 166348.6 64
0.1978159 0.5105047 0.9010296 0.0609002 0.09046476 0.1137855 0.1372122 0.1661721 0.1998834 0.2520029 0.3283849 0.5089137 1 9805.804 11745.55 16002.5 18814.41 20445.29 21518.58 21783.08 21988.7 21582.34 22205.63 161014.3 66
0.1986209 0.5067601 0.9006374 0.0608527 0.09115138 0.1162917 0.137704 0.163972 0.2005535 0.2508085 0.3376117 0.5042983 1 9872.34 11833.19 16238.24 19328.53 20689.87 21411.61 21945 22046.93 22217.2 22062.37 162233.4 67
0.1976496 0.5075486 0.8974823 0.06149054 0.09122029 0.1144506 0.1360803 0.1613504 0.1956255 0.2507209 0.3354279 0.4992491 1 9971.761 11942.68 16243.79 19040.51 20430.79 21111.42 21532.79 22152.79 22318.74 22156.81 162167.4 68
0.2042651 0.4978616 0.8996446 0.06123766 0.09175724 0.1128141 0.1361013 0.1639069 0.1963317 0.2472299 0.3300431 0.5025406 1 10054.97 12108.85 16616.96 19187.94 20823.71 21840.66 22074.65 22334.09 22474.81 22863.79 164195.9 69
0.1994673 0.5002924 0.899809 0.06218934 0.0895327 0.1158009 0.1402282 0.1643136 0.1969859 0.2514227 0.3327068 0.4977268 1 10190 12222.5 16196 19431.87 21222.98 21709.4 21838.85 22301.08 22224.42 22178.3 163854.5 71
0.2035543 0.4917738 0.9021381 0.06095681 0.09060775 0.1124164 0.1393498 0.1633055 0.1996328 0.2474522 0.3341839 0.4981409 0.9999999 10128.64 12190.37 16619.14 19334.17 21485.74 22074.72 22598.49 22561.79 22847.37 22768.19 166161 72
0.2050182 0.4942731 0.902084 0.06069583 0.09114029 0.1128229 0.1374492 0.1612413 0.1995101 0.245867 0.3339394 0.4983488 0.9999997 10030.8 12087.3 16626.07 19326.24 21166.36 21747.59 22525.27 22440.58 22855.8 22831.11 165263.5 73
0.1993486 0.5007445 0.905227 0.0610702 0.09072454 0.1140046 0.1377513 0.1616145 0.197695 0.2479154 0.3337805 0.4997232 1 9987.011 11977.91 16318.2 19169.86 20861.18 21396.35 21943.54 22160.71 22427.54 22434.59 163533.3 74
0.1965138 0.5033843 0.9024999 0.06173207 0.09047907 0.1148269 0.1361545 0.1650025 0.1965982 0.2521381 0.328287 0.4961706 1 10097.55 12081.86 16260.35 19223.73 20600.79 21659.98 21778.09 22333.37 21968.14 22163.97 163570.6 76
0.201195 0.4952354 0.9008983 0.06249835 0.09219061 0.1145946 0.1376914 0.1654117 0.1981603 0.2498677 0.3314042 0.5033198 1 10336.62 12416.3 16792.6 19508.84 21085.42 22018.85 22203.49 22437.38 22393.05 22659.99 165390.4 77
0.2020777 0.4945261 0.898275 0.0607978 0.09054725 0.1145256 0.1375922 0.163455 0.2016381 0.2498016 0.3296466 0.5007416 1 10067.77 12102.24 16528.09 19538.93 21181.13 21935.39 22652.1 22597.6 22406.16 22693.65 165594.3 78
0.202809 0.4865933 0.9000683 0.06107012 0.09204959 0.1150677 0.1373301 0.1617489 0.1983354 0.2503684 0.3273164 0.5044566 1 10248.5 12326.98 17003.98 19910.46 21424.13 22010.37 22621.39 22962.84 22665.01 23266.09 167815.2 79
0.2050755 0.4930221 0.8998376 0.06209628 0.09180206 0.1134271 0.1362404 0.1659136 0.2005312 0.2500452 0.3344802 0.4978771 0.9999996 10299.8 12412.04 16826.91 19476.55 21059.8 22269.97 22663.85 22687.96 22750.61 22593.94 165868.3 81
0.2023542 0.4965189 0.9018188 0.06123608 0.09056589 0.114553 0.1347685 0.1623677 0.19734 0.2496674 0.3294069 0.5014645 1 10092.6 12134.88 16468.08 19451.07 20726.91 21697.39 22209.69 22589.49 22484.96 22837.5 164814.6 82
0.2021247 0.4942241 0.898968 0.06153467 0.09059708 0.1123461 0.1378869 0.1635261 0.1989623 0.2504064 0.3355781 0.5015731 1 10173.44 12229.74 16528.53 19192.69 21149.18 21931.79 22403.18 22645.02 22776.44 22677.08 165328.5 83
0.198185 0.5001765 0.8942854 0.06180829 0.08998934 0.1126585 0.1374976 0.1642794 0.197747 0.2537062 0.3366872 0.490584 0.9999998 10150.68 12162.39 16275.76 19021.74 20876.77 21766.18 22047.81 22622.83 22561.35 21943.69 164228.5 84
0.2008301 0.4882437 0.8995995 0.0617046 0.09235725 0.1148264 0.1358794 0.1637779 0.1978233 0.2492604 0.3372636 0.4969655 1 10349.64 12428.17 17031.07 19822.63 21161.82 22144.47 22521.7 22791.84 23134.63 22768.43 167728.9 86
0.1998966 0.4997041 0.8962607 0.0602582 0.08964479 0.1181007 0.1371159 0.1589575 0.1997651 0.248111 0.33413 0.5040233 0.9999999 9883.735 11859.46 16188.45 19808.08 20927.6 21157.07 22169.68 22262.71 22505.36 22634.06 164023.1 87
0.2015754 0.4914231 0.8983775 0.06111443 0.09040301 0.1151985 0.1352669 0.1650347 0.1983009 0.2487382 0.3274941 0.5010341 1 10184.62 12237.59 16611.59 19743.42 21013.13 22206.47 22505.78 22667.25 22502.67 22987.21 166648.4 88
0.2020362 0.4959896 0.9029003 0.06201527 0.09202888 0.1146463 0.133223 0.1627661 0.1978762 0.2514804 0.3344834 0.4983609 1 10219.99 12284.8 16707.62 19466.43 20487.41 21670.25 22221.85 22679.77 22691.78 22541.75 164798 89
0.1967008 0.5033356 0.9040731 0.06119796 0.09123847 0.1135291 0.1376055 0.1654825 0.1970275 0.2483769 0.3357065 0.5043131 1 9983.37 11947.11 16323.09 19011.29 20716.67 21682.04 21759.18 21988.56 22315.14 22342.16 163132.4 91
0.1993834 0.5030582 0.902686 0.06191512 0.09149575 0.1153399 0.1379199 0.162577 0.2013966 0.2511459 0.3316391 0.5013454 1 10112.12 12128.31 16436.27 19331.52 20837.53 21412.95 22172.8 22250.45 22067.41 22213.82 163322.3 92
0.1963799 0.5132112 0.8980324 0.06278326 0.08916774 0.11249 0.1379984 0.1628251 0.1977733 0.2528204 0.3321589 0.493798 1 10060.16 12035.78 15754.46 18480.85 20382.05 21041.56 21458.4 21982.32 21759.24 21590.44 160236.4 93
0.1997487 0.5061584 0.9000296 0.06029843 0.0930951 0.1134418 0.1404749 0.1632153 0.1979081 0.2482969 0.3295008 0.5007613 1 9787.428 11742.45 16545.25 18997.22 21022.09 21403.59 21731.85 21907.57 21899.51 22230.77 162316.5 94
0.2051039 0.4942219 0.8988552 0.0607421 0.09076209 0.1130336 0.1379144 0.1632748 0.1971311 0.2519744 0.3349741 0.4955613 0.9999991 10052.37 12114.15 16592.74 19378.53 21263.14 22005.99 22338.8 22874.67 22882.57 22590.23 165492.6 95
0.1972093 0.5033627 0.9001617 0.06061722 0.08936576 0.1147484 0.1351591 0.1609813 0.199047 0.2526141 0.3378663 0.5015381 1 9903.299 11856.32 16053.23 19202.63 20508.72 21269.1 22063.48 22515.05 22597.08 22302.59 163374.4 96
0.1980325 0.5064254 0.9014125 0.06114492 0.09107015 0.1142033 0.1368237 0.1620931 0.2006629 0.2512355 0.3368731 0.4957512 0.9999989 9898.821 11859.11 16190.45 18983.47 20502.89 21182.07 21954.97 22122.09 22226.16 21816.24 161891.2 97
0.1951829 0.5155587 0.899682 0.06280929 0.09188583 0.1130989 0.1380421 0.1642564 0.1959945 0.2503344 0.3349424 0.495982 1 10052.84 12014.98 16128.05 18553.98 20298.5 21066.68 21169.21 21648.37 21795.09 21556.95 160053.4 98
0.2024413 0.4909508 0.8969492 0.06151652 0.09157989 0.1151725 0.1372374 0.1644455 0.1960966 0.2452069 0.3347975 0.5017059 1 10259.23 12336.13 16830.77 19782.39 21269.82 22154.67 22269.1 22385.32 22955.34 23012.33 166772 99
0.1983207 0.5008431 0.9039069 0.0592608 0.09080521 0.113397 0.1364878 0.1614535 0.1957931 0.2511896 0.3280629 0.5025506 0.9999984 9707.774 11633.03 16300.76 19121.17 20747.27 21433.64 21862.41 22506.51 22234.01 22701.04 163814.4 100
0.1991444 0.5173594 0.9010593 0.06079532 0.09227583 0.1149246 0.1384347 0.1616893 0.1972241 0.2517494 0.3336963 0.5029931 1 9681.818 11609.9 16113.82 18812.19 20381.47 20798.66 21259.2 21773.95 21732.87 21800.28 159252.7 1 
0.203845 0.4869436 0.8966855 0.06164246 0.0902771 0.1137949 0.136722 0.1621528 0.1977629 0.2471224 0.3347901 0.4965632 1 10352.49 12462.79 16767.4 19732.12 21392.9 22145.74 22687.73 22843.04 23238.42 23070.83 167944.1 2 
0.1945559 0.5113023 0.8998987 0.06041197 0.09075301 0.1151546 0.1349458 0.1650445 0.200285 0.2490918 0.3358676 0.4972268 1 9737.639 11632.15 16007.61 18971.75 20133.91 21313.67 21773.46 21767.64 21985.67 21729.84 161187.2 3 
0.1926458 0.5145536 0.9019861 0.05954239 0.08899995 0.115395 0.1372775 0.1651282 0.1947825 0.2451655 0.3326319 0.5032861 1 9556.015 11396.94 15628.78 18877.83 20334.45 21245.41 21157.53 21370.93 21829.42 22090.55 160491 4 
0.2054512 0.4929345 0.8995765 0.06054832 0.09159457 0.1143519 0.138727 0.1632031 0.1992279 0.2483332 0.3359629 0.4996 1 10021.63 12080.58 16724.28 19588.3 21378.96 21976.46 22477.41 22547.01 22864.47 22701.22 165514.6 5 
0.2020893 0.4945273 0.9000372 0.06088035 0.09200111 0.1122241 0.1385365 0.1665943 0.1988959 0.2500393 0.3304493 0.4916908 0.9999998 10076.24 12112.54 16747.8 19223.04 21242.6 22274.49 22393.08 22544.02 22414.89 22321.92 165508.9 6 
0.2063357 0.4864888 0.8976977 0.06053365 0.08937523 0.11592 0.134968 0.1646518 0.2007574 0.2493062 0.3316079 0.4992098 1 10142.54 12235.31 16593.1 20039.85 21238.75 22431.63 23012.17 22994.48 22963.74 23070.57 167552.1 7 
0.1999263 0.5054384 0.9037917 0.06140305 0.09060913 0.113237 0.1358834 0.1619423 0.1988868 0.2462236 0.3312713 0.4993365 1 9977.225 11971.93 16212.32 18946.26 20499.67 21308.77 21973.89 21961.34 22207.2 22398.84 162487.4 8 
0.2052778 0.4793173 0.8984864 0.06044874 0.09238577 0.1172056 0.13601 0.1647636 0.201277 0.2486068 0.3320423 0.4976862 1 10277.04 12386.69 17299.99 20543.55 21624.5 22658.35 23241.05 23110.45 23149.12 23178.73 170012.5 9 
0.1993464 0.5015195 0.8997185 0.0620541 0.09162162 0.1153402 0.1363324 0.1631797 0.1982367 0.2494014 0.3349278 0.5053856 1 10167.16 12193.94 16510.89 19392.44 20702.2 21531.45 21985.68 22230.11 22421.6 22523.7 163843.4 10 
0.1989769 0.5132619 0.8987564 0.06010632 0.09092217 0.1142974 0.1383291 0.1648295 0.1966923 0.2522496 0.331851 0.4967726 0.9999989 9632.411 11549.04 15993.03 18832.85 20523.6 21308.71 21406.63 21944.69 21763.75 21731.26 160256.2 11 
0.2026314 0.4915553 0.896079 0.06184934 0.09152007 0.1139355 0.1364626 0.1610308 0.1994445 0.2484498 0.3341882 0.4960526 1 10283.42 12367.17 16781.49 19545.89 21095.04 21734.59 22546.94 22661.83 22882.41 22713.09 166265.7 12 
0.2083893 0.4711373 0.8996011 0.06133314 0.09042886 0.1173739 0.1386373 0.1626887 0.1997263 0.2446743 0.3330758 0.5016054 1 10570.19 12772.9 17290.45 20873.74 22354.85 22857.86 23471.05 23231.67 23699.48 23879.46 172340.6 13 
0.2020954 0.4859692 0.8996956 0.06212723 0.09247942 0.1131107 0.1379084 0.1631922 0.1982984 0.2457285 0.3393157 0.4969048 1 10445.33 12556.28 17119.97 19646.05 21472.89 22194.69 22640.95 22612.34 23355.81 22896.03 168128 14 
0.1997525 0.5071607 0.8992869 0.06008635 0.09187942 0.1150814 0.1380191 0.1661506 0.1968821 0.2483795 0.3347459 0.4996903 0.9999995 9728.67 11672 16313.98 19163.05 20707.05 21651.36 21631.2 21855.36 22127.62 22058.64 161911.5 15 
0.1966674 0.5083325 0.9008085 0.06068462 0.09121281 0.1142406 0.1373186 0.163254 0.1977795 0.2492055 0.3359707 0.503362 1 9806.504 11735.12 16153.23 18935.85 20502.61 21240.54 21621.49 21885.01 22151.89 22112.82 161597.8 16 
0.197694 0.5048963 0.9030846 0.06030663 0.08923002 0.1159593 0.1357209 0.1646593 0.1951785 0.2493467 0.3364603 0.4934622 1 9816.134 11756.72 15972.34 19311.48 20532.1 21585.07 21620.94 22117.15 22445.54 22025.49 162770.4 17 
