0.003118404 0.009233668 0.002370631 0.0008558758 0.001081435 0.001267632 0.001466947 0.001699739 0.001995885 0.002445206 0.00307699 0.004116933 0 141.5028 173.9156 185.2493 193.4044 197.6444 199.2154 204.116 199.845 205.4485 200.517 1 
0.003108083 0.009262034 0.00238236 0.0008674132 0.001077796 0.001258092 0.001458372 0.001695564 0.002003659 0.002434606 0.003100721 0.0041591 3.748514e-21 142.4504 171.8868 182.7292 191.4282 196.3831 199.3376 200.8393 203.5034 201.1661 199.1885 2 
0.003045039 0.009415586 0.002377783 0.0008530937 0.001072634 0.001259826 0.001450561 0.001684232 0.001984373 0.002414772 0.003053399 0.004083734 1.505088e-18 137.2881 167.5939 179.1014 185.6931 190.7721 192.8142 195.1765 194.9418 196.9205 194.2578 3 
0.00307344 0.009236559 0.002336286 0.0008528979 0.001083793 0.001256873 0.00146187 0.001692574 0.001990794 0.002422219 0.003077661 0.004122105 2.854014e-06 138.7617 171.3955 180.23 190.0801 193.5066 195.7521 198.3744 199.8652 198.8888 198.0973 4 
0.003036288 0.009194567 0.00233699 0.0008546816 0.001081171 0.001255883 0.001457265 0.001693699 0.001991173 0.002416219 0.00305967 0.004096595 2.176905e-06 137.2019 168.5098 177.6748 186.6886 191.1853 192.7059 194.6942 195.6388 197.1577 194.7181 6 
0.003124499 0.009110421 0.002385823 0.0008716319 0.001086784 0.001271942 0.00146654 0.001710694 0.002006759 0.002438793 0.003109374 0.004172739 1.862472e-21 144.3141 174.7903 186.0782 193.3573 199.5772 199.8704 202.8481 205.617 202.7434 202.1708 7 
0.00312198 0.009158781 0.002333469 0.0008504722 0.001073586 0.001253137 0.001452532 0.001689272 0.001997846 0.002428416 0.003073369 0.004119394 4.595821e-20 140.8034 172.9594 183.7176 192.8326 198.1941 201.5941 203.294 203.7578 205.7346 202.1695 8 
0.003128757 0.009111952 0.002380377 0.0008549477 0.001089852 0.001257228 0.001465184 0.001699114 0.002015182 0.002425221 0.003078831 0.004134731 4.066271e-24 141.7175 175.8586 183.6961 194.7302 198.4827 202.8822 200.7788 205.2102 205.9873 201.7313 9 
0.003069811 0.009230026 0.002343812 0.0008607525 0.001078484 0.001264424 0.001461481 0.001696555 0.001996259 0.002424652 0.003074216 0.004115294 2.829993e-16 139.7661 170.0169 181.3771 188.9812 193.6692 195.4706 197.5126 198.6186 198.6047 197.8425 10 
0.00312601 0.009189239 0.002329182 0.0008586726 0.001080327 0.001278531 0.001456208 0.001688896 0.001980624 0.002415538 0.003081255 0.004137995 5.351992e-06 142.532 174.4121 187.8905 191.7491 198.0952 199.1013 203.3948 206.123 205.1867 201.9533 11 
0.003089064 0.009411014 0.002420079 0.0008567578 0.001076132 0.001265857 0.001448541 0.001690883 0.001994367 0.002417365 0.003074683 0.004119033 5.755929e-23 139.5203 170.2779 182.2516 187.5027 194.6142 196.186 197.4324 200.3171 198.7228 197.4429 12 
0.003112577 0.009200564 0.002371068 0.0008619767 0.001079604 0.001266948 0.001448103 0.00169859 0.001988336 0.002416569 0.00305852 0.004101474 1.476812e-06 142.3687 173.2922 185.0361 190.2749 198.8603 197.8947 201.6646 201.9823 205.4545 200.4935 13 
0.003068368 0.009179429 0.002324417 0.0008562638 0.001082083 0.001266304 0.001464934 0.001697124 0.001998015 0.002432875 0.003073931 0.004112265 2.785019e-06 139.594 171.3792 182.1683 190.1309 194.1947 196.3611 198.892 197.9963 199.8953 198.3481 14 
0.003100706 0.009274153 0.002420791 0.0008531427 0.001087228 0.001259346 0.001465544 0.001691658 0.002000279 0.002435846 0.00309156 0.004145147 3.274776e-23 139.5712 173.0487 181.5826 191.7399 194.3827 198.4301 200.2132 201.0855 201.7616 197.3423 16 
0.003103355 0.009070954 0.002349176 0.0008589594 0.001090244 0.001260949 0.001457629 0.001703475 0.002004933 0.002420939 0.003079413 0.004132733 6.99008e-20 141.6061 174.775 183.1349 191.9726 198.3512 199.4594 200.0854 204.0021 203.1575 201.272 17 
0.003074913 0.009184117 0.002367387 0.0008691792 0.001085409 0.00127247 0.001447849 0.001700717 0.001987707 0.002431738 0.003089018 0.004141017 2.12218e-06 141.5336 171.5244 182.8417 186.8777 195.9281 194.2585 200.0693 199.8028 200.3664 196.6988 18 
0.003146375 0.009249096 0.002385803 0.00085482 0.00108141 0.001267169 0.001454055 0.001690682 0.001996491 0.002427044 0.003077323 0.004125963 0 142.2915 175.2283 186.5836 193.0319 199.2614 201.9644 203.9993 205.2005 206.3887 203.2016 19 
0.003128156 0.009210657 0.002386698 0.0008557447 0.001084487 0.001270021 0.001465966 0.00169769 0.002017974 0.002431401 0.003098152 0.004158752 2.256437e-06 142.3233 175.5238 186.6108 194.2936 198.6909 203.4842 201.0619 206.4511 203.4665 202.0596 21 
0.003115636 0.009172422 0.002396664 0.0008430982 0.001083783 0.001263232 0.001459839 0.001694172 0.001991949 0.002431706 0.003093592 0.004147279 1.39736e-06 139.2358 174.3578 184.2023 192.6519 197.5414 199.3884 203.2429 204.2289 202.6039 201.5814 22 
0.00307811 0.009209486 0.002378305 0.0008477375 0.0010793 0.001258086 0.001459891 0.001701356 0.001997196 0.002426889 0.00307692 0.004124679 2.013156e-06 138.1411 171.07 181.0202 190.1391 195.4582 196.2058 198.8506 199.5613 201.0153 196.7638 23 
0.003015962 0.009263808 0.002289016 0.0008576513 0.001081208 0.001246672 0.001445232 0.001693002 0.001993777 0.002432157 0.003081875 0.004124055 2.78918e-06 137.1972 167.8028 175.5153 184.7309 191.1138 192.1163 195.3894 194.8461 195.1838 192.2826 24 
0.003095039 0.008984048 0.002330017 0.0008613264 0.001076669 0.00126942 0.001454947 0.001693592 0.002004979 0.002445863 0.003104502 0.004159349 4.727628e-06 141.4178 171.7334 184.6299 190.2495 196.8485 200.0543 202.6011 203.0354 201.7133 201.4963 26 
0.003091652 0.009214603 0.002320009 0.0008524389 0.001076308 0.001263485 0.001462369 0.001696972 0.002004443 0.002441999 0.003098289 0.004152669 6.810425e-25 139.6122 171.4093 183.0924 191.1994 195.8719 198.8303 200.9988 201.382 201.5732 198.0279 27 
0.003227225 0.008870424 0.00238247 0.0008709505 0.001092886 0.001278283 0.001480856 0.001704707 0.00202249 0.002465972 0.003112504 0.004174957 2.09735e-22 150.4609 183.9374 195.5064 204.5394 207.3171 213.13 214.7251 213.1791 216.7278 213.3716 28 
0.003133713 0.008934893 0.002302889 0.0008585738 0.001088206 0.0012783 0.00146998 0.001713209 0.002015812 0.002454574 0.003125034 0.004196398 2.540383e-06 143.585 177.1225 189.0341 195.7453 202.2591 203.4449 206.3905 208.0286 206.0601 204.2238 29 
0.003104369 0.00933613 0.002351064 0.0008645845 0.001079537 0.001265558 0.001446921 0.001686698 0.001989908 0.00243939 0.003080047 0.004118164 4.528483e-06 141.9873 172.1906 183.6857 188.9733 195.9495 197.9427 202.5963 199.7246 202.168 199.7389 31 
0.003088719 0.009178635 0.002360572 0.0008624584 0.001077507 0.001269979 0.001457789 0.001693467 0.002001655 0.0024254 0.003071826 0.004111205 4.586402e-06 141.5192 171.6874 184.3024 190.0585 195.7471 198.544 199.1447 200.6645 200.5524 200.8168 32 
0.003133508 0.009317318 0.002400641 0.0008622369 0.001089422 0.001260693 0.001445053 0.001695048 0.001996995 0.002421578 0.003068371 0.004109216 1.169158e-20 142.7334 175.383 183.8942 190.8065 199.0004 199.8629 201.8075 203.2963 203.8572 202.7055 33 
0.003083431 0.009057563 0.002364067 0.0008489652 0.001076326 0.001261416 0.001458982 0.001693025 0.002000657 0.002439883 0.00308623 0.004135601 4.246693e-21 138.6994 171.0289 182.3356 190.4796 195.3243 198.5388 201.1067 200.2686 202.5732 198.4047 34 
0.003066911 0.009289813 0.002368736 0.0008478504 0.001064408 0.00125222 0.001453828 0.001686942 0.00199303 0.002419383 0.003071168 0.004112784 NaN 137.1022 167.2581 179.4924 188.1341 192.6024 195.794 197.0207 198.7997 198.1397 196.6197 36 
0.003043446 0.009208828 0.002272168 0.0008509789 0.001086812 0.001254914 0.00146259 0.001688863 0.002013791 0.002435647 0.003087922 0.004135951 1.454666e-06 137.4269 170.5546 178.3176 188.7907 191.2933 197.3024 195.4706 197.8192 197.3274 195.0119 37 
0.003104648 0.009119926 0.002327817 0.0008487449 0.001084891 0.001259253 0.001459405 0.001698457 0.002004629 0.002434282 0.003096288 0.00415298 1.218493e-15 140.131 174.3512 183.4448 192.7716 198.0118 200.4988 202.0663 204.3587 202.7079 201.0735 38 
0.003091433 0.00912868 0.002363507 0.0008599125 0.001078333 0.001256285 0.001458692 0.001692777 0.001992078 0.002423063 0.003073974 0.004122749 4.421546e-23 140.8782 171.6465 181.8954 191.1602 195.5146 197.7326 200.3877 201.4754 202.9031 198.8638 39 
0.003177704 0.009033476 0.002340427 0.0008576636 0.001090862 0.001265502 0.00147934 0.00170432 0.002015537 0.002446478 0.003099308 0.004155422 1.190023e-05 145.1748 179.8951 189.1614 200.8081 202.6369 207.3826 208.0998 209.223 209.6563 208.6749 41 
0.00302794 0.009399874 0.00232821 0.0008653763 0.001077508 0.001261273 0.001451805 0.001676435 0.001983484 0.002411603 0.00305648 0.00409126 1.603491e-06 138.455 167.1055 177.9693 184.4661 188.1543 191.9566 193.3687 194.5159 195.8403 192.4055 42 
0.003149296 0.008967105 0.002358711 0.0008625961 0.001086474 0.001267288 0.001472252 0.001704091 0.00200881 0.002436701 0.003091608 0.00414844 3.768861e-06 144.038 176.5098 187.1268 196.7313 200.4985 203.5999 205.0815 207.0251 207.5591 205.7853 43 
0.003162167 0.008902087 0.002360018 0.0008582117 0.001095561 0.001279355 0.001475184 0.00171404 0.002016574 0.002459632 0.003118296 0.004181722 4.591642e-16 144.7592 180.0208 190.5047 198.3583 203.8017 205.4698 208.917 208.5117 208.6764 207.5017 44 
0.003005892 0.009303834 0.002367416 0.0008659208 0.001069158 0.001262522 0.001464455 0.001695682 0.001978722 0.002418219 0.003084577 0.004130938 3.312935e-16 137.4628 164.3886 177.2231 184.7478 188.2611 188.1937 193.0874 194.5744 191.585 191.1787 46 
0.003106485 0.009057402 0.002347854 0.000862402 0.001074043 0.001268552 0.001461782 0.001706449 0.002002781 0.002440804 0.003084585 0.004134409 0 142.3543 172.2445 185.6341 192.3136 199.0015 199.4106 203.1328 201.8218 205.1342 200.6176 47 
0.003074086 0.009180013 0.002352627 0.0008582301 0.001077068 0.001263356 0.001457419 0.00168777 0.00199607 0.002429661 0.003086017 0.004134188 4.095206e-16 139.4361 169.9634 181.4791 188.7449 193.2187 196.8055 198.6818 200.0893 199.1218 197.9131 48 
0.00314051 0.009118713 0.002401815 0.0008614505 0.001083548 0.001270582 0.001466573 0.001704101 0.00200791 0.002434742 0.00309751 0.004157976 4.215567e-22 143.2657 175.2993 186.9353 194.561 199.8969 202.0317 203.4621 206.3157 205.4016 202.909 49 
0.003128155 0.009097428 0.002369888 0.0008635812 0.00108704 0.001267528 0.001463849 0.001687602 0.001999269 0.002423921 0.003063229 0.004105313 2.800253e-16 143.0954 175.1201 185.4378 193.4878 196.7814 201.6038 202.0501 203.1198 206.0764 203.5025 51 
0.003136865 0.009095216 0.002344353 0.0008747739 0.001076157 0.001262957 0.001464584 0.001703209 0.002003146 0.002438805 0.003092409 0.004149885 2.2563e-18 145.7031 174.0339 186.487 195.0215 200.1598 201.9146 205.009 205.4379 207.2577 202.59 52 
0.003091326 0.009131539 0.002344858 0.000852878 0.001081764 0.0012717 0.001459311 0.001689509 0.001995265 0.002424629 0.003080786 0.004131439 4.752752e-23 140.0988 172.8111 184.5856 190.5927 195.5471 198.6461 200.2913 202.3506 202.1282 199.7227 53 
0.002992748 0.00959326 0.002416024 0.0008534241 0.00106026 0.00125264 0.001439212 0.001674188 0.001973567 0.00240477 0.00305095 0.004081102 5.126386e-20 134.0762 161.4514 174.1514 179.7764 185.4204 187.365 190.036 190.7163 191.4571 187.2861 54 
0.003121346 0.00905722 0.002369829 0.0008657627 0.001089359 0.001265122 0.001459705 0.00170575 0.00200628 0.002446088 0.003100645 0.004157292 1.833477e-19 143.5425 175.5799 185.0601 193.1928 199.8264 200.7541 204.3295 204.0705 204.9907 201.9617 56 
0.003104398 0.009049471 0.002319485 0.0008669694 0.001075836 0.001272955 0.001460766 0.001699411 0.002003507 0.002434201 0.00309029 0.004142524 7.082326e-17 143.2387 172.5885 186.3841 191.8908 198.1477 200.1697 202.1554 203.7214 203.1428 202.1592 57 
0.003088872 0.009312298 0.002398252 0.0008563789 0.001085176 0.001257546 0.001459363 0.001678269 0.002002753 0.002426279 0.003068831 0.004109667 4.534389e-17 139.6342 171.996 180.6877 190.0748 192.1423 199.0438 197.7334 199.2176 200.9189 197.6247 58 
0.003150695 0.009102484 0.002361059 0.0008582798 0.001080814 0.001272347 0.001452953 0.001705949 0.002006188 0.002439977 0.003096059 0.004152754 2.428769e-22 143.6434 176.0481 188.6105 193.6568 202.912 202.9865 206.105 206.9627 207.2432 204.7049 59 
0.003126041 0.009050794 0.002375515 0.0008607048 0.001084084 0.001257364 0.001459203 0.001692775 0.002002799 0.002430248 0.003089933 0.004149997 3.112781e-23 142.8739 175.0298 184.3724 194.0594 198.4907 202.305 203.359 206.0889 206.2121 201.9554 61 
0.003025665 0.009458588 0.002352019 0.0008533385 0.001074131 0.001251484 0.001448167 0.001679368 0.00198544 0.002415277 0.003048191 0.004070077 1.277382e-06 136.1711 166.3201 176.1102 184.2274 188.4666 191.652 193.3077 192.5663 194.1811 193.6176 62 
0.003063531 0.00901913 0.002331988 0.0008620274 0.001076044 0.001268227 0.001465536 0.00169923 0.002022659 0.002443213 0.003100601 0.004159327 4.223476e-06 140.6647 170.4591 183.1407 190.4057 194.9413 199.8584 197.9055 200.8513 200.3245 197.0844 63 
0.003138943 0.009119965 0.002361021 0.0008563576 0.001087716 0.001272649 0.001463385 0.001693908 0.002007195 0.002440396 0.003092066 0.004145239 1.128435e-19 142.6868 176.417 187.3121 194.2706 199.0679 203.2366 204.3962 205.2633 206.1858 203.6473 64 
0.003043696 0.009252725 0.002321093 0.0008565279 0.001075845 0.001258897 0.001454606 0.001698118 0.00200461 0.002440859 0.003079113 0.004122436 2.443279e-23 138.1026 168.4035 179.2828 186.9469 192.9825 194.8298 196.9355 195.2332 199.1966 192.9773 66 
0.003057407 0.00919422 0.002325082 0.0008566664 0.001080171 0.001271574 0.001461745 0.001695374 0.002009111 0.002443134 0.003103605 0.004160995 2.893128e-21 139.26 170.5657 182.5847 188.6927 193.6853 197.2024 198.0824 199.4286 198.7672 194.9915 67 
0.003067721 0.009282311 0.002378434 0.0008606244 0.001080001 0.001262791 0.001451701 0.001679578 0.001981694 0.00242161 0.003075293 0.004118214 1.916697e-17 139.6922 170.2058 180.9035 187.4748 191.9462 194.9847 198.4929 198.9646 198.6503 196.7958 68 
0.003100176 0.008977016 0.002328739 0.0008626229 0.001089101 0.001263919 0.001459678 0.001700188 0.002002323 0.002433253 0.003082387 0.004134913 1.019093e-22 141.8776 174.1012 183.3465 191.7162 197.4624 199.2922 201.694 202.4863 204.5698 200.7935 69 
0.003092012 0.009176479 0.002349668 0.0008675798 0.001075283 0.001271522 0.001474584 0.001703705 0.00200507 0.002446967 0.003100285 0.004151303 1.315204e-16 142.3067 171.1923 184.7326 192.5018 195.7434 198.189 201.2432 200.5037 200.9129 199.0541 71 
0.00312525 0.008989128 0.002307176 0.0008612021 0.001083444 0.00126164 0.001471864 0.001702349 0.002015065 0.002443203 0.003102315 0.004162342 1.480096e-06 143.3552 175.3876 185.6573 196.2667 199.3567 203.6491 203.9876 206.2132 205.508 203.735 72 
0.003110691 0.008931716 0.002295286 0.000859385 0.001086498 0.001264443 0.001466165 0.001693053 0.002010656 0.002434836 0.003093047 0.004151417 5.371613e-16 142.2156 174.8475 184.7918 194.0044 197.3613 202.7122 202.2856 205.4078 204.8707 202.9168 73 
0.003089709 0.009186041 0.002277305 0.0008600725 0.001080682 0.001264479 0.001462817 0.001688291 0.001997893 0.002427637 0.003081808 0.004130645 1.607445e-19 140.8345 171.9227 182.945 191.0294 194.3777 198.6296 199.8025 201.6146 201.5915 199.4215 74 
0.003082244 0.009309467 0.002327773 0.0008621674 0.001076588 0.001263474 0.00145147 0.001693065 0.001991643 0.002433366 0.003072114 0.004106892 2.431867e-19 141.1928 171.1753 182.8586 189.0791 195.6106 196.6619 200.6422 198.4458 200.6266 198.897 76 
0.003110233 0.009091617 0.002329368 0.0008705165 0.00109112 0.001271782 0.001467491 0.001708164 0.002013757 0.002449784 0.003102315 0.004159675 1.235168e-24 144.187 175.5624 185.7659 193.4534 198.944 200.7805 202.9265 202.8968 204.5407 200.4582 77 
0.003118946 0.009065108 0.002363987 0.0008587886 0.001080943 0.001268127 0.001464788 0.001698605 0.002018445 0.00245008 0.003097083 0.004150634 1.649387e-16 142.5162 174.4532 186.1828 193.9353 198.7146 203.3882 203.3219 203.5091 205.3204 201.847 78 
0.003160428 0.009045303 0.002353295 0.0008626461 0.001091638 0.001275818 0.001469632 0.001698621 0.002011489 0.002451177 0.00309477 0.004150136 3.892271e-06 144.901 178.5005 189.296 196.7488 200.9922 205.2595 207.1633 205.9782 210.014 204.9024 79 
0.003110795 0.00891232 0.002323291 0.000868573 0.001090479 0.001268121 0.001462306 0.001710309 0.002023209 0.002456732 0.003116417 0.004180102 8.600655e-06 144.334 176.0806 185.9318 193.8138 200.7338 202.9785 204.1163 205.2142 204.6055 202.6316 81 
0.00310691 0.009060188 0.00231416 0.0008618972 0.001081888 0.00126859 0.001453637 0.00169051 0.00199848 0.002434513 0.003080376 0.004128807 3.794123e-07 142.2138 173.4869 185.0825 190.9944 197.3232 200.2804 202.7507 202.6199 204.9375 201.409 82 
0.003121362 0.009067379 0.002353656 0.0008650378 0.001083437 0.001260317 0.00146568 0.001699786 0.002010454 0.002447151 0.003107745 0.004169474 8.738894e-20 143.2636 174.4104 184.4791 194.3324 198.405 202.0727 203.8744 204.9824 204.6648 201.5436 83 
0.003112393 0.00925127 0.002434895 0.0008644874 0.001076365 0.00125631 0.001457377 0.001694179 0.001998732 0.002443874 0.003102372 0.004150982 3.509819e-06 142.4602 172.3033 183.1148 192.0448 196.9209 199.4969 203.1333 202.6418 200.3735 201.4632 84 
0.00315154 0.009117046 0.002369633 0.0008655617 0.001091934 0.001272655 0.001460962 0.001700027 0.002007551 0.002442921 0.00310811 0.004169639 1.266547e-24 145.4121 178.4763 188.6604 195.4369 201.6407 204.1021 206.3004 208.2556 206.2574 205.3153 86 
0.003105746 0.009191076 0.002397267 0.0008542706 0.001074292 0.001280796 0.001464163 0.001679877 0.002002318 0.002431283 0.003085494 0.004138266 9.011985e-22 140.2787 171.5433 186.5041 190.6697 194.0093 200.6404 200.1609 202.3275 202.9319 199.0991 87 
0.003142883 0.009094804 0.002373319 0.000861641 0.001081001 0.001271946 0.001456773 0.001701646 0.002008997 0.002441025 0.003083645 0.004132993 7.023981e-19 143.9227 175.6313 188.1091 193.7576 201.3417 203.2022 205.0745 204.7205 207.6574 204.0204 88 
0.003106795 0.009061371 0.002299982 0.000868102 0.001090849 0.001272691 0.001450521 0.001693046 0.002003235 0.002445358 0.003102013 0.004157436 4.746011e-06 143.2517 174.8826 185.2493 190.1852 197.8061 200.3771 203.3998 203.5234 203.49 201.5168 89 
0.00308343 0.009309374 0.002307169 0.0008598686 0.001081528 0.001260224 0.001458491 0.001698952 0.001997549 0.002427888 0.003085524 0.004136935 5.106889e-23 140.4647 171.6399 181.6829 190.0744 195.467 196.646 199.099 200.7214 200.6689 196.9107 91 
0.003073148 0.00915743 0.00230203 0.0008647911 0.001084115 0.001269838 0.001464842 0.001692464 0.002012796 0.002448301 0.003096513 0.00414666 2.299595e-16 141.5302 172.258 183.4006 190.5845 194.2963 199.4 199.6842 199.5259 200.8511 197.5357 92 
0.003041901 0.00934381 0.002368716 0.0008692384 0.00107015 0.001251398 0.001454894 0.001684038 0.001989509 0.002431769 0.003076703 0.004111042 1.296591e-06 139.418 166.2992 177.4513 186.2974 189.7586 193.1729 196.2788 194.9965 195.1775 194.7402 93 
0.003064064 0.009159417 0.002332376 0.0008529826 0.001090502 0.001262038 0.001471407 0.001696097 0.002001628 0.002432576 0.003077904 0.00412231 5.172726e-18 138.7543 172.4487 180.6038 191.0401 192.9667 196.5318 197.8862 198.1176 199.9595 196.8972 94 
0.003107454 0.008920873 0.002334354 0.0008590851 0.001083937 0.001264113 0.001466807 0.001699682 0.002005054 0.002449377 0.003108898 0.004167607 3.852858e-06 142.3282 174.6192 185.0809 194.3089 198.4336 201.4896 204.882 204.7273 204.0137 202.9716 95 
0.00308633 0.009291197 0.002352631 0.0008550177 0.001070336 0.001262723 0.001447186 0.00167572 0.001991528 0.002431176 0.003088921 0.004139 1.946929e-23 139.9296 170.2134 183.064 188.6068 193.8868 198.7554 200.7305 201.5902 200.6184 197.9463 96 
0.003067006 0.009238041 0.002325843 0.0008599398 0.001081601 0.0012641 0.001457323 0.001687244 0.002005617 0.002440907 0.003099327 0.004149654 2.767581e-06 139.5041 170.3897 181.0026 188.2719 192.6252 197.4366 198.2194 199.4599 197.6684 196.9987 97 
0.003029052 0.009375645 0.002349418 0.0008679848 0.001082224 0.001255008 0.001455228 0.001689257 0.001985129 0.002421394 0.003073507 0.00411107 5.687935e-16 139.209 168.2241 177.1652 185.8398 189.9125 191.3897 194.8007 195.17 194.3292 193.577 98 
0.003141241 0.009058648 0.002384884 0.000864618 0.001087955 0.001273896 0.001466838 0.001705175 0.00200521 0.002430429 0.003092954 0.004153901 3.269942e-23 144.3872 176.7178 187.9848 195.0959 200.7341 202.205 203.954 207.078 206.5502 203.7476 99 
0.003098091 0.00923977 0.002305616 0.0008465697 0.001078256 0.001258895 0.001453707 0.001681309 0.001984286 0.002426544 0.003064723 0.004102901 1.063992e-05 138.9883 172.2596 182.6388 190.7094 194.9089 198.3206 202.0648 200.2935 203.7861 199.8138 100 
0.003001535 0.009172571 0.002296832 0.0008541701 0.001083605 0.001263574 0.001460113 0.00168293 0.00198893 0.002429162 0.003078601 0.004121272 2.571124e-06 136.2112 167.6822 177.3768 185.0288 187.8323 191.5486 194.183 193.8691 194.804 191.4491 1 
0.003156971 0.009002863 0.002387556 0.0008656239 0.001082337 0.001267668 0.001463511 0.001695132 0.002006064 0.002435157 0.003095686 0.004154896 4.46494e-19 145.564 177.0329 188.7365 196.6007 201.3065 205.3165 206.3866 209.0194 207.9464 206.6905 2 
0.003052273 0.009420128 0.002361532 0.0008520332 0.00107487 0.001262164 0.001442929 0.00168748 0.001997978 0.002424278 0.003077095 0.004117877 4.829031e-20 137.5142 168.5011 179.9177 185.0469 192.5661 194.8384 195.6253 197.3628 196.043 194.8274 3 
0.003044379 0.009522394 0.002342628 0.0008447653 0.001062976 0.001258019 0.001448045 0.001685906 0.001974895 0.002395719 0.003042244 0.004073535 0 135.739 165.9211 179.0394 185.2218 191.0931 191.3186 193.8882 195.9302 196.7397 193.4687 4 
0.003112889 0.008908312 0.00232374 0.0008588927 0.001089701 0.001272386 0.001474439 0.001706025 0.002018658 0.002451224 0.003115991 0.00418326 2.405978e-06 142.2808 175.604 186.1243 194.9306 198.7231 202.6079 203.433 205.5812 204.5325 202.212 5 
0.00311636 0.009054624 0.002343135 0.0008598038 0.001089395 0.001260021 0.001467423 0.001711449 0.002015715 0.002450757 0.003100712 0.004150285 1.186743e-05 142.5665 175.6771 184.185 194.7765 199.9183 201.4998 203.6963 203.292 203.3628 203.3859 6 
0.003150846 0.008886305 0.002359464 0.0008597394 0.001078913 0.001278745 0.001461581 0.001707037 0.002024308 0.002457653 0.003112829 0.004176707 0 144.2129 176.118 190.3757 195.1891 203.2208 206.3167 207.0321 207.8695 208.5514 205.8413 7 
0.003064172 0.009150677 0.002283629 0.0008608671 0.001078753 0.001258886 0.001451266 0.001683616 0.001996249 0.00241892 0.003065714 0.004107503 6.358008e-19 140.0537 170.3727 180.8426 188.2622 193.1971 197.2633 197.5201 199.5571 200.3486 198.0186 8 
0.003185731 0.008921165 0.002370533 0.0008597037 0.001095453 0.001289022 0.001471287 0.001714549 0.002033905 0.002465176 0.003123561 0.004192019 9.267534e-07 146.2451 181.6168 193.8616 198.771 206.2591 209.4879 209.3551 210.7741 210.9637 208.7623 9 
0.003090983 0.009157203 0.002345035 0.0008661422 0.001085089 0.001270747 0.001458593 0.00169379 0.002002875 0.002436977 0.003093453 0.004149238 9.625766e-18 142.4404 173.3135 184.4775 190.6211 196.1474 199.1162 200.8701 202.0314 202.6423 198.3284 10 
0.003029778 0.009191814 0.002340238 0.0008506381 0.001077746 0.001260673 0.001459211 0.001694685 0.001992936 0.002435375 0.003081731 0.004121421 3.322733e-06 136.5798 168.0516 178.6215 186.6648 191.2491 192.8204 196.5616 195.1329 195.9229 194.351 11 
0.003142325 0.009061626 0.002400071 0.0008675035 0.001088757 0.001269428 0.001462673 0.001691037 0.002009552 0.002441975 0.003099804 0.004156587 2.556465e-17 144.5347 176.3777 186.8062 194.385 198.666 203.9225 204.471 206.3482 205.5592 204.4892 12 
0.003222699 0.008782453 0.002355196 0.0008684486 0.00108989 0.001292696 0.001487074 0.001716749 0.002035358 0.002459998 0.003125739 0.00420535 1.059902e-19 149.7758 183.1531 197.8975 204.1494 208.5789 213.4088 212.2796 215.9721 215.9807 212.6149 13 
0.003166123 0.00907346 0.002364717 0.0008700721 0.001094484 0.001268026 0.001469894 0.00170341 0.002013554 0.00243905 0.003111954 0.004180422 4.759109e-21 146.531 179.3266 188.3607 197.8633 201.9718 205.5212 206.019 210.4723 207.0632 206.4542 14 
0.003055377 0.00916298 0.002336748 0.0008516685 0.001084029 0.00126726 0.001462146 0.001704194 0.002000788 0.002431577 0.003089231 0.004139851 4.00867e-18 137.9761 170.6842 181.0534 188.5035 194.2402 194.7679 197.3302 198.7046 198.0575 195.9835 15 
0.003061664 0.009321058 0.002339266 0.0008557045 0.001080231 0.001262066 0.001456515 0.001689096 0.001994601 0.002426549 0.003083127 0.004131444 0 138.3885 169.7054 180.1199 187.6353 192.2208 195.0773 196.9608 198.4965 198.179 194.9098 16 
0.003074669 0.009263097 0.002311249 0.0008530448 0.00106973 0.001267669 0.001451088 0.001692368 0.001986386 0.002422249 0.003080175 0.004123868 1.320508e-17 139.0399 169.3912 183.0694 187.9942 195.0099 195.4993 199.3884 200.4886 198.5038 198.863 17 
