0.193079 0.2102854 0.9051329 0.03436639 0.06055756 0.08443265 0.1114103 0.1393809 0.1792611 0.2337534 0.3201915 0.4914469 1 9164.349 10933.79 17704.76 23843.35 29279.14 33084.41 36750.5 39590.69 41750.55 43648.01 266666 1 
0.1923657 0.2104291 0.9010205 0.03412792 0.06430439 0.08540533 0.1138882 0.1389331 0.1798747 0.2365553 0.3160799 0.4991145 0.9999999 9095.606 10845.29 18639.46 24156.86 29735.96 32840.74 36551.74 39640.71 40890.31 43790.61 266515.1 2 
0.197704 0.2017578 0.8909618 0.03607459 0.06034699 0.08656789 0.1147561 0.1394164 0.1786788 0.2294042 0.3268141 0.4892859 1 9947.502 11914.16 18395.75 25258.14 31173.99 34319.6 37839.94 40228.01 43903.02 44911.88 275748.2 3 
0.2134028 0.1811922 0.8971805 0.03733424 0.06363031 0.08680547 0.1144004 0.1432237 0.1826316 0.2330559 0.3150544 0.501151 1 11247.9 13648.23 21367.13 28133.85 34375.06 38791.66 42644.41 44945.8 46755.54 50469.03 301275.7 4 
0.1974796 0.2034868 0.8960377 0.03603428 0.06240226 0.08515243 0.1144885 0.1436592 0.1795459 0.23444 0.3179914 0.4912447 1 9828.015 11768.85 18730.45 24689.5 30694.63 34749.85 37566.26 40311.59 42116.68 44303.63 272740.7 6 
0.1972129 0.2038213 0.9097923 0.03630424 0.06152149 0.08623377 0.11231 0.14443 0.1827033 0.2350353 0.3270565 0.4973964 1 9885.858 11835.48 18478.58 24881.48 30181.01 34804.03 38090.04 40343 42903.75 44227.6 272305.9 7 
0.1976971 0.199352 0.9055221 0.03662958 0.05975141 0.08575024 0.1145853 0.1420897 0.1780661 0.2377097 0.3244807 0.4863294 1 10228.19 12250.27 18495.27 25345.39 31507.69 35321.22 38260.8 41883.49 43991.28 44853.07 279233.1 8 
0.2028332 0.1984852 0.8948174 0.03634684 0.06244022 0.08639468 0.1099517 0.1402757 0.1809163 0.2351752 0.3204361 0.4988198 1 10131.6 12186.63 19244.31 25661.35 30503.29 34913.79 38933.94 41811.37 43822.99 46276.29 278747.8 9 
0.2114782 0.1831364 0.905057 0.03735091 0.06235377 0.08497098 0.1114289 0.1408654 0.1810146 0.2346205 0.3227218 0.4979089 0.9999996 11210.39 13581.15 20887.78 27436.88 33424.58 38096.88 42312.01 45310.84 47864.39 50124.56 300137 11 
0.1932287 0.2088391 0.8965498 0.03549584 0.06051013 0.08455153 0.1138387 0.1416673 0.1810821 0.2323819 0.3220053 0.4884351 1 9485.614 11318.51 17783.31 23910.39 29855.44 33598.12 37024.6 39241.23 41712.44 43159.9 267231.7 12 
0.2118407 0.1891828 0.8997578 0.03424435 0.06331647 0.08466277 0.1111834 0.143925 0.1813146 0.2365687 0.3167266 0.5011603 1 9905.58 12003.99 20230.78 26439.26 32230.98 37467.27 40980.81 43977.81 45393.07 48620.57 289261.7 13 
0.1990217 0.1938717 0.8965498 0.03596907 0.06166658 0.0846925 0.1094042 0.1443815 0.1726259 0.2330721 0.3254435 0.4935437 0.9999995 10295.39 12344.39 19472.67 25803.86 31063.14 36655.62 38469.46 42480.49 45747.04 47254.23 286228.8 14 
0.1985112 0.2032659 0.9015204 0.0358981 0.06060395 0.08716026 0.11079 0.1380749 0.1808278 0.2329853 0.3205988 0.4904376 0.9999994 9824.252 11774.48 18327.49 25241.42 30077.26 33749.45 38056.55 40650.36 43000.39 44840.28 273670.5 16 
0.1962198 0.20057 0.8988357 0.03673912 0.06095771 0.08695833 0.116097 0.1401897 0.1822529 0.2348538 0.3189117 0.4991803 1 10195.48 12196.03 18687.99 25495.21 31611.11 34602.77 38535.1 41013.36 42804.4 45452.63 277510 17 
0.177279 0.2324054 0.8937726 0.03517831 0.06185147 0.0839426 0.1083496 0.1396179 0.1793707 0.2345178 0.3249563 0.4914777 0.9999999 8579.898 10100.93 16345.42 21429.1 25710.61 29733.82 33099.44 35725.61 38002.93 39070.59 243897.4 18 
0.2040066 0.1933254 0.8972608 0.03597913 0.06092802 0.0871086 0.1115714 0.1413827 0.1781795 0.2356821 0.3188191 0.4971048 1 10241.7 12331.08 19235.19 26371.6 31626.92 36001.24 39319.14 42779.13 44664.36 47280.72 284656.8 19 
0.2089059 0.1948117 0.8954123 0.03613068 0.06173989 0.08926601 0.1099411 0.1425293 0.1828163 0.2358252 0.3254657 0.4890878 1 10245.49 12385.84 19462.35 26957.82 31308.97 36169.31 40142.85 42736.93 45156.07 46155.76 283567.6 21 
0.2065999 0.1934607 0.8993971 0.03431861 0.06427139 0.08676253 0.1113632 0.1442153 0.1828672 0.2368248 0.3251537 0.4869454 1 9764.188 11781.47 20092.72 26457.19 31612.67 36620.3 40216.91 42861.57 45060.17 45899.63 284515.9 22 
0.2029614 0.1954233 0.8952647 0.03517541 0.06072587 0.08737382 0.1115049 0.1412384 0.1828022 0.2332757 0.3152867 0.4941625 1 9932.358 11948.24 18968.83 26208.06 31359.21 35670.59 39812.62 42048.53 43734.55 46652.73 282366.5 23 
0.210302 0.1918121 0.9009539 0.03586472 0.06164857 0.08735678 0.113975 0.1402399 0.1766256 0.2367057 0.3261023 0.4868859 0.9999999 10222.9 12372.8 19544.15 26637.36 32425.74 36062.68 39249.69 43195.73 45827.43 46607.24 285040.7 24 
0.1908781 0.214257 0.8978318 0.03648048 0.06126349 0.08472642 0.1104587 0.1393243 0.1785298 0.2328556 0.3314656 0.4882385 1 9540.135 11361.14 17605.36 23401.38 28380.63 32248.58 35746.95 38528.72 41977.09 42106.64 261513.5 26 
0.2035555 0.1970107 0.8974161 0.03620265 0.06143443 0.0851744 0.111636 0.1411938 0.1826806 0.2330402 0.3227 0.485207 1 10171.43 12241.88 19127.53 25540.68 31154.75 35505.02 39632.01 41853.49 44401.77 45579.94 280958.1 27 
0.1922148 0.2082124 0.905652 0.03443814 0.06168287 0.08546809 0.1122507 0.1386498 0.1779535 0.2311079 0.3203133 0.4916983 1 9211.834 10982.49 18042.29 24180.86 29526.42 32955.44 36493.16 39211.6 41848.72 43843.23 267489.3 28 
0.2033542 0.1895764 0.9056024 0.03672563 0.06240664 0.08557437 0.1101606 0.1396261 0.1821052 0.2377507 0.3173536 0.491297 1 10659.89 12827.63 20057.3 26511.96 31798.53 36249.79 40792.42 43982.69 45254.64 47576.07 290257.5 29 
0.2085652 0.189169 0.9003861 0.03690391 0.06173777 0.08572 0.1124907 0.1415042 0.1758552 0.2360592 0.3211307 0.4935627 1 10689.14 12918.53 19916.65 26589.98 32464.84 36823.9 39743.62 43760.61 45990.71 48055.36 289648 31 
0.2027297 0.1934649 0.9016778 0.03693494 0.06223468 0.08499174 0.1107838 0.1436679 0.1821446 0.2279928 0.3263526 0.4908474 0.9999996 10596.32 12744.51 19778.84 26031.13 31541.76 36681.69 40318.49 41835.76 45680 46950.1 286891.6 32 
0.1939326 0.2079967 0.9085149 0.03566112 0.06110656 0.08344394 0.112929 0.1444333 0.1806471 0.237705 0.3162378 0.4965657 1 9567.522 11422.98 18024.93 23765.22 29751.72 34295.45 37175.8 40119.84 41156.18 43815.71 268290 33 
0.2088576 0.1875391 0.8969234 0.03562563 0.06328765 0.08554948 0.1156706 0.1393888 0.1813387 0.24066 0.3172044 0.4954275 1 10376.26 12543.42 20396.15 26768.44 33420.79 36637.52 40856.91 44609.37 45423.98 47992.64 291258.2 34 
0.1942887 0.2050916 0.9039834 0.03640111 0.06098937 0.08447703 0.1109789 0.1403941 0.1819066 0.2300547 0.3209547 0.4907276 0.9999994 9873 11791.21 18230.78 24273.97 29651.25 33804.36 37802.01 39660.39 42418.28 44281.33 271228 36 
0.2108184 0.1848708 0.8934015 0.03517099 0.06312265 0.0848783 0.1133048 0.1387714 0.1810847 0.2393607 0.3241668 0.4847783 1 10423.56 12621.04 20710.33 27104.6 33491.58 37226.64 41749.49 45498.36 47394.58 48198.11 296368.2 37 
0.199809 0.2003492 0.8981823 0.03598887 0.06073778 0.08529169 0.1085168 0.1390909 0.1791062 0.2342793 0.3221546 0.4971068 0.9999996 9972.826 11965.49 18616.05 25120.24 29924.93 34437.86 38429.78 41554.68 43972.23 46094.72 277108.6 38 
0.2064575 0.187381 0.8999101 0.03621995 0.06267078 0.08616601 0.111136 0.1418253 0.1798824 0.2391896 0.3253223 0.4965738 0.9999999 10592.83 12779.8 20303.23 26956.89 32397.66 37124.95 40793.19 44548.99 46580.91 48115.62 292458.5 39 
0.2035361 0.191551 0.899888 0.03583729 0.06150797 0.08633406 0.1100783 0.1428199 0.1795426 0.2312249 0.3219599 0.4939471 0.9999995 10347.57 12453.67 19657.97 26557.32 31682.21 36788.23 40181.33 42723.42 45674.53 47763.25 288737.4 41 
0.1993772 0.2004864 0.8932193 0.03543953 0.06097602 0.08775059 0.1135313 0.1432327 0.1800643 0.2381681 0.3169045 0.4947662 1 9791.826 11744.09 18591.91 25666.79 31035.95 35174.7 38234.22 41482.89 42594.06 45097.43 276296.8 42 
0.1918459 0.203951 0.8989494 0.03584971 0.0605353 0.0849463 0.1111733 0.1413273 0.1828047 0.2323758 0.3154284 0.4877117 1 9815.921 11699.06 18225.23 24564.03 29942.53 34251.94 38233.88 40226.13 41989.05 44331.35 273807.5 43 
0.1951822 0.2039878 0.9015355 0.03620865 0.06160861 0.08778916 0.1127415 0.1375804 0.1837086 0.2370757 0.3214065 0.5004825 0.9999999 9863.13 11788.24 18475.21 25233.73 30261.78 33339.44 38098.25 40714.76 42367.12 44640.6 272397.1 44 
0.2024178 0.198895 0.9105464 0.03460596 0.06105437 0.08482936 0.113674 0.1397828 0.1809246 0.2371948 0.3109311 0.498061 0.9999999 9663.111 11619.1 18810.3 25278.79 31448.3 35064.27 39050.68 42216.37 42855.01 46544.8 279232.5 46 
0.2027281 0.2008246 0.9041264 0.03542834 0.06077356 0.08572274 0.11257 0.138391 0.1801063 0.2351739 0.3186634 0.4955883 1 9754.948 11732.55 18519.26 25137.69 30769.3 34246.88 38350.07 41398.53 43238.69 45689.32 275343.1 47 
0.2037948 0.2024914 0.8943946 0.03717686 0.06153868 0.0873016 0.113332 0.1415997 0.1820716 0.2326287 0.3166333 0.4858522 1 10173.22 12246.47 18709.41 25398.82 30751.91 34600.53 38324.38 40492.08 42387.43 44431.97 273644 48 
0.1957757 0.2018844 0.8966127 0.03544765 0.06056744 0.08403266 0.115047 0.1402838 0.1769782 0.2337019 0.3243925 0.4986106 1 9792.473 11709.6 18431.21 24643.48 31203.19 34573.35 37641.1 40921.74 43700.24 45616.41 276251.7 49 
0.1983244 0.2023857 0.9015723 0.0360835 0.0599449 0.08657734 0.1105365 0.1436784 0.1782243 0.2353625 0.3218621 0.4974831 1 9946.629 11919.29 18291.8 25253.11 30227.86 35152.48 37943.21 41136.52 43304.34 45426.81 275655.9 51 
0.1972098 0.205007 0.8946476 0.0345174 0.0617049 0.08567042 0.1113444 0.1415572 0.1795461 0.2370449 0.3242087 0.49445 0.9999998 9394.634 11247.35 18432.67 24758.15 29983.88 34272.31 37636.84 40869.42 42961.92 44444.25 272170.9 52 
0.2077948 0.1925089 0.8984414 0.03585238 0.0605436 0.0881962 0.1109868 0.1419269 0.1803053 0.2393668 0.3186839 0.49534 1 10238.9 12366.48 19240.13 26812.2 31748.92 36357.03 39996.06 43613.46 44812.71 47170.81 285584.8 53 
0.1955254 0.2005798 0.8988044 0.03533852 0.06191132 0.08593568 0.1104195 0.1411526 0.1783229 0.2370577 0.3200436 0.4904517 1 9826.282 11747.57 18903.74 25320.02 30347.69 34814.63 38143.22 41686.87 43407.38 45224.6 278061.5 54 
0.1982326 0.2025429 0.8953104 0.03628466 0.06238779 0.08359876 0.1101244 0.1419614 0.1760388 0.2396265 0.3226542 0.4916583 0.9999998 9933.761 11902.96 18819.9 24411.29 29804.14 34546.5 37319.67 41574.35 43232.32 44685.42 273773 56 
0.1855263 0.2169539 0.900064 0.03494403 0.06060383 0.08510126 0.1124426 0.1393699 0.1804729 0.2328343 0.3236455 0.4912576 0.9999999 9061.638 10742.81 17159.61 23190.05 28486.96 31890.7 35567.14 37948.19 40470.9 41829.19 259318.6 57 
0.1965492 0.2119192 0.9012415 0.03546893 0.06228999 0.08507201 0.1107298 0.142955 0.1769239 0.2365109 0.321188 0.4936394 1 9361.86 11201.93 18059.74 23858.49 28874.59 33441.63 36024.58 39485.77 41359.82 43182.25 263945.4 58 
0.2052854 0.1947038 0.8984598 0.0363182 0.06153686 0.08476155 0.1105889 0.1394674 0.1816805 0.2401811 0.3193845 0.4892442 1 10282.59 12393.45 19334.06 25672.41 31186.59 35471.72 39868.6 43437.35 44535.91 46278.45 283125 59 
0.2089495 0.1894037 0.8917478 0.03712156 0.06220989 0.08626291 0.1135963 0.1441059 0.1825006 0.230096 0.3246447 0.4962799 1 10775.81 13027.41 20110.27 26813.3 32809.98 37449.56 40986.86 42744.03 46059.73 47955.74 290284.4 61 
0.1966403 0.2030508 0.8941497 0.03684546 0.06152026 0.08528275 0.1122524 0.1390741 0.1788373 0.2355006 0.3186026 0.4986261 1 10135.59 12128.65 18684.66 24879.58 30423.35 34063.19 37785.71 41046.43 42839.69 45501.45 275083.7 62 
0.1915137 0.2047657 0.906219 0.03508533 0.06235948 0.08695673 0.1087646 0.137676 0.1797314 0.2349118 0.3192269 0.4951009 1 9606.175 11445.89 18666.7 25115.31 29409.6 33384.2 37634.78 40701.44 42618.32 44929.84 273794.6 63 
0.1960121 0.2034857 0.9016328 0.03558887 0.05959823 0.08600361 0.1107442 0.139417 0.1812567 0.2297997 0.3190278 0.4891947 0.9999999 9769.848 11684.86 18069 24954.17 30092.14 34110.59 38251.2 40262.72 42926.26 44996.77 274519.8 64 
0.1914669 0.2159342 0.9009901 0.03502865 0.06220659 0.08499688 0.1093062 0.1417723 0.1788739 0.235263 0.3282643 0.4780837 0.9999999 9081.998 10820.9 17635.4 23319.23 27931.27 32457.43 35569.39 38513.08 41202.17 40983.47 259273.4 66 
0.2005838 0.1950998 0.9043073 0.03643291 0.06114695 0.08458797 0.1117843 0.1397331 0.1805179 0.2335581 0.325194 0.4938204 0.9999999 10302.46 12368.97 19142.12 25478.5 31287.83 35340.2 39389.61 42148.45 45001.66 46477.44 282778.9 67 
0.2047443 0.1970574 0.9011603 0.03546703 0.06139865 0.08784734 0.1128744 0.1435994 0.1775206 0.2346815 0.3264189 0.4934025 1 9951.97 11989.58 19072.09 26220.63 31522.97 35972.2 38615.89 41885.81 44746.39 45988.93 280597.8 68 
0.2032907 0.1941816 0.9006354 0.03679127 0.06134363 0.08593133 0.1130696 0.1439601 0.1805882 0.2328451 0.3235989 0.4887104 1 10490.03 12622.55 19413.01 26098.36 31948.58 36581.19 39744.65 42213.99 44974.34 46318.84 285122.7 69 
0.1839126 0.2180842 0.9051941 0.03711081 0.06078094 0.08542342 0.1133983 0.1413061 0.1796768 0.2357389 0.3199928 0.4976413 1 9587.511 11350.78 17207.46 23123.07 28483.85 32009.15 35116.8 37917.93 39610.01 41798.54 258348.2 71 
0.1905792 0.2114747 0.9018551 0.03492865 0.06056653 0.08487787 0.110867 0.1434491 0.1797175 0.236339 0.3220595 0.4903525 0.9999998 9249.029 11011.7 17576.3 23726.4 28878.61 33524.65 36458.81 39385.06 41261.03 42705.47 264797.8 72 
0.1877681 0.2113751 0.9057537 0.03622759 0.05922157 0.08527704 0.1083694 0.1434811 0.1821276 0.2286206 0.3318149 0.4966412 0.9999998 9604.312 11407.7 17273.47 23741.85 28285.82 33440.42 36861.75 38319.39 42347.12 43106.93 265110.4 73 
0.1937153 0.2011444 0.9094025 0.03644562 0.06260072 0.08627083 0.1121119 0.1411867 0.1813277 0.2329069 0.3219177 0.4891568 0.9999999 10166.74 12136.2 19177.4 25452.04 30741.54 34815.79 38577.24 40946.74 43422.72 44979.58 278956.5 74 
0.193957 0.2129986 0.9019031 0.03496441 0.06126978 0.08318428 0.1148119 0.1429646 0.1803708 0.2356795 0.3185473 0.4870261 1 9192.351 10975.27 17673.71 23239.83 29577.49 33369.92 36351.41 39049.88 40631.33 42322.21 262906 76 
0.1958373 0.2138236 0.9003985 0.03553657 0.06127681 0.08585761 0.1122229 0.1408307 0.1810565 0.2349437 0.3274114 0.4845787 1 9250.477 11062.07 17550.41 23671.44 28813.02 32578.29 36132.48 38693.49 41286.92 41641.47 260308.6 77 
0.1961147 0.2039474 0.9020123 0.03609896 0.06222186 0.08610901 0.1112493 0.1394131 0.1804494 0.2304053 0.3215046 0.4995276 0.9999999 9830.769 11758.73 18639.14 24852.39 29901.41 33738.37 37665.75 39877.78 42712.11 45158.75 272328.3 78 
0.1878285 0.2199006 0.9026193 0.03561511 0.05986691 0.08490581 0.1112659 0.1425488 0.1804034 0.2337324 0.3210943 0.4957456 1 9117.822 10830.41 16814.93 22865.94 27928.19 32154.72 35239.95 37626.28 39707.78 41671.36 256009.9 79 
0.2177224 0.1823089 0.9094938 0.03741906 0.06097091 0.0861686 0.1104561 0.1389533 0.1774491 0.2373906 0.3140944 0.4990479 0.9999999 11184.17 13619.22 20506.88 27744.45 33310.46 37768.59 41778.39 46020.52 47277.11 50896.37 298889.8 81 
0.210223 0.194211 0.9000665 0.03725256 0.06148973 0.08725462 0.1109042 0.1428832 0.1800581 0.232856 0.3236133 0.5015359 0.9999998 10514.93 12725.41 19384.74 26328.19 31351.41 36162.8 39543.54 42182.59 44977.64 47308.03 282260.6 82 
0.2116658 0.1924457 0.8994068 0.03611307 0.06127826 0.08414398 0.1101153 0.1418384 0.1823401 0.2381946 0.3186288 0.5030745 1 10314.82 12498.11 19515.99 25877.06 31540.91 36551.61 40695.61 43818.09 45149.8 48150.95 285625.6 83 
0.2095439 0.1922826 0.8932558 0.03675027 0.06078788 0.08585982 0.1114052 0.1412899 0.1780984 0.2370926 0.321363 0.4997906 0.9999999 10530.72 12737.37 19447.54 26333.31 31918.86 36441.19 39841.02 43585.6 45570.76 48006.52 286548 84 
0.2020669 0.193236 0.9032684 0.03528129 0.06303393 0.08545416 0.1149569 0.1370394 0.1793094 0.2315144 0.3228144 0.4940226 1 10091.25 12130.36 19844.19 26103.04 32455.58 35235.63 39500.87 42293.61 45312.79 47258.92 286022.7 86 
0.1928422 0.2080408 0.891023 0.03586797 0.06004957 0.08403027 0.1111847 0.1410192 0.1806492 0.2349499 0.3205527 0.4951459 0.9999999 9627.999 11484.68 17755.61 23865.23 29376.26 33593.1 37209.59 39924.11 41881.72 43951.86 268428.9 87 
0.2035894 0.1925355 0.9022886 0.03534271 0.06300033 0.08432849 0.1126143 0.1448157 0.1809994 0.2331799 0.3255928 0.4880647 1 10112.23 12170.97 19866.41 25853.5 31931.65 36932.72 40046.44 42472.98 45394.21 46390.92 286119.2 88 
0.2061211 0.1989247 0.897125 0.03679318 0.06134724 0.08506019 0.1115232 0.1452627 0.1776518 0.233947 0.3189405 0.486473 1 10235.01 12344.66 18981.99 25305.6 30878.77 36063.51 38478.07 41550.54 43675.27 45475.7 278176.8 89 
0.2160754 0.1828115 0.9060077 0.03744605 0.0654554 0.08532965 0.1089375 0.1446169 0.1771068 0.2328572 0.323807 0.500726 1 11180.95 13596.87 21750.3 27618.81 32731.04 38730.82 41532.73 44855.18 47969.02 50389.03 298588.1 91 
0.2006683 0.1928326 0.8987553 0.03759411 0.06218253 0.08503532 0.1110239 0.142169 0.1783093 0.2308477 0.3238729 0.493797 1 10765.91 12926.29 19731.8 25938.49 31461.03 36201.91 39421.73 42119.47 45366.72 47157.74 286372.2 92 
0.1969403 0.2011998 0.9006972 0.03630723 0.06199093 0.08635748 0.1129921 0.1417962 0.1815753 0.2367621 0.3269024 0.4922356 1 10019.3 11992.5 18847.64 25254.04 30725.72 34716.53 38339.28 41168.78 43535.31 44480.41 275958.7 93 
0.1997727 0.2013626 0.9054822 0.03478557 0.05999776 0.08654388 0.1107938 0.1426351 0.178417 0.2366403 0.3247589 0.4906677 1 9554.815 11463.61 18196.88 25203.36 30256.9 34917.53 37940.34 41321.53 43603.62 44773.55 274677.5 94 
0.1954565 0.2086861 0.895638 0.03746456 0.06015859 0.0898884 0.1122425 0.1382826 0.1805062 0.2358973 0.3225104 0.4915772 1 10038.9 12001.07 17861.7 25280.35 29703.4 32888.51 36892 39836.45 41868.83 43378.66 267957.3 96 
0.1964255 0.205513 0.8993536 0.03672805 0.06162044 0.08594585 0.1101213 0.1406632 0.1796687 0.2335401 0.3215351 0.4934634 0.9999996 9950.31 11904.8 18419.39 24665.08 29494.42 33812.24 37395.82 40138.65 42489.3 44378.41 270918.6 97 
0.1969783 0.193719 0.896225 0.0354093 0.06251821 0.08380641 0.1136269 0.1399722 0.1821693 0.2331045 0.3317683 0.496625 0.9999999 10169.9 12173.14 19717.88 25650.18 32090.47 35843.46 40104.68 42480.59 46112.44 46838.34 287209.8 98 
0.2001069 0.1960615 0.9034237 0.03526952 0.05969163 0.08694411 0.1109932 0.1438008 0.1779226 0.2340608 0.3164022 0.4926325 0.9999999 9961.345 11954.68 18656.61 26009.19 31169.62 36143.26 38913.82 42048.97 43888.97 46539.94 282434.9 99 
0.1935395 0.2058805 0.8820328 0.03656541 0.05930175 0.08565409 0.1120061 0.1406877 0.1758032 0.233924 0.3251654 0.5023 1 9922.743 11843.18 17796.38 24510.29 29931.26 33886.67 36725.4 40191.29 43008.59 45049.45 271369.6 1 
0.2075515 0.1920971 0.8950961 0.03566554 0.06204928 0.0856665 0.1104867 0.1407178 0.1818873 0.2364523 0.3168809 0.4925544 1 10271.05 12402.82 19806.01 26425.14 31798.67 36411.09 40667.92 43655.32 45094.68 47621.36 287982.4 2 
0.2044992 0.1911612 0.9010786 0.03625276 0.06127304 0.08664672 0.1128709 0.1430129 0.1834277 0.2314484 0.3245853 0.4933472 0.9999999 10457.5 12596.05 19609.99 26622.35 32347.83 36855.68 40776.41 42586.95 45622.53 47224.6 288460.7 3 
0.1971818 0.2004697 0.9006857 0.0369839 0.06181787 0.08371834 0.1125097 0.1423931 0.1818496 0.2313032 0.3219265 0.4905661 0.9999999 10290.66 12319.79 18993.72 24791.32 30804.51 35183.44 38819.45 40832.23 43547.17 45263.76 278246.9 4 
0.1942528 0.1931185 0.9041701 0.03667855 0.06141208 0.08559988 0.1117086 0.1443589 0.1848359 0.2316592 0.3197942 0.4883272 1 10568.92 12621.96 19498.67 26089.35 31680.54 36703.23 40598.04 42079.7 44441.59 46303.11 288149.8 5 
0.1978935 0.2000437 0.9023276 0.03585093 0.06380067 0.08471141 0.1121584 0.1440053 0.1801459 0.2323235 0.3215101 0.4892369 1 9927.866 11892.53 19387.78 25011.06 30609.6 35308.4 38309.84 40699.13 43237.83 44881.85 276920.7 6 
0.2062513 0.192088 0.8920914 0.03554185 0.05995351 0.08462124 0.1141853 0.1395518 0.1831917 0.2320608 0.3257725 0.4923922 1 10162.2 12258.17 19061.04 25867.49 32430.35 36022.03 40562.12 42648.37 45754.44 47099.79 285922.1 7 
0.1998901 0.192935 0.9048237 0.03575427 0.06185636 0.08573315 0.1130559 0.1415246 0.1816579 0.2359114 0.3222358 0.4862678 1 10272.7 12326.11 19600.63 26200.39 32101.76 36244.18 40112.23 42947.72 45040.33 46288.92 287313.9 8 
0.2149059 0.1851278 0.8986222 0.03526074 0.06211589 0.08592909 0.1121721 0.1419994 0.17657 0.2326237 0.3265944 0.4943378 0.9999999 10424.73 12665.07 20438.64 27378.89 33312.1 37985.73 41051.99 44501.07 48002.59 49496.05 295647.1 9 
0.1995554 0.1999661 0.9001022 0.0354911 0.06083256 0.08420895 0.1125371 0.1388298 0.1807956 0.2390357 0.3207327 0.4919084 0.9999999 9886.405 11859.29 18710.69 24982.23 30990.55 34654.99 38845.05 42334.43 43758.54 45518.49 278560.1 10 
0.2073721 0.1880771 0.897678 0.0386555 0.06089206 0.08666174 0.1099727 0.1404141 0.1829996 0.2335064 0.3179186 0.4977158 0.9999999 11330.61 13680.27 19995.51 27079.68 32195.46 36881.68 41486.73 43879.41 45912.91 48831.64 293117.8 11 
0.2109636 0.1823496 0.8972805 0.03522402 0.06068487 0.0882013 0.1132147 0.1392694 0.1825752 0.2336613 0.3244626 0.4880045 1 10611.32 12849.92 20348.38 28372.04 34167.35 37950.73 42695.47 45297.24 48173.75 49399.82 301252.4 12 
0.199863 0.1983369 0.8946422 0.03627923 0.0619349 0.08518234 0.1096424 0.1430716 0.1798815 0.2360915 0.3186318 0.496743 1 10159.46 12189.96 19151.05 25392.44 30467.77 35591.24 38898.73 41987.91 43665.25 46196.05 280035.3 13 
0.1945906 0.2034089 0.8946618 0.03615887 0.0607442 0.08488863 0.1143293 0.1372471 0.1795413 0.2405868 0.3239237 0.4952642 0.9999999 9886.612 11810.45 18306.42 24574.45 30679.2 33504.01 37595.13 41480.79 43004.47 44477.81 273421.5 14 
0.1969867 0.1978165 0.8986692 0.03724704 0.06027222 0.08557963 0.1101774 0.145492 0.1785134 0.23326 0.3256781 0.4837078 1 10494.22 12561.44 18823.4 25522.47 30708.69 36225.35 38774.09 41599.05 44550.6 45187.46 281746.3 15 
0.2074583 0.1919949 0.8984389 0.03676092 0.06219931 0.08705888 0.111007 0.1419448 0.1796236 0.2304549 0.3250252 0.4825383 0.9999999 10568.11 12760.55 19871.15 26730.78 31863.28 36527.17 40062.29 42502.2 45926.18 46713.68 287482.2 16 
0.2088468 0.1896259 0.9020877 0.03575297 0.06127133 0.08464021 0.1129643 0.14297 0.1834733 0.2361447 0.3238944 0.488458 1 10320.26 12475.61 19659.41 26220.64 32493.27 37116.98 41110.44 43643.58 45844.81 47025.18 288654.7 17 
0.1988825 0.2005333 0.8997969 0.03691471 0.06134743 0.08527301 0.1100232 0.1452496 0.1795495 0.239555 0.3225677 0.495491 1 10202.94 12232.12 18762.78 25037.83 30125.71 35536.23 38284.38 41785.47 43300.56 45022.23 276392.1 18 
0.1995004 0.2065753 0.8987252 0.03633334 0.06232232 0.08863037 0.1114952 0.1432601 0.178241 0.238154 0.326051 0.4872545 0.9999997 9749.835 11694.93 18449.33 25171.57 29660.73 34046.19 36775.79 40258.17 42369.35 43036.31 268344.1 19 
0.2040856 0.1963816 0.8987092 0.03516836 0.0600918 0.08685266 0.1099344 0.1378816 0.1821883 0.2356232 0.3260059 0.4884065 1 9863.6 11876.62 18684.95 25903.72 30819.16 34792.68 39569.82 42417.31 44975.97 45852.13 280468 20 
