0.9678103 0.0501822 0.2941702 0.153688 0.1648362 0.1667916 0.1801353 0.2105129 0.2352134 0.3455728 0.339888 1 1 39758.13 78236.47 111806.6 138704.9 161683.7 182773.5 200084.9 219706.3 229409.2 254604.4 258693.9 1 
0.9999889 0.05457966 0.274165 0.1685714 0.1784608 0.192028 0.1785915 0.2223817 0.2337865 0.2745995 0.3961474 1 1 36240.76 72481.13 104379.6 132577.3 153765.5 175436.9 193152.7 209096.1 225780.5 251213.9 214987.6 2 
0.9996344 0.05096988 0.2813805 0.1736888 0.1833366 0.2116084 0.1894077 0.2265314 0.2972567 0.2713952 0.4690335 0.9995128 0.9981621 38768.32 77522.46 111308.2 143140.7 165580.5 187325.4 209388.4 223511.5 241310 261453 223205.6 3 
0.9990925 0.05229632 0.274496 0.1679737 0.1892092 0.1791452 0.202441 0.225096 0.2501986 0.2936666 0.3985768 0.9994222 0.9977698 37267.38 74500.95 109360.8 136074.1 160822 182732.2 201563.8 218100 233930 257888.8 221864.4 4 
0.9994403 0.05325701 0.2683213 0.1737832 0.1683037 0.1878596 0.2159456 0.2306357 0.2400761 0.2668444 0.5008425 0.9995321 0.9981185 37910.59 75799.96 106092.3 134193.7 160408.4 182333.5 199862.1 214642.1 235014.2 255296.4 218148.8 5 
0.999421 0.05002425 0.2708603 0.1814794 0.1860149 0.1783197 0.2081531 0.241608 0.2622281 0.3290615 0.3326767 0.9991601 0.9972185 41223.51 82423.15 116961 143880.8 169682.5 193375.7 212846.8 230853.6 243017.8 267524.9 227152.5 6 
0.9997811 0.05198917 0.2701641 0.1788876 0.1770281 0.1831671 0.2079134 0.2103254 0.253077 0.3451957 0.4285967 0.9997324 0.9991465 39489.28 78969.91 111040.7 138339.7 163643.3 183906.9 203155 222761.3 238688.9 259930.5 220749.1 7 
0.9825543 0.05294212 0.2782753 0.1623458 0.165674 0.1726818 0.1832289 0.2024466 0.2212209 0.3113927 0.4201157 0.999911 0.9998923 38309.36 75950.38 107373.2 133978.1 156640.3 176468 193051.2 211236.9 227575.8 251242.3 235973.8 8 
0.9994215 0.05104452 0.2786836 0.1809157 0.1696726 0.185265 0.2225282 0.1917231 0.2641779 0.3407532 0.3819451 0.9994921 0.9979011 40694.47 81365.4 112579.1 140856 168510.2 186991.3 207574.8 227093.3 241473.7 264804.7 224936.1 9 
0.9994441 0.05409603 0.2771805 0.1797246 0.1777582 0.1656798 0.2047549 0.2684935 0.2252272 0.330731 0.460867 0.9994056 0.9975938 38324.52 76627.73 107677.8 131446.6 155942.9 181477.3 197098.1 214875.3 231437.2 250811.1 213240.3 10 
0.9779774 0.05416631 0.2725373 0.1655835 0.1441509 0.1720486 0.1960601 0.2061916 0.2564176 0.3107073 0.3777346 0.9999997 0.9999999 38769.32 76684.84 103158.6 129654.2 153941.1 173499.3 192332.3 208508.2 221020.9 244331.1 234137.6 11 
0.9989042 0.05402395 0.271178 0.1660463 0.1889261 0.1718902 0.2234379 0.2288011 0.2214169 0.2586231 0.4426822 0.9994935 0.998071 35872.19 71705.07 105664.4 130666.4 157561.3 178889.4 194739.6 209118.8 227407.8 250460.4 216037.2 12 
0.9996867 0.0523651 0.2740229 0.1713409 0.1811989 0.1892415 0.2045639 0.2329457 0.2388785 0.3521762 0.415103 0.9995631 0.9983094 37584.53 75157.29 108070.4 136202.1 160843.9 183152.6 200682.7 220354.9 235355.1 256505.3 219355.3 13 
0.9995992 0.04833085 0.2831033 0.1799181 0.1707099 0.2251508 0.1748342 0.2402191 0.271873 0.3044604 0.4528049 0.9994774 0.9976711 41981.56 83946.28 116578.9 152261.2 173697.8 198001.5 218880.6 235882.5 253466 274716.4 233337 14 
0.9989624 0.05410565 0.2615639 0.1709272 0.1723379 0.1899551 0.1856229 0.2379882 0.2282457 0.3155334 0.3708486 0.9994874 0.9978362 36946.79 73855.25 104663 132729.3 154894 178019.6 194852.9 212807.3 227192.6 251723.7 216155.1 15 
0.9572901 0.05241884 0.2843372 0.1468078 0.15149 0.1804226 0.1653418 0.2003838 0.2417959 0.2660759 0.3839696 1 1 38250.03 74866.4 105344.3 134876.3 154675.6 173924.6 191443.1 204080.7 217409 243491.1 260544.9 16 
0.9992461 0.05061744 0.2784619 0.1813517 0.1682024 0.1824092 0.2084367 0.2291126 0.2153406 0.3626318 0.3722408 0.9993709 0.9975082 41250.11 82469.13 113727.8 141895.1 168183.5 191022.9 207519 229350.2 243562.8 267624.2 227459.2 17 
0.9995659 0.05151398 0.2757665 0.1793758 0.1706489 0.1933631 0.197875 0.2283111 0.2994055 0.3278688 0.4087928 0.9994899 0.997603 39795.27 79573.26 110606.9 139754.9 163794.4 186028 208519.4 225746.2 240160.5 261033.6 221854.2 18 
0.9998855 0.0548695 0.2689371 0.1676261 0.1764908 0.195716 0.1964031 0.2227872 0.2604011 0.317522 0.4434141 0.9998691 0.9996522 35613.64 71223.21 102426.6 130917.7 153907.5 174860 193889.8 211047.5 227396.9 247920.7 212458.8 19 
0.999786 0.05209716 0.2779047 0.1696894 0.1865228 0.1813533 0.2201666 0.216635 0.2659056 0.2773996 0.5858172 0.9995482 0.9981598 37122.7 74237.45 108102.6 134877.1 161481.2 181882.7 201493.7 216499 239416.5 255593.8 218768.5 20 
0.9995403 0.05117942 0.2760736 0.1751065 0.1810822 0.190202 0.1949695 0.2293198 0.2275709 0.3377796 0.4280424 0.9995525 0.9981913 39373.09 78728.08 112278.9 141117.4 165034.2 187665.7 204946 224762.7 241368.3 263574 224852.2 21 
0.9999803 0.05328403 0.2706552 0.1640597 0.1861503 0.1748339 0.2291478 0.225412 0.2556999 0.2850073 0.4247223 0.999999 0.9999961 35463.86 70927.02 104563.1 130272.6 158077.4 179160.3 197684.2 213050.9 229424 251602.1 216164.3 22 
0.9996732 0.05282716 0.2696032 0.174377 0.1742248 0.2012709 0.1881018 0.196776 0.2976427 0.3253522 0.4529259 0.999514 0.9980727 38086.64 76160.83 107553.7 137490 159817.8 178767.6 201795.8 219454.4 236029.4 256049.4 218415.4 23 
0.9996413 0.0534758 0.277631 0.1691057 0.1845749 0.1829351 0.2137121 0.2272354 0.2593844 0.3069343 0.4520875 0.999526 0.9985128 36502.62 72992.14 106070.2 132786.4 158276.5 179570.3 198339.1 214773.1 231544.9 251872.3 215856.8 24 
0.9993322 0.04865403 0.2901589 0.1714946 0.1969207 0.1762208 0.19089 0.248935 0.2568167 0.2786664 0.3922315 0.999475 0.9983615 40142.24 80257.67 118393 145758.9 170152.2 195879.5 215771.5 231774 248012.9 273236.1 234072.9 25 
0.9996733 0.05509831 0.2569763 0.1669226 0.1773482 0.1751868 0.204824 0.2398238 0.2585154 0.3083529 0.4142959 0.9997025 0.9989575 35472.58 70933.57 102307.5 127788.2 152351 175209.4 193923.7 210462.4 225821.7 247552.5 212509.2 26 
0.9659085 0.05564104 0.2773848 0.1457834 0.1583965 0.1613501 0.19415 0.2016594 0.2522399 0.2928926 0.4169143 1 1 34864.41 68540.24 98562.06 122942.7 146745.6 165174.5 182941.9 197021.4 210753.4 232167.6 239152.1 27 
0.9993576 0.05036059 0.279711 0.181927 0.1740014 0.1793509 0.2062476 0.2339532 0.2649424 0.2752159 0.4807361 0.9994116 0.9975432 41321.05 82615.56 114893.5 142346.1 168231.8 191513 211680.6 227037.7 246506.5 267522.3 227129.9 28 
0.9744535 0.0521452 0.2852481 0.154815 0.1758747 0.1610854 0.1818584 0.2265469 0.2413292 0.2775872 0.4414673 1 1 37799.61 74633.57 109020.5 133630.7 156162.9 178617.2 195841.8 209851.8 226335 248189.7 244159.8 29 
0.965469 0.05075443 0.2935678 0.1482799 0.1627778 0.1756533 0.16975 0.219875 0.2548724 0.277524 0.4466956 0.9999988 0.9999985 38203.15 75087.11 108214.1 136748.2 157734.5 179934.9 198722.7 212145.3 228408.4 249739.5 257642.2 30 
0.9992199 0.05368584 0.2704152 0.1639096 0.1786035 0.1914892 0.2142169 0.1912961 0.2154599 0.3066387 0.4788671 0.99943 0.9977996 35727.2 71426.54 103919.8 132503.3 158326.2 176395.3 192828.6 211180.3 231049.6 252659.2 217969 31 
0.999785 0.05351846 0.2701235 0.1753132 0.1696277 0.1992403 0.2153628 0.1936656 0.2820992 0.3107824 0.4442115 0.9996887 0.9990618 37836.52 75664.91 105840 135263.9 160722.5 178671.8 199756 216418.8 232829.4 253363.9 215822.4 32 
0.9997608 0.05343452 0.2704383 0.1792387 0.1764857 0.1916261 0.2115139 0.2259929 0.2544225 0.28194 0.513071 0.9996392 0.998798 38475.86 76942.52 108018.6 135796.2 160571.9 181433.5 199601.8 214600.9 234211.5 252808.9 214662.7 33 
0.9995832 0.05026425 0.2859047 0.1675174 0.1859649 0.1931199 0.2113581 0.2607558 0.186772 0.3938375 0.3079507 0.9994802 0.9980649 37822.46 75629.16 110551.6 140054 166089.3 191408.3 204771.5 227738.5 238569.7 263011.5 225782.3 34 
0.9999822 0.05060201 0.2816071 0.169965 0.1930497 0.1821361 0.2110028 0.2000285 0.2873535 0.3898711 0.4850779 0.9999381 0.9997522 37902.43 75804.17 111536.1 138739 164512.8 183789.5 205942.6 227361.8 243620.3 260878 223001.4 35 
0.9989775 0.05607638 0.2658544 0.1648496 0.1771294 0.1781711 0.1763063 0.261669 0.1794015 0.3310783 0.3798681 0.9996489 0.9987398 34952.24 69868.74 101162.1 127019.6 148001.9 173660.2 186547.6 206142.2 221116.6 245671.5 212025 36 
0.9997101 0.04860882 0.2866852 0.1771231 0.1819858 0.2041708 0.1947343 0.1980533 0.2932834 0.3047071 0.4258996 0.9996025 0.9986551 41164.63 82317.32 117096.8 149003.1 173204.1 193009.6 216533.3 233783.7 250541.5 273140.3 232406.9 37 
0.9610771 0.0488656 0.2993147 0.1518997 0.1583718 0.1725752 0.1786445 0.1942903 0.2634436 0.3081301 0.4520994 0.9999999 1 40989.97 80384.49 113500.5 142323.2 165254.8 184255.7 204869.1 220831.9 236535.6 256777.1 269848.9 38 
0.9996949 0.04903612 0.2838495 0.176973 0.1628138 0.2033427 0.2012978 0.247978 0.2834227 0.2590097 0.5010242 0.9994998 0.998247 40660.69 81308.98 112071.6 144228.2 169571.4 194498.6 215908.9 229902.5 249984.7 269968.3 229756.5 39 
0.9996278 0.04954549 0.2859808 0.1779743 0.1737058 0.1951109 0.1923943 0.2355453 0.2345308 0.367341 0.3676844 0.9994891 0.9983803 41034.92 82054.56 114946.8 145460.1 169657.7 193573.3 211753 233556.8 247327.1 271053.5 230566.5 40 
0.9995348 0.05088422 0.2758664 0.1716482 0.1788882 0.1944375 0.1876721 0.2192029 0.2909 0.2962171 0.4025324 0.9995224 0.9983066 38732.99 77447.97 110849.8 140641 163779.3 185719 208445 224820 240468.8 263728.1 225653.4 41 
0.9995147 0.05067767 0.281683 0.1780704 0.1804737 0.1843501 0.2139265 0.2110538 0.2485884 0.3333878 0.4381577 0.9993081 0.9973787 40081.4 80143.35 113493.2 141388.8 167775.7 188211.1 207185 226297.3 243019.8 264470.8 225087.4 42 
0.9992957 0.05536062 0.2690435 0.1760215 0.1793696 0.1961851 0.1975437 0.2425209 0.2588417 0.2700701 0.4003974 0.9995114 0.9983069 36976.97 73927.9 104923.6 132717 155178.8 177290.1 195129.6 208884.2 223770.6 246114.9 210070.7 43 
0.9995777 0.05321311 0.273237 0.1762206 0.1728627 0.1870364 0.1950609 0.226707 0.2899617 0.3100908 0.4179546 0.9994991 0.9981199 38129.79 76243.47 107023.3 134553.5 157876.3 179682 201239 217580.6 232763.5 253926.4 216375.3 44 
0.9988928 0.05167816 0.2823164 0.1704467 0.1822152 0.1740726 0.21499 0.2077109 0.2340292 0.3057841 0.3548706 0.9995564 0.998564 38411.83 76781.13 110760.9 137251 164245.9 184653.1 202828 220997.9 235572.9 262241.1 225359.8 45 
0.9996981 0.04883238 0.2783964 0.1797869 0.1865921 0.193655 0.2156164 0.2260098 0.2513735 0.3083227 0.4170585 0.9996359 0.9986379 41407.29 82802.08 118025.4 147746.3 174416.8 196329.1 215178.4 232475.8 248650.1 271272.3 230313.2 46 
0.9995464 0.05612728 0.267223 0.1723402 0.1654363 0.181182 0.2051135 0.2122711 0.2808717 0.3123825 0.4330738 0.999581 0.9985037 36026.88 72037.42 100628.2 126744.3 150938 170819.2 191535.3 208079.2 223838.7 244482.4 209045.1 47 
0.9996718 0.04935631 0.2874954 0.1802348 0.1946849 0.1728969 0.2208188 0.2011387 0.2809324 0.4036224 0.3202519 0.9994233 0.9976124 41173.05 82332.59 118763.8 144799.4 172295.8 191788.2 213537.5 236001.8 246587.4 269126.2 228441.2 48 
0.9992485 0.05238747 0.2649894 0.1785778 0.1688045 0.1811047 0.2157532 0.2128545 0.2297567 0.3281706 0.3992081 0.9994977 0.9979544 39486.29 78942.91 109543.4 136802.3 163372.6 183887.1 201283.4 220423 236023 259560.3 221115.3 49 
0.9731624 0.05088744 0.2895118 0.1533513 0.1723059 0.1553679 0.2018576 0.2077492 0.2765775 0.2846133 0.4166607 0.9999976 0.9999987 38203.88 75382.45 109702.6 133882.5 160054.4 180209 201160.8 214959.9 229296.6 251291.5 249126.6 50 
0.9994416 0.05518206 0.2785468 0.1700098 0.1784649 0.2025953 0.1779181 0.2391079 0.3069688 0.251234 0.5170986 0.9993368 0.9973226 35664.06 71308.2 102341.3 131263.3 151483.4 173819.2 195623.3 207936.5 226964.9 244704.8 209776.4 51 
0.9997444 0.04751561 0.2949606 0.1771836 0.1906827 0.1669344 0.2196036 0.2086178 0.2766989 0.3405059 0.3757497 0.9996587 0.9989692 42050.4 84090.04 121304.4 147655.7 176530.6 197920 220368 240337.6 254850.1 278989.1 237326.7 52 
0.999747 0.04972343 0.2797617 0.1716721 0.1830548 0.2065022 0.186801 0.2077774 0.3132898 0.3106359 0.3854748 0.9995688 0.9986319 39318.39 78626.83 113334.9 145311.1 168247.2 188984 213757.7 230604.4 245003.7 267980.3 229031.9 53 
0.9640739 0.05198698 0.2865359 0.1534028 0.1522892 0.1838941 0.1865291 0.1815192 0.2461576 0.3299792 0.3955133 1 1 38834.03 76272.89 106170.8 135766.1 158545 174742.6 192765.2 210396.4 222558.8 244704 253150.6 54 
0.9995717 0.05478878 0.2701966 0.1731634 0.1811327 0.1867907 0.1845702 0.210756 0.2554171 0.3600873 0.4521148 0.9994687 0.9978262 36853.11 73690.44 105532.7 132403.3 153974.5 174046.8 193234.2 213371 229525.2 249103.2 212822.7 55 
0.9994181 0.05369363 0.2714522 0.1740523 0.1766293 0.1953056 0.1945165 0.2113749 0.2659259 0.3254549 0.4387673 0.9994179 0.9974024 37453.2 74884.6 106233.4 134752.3 157579.6 177537.2 197325.7 215081.8 231208.4 251849.6 215183.7 56 
0.9988483 0.05325364 0.2637644 0.167745 0.1770914 0.1955152 0.2006544 0.2153979 0.2124292 0.2703744 0.464171 0.9993674 0.9975034 36636.8 73231.41 105337.1 134461.1 158452.1 178988.7 194814.7 210661 230548.4 253505.9 218407.6 57 
0.9608951 0.05422445 0.289314 0.1488876 0.1540618 0.1670306 0.1698746 0.2124999 0.2276143 0.3217938 0.3791756 1 1 37141.44 72830.47 102692.6 128676.8 149059.5 169621.6 185249.8 202314.3 213828.9 237273.5 249459.5 58 
0.9996591 0.05098611 0.2754822 0.1829477 0.1746121 0.2019502 0.2125373 0.2229454 0.2457841 0.3166737 0.4721332 0.9995372 0.9980103 40678.02 81342.18 113036.2 143279.7 168664.4 189615.6 207548.2 224966.3 242706.8 262535.4 222347.9 59 
0.9997632 0.05194623 0.2715674 0.1748312 0.1797259 0.1857211 0.2285997 0.2001166 0.2490868 0.3644626 0.3987347 0.9995824 0.998514 38446.49 76883.87 109478.7 137096.8 164771.2 183442.3 202027 222446.5 236624.8 258019.1 219906.3 60 
0.9993541 0.05429405 0.2690089 0.1777176 0.1757555 0.1892804 0.2038942 0.2456921 0.2463698 0.3179633 0.4276141 0.9991882 0.9967586 37815.01 75605.59 106308.1 133536.5 157289.2 180056.4 197237.8 213934.7 229228.4 249720 212781.4 61 
0.9998136 0.05156058 0.2791905 0.1735914 0.1819494 0.1843624 0.2186157 0.178348 0.3115217 0.351684 0.4110135 0.9995786 0.998629 38500.51 76993.84 110328.6 137951 164661 181673.3 206099.1 225071.8 239434.2 260022.6 221788.1 62 
0.9793671 0.0532681 0.279698 0.1603669 0.1614315 0.1648106 0.1875147 0.2200443 0.2409937 0.2847935 0.395935 0.9999998 0.9999998 38110.32 75434.3 106089 131476.7 154968.5 176755.3 194450.2 209580.7 224290.3 248701.9 237644.6 63 
0.9998192 0.05030669 0.2767813 0.1760581 0.1746551 0.1929297 0.2144541 0.2275092 0.3107814 0.2865022 0.4582147 0.9995786 0.998684 39557.43 79107.71 111426.7 140884.9 167304.8 189313.3 212535.1 227272.9 244093.4 263977.8 224683.9 64 
0.9997448 0.05047829 0.2788106 0.1771387 0.1841848 0.1985271 0.1972388 0.231293 0.2685017 0.3097046 0.484833 0.9995751 0.998211 39561.08 79112.07 112940.1 142675.3 166339.3 188607.4 208468.6 225213.8 243309.4 262527.9 223333.9 65 
0.999654 0.05507899 0.2653077 0.1718088 0.167267 0.2073486 0.1835069 0.2091291 0.2910114 0.2910037 0.4726317 0.9995839 0.9984981 36220.9 72429.27 101609 131721.4 152824.6 172450.5 194048 209335.1 226943.2 246584.7 210821 66 
0.9990945 0.0524702 0.2759448 0.1689467 0.1710544 0.1982266 0.2061574 0.2317964 0.2552291 0.3021312 0.3604471 0.998985 0.9965195 37203.81 74373.93 105610.6 135586.5 160538.8 182774.8 201540.8 218048.9 231747.6 256169 220210.3 67 
0.9997656 0.04920227 0.2830106 0.1817537 0.1778316 0.1899265 0.2125173 0.2218621 0.2887536 0.318681 0.4675075 0.9995288 0.9982826 41445.78 82881.84 116043.5 145152.1 171527.6 193198.9 215141.9 232351.5 249548.4 269130 228032.7 68 
0.9994255 0.05148587 0.2724737 0.178767 0.1673299 0.1840603 0.203791 0.2100995 0.2686866 0.2870689 0.431016 0.9995919 0.9985926 39995.87 79968.77 110667.4 138763.4 164123.3 184911.3 205899.6 222263.5 239778.7 262921.8 223731.9 69 
0.9992573 0.05293365 0.2710503 0.1772191 0.1634805 0.1937152 0.2082174 0.1881503 0.2779322 0.2634723 0.4503982 0.9995333 0.9982466 38825.23 77621.62 107032.2 136162.4 161375.8 179367.8 200955.2 215673.7 234233.2 256891.4 219080.3 70 
0.9993722 0.05292335 0.2705756 0.1770012 0.1888222 0.1654843 0.2109929 0.2032445 0.2558813 0.3176473 0.436452 0.9995328 0.9981401 38754.85 77485.38 111462.1 135581.3 161233.7 180693.9 200202.5 218202.4 235059.4 256844.1 218952.4 71 
0.9996216 0.05245625 0.2754793 0.1711202 0.193737 0.1778461 0.2048306 0.2180785 0.289454 0.2891108 0.4381741 0.999508 0.9985252 37286.55 74559 109521.7 135378.1 159849.5 180549.9 202027.9 217243 233636.2 254662.2 217896.9 72 
0.9995596 0.05148656 0.27449 0.1761164 0.1818365 0.1910292 0.1858635 0.2410018 0.2893685 0.2514921 0.4191388 0.9995805 0.9989116 39132.86 78248.48 111502.1 140064.9 162523.6 186225.8 207809.3 221098.7 237693.7 260712.3 222198.8 73 
0.9813984 0.05045072 0.2889994 0.1584206 0.1683859 0.1859602 0.168797 0.2435765 0.2576842 0.2615522 0.3909313 0.9999982 0.9999993 38809.65 76897.37 110182.9 140016.8 160971.1 186234.3 205382.6 218599.8 233338.4 258295.9 244978.6 74 
0.9992902 0.054792 0.2691309 0.1725718 0.1808215 0.1819416 0.2370109 0.2143535 0.2106567 0.3720569 0.3363849 0.999376 0.9974317 36483.81 72941.72 104520.8 130518.4 158209.6 177269.5 191946.5 212447.2 224012.7 246953.1 211412.3 75 
0.9995614 0.0494175 0.2809741 0.1781691 0.190948 0.1768326 0.1954105 0.2446522 0.2911571 0.2753588 0.4244432 0.9995827 0.9985679 40915.71 81813.47 117815.1 144764.4 169262.3 193929.7 216085.6 230900.7 247453.4 269918.7 229645.4 76 
0.9994677 0.04934223 0.2874778 0.1793558 0.1795613 0.1734021 0.2238403 0.2214171 0.2181939 0.3760661 0.3477273 0.9994708 0.9981186 41203.18 82384.43 116192.5 142951.3 171493.9 193374.7 210129.9 232734 245715.2 270154.4 229728.7 77 
0.9995568 0.05347667 0.2690751 0.1795608 0.1678761 0.1996911 0.1889877 0.2341124 0.2589605 0.3444823 0.446391 0.9994038 0.997397 38860.14 77703.06 107476.3 136933 159219.3 181599.8 200539.3 219199.8 235029.1 254664.9 216417.8 78 
0.9999868 0.05577432 0.268877 0.17583 0.1780486 0.1722897 0.2112976 0.2349605 0.2227485 0.3157714 0.4017231 0.9999998 0.9999993 36811.63 73622.78 104343.7 128777.4 153580.1 175332.1 191107.6 208489.7 223619.8 246153.8 209359.2 79 
0.9689951 0.0552916 0.2778045 0.1545397 0.1551317 0.1795907 0.2042484 0.1812912 0.2788427 0.308271 0.3602512 1 1 36500.03 71868.38 100617.7 127796.4 152104 167355.4 187310.5 201549.3 211505.1 233724.6 236185.5 80 
0.9995175 0.05441773 0.2688329 0.1674709 0.1848627 0.1848817 0.2117369 0.1965608 0.2882502 0.2869101 0.4388903 0.999543 0.9983843 35706.16 71395.09 104174.1 130874.1 155782.9 173981.3 195427.5 210586.1 227122.7 248274.9 213208.2 81 
0.9995264 0.05199408 0.2785265 0.1734648 0.1892274 0.1727435 0.2144257 0.2149514 0.2741183 0.2894204 0.4193421 0.9995832 0.9986319 38409.61 76801.03 111396.4 136976.1 163232.4 183883.1 204547.6 220354.8 236624.6 259176.2 221426 82 
0.9574202 0.05168767 0.290911 0.145271 0.1511748 0.1688153 0.1834443 0.1818582 0.2567069 0.2948459 0.4628961 1 1 38114.71 74606.5 105331.5 132981 156343.1 173181.1 192940.8 207890.2 224683.1 244872.2 262369.7 83 
0.9748609 0.05092337 0.2887134 0.1531195 0.160012 0.1753381 0.2048398 0.1976969 0.2340645 0.3088284 0.3811015 1 1 38192.71 75425.29 107329.8 135743.2 162304.1 181226.4 198520.5 215611.1 229024.4 253852.2 249430.8 84 
0.9996999 0.05260354 0.2651842 0.1768373 0.1705576 0.2111754 0.1692787 0.2180813 0.2935781 0.4091267 0.2686217 0.999471 0.9978374 38553.56 77095.55 107681.3 139083.4 158918.4 180143.1 202480.6 224463.4 232947.8 256149.7 218017.1 85 
0.9998298 0.05121175 0.2712056 0.1778872 0.1802992 0.206683 0.1836477 0.2445026 0.2754344 0.3440451 0.3871374 0.999694 0.9988891 39307.75 78608.81 111349 142107 163777.5 187328.7 207364.5 225491.5 238859 260034.2 220970.1 86 
0.9758359 0.05366706 0.2845616 0.1639462 0.1479333 0.1855683 0.1835371 0.2032644 0.2524471 0.3044324 0.4222862 1 1 38757.82 76579.09 103967.3 132706.4 154673.2 173698.1 192024.6 207689.6 222262 243693.1 236405.7 87 
0.9993405 0.05043865 0.2810513 0.1832173 0.1647694 0.1940979 0.2113151 0.2136403 0.2987851 0.2703604 0.3970637 0.9994464 0.9978489 41595.23 83163.03 113661.6 143648.2 169929.1 190847.9 213851 228385.4 243960.8 267666.3 227026.7 88 
0.9997732 0.05417229 0.2622149 0.1761658 0.1795047 0.1865758 0.1783288 0.2341993 0.2452738 0.2844093 0.5148128 0.999794 0.9993161 37714.14 75419.73 107061.7 134036.8 154997.6 177614.1 195740.7 211595 232140.7 251492.6 214083.2 89 
0.9993986 0.05014225 0.2772941 0.1704929 0.1823625 0.1961873 0.1881575 0.2216192 0.247545 0.3337317 0.3835728 0.9992236 0.9973767 38891.26 77759.13 112218.9 142504.1 165817.7 188092.9 207433.3 227042.9 242018.4 266140.1 228110.7 90 
0.9994874 0.0523097 0.2751416 0.1748358 0.1748916 0.2065924 0.1833478 0.2239036 0.2577475 0.3262824 0.4416097 0.9994602 0.9976662 38425.18 76830.66 108508.5 139366.6 161062.7 182688.7 201989.6 220109.6 236613.8 257492.5 219778.7 91 
0.9994623 0.05241196 0.2718141 0.176136 0.1716555 0.2057584 0.1852103 0.2461581 0.2020886 0.3547413 0.4321487 0.9994633 0.9975765 38576.75 77132.75 108064.8 138760.7 160672.9 184396.3 199032.6 219564.6 235670.1 256849.9 219016.8 92 
0.9995681 0.05394581 0.2644162 0.1722247 0.1887239 0.1653876 0.2033241 0.2220079 0.2597807 0.3112757 0.4854513 0.9991808 0.9974072 37003.26 73990.53 107523.4 131340.1 155768.3 177000.1 196313.5 213426.5 231806.5 251269.8 214854.5 93 
0.9997607 0.05265075 0.2692595 0.1774638 0.1817336 0.1829861 0.1960819 0.2550216 0.2208726 0.3492106 0.4704356 0.9995298 0.998184 38668.65 77328.04 109881.2 136690.8 160152.6 184679.3 200484.9 219961.5 237026 256228.9 217895.9 94 
0.9993524 0.05406819 0.2765994 0.1729669 0.1801956 0.1772935 0.2196603 0.2167207 0.276283 0.3438428 0.3233263 0.9994576 0.9977158 36989.84 73955.71 105778.1 131416.3 157534.1 177605.5 197634.8 215650.6 226705.7 249975.2 213855 95 
0.9993415 0.05178349 0.2827425 0.1819408 0.1763734 0.1834093 0.1970771 0.2414206 0.2429141 0.2860459 0.4662225 0.9994257 0.9979828 40365.68 80704.78 112662.7 140005.4 163970 187524 205461 221426.8 240017.4 261298.2 221861.6 96 
0.9996216 0.05219982 0.2709971 0.1663064 0.1915838 0.1848389 0.1998478 0.2240813 0.274226 0.2923944 0.4540675 0.9994945 0.9982751 36745.97 73478.04 108741.4 136225.8 160433.9 182138.4 202736.8 218653.6 236145.5 257175.8 220953.4 97 
0.9995181 0.05304644 0.2798194 0.1713997 0.1738493 0.1738406 0.2183247 0.2421129 0.2481813 0.2729323 0.5304154 0.999435 0.9979739 37344.42 74670.85 106020.7 131897.8 158736.3 181979.8 200009 214891.6 235953.1 254566.5 217879.2 98 
0.9996693 0.05027692 0.2722328 0.1803325 0.1787648 0.1840372 0.2106241 0.1805932 0.3152038 0.2878356 0.4595998 0.999485 0.9982727 40796.35 81579.2 114701 142688.8 168813.3 186471.1 211743.1 227515.2 245454.6 266544.4 226228.4 99 
0.9996667 0.05230555 0.271732 0.1784847 0.1846188 0.1802539 0.1941637 0.2335368 0.2804524 0.3327562 0.3625664 0.999633 0.9987633 39192.94 78372.81 111650.8 138127.2 161492.7 184130.5 204955.4 222718.5 235608.1 258313 219587.2 100 
