0.0001137361 0.004429924 0.007992725 0.004935942 0.007547763 0.01040931 0.0136931 0.01764528 0.02419282 0.03135629 0.04422414 NaN 0.0001624895 1000.997 1468.334 1745.823 1853.009 1968.136 1916.328 1881.658 1847.222 113.885 137.6176 1 
0.0001413879 0.00438823 0.008305273 0.005070832 0.007661609 0.01093249 0.01507021 0.02031575 0.02505425 0.03439549 0.05209631 NaN 0.001885318 1065.462 1546.884 1951.259 2145.948 2096.065 2100.213 2076.604 2041.211 148.7162 181.8024 2 
0.000105316 0.004358397 0.007973908 0.005224052 0.007822259 0.01073722 0.01432083 0.01911937 0.02484657 0.03179524 0.04606136 NaN NaN 1047.322 1489.255 1756.686 1933.785 1952.535 1900.094 1881.541 1854.058 106.4585 130.1163 3 
0.0005080422 0.004445014 0.008009556 0.005415766 0.007903577 0.01090279 0.01462934 0.01941222 0.02594004 0.03842562 0.04865501 NaN 0.008019731 1095.458 1530.695 1844.569 2016.03 2073.715 2114.413 1989.164 1959.046 530.3259 643.4079 4 
0.0001465816 0.004053474 0.008413294 0.004950934 0.007697731 0.01082199 0.01474967 0.01997054 0.02535892 0.03579162 0.04944797 NaN 0.0003372859 1082.651 1575.567 1915.861 2128.906 2132.612 2158.154 2103.2 2056.916 161.6029 195.3776 5 
8.830842e-05 0.004403366 0.007758196 0.004912964 0.007594846 0.01046718 0.01391476 0.01849997 0.02476512 0.03339542 0.04861549 0.0001338106 0.0006335031 982.1604 1461.491 1731.589 1906.755 1972.317 1950.661 1913.014 1866.101 86.73821 106.0844 6 
0.0001894379 0.004803776 0.007853842 0.005123905 0.007644719 0.01059637 0.01399765 0.01783706 0.02346417 0.03153369 0.04837435 NaN 0.0003336093 984.8731 1449.488 1754.875 1838.405 1880.964 1862.203 1833.583 1718.103 179.6512 218.7069 7 
0.0002928013 0.00450668 0.007818831 0.005101656 0.007810856 0.01072477 0.01418981 0.01868206 0.02485865 0.03563778 0.05046284 NaN NaN 1021.637 1520.766 1793.794 1952.951 2010.911 2039.406 1970.319 1925.265 292.6807 357.6402 8 
2.647545e-05 0.004218352 0.008259786 0.005048467 0.007911224 0.01099218 0.01474452 0.0198009 0.0262746 0.03602801 0.0508987 NaN NaN 1065.779 1593.116 1887.073 2083.929 2133.087 2123.68 2060.576 2057.859 27.86604 34.41432 9 
0.0003555801 0.004289047 0.008194073 0.004929637 0.007825395 0.01093868 0.01475682 0.01988713 0.02585487 0.03573671 0.05654306 NaN NaN 1043.607 1594.441 1906.972 2115.026 2136.013 2136.361 2115.146 1994.736 378.096 456.3934 10 
0.0004637203 0.004622353 0.007874537 0.005130529 0.007946828 0.01102798 0.01468932 0.01925228 0.02572725 0.03585612 0.05136407 NaN 0.01047636 1012.931 1546.031 1853.275 1986.572 2044.064 2037.394 1963.174 1904.044 458.8783 559.9487 11 
NaN 0.005074921 0.007798914 0.005348456 0.007871161 0.01065975 0.01423039 0.01896838 0.02422034 0.03233518 0.05235879 NaN 0 1020.052 1518.33 1789.571 1986.718 1962.107 1913.46 1915.47 1813.146 0 0 12 
0.0004949185 0.00436144 0.008143599 0.005126467 0.007752016 0.01070217 0.01432644 0.01911913 0.02532723 0.03367147 0.04912909 NaN 0.008441326 1028.93 1488.299 1777.306 1961.311 2012.194 1990.139 1968.896 1937.571 502.8629 608.6154 13 
0.0005805044 0.004709538 0.007606272 0.004956059 0.007606041 0.01050915 0.01392965 0.01813163 0.02317932 0.03252454 0.04700671 NaN 0.01518937 935.3385 1418.511 1705.892 1839.635 1850.134 1882.263 1846.75 1819.82 539.7047 653.3902 14 
4.83451e-05 0.004455325 0.008150788 0.004973056 0.007793328 0.0108098 0.01446623 0.01926826 0.02558067 0.03299028 0.05574217 NaN NaN 998.7264 1520.925 1811.145 1983.428 2025.322 1959.089 1992.216 1876.959 48.22564 58.88371 15 
0.0002113647 0.004488061 0.007978537 0.005049958 0.00769472 0.01062486 0.01421998 0.01901278 0.02540463 0.03529016 0.04758477 0.0002382348 0.001632335 1011.234 1492.271 1782.355 1966.977 2022.194 2009.11 1917.598 1888.04 210.2481 257.1656 16 
0.0003974415 0.004850062 0.007816243 0.004988226 0.007707462 0.01050029 0.01391411 0.01847548 0.02443021 0.03284254 0.04866877 NaN NaN 947.2486 1462.193 1723.352 1895.458 1942.13 1898.291 1861.183 1795.035 372.2844 451.2566 17 
NaN 0.004021823 0.008603482 0.005036939 0.007846818 0.01109 0.01497381 0.01930351 0.0253988 0.03400288 0.05219974 NaN 0 1095.608 1594.504 1944.206 2063.592 2122.233 2118.173 2132.243 2121.583 0 0 18 
0.000177153 0.005014423 0.007459064 0.005120667 0.007350417 0.01021649 0.01386281 0.01859884 0.02411732 0.0339101 0.04732526 NaN 0.0009900894 949.1997 1360.647 1691.521 1889.204 1889.772 1878.673 1775.956 1689.803 162.4415 196.8521 19 
8.346605e-05 0.004560634 0.007790001 0.005122145 0.007682597 0.01068019 0.01430625 0.01879101 0.02439818 0.03340506 0.05071275 NaN NaN 1015.123 1478.019 1791.279 1936.013 1955.844 1948.193 1912.164 1817.943 82.65185 100.7542 20 
0.0001709642 0.005031653 0.00761006 0.005166168 0.00782703 0.0108914 0.0144183 0.01858601 0.02517074 0.03219553 0.04753999 NaN 0.001499379 969.4366 1482.796 1809.074 1893.342 1956.026 1863.066 1818.205 1756.562 159.6794 193.7404 21 
0.000175879 0.005013249 0.007736481 0.005193619 0.007726611 0.01069122 0.01420897 0.01848848 0.02412389 0.0336179 0.04434886 5.140262e-05 NaN 997.0258 1489.604 1809.154 1936.995 1947.828 1936.28 1813.742 1772.719 167.1222 203.0839 22 
0.0005385527 0.004492278 0.008211111 0.005168107 0.007858858 0.01086079 0.01454706 0.01949583 0.0268111 0.0360807 0.05189992 NaN 0.01015379 1063.897 1573.876 1884.204 2074.359 2175.229 2132.353 2077.72 2025.361 561.6846 680.3902 23 
0.0002311551 0.005035521 0.007245575 0.004985677 0.007372697 0.01013289 0.01359612 0.01807475 0.02339196 0.03203337 0.04492994 NaN NaN 907.7143 1349.392 1639.403 1819.289 1820.761 1802.22 1720.687 1679.957 204.4025 249.6039 24 
0.0004255298 0.004028713 0.0084956 0.005070099 0.00797173 0.01124957 0.01523062 0.0202936 0.02713712 0.03871231 0.05281563 NaN 0.009725379 1096.256 1622.902 1963.992 2138.962 2206.031 2229.223 2158.04 2139.033 469.8279 571.7807 25 
0.0004416255 0.00434873 0.008040471 0.005001232 0.007769518 0.01066842 0.01411256 0.01882762 0.0253584 0.03303569 0.05083163 NaN 0.01742222 1020.441 1523.384 1780.979 1964.596 2044.428 2000.005 2005.478 1936.919 450.5088 545.7838 26 
1.322698e-05 0.005164546 0.007508482 0.005190029 0.007784117 0.01060735 0.01391036 0.01788046 0.02339712 0.03300776 0.0443154 6.892663e-05 NaN 962.3727 1466.699 1745.956 1844.829 1861.036 1867.452 1741.237 1692.715 12.15682 14.70525 27 
0.0005203443 0.004521841 0.007892117 0.005116324 0.007843975 0.01078459 0.01441685 0.01933882 0.02540093 0.03480601 0.04906454 NaN 0.009490058 1014.849 1517.059 1791.536 1986.881 2016.863 2002.751 1945.39 1892.103 521.9045 630.4699 28 
4.784183e-05 0.005246695 0.007007054 0.005136032 0.007707527 0.01042414 0.01357867 0.01743875 0.02309912 0.03160566 0.05053198 NaN NaN 911.5848 1398.709 1653.405 1744.503 1790.345 1765.266 1746.176 1624.067 40.8759 50.75841 29 
0.0005033487 0.005118573 0.007345318 0.00535736 0.007595904 0.01042094 0.01384096 0.01815736 0.02382511 0.03357518 0.04807128 NaN 0.01634827 975.1775 1395.792 1697.192 1843.235 1867.179 1875.195 1795.533 1735.55 459.4332 558.141 30 
8.047502e-05 0.004620318 0.007621625 0.004958 0.007620396 0.01051356 0.01383465 0.01780552 0.02414407 0.03209823 0.04512936 NaN NaN 949.8019 1426.239 1698.923 1794.793 1882.346 1845.013 1790.999 1747.239 76.51978 92.22935 31 
0.0001081474 0.004289213 0.008096286 0.00517461 0.008014693 0.01110252 0.01497304 0.02043541 0.0278832 0.03530637 0.05378899 NaN 0.007476251 1044.962 1552.647 1836.224 2048.262 2111.408 2017.041 1999.772 2010.955 115.5036 136.501 32 
0.00015533 0.004647704 0.007914088 0.005035618 0.007863221 0.01077231 0.01434942 0.01921351 0.02366927 0.03428785 0.0494068 3.76707e-05 0.0008560041 995.0676 1530.113 1790.53 1976.705 1925.039 1976.35 1904.878 1817.472 154.066 185.2856 33 
0.0002066195 0.004366854 0.007939587 0.005140261 0.007826632 0.01077131 0.01450486 0.01974998 0.02542235 0.03315538 0.04674324 NaN NaN 1030.689 1504.181 1773.593 1992.552 1990.701 1940.015 1898.577 1894.629 211.5427 255.0622 34 
0.0001231512 0.004310055 0.008061908 0.00493538 0.007871908 0.01098493 0.01476711 0.01984782 0.02695691 0.03435709 0.05018508 NaN 0.002058643 1013.39 1559.086 1855.193 2038.116 2105.203 2022.373 1988.725 1965.732 128.5569 153.9563 35 
0.0001607878 0.004501106 0.008118258 0.005024664 0.007749064 0.01070028 0.01446979 0.01966907 0.02549062 0.0358125 0.05460265 0.0001194913 0.0005758687 1019.949 1533.698 1832.097 2063.422 2066.357 2090.814 2034.67 1945.211 160.652 198.5164 36 
0.0001815008 0.00453574 0.007925474 0.0050175 0.007690955 0.01066557 0.01419378 0.01865025 0.02527691 0.0340575 0.0464498 NaN 0.001304958 1006.456 1502.524 1804.683 1947.428 2026.787 1989.333 1911.294 1889.121 180.0356 220.026 37 
0.0001557134 0.005955917 0.006713752 0.005263817 0.007427071 0.01021875 0.01328796 0.01702969 0.02241073 0.02989929 0.04400666 NaN NaN 866.5436 1303.443 1617.117 1694.216 1718.474 1652.698 1581.229 1505.793 125.1339 151.1521 38 
3.423609e-07 0.004632419 0.007884499 0.005072817 0.007672958 0.01057433 0.01405591 0.01854045 0.02480397 0.03460261 0.05220986 7.015981e-08 0 991.6701 1467.854 1759.975 1915.488 1979.251 1977.946 1936.416 1875.839 0.3319339 0.405836 39 
0.0002327568 0.004912059 0.00749819 0.005176768 0.007554618 0.01046044 0.01394482 0.01819866 0.02344449 0.03118507 0.04400088 NaN NaN 979.9146 1420.222 1735.282 1869.227 1873.944 1840.417 1787.105 1778.85 214.4915 265.3647 40 
0.0003376124 0.004947969 0.007480637 0.005080762 0.00772978 0.01084067 0.01437571 0.01823248 0.02301777 0.03432252 0.04751059 NaN 0.01380603 975.7376 1489.939 1836.979 1910.694 1883.825 1973.999 1876.791 1832.552 317.7393 388.4951 41 
0.0001996262 0.004648185 0.007690904 0.004970407 0.007640856 0.01039751 0.01376094 0.01835381 0.02328615 0.03398391 0.04601396 NaN 0.001822329 954.0273 1437.307 1675.12 1862.274 1853.79 1906.649 1814.202 1779.154 187.6292 229.282 42 
3.352526e-05 0.004318127 0.008078692 0.005133149 0.007931653 0.01099122 0.01472458 0.01963688 0.02615179 0.03624868 0.05243661 1.578907e-05 NaN 1046.427 1551.36 1836.445 2012.724 2064.634 2057.314 1985.448 1943.313 34.97832 42.3699 43 
0.0004848912 0.004218988 0.008442802 0.005053589 0.007886582 0.01105011 0.01487512 0.0198701 0.02741292 0.0363322 0.0538627 NaN 0.009560863 1067.371 1591.371 1920.593 2096.56 2201.232 2156.915 2127.451 2074.8 520.4201 629.9595 44 
2.024582e-05 0.005013356 0.007287924 0.005224004 0.007847973 0.01060814 0.01405179 0.01860892 0.02409517 0.03486412 0.05347897 NaN NaN 947.8686 1435.282 1679.67 1848.006 1843.053 1869.658 1805.895 1688.968 15.59514 22.38606 45 
0.0005847831 0.004652198 0.007970691 0.004985239 0.007838004 0.01102736 0.01478586 0.01925943 0.02522097 0.03536473 0.05039231 NaN 0.008428106 989.8609 1541.347 1888.39 2014.208 2044.11 2050.879 1989.428 1932.682 577.3893 700.6707 46 
3.84359e-06 0.004764496 0.007972204 0.00533547 0.008169659 0.01135333 0.01512621 0.01973636 0.02581178 0.03606176 0.05422 NaN NaN 1055.453 1607.926 1929.909 2048.25 2062.426 2047.156 1982.703 1890.631 12.53862 4.726813 47 
0.0002597667 0.004674426 0.007647688 0.005059676 0.007864566 0.01085021 0.01441626 0.01898329 0.0251973 0.03331265 0.05006773 NaN 0.006635845 957.5233 1469.693 1743.315 1881.385 1918.089 1868.886 1837.555 1763.43 246.2561 298.947 48 
0.0001960134 0.004298411 0.008081266 0.005018313 0.007740826 0.01079552 0.01441512 0.01883151 0.0253438 0.03632851 0.04868748 NaN 0.006239501 1017.414 1499.663 1806.381 1940.725 2016.392 2040.945 1956.662 1957.727 199.6483 242.8459 49 
2.284789e-06 0.004630187 0.008078347 0.005090894 0.007908339 0.01085483 0.01446051 0.01931084 0.02558785 0.03181565 0.05010556 9.630579e-08 0 1030.981 1574.211 1849.463 2032.23 2062.302 1967.257 1983.27 1922.25 2.314223 2.806095 50 
0.0003912068 0.004238625 0.008084417 0.004960271 0.007732372 0.01082386 0.01455639 0.0192681 0.02566549 0.03604126 0.05045158 NaN 0.01751623 1022.161 1520.976 1837.967 2006.826 2064.75 2083.32 2030.803 2006.795 411.0299 490.7951 51 
0.0002883806 0.004630383 0.007831164 0.005050609 0.007723857 0.0107839 0.01442794 0.01883979 0.02449746 0.03322598 0.04711801 0.0004853742 0.001582237 993.7078 1488.211 1806.972 1936.353 1949.031 1953.186 1877.855 1827.456 291.3009 342.5338 52 
0.0001917499 0.004381303 0.008117071 0.005200675 0.007894137 0.01089771 0.01464469 0.01962787 0.02414342 0.03417859 0.05557215 0.001733781 0.01145372 1052.194 1531.807 1815.326 2007.189 1960.219 2002.53 2015.013 1904.096 220.4044 239.8837 53 
0.0001065148 0.004540073 0.007781517 0.005035121 0.007731645 0.01061068 0.01401614 0.01850542 0.02502264 0.03428246 0.05068292 NaN 0.0006101347 985.0211 1473.26 1735.695 1887.061 1967.121 1949.384 1903.961 1844.296 101.1024 126.4861 54 
0.000107914 0.004122565 0.008279153 0.004972139 0.007814491 0.01089009 0.014434 0.0187113 0.02539051 0.03737934 0.0488246 NaN NaN 1072.218 1592.155 1889.209 2019.032 2113.746 2177.847 2063.801 2046.89 122.0284 141.9337 55 
6.306123e-06 0.004028243 0.008455667 0.004970404 0.008091768 0.01132508 0.01500853 0.01973062 0.02655409 0.03809524 0.05370064 NaN NaN 1063.956 1640.672 1916.851 2064.651 2143.318 2171.922 2106.261 2084.537 7.112955 8.347481 56 
0.0001400885 0.004416966 0.007911705 0.004904814 0.007753766 0.01079264 0.0142773 0.0184621 0.02521368 0.03427669 0.04423164 1.135332e-05 0.0004894269 983.2603 1504.847 1792.35 1898.877 1996.419 1964.924 1869.786 1893.397 139.1028 168.836 57 
0.0001101938 0.004332451 0.008100343 0.005080212 0.007842682 0.01100342 0.01477244 0.01929628 0.02593859 0.03824705 0.04701644 NaN 0.0002398559 1055.103 1563.841 1895.584 2028.368 2094.387 2120.16 1979.303 1977.738 115.0558 140.5375 58 
0.0001295109 0.004792584 0.007686819 0.005177354 0.007605502 0.01049548 0.01416119 0.01896224 0.02462848 0.03427712 0.04865528 NaN 0.000124249 992.8405 1439.28 1746.034 1937.624 1942.599 1931.235 1847.853 1776.968 123.506 151.01 59 
0.000139322 0.004331751 0.007941365 0.004856412 0.007596729 0.0105265 0.01410816 0.01894339 0.02462504 0.032798 0.04885583 NaN 0.0003554107 986.7577 1480.486 1759.438 1954.497 1978.191 1953.852 1928.502 1849.546 139.8232 169.5176 60 
0.0001780404 0.00480956 0.007815613 0.004967304 0.007606553 0.01038452 0.01373142 0.01814194 0.0244562 0.03349825 0.04279494 NaN 0.0004419219 946.763 1438.289 1700.029 1855.763 1921.789 1885.303 1771.541 1755.05 165.0781 202.1951 61 
7.683486e-06 0.004721224 0.007708422 0.005078603 0.007656657 0.01048599 0.01387433 0.0183131 0.02480473 0.03255186 0.04465466 NaN NaN 984.9635 1456.939 1726.609 1876.528 1950.684 1891.119 1808.587 1762.216 7.390586 8.965514 62 
0.000503331 0.004848747 0.007650367 0.005176592 0.007754404 0.01068939 0.01407676 0.0180243 0.0239477 0.03533406 0.04874064 NaN 0.01079172 974.9512 1454.671 1751.322 1845.553 1897.976 1954.781 1861.108 1813.574 471.6293 575.0778 63 
7.034333e-05 0.004599036 0.007462822 0.00503072 0.007555376 0.01038813 0.01386391 0.01837187 0.02289374 0.03347859 0.04365631 NaN 0.0001275926 964.5246 1406.474 1679.071 1845.318 1813.911 1870.413 1769.051 1755.433 66.81726 81.21229 64 
0.0001972207 0.004684449 0.00798679 0.005139793 0.007713257 0.01090198 0.01469881 0.01933209 0.02623986 0.03514064 0.05161285 NaN NaN 1016.622 1503.001 1873.533 2005.375 2076.097 2017.377 1961.945 1885.816 199.5249 238.3864 65 
0.0002978377 0.004854526 0.007481759 0.005245467 0.007606879 0.01041174 0.0138423 0.01822026 0.02364394 0.0325487 0.05012746 NaN 0.00696522 971.9751 1392.243 1671.218 1823.661 1839.046 1833.803 1807.724 1705.268 275.4576 335.8275 66 
0.000206279 0.003900784 0.00866717 0.005126501 0.007917256 0.01116741 0.01509461 0.01937653 0.02592778 0.03568716 0.05174075 NaN NaN 1161.455 1651.418 2015.475 2135.11 2219.865 2239.457 2220.951 2202.705 239.2208 291.098 67 
0.0003914028 0.004593262 0.00789664 0.00512894 0.007807004 0.01085472 0.0145119 0.01906456 0.0254423 0.036982 0.05004009 0.0003881903 0.02046226 1006.04 1499.744 1812.813 1955.766 2008.089 2030.736 1921.626 1892.965 395.4865 469.8055 68 
0.0001181052 0.004199569 0.00824929 0.005164325 0.007879294 0.01095868 0.01472274 0.01956959 0.02626244 0.03468556 0.05019521 1.799428e-05 0.001118706 1085.602 1563.444 1870.493 2034.072 2103.886 2072.222 2036.278 1991.41 127.1936 153.6903 69 
1.235149e-15 0.004269389 0.007970439 0.00512638 0.007808359 0.01081932 0.01456109 0.01957538 0.02605413 0.03499562 0.05271815 2.825919e-17 0 1049.005 1520.461 1817.335 2014.229 2062.887 2035.309 2009.604 1986.059 3.673873e-07 3.713138e-07 70 
9.718979e-05 0.005018149 0.007723748 0.004798218 0.007380483 0.01023058 0.01357487 0.01766464 0.02329828 0.03140702 0.04293956 5.700135e-07 NaN 912.5388 1412.811 1728.416 1854.924 1897.106 1859.905 1778.414 1733.493 88.30699 107.4393 71 
0.0004776436 0.004691099 0.008005078 0.005270538 0.007887983 0.01094454 0.0145403 0.01885317 0.02533198 0.03581747 0.05101278 NaN 0.007009185 1046.466 1543.863 1867.022 1983.915 2052.257 2063.582 1988.583 1929.887 482.3523 583.4323 72 
0.0003728104 0.004402042 0.008099075 0.004999144 0.007730271 0.01092346 0.01469126 0.01921126 0.02695077 0.03599758 0.05209768 NaN 0.009262382 1022.573 1529.434 1886.383 2004.959 2136.799 2085.972 2029.817 1971.497 380.2455 464.0765 73 
0.0001219185 0.004500918 0.007993056 0.004958506 0.007747869 0.01075009 0.01428117 0.01866486 0.02406157 0.03306383 0.04854863 NaN NaN 999.677 1521.285 1812.293 1950.2 1964.999 1966.866 1928.067 1859.403 122.5104 148.0092 74 
0.0001292378 0.00437267 0.00809085 0.00520857 0.007855316 0.01077081 0.01448095 0.01977007 0.02621544 0.03470808 0.04839939 8.069398e-05 0.0003654768 1057.996 1524.693 1793.712 2021.937 2059.55 2009.263 1946.181 1910.286 133.3641 162.1315 75 
0.0001491914 0.004815718 0.007717188 0.004933216 0.007519558 0.01047077 0.01404931 0.01853666 0.02390421 0.0316025 0.04570445 NaN 0.0007096719 938.7665 1420.75 1735.098 1887.547 1887.659 1841.593 1795.775 1739.365 139.1703 168.824 76 
0.0004236912 0.004654342 0.007852158 0.005086465 0.007892839 0.01073449 0.01399262 0.01818816 0.02458604 0.03460878 0.04950379 NaN 0.01003974 990.0028 1514.434 1754.931 1879.126 1965.031 1977.607 1911.308 1863.308 413.8848 500.1258 77 
0.000447535 0.004371045 0.007933542 0.004981898 0.007830357 0.01075954 0.01420622 0.01882742 0.02477881 0.03411866 0.04958399 NaN 0.01261244 1015.058 1543.275 1797.727 1970.984 2017.825 2026.363 1985.531 1951.346 454.3495 553.3896 78 
0.000334984 0.004431305 0.007934987 0.005215314 0.00793313 0.01103202 0.01470015 0.0191423 0.02560567 0.03632551 0.05142198 NaN 0.005409545 1043.117 1531.451 1833.825 1957.301 2016.309 2032.437 1951.015 1877.065 343.216 414.7771 79 
5.416558e-05 0.004448737 0.008203343 0.005153729 0.00782275 0.01093441 0.01481265 0.01978537 0.02565784 0.03536642 0.05201573 NaN NaN 1058.446 1551.169 1886.47 2070.717 2083.299 2067.521 2013.569 1933.646 57.3903 68.40149 80 
0 0.004689621 0.007723526 0.00511695 0.007764017 0.01068855 0.01433594 0.0191682 0.02507439 0.03339176 0.05268233 0 0 972.9718 1455.393 1738.184 1919.717 1937.081 1891.292 1878.971 1832.158 5.096042e-13 NaN 81 
9.47426e-05 0.004736982 0.00772175 0.005067143 0.0077729 0.01061424 0.0138455 0.01778724 0.02432419 0.03382464 0.04514757 1.036814e-05 NaN 965.0366 1459.634 1709.455 1797.749 1899.224 1883.836 1781.309 1732.912 89.604 108.6126 82 
0.0006866588 0.004988151 0.007583578 0.005095052 0.007805461 0.01057016 0.01414307 0.01896105 0.02351439 0.03317651 0.04616397 NaN 0.006934154 950.8265 1472.699 1729.115 1938.272 1889.336 1917.442 1844.576 1836.322 630.2205 769.2516 83 
0.0001969772 0.004204667 0.008249281 0.005150579 0.007955325 0.01098373 0.01457803 0.01931336 0.02478563 0.03363228 0.04809551 NaN NaN 1085.072 1587.159 1857.851 2027.99 2044.517 2048.726 2019.016 2009.521 210.6444 256.2764 84 
2.374113e-08 0.005390251 0.007105773 0.00552825 0.007676913 0.01053321 0.01400076 0.01855684 0.02525293 0.03228123 0.04743432 1.689496e-07 0 971.6785 1386.66 1692.324 1835.111 1894.898 1779.595 1709.659 1668.01 0 0.02564622 85 
NaN 0.00422032 0.008049982 0.005041084 0.007885719 0.01098833 0.01462924 0.01949714 0.02673221 0.03575858 0.05606658 NaN 0 1022.942 1525.493 1817.818 1969.814 2065.857 2033.052 2010.206 1934.54 0 0 86 
9.985567e-05 0.004252303 0.008065544 0.004904845 0.007800761 0.01079607 0.01438324 0.01935988 0.0263733 0.03506194 0.05136206 NaN 0.000851354 1003.026 1530.783 1796.517 1988.761 2068.961 2026.313 1986.726 1951.44 102.2936 124.2222 87 
0.0002001786 0.004716333 0.00785381 0.005169851 0.007794436 0.01057195 0.01414188 0.01914835 0.02428635 0.03399911 0.04878902 NaN 0.0004325127 1021.42 1518.833 1772.661 2003.607 1984.119 1991.602 1931.271 1897.872 195.2629 240.7836 88 
0.0002013352 0.004660842 0.007866079 0.005142691 0.007731034 0.01051213 0.01389581 0.01844961 0.02414137 0.03435268 0.04879975 9.171127e-05 0.004133843 991.5614 1460.089 1709.483 1885.322 1915.59 1935.779 1869.329 1814.645 194.6921 236.3384 89 
7.091806e-05 0.004528794 0.007882045 0.005054793 0.007723736 0.01056297 0.01399458 0.01856745 0.02445646 0.03394302 0.04625143 NaN 0.0001057663 997.8367 1481.516 1737.713 1909.304 1948.148 1946.267 1866.609 1854.035 66.2553 84.8932 90 
0.0002070017 0.004720322 0.007910519 0.005252017 0.007794918 0.01080217 0.01432491 0.0186302 0.02551962 0.03409156 0.05282191 NaN 0.002713208 1030.552 1504.398 1821.705 1932.109 2030.626 1979.177 1948.067 1854.487 203.0898 249.1349 91 
NaN 0.004344493 0.00825333 0.005197462 0.007891198 0.01095095 0.01458793 0.01900244 0.02501854 0.03548835 0.05466229 NaN NaN 1075.549 1563.115 1870.528 2006.63 2054.816 2087.014 2054.589 1984.634 0 0 92 
0.0003020803 0.004343475 0.008352981 0.005130123 0.007959834 0.01107692 0.01496357 0.02011023 0.02583492 0.0342397 0.05032157 NaN NaN 1073.819 1603.529 1912.548 2108.276 2107.004 2067.809 2051.006 2007.462 327.9556 389.9008 93 
6.940461e-05 0.004677718 0.007949644 0.005236183 0.007758222 0.01066159 0.01433364 0.01922305 0.02396598 0.03372389 0.04637299 NaN NaN 1061.145 1537.611 1835.988 2036.692 1996.885 2013.209 1928.964 1876.032 71.06392 85.7721 94 
0.0001716818 0.004341145 0.008379578 0.004982307 0.007836163 0.01103477 0.01476679 0.01899048 0.02514919 0.0342689 0.04955749 NaN 0.0004849882 1040.226 1575.638 1908.261 2010.668 2069.852 2056.867 2012.221 1957.878 178.2186 217.5728 95 
0.0005463037 0.00419537 0.008266751 0.005014783 0.007970043 0.0110982 0.01480245 0.01964687 0.02578089 0.0360724 0.0523877 NaN 0.01004675 1035.87 1576.237 1860.802 2031.208 2080.378 2101.948 2065.09 2033.048 570.3295 692.6283 96 
NaN 0.004305583 0.007935503 0.005151614 0.007914508 0.01093701 0.01457676 0.01930832 0.02595216 0.03576105 0.04851471 6.844822e-07 0 1043.779 1533.88 1812.192 1974.092 2038.803 2023.12 1940.907 1967.389 0 0 97 
0.0004378991 0.004092641 0.008273252 0.00515537 0.007926208 0.01097392 0.01484264 0.02033411 0.02649357 0.03775284 0.05496958 NaN 0.008960947 1098.161 1590.045 1883.383 2126.522 2152.944 2183.019 2131.147 2080.502 481.0387 582.2347 98 
3.894216e-05 0.00462455 0.007757575 0.004940491 0.007558946 0.01048474 0.01405938 0.01878005 0.02581515 0.03293151 0.05284379 NaN NaN 939.3253 1410.004 1706.126 1871.303 1951.336 1860.934 1863.906 1768.308 36.78424 44.62721 99 
0.000127076 0.004358144 0.008202615 0.004936571 0.007870161 0.01082187 0.014299 0.01921495 0.02488751 0.03414793 0.04987481 NaN 0.0006945547 1025.212 1578.568 1826.194 2028.333 2049.541 2049.241 2003.473 1936.105 131.6168 159.2637 100 
