0.9016827 0.4976593 0.8999106 0.09154724 0.1102882 0.1244077 0.1417779 0.1565502 0.2086816 0.2475772 0.3372578 0.5133471 0.9999999 9890.143 18807.91 27782.8 35914.42 43223.17 49245.8 55953.34 61294.72 66381.74 71066.12 108033.2 1 
0.9011541 0.4983059 0.8996489 0.09235158 0.1095691 0.1233733 0.1392966 0.1670188 0.2005479 0.2480922 0.3312236 0.5118638 0.9999997 9977.786 18969.31 27839 35860.04 42978.02 49733.59 55823.62 61190.39 66068.69 70830.92 108041.3 2 
0.8997747 0.4985424 0.8999644 0.09292418 0.1037205 0.1272483 0.1365503 0.1656912 0.1996611 0.2473853 0.3355205 0.4870066 1 10079.51 19148.8 27434.75 35906.56 42817.3 49536.87 55641.98 61042.67 66129.81 70309.18 108470.3 3 
0.8991527 0.5006289 0.9002177 0.0919385 0.1079623 0.1212771 0.1425353 0.162573 0.1967977 0.2453362 0.3393009 0.4896476 1 9953.651 18903.5 27610.97 35462.09 42869.77 49288.84 55207.96 60544.37 65819.15 70032.34 108264.2 6 
0.8988351 0.5021646 0.9001718 0.09180915 0.1086489 0.1234221 0.1397639 0.1692158 0.1968444 0.2493357 0.3281279 0.4950121 0.9999991 9917.256 18831.23 27584.97 35586.9 42699.9 49538.02 55309.8 60684.53 65382.57 69752.54 108020.3 7 
0.900033 0.5008007 0.8994745 0.09271713 0.1064656 0.1203902 0.1408976 0.1661317 0.2021636 0.250761 0.3398859 0.5009821 1 9997.958 18996.45 27513.49 35287.42 42594.09 49310.8 55517.63 60988.47 66083.56 70367.02 107832.9 8 
0.8985882 0.5010325 0.9013237 0.0925759 0.108456 0.1206181 0.1428085 0.1626441 0.1974532 0.2556087 0.3321779 0.4921189 1 10021.34 19026.4 27750.39 35499.32 42897.24 49283.75 55200.46 60941.94 65731.26 69918.31 108250 11 
0.9008429 0.4987872 0.8992459 0.09366576 0.1058694 0.1238883 0.1393996 0.1673179 0.2014988 0.2562445 0.3326406 0.4899235 0.9999999 10118.55 19233.78 27692.26 35792.07 42934.76 49721.58 55866.23 61572.68 66325.28 70421.03 108028.3 12 
0.9009792 0.5003784 0.8992381 0.0909173 0.1126668 0.121049 0.1406372 0.1660457 0.1979142 0.2505305 0.3302854 0.4945231 0.9999995 9826.737 18680.42 27901.04 35692.19 42935.41 49618.99 55575.27 61108.31 65961.69 70364.32 108084.4 13 
0.9009487 0.4999166 0.8997992 0.09474482 0.1096299 0.1199252 0.1467091 0.1620245 0.2027704 0.2467538 0.3256813 0.5059745 0.9999998 10217.85 19423.62 28202.65 35833.67 43507.65 49774.69 55936.15 61156.31 65796.81 70487.03 107846 16 
0.8983127 0.4987204 0.9009745 0.09547814 0.103007 0.1213515 0.1450243 0.1647283 0.1952876 0.2578975 0.3231342 0.5034753 0.9999996 10346.49 19640.87 27740.24 35588.87 43173.42 49663.37 55387.03 61204.25 65626.43 70180.46 108365 17 
0.9000415 0.49814 0.9004783 0.09382713 0.1066728 0.1272629 0.1431068 0.1611669 0.2006024 0.2477689 0.3294843 0.5030351 0.9999994 10155.75 19296.34 27830.32 36199.26 43524.15 49734.2 55789.06 61099.27 65882.17 70445.08 108238.9 18 
0.9006558 0.4979843 0.9004018 0.09214507 0.1057834 0.1213606 0.1408681 0.1646325 0.2060465 0.2448593 0.344607 0.4886397 1 9972.12 18953.57 27463.84 35397.8 42755.45 49426.38 55931.48 61145.47 66517.44 70546.74 108221.9 21 
0.9004564 0.5008223 0.8994104 0.09240133 0.1063995 0.1245027 0.1389798 0.1666302 0.2002847 0.2569973 0.3410638 0.4980651 0.9999998 9967.717 18943.21 27474.73 35632.44 42730.85 49466.73 55550.64 61316.93 66351.61 70464.78 107874.2 22 
0.8996386 0.4990303 0.8995525 0.09293417 0.1067414 0.1253878 0.1379656 0.1659384 0.2032152 0.2421192 0.3426255 0.4839549 0.9999995 10037.34 19067.33 27610.9 35812.55 42777.91 49432.95 55654.68 60685.27 65980.5 69930.61 108004.9 23 
0.9012161 0.4992957 0.8993294 0.09390388 0.1074759 0.1240203 0.1405443 0.1650858 0.1980322 0.2553709 0.3258679 0.4973051 0.9999993 10142.51 19283.1 27896.58 35973.85 43174.05 49765.49 55722.5 61462.61 66075.59 70540.47 108009.5 26 
0.9011328 0.5004279 0.8987705 0.09272623 0.1056819 0.1235409 0.1406274 0.1657993 0.2015096 0.2467355 0.3300634 0.4997875 0.9999999 10007.43 19025.46 27492.53 35592.77 42867.06 49564.61 55751.7 61079.84 65964.22 70523.3 107924.5 27 
0.9006043 0.4985656 0.900406 0.09406521 0.1099354 0.1202821 0.1400299 0.1669325 0.2002229 0.242457 0.3336248 0.5154505 0.9999994 10159.09 19308.41 28145.48 35822.72 42989.84 49714.79 55762.53 60862.75 65907.19 70778.06 108000.5 28 
0.9000274 0.5012682 0.9000611 0.09322745 0.1078963 0.1218223 0.1380447 0.1719094 0.1988509 0.254728 0.3285105 0.5235903 1 10048.53 19092.48 27729.18 35578.85 42591.93 49679.81 55581.08 61177.9 65781.79 70678.4 107785.1 31 
0.9004748 0.4990241 0.8998785 0.09229069 0.1084162 0.1198544 0.1472315 0.1676119 0.202273 0.2438099 0.3229981 0.506968 0.9999994 9977.224 18961.46 27713.13 35441.09 43251.28 49953.24 56037.95 61091.86 65661.87 70443.78 108106.5 32 
0.9009659 0.4980611 0.9000713 0.09094925 0.1048297 0.1247984 0.1417264 0.1638292 0.2034931 0.2464277 0.3380303 0.5060071 0.9999995 9829.972 18686.44 27135.57 35424.53 42825.82 49408.21 55756.65 61077.98 66237.64 70784.55 108081.9 33 
0.8991974 0.5012429 0.9008035 0.09239701 0.1068617 0.1239462 0.1432182 0.1608062 0.2002327 0.2603781 0.3265164 0.5133413 0.9999998 9955.353 18907.18 27451.3 35509.6 42888.42 49107.01 55172.58 61067.35 65537.24 70181.71 107745.4 36 
0.8992901 0.5013288 0.8992828 0.09048222 0.105548 0.124109 0.1454664 0.166985 0.1940247 0.2560955 0.3274594 0.5077739 1 9757.982 18533.24 27019.56 35186.93 42821.61 49474.37 55105.2 60846.26 65458.17 70066.06 107844.2 37 
0.9009865 0.5000185 0.8996043 0.09243599 0.1048248 0.1238577 0.1413393 0.1632564 0.2033219 0.2541643 0.3265231 0.5150336 0.9999971 9965.501 18944.28 27325.04 35467.91 42802.39 49321.84 55648.58 61302.87 65930.3 70765.92 107809.8 38 
0.8998751 0.4995773 0.8999861 0.09100467 0.1076737 0.1239514 0.1398633 0.1713695 0.1987774 0.2479078 0.3376279 0.51192 0.9999996 9810.322 18638.39 27323.15 35425.6 42592.25 49618.76 55503.15 60790.29 65811.37 70377.53 107800.2 41 
0.9009529 0.4983795 0.8994443 0.09295953 0.1109677 0.1192007 0.1465352 0.1648725 0.195771 0.2519631 0.3420282 0.5007596 0.9999998 10034.75 19075.59 28051.36 35649.08 43353.21 49847.87 55609.03 61174.72 66359.96 70619.27 107947.5 42 
0.9004244 0.5002108 0.9004199 0.09214138 0.107993 0.1224801 0.146164 0.1623242 0.2011771 0.2521984 0.3320052 0.4979224 0.9999998 9939.85 18889.93 27585.38 35538.39 43204.56 49527.37 55626.22 61133.38 65920.28 70250.31 107876.1 43 
0.8985602 0.4994658 0.9001584 0.09461066 0.107247 0.1235223 0.1468435 0.1605029 0.2007256 0.2499788 0.3303747 0.5090901 0.9999988 10215 19393.79 27910.3 35858.87 43453.45 49519.66 55492.95 60809.69 65491.17 70043.42 107968.8 46 
0.8996902 0.5011442 0.9003372 0.0909862 0.1051568 0.1241624 0.1407976 0.1642578 0.202556 0.2496833 0.343169 0.4918995 0.9999999 9817.339 18649.9 27093.11 35272.88 42557.83 49137.64 55389.43 60823.82 66056.51 70101.32 107899.2 47 
0.9017333 0.5020787 0.8995177 0.09243618 0.1073176 0.1223369 0.1414352 0.1648011 0.2005516 0.2460546 0.3285102 0.4904461 0.9999998 9972.723 18965.46 27609.78 35589.76 42942.51 49577.12 55737.56 61081.2 65971.16 70407.77 107887.7 48 
0.8994658 0.5013637 0.8997461 0.09286132 0.1081987 0.1221074 0.1425414 0.1665054 0.2020869 0.2400377 0.337955 0.5034155 0.9999993 10010.71 19015.01 27684.33 35550.23 42889.47 49508.48 55588.95 60480.44 65613.44 70075.42 107802.8 51 
0.899568 0.4999885 0.9002612 0.09172349 0.1069113 0.1228821 0.138132 0.1685496 0.1932114 0.2514077 0.3333443 0.4989063 0.9999999 9916.205 18836.5 27442.71 35462.8 42526.22 49429.11 55114.74 60759.69 65754.6 70223.05 108109.8 52 
0.8991744 0.500314 0.9007896 0.09145356 0.1060367 0.1267921 0.1428105 0.1680532 0.1987773 0.2516332 0.3317967 0.5100405 0.9999995 9875.875 18756.01 27268.39 35639.79 42983.92 49682.77 55530.2 60943 65664.43 70205.03 107987.9 53 
0.8991898 0.497967 0.8997904 0.09163512 0.1075291 0.1278436 0.1391218 0.1663591 0.1930945 0.2458805 0.3360291 0.5035041 0.9999998 9911.84 18824.47 27491.99 35931.03 42948.69 49571.92 55172.76 60500.3 65624.06 70173.94 108166.4 56 
0.900398 0.5023866 0.8992912 0.09177277 0.107153 0.1209808 0.1401737 0.1655597 0.2063516 0.2528747 0.3260886 0.5048614 0.9999999 9868.817 18754.68 27351.94 35177.31 42418.12 49104.74 55562.22 61065.36 65616.83 70176.17 107535.4 57 
0.8999499 0.5002978 0.9003473 0.09281669 0.106671 0.1218906 0.1464324 0.167778 0.1981135 0.2509619 0.3391271 0.5226528 1 10008.12 19014.93 27546.9 35442.14 43132.34 49805.86 55621.51 61025.89 66023.19 70726.11 107826.8 58 
0.8984299 0.5027782 0.8998701 0.0921508 0.1079877 0.1244411 0.1389001 0.1667059 0.1938972 0.2560278 0.3219184 0.4939391 1 9952.72 18894.54 27563.83 35648.23 42664.34 49323.94 54968.68 60726.26 65166.87 69585.27 108004.7 61 
0.8996996 0.5005344 0.8996117 0.0915934 0.1087788 0.1262049 0.1381497 0.1686548 0.1972735 0.2547111 0.3408743 0.4822939 1 9879.338 18767.77 27543.66 35801.63 42751.89 49554.83 55369.48 60994 66025.35 69800.38 107860.8 62 
0.8980553 0.5003187 0.9004423 0.09160531 0.108829 0.1239042 0.1387699 0.1643573 0.1984835 0.2515466 0.3347588 0.4928843 0.9999976 9903.812 18797.98 27569.74 35603.5 42614.47 49123.83 55068.92 60580.96 65487.05 69665.5 108114 63 
0.8998765 0.4996614 0.8996354 0.09448438 0.1086427 0.1236565 0.1396148 0.167572 0.1966224 0.2498464 0.3352812 0.4896473 0.9999999 10209.07 19395.98 28083.74 36056.17 43116.49 49818.54 55593.23 61014.08 65965.45 70097.67 108050.4 66 
0.8995066 0.5012339 0.8996934 0.0921231 0.1073325 0.1224865 0.1393249 0.1660257 0.1979258 0.2542126 0.3342657 0.5062967 0.9999995 9935.591 18872.72 27485.66 35429.6 42555.38 49238.84 55187.23 60866.61 65757.93 70249.69 107851.2 67 
0.8995925 0.4988671 0.8999642 0.09050718 0.1089278 0.1237741 0.1407095 0.1655744 0.2049455 0.2532383 0.3288542 0.5067654 0.9999993 9776.103 18570.61 27406.89 35489.93 42719.28 49342.94 55659.92 61144.23 65742.83 70247.34 108014.7 68 
0.9008559 0.4989335 0.9004876 0.0913788 0.1082921 0.1250438 0.1429255 0.1606765 0.20334 0.2502024 0.3391014 0.5018555 1 9846.917 18717.57 27464.98 35659.47 43042.37 49295.01 55581.92 61024.96 66105.87 70439.29 107759.3 71 
0.9000412 0.4987108 0.9000863 0.09220279 0.1080355 0.1239035 0.1394939 0.1645647 0.1984324 0.2472542 0.3285634 0.5084465 0.9999996 9989.676 18980.8 27709.32 35809.48 42951.39 49541.97 55553.96 60951.67 65812.95 70615.92 108344.6 72 
0.8984761 0.5003964 0.9011159 0.09305563 0.1066477 0.1232935 0.1432859 0.1681168 0.1931603 0.2464573 0.3290736 0.5088132 0.9999994 10067.93 19113.72 27637.99 35639.97 43033.46 49733.37 55263.89 60544.64 65356.17 70088.89 108192.6 73 
0.900827 0.5019769 0.9012341 0.09238623 0.1063719 0.1233197 0.1412776 0.161889 0.2010191 0.2502141 0.3365448 0.5046417 0.9999997 9964.44 18940.68 27475.21 35538.29 42848.58 49260.58 55470.49 61003.68 66081.72 70598.7 107856.3 76 
0.9001497 0.5010817 0.8995297 0.09089835 0.1090505 0.1264052 0.139826 0.1666558 0.1954235 0.2423183 0.3369194 0.5001872 0.9999994 9816.739 18653.27 27497.34 35808.84 42918.32 49587.44 55340.82 60494.53 65704.78 70219.32 107996.9 77 
0.9010877 0.4998159 0.8996517 0.09319009 0.1056483 0.1240334 0.1399718 0.1688295 0.1949099 0.2470608 0.3308607 0.5090135 0.9999999 10057.96 19121.07 27569.72 35699.58 42900.76 49790.38 55548.39 60955.9 65919.32 70715.41 107929.5 78 
0.899964 0.5010105 0.8998368 0.09147402 0.1100583 0.1193081 0.1423279 0.1696419 0.1952674 0.2550098 0.3215473 0.4919776 1 9895.882 18801.82 27738.21 35399.18 42822 49746.42 55482.62 61190.71 65645.24 70056.61 108182.4 81 
0.9005275 0.5005788 0.9002381 0.09160809 0.1061492 0.1231052 0.1389563 0.1633371 0.2034753 0.2494959 0.3440877 0.4856452 0.9999997 9894.579 18804.92 27349.21 35425.1 42587.58 49167.1 55549.25 61033.63 66358.31 70307.23 108009.9 82 
0.8992642 0.5014087 0.9005112 0.09165089 0.1084075 0.1226712 0.1444662 0.1629517 0.1966794 0.2549294 0.3359156 0.5057498 0.9999995 9892.02 18787.56 27523.2 35473.47 42978.91 49340.58 55171.53 60860.51 65771.33 70185.64 107931.5 83 
0.8998165 0.4998483 0.8991411 0.09150757 0.109306 0.1227518 0.1396282 0.1679463 0.1965525 0.2511059 0.3280803 0.4960551 0.9999997 9889.335 18787.92 27637.55 35603.36 42748.12 49550.55 55380.8 60912.42 65651.21 70088.05 108071.2 86 
0.901093 0.4994835 0.8999701 0.09186615 0.109486 0.1246099 0.1422997 0.1641209 0.1955886 0.2554834 0.3268843 0.5095472 0.9999991 9910.111 18840.04 27702.48 35833.42 43156.48 49638.15 55437.32 61206.32 65871.25 70602.72 107875.5 87 
0.8995386 0.4995282 0.8993353 0.09123072 0.1099619 0.1257087 0.1389422 0.161529 0.2059939 0.2494172 0.3295684 0.4878125 0.9999984 9881.606 18770.49 27708.65 35938.21 42970.19 49306.74 55744.78 61096.13 65819.91 69985.97 108314.5 88 
0.8986461 0.5002464 0.9003973 0.09355161 0.1076438 0.1229801 0.1411672 0.1706565 0.1975766 0.2462241 0.3316455 0.5023922 0.9999987 10122.91 19219.83 27829.94 35773.18 42983.67 49877.72 55624.9 60789.55 65595.8 70051.51 108206.7 91 
0.9005116 0.5002063 0.9001257 0.09119697 0.1057667 0.1242237 0.1406934 0.1679908 0.1987419 0.2493222 0.3304599 0.4903232 0.9999976 9843.904 18708.45 27222.6 35411.39 42697.09 49539.3 55526.78 60975.13 65826.27 70123.13 107941.1 92 
0.9006109 0.4981474 0.8992414 0.09700648 0.1060644 0.1275607 0.137805 0.1657126 0.199344 0.2456356 0.3326383 0.5181588 0.9999991 10482.85 19923.82 28293.43 36608.59 43457.55 50011.75 55953.75 61158.78 66078.56 70944.51 108063.4 93 
0.8983424 0.5000216 0.8993075 0.09174423 0.1088971 0.1194627 0.14172 0.1662867 0.2015511 0.2459938 0.3348337 0.5024741 0.9999997 9923.534 18838.26 27621.45 35271.69 42610.58 49280.55 55388.18 60591.54 65551.02 69986.24 108165.2 96 
0.8993817 0.5013966 0.8998234 0.09021218 0.1066236 0.1260588 0.1435185 0.1623165 0.1985965 0.2492961 0.3356449 0.5028483 0.9999999 9710.896 18444.7 27030.92 35340.25 42758.23 49085.92 55041.81 60463.72 65457.64 69897.1 107645.1 97 
0.8996242 0.5010087 0.899281 0.08873964 0.1101575 0.1220114 0.1432981 0.1662406 0.1965693 0.2563312 0.3318906 0.5083474 0.9999999 9582.596 18203.33 27215.98 35167.85 42654.52 49322.11 55165.7 60937.56 65710.29 70257.94 107985.5 98 
0.8990409 0.5020707 0.9010497 0.09364335 0.1071902 0.1245369 0.1427446 0.1627038 0.1988432 0.2527522 0.3296343 0.5055101 0.9999999 10104.21 19188.31 27733.93 35807.75 43104.05 49414.07 55335.2 60858.84 65542.02 70055.96 107901 1 
0.9011772 0.4985975 0.8996897 0.09292658 0.1038851 0.1273332 0.1419029 0.1640512 0.2031598 0.2506993 0.3206425 0.5014 0.9999997 10026.07 19061.34 27344.49 35809.28 43130.68 49642 55889.43 61333.23 65782.29 70446.83 107892.4 2 
0.8994799 0.5007651 0.9007442 0.08947339 0.1079836 0.1232318 0.1426178 0.1591006 0.2025977 0.2450685 0.326208 0.5005058 0.9999999 9661.272 18351.39 27123.44 35204.58 42632.23 48835.9 55158.57 60447.66 65257.97 69952.81 107979.3 3 
0.8987928 0.5015749 0.8993333 0.09247216 0.1047803 0.1230504 0.1440431 0.1623187 0.1972069 0.2576273 0.3237378 0.4989356 0.9999998 10000.37 18988.63 27350.44 35393.67 42910.02 49272.3 55180.46 61021.84 65505.06 69984.74 108144.7 4 
0.8999832 0.500279 0.8998059 0.09336959 0.1075265 0.1218559 0.1438876 0.1665007 0.1987483 0.245756 0.3275938 0.5003698 0.9999992 10062.4 19118.38 27712.33 35566.59 43027.54 49639.33 55534.48 60739.71 65482.55 70043.53 107769.5 5 
0.8990553 0.5000663 0.9002636 0.09348312 0.1064677 0.1256561 0.1411138 0.1682899 0.1977538 0.2453627 0.3301025 0.4932049 0.9999998 10103.11 19186.37 27680.36 35886.15 43064.53 49780.68 55568.01 60721.24 65518.55 69841.33 108074.2 6 
0.8993929 0.5004595 0.9000137 0.09298265 0.1086893 0.1231514 0.1394619 0.1655773 0.1964157 0.249077 0.3455371 0.4985382 1 10047.11 19083.41 27815.74 35775.07 42858.13 49460.18 55287.05 60733.33 66091.09 70270.52 108053.6 7 
0.9000359 0.5018146 0.899445 0.0899737 0.1063566 0.122519 0.1418993 0.166148 0.2055831 0.2613121 0.3318538 0.5089775 0.9999999 9691.075 18413.39 26997.68 35030.81 42435.67 49151.99 55545.02 61409.4 65980.82 70360.48 107710.1 8 
0.8987999 0.5008817 0.8996881 0.09172606 0.1073399 0.1249041 0.1404551 0.1623774 0.2054882 0.2478939 0.3421492 0.4984132 1 9906.705 18810.85 27436.85 35597.69 42758.18 49126.26 55491.7 60742.15 65874.99 70018 108003.2 9 
0.9010622 0.4982929 0.8990414 0.09249666 0.1100395 0.1202764 0.1439103 0.1694396 0.1940637 0.2541361 0.3339731 0.5112039 1 9980.005 18972.61 27870.11 35593.73 43104.36 49959.69 55594.82 61258.59 66140.69 70752.83 107895.8 10 
0.8999138 0.5025023 0.8999182 0.09239972 0.1071117 0.1215736 0.1425189 0.1697679 0.2019603 0.2433054 0.3448722 0.5084356 0.9999971 9946.079 18896.69 27469.75 35325.45 42710.57 49590.54 55644.34 60667.13 65955.9 70327.22 107641.9 11 
0.8994784 0.5012237 0.8995636 0.09121292 0.1067627 0.124526 0.1422415 0.1614095 0.2058584 0.2478677 0.3343299 0.4856451 0.9999999 9867.611 18743.31 27355.53 35541.36 42904.58 49236.16 55671.3 60960.94 65876.64 69933.19 108182.2 12 
0.9002891 0.5014705 0.9005314 0.09120743 0.1075917 0.1218304 0.1466907 0.1588544 0.207516 0.2533323 0.320303 0.50084 0.9999992 9847.035 18712.21 27402.87 35337.93 43093.72 49219.68 55764.73 61284.41 65633.85 70206.55 107963.1 13 
0.9012572 0.4991889 0.8997394 0.09472891 0.1074843 0.1217569 0.1406004 0.1691864 0.1948193 0.2550211 0.3385122 0.4982692 0.9999998 10230.78 19451.35 28039.4 35895.36 43126.07 50010.54 55732.58 61465.19 66506.76 70757.96 108000.7 14 
0.9003324 0.5005067 0.900075 0.09202361 0.1074533 0.1195759 0.1447217 0.1654489 0.2002981 0.2466187 0.3299068 0.4783595 0.9999992 9955.945 18919.6 27589.4 35323.76 42974.7 49614.77 55705.94 61020.5 65890.28 69963.93 108189 15 
0.8981736 0.5020455 0.9006141 0.09268241 0.1059701 0.1241736 0.1400505 0.1676123 0.1972458 0.2482275 0.3415331 0.4931743 0.9999999 9999.194 18980.21 27420.66 35495.48 42615.6 49324.01 55123.42 60443.12 65596.71 69669.48 107886.6 16 
0.8999832 0.5003206 0.901562 0.09252398 0.1077285 0.1229333 0.1419694 0.1666139 0.1944864 0.2530581 0.3340016 0.5047252 0.9999984 9987.754 18976.56 27631.67 35613.26 42934.94 49600.27 55300.87 60944.15 65865.01 70364.43 107947.7 17 
0.8996549 0.5002225 0.8997331 0.09289232 0.1068986 0.1227959 0.1405289 0.1694643 0.2006088 0.2555981 0.3235715 0.5028745 0.999999 10021.63 19037.63 27588.68 35552.81 42759.45 49635.53 55633.73 61233.3 65626.52 70119.1 107884.3 18 
0.8999589 0.4992683 0.8993681 0.09516093 0.1048332 0.1232382 0.1402066 0.1683265 0.1998524 0.2517184 0.3231953 0.493422 0.9999995 10291.08 19552.62 27854.78 35863.17 43043.19 49852 55840.03 61314.65 65807.56 70204.62 108143.9 19 
0.9009483 0.4987717 0.8996986 0.09274153 0.1121085 0.1216383 0.1478372 0.1642394 0.2033774 0.2496676 0.3285146 0.4992948 1 10022.74 19052.72 28157.65 35958.04 43701.07 50074.69 56190.73 61456.63 66063.29 70433.53 108071.8 20 
0.9004014 0.4996932 0.9006372 0.09209842 0.1032073 0.1256853 0.1410036 0.1648046 0.2009284 0.2474697 0.3319694 0.4999134 0.9999998 9944.159 18897.89 27133 35479.8 42783.94 49403.88 55563.21 60933.58 65872.51 70385.45 107973.2 21 
0.8989951 0.4992599 0.9003869 0.09241189 0.1086751 0.1228202 0.1427353 0.1622172 0.2049036 0.2452795 0.3344941 0.4897969 0.9999984 10008.9 19006.85 27769.67 35725.81 43087.24 49422.91 55741.09 60875.6 65806.18 69956.16 108307.5 22 
0.8992971 0.4995978 0.8989692 0.09130104 0.1098387 0.124773 0.1398625 0.1715522 0.1984607 0.2517931 0.3260836 0.5109376 0.9999996 9863.978 18734.63 27631.29 35752.74 42849.95 49821.1 55620.64 61019.35 65532.98 70188.46 108038 23 
0.9008989 0.4988276 0.9000582 0.09126943 0.1092663 0.1238816 0.1405389 0.1684035 0.2014598 0.2525801 0.3351771 0.5066566 0.9999999 9845.036 18714.42 27570.39 35654.51 42871.75 49694.83 55784.52 61283.6 66147.68 70583.89 107867.8 24 
0.9000232 0.5010605 0.8996569 0.09347065 0.1092334 0.1233294 0.1431737 0.1622895 0.2035854 0.2471935 0.3396759 0.5052764 0.9999992 10070.98 19135.09 27891.27 35833.02 43171.03 49461.17 55662.02 60875.2 65938.52 70297.71 107744.8 25 
0.9013987 0.5001108 0.9002949 0.09342561 0.1076784 0.1204116 0.1458392 0.1662167 0.1927103 0.2508132 0.3332167 0.4851924 1 10097.62 19199.59 27857.28 35638.52 43340.35 49985.65 55611.92 61218.48 66220.41 70407.87 108081.9 26 
0.8997326 0.4981828 0.8996096 0.09456046 0.105049 0.1259138 0.1424476 0.1651759 0.2022152 0.2545797 0.3305811 0.5137812 0.9999998 10207.27 19391.09 27713.97 35948.84 43235.35 49730.06 55812.09 61332.72 65943.57 70526.78 107944.4 27 
0.9011537 0.4975185 0.8990613 0.09327744 0.1048454 0.1213922 0.1406073 0.1720658 0.1979495 0.2450099 0.3373528 0.5017343 0.9999991 10088.17 19179.16 27564.95 35496.37 42832.23 50003.28 55923.53 61179.6 66342.55 70832.99 108152.3 28 
0.9001867 0.5022546 0.8998938 0.09226375 0.1097482 0.1205522 0.143867 0.1658396 0.1975448 0.2510319 0.3320036 0.5112405 0.9999999 9936.869 18881.91 27726.65 35451.35 42924.73 49507.79 55364.61 60849.86 65683.57 70347.03 107700.7 29 
0.899205 0.4984322 0.8999874 0.09309847 0.1051257 0.1250766 0.1440093 0.1626994 0.2018819 0.2480305 0.3483204 0.5065705 0.9999999 10063.56 19112.75 27491.99 35693.48 43149.05 49489.3 55606.8 60891.81 66254.22 70475.28 108095.8 30 
0.9007167 0.4999298 0.899945 0.09335697 0.1058952 0.1189215 0.1458286 0.1633387 0.1985823 0.2534745 0.3339679 0.5091086 0.9999999 10081.19 19161.49 27626.66 35293.78 43036.96 49524.77 55553.38 61234.62 66168.09 70780.42 107985.4 31 
0.9004029 0.5003482 0.8999469 0.09226362 0.1061029 0.1224016 0.1422737 0.1656574 0.2005847 0.2547593 0.3267985 0.4929216 1 9948.994 18907.1 27409.7 35389.62 42789.79 49438.71 55537.33 61197.45 65801.13 70111.21 107832.3 32 
0.8986779 0.5001097 0.9009661 0.0921302 0.1046431 0.1241903 0.1423688 0.1684382 0.2054705 0.2461745 0.3411055 0.4899892 1 9955.847 18902.95 27253.88 35401.42 42767.16 49547.29 55800.33 60877.87 65918.68 69848.9 108062.8 33 
0.8996675 0.5003735 0.9003997 0.09172174 0.1071337 0.1219567 0.1415525 0.1678099 0.1980799 0.2558993 0.3226118 0.5084819 0.9999999 9918.569 18841.98 27474.09 35412.72 42759.4 49561.74 55485.28 61206.76 65655.28 70373.95 108137.6 34 
0.901894 0.4996759 0.9002567 0.09439663 0.1073058 0.1254886 0.1378323 0.1705488 0.1989774 0.2479856 0.3473232 0.4875149 0.9999998 10158.88 19321.1 27883.63 36065.85 43014.46 49982.05 55904.85 61228.35 66605.15 70499.6 107619.1 35 
0.8996943 0.4989797 0.9009713 0.09177256 0.1060824 0.1220142 0.143146 0.1651615 0.2044218 0.2428959 0.3195999 0.5031594 0.9999995 9940.331 18883.59 27425.26 35404.12 42905.04 49527.98 55850.31 60921.04 65442.49 70267.24 108314.9 36 
0.8992821 0.5008609 0.8995469 0.09480538 0.1055348 0.126769 0.1381764 0.1669009 0.208222 0.2455914 0.3338445 0.5138059 0.9999995 10220.54 19411.69 27755.2 36024.96 42928.56 49568.47 55971.12 60975.43 65747.13 70313.8 107805.5 37 
0.9008779 0.4978729 0.8993337 0.09372103 0.1042577 0.1248087 0.1434348 0.1665852 0.2005106 0.249413 0.3357464 0.4992372 0.9999998 10127.21 19250.59 27552.36 35769.51 43235.69 49904.7 55947.09 61329.84 66292.7 70627.92 108057 38 
0.8991713 0.5000883 0.8988817 0.09308632 0.1091905 0.1194691 0.1404062 0.1672069 0.1994631 0.2513811 0.33904 0.4946287 0.9999997 10066.32 19117.66 27898.72 35523.1 42742.41 49489.5 55483.85 60971.65 66013.27 70146.88 108139.6 39 
0.8981136 0.5003702 0.8994135 0.09126266 0.1068007 0.1250436 0.1416882 0.1689494 0.2024657 0.2531826 0.3310816 0.5056462 0.9999998 9852.654 18701.46 27273.9 35452.49 42703.79 49471.07 55503.44 60891.45 65472.05 69819.01 107959.3 40 
