0.0009392477 0.0013065 0.0006415074 0.001291819 0.001822202 0.002221502 0.00260658 0.003022607 0.003606628 0.004483992 0.005794029 0.008394476 4.05543e-15 139.5593 180.5808 201.0396 213.5312 221.8815 236.608 249.3917 267.2566 288.5517 270.5358 1 
0.0009392993 0.00130716 0.000643622 0.001296336 0.001820432 0.002213005 0.002587631 0.003033799 0.00362711 0.004457971 0.005760586 0.008297165 5.526431e-06 140.0578 180.2628 200.3891 212.4354 223.7917 235.3551 248.9867 266.3906 288.2338 270.2776 2 
0.0009445312 0.001311969 0.0006434117 0.001297393 0.001790365 0.002194805 0.002572517 0.003004512 0.003591956 0.004416506 0.005721099 0.008224909 2.002321e-15 140.7286 177.7597 201.1336 212.0741 223.6426 235.4685 249.2471 267.1569 287.0838 270.8154 3 
0.0009431935 0.001313174 0.0006421063 0.001288884 0.001801506 0.002182189 0.002565102 0.00300409 0.003565024 0.004370987 0.005671536 0.008202646 6.691701e-16 139.5401 178.9363 198.6767 212.2648 222.0571 233.4986 247.3517 265.7826 285.2414 268.7232 6 
0.0009395631 0.001311024 0.0006418381 0.001287223 0.001801781 0.00218993 0.00256317 0.003013025 0.003594583 0.00440162 0.005693914 0.008132972 9.003629e-06 139.0463 178.6629 198.866 210.9019 222.4224 232.6348 246.5485 263.2207 283.9578 267.465 7 
0.0009433801 0.001312161 0.0006453041 0.001296618 0.001801612 0.002177931 0.002556751 0.003007224 0.003598857 0.004438294 0.00576495 0.008335124 4.222565e-16 139.8181 178.0641 197.8454 211.3619 222.5081 234.4459 248.0883 265.7253 285.8103 269.3395 8  
0.000940048 0.001311563 0.0006368027 0.001292701 0.001805527 0.002181817 0.002562989 0.003002676 0.003564981 0.004400392 0.005740496 0.008206858 1.488537e-15 139.9349 179.1991 198.3674 212.0353 221.7418 233.19 248.1467 264.3898 284.3485 267.9263 11 
0.0009420088 0.001309433 0.0006452507 0.001304764 0.001807739 0.002198547 0.002578882 0.003026996 0.003623363 0.004478076 0.005829531 0.008322544 3.777815e-06 140.9515 178.6693 199.9606 212.3095 223.8721 235.6389 250.228 266.7307 287.0983 271.4887 12 
0.0009394872 0.001306614 0.0006441668 0.001283306 0.001822143 0.002206274 0.00257593 0.003021266 0.003599638 0.004423188 0.005735162 0.008207657 6.700569e-06 138.7053 180.9798 199.3817 212.0073 222.8676 234.0103 248.3279 265.3659 286.2412 269.8029 13 
0.0009371098 0.001306086 0.0006419376 0.001311486 0.001829121 0.002202141 0.002595645 0.003044794 0.003619198 0.004457569 0.005736127 0.008205239 3.752827e-06 141.4385 180.3863 198.7615 213.645 222.5899 235.072 248.3638 265.4266 287.5311 270.3831 16 
0.0009444494 0.001314017 0.0006399095 0.001315035 0.001798859 0.002174074 0.00257358 0.003028824 0.003590465 0.004422998 0.005763461 0.008186134 5.971387e-06 142.5038 177.8826 198.7623 213.5805 223.6137 234.4109 250.1128 265.5256 287.2997 269.983 17 
0.0009386582 0.001307524 0.0006402706 0.00130539 0.001811941 0.002216024 0.002612595 0.003042528 0.003610435 0.004445762 0.005744443 0.008243447 7.529172e-06 141.294 179.3548 201.5885 213.9935 222.9417 235.2309 248.9905 266.2675 287.6654 270.2107 18 
0.0009418288 0.001310407 0.000641305 0.001294352 0.001800572 0.002184501 0.002568585 0.003015815 0.003617468 0.004463913 0.005770762 0.008376624 3.878285e-15 140.0773 178.5426 199.1874 212.6964 223.5357 236.4679 248.8412 267.6094 286.6839 270.3875 21 
0.0009414389 0.001309189 0.0006440177 0.001294155 0.001799606 0.002193041 0.002570426 0.003012122 0.003600061 0.004448493 0.005817809 0.008394556 3.939937e-06 139.6059 177.9951 199.3964 211.3395 222.6307 234.1696 248.918 265.9574 285.703 269.8014 22 
0.0009458267 0.001313722 0.0006453458 0.001299565 0.001807291 0.00220484 0.002580344 0.003017468 0.003615314 0.004440791 0.005730667 0.008303398 6.469575e-06 140.3594 178.7695 200.3703 211.7773 223.0956 235.3905 247.8882 266.9913 286.0602 270.4589 23 
0.0009395737 0.001307012 0.0006445907 0.001305759 0.001815509 0.002206355 0.00258778 0.003029294 0.003606318 0.004447032 0.005781623 0.008226453 7.87915e-06 141.0344 179.414 200.1885 212.623 223.3491 234.8269 249.9559 266.126 287.6547 271.164 26 
0.0009409491 0.001309066 0.0006475009 0.001296647 0.001798797 0.002188411 0.00257214 0.003017135 0.00360552 0.004433336 0.005717745 0.008200618 2.286732e-06 139.94 177.8908 199.1888 211.994 222.9324 234.8241 248.1612 265.6202 286.9673 270.196 27 
0.000939292 0.001308503 0.0006410267 0.001307899 0.001829642 0.002206518 0.002577518 0.003029054 0.00362148 0.004435525 0.00571054 0.008275762 7.343158e-06 141.2538 180.7722 199.3333 212.2294 223.677 235.2678 248.2349 266.567 288.3842 269.933 28 
0.000938489 0.001308527 0.0006412172 0.001299635 0.001809883 0.002190819 0.002557884 0.003017833 0.003619165 0.004448594 0.005773847 0.008290787 6.095909e-16 140.0813 178.7368 198.4618 210.5275 223.3184 233.6933 248.038 264.1345 286.5099 268.3973 31 
0.0009402024 0.001308906 0.0006425366 0.001294506 0.001811778 0.00218896 0.00258837 0.003058297 0.00364727 0.004467528 0.005720474 0.00817135 7.046213e-06 139.9445 179.5414 198.6787 214.0144 224.1277 235.3807 247.978 265.0648 287.5924 270.0794 32 
0.0009419697 0.001309824 0.0006423007 0.001286824 0.001791328 0.002191474 0.00258554 0.003027533 0.003616226 0.004456496 0.005760926 0.008343957 6.772151e-06 139.0824 177.6192 200.0523 213.0876 223.2567 235.687 248.6345 266.7028 287.4583 269.7436 33 
0.0009403258 0.001311284 0.0006393309 0.001294215 0.001801004 0.002191515 0.002581838 0.00301301 0.003577075 0.004439654 0.005795451 0.008264086 3.745696e-06 139.4457 177.9318 198.8508 211.9738 220.9318 233.0784 248.2768 263.3645 285.0671 267.5059 36 
0.0009447779 0.0013137 0.0006463649 0.001280396 0.001784632 0.002178937 0.002580705 0.003037489 0.003597081 0.004412621 0.005748566 0.00821482 9.619864e-16 138.0833 176.8555 198.5926 212.6045 222.5427 232.3397 247.6447 263.6314 285.2435 268.1061 37 
0.0009414251 0.001309793 0.0006438343 0.001295943 0.001795276 0.002187166 0.002575979 0.003014763 0.003600589 0.004459263 0.005778173 0.008263016 1.639331e-05 139.7153 177.3738 199.1065 212.1432 222.3317 234.9232 248.9789 265.0508 287.3908 269.6029 38 
0.0009431525 0.001312091 0.0006433672 0.001286716 0.001802797 0.002198089 0.002578075 0.003038688 0.00363673 0.004449947 0.00576222 0.008350101 5.786056e-06 138.7082 178.4217 199.4237 211.649 223.7573 234.0065 247.4573 265.2822 286.2428 268.6639 41 
0.0009393551 0.00130765 0.0006444165 0.001300947 0.001830402 0.002205731 0.002597966 0.003058168 0.003622084 0.004443884 0.005801627 0.00841543 4.29514e-06 140.434 181.0007 199.0158 213.9939 223.6346 234.3846 249.2713 267.3366 287.3194 270.5789 42 
0.0009383254 0.001307302 0.0006401282 0.001293137 0.001807653 0.002194467 0.00259316 0.003038916 0.003607872 0.00445161 0.005775693 0.008275439 4.43589e-06 139.4986 178.8247 199.0046 213.3321 222.1871 234.1317 248.1297 264.8999 285.586 269.0552 43 
0.0009447252 0.001313202 0.0006428557 0.001310475 0.001816114 0.002202343 0.002604205 0.003043925 0.003604732 0.004443483 0.005752744 0.008265232 1.054701e-05 141.4905 179.26 199.6502 213.8728 222.158 234.4343 248.448 265.4933 287.0122 269.8121 46 
0.0009415153 0.001312152 0.0006414026 0.001283795 0.001785418 0.002179269 0.002565037 0.003003554 0.003588165 0.004426865 0.005753593 0.008330801 3.507421e-06 138.5205 176.8961 198.731 211.4214 221.7562 233.8438 247.159 265.0342 284.0848 267.9582 47 
0.0009351223 0.001305295 0.0006421617 0.00129252 0.00180129 0.002185344 0.002566487 0.00300929 0.003589353 0.004410237 0.005685211 0.008124206 4.733821e-06 139.447 178.2554 198.5646 211.6652 222.1631 233.9333 247.2589 264.5866 285.4674 269.2206 48 
0.0009410797 0.001311017 0.0006438912 0.001296884 0.001808943 0.002191379 0.002574405 0.003024805 0.003612757 0.004421288 0.005683227 0.008244842 7.971183e-06 139.8077 178.757 198.5185 211.7717 222.3263 233.919 246.0769 264.8644 285.385 268.4372 51 
0.0009429057 0.001312814 0.0006427212 0.001289253 0.001798747 0.002187236 0.002559377 0.003008423 0.003583224 0.00438676 0.005711882 0.008213418 3.094107e-06 139.3808 178.3917 199.14 211.1994 223.2093 233.1804 248.1382 265.2785 285.8102 268.5231 52 
0.0009394536 0.001309884 0.0006389528 0.001287566 0.001793097 0.002197203 0.002592205 0.003042964 0.003623396 0.004447237 0.005765588 0.008288603 6.865684e-06 139.0415 177.6657 200.1139 212.5622 223.0083 233.4928 247.4089 264.1091 285.3365 267.8921 53 
0.0009458548 0.001313994 0.0006454174 0.001291108 0.001806165 0.002216732 0.002600019 0.003037152 0.003603381 0.004397326 0.005706505 0.008261763 4.621882e-06 139.6545 179.1395 201.6227 212.6847 223.5468 233.7604 248.2015 266.4959 287.2213 269.4493 56 
0.0009421451 0.001311772 0.0006449955 0.001289689 0.001798704 0.002178115 0.002553485 0.002998362 0.003600266 0.004461676 0.005761668 0.008208016 3.168333e-06 138.6871 177.5772 197.4204 210.4658 221.4752 234.1715 247.3703 263.3031 284.9857 268.415 57 
0.0009381988 0.001307501 0.0006402247 0.001297935 0.00180439 0.002187105 0.002587583 0.003052786 0.003628498 0.004447809 0.005780878 0.008404173 2.435075e-15 139.9521 178.2594 198.5003 213.1534 223.2475 233.6636 247.683 265.2659 286.5441 268.4753 58 
0.0009439163 0.00131391 0.0006435565 0.001288853 0.001798468 0.002189087 0.00256054 0.002998378 0.003563593 0.004380139 0.005697843 0.008068474 1.27616e-16 139.2022 178.2793 198.9925 210.5894 221.7092 231.9771 247.4474 262.8942 284.1664 267.9637 61 
0.0009418148 0.001311167 0.0006443583 0.001289032 0.001807632 0.002209721 0.002583104 0.003025613 0.00361067 0.004439446 0.005800494 0.008345479 1.153532e-15 139.036 178.952 200.2931 211.2578 222.8444 233.3824 248.1233 265.4199 284.2312 269.2204 62 
0.0009449798 0.001315373 0.0006430979 0.001287877 0.001805557 0.002197629 0.002569235 0.003001782 0.003577283 0.004406599 0.005730447 0.008229643 1.477011e-05 139.2375 179.1474 199.5617 211.2148 221.8551 233.3521 247.604 264.5894 284.4159 267.8973 63 
0.0009410882 0.001309543 0.0006437223 0.001308866 0.001821686 0.002209207 0.002583478 0.003029976 0.003610455 0.004426391 0.00574969 0.008262686 6.064902e-15 141.4234 180.0134 200.0953 212.1065 223.5069 234.3038 248.7739 266.4305 286.4757 270.6092 66 
0.0009437511 0.001312696 0.0006442914 0.001291794 0.001801296 0.002186515 0.002560451 0.003002816 0.003581564 0.004412914 0.005749567 0.008272748 6.746908e-06 139.3216 178.2202 198.5378 210.928 222.1006 233.2957 248.0098 264.7588 285.572 268.5211 67 
0.0009436894 0.001311987 0.0006434218 0.001282987 0.001806488 0.002202532 0.002583758 0.003026932 0.003625121 0.004486276 0.005805562 0.008300621 8.15442e-06 138.5814 179.2329 199.878 212.2686 222.8599 235.1777 248.6166 264.7828 286.2521 269.024 68 
0.0009393892 0.001308857 0.0006405418 0.001290432 0.001810189 0.00221052 0.002602682 0.003033828 0.003610131 0.004463961 0.005795679 0.008380226 1.448894e-15 139.056 178.9804 200.205 212.9954 221.9463 234.7349 248.2854 265.919 286.118 269.0844 71 
0.0009418192 0.001310372 0.0006425245 0.001292931 0.001808241 0.002201358 0.002578662 0.003015985 0.003593447 0.00441374 0.005703472 0.008194999 6.07159e-06 140.0821 179.5777 200.3733 212.493 223.2437 234.8398 248.751 266.032 287.8765 269.7478 72 
0.0009423122 0.001312857 0.0006381448 0.001297226 0.001801412 0.002188026 0.0025776 0.003033749 0.003598216 0.004384736 0.005670956 0.008159499 7.511052e-06 140.3503 178.5268 199.2272 212.5785 223.2915 232.971 247.2072 264.5951 286.1894 268.2894 73 
0.000933519 0.001305229 0.0006353833 0.00129243 0.001796532 0.002184163 0.002567279 0.002998897 0.003571484 0.004408367 0.005724298 0.008263743 5.809397e-06 139.3967 177.7009 198.6089 211.4443 221.1628 233.4034 247.1463 264.4149 284.8323 267.4517 76 
0.000940311 0.001309466 0.0006442939 0.001282674 0.001803272 0.002206753 0.002585734 0.003024029 0.00359415 0.004382462 0.005663986 0.008206042 7.594731e-06 138.5248 178.9206 200.3647 211.7713 222.5165 232.9679 246.4683 265.1527 285.643 268.5229 77 
0.0009397916 0.001308826 0.0006434225 0.00130066 0.001802506 0.002193876 0.002576295 0.003029723 0.003608929 0.004408 0.005704558 0.008219323 2.839613e-06 140.3796 178.1329 199.5724 212.057 223.7742 233.9996 248.2544 265.9129 287.6577 269.8354 78 
0.0009404783 0.001309537 0.0006424983 0.001285643 0.001809318 0.002183483 0.00256005 0.003023641 0.003602002 0.004418812 0.00573371 0.00811142 3.026124e-15 139.084 179.7326 198.1587 211.9585 223.4802 233.4062 248.4104 264.0124 285.4523 269.2311 81 
0.0009422887 0.001310426 0.0006414303 0.00128828 0.001794242 0.002183627 0.002560222 0.002993667 0.00358278 0.004428458 0.005757615 0.00833268 4.743837e-06 139.147 177.8355 198.9601 211.3443 222.0416 234.774 248.1845 266.3467 285.1623 269.5423 82 
0.0009395967 0.001310019 0.0006400226 0.001287739 0.00180287 0.002189387 0.002580044 0.003021561 0.003578896 0.004408493 0.005755616 0.008293258 7.040417e-06 138.9876 178.616 198.6881 212.344 221.5627 232.6182 247.5458 264.2876 284.7185 267.6182 83 
0.00094519 0.001312558 0.0006467932 0.001288223 0.001809977 0.002199099 0.002572869 0.00302185 0.003602989 0.004420295 0.005730922 0.008185494 5.248548e-06 139.2199 179.5407 199.5272 211.8104 223.3136 233.9577 248.4937 265.2787 286.4299 269.8757 86 
0.0009378415 0.001306501 0.0006415158 0.001292318 0.001815852 0.002213083 0.002599431 0.003039542 0.003602851 0.004434436 0.005774508 0.008257442 9.338942e-06 139.4095 179.6862 200.2891 212.847 222.7199 233.6187 248.9722 265.1209 287.0496 269.3478 87 
0.000944043 0.001311542 0.0006452872 0.001285282 0.001810496 0.00221175 0.002585915 0.003006953 0.0035968 0.004456619 0.005753086 0.008204581 1.197944e-05 139.2146 180.0446 200.9683 212.2339 222.1125 235.5246 248.6677 265.5319 286.0293 270.2268 88 
0.000941473 0.001311129 0.0006408695 0.001300733 0.001808889 0.002193682 0.002573516 0.00303366 0.003622379 0.004424283 0.005710779 0.008212955 1.091976e-05 140.748 179.2017 199.4018 212.0961 223.8501 234.0083 247.4908 265.0223 286.0291 269.067 91 
0.0009395309 0.001310046 0.0006420641 0.001286305 0.001792047 0.00218719 0.002572903 0.003024352 0.003610251 0.004430263 0.00573301 0.008197358 1.462405e-05 138.8453 177.5353 199.2523 211.8888 223.1203 233.9168 247.6692 264.6424 285.1109 268.6694 92 
0.0009404154 0.001306692 0.0006455845 0.001327958 0.001826127 0.002225931 0.002603613 0.003036832 0.003623347 0.004445588 0.005741079 0.008308721 9.019095e-06 143.5037 179.8026 201.8883 212.7207 223.9865 235.8583 249.724 267.8818 290.1284 272.0919 93 
0.0009495594 0.001317218 0.0006474675 0.001289053 0.001807105 0.002181536 0.002558328 0.003010633 0.003599338 0.004422499 0.005710149 0.008236369 4.869e-06 139.4307 179.3701 198.1453 211.8619 222.8287 234.5696 247.6662 265.4867 286.2422 269.3457 96 
0.0009443174 0.001314581 0.0006447667 0.001279617 0.001790042 0.002193096 0.002589005 0.003023162 0.003584901 0.004408483 0.005722375 0.008255301 3.620142e-15 137.7444 177.1421 199.2692 212.0736 221.128 232.5993 246.5287 263.9662 284.4498 267.4567 97 
0.000944341 0.001312535 0.0006462804 0.001267896 0.001798422 0.002188277 0.002573389 0.003024069 0.003592976 0.004421885 0.00576729 0.008275319 3.035129e-06 136.9144 178.8896 198.6543 212.1012 222.3261 232.8332 247.8349 264.0958 285.2576 268.0756 98 
0.0009357312 0.001308555 0.0006373121 0.001300501 0.001804767 0.002194172 0.002580904 0.003014693 0.003578948 0.004411657 0.005728482 0.008206508 3.497124e-06 140.3254 178.3418 199.137 211.828 221.215 232.7612 247.0806 263.4207 284.4356 267.2409 1 
0.0009392179 0.001308833 0.0006438657 0.001300772 0.001796529 0.002202884 0.002600993 0.003040152 0.003627106 0.004477817 0.005769413 0.008184878 4.959258e-06 140.3433 177.4123 200.7454 213.1992 223.1882 235.4817 249.0811 265.0993 287.4055 270.2105 2 
0.0009420556 0.001313543 0.0006407471 0.001273326 0.001792142 0.002185578 0.002573287 0.002998872 0.003566734 0.004400125 0.00566276 0.008101801 3.267723e-06 137.4929 178.0302 198.8381 212.0051 220.7016 233.5512 246.4061 263.3121 284.6458 266.8223 3 
0.0009459808 0.001314764 0.0006465951 0.00129197 0.001787022 0.002172318 0.002566795 0.00300616 0.003563404 0.00440187 0.005732822 0.00813483 3.921336e-06 139.7196 177.1874 198.4764 212.3919 221.781 233.2422 248.6467 264.1 285.5957 269.1177 4 
0.0009403191 0.001311594 0.0006441344 0.001302107 0.001811757 0.002193711 0.00258351 0.003039037 0.003617225 0.004429625 0.005707296 0.008174309 8.259467e-06 140.3274 178.8001 198.6817 212.5081 222.8789 233.8722 247.3031 264.5732 286.0031 268.9722 5 
0.0009418437 0.001311838 0.0006420123 0.001301325 0.001804826 0.002200836 0.002586531 0.003035965 0.003617777 0.004422318 0.005703566 0.0081741 4.416788e-06 140.6396 178.5556 200.1593 212.3299 223.3832 233.9719 247.4535 265.0239 285.751 269.3465 6 
0.0009421408 0.001311085 0.0006425534 0.001297515 0.001812199 0.002199251 0.002572112 0.003011605 0.003584385 0.004397634 0.005736174 0.008354158 9.30804e-16 140.2012 179.4404 199.4793 211.5631 222.5088 233.5431 247.9113 266.4658 285.7464 269.1684 7 
0.0009417348 0.001311064 0.0006440783 0.001277007 0.001786263 0.002175136 0.002561215 0.00300988 0.003607381 0.004485342 0.005849769 0.008356905 2.549729e-06 137.5465 176.9438 197.8945 211.2002 221.8043 233.9804 248.1682 263.4282 284.469 267.9358 8 
0.0009447978 0.001313072 0.0006440795 0.00128861 0.001798745 0.002194154 0.002575235 0.003003858 0.003591496 0.004440357 0.005752549 0.00833681 4.850973e-15 139.1739 178.2765 199.5373 211.6285 221.4778 234.4854 247.3244 265.3695 284.9596 268.7232 9 
0.0009419147 0.001308875 0.0006461054 0.00129827 0.001824563 0.002204927 0.002591316 0.003059914 0.003636398 0.00445191 0.005803974 0.008365726 2.384233e-15 140.0779 180.4208 199.2176 213.3257 224.5271 234.3373 249.6282 266.7698 288.2688 270.8313 10 
0.0009385081 0.001308764 0.0006418111 0.001293105 0.001799962 0.002180043 0.00256371 0.003025376 0.003621721 0.004432038 0.005724213 0.008356898 1.648282e-05 139.1922 177.738 197.6731 211.1666 222.4937 233.4128 245.7693 264.6397 284.6006 267.8012 11 
0.0009421369 0.001311006 0.0006441928 0.001283567 0.001791556 0.002185963 0.00257389 0.003003777 0.003586788 0.004436727 0.005729338 0.008208833 3.188668e-06 138.8591 177.9651 199.3969 212.2236 221.5442 234.6708 247.4512 264.8046 284.5838 269.0404 12 
0.0009367819 0.001307945 0.0006391811 0.001284437 0.001797002 0.002181188 0.002580782 0.003015964 0.003591732 0.004465366 0.005757403 0.008145719 8.317194e-06 138.6718 178.1647 198.3179 212.9955 220.957 234.5125 247.6919 262.9607 284.8875 268.0552 13 
0.0009377001 0.00130556 0.000642197 0.001311541 0.001819835 0.002200274 0.002578503 0.003037168 0.003618221 0.004439511 0.005803353 0.008369971 4.036364e-06 141.6473 179.6498 199.4554 212.4439 224.2838 234.5239 249.9031 267.2902 287.5065 271.1207 14 
0.0009400051 0.001308994 0.0006422017 0.001290086 0.001801101 0.002175527 0.002565817 0.003022531 0.003601016 0.004421142 0.005704355 0.008132741 8.392124e-06 139.5732 178.7326 198.0546 212.826 223.0218 234.4736 247.8006 265.1314 285.1069 269.6412 15 
0.0009416613 0.001314008 0.000640869 0.001294159 0.001794175 0.002183396 0.002562491 0.003008136 0.003585848 0.004393311 0.005710485 0.008267525 1.72918e-15 139.6224 177.4535 198.6234 210.812 221.9487 232.5008 246.2566 264.2208 283.3407 267.1224 16 
0.0009364044 0.00130773 0.0006351622 0.001295133 0.001807037 0.002194486 0.002578569 0.003028321 0.003595542 0.004410043 0.005747589 0.008273969 1.204405e-05 139.8066 178.7974 199.1399 212.1179 222.7463 232.9616 247.8792 264.7571 285.3947 267.8757 17 
0.0009420706 0.00131167 0.0006440327 0.00129827 0.001805489 0.00219164 0.002571618 0.003028507 0.003625065 0.004467845 0.005789405 0.008219957 9.540413e-06 140.063 178.4595 198.967 211.6818 223.3835 234.3578 248.6623 264.2146 286.0189 269.3555 18 
0.0009436957 0.001311405 0.0006456913 0.001313501 0.001807212 0.002191373 0.002573473 0.003026997 0.00361962 0.004452351 0.005753515 0.008163356 6.618321e-06 142.0471 178.5002 199.6042 212.3918 224.1182 235.4318 249.6786 265.9823 287.6257 271.5222 19 
0.000935022 0.001303248 0.0006410935 0.001298059 0.001832559 0.002217666 0.002615073 0.003071032 0.003651238 0.004497886 0.005803101 0.0082928 5.813104e-16 140.2836 181.4945 200.0641 214.6062 223.5034 235.4319 248.7819 265.6399 286.991 270.5362 20 
0.0009404506 0.001310728 0.0006408494 0.001293056 0.001785121 0.002184705 0.002577418 0.003018616 0.00360129 0.004429869 0.005724298 0.008225314 3.831235e-06 139.6154 176.6379 199.6309 212.2883 222.7444 234.5211 247.8906 265.2362 286.1274 268.8398 21 
0.0009413264 0.001311169 0.000641555 0.001293745 0.001810478 0.002198034 0.002583368 0.003020059 0.003604734 0.004446639 0.005731505 0.008235485 1.189242e-05 140.1223 179.725 199.7774 212.9321 222.4223 235.2841 247.8598 265.5789 285.5561 269.2456 22 
0.0009463903 0.00131258 0.0006473808 0.00128733 0.001812206 0.002209895 0.002586467 0.00304412 0.003640233 0.00446191 0.005770268 0.008249437 6.162024e-06 139.0805 179.7478 200.3123 212.0667 224.095 234.3185 248.4611 264.9222 287.159 270.0626 23 
0.0009373968 0.001307268 0.0006415004 0.001289141 0.001813725 0.002209766 0.002590324 0.003042764 0.003640166 0.004483054 0.00581928 0.008380017 3.085579e-06 139.0569 179.5425 200.041 212.3172 223.5659 234.7756 248.5512 265.5003 286.3491 269.1091 24 
0.0009375985 0.001307819 0.0006434335 0.001301789 0.001818319 0.002205463 0.002590639 0.003026531 0.003605762 0.004446439 0.005755218 0.008341197 8.42998e-06 140.261 179.4576 199.2737 212.2518 221.5826 234.1389 247.2089 265.2331 285.5343 268.7678 25 
0.0009336675 0.001304545 0.0006394477 0.001300823 0.001811358 0.002187727 0.00258262 0.003043693 0.003601014 0.004402499 0.005729899 0.008210034 2.923659e-15 140.5954 179.2547 198.6543 213.4686 223.5371 233.4732 248.5049 265.8804 285.8443 269.7192 26 
0.0009453186 0.00131162 0.0006445053 0.00131223 0.001809926 0.002207358 0.002602175 0.003047062 0.003634103 0.004489441 0.005827891 0.008363169 4.135404e-06 141.6479 178.5063 200.635 213.3768 223.6386 235.6926 250.0377 266.5964 288.5226 271.3203 27 
0.0009442736 0.001310857 0.0006465597 0.001303252 0.0018037 0.002186374 0.002571159 0.00304341 0.003644891 0.00444947 0.005750052 0.008322703 9.359929e-06 140.9497 178.4683 199.3166 212.8842 225.6333 235.9659 249.4725 268.0398 288.9393 271.8216 28 
0.0009365979 0.001307955 0.0006420809 0.00129213 0.001812161 0.002189305 0.002572418 0.003024326 0.003594752 0.004413754 0.005727431 0.008244194 2.4466e-06 139.1633 179.1025 197.8693 211.6904 221.837 232.6347 246.8285 263.7276 285.0419 267.5974 29  
0.0009460051 0.001312653 0.0006434384 0.001300978 0.00180095 0.002197007 0.002596444 0.003037383 0.003612894 0.004449919 0.005788719 0.008469038 3.292236e-06 140.6302 178.1869 200.1804 213.6019 222.9739 235.2296 248.7522 267.6581 287.2425 270.3121 30 
0.0009394799 0.001308852 0.0006420878 0.001301254 0.001803409 0.00217351 0.002569861 0.00302488 0.003592214 0.004427657 0.005763599 0.008300738 3.542268e-06 140.5165 178.2942 197.6897 213.1235 222.7736 234.3462 248.9907 265.9199 287.0842 269.5584 31 
0.0009403896 0.001310487 0.000643164 0.001294097 0.00179919 0.002185075 0.00257289 0.003022472 0.00360573 0.00445076 0.005775973 0.008210813 3.40662e-16 139.5454 177.8662 198.6124 212.0834 222.6251 234.1691 248.4898 264.4437 285.3549 269.1077 32 
0.0009431588 0.001312064 0.0006385617 0.001292096 0.001789333 0.002181566 0.002573525 0.003029499 0.003633137 0.004469729 0.005769452 0.00833501 1.820863e-15 139.6275 177.2486 199.0909 212.2444 223.2208 234.9734 247.1947 265.2385 284.4928 268.801 33 
0.0009411458 0.001310471 0.000640795 0.001288504 0.001798521 0.00218288 0.002565275 0.003019567 0.003601503 0.004435062 0.005755958 0.008183039 2.809251e-06 139.3357 178.4406 198.7566 211.9997 223.1565 233.8877 248.6259 264.0766 286.2483 268.7301 34 
0.0009339354 0.001303465 0.000639611 0.001310827 0.001819552 0.002215809 0.002589939 0.003041883 0.003642089 0.004461497 0.005803233 0.008440201 3.750139e-06 141.07 179.0634 200.3094 211.551 223.8727 234.5793 248.2676 267.1131 285.8715 270.3366 35 
0.0009402869 0.001310912 0.0006392743 0.00128974 0.001796182 0.002181874 0.002573062 0.003023938 0.003616451 0.004446474 0.005680991 0.008082959 6.242537e-06 139.698 178.3791 199.1262 212.9992 223.2815 235.4949 247.6489 264.2741 286.7266 268.7461 36 
0.0009418757 0.001310538 0.000644385 0.001310806 0.001806794 0.002204282 0.002581196 0.003018158 0.003630449 0.004481751 0.005759304 0.008312381 7.026005e-06 141.3121 178.0691 200.1339 211.2213 222.5478 235.4361 247.5352 265.1472 286.6698 269.6691 37 
0.0009423092 0.001308959 0.0006455753 0.001306259 0.001802621 0.00219777 0.002597277 0.003052025 0.003638072 0.004470928 0.005793139 0.008346529 4.224245e-06 141.1504 178.1046 200.3009 213.814 224.3491 235.8115 249.6605 267.4202 288.1815 271.5928 38 
0.0009462058 0.001313415 0.0006483406 0.001298285 0.001815269 0.002187766 0.002558689 0.003011262 0.003598803 0.004428261 0.00576059 0.00831004 5.385615e-06 140.396 179.8702 198.3993 211.6722 223.1738 234.557 248.7571 266.4114 286.274 270.3119 39 
0.0009487572 0.001316155 0.000646575 0.001286436 0.001795409 0.002192501 0.002579716 0.003033008 0.003629081 0.0044708 0.005791029 0.008294859 4.690818e-06 138.8827 177.933 199.4833 211.973 223.0453 234.2296 247.8753 264.3199 285.4871 269.0632 40 
