NaN 0.004457418 0.001478335 0.0007292487 0.0009966277 0.001244581 0.001513794 0.001834335 0.00223686 0.002794323 0.003665727 0.00533412 NaN 162.4129 233.548 285.8666 326.4811 355.7951 371.5175 378.2141 376.2305 367.9936 0 1 
NaN 0.004407205 0.001487908 0.000727669 0.00101101 0.001267391 0.001533796 0.001848705 0.002257445 0.002818437 0.003685919 0.00538276 NaN 161.8216 235.7513 289.3531 327.4885 355.122 373.7543 379.464 380.2496 374.8736 0 2 
NaN 0.004460818 0.001482759 0.0007337046 0.0009969511 0.001250282 0.001513622 0.00182457 0.002229785 0.002788946 0.003671422 0.005380541 NaN 163.5526 233.5083 287.1687 325.4995 353.1645 372.0256 378.0153 379.5526 366.9393 0 3 
4.230448e-15 0.00445849 0.001479631 0.0007247161 0.0009922842 0.001234407 0.001504111 0.001822327 0.002225621 0.00277268 0.00363886 0.005356044 2.207584e-20 161.494 232.4278 283.3008 325.1318 354.8936 372.932 378.6585 383.2635 376.611 0.0001260512 4 
NaN 0.004435864 0.001479279 0.0007238433 0.0009934298 0.001250726 0.001513771 0.001839485 0.00223586 0.002791052 0.003684122 0.005379292 3.661785e-07 160.8522 231.7498 286.4986 324.6089 356.2891 369.1375 378.9282 377.7748 367.4947 0 6 
NaN 0.004475825 0.001471269 0.0007187274 0.0009811295 0.001242183 0.001504352 0.001818973 0.002201903 0.002753263 0.003631885 0.005271342 NaN 158.9573 228.2168 284.4145 322.3158 351.2578 363.418 375.6984 372.4867 365.1547 0 7 
NaN 0.004427743 0.001468364 0.0007218143 0.0009890722 0.001240771 0.001510131 0.001811704 0.002209726 0.002767827 0.003628201 0.005275138 1.532025e-06 160.5268 230.9515 284.0857 324.0464 347.4531 365.4272 369.2318 362.1883 344.0629 0 8 
NaN 0.004471376 0.001466388 0.0007210392 0.0009820869 0.001233885 0.001500305 0.001803757 0.002202568 0.002763927 0.003637353 0.00530905 NaN 159.6017 228.8771 282.6748 322.636 348.1963 367.4181 374.5013 372.3035 361.2481 0 9 
4.15461e-14 0.004438403 0.001486728 0.0007314729 0.0009954471 0.00125107 0.001532458 0.0018446 0.002241755 0.002803409 0.003693724 0.005411206 2.44154e-18 162.7953 232.4303 286.7759 330.3151 355.6246 373.003 382.164 384.4513 377.9542 0.0009802605 11 
NaN 0.004469893 0.001473797 0.0007121206 0.000977802 0.001232332 0.001499923 0.001808743 0.002206282 0.002757994 0.003614754 0.005267402 NaN 158.3858 228.6573 283.4702 323.9443 351.1163 369.1967 375.9412 375.2339 368.1973 0 12 
NaN 0.004469494 0.001482141 0.0007197688 0.000995698 0.001240422 0.001509384 0.001826428 0.002229203 0.00278864 0.003667162 0.005353137 NaN 160.4708 233.4885 284.9156 325.8886 354.52 371.2947 377.4199 374.6734 361.3133 0 13 
NaN 0.004414699 0.00147752 0.000716146 0.0009934742 0.001251084 0.001512841 0.001825175 0.002217598 0.002769846 0.003640283 0.00528957 1.259861e-06 159.3842 231.8614 286.3242 323.4255 350.7833 364.3141 370.6799 363.8398 345.9451 0 14 
NaN 0.004500615 0.001463134 0.0007123461 0.0009882984 0.001235892 0.001482517 0.001790332 0.002195705 0.00274833 0.003607356 0.005272826 NaN 158.6009 232.1636 284.9403 319.4375 349.4901 369.2669 374.4752 373.8904 362.7655 0 16 
NaN 0.004440878 0.001480506 0.0007259563 0.001001597 0.001250576 0.001535401 0.001839361 0.002240342 0.002805372 0.00367723 0.005367475 NaN 161.6424 234.3867 286.6808 331.2689 353.1086 373.0153 379.0852 378.8917 371.3341 0 17 
NaN 0.00440276 0.001482766 0.0007312852 0.0009986331 0.001257029 0.001525728 0.001838647 0.00224227 0.002804694 0.003690024 0.00539877 NaN 163.391 233.8714 288.8108 328.2448 355.669 373.9289 381.9518 383.9302 376.2727 0 18 
NaN 0.004550651 0.001461665 0.0007191178 0.0009748838 0.001216909 0.00147959 0.001789664 0.002175527 0.002725718 0.003598556 0.005223986 2.017906e-06 158.8774 227.2236 278.2856 317.4123 343.9275 354.7326 356.9478 339.5012 298.6175 0 19 
1.763905e-14 0.004420821 0.001487736 0.0007284694 0.00100843 0.001262596 0.001528777 0.001831481 0.002230592 0.002807081 0.003706245 0.005394033 5.256954e-19 163.3008 237.2532 290.8053 329.5299 354.374 374.6502 386.728 386.8669 381.029 0.0006255998 21 
1.880929e-13 0.004442975 0.001475332 0.0007301235 0.0009946788 0.001243015 0.001518862 0.001821072 0.002222669 0.002798366 0.003686928 0.005378533 6.267677e-17 162.5723 232.858 285.4127 328.1376 351.895 373.0881 382.9314 381.4976 375.5835 0.004946824 22 
NaN 0.004431981 0.00147506 0.0007183511 0.0009888485 0.001244825 0.001517755 0.001827827 0.00222204 0.002778902 0.003657467 0.005348006 NaN 158.9222 229.7489 284.1786 325.2977 351.2344 367.781 376.4197 375.9567 367.8632 0 23 
NaN 0.004453052 0.001470089 0.0007185289 0.0009854027 0.001234593 0.001504857 0.001810801 0.00221367 0.002767945 0.003626442 0.005294689 1.117865e-06 160.1987 231.0122 283.9548 324.8553 349.7566 367.9939 369.694 364.6858 345.2388 0 24 
4.977363e-14 0.004470099 0.001474214 0.0007301494 0.0009969872 0.001252144 0.001517009 0.00182621 0.002222513 0.002785591 0.003673187 0.005369482 8.33272e-18 162.1175 233.0633 287.3695 326.0475 352.9542 370.1985 380.2898 380.3126 373.794 0.001510792 26 
0.0001158339 0.004437721 0.001472655 0.000717015 0.0009953702 0.001248164 0.001518701 0.00182683 0.002224124 0.002785234 0.003661164 0.005338595 1.45946e-07 159.6889 232.9854 286.6637 327.3821 353.4843 372.0356 381.8764 383.4721 380.4259 81.74205 27 
NaN 0.004429424 0.001477967 0.0007245427 0.0009967235 0.001256865 0.001522657 0.001828869 0.002235314 0.002801206 0.0036754 0.00535227 NaN 161.3012 232.9544 288.3471 326.5654 352.0195 371.6983 377.3138 375.1307 364.1876 0 28 
NaN 0.004394516 0.001488331 0.000728266 0.0009952349 0.001248488 0.001527496 0.001843192 0.002240327 0.002798475 0.003685453 0.005396098 NaN 162.173 231.8782 285.2496 328.2694 355.1287 371.7847 380.9366 382.9872 375.4328 0 29 
NaN 0.004350692 0.001498105 0.0007362472 0.001011779 0.001267814 0.001541697 0.001868182 0.002277438 0.002841773 0.003730622 0.005444515 NaN 165.592 237.6223 291.2229 331.8783 361.7841 377.9452 385.3301 385.5393 377.6137 0 31 
NaN 0.004381336 0.001489529 0.0007232171 0.001007533 0.0012607 0.001527673 0.001843713 0.002246226 0.002809808 0.003700955 0.00541282 3.481933e-07 161.6015 235.6462 288.4926 327.4431 355.7881 372.9077 381.5994 381.8732 371.944 0 32 
NaN 0.004422142 0.001482754 0.0007208324 0.0009957606 0.001252282 0.001525319 0.001836652 0.002234533 0.002798701 0.003681309 0.005357894 NaN 160.5248 232.5998 287.0306 327.9113 354.0514 371.1139 380.2344 378.4467 370.6594 0 33 
NaN 0.00441002 0.001486997 0.0007268262 0.001001952 0.001254857 0.001535804 0.001845897 0.002252744 0.002824209 0.003704024 0.005394144 NaN 162.0822 234.1548 287.2981 330.4879 354.7206 374.3893 380.643 378.2381 368.8998 0 34 
NaN 0.004475706 0.001464508 0.0007237606 0.0009832543 0.001233566 0.001497374 0.001807743 0.002197093 0.002748218 0.003611888 0.005237169 1.041998e-06 160.5018 229.4201 282.527 321.4034 348.2985 361.8469 368.1663 359.5541 341.0671 0 36 
NaN 0.004509294 0.00147481 0.0007261385 0.0009917808 0.001239657 0.001504054 0.001810483 0.002198557 0.002746274 0.003609816 0.005247078 8.225272e-07 160.9849 231.7771 284.0546 322.9701 348.7829 363.7193 371.0935 368.1379 355.1193 0 37 
NaN 0.004541979 0.001469884 0.0007223461 0.0009794798 0.001233832 0.001482853 0.001794717 0.002192786 0.002741049 0.003600563 0.005239533 9.186894e-07 159.6394 228.2397 282.6941 317.2825 347.3465 363.1906 367.7672 362.6394 344.0832 0 38 
NaN 0.004454824 0.001475304 0.000710076 0.0009921929 0.001243088 0.001510211 0.001821352 0.00221567 0.002772398 0.003637685 0.005268543 1.102214e-06 157.8191 231.875 284.9334 324.465 351.1514 366.3568 373.4443 367.2308 354.919 0 39 
NaN 0.004470437 0.001467269 0.0007141764 0.0009808918 0.001229014 0.001490771 0.001805362 0.002193172 0.002736009 0.003593292 0.00522395 1.026362e-06 158.9312 229.7971 282.6853 321.5794 350.6332 363.7106 370.8791 365.965 353.0463 0 41 
NaN 0.004370331 0.001481787 0.000724042 0.001010451 0.001253842 0.001530256 0.001841331 0.002240907 0.002802497 0.003685324 0.005385956 NaN 161.8212 236.6306 286.6917 329.1298 354.4253 372.6008 380.4314 381.4407 372.6921 0 42 
NaN 0.004446178 0.001478081 0.0007157619 0.0009947155 0.001241512 0.001519946 0.001840089 0.002233927 0.002790687 0.003675338 0.005355978 NaN 159.683 233.2687 285.3842 328.8942 356.8447 370.469 379.3822 376.7066 366.674 0 43 
NaN 0.00441597 0.001478192 0.000728736 0.001001566 0.001253116 0.001517014 0.001835142 0.002237556 0.002796026 0.003671628 0.005348038 NaN 162.7685 234.8963 287.8712 326.3409 355.7148 372.0308 379.6229 378.5871 370.7467 0 46 
NaN 0.004479253 0.001470766 0.0007087579 0.0009853403 0.00123289 0.001498317 0.001810769 0.002206623 0.002757704 0.003613811 0.005244695 1.229741e-06 157.9158 231.2102 283.8883 323.7202 351.4264 366.7383 371.8911 365.7792 351.7699 0 47 
NaN 0.004472245 0.001483261 0.0007303326 0.0009993946 0.001255789 0.001515334 0.001821109 0.002228729 0.002787598 0.003650634 0.005333406 8.281428e-07 162.9877 234.5218 288.977 325.6649 352.1876 372.3114 376.6572 376.2547 365.3742 0 48 
NaN 0.004459124 0.001473831 0.0007128406 0.000998228 0.001250299 0.00150377 0.001817272 0.002215259 0.002776254 0.00365494 0.005305669 NaN 158.4064 233.568 286.935 322.3901 352.2409 368.4316 378.1113 375.3529 367.1142 0 49 
NaN 0.004450524 0.001472209 0.000718596 0.0009868282 0.001226859 0.001504877 0.001818102 0.002214494 0.002768102 0.00363514 0.005313782 1.142238e-07 159.8333 230.8355 281.3297 325.7029 352.6831 369.6889 376.8611 375.7453 367.4934 0 51 
NaN 0.004519884 0.001462254 0.0007134982 0.000976078 0.00121898 0.001477915 0.001786629 0.002180281 0.002730289 0.003596371 0.005243652 NaN 158.0247 228.2735 280.1632 319.2762 348.1979 365.6657 373.962 373.6294 363.7731 0 52 
NaN 0.004555578 0.001466456 0.0007113685 0.0009875687 0.001231264 0.001488571 0.001794275 0.002186558 0.00273147 0.003593925 0.005269998 NaN 157.5035 231.389 283.299 321.1916 348.6376 365.4872 372.0489 371.8433 360.6915 0 53 
NaN 0.004369816 0.001479375 0.0007279044 0.0009957349 0.00125931 0.001524784 0.001842969 0.002254902 0.002818268 0.003686646 0.005360538 1.634728e-06 162.3865 232.2767 288.2076 325.7039 353.8855 370.4864 372.1315 364.9176 345.065 0 54 
NaN 0.004545802 0.001477086 0.0007299365 0.0009875987 0.001233632 0.001503228 0.001804828 0.002195802 0.002747312 0.003609537 0.005258561 1.017603e-06 162.253 231.5678 283.7464 324.7332 348.819 366.0753 372.334 369.3925 355.7323 0 56 
NaN 0.004450398 0.001471667 0.0007227014 0.0009941702 0.001232357 0.001502336 0.001817162 0.002216386 0.002765476 0.003620173 0.005275423 7.143825e-07 160.639 232.3664 281.7623 323.2833 350.9895 366.963 370.949 366.8082 352.5255 0 57 
NaN 0.004468028 0.001454816 0.0007229454 0.0009843681 0.001228353 0.001488661 0.001795001 0.002180644 0.002724863 0.003586605 0.005241879 NaN 159.8892 229.5119 281.0501 319.7177 347.002 362.5159 371.3307 370.5276 361.8204 0 58 
NaN 0.004499699 0.001473996 0.000736518 0.0009930137 0.001249597 0.001506663 0.00181109 0.002212085 0.002765899 0.003622368 0.005276017 NaN 163.3618 231.9718 286.6569 322.8792 349.7301 369.0861 375.7665 376.5822 370.7259 0 59 
NaN 0.004453968 0.001466212 0.0007231802 0.0009865867 0.001233337 0.0015005 0.00181215 0.002206006 0.002749343 0.003608614 0.005279338 5.756227e-07 160.3445 229.6866 281.3123 320.871 346.7892 359.7158 359.0541 347.5456 314.2075 0 61 
NaN 0.004439101 0.001477082 0.0007273314 0.0009922924 0.001242023 0.001505425 0.001817629 0.002221232 0.002773719 0.003635576 0.005323852 NaN 162.2099 232.4662 285.3421 324.3814 352.8253 371.582 377.2259 378.5904 370.6649 0 62 
NaN 0.004509427 0.001470459 0.0007183307 0.0009772478 0.001232225 0.001493321 0.001808892 0.002206865 0.00275877 0.003624921 0.005275095 NaN 159.5331 228.608 283.6923 322.376 352.4477 368.8904 376.6127 375.859 367.5322 0 63 
NaN 0.004454847 0.001470947 0.0007235946 0.0009897781 0.001232664 0.001501203 0.001814881 0.00221034 0.002760845 0.00362374 0.005268956 NaN 161.4224 232.1992 283.2817 324.3491 352.2908 368.2363 375.1249 373.0743 362.3958 0 64 
NaN 0.004459879 0.001469879 0.0007212588 0.0009792851 0.001237502 0.00149436 0.001809095 0.002214052 0.002769135 0.003636592 0.005306399 5.290518e-07 160.7843 229.4411 285.2131 322.1316 352.3147 369.9999 375.1391 373.0085 359.6928 0 66 
NaN 0.004414305 0.001472164 0.0007139422 0.0009903121 0.001242267 0.001511416 0.00182427 0.00222271 0.00278265 0.003663855 0.005343352 NaN 158.4419 230.7132 284.0375 324.4221 351.9477 368.9982 377.3274 376.3809 366.7527 0 67 
1.682779e-15 0.004405404 0.001480196 0.0007243887 0.0009966844 0.001257043 0.001517842 0.001829123 0.002226109 0.002784719 0.003667866 0.005369538 1.683866e-20 161.4878 233.0802 288.609 325.6541 354.0379 371.1836 381.4174 382.9798 378.0806 7.252521e-05 68 
NaN 0.00450723 0.001466418 0.0007156013 0.0009827529 0.001237644 0.001501299 0.001809846 0.002202774 0.002752138 0.00361962 0.005280334 5.956133e-07 158.7847 229.8393 284.5664 323.3026 350.0023 365.3268 371.2716 368.0941 352.8026 0 71 
NaN 0.004461672 0.001476721 0.0007190023 0.0009917914 0.001247374 0.001516819 0.001828476 0.002228521 0.002787144 0.003654161 0.005324632 NaN 160.1346 232.3335 287.0018 327.2338 354.1807 371.6233 378.9229 377.3732 371.3395 0 72 
NaN 0.00436475 0.0014692 0.0007170477 0.0009916195 0.001237882 0.001513322 0.00181528 0.002213594 0.002777117 0.003639676 0.005283098 NaN 159.3307 230.724 282.0624 324.4001 347.8574 367.6739 374.7584 371.228 361.909 0 73 
NaN 0.004463518 0.001472525 0.0007239334 0.000992701 0.001239593 0.001504815 0.001817633 0.00221831 0.002772502 0.00363743 0.005295726 1.371663e-06 160.8468 232.0019 283.8315 323.0422 350.3415 366.1168 369.5305 363.3742 344.2409 0 74 
NaN 0.004461278 0.001466917 0.0007253282 0.0009827739 0.001226913 0.001504497 0.001810005 0.002204382 0.002758861 0.003621837 0.005265757 1.440409e-06 160.8369 229.1097 280.489 323.6984 347.3817 363.5702 367.0978 359.3763 338.29 0 76 
NaN 0.004411665 0.001472536 0.0007161965 0.0009787545 0.001239672 0.001507905 0.00181929 0.002223045 0.002783853 0.003650186 0.005314441 NaN 159.1524 227.9125 284.0543 323.9709 351.4235 369.859 375.9533 372.9074 362.7868 0 77 
2.385918e-14 0.004413239 0.001475676 0.0007149651 0.0009960492 0.001250375 0.001514535 0.001825644 0.002228055 0.002787018 0.003659883 0.005335032 6.285599e-19 159.5617 233.3061 287.2381 325.869 353.7587 372.503 380.5892 382.2449 376.2178 0.0009219378 78 
2.286441e-15 0.004454663 0.001478089 0.0007227032 0.0009895952 0.00124425 0.001510285 0.001825744 0.00221159 0.002775483 0.00367444 0.00534367 1.443235e-20 160.2629 230.67 284.9453 324.4181 353.3583 366.9301 381.6262 379.5803 373.8358 9.597837e-05 79 
NaN 0.004438366 0.001480374 0.0007214227 0.0009972204 0.001248297 0.001522331 0.001833675 0.002227266 0.002778648 0.003646936 0.005313495 1.25131e-06 160.9321 233.5851 286.4237 327.6099 352.8366 367.5356 372.7966 368.7187 353.1927 0 81 
NaN 0.004472856 0.00146273 0.0007181323 0.0009751955 0.001216465 0.001496362 0.001803217 0.002196317 0.002748312 0.003610618 0.005267599 NaN 158.9411 227.1038 278.2339 323.2174 348.3607 366.0065 372.6422 370.3981 359.7284 0 82 
NaN 0.004434601 0.001479492 0.0007182128 0.0009925098 0.001239844 0.001512878 0.001832268 0.00222319 0.002779407 0.003661977 0.005321302 NaN 159.5523 231.4901 283.4889 325.4166 354.2402 367.9689 378.8999 376.658 369.3063 0 83 
NaN 0.004466981 0.001480436 0.0007231465 0.0009975948 0.001248391 0.001517596 0.00183682 0.002238248 0.002794459 0.003677089 0.005396081 NaN 160.5612 233.1233 286.2383 326.6886 355.8442 371.936 379.4276 380.6236 373.0947 0 84 
NaN 0.00444086 0.001478589 0.0007247628 0.0009935964 0.001247847 0.001517585 0.001835101 0.002239875 0.002800089 0.003677009 0.005365487 4.252452e-07 161.4485 232.4869 286.5559 326.8893 355.3468 372.4058 378.7454 377.6724 368.0244 0 86 
NaN 0.00438158 0.001486357 0.0007256055 0.001002553 0.001260328 0.001526597 0.001848842 0.002261881 0.002830111 0.003700674 0.00535107 1.43626e-06 162.7505 235.2101 289.5082 327.6534 356.9308 373.034 375.9156 366.1867 347.7948 0 87 
NaN 0.004479284 0.001488371 0.0007253014 0.000994174 0.001252651 0.001519359 0.001827911 0.002220447 0.002781554 0.003665112 0.005327311 NaN 160.5899 231.3584 286.3185 325.1629 351.5415 368.0417 378.9219 378.3583 371.5818 0 88 
NaN 0.004477369 0.001476055 0.0007261312 0.0009947016 0.001246466 0.00151583 0.001828399 0.00222676 0.002794322 0.003673905 0.005316869 NaN 161.1257 232.294 285.5978 325.7944 352.5962 368.7758 377.2676 370.9715 360.7018 0 89 
NaN 0.004490183 0.001460443 0.0007153587 0.0009816 0.001236403 0.001483743 0.001798163 0.002194038 0.002740514 0.003590125 0.005205792 8.325115e-07 158.2555 228.9241 283.4512 317.3547 348.2336 362.7484 368.2033 361.9023 348.6097 0 91 
NaN 0.004478388 0.001467671 0.0007103272 0.0009839135 0.001227332 0.001490521 0.001793492 0.002197491 0.002755619 0.003620553 0.005289893 NaN 156.6477 228.5772 279.8976 319.634 345.9384 367.0771 372.7658 372.4405 361.3503 0 92 
NaN 0.004475237 0.001468023 0.0007150479 0.0009827631 0.001234294 0.001499415 0.001810747 0.002190191 0.002732632 0.003606708 0.005252632 7.086008e-07 158.6867 229.5543 283.197 322.5902 350.0656 361.9839 372.3688 370.1578 358.2379 0 93 
NaN 0.004414418 0.001485426 0.0007230172 0.0009921526 0.001248679 0.001521611 0.001835068 0.00223705 0.002805781 0.003690623 0.005364773 NaN 161.0373 231.5537 286.0858 327.2438 354.3705 372.3791 381.5964 379.4626 371.9785 0 94 
NaN 0.004403435 0.001483342 0.0007188722 0.001005258 0.001260519 0.001525699 0.00184474 0.002248391 0.002808466 0.003694531 0.005393095 NaN 160.12 234.7886 288.3717 326.5441 355.6439 371.618 378.7278 378.3116 367.0169 0 96 
NaN 0.004423939 0.00146334 0.0007058671 0.0009849737 0.001231441 0.001496903 0.00179757 0.002193168 0.002750121 0.003615657 0.005271736 NaN 157.7407 231.4258 283.8626 324.12 349.4523 369.3535 377.6503 377.3646 369.2385 0 97 
NaN 0.004418014 0.001475271 0.0007097474 0.0009879153 0.001245981 0.001512141 0.001822785 0.002221241 0.002780584 0.003653455 0.005316713 NaN 158.0745 230.9352 286.1687 325.3543 352.7141 370.2056 378.6149 377.4019 370.0134 0 98 
NaN 0.004408005 0.001473247 0.0007206357 0.0009899172 0.001244652 0.001505794 0.001817133 0.002220234 0.002781639 0.003652434 0.005303485 1.79785e-06 160.2494 230.5794 284.2039 321.3121 348.3762 364.0269 366.1576 353.9905 325.862 0 99 
NaN 0.00458309 0.00145763 0.000714308 0.0009738738 0.001222093 0.001480472 0.001778954 0.002169058 0.002716042 0.003570192 0.005222859 NaN 157.2269 226.9776 280.4635 318.9652 344.8459 363.439 371.1602 370.7398 363.2522 0 1 
NaN 0.004516488 0.001470608 0.0007098424 0.0009785109 0.001227592 0.001493064 0.001800124 0.00219633 0.002738706 0.003580434 0.005227865 NaN 157.2008 228.4773 281.8509 322.109 349.2458 367.553 373.1656 374.6769 369.3941 0 2 
NaN 0.004426566 0.001472238 0.0007222782 0.0009840017 0.001241955 0.001507308 0.001814497 0.002207947 0.002761328 0.003625671 0.005265823 1.343987e-06 160.8398 229.8477 284.9178 323.4992 349.2979 364.8797 370.5092 364.318 347.2932 0 3 
NaN 0.0044638 0.001473665 0.0007144336 0.0009966509 0.001241128 0.001504238 0.001817285 0.002211682 0.002767183 0.003640973 0.00530128 NaN 159.8209 234.6912 286.209 325.462 353.9749 369.9918 378.9955 376.8624 367.9651 0 4 
NaN 0.004463007 0.001473318 0.0007195935 0.0009879523 0.001233682 0.001502223 0.001811802 0.002199064 0.002752335 0.00362088 0.005242472 1.209244e-06 159.4887 230.1149 281.5562 321.8153 347.6748 361.0799 367.8547 358.6219 338.6746 0 5 
1.187158e-05 0.004386781 0.00148002 0.0007210939 0.001003282 0.001253543 0.001528619 0.001842236 0.002239996 0.002795411 0.003676699 0.00537287 1.952059e-10 160.863 234.5999 286.9028 328.5927 355.0151 372.0456 380.4409 383.7947 376.8418 8.416636 6 
NaN 0.004495871 0.001482319 0.0007327755 0.001000387 0.00125118 0.001507769 0.00182845 0.002232703 0.002787243 0.003660577 0.00534796 NaN 162.8672 234.2631 287.2283 323.699 354.9633 370.9004 377.2316 376.7107 367.0297 0 7 
NaN 0.004409826 0.001483612 0.0007376277 0.0009951107 0.001251123 0.001524021 0.001839947 0.002246724 0.002810061 0.003680433 0.00535741 NaN 164.203 231.9478 286.1937 327.1744 355.0309 373.7954 381.1416 381.4774 377.0468 0 8 
NaN 0.004502207 0.001462937 0.0007121695 0.0009743477 0.001224968 0.001483185 0.001791802 0.002184544 0.002737536 0.003597578 0.005222676 NaN 157.7177 227.633 281.6002 319.8659 348.4764 365.2066 373.9172 370.7265 362.6015 0 9 
NaN 0.004390179 0.001498948 0.0007346632 0.00101096 0.001267222 0.001542798 0.001863753 0.002270219 0.002834901 0.00373767 0.005498576 NaN 163.9445 235.9735 289.6066 330.814 359.2216 376.5793 385.1528 389.2959 381.6631 0 10 
NaN 0.004491163 0.001476799 0.0007155647 0.0009861291 0.00123822 0.001500071 0.001807909 0.002204695 0.002764062 0.003634878 0.005285918 NaN 159.1582 230.9293 284.826 323.4142 350.8835 368.5732 376.9532 374.1437 364.531 0 11 
4.733179e-05 0.004482167 0.001469522 0.0007177656 0.0009891618 0.00124203 0.001508279 0.001822078 0.002222016 0.002780845 0.003656118 0.005337636 1.56395e-09 159.6815 231.9227 286.1707 326.0214 354.4172 371.5918 379.8203 379.5289 373.3888 33.44748 12 
NaN 0.004520705 0.001470565 0.0007166559 0.0009820932 0.001239975 0.001497186 0.001808575 0.002206156 0.00275928 0.003627916 0.005302915 NaN 158.7594 229.4937 285.2349 322.2344 351.2347 367.987 375.2338 373.8424 364.3635 0 13 
NaN 0.004331485 0.001497108 0.0007403023 0.001016979 0.001271969 0.001542304 0.001865824 0.002276191 0.002850704 0.003757525 0.005484739 NaN 165.3021 236.9933 289.7182 329.1216 358.9133 376.5151 386.5096 387.4399 380.6607 0 14 
NaN 0.004485528 0.001475386 0.0007178948 0.0009793809 0.001241207 0.001501863 0.001817753 0.002222669 0.002771159 0.003626822 0.005296157 1.309181e-06 159.3619 228.5569 285.0624 322.4044 351.5095 367.5684 369.141 364.9548 346.7761 0 15 
NaN 0.004416369 0.001483258 0.0007246916 0.0009980852 0.001248188 0.001522599 0.001841183 0.002243067 0.002804589 0.003689659 0.005391421 NaN 161.4233 233.0815 285.6301 327.5429 355.8175 372.5603 380.684 380.5725 371.9666 0 16 
NaN 0.004457053 0.001473764 0.0007148069 0.0009852834 0.001236108 0.00150794 0.001817401 0.002226614 0.002795635 0.003667325 0.005336619 NaN 158.747 229.914 283.2961 324.8725 351.2863 371.4542 376.4798 371.7593 359.2837 0 17 
NaN 0.004416662 0.001482454 0.0007146583 0.001000067 0.001242863 0.00152023 0.001837615 0.002235614 0.002800769 0.003686613 0.005348175 NaN 159.4482 234.213 284.7941 328.2285 355.8486 372.2615 382.5476 380.9696 374.7047 0 18 
NaN 0.00440477 0.001472119 0.0007219626 0.001007957 0.001256108 0.001522664 0.001834511 0.002234543 0.002793231 0.003664045 0.005331582 1.169608e-06 160.7616 235.6573 287.0622 325.8427 351.9761 367.9051 373.0327 367.6773 352.7492 0 19 
NaN 0.004373265 0.001484871 0.0007242209 0.0009994979 0.001261926 0.001524535 0.001850306 0.002258821 0.002819213 0.003699506 0.005395884 NaN 161.9475 233.8429 289.6865 327.0024 358.8833 374.8659 382.3049 382.3284 375.6574 0 20 
NaN 0.004477497 0.001472258 0.0007160925 0.0009857959 0.001236765 0.00150167 0.001812026 0.002217944 0.002771671 0.003627135 0.005286809 1.542903e-06 158.7244 229.863 283.0472 322.0839 348.8297 366.2768 367.1864 360.8023 339.766 0 21 
NaN 0.004453345 0.001463315 0.0007318944 0.0009892532 0.001237986 0.00149844 0.00180925 0.002214669 0.002768769 0.003625821 0.005288418 1.054538e-06 162.3035 230.7199 283.1585 321.0186 348.7804 366.5844 369.2784 364.6798 348.3659 0 22 
