0.9999999 0.1817942 0.4659872 0.1055421 0.1157858 0.1243807 0.153088 0.1685689 0.1970648 0.2533391 0.355886 0.4789345 0.9999991 11001.66 22003.32 32798.93 43053.15 54104.27 64410.04 74427.06 84766.86 95612.23 105013.2 104239.5 1 
0.9999915 0.1820526 0.4723006 0.1066411 0.1261838 0.1278876 0.1680925 0.1834242 0.2089008 0.2823581 0.3762834 0.9999964 0.9999999 10657.39 21314.7 32580.16 42556.9 53993.03 64374.46 74029.01 84352.37 94225.14 110590.3 99936.98 2 
0.9999913 0.1787735 0.4714645 0.113746 0.1146988 0.1373738 0.1512368 0.1989013 0.2226001 0.2899709 0.3832263 0.9999972 0.9999991 11489.22 22978.35 33245.81 44132.51 54471.25 66011.97 76358.63 86836.44 96668.43 112492.6 101007.7 3 
0.9999971 0.1798241 0.473197 0.1061405 0.1327494 0.1322152 0.1536099 0.2020466 0.2093802 0.2816056 0.3967925 0.9999999 1 10644.43 21288.82 33188.65 43467.22 53830.12 65366.87 74906.74 85050.88 95319.19 110929.3 100286.2 4 
0.9999896 0.1813131 0.4703196 0.1106393 0.122199 0.1348348 0.1558458 0.1835783 0.2075471 0.2799806 0.4432695 0.9999962 0.999999 11074.75 22149.39 33027.68 43563.94 54099.91 64576.44 74246.3 84583.51 96367.35 111167.5 100097.8 5 
0.9999957 0.1777757 0.4757098 0.1132701 0.1179282 0.1330233 0.1562606 0.1921884 0.2192508 0.2762082 0.3494504 0.9999999 1 11447.47 22894.9 33463.06 43978.11 54686.86 65799.66 76040.72 86113.5 95337.28 112508.9 101063.5 6 
0.9999951 0.1785328 0.4689648 0.1105057 0.1181729 0.1517869 0.1506287 0.1738809 0.2292299 0.2730967 0.3833413 0.9999988 1 11153.16 22306.27 32915.15 44931.39 55045.86 64962.9 75763.4 85681.08 95800.46 112079.1 100928.4 7 
0.9999895 0.1795672 0.4718897 0.1124391 0.1123286 0.1413406 0.1558258 0.1835083 0.2154864 0.2872144 0.4243041 0.9999905 0.9999974 11333.02 22665.93 32714.56 43938.16 54562.95 65125.38 75252.22 85841.29 96991.55 112120.3 100792.6 8 
0.9999999 0.1814087 0.4675002 0.1050987 0.1152299 0.1283373 0.1436953 0.1688827 0.2191427 0.227344 0.3418351 0.4271079 1 11035.69 22071.38 32899.23 43569.14 53982.69 64462.9 75765.38 84921.29 95558.34 104305.7 105003.1 9 
0.9999965 0.178237 0.4743088 0.1109408 0.1237375 0.1298984 0.1533974 0.1939686 0.2021328 0.2799444 0.4066433 0.999999 1 11238.16 22476.28 33620.07 43871.09 54404.05 65679.72 75150.74 85616.28 96562.61 112535.1 101298.7 10 
0.9999976 0.1797173 0.4706404 0.1094329 0.119804 0.1420521 0.1420131 0.1798423 0.2237671 0.2899441 0.3767757 0.9999997 1 11018.17 22036.32 32778.64 43989.84 53605.8 64053.87 74715.82 85439.55 95334.31 111701.3 100684.3 11 
0.999997 0.1757395 0.4751122 0.1119265 0.1213565 0.1481485 0.1402339 0.1938882 0.2309879 0.2825438 0.405611 0.9999996 0.9999999 11387.04 22774.04 33738.49 45499.19 54982.28 66255 77080.8 87264.09 97752.41 113122.3 101736.7 12 
0.9999989 0.1807583 0.471516 0.1087203 0.1225984 0.146211 0.142978 0.1854981 0.2358681 0.283137 0.3875411 1 1 10849.98 21699.96 32604.73 44015.36 53542.2 64135 75105.65 85168.64 95042.44 110646.7 99797.27 13 
0.9999957 0.1816044 0.4708941 0.1089532 0.1259316 0.1299761 0.1621752 0.185902 0.2173285 0.2866178 0.3718855 0.9999997 1 10917.55 21835.05 33078.93 43222.44 54233.76 64808.99 74873.59 85262.28 94878.1 111119.4 100204 14 
0.9999882 0.1790018 0.4722499 0.1080282 0.1240451 0.1464274 0.1474007 0.1913348 0.2264217 0.2811399 0.3864709 1 1 10872.08 21744.04 32879.19 44392.92 54285.86 65234.55 75711.83 85775.37 95719.89 111507.5 100641.1 15 
0.9999978 0.1785346 0.4768661 0.1083848 0.1244024 0.1335054 0.1597972 0.190713 0.2202322 0.274334 0.3892536 0.9999997 1 10933.3 21866.58 33055.48 43569.3 54473.56 65407.84 75626.46 85552.02 95771.86 111807.1 100874.8 16 
0.9999976 0.1815853 0.4723984 0.1098553 0.1207109 0.1312667 0.1692986 0.168657 0.2431128 0.255237 0.4324415 0.9999999 1 10953.06 21906.1 32619.31 42863.04 54340.43 63838.53 75220.58 84265.09 95677.77 110656.4 99704.48 17 
0.9999985 0.17932 0.4714005 0.1075809 0.1218473 0.135103 0.154782 0.1711289 0.231345 0.2994881 0.3540586 0.9999999 1 10885.75 21771.49 32774.37 43487.71 54103.31 64023.39 75139.13 86199.98 95360.04 112071.7 101186.7 18 
0.9999992 0.1857187 0.4670382 0.1065224 0.116771 0.1478478 0.1505389 0.1771812 0.2304577 0.2854549 0.3920414 0.9999998 1 10499.7 20999.39 31283.2 42783.44 52761.76 62738.06 73415 83592.14 93579.46 109067.3 98568.02 19 
0.9999966 0.1805558 0.4672231 0.1102468 0.1285613 0.1380232 0.1555656 0.1704309 0.2267191 0.2819386 0.4027072 0.9999998 1 11077.14 22154.24 33647.38 44400.03 54846.54 64510.82 75175.84 85431.49 95950.11 111551.4 100475.9 20 
0.9999941 0.1823354 0.472415 0.1093962 0.123576 0.1319692 0.1615676 0.174484 0.2288051 0.2717441 0.4061623 0.9999999 1 10903.38 21806.69 32775.82 43042.3 53952.61 63831.36 74525.27 84319.96 94981.35 110569.2 99668.67 21 
1 0.1869409 0.4678182 0.09945879 0.1131219 0.1354158 0.1389609 0.1622178 0.1804836 0.2597344 0.3188733 0.4791717 1 10361.77 20723.55 31336.62 42604.13 52600.87 62649.03 72015.1 83061.15 93099.97 103375 104181.6 22 
1 0.1897963 0.4626931 0.1022209 0.1161937 0.1255584 0.1403643 0.16974 0.2144567 0.2469358 0.3702387 0.4642265 0.9999995 10401.06 20802.13 31416.39 41553.41 51462.91 61764.26 72570.22 82344.34 93380.24 102094.5 101750.8 23 
0.9999988 0.1820316 0.4732018 0.108057 0.1205766 0.1365157 0.1565183 0.1803648 0.2181413 0.3113602 0.3667305 1 1 10779.36 21558.71 32287.22 42969.31 53544.61 63823.7 74013.38 85384.79 94608.14 110535.1 99756.28 24 
0.9999999 0.1861896 0.4647367 0.1029616 0.1095713 0.1354868 0.1349938 0.1766141 0.1930261 0.2402665 0.3326458 0.4674087 0.9999998 10677.96 21355.93 31549.38 42772.67 52440.05 63380.61 73226.01 83115.41 93517.49 103271.7 103708.2 25 
1 0.1911313 0.4631129 0.09781108 0.1187606 0.1157884 0.1432826 0.1628731 0.1994524 0.249584 0.3653327 0.4853187 0.9999999 10009.06 20018.11 30982.26 40402.49 50709.82 60747.64 71037.77 81346.03 92668.96 102215.5 102330.5 26 
0.9999994 0.1812949 0.4744789 0.1112013 0.1157319 0.1315076 0.1542116 0.1870557 0.1898875 0.2914857 0.3800591 0.9999998 1 11197.67 22395.33 32753.28 43160.99 53760.54 64634.88 73608.92 84768.68 95078.17 111894.7 100697.3 27 
0.9999925 0.1789276 0.4726449 0.1135515 0.118677 0.1335111 0.1463571 0.1790094 0.2220229 0.2894305 0.3875951 0.9999963 0.9999995 11490.98 22981.88 33627.67 44182.72 54208.43 64676.13 75334.94 86144.77 96430.97 112683.5 101196.3 28 
0.9999966 0.1809969 0.475102 0.1083191 0.1180954 0.1353306 0.1725416 0.1575698 0.2416026 0.2822291 0.3583115 0.9999997 1 10888.63 21777.22 32362.63 43060.34 54853.71 63765.38 75276.65 85474.7 94767.77 111410.6 100523.6 29 
0.9999986 0.1818488 0.4667213 0.1015898 0.1283861 0.1376978 0.1517206 0.1963744 0.2279014 0.2581901 0.4273036 0.9999999 1 10112.52 20225.02 31706.57 42439.87 52637.74 63834.4 74276.87 83411.01 94624.94 109654.5 99542.64 30 
1 0.187815 0.4662737 0.1039794 0.1146398 0.1267046 0.135594 0.1757463 0.1946665 0.2567236 0.3242819 0.5126833 0.9999997 10713.74 21427.49 32011.43 42368.2 52047.28 62891.47 72792.1 83307.2 93179.55 103726.2 103037.2 31 
0.9999994 0.1849419 0.4705382 0.1113683 0.114911 0.1379618 0.1585367 0.190349 0.2259851 0.2703534 0.4088571 0.9999999 1 11036.19 22072.38 32191.45 42944.32 53596.09 64357.7 74702.08 84280.74 94850.3 110132.2 99096.37 32 
0.9999985 0.1790142 0.4720909 0.1107978 0.1250971 0.130549 0.1663575 0.1802219 0.2244425 0.2830474 0.4350423 1 1 11099.27 22198.52 33341.71 43515.79 54787.98 64968.09 75361.21 85526.35 96727.83 111274.4 100175.9 33 
0.9999978 0.1802022 0.4718234 0.1074806 0.1256824 0.1442137 0.1485891 0.1916089 0.2013662 0.3233208 0.3777266 0.9999991 0.9999999 10732.97 21465.91 32667.5 43905.27 53814.15 64693.23 73935.58 85787.21 95156.4 110591.5 99859.56 34 
0.9999987 0.1824251 0.4722312 0.1087234 0.1200226 0.1351308 0.1505947 0.1796171 0.2150145 0.2958884 0.3850643 0.9999999 1 10899.4 21798.79 32522.73 43147.41 53387.91 63762.57 73951.06 84957.1 95042.12 111147.6 100248.9 35 
0.9999957 0.1799902 0.4702349 0.1113953 0.1211278 0.1372922 0.1533054 0.1951943 0.2158324 0.3138143 0.3736111 0.9999992 0.9999996 11138.5 22276.96 33039.35 43760.32 54088.12 65221.9 75129.77 86426.3 95654.75 111127.2 99990.76 36 
0.9999991 0.1785703 0.470854 0.1129835 0.1204353 0.1373224 0.1541426 0.1794676 0.2330951 0.2617605 0.4073256 0.9999998 1 11390.62 22781.23 33551.26 44352.46 54811.73 65112.31 76089.82 85543.83 96404.35 112206.8 100816.7 37 
0.9999961 0.1799061 0.4757625 0.1112225 0.1212223 0.1435739 0.1507309 0.1804068 0.2151597 0.2835576 0.3746196 0.9999998 1 11183.67 22367.3 33200.69 44476.15 54614.06 64918.94 74991.68 85410.24 95271.58 111734 100552.3 38 
1 0.1858229 0.4703359 0.1059304 0.1129705 0.1303208 0.1342422 0.188464 0.2030966 0.252183 0.3261397 0.550151 1 10892.74 21785.49 32171.6 42799.31 52320.13 63892.17 74012.44 84026.52 93711.39 104720.2 102829.3 39 
0.9999966 0.1809634 0.468549 0.1109201 0.1276079 0.1297598 0.1653518 0.1893446 0.2056256 0.2984824 0.4067226 0.9999991 0.9999997 11079.74 22159.44 33492.17 43545.44 54693.88 65349.04 74729.36 85545.8 95885.33 110967.5 99889.38 40 
0.9999984 0.1840795 0.4676874 0.1041179 0.1242296 0.1423276 0.1457473 0.1805101 0.2177526 0.2791911 0.3780471 1 1 10398.63 20797.25 31912.65 43065.32 52860.47 63223.76 73468.54 83743.59 93772.35 110271.5 99873.62 41 
0.9999998 0.1853276 0.4681966 0.1086449 0.1129605 0.1292214 0.1440767 0.1622601 0.1977028 0.2290252 0.3316749 0.4982534 0.9999997 11304.03 22608.05 33084.18 43714.63 54035.55 63984.36 74139.4 83577.55 94115.52 104695.4 104045.6 42 
0.9999979 0.1794769 0.4716691 0.1126191 0.1232999 0.1426335 0.1418926 0.202195 0.2201449 0.2981556 0.3846381 0.9999988 1 11310.81 22621.59 33610.45 44754.97 54260.24 65883.21 75979.23 86642.68 96297.55 111743.9 100434.2 43 
0.9999914 0.1774816 0.4751318 0.1082631 0.1263704 0.1350128 0.147788 0.1894524 0.2407554 0.2849179 0.381744 1 1 10942.45 21884.81 33274.43 43905.12 53970.52 64966.59 76292.91 86469.63 96219.78 112011.1 101072.8 44 
0.9999892 0.1828275 0.4693832 0.1105361 0.1234853 0.1339751 0.1464071 0.1885147 0.2241906 0.2830016 0.3799341 0.999999 0.9999999 11003.7 22007.29 32941.04 43338.61 53178.59 63993.57 74430.5 84651.52 94489.94 110547 99548.52 45 
0.9999959 0.1815198 0.4729888 0.1127981 0.1213703 0.1281752 0.1630791 0.1799346 0.2200285 0.2824215 0.3369411 0.9999994 0.9999999 11337.99 22675.94 33499.38 43542.32 54682.27 64969.1 75284.65 85611.98 94453.15 111851.8 100515.8 46 
0.9999986 0.1782141 0.4746433 0.1127226 0.1217055 0.1369106 0.1509695 0.1838043 0.2119763 0.2776653 0.3862374 0.9999997 1 11413.5 22826.98 33760.91 44563.86 54845.21 65472.9 75476.68 85802.8 96178.27 112665.8 101253 47 
0.9999999 0.1877699 0.4637044 0.1018097 0.1197894 0.1269185 0.1380104 0.1705552 0.1936198 0.2613593 0.3332512 0.5176697 0.9999994 10443.35 20886.71 31923.37 42216.11 51987.86 62397.3 72198.97 82868.07 92916.42 103323.7 102577.2 48 
0.9999985 0.1784121 0.4759801 0.1102146 0.1192255 0.1424706 0.148216 0.1990497 0.2021195 0.3172678 0.377275 0.9999995 0.9999999 11108.99 22217.97 32910.7 44164.75 54204.59 65689.37 75029.94 86728.41 96225.92 111902.4 100794.2 49 
0.9999982 0.17968 0.4695677 0.110878 0.1218803 0.1245092 0.1525761 0.1965087 0.2248099 0.2616215 0.3923115 0.9999997 1 11192.67 22385.32 33324.43 43137.43 53665.25 65155.61 75717.64 85245.87 95795.78 112137.6 100945.8 50 
0.9999991 0.1816766 0.4695102 0.1075432 0.1241355 0.1323339 0.1486128 0.2050426 0.1968688 0.2955068 0.3988838 0.9999996 1 10788.57 21577.13 32690.95 43068.02 53179.44 65056.99 74122.71 85051.69 95444.55 111106.6 100318.4 51 
0.9999999 0.1881639 0.4645952 0.1033736 0.1091879 0.1329378 0.1448194 0.170291 0.2034361 0.2541038 0.331261 0.5116211 0.9999996 10602.7 21205.4 31246.78 42137.41 52424.24 62768.62 73021.99 83223.63 93143.54 103389.3 102566.9 52 
0.9999984 0.1798113 0.472532 0.1155134 0.1225687 0.1297694 0.1626859 0.1845288 0.2127082 0.2770617 0.4055177 0.9999998 0.9999999 11668.88 23337.73 34289.04 44462.56 55561.53 66102.59 76011.19 86172.26 96923.88 112685.6 101017.5 53 
0.9999938 0.1775853 0.4714236 0.113766 0.11743 0.13972 0.152108 0.1977929 0.2101741 0.306527 0.3861735 0.9999955 0.9999994 11442.53 22884.99 33352.21 44343.73 54637.81 65987.54 75662.18 86806.56 96542.85 112019 100579.6 54 
0.9999999 0.1852387 0.4652983 0.1084359 0.1117391 0.1277583 0.1465513 0.1716552 0.1901301 0.2844208 0.3295 0.4707429 0.9999998 11239.19 22478.38 32804.08 43290.91 53783.47 64272.27 73895.73 85554.61 95219.75 104478.1 103648.2 55 
1 0.185698 0.4679794 0.1028369 0.1105486 0.129318 0.1497848 0.1740611 0.1954218 0.2593208 0.3297889 0.5071461 0.9999996 10614.41 21228.82 31465.8 42117.03 52858.6 63471.42 73312.67 83819.76 93716.94 103917.4 103216 56 
0.9999958 0.1820717 0.472162 0.111642 0.1219612 0.1464008 0.1450629 0.1903968 0.2248987 0.2788851 0.3593811 1 1 11144.5 22288.95 33104.26 44503.42 54144.74 64963.4 75309.36 85253.45 94493.97 110966 99823.54 57 
1 0.1816117 0.4704178 0.1042894 0.1109123 0.1241815 0.1441901 0.171417 0.19619 0.2543357 0.3398891 0.4877249 0.9999999 10984.55 21969.09 32432.9 42849.15 53441.77 64218.82 74439 85088.82 95701.27 105753.7 105327.6 58 
0.9999947 0.1801913 0.4701851 0.1090806 0.1198302 0.1377014 0.1534675 0.1652349 0.2316591 0.2956469 0.4019135 0.9999978 0.9999994 10976.34 21952.61 32695.23 43560.64 54002.53 63519.63 74657.88 85579.62 96037.38 111599.7 100625.9 59 
0.9999992 0.1814516 0.4692212 0.1104573 0.1170339 0.1368396 0.1657905 0.1805136 0.221845 0.2738261 0.4122835 1 1 11006.04 22012.07 32385.31 43094.54 54294 64466.38 74711.18 84551.16 95309.77 110646.3 99640.68 60 
0.9999922 0.178865 0.4704661 0.1116501 0.1183648 0.1355213 0.157389 0.176044 0.2059443 0.2924533 0.4215453 0.9999965 0.9999975 11204.56 22409.04 32961.04 43612.41 54306 64384.43 74098.95 85053.1 96224.79 111554.9 100354.2 61 
0.9999987 0.1786364 0.4718598 0.1112807 0.1306705 0.1321846 0.156435 0.1891374 0.2140609 0.2819482 0.4173282 0.9999994 1 11173.06 22346.1 34005.97 44259.67 54790.44 65530.87 75387.5 85590.98 96435.56 111576.7 100404.3 62 
0.9999962 0.1834735 0.4690348 0.1076431 0.126507 0.1310711 0.1518475 0.1968332 0.2126333 0.2693929 0.3995413 0.9999998 1 10715.24 21430.44 32667.85 42837.73 53075.35 64330.8 74096.39 83837.96 94393.67 110257.6 99544.2 63 
0.9999971 0.1755714 0.4741695 0.1124751 0.1245548 0.1403009 0.1496606 0.1807405 0.2192467 0.2733215 0.3730082 1 1 11455.37 22910.7 34169.47 45271.92 55453.39 65909.01 76299.78 86413.27 96442.93 113302 101848 64 
0.9999987 0.1843798 0.4672589 0.1054935 0.1088465 0.1277025 0.1409144 0.1651597 0.2077712 0.2412693 0.32311 0.4690615 0.9999969 11058.62 22117.23 32323.62 42994.72 53266.1 63608.32 74470.01 84462.28 94615.41 104592.3 104827.5 65 
0.9999926 0.1791072 0.4715448 0.1136062 0.1192748 0.1376753 0.1596193 0.1773276 0.235666 0.3049199 0.3564098 0.9999988 0.9999996 11422.54 22844.99 33474.88 44281.1 55084.75 65171.08 76198.64 87104.19 95964.27 111963.9 100545 66 
1 0.1874075 0.4656847 0.1034381 0.1168372 0.1248031 0.1505526 0.1671622 0.1973154 0.2337118 0.3606055 0.47947 0.9999994 10672.93 21345.87 32154.34 42350.8 53115.91 63269.14 73250.45 82740.15 93960.23 103499 103181.8 67 
1 0.186166 0.4707377 0.1054944 0.1147647 0.1305385 0.1434348 0.1630233 0.2239136 0.2441511 0.296541 0.5193388 1 10866.37 21732.73 32306.9 42954.09 53125.97 63028.75 74412.91 84046.53 92890.56 103786.3 103004.2 68 
0.9999969 0.1812462 0.4689776 0.1172859 0.1169583 0.1327771 0.156434 0.1890581 0.2204963 0.271114 0.3881714 0.9999999 1 11707.53 23415.02 33720.49 44051.43 54606.88 65368.04 75545.82 85300.65 95480.7 111526.4 99820.45 69 
0.9999986 0.1781346 0.4753199 0.1073152 0.1264293 0.136151 0.159452 0.1693131 0.2244727 0.2813536 0.3597218 0.9999999 1 10873.82 21747.63 33183.41 43941.52 54825.37 64539.51 75237.81 85637.01 95191.96 112199.1 101326 70 
0.9999979 0.1796424 0.47133 0.111442 0.1185812 0.1422599 0.1572616 0.1887129 0.2080975 0.2938841 0.4079229 1 1 11172.39 22344.75 32907.98 44077.77 54668.84 65379.37 74961.21 85677.14 96179.98 111424.3 100253 71 
1 0.1842181 0.4674003 0.1086563 0.1088215 0.1208152 0.1402518 0.173725 0.1980434 0.2454887 0.31675 0.4777719 0.9999999 11377.99 22755.97 32913.08 42962.52 53219.25 64142.05 74430.66 84658.37 94615.39 104876.9 104715.4 72 
0.9999977 0.1791646 0.4725486 0.1123664 0.118227 0.1427489 0.1609385 0.1828394 0.2282821 0.2699343 0.4187932 1 1 11246.83 22493.63 32997.3 44180.18 54988.24 65290.92 75802.27 85394.11 96258.5 111336.3 100090.6 73 
0.9999941 0.1799333 0.4713681 0.1066813 0.1342468 0.1311036 0.1539884 0.1926171 0.2164729 0.3058743 0.379122 0.9999997 0.9999998 10688 21375.94 33390.67 43548.83 53915.85 64886.58 74841.08 85861.85 95343.43 110871.4 100186.3 74 
0.999995 0.1784768 0.4728766 0.1177575 0.1201078 0.1449086 0.1530416 0.1862366 0.201375 0.3051191 0.3959007 0.999997 0.9999991 11851.43 23702.8 34367.2 45688.27 55912.06 66449.32 75721.08 86940.49 97056.13 112491.6 100642.7 75 
1 0.1843374 0.4711767 0.1040255 0.1189373 0.1268608 0.1391769 0.1781091 0.1920024 0.2483425 0.3219365 0.4885292 0.9999997 10849.43 21698.85 32813.1 43257.82 53262.88 64284.68 74050.02 84255.69 94200.15 104432.4 104295.8 76 
0.9999991 0.1788878 0.4732929 0.1083285 0.1224822 0.1369837 0.1574647 0.193363 0.2185937 0.2650675 0.4139977 0.9999997 1 10838.99 21677.96 32605.52 43329.96 53969.12 64976.53 75014.07 84524.99 95442.18 110895.2 100056.7 77 
0.9999971 0.1772071 0.476457 0.1100953 0.1142653 0.1420516 0.1505469 0.1841813 0.2292264 0.2900191 0.4017111 0.9999991 0.9999999 11163.78 22327.53 32638.46 43992.03 54315.3 65043.57 75936.42 86558.96 97005.23 112563.5 101401.1 78 
0.9999999 0.186364 0.4671289 0.1066534 0.1167009 0.1210308 0.1477522 0.1793645 0.1951682 0.2572712 0.3143284 0.5369727 0.9999996 10994.45 21988.89 32736.03 42581.18 53145.31 64074.87 73834.31 84188.41 93584.24 104590 103085.8 79 
1 0.1857756 0.4634637 0.1045232 0.1128257 0.1227173 0.1465087 0.1746289 0.2065672 0.2367717 0.3367264 0.5041232 0.9999998 10803.19 21606.37 32048.8 42125.27 52678.98 63415.35 73897.53 83430.55 93777.97 104053 103356.8 80 
0.9999956 0.179274 0.4708825 0.1095298 0.1221253 0.1424123 0.1586446 0.1723285 0.2239022 0.2707639 0.4018688 1 1 11010.88 22021.71 32953.98 44145.35 54836.82 64607.97 75115.58 84977.24 95650.84 111537.3 100528.6 81 
1 0.184309 0.4669607 0.1032059 0.1178486 0.1234324 0.1421418 0.1764591 0.188068 0.2483666 0.3373951 0.5132044 0.9999996 10716.9 21433.79 32408.21 42548.01 52783.48 63683.96 73251.52 83510.38 93985.31 104542.7 103840 82 
0.9999965 0.1815743 0.468584 0.1092083 0.1173947 0.1442495 0.1438155 0.202976 0.1994127 0.2804873 0.3890563 0.9999994 1 10926.29 21852.54 32315.11 43661.81 53342.48 65040.49 74200.32 84515.02 94809.23 110974.6 100050 83 
0.9999976 0.1790711 0.4699854 0.1076946 0.1158072 0.1415819 0.1520081 0.1977992 0.2117947 0.28965 0.3875998 0.9999996 0.9999999 10872.14 21744.25 32176.26 43453.07 53846.11 65314.22 75164.84 85783.28 95876.77 111824.4 100953.4 84 
0.9999963 0.1772352 0.4737357 0.1131567 0.1214432 0.1343944 0.1664334 0.1672667 0.2143578 0.3119784 0.42318 0.9999996 1 11465.11 22930.17 33842.43 44451.83 55824.67 65352.08 75519.48 87145.2 97994.95 112783.9 101320.6 85 
0.9999952 0.1847773 0.4648821 0.110439 0.1176145 0.1462185 0.1499418 0.1727403 0.2223151 0.2815512 0.4126911 0.999995 1 10900.13 21800.21 32126.43 43454.08 53371.61 63083.88 73424.26 83608.45 94333.25 109596 98698.19 86 
0.9999958 0.178903 0.4736859 0.1132285 0.1264848 0.1369033 0.1640936 0.1706014 0.2252894 0.2868844 0.4064813 0.9999999 1 11381.52 22763 34037.33 44696.78 55724.11 65307.42 75803.72 86158.49 96620.9 111897.6 100518.1 87 
0.9999992 0.1805152 0.4721926 0.1090455 0.1154068 0.1528347 0.1462276 0.1765735 0.2256018 0.2905294 0.3913736 1 1 10907.83 21815.65 32100.95 44149.95 53916.15 63984.63 74577.29 85141.01 95237.08 110937.5 100030.1 88 
0.9999953 0.183959 0.4704372 0.1106231 0.1163576 0.1387216 0.157397 0.1865454 0.2339096 0.2782726 0.3722984 0.9999998 1 10948.32 21896.6 32138.44 42927.96 53471.73 64001.17 74741.06 84529.18 93980.45 109915.7 98969.59 89 
0.9999968 0.179427 0.4725425 0.110764 0.1220477 0.1351926 0.155732 0.1831968 0.2233479 0.28847 0.3808427 0.9999999 1 11113.37 22226.71 33115.79 43705.5 54254.88 64732.1 75165.49 85631.23 95462.41 111445.7 100333.8 90 
0.9999981 0.1791697 0.4739606 0.1143914 0.1187684 0.1385369 0.1459599 0.188285 0.2136735 0.3091032 0.3924408 0.9999999 1 11536.04 23072.06 33679.36 44582.66 54478.72 65381.12 75424.02 86847.94 96868.62 112382.3 100847.1 91 
0.9999986 0.1795719 0.4717077 0.1122553 0.1232645 0.1353826 0.1494091 0.1911279 0.2214588 0.2883534 0.3827508 1 1 11282.43 22564.85 33563.03 44153.46 54258.8 65254.38 75559.81 86006.51 95874.62 111788.6 100506.9 92 
0.9999986 0.1789378 0.4742013 0.1104356 0.1222473 0.1444191 0.1532912 0.1915769 0.2335059 0.2890219 0.3979653 1 1 11016.54 22033.06 32881.1 44129.96 54345.5 65155.37 75806.94 85912.36 95805.28 110771.2 99755.3 93 
0.9999977 0.1802372 0.4745343 0.1082918 0.1296934 0.1297759 0.1745087 0.1682925 0.2312087 0.2362152 0.4152331 1 1 10874.92 21749.81 33363.49 43477.33 55312.39 64734.06 75499.66 83955.32 95308.15 111296.2 100422.4 94 
0.9999975 0.1832226 0.463188 0.1079039 0.1213007 0.1353387 0.1549715 0.1813688 0.2023424 0.2904263 0.3947566 0.9999997 1 10789.98 21579.93 32400.65 43009.15 53512.52 63899.98 73386.8 84248.2 94723.73 110784.9 99996.18 95 
0.9999998 0.18747 0.4679868 0.1011354 0.1146143 0.1289829 0.1431464 0.1682346 0.1929957 0.2441325 0.3376288 0.4943791 0.9999992 10460.15 20920.3 31575.66 42192.45 52455.31 62790.29 72651.79 82718.7 93242.1 103448.6 103427.2 96 
0.9999971 0.1795834 0.4756754 0.1121573 0.1136393 0.1450139 0.1508135 0.1755554 0.2614502 0.2625183 0.3777727 0.9999999 1 11253.73 22507.43 32630.94 44081.36 54262.81 64327.14 76684.39 85848.02 95573.03 111591.2 100338.8 97 
0.9999999 0.18654 0.4675507 0.1077545 0.1123294 0.1289866 0.1402673 0.1635287 0.1749129 0.2994597 0.3263226 0.4466515 0.9999998 11139.2 22278.41 32639.28 43200.15 53203.28 63229.5 72199.98 84871.61 94544.9 103464.5 103375.8 98 
0.9999971 0.1824276 0.4730163 0.1069703 0.125873 0.126682 0.1636934 0.1839959 0.2169974 0.2910645 0.4032285 0.9999999 1 10679 21357.96 32579.78 42452.07 53592.61 64065.03 74143.27 84728.04 95123.62 110509 99831.37 99 
0.9999952 0.1773659 0.4743642 0.1091466 0.1224858 0.1439675 0.1672687 0.1874202 0.2037429 0.3125019 0.3837158 0.9999977 0.9999996 10965.61 21931.18 32893.71 44200.56 55446.09 65938.71 75207.27 86527.02 96082.67 111430.1 100466.9 100 
