NaN 0.001967078 0.002785071 0.001800023 0.002938441 0.00388683 0.004902422 0.006166027 0.007678892 0.009861443 0.01326891 0.02024475 NaN 254.6395 356.6219 428.2531 501.0672 556.0369 609.7743 658.8639 710.2429 757.4923 0 1 
0 0.001981692 0.002734375 0.001739565 0.00287846 0.003828215 0.004828549 0.006075682 0.007514564 0.009502182 0.01279212 0.01917572 0 243.4688 348.7287 417.8982 490.1173 541.6943 588.2175 637.9659 685.8104 734.8484 2.246221e-13 2 
NaN 0.001965017 0.002745026 0.001799922 0.002881979 0.003816496 0.004827024 0.006020331 0.00763609 0.009713539 0.01300705 0.01991856 6.664227e-06 254.4789 346.6586 425.6363 488.609 553.2285 602.4766 649.4736 701.8068 746.8022 0 3 
NaN 0.00197577 0.002747537 0.001742914 0.002921373 0.003913984 0.004876432 0.006061838 0.007730024 0.009768197 0.01318694 0.01984 3.952523e-06 243.8777 355.5091 426.169 485.0169 552.1284 597.1867 646.1033 692.9355 738.8611 0 4 
NaN 0.001983383 0.002746929 0.001782051 0.00290732 0.003863359 0.004855206 0.006031631 0.007530399 0.009480091 0.01286452 0.02042417 4.528665e-06 248.9678 349.0865 422.6165 485.2283 542.2856 587.2631 637.9253 698.0908 736.5482 0 5 
NaN 0.001960563 0.002762279 0.001821803 0.002943099 0.003889556 0.004915541 0.006160831 0.007702641 0.009884695 0.01322539 0.01972527 1.224412e-05 255.0046 351.5365 425.7197 494.7901 550.989 603.6816 651.1589 694.4744 755.6817 0 6 
3.794317e-16 0.001980617 0.002759922 0.001782247 0.002888245 0.003893199 0.004974431 0.006135207 0.007615026 0.009850204 0.01316808 0.01974743 1.264498e-19 250.2858 347.508 434.6674 495.5677 546.994 602.9805 649.2112 695.1834 746.3312 1.422442e-06 7 
5.716581e-07 0.001958293 0.002751021 0.00179833 0.002877448 0.003826585 0.004869504 0.006066394 0.007598785 0.009567134 0.01301973 0.0200902 2.637777e-06 254.5346 346.206 428.8202 493.4535 553.3592 598.7732 652.5364 707.6316 750.4592 0.3129808 8 
4.013264e-16 0.001963687 0.002764694 0.00178947 0.002917947 0.003883559 0.004896854 0.006096901 0.007678151 0.009935456 0.01303942 0.01967665 1.162732e-20 253.3296 354.2969 430.8309 495.485 554.915 612.0551 653.0694 704.2828 749.3475 1.93738e-06 9 
NaN 0.001958734 0.00276478 0.001795086 0.00293954 0.003888308 0.004862495 0.006091209 0.007718216 0.009702574 0.01315286 0.0199689 2.769497e-06 253.1477 356.1466 426.1673 491.8074 557.2965 601.5099 653.8288 703.152 756.2439 0 10 
8.441369e-10 0.001981185 0.002762644 0.001779761 0.002895883 0.003879855 0.004897912 0.006015545 0.007525085 0.009674478 0.01319163 0.01976742 2.06645e-06 249.1512 347.9327 429.0332 485.9126 542.7356 596.1001 649.401 694.5342 747.5902 0.0007086177 11 
4.201868e-15 0.001945958 0.002754355 0.001786614 0.002904568 0.00390488 0.004936808 0.006048242 0.007638518 0.009788125 0.01327175 0.01976627 2.028692e-19 254.0606 353.5285 439.0721 493.3628 556.3443 608.9787 661.3576 708.3057 754.427 1.10639e-05 12 
1.670587e-14 0.001980228 0.00274085 0.001762816 0.00288362 0.003878085 0.004897111 0.006012607 0.007558625 0.009759071 0.01305577 0.01975428 2.138473e-17 245.6105 345.927 427.2132 482.6661 540.4241 595.1072 640.9603 688.5716 737.2564 2.890704e-05 13 
9.013192e-14 0.001981107 0.002737626 0.00176003 0.002896638 0.003843017 0.00481831 0.006025473 0.007538544 0.009622835 0.0131016 0.01944973 1.265923e-15 246.7507 350.6269 419.9153 486.6206 543.3831 592.7392 645.0816 687.9042 739.5217 0.0001485813 14 
NaN 0.00196568 0.00275233 0.001775194 0.002917702 0.003931326 0.00498047 0.006171504 0.007808182 0.01002959 0.01355504 0.02061947 5.849339e-06 247.7244 351.0284 432.8925 492.3173 553.7204 604.6282 652.6501 697.6114 750.0979 0 15 
6.760935e-14 0.001948762 0.002726314 0.001753443 0.002879924 0.003836564 0.004839502 0.006051269 0.007585487 0.009766657 0.01297942 0.01931548 2.165012e-16 247.0634 349.4589 423.3079 490.6565 547.8605 602.4314 647.64 694.0968 744.5827 0.0001311543 16 
6.739316e-07 0.001968558 0.002749488 0.001798361 0.002925024 0.003886518 0.00493482 0.006178717 0.007626573 0.01000202 0.01328233 0.02084985 2.561242e-06 249.4979 348.0162 422.7781 493.8809 540.5456 601.8571 643.5372 697.691 743.2867 0.3645178 17 
3.668307e-16 0.001966563 0.002764412 0.001765252 0.002901474 0.003870255 0.004877717 0.006054585 0.007516867 0.009763997 0.01305562 0.01958513 5.218128e-19 248.9666 352.5642 427.5106 493.2641 545.4058 604.5218 652.1616 699.3065 754.3584 1.097207e-06 18 
4.933328e-14 0.002004005 0.002729562 0.001746446 0.002837996 0.003820272 0.004864944 0.006002923 0.007447114 0.009542918 0.01292303 0.01966671 8.108292e-16 241.4202 337.4967 420.3574 480.0063 531.2595 582.0961 631.4158 679.8683 724.4717 0.0001595019 19 
NaN 0.001986026 0.002764283 0.001780333 0.002937584 0.003924732 0.004925014 0.006080299 0.007544551 0.009704663 0.01296306 0.01982367 5.051711e-06 250.5137 356.9799 431.1587 492.7274 544.8002 599.0953 645.6211 696.4106 748.1874 0 20 
NaN 0.001979885 0.002729707 0.001770209 0.002898714 0.00383968 0.004827345 0.006030254 0.007482013 0.009679476 0.01299123 0.02019095 2.339463e-06 245.9035 346.9154 416.228 484.1699 534.8504 590.2865 636.3443 688.4579 735.8618 0 21 
NaN 0.001976605 0.002731432 0.001740442 0.002857181 0.003855702 0.004891794 0.006015795 0.007455619 0.009479542 0.01290372 0.01920148 5.665292e-06 243.4854 344.7744 427.3424 485.6638 538.3444 586.9539 640.4229 685.8392 734.9967 0 22 
NaN 0.002002922 0.002742092 0.001772557 0.002905242 0.003863694 0.004835772 0.00599065 0.007557695 0.009808971 0.01326344 0.02048393 3.708106e-06 243.9384 344.9697 416.3126 475.6278 533.8803 588.9216 635.5044 684.7335 724.9778 0 23 
NaN 0.002003261 0.00274065 0.001752557 0.002852767 0.003804741 0.004808514 0.005981741 0.007481621 0.009515941 0.01310155 0.01957123 4.058872e-06 242.5444 339.8124 415.6753 478.2618 534.6498 581.403 636.4724 679.2788 727.8264 0 24 
NaN 0.001977441 0.002764548 0.001780221 0.002884169 0.003873161 0.004905335 0.006035869 0.007638012 0.009774704 0.01300046 0.01946838 NaN 250.3534 347.2892 431.8732 487.5639 550.3871 602.2836 647.9345 696.4007 742.7196 0 25 
NaN 0.002014635 0.002744945 0.001721558 0.00285721 0.003787751 0.004721016 0.005885673 0.007347486 0.009400067 0.01273181 0.01986851 2.160495e-06 238.4889 343.7921 408.7523 473.5575 528.5874 579.6405 628.984 684.1403 724.1411 0 26 
1.291591e-06 0.001973553 0.002729149 0.001782887 0.002878126 0.003798235 0.004767459 0.005939812 0.007456939 0.009345247 0.01268408 0.01936886 1.786356e-06 249.0101 343.711 415.7895 478.6615 539.3774 582.4034 635.5252 686.9282 738.6359 0.6915286 27 
NaN 0.001973533 0.002754718 0.001806066 0.002909889 0.003849442 0.004836524 0.005970025 0.007445026 0.009586268 0.01304392 0.01968975 3.824429e-06 254.1491 349.3993 424.9815 485.7232 541.299 595.9967 649.3736 697.2593 748.3126 0 28 
3.776327e-18 0.001947309 0.002724516 0.001771079 0.002882738 0.003837889 0.00489469 0.00616001 0.007598349 0.009836828 0.01313976 0.01972313 3.366439e-22 248.2576 346.5513 422.876 496.9346 545.1692 601.4048 647.4344 693.323 746.6909 1.858792e-08 29 
1.986873e-15 0.002007701 0.002755121 0.001701897 0.002849292 0.003837663 0.004827916 0.006002967 0.007577403 0.009694717 0.01284685 0.01982812 8.560543e-19 236.0347 344.3985 418.8766 480.0307 540.2081 590.9905 633.327 686.4338 730.7087 3.968424e-06 30 
NaN 0.001986931 0.002728046 0.001767728 0.002883155 0.003825386 0.004789516 0.005942421 0.007484752 0.009535084 0.01287068 0.01912904 1.826315e-06 247.1428 346.6717 418.796 479.0519 539.3334 588.2574 638.1507 682.5157 732.976 0 31 
NaN 0.001987235 0.002702344 0.001777032 0.002853506 0.0037853 0.004800123 0.006000264 0.007544324 0.009616001 0.01281657 0.0197337 4.162541e-06 246.1626 337.8296 414.3383 478.5632 536.1545 584.4547 627.7314 678.4397 722.942 0 32 
6.308728e-14 0.001962309 0.002779767 0.001798344 0.00295643 0.003920271 0.004925831 0.00617131 0.007688819 0.009856664 0.01324213 0.02053101 4.444637e-16 253.7167 358.8903 429.5829 499.7694 554.9586 608.1799 656.4406 712.4084 753.011 0.0001364085 33 
NaN 0.001979199 0.002744081 0.001758738 0.002898779 0.003906653 0.004935926 0.006090003 0.007629784 0.009606341 0.01339603 0.02022127 2.607092e-06 244.2503 347.7748 428.0252 485.423 544.1908 586.5366 646.2062 691.5938 735.947 0 34 
NaN 0.001990375 0.00274036 0.001764564 0.002871349 0.003826353 0.004823755 0.005982632 0.007488088 0.009508302 0.01286603 0.01974788 2.452948e-06 245.7712 343.7214 419.7503 480.8322 538.0845 585.8084 635.9129 686.9556 733.9757 0 35 
NaN 0.001974345 0.002752687 0.001786252 0.002903722 0.003864545 0.004867231 0.006049419 0.007629346 0.009673273 0.01345596 0.01974111 3.697261e-06 250.6535 349.4246 426.007 487.3826 549.6201 595.2217 654.8672 694.1772 744.3617 0 36 
2.893903e-14 0.001978884 0.002748748 0.001797699 0.00291141 0.003865738 0.004876262 0.006041039 0.007511306 0.009687732 0.01286279 0.01995531 4.503046e-16 252.0127 349.3107 425.4291 488.6801 541.5618 597.3809 641.4189 697.2551 741.8283 0.0001046423 37 
NaN 0.001956915 0.002732429 0.001786871 0.002909037 0.003892603 0.004919005 0.006060276 0.00754075 0.009631221 0.01304895 0.01915537 5.292636e-06 250.5518 349.7189 429.6671 488.8267 543.2941 593.9446 646.1496 688.1018 743.1083 0 38 
NaN 0.001964855 0.002733014 0.00179726 0.002907501 0.0038641 0.004861583 0.006042324 0.00771915 0.009873979 0.01320968 0.01972048 4.585585e-06 250.6559 346.851 423.7397 482.4754 549.2365 599.1252 644.9121 688.1663 742.0082 0 39 
5.986012e-14 0.001981248 0.002741624 0.001783655 0.002929603 0.003879583 0.004875742 0.006132292 0.007654542 0.00971888 0.01326253 0.02007678 9.34963e-16 249.069 352.6925 421.1963 491.374 546.9289 593.5251 645.6423 692.3523 737.9308 0.0002898834 40 
NaN 0.001998155 0.002747187 0.001727784 0.002858778 0.003859751 0.004861434 0.005953803 0.007460055 0.009615095 0.01296878 0.01945903 3.872478e-06 240.9458 345.5444 425.5958 479.8643 536.3291 590.0418 638.8012 682.7955 738.5787 0 41 
NaN 0.001957918 0.002732673 0.00181994 0.002936758 0.003886712 0.004899781 0.006075806 0.007515579 0.009601238 0.01275831 0.01956646 1.076468e-05 256.3588 352.8611 428.1418 492.4634 543.8307 595.8855 641.5294 695.3774 744.3312 0 42 
NaN 0.001963502 0.002737892 0.001788451 0.002916694 0.003899051 0.004884521 0.005985829 0.00760103 0.009681267 0.01316057 0.01940404 5.414522e-06 252.5807 353.4421 432.4829 484.7648 550.3351 599.3792 651.9461 696.1507 739.8198 0 43 
3.680016e-07 0.001942378 0.002762526 0.001771985 0.002931233 0.0039226 0.004916713 0.006077178 0.007672992 0.009998536 0.01343626 0.02003797 2.303123e-06 250.798 357.9338 433.6966 494.1056 554.9252 614.6048 662.9638 707.4457 761.6345 0.2012477 44 
NaN 0.002000757 0.002748609 0.0017767 0.002897138 0.003853 0.004820636 0.005930986 0.007448468 0.009604578 0.01272921 0.01920488 3.558623e-06 247.5011 347.1024 420.9312 477.5669 535.0018 589.9535 633.7148 682.7456 731.2418 0 45 
NaN 0.001976851 0.002733163 0.001800395 0.002919936 0.003848022 0.004834564 0.006048189 0.007530666 0.009667816 0.01301572 0.0189434 4.011013e-06 251.7759 349.7396 419.2016 487.2411 540.9739 593.1202 642.4715 681.2686 739.4615 0 46 
NaN 0.001961569 0.002743917 0.001799751 0.002921786 0.003891248 0.004900535 0.006047109 0.007556925 0.009625194 0.01287742 0.01968182 7.672273e-06 253.0467 351.6077 429.4742 489.0014 546.0453 596.5896 644.4749 696.7239 747.3619 0 47 
NaN 0.001991213 0.002751754 0.001761197 0.002908778 0.003892798 0.004880574 0.006020554 0.007517241 0.009522106 0.01301645 0.01983575 6.620189e-06 245.4884 350.6366 425.0242 483.5067 540.1737 586.6161 640.6076 689.5818 737.6235 0 48 
2.45065e-07 0.001933709 0.002750167 0.001785435 0.002902858 0.003888846 0.004914163 0.006074888 0.007710086 0.0097512 0.01350324 0.02022358 3.085877e-06 253.2133 352.3228 435.1237 493.1415 559.9459 605.9771 665.2917 710.8823 759.7253 0.1346085 49 
NaN 0.001985197 0.002761667 0.00177495 0.002894453 0.003808126 0.004739896 0.005933874 0.007554749 0.009599685 0.01276118 0.01944464 6.764586e-06 250.1505 350.5213 417.3161 481.4445 548.2101 597.4295 642.7649 694.405 744.8378 0 50 
NaN 0.001975649 0.002739607 0.001748854 0.002874328 0.003818427 0.004779709 0.005967467 0.007555786 0.009480974 0.01286361 0.01941208 3.183335e-06 246.108 348.8839 420.0558 482.9324 547.9807 591.2196 643.8077 693.1616 740.425 0 51 
NaN 0.001982144 0.002742138 0.001773823 0.002867141 0.003832389 0.004870843 0.006050912 0.007569369 0.009673524 0.01314245 0.01987199 3.537116e-06 247.689 342.8881 423.9193 486.5799 542.882 592.559 643.5136 689.3561 740.0547 0 52 
9.371214e-15 0.00196036 0.002734702 0.001822519 0.002950496 0.003881681 0.004873352 0.006111096 0.007639116 0.009722221 0.01307868 0.01983326 1.381897e-16 256.9895 355.5091 425.1108 494.1725 550.8422 599.9718 648.6698 697.8504 746.5676 4.08264e-05 53 
1.761921e-13 0.001974066 0.002773865 0.001817436 0.002929771 0.003894413 0.004915936 0.006115585 0.007768081 0.009769177 0.01336283 0.02018565 2.86908e-15 254.8463 350.4813 429.7444 490.3408 556.7113 600.167 654.5351 702.6409 747.1801 0.0005166001 54 
NaN 0.001990492 0.002760315 0.001818816 0.002924719 0.003863987 0.004888372 0.006111023 0.007579572 0.009621736 0.0134297 0.02024006 4.501059e-06 254.9893 349.8696 424.7371 492.6531 545.9171 592.0131 651.9097 697.5457 737.2791 0 55 
NaN 0.001947763 0.002757004 0.001781425 0.00289336 0.003863716 0.004918519 0.006153083 0.007678914 0.00982818 0.01337626 0.02017749 6.19875e-06 251.3136 349.4717 429.7309 498.2967 554.3354 605.7017 658.3654 705.3439 754.9851 0 56 
NaN 0.001958902 0.002722058 0.001798832 0.002919871 0.00392556 0.004965968 0.006095399 0.007731405 0.009904453 0.01339315 0.01965261 2.563614e-06 251.3789 349.5157 433.7916 486.8847 549.8024 599.8579 648.8538 687.2313 744.0375 0 57 
NaN 0.001952545 0.002771772 0.00178433 0.002889319 0.003829171 0.004831752 0.006020429 0.007524532 0.009586731 0.0130511 0.01984206 3.637476e-06 253.8665 351.2691 427.5494 494.0628 552.744 604.0988 659.0272 711.3066 758.9371 0 58 
1.380453e-14 0.001978889 0.00275523 0.001772388 0.002885477 0.003852302 0.00487551 0.00602477 0.007440958 0.009711257 0.01310191 0.01989957 7.961791e-16 248.3698 347.189 425.3564 489.0603 537.6028 597.9894 647.132 696.2955 743.1641 0.0001251936 59 
6.043114e-19 0.00198824 0.002756891 0.001785759 0.002886897 0.003841505 0.004890365 0.006121338 0.00760173 0.009769216 0.01302229 0.02008118 6.290736e-23 249.0227 344.7097 422.6706 491.7457 543.5599 596.6539 641.1994 693.1206 742.1342 2.954945e-09 60 
1.172896e-06 0.001975548 0.002782356 0.001804683 0.002919709 0.003879803 0.004901076 0.006084201 0.007576936 0.009598109 0.01311259 0.02010936 2.271201e-06 252.9158 349.7454 427.3949 491.1867 547.6266 595.4872 650.6177 703.146 751.5398 0.6351118 61 
1.685083e-13 0.001966317 0.002748072 0.0017856 0.002952073 0.003922389 0.004901414 0.006109098 0.007651006 0.009754058 0.01321721 0.01985716 8.878521e-15 250.7794 357.9627 427.217 492.1221 549.8182 599.3843 650.3437 697.724 743.5659 0.001024052 62 
NaN 0.001993127 0.002743681 0.001759876 0.002899993 0.003867195 0.004841527 0.006012507 0.007591231 0.009582471 0.01295952 0.01957487 2.366083e-06 244.7888 348.6494 420.8619 480.6574 542.6074 587.3381 637.368 684.0706 735.7926 0 63 
2.148638e-07 0.001946761 0.002772694 0.001816198 0.002972116 0.003963875 0.004986771 0.006171718 0.007718401 0.009885074 0.01327241 0.02024223 2.791292e-06 256.5614 360.1023 437.2953 499.4907 557.0753 610.024 659.3583 709.0478 767.1994 0.1183577 64 
NaN 0.001970779 0.002751984 0.001788116 0.002877658 0.003817776 0.004829122 0.005986976 0.007473118 0.009674819 0.01284342 0.01900503 5.155882e-06 253.3244 347.6685 426.1316 489.8787 544.9027 602.7249 648.2382 695.0731 742.847 0 65 
9.775468e-15 0.001962704 0.002749411 0.001812973 0.002928783 0.003886382 0.004921626 0.006119779 0.00759319 0.01001444 0.01364683 0.01982916 7.988384e-17 254.5599 351.2266 428.2765 495.0908 544.8717 607.8881 658.9655 695.6112 747.7979 4.159599e-05 66 
2.505865e-19 0.001984906 0.002725819 0.001773617 0.002898951 0.003854808 0.004851993 0.006058312 0.007610019 0.009627692 0.01274979 0.02018945 0 246.6389 347.0221 419.8643 483.9248 542.3757 588.8715 630.706 689.9201 731.545 1.129463e-09 67 
3.215154e-15 0.001957238 0.002727587 0.001800184 0.002932145 0.003905263 0.004923652 0.006097171 0.007626263 0.009990729 0.01336737 0.01947753 1.387211e-18 251.3574 351.0691 427.2211 489.4918 543.2518 603.5025 649.1109 687.7354 740.9938 1.4665e-05 68 
2.746922e-19 0.001999049 0.002746921 0.001836509 0.002937117 0.003864742 0.00485834 0.006051665 0.007641758 0.009799517 0.0130103 0.01966455 0 255.2082 347.4384 420.618 482.9778 542.8021 593.8914 636.9087 683.0451 735.4087 9.277032e-10 69 
2.232554e-13 0.001958055 0.002760113 0.001759042 0.002908301 0.003891785 0.004915979 0.006116414 0.007547617 0.009719459 0.01305491 0.01913768 9.380587e-16 248.3675 354.4953 429.8978 497.5881 547.681 603.0972 653.2933 697.2622 750.0998 0.0004298335 70 
9.861303e-14 0.001984753 0.002752036 0.001784135 0.002889734 0.003855952 0.004888952 0.006085439 0.007616458 0.009613019 0.01294132 0.01991451 8.755089e-16 249.3385 346.0515 425.3089 488.5622 546.3173 591.7782 640.5151 692.933 740.2842 0.0001471701 71 
NaN 0.001978964 0.002740568 0.001817756 0.002909789 0.003819465 0.004785335 0.005955464 0.007518805 0.009636421 0.01292984 0.01915812 2.77741e-06 254.9555 347.1895 418.9957 481.4571 542.8505 595.0348 643.4042 688.3212 738.4668 0 72 
NaN 0.001955276 0.002758273 0.001815343 0.002938963 0.003926487 0.004990685 0.006204516 0.00776446 0.0100326 0.01354182 0.02059693 6.256044e-06 254.1026 351.5077 433.0771 497.2861 553.0717 607.6774 655.8872 702.4629 754.0566 0 73 
1.161645e-07 0.001961203 0.002745271 0.001764028 0.002957125 0.003960164 0.004947166 0.006166582 0.007803815 0.009989419 0.01357333 0.02073867 3.16254e-06 246.0531 358.4762 428.807 491.4388 553.345 602.9794 652.4545 698.4236 749.6049 0.06307669 74 
NaN 0.001960923 0.002739208 0.001843307 0.002962702 0.003934665 0.004968103 0.006147371 0.007704042 0.009644617 0.01328787 0.02007973 2.291156e-06 258.7799 354.0172 433.5932 493.2018 552.7414 594.1559 651.094 698.0385 747.5569 0 75 
NaN 0.001957792 0.002731018 0.001782965 0.002928842 0.003908777 0.004900484 0.006076705 0.007679713 0.00964022 0.01300933 0.01946097 4.456372e-06 250.1939 353.8058 428.6312 487.796 551.3443 594.6862 645.3315 692.2673 742.8793 0 76 
2.363809e-14 0.001973567 0.002756591 0.001768323 0.002892506 0.003865458 0.004897361 0.006130678 0.007728593 0.009820963 0.01302936 0.02002914 1.292564e-16 246.4355 346.7495 423.9474 489.8866 550.3139 598.8781 642.3325 695.9984 739.1737 7.956125e-05 77 
NaN 0.001938667 0.002763101 0.001782324 0.002877794 0.003845724 0.004874459 0.006014167 0.007540914 0.009714569 0.01321235 0.02028361 7.701368e-06 253.3538 348.8617 432.5015 493.0056 552.2736 608.2287 661.618 715.403 758.8416 0 78 
NaN 0.001986813 0.002738693 0.001796397 0.002926507 0.003853635 0.004817725 0.006052998 0.007652973 0.009730789 0.01306216 0.01939769 3.42751e-06 250.763 350.9082 417.864 484.6565 546.4156 593.66 640.9655 683.492 736.8874 0 79 
NaN 0.002011325 0.002756569 0.001777193 0.002880597 0.003811073 0.004786801 0.005968172 0.007547982 0.009759983 0.01285642 0.01963005 3.267439e-06 247.2842 344.0692 416.1939 479.3046 539.434 594.7273 634.9888 685.2447 732.3243 0 80 
NaN 0.001967447 0.002756039 0.001779531 0.002911152 0.00390905 0.004968856 0.006163128 0.007640895 0.009823281 0.01305666 0.02005242 2.751159e-06 249.9649 351.5903 432.8656 497.3308 548.8089 602.8596 647.4942 699.5812 750.2405 0 81 
NaN 0.001979214 0.002759658 0.001776398 0.002921422 0.003882715 0.004858102 0.006044681 0.007615557 0.009701972 0.01313092 0.01944661 3.331479e-06 248.801 352.7575 424.0279 486.6929 547.5578 596.8822 648.0168 691.668 744.4563 0 82 
NaN 0.00200316 0.002752599 0.001759609 0.002851436 0.003815813 0.004820721 0.005961895 0.007538127 0.009441654 0.01287941 0.01913714 7.097979e-06 245.9288 341.9873 422.6429 479.3836 543.2897 584.8997 638.8363 683.9917 730.7111 0 83 
NaN 0.001990937 0.002763354 0.001753349 0.002838098 0.003803394 0.004822351 0.005983941 0.007606028 0.009698295 0.01306671 0.01971059 4.145409e-06 245.9144 341.2568 423.9652 482.9227 548.3383 597.6757 646.457 694.398 740.2455 0 84 
1.266088e-16 0.001948859 0.002752782 0.001800446 0.002925736 0.003869463 0.004889503 0.006126341 0.007561838 0.009674677 0.01327827 0.02025613 2.980121e-21 255.3267 355.0249 428.1449 500.0137 551.252 603.1041 659.1597 710.0997 753.9762 5.395103e-07 85 
4.793012e-19 0.002041965 0.002744402 0.001773374 0.002857266 0.003830012 0.004861226 0.005969774 0.007417436 0.009566948 0.012838 0.01964815 0 242.9059 335.8497 417.5448 473.798 524.1471 576.9544 621.971 670.8375 713.1359 4.981744e-09 86 
NaN 0.001953481 0.002734687 0.001804902 0.002950574 0.003920295 0.00494037 0.006159865 0.00763661 0.009801741 0.01329026 0.02011733 NaN 253.45 355.703 429.0752 496.2387 548.152 600.31 651.0294 699.0659 744.9985 0 87 
NaN 0.001982814 0.002750191 0.001774056 0.002861941 0.003866764 0.004933226 0.006032695 0.007534738 0.009762648 0.01319785 0.02020157 3.683921e-06 246.6116 340.4069 429.584 484.0501 538.3936 594.3305 643.0852 691.6468 740.0972 0 88 
NaN 0.001988743 0.002738846 0.001784761 0.002879086 0.003833906 0.004863603 0.00606626 0.007639182 0.009801329 0.01301784 0.01949431 4.261154e-06 248.2052 342.5994 421.2327 484.854 543.3015 594.6021 637.8439 682.859 734.0511 0 89 
6.758174e-07 0.001965 0.002759397 0.001807857 0.002949956 0.003927466 0.004958346 0.006190453 0.007772649 0.01000696 0.01360649 0.0206816 2.481572e-06 251.761 352.5893 428.1694 493.7583 551.3872 603.6923 654.0505 699.2168 751.2593 0.368342 90 
NaN 0.001962931 0.002746003 0.001815526 0.002928479 0.003890137 0.004891908 0.006030347 0.007586291 0.009624627 0.01328676 0.0201465 3.194518e-06 255.1971 351.221 429.5425 486.8332 548.0364 595.0217 652.3071 700.6444 744.1075 0 91 
3.132193e-07 0.001957673 0.002755403 0.001805384 0.002950306 0.003917388 0.004902583 0.006083414 0.007685787 0.009759732 0.01327344 0.0199402 2.405622e-06 254.1018 356.3723 429.8109 490.5565 553.5383 601.5816 654.3637 700.3558 753.5292 0.1716011 92 
NaN 0.001974191 0.002756114 0.001793566 0.002928601 0.00393301 0.004980105 0.006159689 0.007768192 0.01001613 0.0135134 0.02041824 5.166291e-06 248.7062 348.958 430.2153 489.0847 548.2023 600.9083 648.051 693.3777 739.6565 0 93 
NaN 0.001967515 0.002725629 0.001762653 0.002923298 0.003889117 0.004899839 0.006156593 0.0075992 0.00981034 0.01276281 0.02004743 8.430582e-06 245.6846 352.7255 421.208 493.5312 541.4 596.8658 633.578 689.9278 742.6685 0 94 
NaN 0.002005631 0.002769259 0.001750533 0.002856539 0.003808353 0.00481087 0.00598928 0.007457666 0.009408828 0.01276463 0.01940345 1.786547e-06 246.5651 346.4687 422.5633 487.2829 543.1811 589.0071 641.4616 692.1719 740.5923 0 95 
NaN 0.001968912 0.002732828 0.001755286 0.002879565 0.003853004 0.004864119 0.006029361 0.00751293 0.009599335 0.01284536 0.0195665 5.424622e-06 245.936 347.5964 424.4364 486.9117 541.5484 592.7373 639.8759 691.1427 737.4819 0 96 
1.604346e-07 0.001962061 0.002741899 0.001802664 0.002892497 0.003862646 0.004912515 0.00606434 0.007608876 0.01002522 0.01320879 0.01986593 2.389019e-06 251.8436 344.173 427.8427 488.3035 542.9561 606.754 647.1895 693.1508 745.249 0.08714569 97 
NaN 0.001962521 0.002729759 0.001807898 0.002918638 0.003869315 0.004864701 0.006007337 0.007479327 0.009409683 0.01337617 0.01959034 5.967426e-06 254.505 350.7603 426.9947 486.6959 543.8576 585.8604 654.1403 694.6918 737.1336 0 98 
NaN 0.00198064 0.002732869 0.001751025 0.002885149 0.003831743 0.004816805 0.006034459 0.007537315 0.00966175 0.01311047 0.0201154 7.605813e-06 243.5365 346.7486 416.0662 484.0198 538.9894 589.8689 639.4758 689.0669 732.7983 0 99 
NaN 0.001968356 0.002743905 0.001765949 0.002891097 0.003886134 0.004955227 0.006199543 0.007749282 0.009776663 0.01338932 0.0201226 3.857304e-06 246.6779 347.6073 428.8721 495.4814 552.2315 596.1248 649.7448 694.6167 742.5474 0 100 
