110037 10037 0 73 269 545 810 1090 1362 1714 1989 2185 0 73 328 809 1483 2302 3326 4501 5861 7109 8863 17162 24543 31214 37304 42491 47309 51938 55841 59165 8863 18915 29174 39792 50632 61666 73047 84807 96829 108892 
109971 9971 0 72 236 508 813 1131 1408 1668 1925 2210 0 72 298 749 1440 2327 3375 4516 5765 7054 8939 17205 24476 31006 37365 42648 47447 51857 55773 59428 8939 19009 29109 39466 50410 61571 73031 84774 96579 108852 
110139 10139 0 57 257 500 827 1116 1399 1696 2036 2251 0 57 305 766 1447 2314 3352 4507 5812 7161 9103 17326 24613 31238 37152 42665 47408 51768 55684 59004 9103 19033 29198 39840 50643 61708 73113 84775 96800 109034 
110162 10162 0 78 273 521 818 1142 1412 1698 2041 2179 1 79 336 798 1469 2396 3388 4501 5792 7135 9097 17345 24740 31300 37282 42790 47669 51598 55589 59060 9097 19117 29425 39805 50670 61905 73437 84980 96907 109056 
110064 10064 0 82 250 506 816 1107 1392 1683 1960 2268 0 82 320 769 1452 2347 3388 4544 5779 7135 8943 17085 24410 31188 36990 42442 47382 51972 55744 59596 8943 18906 29058 39566 50225 61322 72884 84692 96600 108931 
110082 10082 0 84 230 571 805 1113 1411 1666 2000 2202 0 84 292 801 1462 2337 3362 4471 5771 7028 8961 17144 24673 31191 37129 42578 47300 51762 55828 59165 8961 18946 29274 39744 50551 61643 73152 84803 96856 108962 
110164 10164 0 78 244 562 836 1121 1457 1708 1976 2182 0 78 305 807 1499 2379 3421 4542 5816 7121 9106 17466 24946 31486 37308 42681 47474 51716 55713 59187 9106 19228 29645 40148 50872 61932 73306 84874 96841 109082 
110130 10130 0 65 257 518 854 1026 1446 1657 2003 2304 0 65 309 778 1479 2251 3331 4480 5787 7179 8894 17071 24420 31176 37168 42409 47133 51562 55999 59344 8894 18814 29094 39617 50494 61405 72909 84572 96729 108981 
110160 10160 0 72 263 521 848 1092 1425 1687 1977 2275 0 72 320 789 1500 2319 3360 4540 5786 7103 8945 17045 24491 31530 37516 42776 47555 51705 55731 59332 8945 18854 29198 39923 50837 62001 73302 84834 96804 109098 
109930 9930 0 80 229 515 815 1075 1371 1702 1948 2195 0 80 293 759 1450 2282 3247 4426 5679 6988 9126 17232 24575 31277 37026 42287 47134 51619 55454 59306 9126 19058 29299 39840 50499 61508 72785 84566 96482 108739 
109946 9946 0 74 242 517 788 1157 1408 1679 1921 2160 0 74 300 759 1409 2342 3396 4529 5734 7004 9208 17435 24843 31360 37244 42585 47426 51757 55581 59222 9208 19237 29490 39807 50598 61741 73179 84865 96830 108840 
110005 10005 0 71 241 524 823 1088 1434 1669 1905 2250 0 71 298 779 1449 2291 3326 4512 5706 7094 8964 17180 24479 31065 37137 42822 47274 51708 55713 59144 8964 18940 29125 39545 50424 61730 73098 84712 96666 108855 
109965 9965 0 59 252 494 864 1150 1365 1716 1915 2150 0 59 299 746 1459 2380 3359 4530 5697 6937 9054 17455 24588 31237 37153 42523 47259 51682 55626 59219 9054 19172 29295 39814 50529 61553 72862 84697 96676 108900 
109973 9973 0 58 249 521 813 1146 1350 1695 1931 2210 0 58 292 765 1451 2316 3308 4432 5718 7030 8828 17062 24558 31303 37238 42578 47349 51668 55723 59100 8828 18832 29149 39825 50613 61800 73051 84755 96726 108845 
109918 9918 0 80 261 506 780 1091 1372 1638 1930 2260 0 80 328 762 1435 2288 3306 4368 5658 7032 9030 17176 24451 31070 37010 42138 47099 51543 55732 59401 9030 18959 29171 39609 50361 61282 72672 84421 96441 108821 
109931 9931 0 75 267 519 830 1118 1336 1687 1913 2186 0 75 330 783 1494 2355 3313 4500 5711 7029 9008 17281 24815 31345 37130 42357 47304 51701 55627 59197 9008 19050 29408 39899 50527 61571 72855 84560 96581 108781 
110211 10211 0 62 269 567 815 1177 1402 1742 1931 2246 0 62 320 821 1506 2434 3472 4653 5858 7226 9057 17263 24537 31152 37118 42539 47387 51897 55841 59391 9057 19028 29268 39787 50507 61738 73116 84939 96895 109115 
109939 9939 0 70 251 483 808 1097 1435 1721 1923 2151 0 70 303 727 1399 2267 3340 4515 5695 6976 9005 17159 24564 31168 37077 42276 47211 51582 55524 58873 9005 18987 29269 39701 50416 61537 72987 84732 96623 108852 
110050 10050 0 78 268 528 834 1124 1414 1692 1898 2214 0 78 335 790 1504 2386 3388 4542 5750 7062 9199 17178 24668 31108 37064 42555 47363 51778 55644 59280 9199 19053 29309 39802 50565 61827 73231 84820 96610 108942 
110081 10081 0 72 262 519 821 1106 1379 1718 1979 2225 0 72 315 782 1475 2312 3336 4522 5784 7127 8953 17150 24655 30951 36895 42427 47369 51813 55680 59234 8953 18904 29238 39524 50364 61445 72961 84691 96667 108938 
110075 10075 0 70 253 514 803 1082 1445 1715 1958 2235 0 70 315 774 1448 2281 3348 4577 5812 7154 8879 17155 24397 31057 37073 42562 47379 51791 55711 59284 8879 18914 29037 39526 50533 61737 73094 84750 96688 108992 
110231 10231 0 76 279 524 796 1168 1449 1672 2028 2239 0 76 338 807 1448 2379 3484 4596 5856 7151 9028 17296 24629 31413 37151 42644 47622 52024 55776 59232 9028 19038 29305 39910 50582 61833 73377 85113 97069 109163 
110057 10057 0 73 281 497 800 1107 1470 1638 1992 2199 0 73 343 780 1467 2342 3446 4473 5809 7036 8972 17095 24601 31057 37220 42571 47565 51585 55549 59173 8972 18863 29231 39581 50442 61550 73080 84724 96749 108960 
110129 10129 0 74 238 523 809 1136 1461 1682 1997 2209 1 75 297 765 1427 2329 3387 4538 5824 7146 8882 17195 24520 31226 37125 42488 47229 51732 55738 59521 8882 18962 29204 39793 50563 61672 72960 84688 96739 109015 
109872 9872 0 66 227 560 848 1077 1381 1697 1895 2121 0 66 281 801 1485 2340 3362 4501 5650 6860 9053 17390 24752 31403 37523 42756 47347 51617 55544 58921 9053 19117 29385 39980 50876 61843 73128 84777 96676 108781 
109989 9989 0 65 262 501 823 1066 1351 1683 2013 2225 0 65 313 761 1461 2272 3235 4381 5637 6955 9142 17440 24729 31224 37051 42575 47477 51814 55622 59028 9142 19254 29559 39870 50614 61843 73238 84880 96755 108853 
110166 10166 0 79 268 508 751 1123 1399 1745 2056 2237 0 79 326 783 1386 2321 3345 4506 5813 7172 8922 17133 24536 31301 37233 42816 47490 51881 55601 59397 8922 18934 29204 39728 50467 61763 73131 84862 96755 109074 
110000 10000 0 79 253 496 789 1124 1404 1651 2016 2188 1 80 319 764 1407 2315 3349 4447 5745 7068 8868 17076 24579 31044 37269 42495 47178 51607 55840 59314 8868 18836 29171 39557 50333 61458 72791 84498 96662 108883 
109902 9902 0 72 262 475 784 1087 1451 1603 1949 2219 0 72 317 731 1389 2239 3304 4343 5654 6976 9135 17111 24509 31177 37298 42432 47282 51695 55660 59276 9135 18986 29281 39751 50575 61591 72953 84593 96481 108786 
109927 9927 0 63 227 464 834 1061 1428 1692 1946 2212 0 63 275 697 1400 2248 3303 4433 5658 6973 9048 17029 24612 31276 37021 42478 47373 51900 55669 59147 9048 18824 29157 39645 50316 61349 72804 84713 96681 108819 
110264 10264 0 71 274 572 840 1116 1405 1762 1972 2252 1 72 333 848 1544 2410 3427 4611 5819 7178 9068 17337 24604 31213 37273 42610 47461 51852 55522 59361 9068 19067 29216 39699 50716 61822 73276 84959 96795 109143 
110089 10089 0 65 227 494 833 1045 1387 1757 2022 2259 0 65 281 726 1420 2237 3291 4496 5820 7169 8826 17252 24613 31110 37249 42495 47943 51951 55857 59384 8826 18954 29141 39533 50519 61524 73182 84745 96713 108997 
110097 10097 0 74 284 514 818 1120 1346 1682 1986 2273 0 74 343 802 1471 2346 3326 4401 5699 7044 8994 17053 24410 31092 37200 42415 47360 51867 55997 59370 8994 18849 28982 39631 50500 61542 72964 84692 96785 108980 
110000 10000 0 70 251 530 807 1094 1412 1666 1963 2207 0 71 308 794 1449 2292 3344 4477 5728 6974 8998 17122 24772 31247 37114 42308 47312 51661 55561 59002 8998 18854 29297 39672 50459 61442 73027 84665 96557 108889 
109988 9988 0 61 259 533 799 1100 1402 1696 1983 2155 0 61 310 781 1447 2313 3332 4472 5766 7035 9007 17337 24635 31154 36963 42485 47311 51875 55675 59377 9007 19105 29379 39733 50435 61569 72907 84658 96675 108935 
109976 9976 0 80 291 525 770 1077 1431 1730 1929 2143 0 80 349 794 1408 2239 3290 4464 5706 6952 9058 17168 24557 31131 37354 42577 47363 51674 55449 59134 9058 18967 29332 39801 50708 61596 72942 84817 96638 108898 
110025 10025 0 94 240 533 782 1114 1503 1667 1964 2128 0 94 320 800 1427 2308 3447 4545 5843 7070 9174 17386 24808 31311 37342 42572 47424 51563 55608 59067 9174 19189 29582 39978 50696 61813 73252 84806 96812 108909 
109947 9947 0 79 261 514 790 1062 1358 1691 2004 2188 0 79 329 771 1469 2266 3235 4437 5753 7053 8975 17179 24492 31167 37095 42570 47229 52039 55746 59227 8975 18957 29162 39725 50483 61561 72815 84659 96675 108817 
110121 10121 0 63 268 539 762 1168 1358 1725 1990 2248 0 63 320 804 1425 2349 3334 4476 5822 7097 9090 17438 24555 31094 37081 42617 47605 51597 55580 59272 9090 19191 29344 39776 50538 61757 73204 84873 96743 109038 
109883 9883 0 56 248 524 839 1136 1369 1641 1902 2168 0 56 293 771 1459 2376 3301 4411 5626 6922 9059 17347 24735 31290 37112 42654 47421 51670 55538 59182 9059 19138 29309 39796 50472 61764 73135 84802 96547 108803 
109877 9877 0 86 256 475 816 1106 1437 1604 1945 2152 0 86 324 736 1414 2303 3369 4452 5698 6969 9009 17072 24603 31010 37298 42630 47282 51792 55630 59179 9009 18896 29252 39653 50606 61680 73026 84775 96624 108807 
109974 9974 0 67 259 557 781 1096 1449 1603 1926 2236 0 68 305 809 1478 2322 3392 4441 5691 7002 8907 16950 24440 31091 37180 42611 47253 51932 55755 59353 8907 18750 29050 39648 50392 61482 72831 84607 96468 108833 
110017 10017 0 70 272 473 780 1093 1394 1734 1945 2256 0 71 328 749 1380 2251 3290 4456 5692 7005 8953 17098 24626 31230 37319 42538 47461 51901 55852 59343 8953 18832 29157 39570 50527 61572 72956 84806 96697 108895 
110123 10123 0 72 255 554 825 1127 1455 1675 1970 2190 0 72 315 819 1497 2388 3432 4558 5851 7126 8977 17266 24582 31247 37156 42475 47297 51763 55679 59131 8977 19052 29280 39823 50555 61630 73101 84907 96935 109042 
109779 9779 0 61 249 485 829 1116 1463 1656 1928 1992 0 61 297 719 1425 2296 3365 4473 5715 6817 8988 17216 24307 30973 37078 42503 47368 51702 55631 58998 8988 18996 29057 39500 50384 61594 73084 84794 96780 108659 
110026 10026 0 71 253 494 833 1133 1353 1720 1907 2262 0 71 312 742 1454 2337 3328 4525 5742 7059 9012 17260 24685 31028 37233 42614 47299 51995 56072 59243 9012 19009 29338 39563 50513 61631 72816 84705 96786 108926 
109966 9966 0 75 268 494 769 1083 1473 1650 1922 2232 0 75 327 772 1412 2265 3362 4482 5673 7025 9035 17283 24596 31129 37125 42486 47402 51753 55821 59170 9035 19053 29331 39774 50564 61541 73159 84707 96712 108888 
110029 10029 0 51 253 495 783 1039 1436 1744 2021 2207 0 51 291 730 1385 2208 3257 4456 5751 6996 8787 16984 24475 31203 37196 42607 47415 52142 55852 59036 8787 18746 29025 39647 50384 61428 72904 84793 96753 108951 
109996 9996 0 84 238 507 827 1101 1431 1664 1917 2227 0 84 302 751 1472 2313 3386 4520 5689 7051 8969 17042 24544 31089 37147 42588 47476 51890 55915 59454 8969 18854 29164 39628 50315 61458 72866 84598 96741 108869 
109966 9966 0 85 261 513 793 1100 1338 1730 1948 2198 0 85 328 777 1460 2275 3243 4470 5652 6947 9070 17154 24511 31031 37199 42544 47319 51692 55829 59144 9070 18982 29224 39581 50441 61484 72821 84477 96694 108850 
110079 10079 0 91 276 552 796 1110 1358 1689 1977 2230 0 91 351 857 1482 2362 3323 4516 5743 7029 9041 17297 24610 31366 37305 42445 47388 51841 55719 59228 9041 19054 29185 39824 50612 61594 72893 84643 96661 108988 
109957 9957 0 78 278 486 833 1137 1411 1607 1982 2145 0 78 346 768 1458 2328 3383 4433 5713 6945 9047 17295 24409 31140 36954 42383 47203 51542 55502 59213 9047 19101 29147 39583 50475 61595 72959 84586 96603 108829 
110225 10225 0 84 242 512 835 1110 1449 1731 1998 2264 0 84 310 765 1457 2340 3399 4622 5825 7193 9199 17324 24751 31356 37120 42735 47495 51943 55437 58980 9199 19140 29422 39901 50670 61912 73361 85081 96680 109103 
109910 9910 0 80 271 533 745 1081 1427 1638 1962 2173 0 80 334 809 1421 2260 3319 4429 5681 6929 9129 17386 24683 31282 37067 42460 47316 51826 55799 59159 9129 19186 29423 39965 50534 61569 73080 84812 96791 108884 
110023 10023 0 70 268 501 824 1131 1378 1708 1941 2202 0 70 321 762 1454 2309 3345 4493 5756 6985 9094 17316 24723 31184 37265 42706 47439 51893 55953 59201 9094 19093 29352 39805 50666 61809 73214 84881 96809 108972 
109985 9985 0 68 263 524 822 1119 1414 1652 1907 2216 0 68 320 778 1474 2360 3360 4489 5690 6929 9075 17316 24459 31252 37264 42779 47596 51675 55868 59267 9075 19146 29249 39824 50693 61838 73276 84727 96717 108883 
109963 9963 0 71 266 491 835 1142 1425 1731 1899 2103 0 71 318 752 1457 2360 3398 4552 5742 6957 9122 17266 24704 31467 37375 42673 47491 51751 55558 58846 9122 19060 29397 39878 50728 61925 73321 85016 96790 108828 
109955 9955 0 63 282 463 778 1072 1445 1767 1929 2156 0 63 331 733 1390 2222 3277 4519 5674 6987 8896 17148 24357 31334 37048 42610 47354 51561 55522 59039 8896 18907 29152 39750 50410 61593 73000 84795 96686 108867 
110089 10089 0 71 239 531 841 1142 1409 1702 1910 2244 0 71 295 783 1488 2383 3372 4526 5758 7081 9061 17200 24464 31092 37191 42620 47295 51835 55772 59265 9061 18957 29106 39617 50428 61631 73001 84791 96752 108980 
110116 10116 0 77 256 498 824 1102 1392 1692 1994 2281 0 77 318 769 1451 2290 3294 4411 5709 7078 8924 17234 24627 31251 37287 42675 47242 51773 55575 59179 8924 18956 29316 39753 50660 61790 73003 84841 96768 108947 
110206 10206 0 67 239 520 781 1153 1446 1704 2018 2278 1 68 294 760 1405 2315 3401 4542 5847 7222 9036 17231 24476 31021 36987 42721 47450 51810 55759 59310 9036 18966 29105 39464 50207 61652 73097 84825 96810 109119 
110229 10229 0 60 275 574 884 1198 1378 1624 2047 2189 0 60 323 825 1571 2491 3465 4609 5932 7265 9078 17193 24723 31393 37289 42656 47291 51848 55598 59238 9078 18959 29360 39990 50879 62024 73174 84920 96882 109035 
110140 10140 0 76 255 504 828 1132 1496 1673 1969 2207 0 76 318 781 1480 2359 3451 4582 5847 7166 8982 17181 24711 31123 37046 42364 47219 51794 55891 59461 8982 18907 29186 39538 50327 61436 73018 84817 96749 109027 
110039 10039 0 56 260 513 772 1087 1396 1742 2030 2183 0 56 312 776 1388 2262 3309 4502 5778 7096 9000 17227 24725 31411 37217 42381 47601 51923 55921 59620 9000 18987 29351 39930 50585 61562 73174 84853 96671 108918 
109986 9986 0 69 250 525 778 1098 1370 1667 1963 2266 0 69 303 785 1416 2260 3264 4426 5657 7049 9015 17156 24610 31264 37193 42438 47250 51766 55556 59040 9015 18923 29240 39793 50556 61714 73015 84748 96663 108890 
109964 9964 0 71 290 487 791 1027 1432 1730 1957 2179 0 71 344 759 1421 2205 3290 4437 5686 6899 9041 17171 24684 31366 37198 42359 47175 51553 55817 58967 9041 18938 29231 39882 50557 61475 72840 84672 96705 108830 
109975 9975 0 83 246 499 778 1114 1346 1731 2019 2159 0 83 317 758 1399 2290 3252 4475 5760 7081 9120 17268 24607 31163 37139 42778 47190 51762 55652 59008 9120 19084 29319 39746 50516 61763 72806 84628 96653 108856 
110046 10046 0 69 248 501 824 1070 1455 1733 1930 2216 0 69 305 748 1436 2271 3360 4552 5750 6993 8978 17280 24590 31236 37113 42871 47653 51835 55693 58999 8978 19053 29320 39668 50552 61825 73301 84922 96838 108968 
110145 10145 0 92 277 507 790 1045 1444 1765 2025 2200 0 92 347 791 1433 2262 3307 4566 5866 7142 9004 17076 24444 31224 37163 42415 47480 51908 55814 59225 9004 18893 29134 39752 50513 61556 73075 84794 96833 109010 
109934 9934 0 71 284 488 783 1083 1366 1642 2024 2193 0 71 346 752 1393 2252 3277 4370 5679 6972 9034 17340 24570 31132 37077 42436 47191 51566 55538 59260 9034 19102 29198 39703 50414 61544 72825 84534 96561 108813 
109950 9950 0 95 254 510 851 1109 1367 1627 2007 2130 0 95 335 790 1508 2379 3338 4433 5755 6940 9004 17251 24706 31356 37086 42482 47196 51702 55515 59072 9004 19045 29327 39835 50630 61715 73121 84759 96636 108836 
110045 10045 0 94 233 488 781 1132 1434 1690 1981 2212 0 94 299 736 1390 2266 3302 4525 5713 7082 8858 16992 24704 31270 36966 42423 47240 51663 55635 59241 8858 18805 29343 39884 50437 61543 73031 84684 96657 108919 
110147 10147 0 75 253 498 811 1128 1406 1736 1987 2253 0 75 316 760 1438 2304 3322 4534 5822 7157 9063 17253 24671 31392 37307 42777 47418 51954 55697 59197 9063 19047 29363 39846 50581 61737 73047 84841 96883 109075 
110094 10094 0 83 259 544 847 1154 1425 1671 1928 2183 0 84 332 823 1535 2437 3434 4577 5778 7021 9151 17380 24834 31253 37243 42580 47217 51555 55569 59059 9151 19233 29589 39940 50776 61895 73330 84936 96818 108983 
110106 10106 0 70 249 503 783 1107 1443 1717 2097 2137 0 70 308 755 1402 2272 3329 4522 5942 7119 9128 17276 24568 31186 37046 42577 47359 51589 55755 59328 9128 19028 29284 39783 50576 61749 73104 84779 96825 109004 
109865 9865 0 70 210 516 783 1104 1392 1680 1929 2181 0 71 267 740 1393 2253 3276 4382 5651 6962 8967 16977 24314 30733 36922 42202 47127 51343 55620 59251 8967 18776 28926 39214 50040 61234 72633 84301 96341 108729 
110053 10053 0 82 212 485 833 1066 1456 1688 1979 2252 0 82 279 709 1453 2263 3351 4473 5721 7050 8986 17003 24267 30857 36960 42360 47121 51499 55514 59133 8986 18736 28922 39382 50167 61304 72760 84415 96599 108961 
110062 10062 0 68 266 499 830 1091 1415 1709 1933 2251 0 68 319 766 1453 2293 3339 4576 5723 7094 9074 17305 24704 31489 37376 42778 47315 51679 55356 59440 9074 19056 29318 39908 50703 61766 72978 84638 96413 108970 
110033 10033 0 65 275 528 823 1165 1353 1636 1982 2206 0 65 327 799 1491 2403 3327 4443 5691 7051 9054 17346 24549 31274 37246 42738 47538 51990 55712 59239 9054 19116 29324 39763 50670 61886 73284 84863 96819 108954 
110005 10005 0 63 277 499 832 1150 1365 1698 1957 2164 0 63 329 761 1454 2390 3365 4501 5772 6993 8901 17195 24389 31014 37115 42515 47491 51731 55774 59447 8901 18938 29077 39501 50405 61502 73006 84729 96619 108866 
110125 10125 0 60 280 527 824 1118 1417 1690 2051 2158 0 60 325 805 1496 2369 3388 4526 5913 7131 9049 17122 24496 31334 37446 42742 47497 51976 55997 59350 9049 18907 29128 39803 50773 61844 73266 84941 96966 108970 
110058 10058 0 67 272 504 778 1116 1472 1637 1968 2244 0 67 332 776 1417 2264 3333 4425 5695 6981 8969 17292 24557 31422 37219 42594 47178 51411 55574 59125 8969 19029 29295 39828 50599 61693 73047 84496 96722 108955 
110002 10002 0 78 257 516 811 1178 1355 1734 1842 2231 0 78 318 781 1448 2410 3363 4567 5582 6971 9025 17173 24799 31271 37150 42696 47523 51668 55540 59034 9025 18954 29399 39814 50615 61993 73390 84940 96857 108966 
109886 9886 0 81 238 498 837 1070 1364 1722 1868 2208 0 82 303 739 1460 2291 3294 4458 5610 6950 8986 17060 24451 31164 37212 42529 47595 52009 55903 59278 8986 18862 29079 39704 50446 61486 72968 84826 96709 108747 
110023 10023 0 59 254 523 861 1086 1412 1648 1992 2188 0 59 302 771 1482 2318 3385 4478 5752 6984 8923 17165 24559 31405 37428 42697 47598 51847 55662 59238 8923 18934 29266 39848 50867 61847 73213 84808 96691 108926 
110129 10129 0 58 287 507 788 1102 1430 1774 1998 2185 0 58 334 785 1435 2337 3362 4589 5878 7179 9089 17286 24651 31331 37366 42794 47576 51709 55707 59043 9089 19048 29346 39931 50746 61917 73256 84932 96888 108966 
109858 9858 0 64 244 489 812 1114 1377 1641 1933 2184 0 64 295 727 1420 2284 3293 4428 5635 6952 9019 17137 24503 31313 37164 42594 47499 51827 55506 59138 9019 18957 29107 39703 50541 61671 72990 84639 96478 108700 
110074 10074 0 73 262 525 820 1172 1356 1654 1909 2303 0 73 323 801 1479 2412 3357 4526 5659 7109 9127 17320 24750 31265 37057 42762 47695 51926 55491 59282 9127 19122 29412 39800 50616 61915 73392 84798 96542 108956 
109951 9951 0 56 265 542 771 1072 1346 1713 1934 2252 0 56 310 791 1399 2267 3258 4492 5655 7037 8983 17231 24677 31148 37050 42454 47551 51568 55807 59374 8983 18979 29266 39758 50486 61507 72890 84475 96448 108832 
110177 10177 0 66 243 525 884 1150 1451 1708 1903 2247 0 66 300 760 1521 2401 3444 4618 5817 7167 9090 17172 24592 31278 37263 42559 47489 51686 55722 59063 9090 19030 29316 39814 50819 61858 73306 84922 96853 109028 
110100 10100 0 86 284 473 810 1149 1416 1677 1998 2207 0 86 355 762 1435 2346 3376 4534 5794 7094 8852 17060 24659 31099 37096 42616 47596 51861 55490 59227 8852 18805 29254 39742 50580 61745 73305 84888 96758 108995 
110026 10026 0 79 263 491 807 1111 1395 1668 1955 2257 0 79 326 747 1416 2323 3317 4431 5693 7061 9028 17326 24805 31395 37109 42525 47193 51661 55673 59025 9028 19103 29468 40004 50710 61837 72963 84713 96687 108916 
109946 9946 0 80 274 534 833 1078 1378 1757 1837 2175 0 80 339 802 1479 2318 3328 4557 5709 6973 9175 17157 24543 31079 37019 42396 47407 51525 55695 59240 9175 18984 29230 39635 50429 61552 72956 84635 96646 108809 
110050 10050 0 77 290 544 863 1129 1366 1638 1989 2154 1 78 355 827 1537 2419 3394 4489 5772 7009 9184 17332 24629 31222 37217 42323 47246 51592 55427 58859 9184 19131 29372 39889 50792 61763 73168 84754 96692 108940 
110072 10072 0 86 270 514 785 1130 1448 1677 1925 2237 0 87 346 788 1438 2307 3390 4502 5704 7044 9063 17137 24593 31372 37283 42515 47333 51698 55708 59269 9063 18944 29337 39921 50725 61809 73124 84899 96848 108989 
110055 10055 0 70 255 498 797 1072 1422 1751 1977 2213 0 70 316 752 1407 2227 3283 4483 5730 7059 8904 17086 24543 31042 37049 42246 47048 51763 55817 59385 8904 18882 29218 39570 50351 61358 72797 84792 96760 108944 
110014 10014 0 78 248 544 781 1195 1388 1648 1972 2160 0 78 308 803 1452 2402 3387 4533 5774 7022 8992 17129 24593 31058 36975 42398 47321 51917 55826 59310 8992 18900 29199 39628 50341 61551 73011 84760 96705 108913 
109985 9985 0 60 283 545 790 1125 1404 1604 1990 2184 0 61 332 815 1459 2347 3378 4449 5690 6983 8876 17074 24387 30985 37093 42625 47342 51734 55687 59200 8876 18844 29044 39597 50437 61630 73000 84777 96804 108903 
110124 10124 0 51 252 524 821 1114 1419 1752 2016 2175 0 51 293 774 1458 2345 3397 4621 5871 7198 9020 17182 24456 31251 37257 42495 47446 51808 55631 59401 9020 18931 29051 39660 50510 61556 73002 84805 96713 108972 
110215 10215 0 80 268 491 827 1094 1488 1697 2013 2257 0 80 331 772 1447 2341 3415 4540 5811 7144 8973 17071 24591 31489 37356 42694 47599 51908 55676 59076 8973 18852 29220 39908 50694 61721 73311 84980 96878 109165 
