127577 27577 0 233 728 1355 2106 2922 3851 4669 5466 6247 0 233 738 1409 2198 3079 4056 4928 5824 6658 2010 3980 6015 7700 9531 10974 12520 13773 15038 16267 2010 5844 11566 18817 27812 38080 49798 62714 76758 91972 
127274 27274 0 242 691 1311 2099 2985 3650 4482 5427 6387 0 242 707 1359 2186 3121 3869 4788 5777 6831 1970 4086 5872 7601 9297 10917 12350 13774 15095 16550 1970 5923 11508 18682 27428 37718 49256 62123 76178 91587 
127597 27597 0 249 719 1355 2043 2981 3687 4590 5622 6351 0 249 733 1402 2141 3157 3917 4895 5976 6806 2079 4020 5811 7602 9348 11074 12475 13945 15192 16420 2079 5971 11492 18690 27503 37887 49553 62586 76743 91998 
127305 27305 0 207 727 1328 2038 2914 3759 4622 5409 6301 0 207 741 1386 2135 3065 3977 4884 5717 6758 2024 3931 5862 7578 9362 11070 12540 13820 14903 16340 2024 5817 11398 18561 27344 37721 49444 62389 76347 91579 
127426 27426 0 233 662 1417 2106 2907 3773 4580 5531 6217 0 233 677 1462 2193 3067 3992 4897 5880 6657 2018 3972 5854 7830 9408 10854 12565 13870 15099 16278 2018 5854 11426 18849 27700 37913 49665 62584 76684 91852 
127263 27263 0 235 675 1315 2109 2903 3776 4545 5401 6304 0 235 693 1359 2202 3060 3999 4848 5766 6730 1971 4027 5749 7664 9388 11048 12598 13856 15070 16224 1971 5847 11301 18562 27424 37758 49552 62452 76515 91600 
127303 27303 0 204 701 1337 2071 2922 3769 4578 5415 6306 0 204 712 1381 2155 3098 4012 4861 5776 6756 2059 3953 5806 7600 9347 11080 12430 13878 14998 16468 2059 5868 11413 18604 27410 37776 49423 62388 76372 91656 
127126 27126 0 267 704 1285 2025 2935 3800 4624 5398 6088 0 267 721 1341 2122 3086 4013 4917 5760 6483 2059 3981 5767 7590 9295 11073 12550 13843 15069 16214 2059 5920 11407 18592 27353 37739 49493 62435 76531 91603 
127685 27685 0 211 663 1344 2129 3005 3802 4602 5450 6479 0 211 679 1389 2209 3153 4035 4890 5827 6839 1985 3960 5908 7637 9386 11079 12401 14075 15090 16465 1985 5803 11443 18678 27527 37942 49545 62707 76761 92171 
127455 27455 0 224 706 1283 2110 2881 3750 4605 5483 6413 0 225 717 1331 2219 3023 3931 4904 5853 6826 2029 3880 5709 7638 9562 10997 12495 13760 15127 16383 2029 5771 11252 18496 27523 37850 49567 62426 76507 91786 
127483 27483 0 224 694 1324 2102 2893 3774 4611 5436 6425 0 224 710 1373 2193 3050 3960 4919 5787 6863 1947 3852 5999 7595 9341 10957 12414 14023 15084 16586 1947 5669 11370 18527 27343 37651 49320 62384 76459 91916 
127296 27296 0 250 690 1375 2056 2852 3667 4530 5588 6288 0 250 715 1422 2154 2990 3859 4784 5926 6744 2061 3994 5843 7593 9458 10963 12396 13821 15160 16357 2061 5928 11518 18693 27612 37858 49475 62354 76496 91692 
127397 27397 0 225 698 1396 2109 2803 3708 4561 5569 6328 0 225 714 1447 2195 2971 3910 4828 5926 6769 1963 4012 5903 7582 9305 10809 12402 13819 15322 16479 1963 5831 11469 18605 27396 37509 49159 62114 76409 91733 
127395 27395 0 233 736 1319 2045 2885 3793 4611 5480 6293 0 233 751 1363 2135 3031 4022 4900 5812 6715 2064 3955 5782 7495 9301 11060 12527 14016 15063 16410 2064 5888 11364 18475 27239 37619 49328 62408 76494 91807 
127060 27060 0 201 694 1296 2015 2927 3691 4544 5449 6243 0 201 709 1341 2129 3084 3917 4829 5798 6644 1951 3924 5820 7616 9313 10966 12354 13828 15086 16310 1951 5737 11297 18493 27241 37501 49055 61959 76033 91245 
127433 27433 0 225 767 1326 2042 2948 3763 4689 5387 6286 0 225 781 1374 2137 3106 3987 4964 5737 6720 2073 3973 5947 7729 9339 10833 12463 13835 15099 16291 2073 5919 11565 18895 27672 37861 49536 62499 76532 91692 
127217 27217 0 195 693 1322 2061 2982 3720 4533 5479 6232 0 195 704 1371 2158 3119 3927 4824 5841 6657 1925 3917 5821 7622 9407 11034 12483 13851 15045 16388 1925 5724 11291 18482 27325 37664 49306 62240 76246 91544 
127416 27416 0 221 724 1373 2054 2908 3814 4595 5432 6295 0 221 739 1423 2160 3066 4038 4898 5791 6723 2049 4011 5802 7740 9391 10903 12435 13852 15045 16381 2049 5910 11463 18784 27600 37828 49465 62433 76483 91729 
127323 27323 0 262 686 1328 2083 2808 3796 4652 5428 6280 0 262 705 1373 2172 2958 3996 4931 5807 6698 1943 4059 5799 7637 9304 11009 12484 13736 15195 16131 1943 5871 11386 18593 27357 37703 49420 62239 76393 91443 
127625 27625 0 236 655 1330 2164 2832 3842 4666 5554 6346 0 236 668 1370 2246 2987 4083 4968 5903 6792 2059 3954 5833 7605 9471 10743 12593 13982 15342 16409 2059 5884 11448 18628 27556 37624 49442 62471 76779 92066 
127427 27427 0 241 688 1382 2044 2920 3789 4682 5373 6308 0 241 701 1429 2145 3063 4014 4971 5720 6702 1986 3993 5869 7599 9339 10946 12389 13812 15218 16439 1986 5869 11478 18663 27422 37705 49282 62211 76425 91804 
127070 27070 0 211 725 1374 2102 2827 3621 4617 5265 6328 0 211 739 1416 2190 2988 3832 4891 5626 6745 1994 4021 5911 7503 9255 10819 12210 13825 14996 16365 1994 5881 11504 18602 27319 37490 48947 61879 75891 91156 
127696 27696 0 217 704 1381 2129 2906 3818 4621 5511 6409 0 217 715 1434 2212 3071 4050 4891 5912 6822 2040 4012 5827 7763 9472 10971 12567 13847 15302 16398 2040 5918 11478 18849 27792 38083 49822 62757 76972 92285 
127502 27502 0 212 723 1331 2134 2925 3778 4629 5436 6334 0 212 740 1385 2228 3090 3997 4900 5797 6753 2064 3895 5868 7640 9424 10947 12377 13937 15127 16349 2064 5820 11398 18640 27529 37732 49315 62336 76400 91638 
127680 27680 0 246 696 1320 2158 2999 3836 4676 5460 6289 0 246 716 1369 2253 3162 4062 4940 5832 6744 2012 4114 5943 7647 9404 11075 12601 13831 15139 16205 2012 5987 11622 18839 27676 38049 49853 62765 76875 91926 
127767 27767 0 251 711 1377 2110 2927 3783 4720 5562 6326 0 251 729 1428 2199 3074 4022 5012 5957 6777 2033 3967 6006 7659 9284 10850 12527 13834 15256 16355 2033 5888 11576 18813 27582 37759 49503 62454 76686 91901 
127666 27666 0 212 741 1376 2177 2853 3871 4694 5484 6258 0 212 756 1431 2282 3023 4105 4988 5865 6669 1977 4082 5912 7700 9393 10865 12528 13911 15091 16495 1977 5934 11563 18837 27660 37850 49601 62638 76681 92066 
127672 27672 0 216 668 1362 2135 3064 3820 4613 5498 6296 0 216 684 1419 2247 3223 4059 4912 5859 6731 1958 3985 5850 7765 9499 11158 12583 13919 15148 16399 1958 5826 11409 18718 27649 38134 49919 62931 76996 92297 
127051 27051 0 243 704 1317 2016 2901 3749 4551 5417 6153 0 243 726 1358 2087 3052 3979 4838 5762 6563 1945 4045 5887 7476 9217 10884 12307 13884 15045 16307 1945 5847 11429 18476 27172 37392 48921 61901 75939 91147 
127301 27301 0 203 715 1296 2124 2981 3765 4626 5360 6231 0 203 725 1343 2223 3144 4001 4901 5730 6655 1968 3984 5866 7633 9333 11004 12482 13924 14949 16376 1968 5821 11391 18619 27414 37753 49403 62406 76306 91569 
127127 27127 0 215 682 1339 2126 2809 3758 4508 5354 6336 0 215 697 1382 2228 2964 3999 4780 5720 6768 1928 3995 5984 7583 9299 10806 12528 13790 14975 16409 1928 5831 11539 18716 27471 37580 49279 62154 76129 91380 
127542 27542 0 225 717 1297 2079 2896 3820 4687 5504 6317 0 225 731 1351 2169 3045 4043 5007 5877 6710 2020 3945 5840 7599 9422 11020 12553 14049 15110 16327 2020 5841 11421 18596 27478 37823 49543 62602 76664 91912 
127537 27537 0 247 690 1332 2139 2933 3735 4710 5471 6280 0 247 711 1376 2223 3087 3949 5004 5839 6710 1979 3931 5798 7560 9358 11173 12605 14070 15173 16247 1979 5765 11293 18474 27290 37816 49584 62706 76827 91923 
127141 27141 0 245 686 1355 2122 2843 3681 4637 5371 6201 0 245 702 1417 2205 3007 3896 4929 5723 6629 1986 3986 5648 7776 9331 10934 12191 13978 15081 16254 1986 5862 11239 18580 27361 37569 48997 62072 76162 91291 
127154 27154 0 231 728 1352 2078 2876 3691 4584 5331 6283 0 231 746 1403 2176 3028 3906 4854 5663 6689 2042 3931 5780 7708 9371 10949 12315 14019 15051 16207 2042 5847 11343 18641 27436 37719 49225 62379 76417 91522 
127486 27486 0 242 664 1361 2107 2939 3717 4690 5452 6314 0 242 677 1413 2200 3080 3948 4963 5837 6750 1893 3912 5891 7759 9462 10977 12353 13927 15110 16414 1893 5695 11322 18667 27567 37878 49476 62465 76547 91874 
127651 27651 0 231 675 1424 2114 3072 3744 4642 5533 6216 0 231 694 1463 2215 3228 3969 4929 5883 6656 1988 3986 6076 7759 9402 11155 12457 13731 15070 16228 1988 5843 11619 18965 27811 38335 49944 62733 76790 91905 
126985 26985 0 242 681 1285 2150 2802 3705 4433 5438 6249 0 242 694 1336 2242 2936 3937 4720 5779 6671 1997 3921 5748 7700 9474 10751 12467 13655 15178 16331 1997 5786 11253 18540 27466 37572 49238 62031 76190 91387 
127514 27514 0 234 718 1378 2101 2961 3792 4644 5377 6309 0 234 733 1431 2200 3097 4047 4953 5731 6711 1964 3990 5996 7652 9271 11092 12633 13916 15038 16272 1964 5827 11550 18784 27505 37934 49707 62649 76646 91818 
127546 27546 0 255 720 1353 2142 2881 3763 4624 5505 6303 0 255 737 1406 2244 3016 3986 4912 5854 6727 2042 3990 5806 7660 9440 10882 12359 14037 15117 16177 2042 5890 11446 18675 27558 37790 49351 62470 76578 91688 
127118 27118 0 236 678 1323 2088 2852 3721 4602 5407 6211 0 236 694 1374 2167 3007 3934 4894 5776 6615 2026 3986 5710 7667 9144 10976 12514 13838 15211 16131 2026 5872 11293 18547 27160 37514 49218 62113 76273 91328 
127565 27565 0 254 688 1387 2091 2893 3747 4638 5472 6395 0 254 707 1435 2188 3034 3960 4932 5812 6819 2082 3902 5775 7653 9323 10980 12494 13901 15233 16319 2082 5859 11353 18614 27391 37747 49452 62434 76700 91913 
127667 27667 0 236 714 1410 2075 2990 3915 4565 5419 6343 0 236 728 1469 2191 3162 4110 4878 5792 6782 1979 4024 6073 7715 9478 11081 12562 13760 15025 16205 1979 5881 11683 18992 27887 38240 50042 62855 76844 91951 
127550 27550 0 244 734 1363 2048 2922 3764 4529 5547 6399 0 244 760 1415 2133 3064 3981 4806 5900 6798 2019 3931 5901 7648 9472 10962 12375 13621 15286 16511 2019 5813 11425 18677 27608 37904 49504 62245 76493 91882 
127673 27673 0 250 748 1367 2122 2991 3684 4782 5428 6301 0 250 764 1443 2212 3147 3909 5060 5806 6748 2011 4090 5935 7694 9390 11112 12585 13903 15145 16503 2011 5973 11613 18840 27684 38127 49882 62891 76967 92318 
127603 27603 0 240 694 1347 2075 2864 3757 4623 5539 6464 0 240 714 1385 2163 3000 3962 4904 5876 6936 1995 3996 5829 7638 9395 10854 12447 13898 15101 16548 1995 5870 11435 18677 27567 37752 49394 62368 76493 91883 
127362 27362 0 211 725 1339 2102 2816 3771 4653 5509 6236 0 211 741 1400 2187 2976 3963 4926 5867 6633 2006 3883 5974 7549 9339 10790 12392 13898 15233 16331 2006 5781 11496 18624 27448 37565 49174 62223 76411 91683 
127596 27596 0 211 709 1377 2107 2916 3762 4662 5659 6193 0 211 727 1432 2192 3078 3987 4955 6064 6617 1921 3974 5865 7695 9291 10981 12493 14070 15421 16218 1921 5761 11342 18585 27381 37694 49373 62511 76845 91929 
127245 27245 0 218 637 1372 2132 2852 3779 4491 5491 6273 0 218 648 1403 2233 2979 3972 4764 5850 6684 1999 3928 5771 7605 9470 10876 12372 13583 15291 16118 1999 5787 11325 18534 27459 37700 49301 62007 76275 91283 
127602 27602 0 236 677 1354 2053 2979 3823 4792 5428 6260 0 236 691 1403 2138 3151 4045 5097 5790 6657 1998 3908 5876 7843 9447 11177 12470 14035 15062 16134 1998 5771 11378 18826 27727 38217 49915 63023 77020 92078 
127202 27202 0 227 689 1343 2050 2859 3736 4557 5448 6293 0 227 703 1395 2142 3016 3960 4825 5784 6712 1999 3895 5861 7733 9201 10947 12421 13821 14976 16366 1999 5775 11354 18682 27312 37599 49283 62211 76165 91417 
127048 27048 0 247 693 1338 2048 2845 3725 4624 5338 6190 0 247 703 1383 2143 3000 3933 4891 5656 6616 2089 3997 5756 7539 9252 10991 12395 13888 14862 16292 2089 5968 11454 18604 27340 37667 49280 62284 76189 91375 
127279 27279 0 212 678 1276 2082 2860 3851 4595 5360 6365 0 212 693 1327 2167 3034 4074 4866 5679 6786 1985 3911 5803 7509 9512 11066 12498 13843 14964 16286 1985 5775 11321 18434 27400 37758 49394 62340 76274 91479 
127298 27298 0 253 647 1297 2129 3005 3743 4628 5366 6230 0 253 660 1342 2210 3166 3986 4886 5716 6676 1917 3960 5687 7666 9563 11018 12468 13811 15079 16257 1917 5748 11179 18428 27466 37783 49433 62383 76441 91540 
126830 26830 0 233 690 1330 2101 2810 3757 4456 5420 6033 0 233 709 1377 2190 2947 3982 4748 5770 6463 1946 4021 5934 7562 9269 10803 12381 13677 15185 16064 1946 5847 11511 18656 27365 37544 49169 61935 76130 91073 
127197 27197 0 234 703 1327 2038 2870 3689 4688 5396 6252 0 234 718 1379 2147 3027 3924 4962 5734 6676 2054 3887 5953 7717 9277 10949 12405 13797 14968 16460 2054 5826 11542 18824 27538 37786 49367 62271 76253 91612 
127380 27380 0 210 710 1298 2126 2916 3786 4638 5508 6188 0 210 724 1361 2218 3067 4014 4904 5886 6628 1937 3969 5843 7613 9466 10918 12506 13866 15214 16326 1937 5783 11334 18490 27429 37663 49321 62252 76445 91618 
127377 27377 0 210 658 1353 2090 2914 3823 4658 5469 6202 0 210 674 1399 2198 3069 4036 4952 5842 6614 1953 3845 5883 7718 9284 10797 12501 14034 15249 16295 1953 5666 11264 18574 27300 37471 49195 62337 76560 91775 
127418 27418 0 221 688 1372 2091 2943 3882 4427 5466 6328 0 222 708 1411 2195 3079 4098 4711 5793 6759 1928 3926 5861 7695 9372 10853 12502 13755 15080 16541 1928 5724 11326 18610 27406 37582 49287 62119 76176 91562 
127468 27468 0 214 726 1282 2093 2888 3833 4637 5470 6325 0 214 743 1347 2189 3038 4039 4918 5812 6739 1956 3846 5872 7562 9372 10999 12624 13965 15078 16240 1956 5688 11292 18441 27301 37606 49412 62453 76536 91738 
127389 27389 0 250 720 1343 2113 2917 3767 4520 5418 6341 0 250 745 1393 2201 3072 3981 4811 5753 6742 2045 3983 5905 7738 9213 10908 12443 13821 15103 16365 2045 5889 11531 18847 27539 37780 49408 62280 76391 91647 
127073 27073 0 233 731 1332 2110 2965 3740 4510 5327 6125 0 233 744 1371 2196 3133 3966 4810 5683 6522 2017 3910 5894 7557 9310 11036 12516 13681 14829 16167 2017 5805 11425 18565 27336 37683 49390 62144 75958 91071 
127497 27497 0 247 648 1311 2126 2892 3850 4690 5399 6334 0 247 665 1355 2211 3043 4069 4997 5727 6762 2001 3872 5923 7596 9403 10980 12547 14068 14903 16412 2001 5736 11382 18560 27428 37691 49432 62574 76526 91859 
127364 27364 0 232 677 1359 2109 2872 3742 4601 5510 6262 0 232 691 1400 2205 3028 3957 4897 5871 6683 2009 3941 5791 7635 9361 10938 12281 13715 15352 16440 2009 5823 11340 18573 27366 37640 49159 61987 76340 91703 
127480 27480 0 236 720 1315 2105 2955 3813 4615 5444 6277 0 236 740 1366 2188 3110 4059 4910 5797 6715 1984 3948 5810 7630 9379 10957 12627 13906 15093 16298 1984 5815 11334 18517 27379 37652 49496 62443 76542 91761 
127353 27353 0 239 709 1302 2111 2955 3728 4632 5407 6270 0 239 727 1348 2216 3087 3981 4921 5756 6708 2038 3927 5721 7734 9439 10929 12285 13874 14961 16311 2038 5822 11294 18662 27540 37826 49315 62254 76210 91414 
127513 27513 0 259 742 1338 2146 2968 3830 4519 5380 6331 0 260 761 1396 2237 3111 4039 4819 5748 6730 2004 4064 5909 7715 9583 10989 12564 13695 15086 16344 2004 5943 11567 18859 27873 38179 49909 62681 76738 91955 
127534 27534 0 205 700 1318 2292 2885 3713 4604 5508 6309 0 205 719 1366 2378 3039 3940 4899 5833 6738 2037 4006 5881 7674 9503 10713 12469 13785 15180 16407 2037 5907 11497 18780 27744 37776 49475 62336 76535 91800 
126968 26968 0 212 693 1370 2000 2936 3742 4541 5318 6156 0 212 705 1426 2104 3068 3990 4836 5626 6543 1943 3914 5879 7744 9519 10967 12531 13730 14961 16110 1943 5721 11323 18628 27530 37862 49567 62347 76364 91386 
127180 27180 0 230 683 1351 2091 2879 3723 4602 5455 6166 0 230 692 1405 2189 3036 3943 4899 5779 6588 2004 3841 5918 7654 9434 10939 12356 13931 15320 16209 2004 5704 11344 18573 27447 37707 49257 62259 76552 91662 
127149 27149 0 227 733 1368 2054 2839 3715 4530 5357 6326 0 227 745 1424 2162 3003 3926 4801 5714 6750 2060 3949 5753 7685 9252 10857 12440 13846 15028 16426 2060 5863 11370 18641 27327 37520 49154 62083 76068 91398 
127191 27191 0 232 697 1323 2105 2877 3766 4509 5387 6295 0 232 713 1375 2201 3049 3972 4793 5751 6710 2047 3966 5746 7468 9291 11142 12534 13715 15039 16515 2047 5886 11346 18379 27138 37568 49303 62101 76120 91521 
127382 27382 0 229 716 1284 2089 2888 3820 4580 5554 6222 0 229 729 1336 2188 3038 4037 4861 5910 6658 1962 4007 5864 7660 9302 11022 12439 13815 15168 16373 1962 5843 11428 18680 27385 37739 49433 62362 76503 91750 
127457 27457 0 224 687 1312 1987 2949 3770 4613 5523 6392 0 225 705 1369 2075 3082 3990 4895 5859 6832 1982 3973 5816 7784 9156 10993 12577 13822 15189 16585 1982 5819 11342 18706 27322 37657 49434 62362 76516 91925 
127246 27246 0 228 697 1368 2082 2936 3760 4590 5459 6126 0 228 707 1409 2173 3084 3951 4871 5836 6568 2013 3940 5918 7643 9209 11000 12493 13724 15220 16155 2013 5824 11465 18687 27371 37691 49408 62239 76401 91446 
127627 27627 0 226 716 1311 2098 3000 3761 4667 5461 6387 0 226 727 1353 2191 3165 3980 4927 5796 6824 2026 3943 5903 7755 9414 11029 12502 13929 15035 16359 2026 5842 11460 18811 27616 37941 49648 62704 76741 92015 
127539 27539 0 235 661 1316 2100 3065 3861 4633 5452 6216 0 235 675 1362 2188 3217 4076 4942 5822 6628 1992 3951 5833 7812 9473 11145 12358 13854 15114 16103 1992 5827 11394 18801 27751 38208 49776 62724 76834 91851 
127194 27194 0 221 710 1297 2088 2914 3669 4654 5440 6201 0 222 721 1351 2173 3069 3903 4886 5784 6645 1952 3852 5900 7640 9260 10974 12381 13611 15168 16325 1952 5665 11288 18517 27223 37545 49145 61916 76081 91191 
127548 27548 0 230 734 1305 2099 2934 3739 4642 5617 6248 0 230 757 1359 2203 3101 3969 4912 5960 6666 1980 4010 5855 7630 9421 10992 12512 13714 15365 16236 1980 5859 11428 18636 27491 37778 49516 62376 76741 91851 
127203 27203 0 232 671 1331 2065 2888 3716 4626 5387 6287 0 232 681 1384 2171 3035 3941 4911 5728 6652 1968 3924 5858 7602 9417 10885 12504 14003 14906 16374 1968 5764 11356 18525 27354 37592 49278 62370 76260 91557 
127554 27554 0 259 680 1390 2073 2957 3784 4620 5454 6337 0 259 689 1440 2177 3117 4001 4897 5821 6768 2006 4047 5858 7737 9282 11075 12553 13726 15114 16304 2006 5924 11494 18792 27532 37937 49686 62535 76627 91822 
127654 27654 0 223 722 1355 2083 2899 3799 4726 5526 6321 0 223 732 1415 2174 3046 4012 5035 5868 6729 2021 3986 5804 7593 9434 10898 12586 14023 15092 16338 2021 5865 11424 18613 27500 37751 49562 62654 76755 91993 
127412 27412 0 209 676 1346 2087 2908 3790 4552 5546 6298 0 209 686 1385 2182 3047 3986 4855 5913 6732 1989 3876 5835 7652 9423 10906 12533 13788 15204 16106 1989 5734 11317 18581 27477 37695 49423 62294 76502 91515 
127270 27270 0 214 678 1352 2056 2887 3822 4569 5431 6261 0 214 689 1397 2151 3055 4054 4831 5822 6700 1890 4045 5841 7700 9331 10950 12398 13804 15118 16438 1890 5795 11352 18653 27439 37677 49311 62205 76292 91592 
127175 27175 0 225 670 1272 2051 2876 3751 4689 5332 6309 0 225 684 1319 2147 3028 3962 4979 5660 6747 1985 3900 5914 7475 9438 10974 12539 13940 14943 16172 1985 5751 11416 18474 27325 37614 49337 62341 76320 91342 
127520 27520 0 221 735 1371 2096 2855 3829 4576 5457 6380 0 221 750 1430 2191 3032 4051 4862 5793 6801 2076 3979 5967 7755 9332 10846 12559 13865 15163 16468 2076 5914 11592 18924 27689 37814 49557 62474 76628 91998 
127368 27368 0 226 705 1225 2110 2816 3826 4635 5494 6331 0 227 715 1285 2202 2973 4054 4921 5878 6768 2018 4000 5720 7647 9387 10897 12404 13909 15235 16501 2018 5877 11340 18551 27377 37582 49181 62184 76376 91739 
127557 27557 0 227 665 1296 2055 2914 3787 4675 5542 6396 0 227 680 1331 2149 3078 4024 4960 5922 6821 2074 3789 5780 7673 9284 10934 12590 13933 15145 16407 2074 5751 11283 18543 27273 37547 49361 62352 76511 91827 
127486 27486 0 233 720 1388 2036 2915 3780 4574 5439 6401 0 233 736 1439 2139 3074 3988 4859 5809 6820 1995 4058 5972 7699 9251 10944 12389 13877 15070 16303 1995 5925 11622 18901 27551 37826 49434 62429 76470 91745 
127227 27227 0 194 727 1356 2043 2843 3743 4619 5411 6291 0 194 739 1400 2129 3005 3964 4906 5756 6718 2009 3936 5852 7590 9273 11023 12451 13900 15035 16373 2009 5803 11392 18565 27272 37625 49259 62271 76310 91548 
127129 27129 0 245 677 1355 2023 2817 3733 4599 5526 6154 0 245 697 1394 2114 2964 3923 4903 5865 6631 1993 3857 5869 7668 9342 10970 12441 13865 15284 16244 1993 5715 11299 18549 27361 37592 49266 62223 76511 91541 
127122 27122 0 236 714 1302 2059 2823 3706 4564 5383 6335 0 236 728 1347 2149 2976 3909 4819 5742 6734 2006 3951 5813 7532 9217 10872 12388 13765 15018 16412 2006 5842 11376 18495 27150 37390 49004 61897 75900 91195 
127305 27305 0 238 691 1323 2095 2863 3892 4634 5299 6270 0 238 707 1381 2213 3020 4104 4917 5640 6673 1979 3972 5858 7668 9583 10753 12548 13951 15002 16223 1979 5813 11409 18685 27710 37797 49558 62593 76621 91702 
127432 27432 0 215 674 1385 2070 2920 3688 4670 5469 6341 0 215 696 1427 2167 3087 3883 4938 5795 6758 1917 3880 5958 7764 9351 10980 12554 13902 15056 16460 1917 5666 11338 18693 27514 37777 49582 62585 76670 92064 
127204 27204 0 219 689 1299 2096 2852 3652 4656 5412 6329 0 219 701 1337 2179 3011 3897 4943 5744 6712 2035 3910 5796 7629 9283 11021 12470 13743 15185 16345 2035 5817 11339 18554 27305 37655 49290 62110 76309 91578 
127403 27403 0 239 747 1356 2087 2932 3826 4600 5391 6225 0 239 763 1404 2198 3093 4019 4891 5739 6610 2025 3975 5981 7652 9436 10911 12408 13932 14867 16204 2025 5874 11551 18775 27633 37877 49510 62513 76416 91552 
127472 27472 0 234 733 1379 2110 2836 3820 4618 5577 6165 0 234 751 1425 2221 3003 4045 4918 5923 6588 2064 3886 5882 7612 9314 10885 12684 13896 15270 16245 2064 5821 11443 18625 27374 37555 49452 62372 76603 91739 
127608 27608 0 235 707 1335 2034 3051 3791 4633 5451 6371 0 235 722 1385 2143 3195 4060 4921 5789 6783 2094 4026 5820 7728 9264 11144 12647 13878 15128 16381 2094 5986 11509 18844 27482 37952 49701 62632 76749 92001 
127518 27518 0 239 684 1318 2150 2953 3789 4607 5458 6320 0 240 699 1370 2240 3104 4032 4898 5792 6736 2083 4037 5802 7599 9496 10993 12373 13862 15079 16437 2083 5982 11503 18698 27668 37968 49514 62473 76501 91863 
127467 27467 0 244 713 1358 2060 2867 3784 4582 5477 6382 0 244 729 1415 2158 3032 4005 4849 5850 6779 2032 3961 5832 7652 9335 10904 12625 13761 15253 16373 2032 5855 11406 18656 27400 37618 49412 62276 76464 91749 
