112409 12409 0 307 749 1152 1389 1655 1693 1802 1848 1814 1 307 821 1318 1630 1985 2121 2253 2308 2259 5020 8774 11234 12729 13681 14411 14606 14714 14989 14856 5020 12883 22357 32811 43903 55494 67038 78728 90638 102417 
112341 12341 0 299 713 1103 1423 1629 1668 1797 1837 1872 0 300 772 1255 1689 1966 2060 2200 2302 2339 4839 8837 11218 12997 13867 14304 14598 14732 14859 14823 4839 12731 22215 32922 44115 55577 67248 78948 90683 102454 
112377 12377 0 295 798 1112 1405 1589 1665 1817 1876 1820 0 295 858 1266 1663 1923 2083 2230 2301 2278 4990 8731 11381 12779 13695 14174 14488 14774 14960 14969 4990 12747 22386 32914 43967 55321 66931 78680 90604 102614 
112481 12481 0 308 741 1121 1494 1629 1704 1781 1751 1952 0 308 794 1275 1719 1944 2091 2213 2208 2430 5007 8688 11217 12757 13861 14201 14559 14871 14853 14947 5007 12777 22340 32833 44138 55515 67109 78893 90623 102495 
112276 12276 0 283 783 1124 1432 1609 1674 1739 1748 1884 0 283 832 1299 1688 1928 2105 2179 2230 2332 5072 8594 11234 12785 13926 14192 14602 14775 14660 14965 5072 12688 22286 32698 44029 55409 66968 78671 90258 102226 
112457 12457 0 310 761 1180 1419 1563 1687 1819 1795 1923 0 311 828 1334 1691 1906 2060 2235 2230 2372 4938 8620 11211 12778 13783 14265 14534 14901 14943 15095 4938 12633 22143 32708 43821 55205 66811 78742 90614 102524 
112820 12820 0 306 775 1151 1463 1665 1844 1804 1892 1920 0 306 845 1332 1742 2026 2249 2293 2367 2423 4948 8879 11218 13048 13895 14247 14576 14797 15078 14823 4948 12933 22368 33099 44299 55628 67315 79035 91095 102795 
112391 12391 0 307 781 1157 1400 1547 1715 1855 1767 1862 0 307 838 1329 1688 1905 2118 2290 2240 2323 5109 8754 11216 12846 13818 14320 14544 14767 14895 14937 5109 12882 22345 32949 44108 55499 67088 78929 90712 102514 
112542 12542 0 284 780 1118 1408 1605 1749 1831 1890 1877 0 284 831 1269 1673 1938 2152 2266 2341 2372 4957 8672 11151 12666 13865 14465 14686 14647 15079 14903 4957 12730 22125 32500 43745 55311 67016 78645 90664 102455 
112660 12660 0 325 760 1181 1369 1599 1764 1878 1929 1855 0 325 820 1331 1616 1925 2153 2335 2430 2374 5152 8805 11177 12841 13863 14501 14569 14742 14793 14807 5152 12970 22448 33048 44290 55891 67407 79233 90918 102635 
112498 12498 0 307 744 1194 1455 1582 1788 1806 1779 1843 0 307 798 1325 1715 1914 2178 2257 2253 2312 4973 8833 11365 12806 13624 14228 14593 14796 14926 14920 4973 12869 22480 32940 43996 55409 67149 78872 90705 102541 
112542 12542 0 301 752 1156 1438 1640 1754 1815 1802 1884 0 301 818 1309 1703 1981 2133 2259 2268 2333 4966 8733 11236 12719 13872 14299 14597 14857 15010 15025 4966 12740 22242 32684 43860 55342 67053 78875 90724 102649 
112576 12576 0 305 800 1176 1414 1642 1758 1730 1853 1898 1 305 857 1315 1667 1984 2155 2196 2291 2393 5023 8767 11305 12909 13634 14438 14626 14853 14725 14979 5023 12785 22373 32952 44017 55596 67264 78986 90725 102605 
112721 12721 0 311 796 1158 1487 1627 1791 1830 1828 1893 0 311 846 1339 1717 2004 2217 2306 2311 2354 5006 8672 11346 12861 13870 14315 14554 14785 15025 15099 5006 12772 22421 32907 44133 55599 67151 78910 90876 102805 
112416 12416 0 317 738 1176 1409 1598 1669 1766 1812 1931 0 317 803 1334 1685 1944 2089 2207 2265 2391 4954 8984 11249 12866 13773 14393 14649 14545 14721 15081 4954 12977 22449 33003 44098 55647 67258 78780 90421 102434 
112459 12459 0 327 805 1201 1445 1612 1679 1776 1788 1826 0 327 865 1366 1715 1964 2076 2273 2241 2287 5061 8735 11270 12788 13717 14264 14781 14719 14753 14910 5061 12867 22463 32980 44060 55540 67374 78955 90684 102524 
112596 12596 0 326 788 1140 1422 1621 1801 1755 1811 1932 0 326 845 1300 1664 1961 2218 2181 2274 2402 4980 8977 11246 12844 13744 14296 14760 14678 14844 15058 4980 12971 22492 33102 44127 55541 67289 78889 90694 102671 
112339 12339 0 299 710 1091 1469 1636 1718 1766 1794 1856 0 299 777 1257 1716 1979 2142 2226 2247 2328 5017 8842 11125 12863 13736 14251 14518 14815 15002 14840 5017 12945 22327 32848 43890 55243 66776 78522 90427 102177 
112545 12545 0 284 742 1121 1390 1649 1788 1817 1863 1891 0 284 797 1269 1628 1976 2188 2263 2317 2407 4960 8648 11160 12820 13940 14398 14654 14597 14871 15172 4960 12668 22144 32625 43917 55466 67141 78730 90574 102624 
112705 12705 0 339 765 1182 1417 1626 1731 1844 1936 1865 0 339 817 1337 1691 1977 2116 2278 2367 2377 4897 8860 11206 12825 13857 14431 14543 14918 14951 15093 4897 12784 22225 32789 43919 55427 67009 78832 90797 102718 
112512 12512 0 307 780 1162 1462 1603 1692 1792 1865 1849 0 307 846 1328 1732 1962 2084 2199 2299 2299 5044 8903 11299 12723 13993 14254 14561 14849 14788 14784 5044 12972 22513 32951 44286 55634 67218 79115 90830 102599 
112547 12547 0 306 764 1161 1449 1594 1763 1871 1829 1810 0 306 819 1327 1712 1943 2162 2324 2323 2308 4952 8624 11243 12716 13769 14265 14662 14864 15062 14966 4952 12663 22240 32710 43840 55247 66937 78824 90686 102524 
112598 12598 0 312 817 1193 1467 1591 1744 1818 1877 1779 0 312 883 1352 1726 1928 2162 2220 2345 2268 4922 8602 11291 12736 13784 14354 14778 14727 14994 14912 4922 12569 22181 32700 43819 55361 67099 78797 90703 102509 
112506 12506 0 354 802 1127 1475 1567 1752 1821 1772 1836 0 354 860 1294 1718 1918 2127 2246 2251 2292 5024 8761 11298 12975 13865 14422 14616 14590 14783 14850 5024 12859 22435 33068 44330 55881 67538 79155 90858 102690 
112583 12583 0 310 789 1169 1385 1644 1770 1861 1760 1895 0 310 851 1333 1648 1986 2156 2287 2262 2343 5001 8755 11211 12677 13869 14397 14729 14760 14844 14911 5001 12806 22312 32768 44010 55553 67190 78917 90666 102518 
112519 12519 0 303 796 1094 1442 1643 1738 1820 1835 1848 0 303 852 1258 1694 1973 2174 2271 2257 2317 5054 8648 11163 12776 13902 14330 14699 14652 14774 14944 5054 12767 22266 32800 44094 55574 67241 78902 90692 102527 
112361 12361 0 319 769 1192 1456 1629 1664 1773 1773 1786 0 319 835 1341 1689 1983 2091 2224 2217 2216 5033 8824 11231 12814 13678 14202 14625 14606 14603 14994 5033 12876 22377 32928 44028 55390 67052 78662 90211 102203 
112595 12595 0 321 707 1121 1458 1629 1780 1771 1905 1903 0 321 763 1272 1704 1970 2178 2229 2336 2387 4950 8757 11229 12889 13722 14163 14696 14905 15085 14873 4950 12761 22218 32804 43905 55307 67025 78825 90822 102565 
112453 12453 0 298 761 1196 1456 1620 1711 1757 1821 1833 0 298 824 1356 1712 1991 2075 2196 2253 2334 4883 8770 11451 12877 13822 14193 14514 14514 14769 15022 4883 12753 22406 32985 44170 55522 67137 78725 90547 102503 
112473 12473 0 318 791 1122 1420 1648 1650 1794 1889 1841 0 318 854 1297 1672 1992 2045 2219 2345 2357 5087 8708 11142 12748 13616 14419 14537 14630 14870 14933 5087 12850 22290 32781 43839 55430 66994 78598 90533 102374 
112303 12303 0 339 753 1116 1401 1656 1632 1728 1833 1845 0 339 811 1293 1667 1976 2048 2130 2268 2359 4988 8697 11328 12780 13826 14097 14621 14706 14739 14772 4988 12731 22337 32839 44039 55340 67000 78743 90494 102252 
112490 12490 0 311 769 1161 1382 1631 1699 1805 1838 1894 1 312 812 1314 1648 1961 2089 2243 2307 2327 4935 8737 11336 12652 13722 14484 14416 14893 14681 14966 4935 12760 22398 32762 43910 55557 67028 78874 90487 102405 
112572 12572 0 327 772 1132 1418 1586 1723 1813 1907 1894 0 327 834 1293 1675 1910 2134 2236 2342 2380 4987 8684 11118 12719 13769 14230 14819 14754 15074 14906 4987 12730 22157 32619 43782 55203 67030 78697 90787 102628 
112363 12363 0 310 724 1153 1414 1591 1741 1769 1842 1819 0 310 785 1292 1651 1940 2151 2184 2317 2267 4897 8792 11344 12844 13753 14283 14370 14695 14947 15011 4897 12765 22347 32912 44003 55390 66809 78561 90423 102304 
112587 12587 0 330 795 1168 1449 1675 1720 1809 1821 1820 0 330 849 1313 1737 2029 2115 2237 2279 2296 4973 8903 11102 12686 13763 14286 14628 14755 14845 15015 4973 12929 22358 32875 43961 55439 67181 78949 90655 102630 
112659 12659 0 338 768 1126 1436 1689 1733 1847 1867 1855 0 338 843 1296 1691 2028 2153 2319 2378 2344 4952 8641 11404 12727 13827 14231 14630 15047 14815 14924 4952 12668 22308 32784 44000 55483 67128 79095 90883 102683 
112516 12516 0 314 756 1138 1396 1596 1739 1833 1815 1929 0 315 811 1282 1661 1950 2139 2265 2245 2420 4969 8670 11306 12819 13653 14259 14605 14820 14918 15021 4969 12693 22261 32832 43895 55368 66952 78725 90623 102500 
112484 12484 0 341 767 1199 1376 1658 1622 1821 1835 1865 0 341 828 1368 1660 1988 2037 2235 2306 2351 5015 8713 11295 12891 13586 14503 14665 14712 14708 14913 5015 12792 22370 32885 43898 55532 67209 78931 90655 102512 
112806 12806 0 304 779 1165 1454 1650 1811 1840 1898 1905 0 304 839 1324 1716 2024 2216 2302 2390 2398 5037 8835 11322 12811 13814 14377 14746 14892 15053 14826 5037 12939 22464 32995 44147 55688 67449 79261 91174 102914 
112738 12738 0 304 797 1136 1436 1649 1784 1858 1847 1927 0 304 872 1307 1691 1993 2230 2318 2344 2406 4976 8721 11224 12779 13768 14236 14768 14963 14941 14947 4976 12837 22285 32777 43940 55390 67207 79118 90886 102773 
112380 12380 0 317 743 1142 1402 1632 1672 1771 1791 1910 0 317 797 1297 1671 2009 2069 2213 2239 2352 4939 8700 11356 12979 13735 14493 14595 14760 14753 14849 4939 12739 22354 32988 44032 55584 67145 78764 90507 102347 
112138 12138 0 298 750 1187 1384 1584 1596 1716 1836 1787 0 298 805 1355 1657 1929 1994 2146 2275 2253 4920 8813 11345 13043 13793 14120 14385 14717 14946 14773 4920 12795 22343 33074 44239 55500 66930 78640 90508 102202 
112433 12433 0 312 747 1176 1475 1582 1680 1765 1796 1900 0 312 809 1324 1729 1922 2060 2177 2269 2429 4885 8570 11338 12817 13799 14229 14487 14535 14839 15179 4885 12597 22273 32836 43978 55335 66894 78551 90345 102365 
112415 12415 0 285 729 1142 1378 1668 1710 1826 1879 1798 0 285 789 1304 1626 2012 2121 2268 2330 2261 4958 8832 11333 12746 13701 14428 14567 14810 14870 14860 4958 12817 22390 32804 43903 55529 67083 78897 90737 102501 
112543 12543 0 302 799 1134 1478 1611 1681 1822 1840 1876 0 302 842 1295 1744 1980 2089 2246 2293 2369 4982 8785 11165 12771 13654 14283 14477 14804 14930 15095 4982 12837 22271 32812 43858 55360 66929 78687 90564 102525 
112530 12530 0 298 813 1130 1407 1624 1746 1752 1834 1926 0 298 881 1284 1665 1973 2140 2182 2293 2412 4978 8697 11169 12862 13543 14322 14682 14793 15037 15004 4978 12760 22192 32826 43765 55276 66972 78791 90717 102623 
112529 12529 0 330 791 1157 1432 1612 1733 1794 1823 1857 0 330 860 1321 1681 1954 2170 2200 2323 2378 5038 8716 11441 12718 13635 14208 14597 14869 14865 15035 5038 12816 22458 32895 43924 55374 67003 78892 90629 102503 
112465 12465 0 314 731 1162 1391 1620 1695 1838 1857 1857 0 314 782 1295 1648 1990 2092 2295 2357 2353 5037 8876 11188 12656 13638 14175 14701 14835 15018 14877 5037 13032 22464 32948 43990 55300 67004 78800 90703 102610 
112385 12385 0 310 751 1128 1401 1597 1691 1813 1814 1880 0 310 803 1287 1634 1934 2065 2273 2306 2371 5047 8685 11204 12628 13752 14369 14650 14767 14989 14949 5047 12767 22248 32584 43791 55312 67031 78709 90547 102368 
112372 12372 0 339 771 1115 1476 1629 1658 1757 1797 1830 0 339 837 1282 1719 1991 2060 2183 2261 2286 5042 8822 11252 12801 13666 14497 14594 14736 14864 14788 5042 12917 22426 32847 43931 55509 67062 78852 90707 102463 
112285 12285 0 330 732 1193 1373 1544 1696 1762 1776 1879 0 330 798 1339 1609 1883 2073 2179 2208 2330 4999 8786 11235 12745 13575 14276 14531 14724 14694 14948 4999 12867 22365 32883 43879 55322 67005 78795 90452 102308 
112477 12477 0 284 764 1116 1406 1686 1713 1775 1809 1924 0 284 821 1272 1668 2038 2122 2208 2296 2411 4831 8544 11225 12952 13936 14404 14666 14914 14860 14927 4831 12478 21988 32627 43895 55452 67119 78908 90620 102517 
112463 12463 0 305 812 1054 1338 1658 1715 1858 1862 1861 0 305 869 1248 1585 1963 2130 2303 2359 2344 5055 8788 11177 12540 13626 14248 14665 14911 14863 14939 5055 12901 22323 32536 43594 55101 66892 78768 90587 102460 
112555 12555 0 293 778 1174 1449 1633 1699 1779 1900 1850 0 293 833 1340 1721 1964 2100 2203 2368 2341 5122 8943 11382 12968 13712 14443 14393 14672 14704 15014 5122 13101 22694 33418 44497 56076 67480 79147 90860 102729 
112237 12237 0 285 764 1087 1399 1568 1648 1708 1799 1979 0 285 818 1242 1652 1871 1989 2104 2226 2449 4928 8879 11173 12826 13584 14121 14737 14855 14692 14872 4928 12884 22313 32834 43786 55107 66954 78743 90353 102238 
112546 12546 0 324 755 1243 1468 1647 1659 1765 1783 1902 0 325 816 1388 1748 1987 2045 2198 2227 2359 5092 8673 11222 12918 13685 14328 14496 14652 15006 15151 5092 12766 22229 32795 43886 55386 66887 78618 90575 102613 
112612 12612 0 306 740 1172 1425 1672 1756 1794 1897 1850 0 306 796 1323 1705 2012 2163 2262 2374 2331 4895 8866 11243 12912 13892 14269 14568 14697 14958 15060 4895 12831 22228 32835 43989 55438 67061 78720 90596 102576 
112527 12527 0 298 802 1075 1424 1671 1729 1802 1857 1869 0 298 854 1226 1664 2003 2122 2242 2316 2330 4899 8698 11283 12894 13815 14346 14462 14781 14910 14983 4899 12703 22210 32798 43986 55504 67050 78836 90641 102576 
112645 12645 0 322 845 1231 1457 1627 1720 1826 1785 1832 0 322 893 1408 1756 1994 2095 2253 2260 2327 5012 8873 11241 12940 13789 14357 14661 14848 14807 14616 5012 12952 22491 33158 44316 55817 67490 79344 91102 102695 
112473 12473 0 298 734 1079 1489 1628 1739 1749 1918 1839 0 298 796 1248 1760 1989 2143 2175 2338 2341 4986 8614 11184 12928 13879 14279 14745 14911 14785 15035 4986 12665 22138 32681 43869 55296 67026 78900 90642 102614 
112750 12750 0 328 795 1161 1466 1637 1825 1818 1902 1818 0 328 855 1343 1719 2000 2211 2311 2400 2305 5055 8730 11238 12767 13688 14322 14889 15011 14875 14894 5055 12807 22335 32868 43965 55424 67349 79197 90972 102753 
112428 12428 0 273 785 1133 1401 1680 1706 1751 1867 1832 0 273 825 1306 1658 2023 2109 2197 2335 2332 5029 8827 11347 12803 13603 14347 14570 14678 14925 14976 5029 12900 22503 32943 43918 55474 67054 78716 90591 102438 
112519 12519 0 329 746 1150 1378 1657 1760 1805 1830 1864 0 329 799 1298 1652 1995 2175 2235 2350 2341 5076 8787 10995 12812 13719 14370 14715 14868 15002 15005 5076 12885 22178 32746 43810 55364 67046 78872 90774 102627 
112347 12347 0 323 755 1141 1418 1604 1666 1788 1823 1829 0 324 810 1295 1659 1945 2039 2211 2291 2298 5030 8791 11167 12545 13474 14208 14546 14870 14885 14975 5030 12880 22337 32669 43559 55052 66751 78664 90453 102348 
112574 12574 0 288 777 1123 1426 1616 1776 1840 1833 1895 0 288 846 1291 1679 1942 2194 2299 2345 2358 5005 8673 11196 12833 13907 14161 14589 14950 15047 14831 5005 12708 22212 32758 44029 55313 66933 78839 90736 102455 
112618 12618 0 323 774 1134 1471 1570 1767 1800 1813 1966 0 324 826 1299 1704 1928 2166 2224 2276 2430 5063 8805 11364 12781 13861 14109 14580 14822 15028 15016 5063 12922 22539 32974 44209 55471 67067 78863 90790 102690 
112426 12426 0 286 748 1119 1506 1620 1748 1800 1830 1769 0 286 800 1263 1782 1966 2174 2263 2266 2274 4986 8806 11382 12806 13666 14175 14602 14892 14790 14882 4986 12833 22440 32941 44006 55371 67065 79010 90744 102502 
112494 12494 0 326 749 1155 1473 1609 1712 1803 1840 1827 0 326 804 1334 1736 1956 2126 2238 2302 2325 4970 8770 11105 12793 13817 14059 14628 14810 14694 15032 4970 12801 22160 32739 43997 55295 66997 78837 90464 102483 
112656 12656 0 320 776 1175 1483 1616 1736 1838 1816 1896 0 320 837 1331 1763 1970 2135 2286 2306 2369 5086 8912 11422 12784 13866 14342 14470 14821 14863 14896 5086 13015 22647 33113 44343 55821 67378 79184 90953 102706 
112512 12512 0 334 789 1166 1462 1627 1714 1868 1768 1784 0 334 856 1338 1744 1994 2146 2333 2207 2240 5033 8728 11151 12970 13958 14158 14472 14783 14833 15061 5033 12790 22240 32923 44146 55503 67007 78734 90591 102545 
112330 12330 0 307 745 1130 1383 1580 1681 1766 1852 1886 0 307 802 1280 1649 1926 2064 2207 2312 2364 4910 8808 11131 12811 13676 14191 14570 14750 15040 15125 4910 12810 22214 32776 43839 55151 66837 78557 90523 102484 
112461 12461 0 334 795 1133 1359 1604 1751 1751 1849 1885 0 334 865 1294 1612 1927 2139 2184 2292 2381 5056 8901 11408 12820 13680 14200 14599 14748 14897 15001 5056 13004 22590 33106 44115 55408 67045 78771 90593 102462 
112406 12406 0 322 742 1105 1393 1543 1721 1761 1903 1916 0 323 810 1255 1639 1891 2110 2193 2327 2400 4944 8699 11224 12713 13716 14201 14514 14671 14872 14990 4944 12715 22200 32669 43854 55169 66802 78397 90320 102249 
112486 12486 0 305 702 1198 1479 1678 1670 1741 1869 1844 1 305 759 1344 1734 2046 2088 2169 2367 2347 5026 8723 11451 12900 13637 14281 14790 14659 14947 14980 5026 12782 22440 33038 44031 55511 67295 78922 90682 102524 
112407 12407 0 316 758 1151 1484 1651 1696 1729 1835 1787 0 316 819 1304 1744 2006 2113 2170 2287 2283 4993 8619 11095 12866 13961 14277 14684 14626 14944 14927 4993 12717 22115 32754 44073 55480 67228 78855 90699 102506 
112589 12589 0 321 763 1096 1476 1600 1753 1887 1807 1886 0 321 822 1266 1739 1969 2169 2318 2283 2380 5003 8875 11277 12936 13804 14470 14589 14907 14796 14839 5003 12949 22447 32998 44112 55687 67235 79109 90830 102668 
112534 12534 0 311 714 1155 1396 1653 1735 1861 1834 1875 0 311 783 1300 1659 1961 2183 2330 2286 2336 4914 8724 11165 12765 13788 14368 14650 14950 14879 14862 4914 12724 22151 32680 43855 55445 67007 78849 90631 102419 
112396 12396 0 299 777 1097 1407 1563 1732 1824 1822 1875 0 299 829 1267 1669 1894 2108 2258 2312 2369 4934 8821 11097 12814 13665 14194 14788 14912 14801 14913 4934 12794 22242 32798 43837 55168 67024 78894 90641 102504 
112540 12540 0 300 736 1179 1363 1631 1762 1802 1914 1853 0 301 793 1334 1638 1946 2152 2232 2372 2376 4925 8651 11189 12862 13759 14246 14661 14940 14896 14992 4925 12638 22124 32676 43801 55238 66871 78863 90757 102610 
112642 12642 0 296 761 1212 1481 1586 1734 1764 1911 1897 0 296 810 1376 1762 1954 2164 2224 2372 2376 4980 8723 11240 12798 13766 14227 14832 14829 15021 14907 4980 12755 22285 32775 43889 55319 67131 78886 90795 102592 
