122299 22299 0 1010 1953 2418 2649 2773 2795 2855 2937 2909 0 1010 2279 3189 3672 3938 4048 4205 4295 4276 8865 14124 16415 17485 18159 18733 18784 19022 19078 19205 8865 19973 31801 44007 56632 69507 82390 95239 108182 121165 
122208 22208 0 988 1944 2379 2640 2780 2864 2832 2878 2903 0 988 2306 3123 3688 3992 4165 4160 4238 4269 8847 14014 16557 17740 18261 18914 18788 18775 18960 19026 8847 19822 31787 44218 56840 69780 82513 95302 108164 121092 
122549 22549 0 1021 1906 2373 2662 2762 2888 2958 2959 3020 0 1021 2280 3101 3683 3966 4170 4297 4396 4472 8994 13945 16459 17527 18266 18806 18922 19204 19179 19266 8994 19889 31770 44084 56686 69507 82358 95492 108380 121452 
122255 22255 0 1019 1911 2425 2676 2840 2848 2782 2852 2902 0 1020 2272 3178 3720 4008 4171 4125 4188 4263 8894 13923 16472 17961 18677 18702 18789 18764 18632 18801 8894 19840 31738 44319 57190 69992 82828 95530 108272 121092 
122418 22418 0 1050 1934 2409 2627 2839 2892 2894 2954 2819 0 1050 2314 3181 3661 4027 4194 4176 4314 4203 9061 14063 16567 17579 18158 18442 18850 18806 19013 18848 9061 20111 32108 44360 56934 69610 82640 95462 108476 121255 
122414 22414 0 1021 1917 2501 2762 2761 2883 2838 2852 2879 0 1021 2254 3229 3882 4014 4162 4189 4244 4241 9065 13904 16653 17895 18465 18799 18794 18785 18843 18741 9065 20078 32120 44588 57348 70241 83030 95767 108575 121280 
122586 22586 0 1028 1927 2356 2690 2817 2878 2965 2940 2985 0 1028 2263 3145 3773 4030 4213 4309 4314 4364 9116 13860 16302 17792 18517 18726 18971 19050 19194 18942 9116 19964 31843 44269 56916 69725 82622 95574 108580 121527 
122455 22455 0 1052 1899 2491 2669 2759 2821 2913 2925 2926 0 1053 2259 3204 3702 3922 4068 4219 4304 4322 9114 13948 16416 17793 18200 18412 18729 19047 19166 18913 9114 19971 31773 44346 56869 69510 82360 95479 108482 121341 
122502 22502 0 1026 1998 2393 2750 2753 2922 2850 2882 2928 0 1026 2331 3187 3790 3929 4234 4225 4287 4283 9057 14206 16796 17803 18506 18743 18955 18850 18915 19028 9057 20169 32293 44568 57309 70121 82977 95703 108511 121385 
122307 22307 0 1027 1874 2385 2733 2747 2910 2884 2864 2883 0 1027 2243 3137 3720 4019 4220 4208 4194 4197 9097 13946 16429 17670 18291 18617 19013 18998 19070 18784 9097 19952 31736 44154 56840 69561 82612 95499 108499 121177 
122273 22273 0 1016 1860 2464 2681 2781 2854 2837 2889 2891 0 1016 2212 3191 3764 4000 4159 4191 4251 4200 9064 13905 16634 17991 18704 18679 18554 18988 18894 18777 9064 19886 31876 44485 57273 69995 82635 95606 108471 121162 
122020 22020 0 1031 1914 2425 2573 2747 2771 2860 2859 2840 0 1031 2240 3133 3594 3936 3984 4089 4181 4144 8948 14093 16421 17542 17958 18460 18720 18995 19035 18892 8948 19958 31828 44094 56473 69129 81974 94980 107954 120864 
122603 22603 0 1032 1903 2427 2634 2831 2826 3006 2965 2979 0 1032 2275 3147 3636 4012 4133 4370 4339 4368 8969 14057 16590 17800 18404 19039 19103 19103 19079 18863 8969 19990 31908 44336 57037 70045 82956 95857 108788 121570 
122288 22288 0 966 1920 2407 2690 2797 2843 2868 2865 2932 0 966 2243 3134 3728 4010 4121 4142 4220 4290 9002 13926 16550 17810 18559 18855 18762 18872 18699 18991 9002 19891 31879 44280 57100 69955 82717 95582 108313 121155 
122496 22496 0 1038 1868 2431 2687 2777 2871 2906 2986 2932 0 1038 2219 3177 3727 3974 4133 4246 4318 4323 9006 13862 16313 17925 18532 18781 18854 19115 18917 19223 9006 19890 31581 44169 56902 69632 82546 95563 108382 121424 
122287 22287 0 1011 1949 2334 2686 2767 2814 2876 2877 2973 0 1011 2303 3098 3692 4007 4085 4212 4191 4285 9049 13903 16486 17635 18431 18598 18697 18961 18992 19103 9049 19898 31768 44114 56858 69494 82283 95259 108236 121170 
122347 22347 0 1026 1928 2366 2667 2831 2797 2846 2934 2952 0 1026 2280 3125 3656 3998 4115 4202 4288 4347 9068 13879 16315 17771 18271 18751 18897 19022 19131 19128 9068 19904 31718 44188 56683 69538 82437 95243 108287 121235 
122050 22050 0 981 1797 2327 2592 2750 2905 2838 3001 2859 0 981 2135 3007 3564 3930 4157 4169 4279 4225 8944 13741 16387 17619 18098 18783 18982 18964 18941 18873 8944 19680 31468 43817 56322 69287 82238 95134 108150 120958 
122383 22383 0 1019 1932 2476 2663 2788 2844 2817 2921 2923 0 1019 2276 3238 3691 3936 4076 4099 4263 4241 8971 13851 16506 17985 18405 18483 18839 18747 19119 19114 8971 19814 31681 44330 57007 69633 82614 95310 108341 121310 
122188 22188 0 950 1992 2470 2622 2761 2864 2825 2858 2846 0 950 2315 3227 3666 3966 4130 4139 4266 4201 9077 14032 16370 17698 18409 18628 18748 18984 18982 18928 9077 20007 31832 44319 56988 69666 82376 95294 108163 121089 
122647 22647 0 1070 1873 2415 2675 2849 2934 2978 2954 2899 0 1070 2229 3183 3690 4038 4252 4355 4334 4270 9058 13801 16342 17746 18532 18847 19041 19185 19006 18833 9058 19907 31696 44171 56931 69801 82750 95854 108701 121599 
122226 22226 0 999 1809 2475 2592 2826 2894 2845 2854 2932 0 999 2125 3152 3635 3997 4213 4185 4184 4324 9015 14030 16594 17746 18363 18739 18716 18857 18872 18849 9015 19997 31947 44375 57103 69932 82610 95443 108278 121095 
122362 22362 0 1081 1881 2376 2623 2784 2909 2853 2898 2957 0 1081 2240 3100 3632 3947 4182 4228 4264 4317 8941 13998 16428 17747 18324 18802 18865 18848 18978 19195 8941 20004 31829 44217 56740 69615 82459 95283 108211 121272 
122175 22175 0 1015 1949 2358 2595 2772 2882 2899 2830 2875 0 1015 2295 3102 3632 3965 4225 4228 4183 4202 9000 13947 16467 17622 18410 18694 18931 18882 18770 19011 9000 19837 31692 44018 56715 69534 82497 95289 108097 121081 
122218 22218 0 964 1887 2439 2527 2778 2898 2902 2907 2916 0 964 2212 3172 3603 3936 4219 4283 4259 4302 9009 13903 16420 17829 18262 18758 18813 18881 18955 18938 9009 19851 31770 44285 56816 69757 82542 95321 108219 121064 
122466 22466 0 992 1939 2394 2735 2792 2899 2867 2870 2978 0 992 2269 3185 3757 3978 4211 4185 4263 4332 8920 13927 16523 17683 18301 18626 19063 18865 18939 19148 8920 19903 31817 44164 56882 69661 82655 95429 108328 121365 
122562 22562 0 1004 1845 2382 2657 2883 2957 2941 2936 2957 0 1004 2183 3115 3628 4032 4225 4301 4277 4357 8790 13847 16402 17826 18535 18794 19086 19090 19094 19063 8790 19669 31527 43956 56699 69587 82591 95569 108474 121409 
122362 22362 0 1038 1889 2387 2670 2762 2937 2791 2913 2975 0 1038 2247 3137 3675 3909 4155 4103 4206 4361 9029 13835 16472 17762 18405 18619 18734 18897 18841 19083 9029 19860 31783 44287 56963 69747 82654 95409 108205 121223 
122132 22132 0 1004 1866 2486 2633 2801 2904 2816 2803 2819 0 1004 2205 3189 3678 4001 4140 4145 4149 4203 8997 13867 16307 17711 18417 18916 18757 18727 18980 18854 8997 19807 31597 44113 56810 69823 82612 95325 108284 121023 
122217 22217 0 1021 1871 2353 2572 2751 2849 2826 2972 3002 0 1021 2208 3047 3537 3877 4029 4112 4318 4422 9019 13887 16181 17485 18239 18599 18640 18952 19078 19259 9019 19931 31661 43945 56483 69246 82058 94998 107978 121066 
122153 22153 0 1011 1806 2382 2684 2819 2869 2891 2805 2886 0 1012 2149 3072 3712 3972 4191 4194 4169 4217 9048 13879 16514 17591 18430 18781 18918 18759 18841 18780 9048 19880 31713 44082 56775 69720 82546 95408 108246 121045 
122378 22378 0 975 1967 2450 2660 2811 2732 2978 2856 2949 0 975 2302 3271 3743 4033 4050 4281 4289 4300 8995 14011 16602 17962 18332 18710 18903 18806 18879 18941 8995 19933 31910 44434 57099 69974 82743 95549 108391 121274 
122176 22176 0 1037 1881 2353 2636 2831 2795 2856 2860 2927 0 1037 2235 3098 3656 3971 4056 4179 4221 4277 9052 13945 16459 17782 18509 18533 18722 18894 18979 18924 9052 19912 31863 44307 56996 69667 82425 95334 108196 121056 
122499 22499 0 1065 1918 2454 2628 2666 2784 2993 2963 3028 0 1066 2247 3215 3658 3914 4005 4280 4382 4443 8912 13971 16682 17755 18372 18716 18751 18938 18911 19099 8912 19881 32077 44443 57121 69808 82563 95510 108364 121390 
122495 22495 0 1010 1934 2388 2762 2841 2851 2830 2944 2935 0 1010 2273 3170 3768 4048 4203 4167 4305 4227 8879 13976 16502 17993 18681 18748 18940 18930 18843 18961 8879 19801 31691 44259 57136 69942 82769 95593 108444 121393 
122143 22143 0 1013 1844 2410 2709 2769 2795 2887 2823 2893 0 1013 2186 3122 3686 3983 4080 4223 4147 4231 8845 13775 16687 17910 18478 18643 18665 18748 18726 18961 8845 19618 31726 44216 56957 69685 82402 95160 107992 120973 
122432 22432 0 1052 1977 2500 2595 2847 2823 2921 2847 2870 0 1052 2332 3284 3699 4060 4177 4265 4254 4229 9265 14055 16383 17618 18387 18710 18845 18928 18950 19043 9265 20161 32048 44427 57007 69834 82589 95508 108304 121308 
122250 22250 0 947 1991 2395 2632 2878 2887 2856 2843 2821 0 947 2322 3190 3659 4068 4168 4213 4202 4177 8863 14046 16503 17971 18518 18885 18722 18796 18830 18924 8863 19885 31800 44396 57065 70013 82789 95502 108331 121171 
122553 22553 0 1027 1905 2478 2660 2839 2882 2939 2933 2890 0 1027 2255 3217 3738 4078 4194 4270 4316 4251 9005 14088 16554 17814 18461 18919 18866 18882 19062 18847 9005 20033 31979 44485 57148 70043 82837 95626 108622 121408 
122244 22244 0 1038 1914 2475 2715 2752 2815 2835 2858 2842 0 1038 2305 3226 3747 4007 4055 4162 4202 4148 9194 13911 16513 17862 18413 18605 18758 18842 18907 18863 9194 20032 31941 44425 57095 69837 82667 95491 108297 121121 
122472 22472 0 984 1896 2423 2659 2889 2901 2901 2964 2855 0 984 2234 3184 3679 4069 4209 4261 4318 4269 9048 13929 16600 17869 18348 18733 18658 18798 18914 19085 9048 19922 31880 44401 56980 69839 82525 95371 108410 121385 
122431 22431 0 990 2004 2355 2674 2826 2872 2933 2889 2888 0 991 2347 3163 3709 4036 4154 4252 4258 4272 9025 14119 16630 17789 18407 18605 18928 18807 18842 18914 9025 20064 32053 44381 57099 69810 82727 95577 108457 121300 
122084 22084 0 938 1922 2440 2644 2743 2844 2899 2789 2865 0 938 2249 3172 3677 3982 4072 4204 4141 4190 8864 13935 16584 17663 18244 18876 18937 18785 18611 18831 8864 19831 31879 44275 56875 69794 82714 95435 108082 120962 
122269 22269 0 1000 1921 2296 2664 2812 2943 2851 2946 2836 0 1000 2252 3035 3613 3986 4185 4199 4258 4235 9026 13816 16250 17662 18342 18741 19059 18846 18964 19087 9026 19768 31570 43968 56626 69454 82487 95182 108140 121109 
122267 22267 0 936 1932 2478 2706 2762 2796 2860 2864 2933 0 936 2252 3240 3801 4005 4068 4169 4232 4292 8934 13965 16607 17794 18253 18538 18823 18982 18982 19008 8934 19853 31806 44275 56799 69524 82416 95399 108287 121170 
122338 22338 0 1042 1872 2394 2751 2778 2834 2797 2978 2892 1 1042 2209 3114 3788 4030 4136 4143 4311 4235 8974 13893 16504 17963 18681 18913 18805 18773 19049 18938 8974 19866 31768 44259 57079 69892 82567 95287 108385 121213 
122147 22147 0 1019 1918 2383 2654 2761 2902 2901 2790 2819 0 1019 2278 3149 3692 3998 4231 4233 4095 4147 9196 14046 16417 17817 18349 18512 18844 18921 18783 18888 9196 20126 31889 44415 57133 69606 82504 95441 108213 121053 
122206 22206 0 1001 1824 2321 2655 2785 2891 2862 2876 2991 0 1001 2145 3026 3706 3976 4201 4190 4239 4281 9006 13772 16325 17548 18210 18597 18904 18831 18941 19238 9006 19782 31625 43957 56563 69370 82283 95107 107876 121120 
122116 22116 0 986 1898 2313 2602 2785 2851 2936 2926 2819 0 986 2217 3035 3605 3945 4151 4244 4298 4207 8972 13867 16410 17665 18321 18547 18859 18919 19062 19040 8972 19827 31697 43983 56572 69265 82157 95100 108135 121021 
122546 22546 0 1019 1998 2501 2647 2830 2930 2916 2798 2907 0 1019 2342 3287 3686 4052 4231 4257 4180 4252 8991 14076 16795 17958 18388 18748 18866 18879 18880 18727 8991 19993 32184 44746 57316 70088 82898 95848 108642 121399 
122246 22246 0 1037 1829 2304 2611 2762 2858 2870 2967 3008 1 1037 2178 3032 3610 3911 4126 4216 4344 4436 9063 13965 16239 17472 18163 18752 18997 18930 19114 19061 9063 20007 31600 43888 56476 69404 82389 95197 108219 121138 
122262 22262 0 991 1899 2310 2645 2830 2907 2885 2927 2868 0 992 2216 3056 3625 3983 4182 4235 4284 4270 8853 13910 16388 17741 18388 18642 18738 18958 19033 19135 8853 19802 31727 44102 56751 69550 82318 95257 108158 121152 
122251 22251 0 1019 1923 2436 2710 2785 2803 2770 2931 2874 0 1019 2253 3138 3727 3943 4063 4082 4211 4202 9038 14232 16380 17602 18276 18599 18524 18740 19194 18944 9038 20146 31879 44159 56841 69654 82368 95156 108251 121101 
122476 22476 0 995 1903 2454 2653 2815 2860 2878 2891 3027 0 995 2247 3217 3689 3937 4111 4210 4195 4372 8836 13697 16479 17679 18361 18878 18806 18983 19011 19261 8836 19531 31478 43862 56587 69578 82377 95346 108187 121380 
122311 22311 0 1005 1968 2405 2702 2769 2868 2811 2894 2889 0 1005 2310 3196 3725 3969 4144 4166 4205 4224 8942 13992 16590 17599 18227 18710 18751 18926 18957 19090 8942 19923 31914 44088 56793 69658 82446 95235 108162 121192 
122326 22326 0 992 1876 2365 2684 2800 2860 2935 2937 2877 0 993 2194 3122 3695 4026 4190 4296 4321 4262 8925 13793 16477 17832 18346 18698 19083 19143 19010 18842 8925 19741 31674 44061 56697 69537 82615 95460 108348 121174 
122157 22157 0 976 1878 2407 2669 2817 2784 2906 2819 2901 0 976 2182 3108 3646 4017 4144 4161 4171 4172 8839 13576 16269 17583 18548 18931 18871 18865 18997 19024 8839 19511 31338 43726 56587 69531 82225 95050 107967 120972 
122470 22470 0 1001 1905 2498 2631 2735 2911 2876 2918 2995 1 1001 2239 3262 3676 3958 4155 4244 4286 4422 8896 13862 16523 17689 18356 18913 19038 18994 19078 18964 8896 19715 31715 44130 56822 69710 82725 95462 108409 121329 
122439 22439 0 1046 1990 2373 2645 2818 2857 2872 2930 2908 0 1046 2354 3148 3623 3994 4114 4187 4272 4292 8833 13835 16516 17611 18258 18868 18907 18954 19131 18976 8833 19704 31743 43956 56583 69614 82499 95430 108479 121332 
122544 22544 0 1014 1950 2425 2734 2893 2828 2916 2867 2917 0 1014 2289 3180 3777 4099 4186 4249 4239 4270 8960 13921 16507 17769 18477 18762 18909 18868 18863 18964 8960 19888 31809 44268 57051 69941 82825 95692 108488 121405 
122411 22411 0 1067 1966 2360 2695 2861 2813 2834 2922 2893 0 1067 2336 3136 3717 4036 4116 4168 4254 4249 9171 13995 16481 17479 18405 18717 18859 18918 18904 19129 9171 20094 32027 44196 56934 69779 82646 95461 108351 121284 
122465 22465 0 994 1927 2352 2720 2802 2880 2956 2879 2955 0 994 2283 3115 3709 3936 4208 4320 4304 4293 8947 14157 16455 17704 18371 18671 18984 19008 19197 18881 8947 20058 31913 44194 56855 69698 82629 95563 108542 121346 
122166 22166 0 1002 1896 2378 2653 2777 2903 2858 2882 2817 0 1002 2227 3087 3653 3959 4177 4177 4207 4150 9007 13997 16344 17446 18155 18791 18920 18927 19035 18910 9007 19966 31755 44006 56594 69464 82380 95170 108177 120999 
122267 22267 0 1010 1921 2432 2601 2834 2828 2852 2893 2896 0 1010 2270 3168 3630 4002 4113 4192 4263 4278 8898 14048 16555 17793 18345 18694 18697 18914 18929 19029 8898 19891 31832 44294 56806 69778 82484 95388 108255 121163 
122461 22461 0 1031 1922 2466 2658 2984 2815 2838 2828 2919 0 1032 2268 3184 3781 4187 4170 4175 4128 4190 8951 13983 16428 17560 18550 18982 18992 18867 18767 18673 8951 19990 31867 44171 56996 70065 82967 95797 108557 121388 
122177 22177 0 932 1922 2407 2684 2758 2836 2938 2788 2912 0 932 2261 3166 3737 3963 4135 4268 4212 4239 8723 13899 16642 17741 18463 18777 18829 18988 18936 18896 8723 19636 31766 44085 56870 69625 82387 95341 108123 121049 
122397 22397 0 986 1995 2436 2730 2782 2886 2884 2789 2909 0 986 2308 3180 3797 4031 4239 4247 4164 4263 9003 14046 16599 17727 18480 18757 18933 18938 18901 18728 9003 20011 32021 44534 57254 70024 82881 95807 108610 121314 
122330 22330 0 1027 1867 2447 2673 2899 2765 2855 2878 2919 0 1027 2226 3180 3773 4080 4073 4188 4188 4279 9058 14062 16473 17926 18423 18766 18593 18747 18824 19059 9058 20063 31856 44523 57081 70022 82638 95346 108238 121241 
122257 22257 0 972 1939 2356 2649 2892 2767 2913 2880 2889 0 972 2272 3120 3683 4045 4077 4164 4228 4199 9054 13784 16449 17888 18326 18715 18834 18804 18876 18830 9054 19749 31706 44274 56744 69680 82483 95461 108297 121192 
122358 22358 0 1025 1826 2417 2670 2832 2840 2915 2900 2933 0 1025 2189 3172 3719 4052 4169 4297 4291 4318 9003 13688 16295 17629 18431 18952 18903 18988 19149 18887 9003 19723 31560 43877 56726 69698 82529 95400 108469 121262 
122527 22527 0 1063 1953 2461 2726 2799 2826 2942 2889 2868 0 1063 2324 3206 3827 4071 4160 4273 4263 4239 9148 14093 16798 17608 18352 18697 18921 18953 18947 18923 9148 20152 32274 44574 57153 69941 82818 95783 108625 121423 
122424 22424 0 991 1925 2398 2666 2887 2816 2797 2954 2990 0 991 2259 3153 3708 4111 4109 4131 4256 4300 9017 13963 16458 17635 18542 18797 18745 18879 19115 19125 9017 19986 31788 44109 56882 69711 82537 95360 108361 121372 
122423 22423 0 978 1916 2453 2620 2796 2845 2930 2904 2981 0 978 2245 3178 3673 3988 4073 4246 4283 4343 8956 14015 16555 17849 18246 18773 18918 18921 19029 18918 8956 19932 31912 44472 57067 69823 82736 95518 108455 121332 
122271 22271 0 1038 1824 2339 2570 2828 2874 2966 2862 2970 0 1038 2177 3077 3573 3963 4175 4338 4301 4351 8984 14038 16309 17591 18337 18619 18871 19098 18960 18966 8984 19963 31730 44004 56662 69449 82362 95409 108206 121182 
122361 22361 0 1044 1947 2371 2763 2779 2747 2845 2922 2943 1 1044 2275 3138 3789 3967 4064 4185 4245 4276 9104 14002 16658 17805 18199 18680 18671 18980 19000 19010 9104 20030 32080 44477 56977 69830 82434 95383 108272 121262 
122329 22329 0 978 1894 2410 2731 2747 2828 2890 2881 2970 0 978 2228 3126 3732 3946 4087 4193 4233 4302 8972 13924 16394 17802 18278 18621 18683 18877 18928 18954 8972 19943 31748 44252 56965 69698 82398 95344 108230 121176 
122238 22238 0 1074 2011 2396 2617 2725 2856 2843 2829 2887 0 1074 2381 3162 3657 3934 4116 4172 4154 4250 9097 14043 16488 17725 18252 18672 18817 18901 18779 19045 9097 20081 31939 44365 56880 69606 82387 95309 108115 121138 
122250 22250 0 1052 1894 2336 2669 2771 2833 2923 2877 2895 0 1052 2232 3103 3640 3921 4082 4280 4255 4281 9001 14030 16390 17651 18397 18664 18773 19081 18950 19176 9001 19997 31773 44114 56807 69699 82425 95463 108239 121189 
122286 22286 0 1022 1890 2449 2626 2802 2901 2887 2850 2859 0 1022 2251 3194 3665 4007 4186 4197 4184 4189 8894 13857 16419 17770 18380 18612 18619 18873 19093 19054 8894 19761 31645 44080 56817 69489 82251 95288 108276 121234 
122123 22123 0 985 1879 2397 2584 2823 2929 2785 2868 2873 0 985 2207 3174 3623 4000 4248 4177 4226 4236 9016 13743 16513 17846 18368 18766 18926 18844 18800 18973 9016 19765 31762 44207 56838 69726 82635 95367 108171 121024 
122488 22488 0 1031 1938 2357 2661 2765 2849 2853 3021 3013 0 1031 2272 3095 3688 3952 4140 4134 4311 4416 9208 14033 16359 17759 18451 18581 18826 18949 18872 19117 9208 20175 31963 44365 57146 69739 82550 95488 108397 121379 
122305 22305 0 1004 1974 2451 2605 2827 2845 2842 2901 2856 0 1004 2316 3225 3680 3982 4141 4240 4280 4217 9102 14094 16394 17637 18364 18646 18907 18931 19004 18980 9102 20101 31861 44174 56763 69547 82406 95249 108185 121155 
122074 22074 0 992 1889 2314 2612 2826 2866 2846 2839 2890 0 993 2187 3054 3596 3960 4159 4168 4175 4213 8891 13852 16214 17506 18426 18652 18786 18636 19122 19190 8891 19733 31533 43852 56504 69308 82130 94855 107967 120934 
122293 22293 0 1005 1932 2388 2658 2802 2901 2943 2836 2828 0 1005 2287 3155 3640 3948 4146 4260 4207 4188 9220 13851 16485 17821 18315 18568 19000 18891 18765 18882 9220 19986 31795 44189 56857 69617 82681 95546 108352 121183 
122397 22397 0 996 1924 2413 2759 2738 2885 2873 2941 2868 0 996 2296 3182 3826 4029 4131 4207 4308 4289 9147 14039 16495 17869 18421 18707 18746 18632 19099 18964 9147 20137 32017 44504 57313 70008 82831 95462 108511 121283 
122283 22283 0 1015 1885 2384 2585 2764 2859 2833 2955 3003 0 1015 2232 3108 3618 3938 4126 4117 4241 4378 8954 13873 16623 17701 18358 18681 18700 18797 19092 19069 8954 19845 31908 44271 56837 69587 82277 95129 108238 121215 
122567 22567 0 1042 1957 2372 2730 2846 2828 2940 2921 2931 0 1042 2320 3148 3767 4051 4078 4251 4296 4296 9010 13934 16383 17812 18470 18766 18848 18913 19052 18971 9010 19932 31771 44247 57010 69832 82654 95603 108627 121503 
122655 22655 0 1044 1891 2447 2780 2835 2882 2935 2911 2930 0 1045 2238 3192 3826 4074 4172 4279 4257 4255 8993 13970 16495 17865 18503 18865 19120 18969 18945 18762 8993 19922 31771 44287 57073 70048 83073 95916 108801 121529 
121976 21976 0 951 1865 2371 2635 2789 2765 2816 2845 2939 0 951 2186 3123 3652 3903 4107 4129 4181 4222 8818 13784 16456 17529 18333 18732 18721 18965 19009 19131 8818 19638 31539 43802 56523 69397 82068 94998 107883 120927 
122263 22263 0 977 1877 2534 2613 2838 2893 2888 2755 2888 0 977 2189 3231 3679 4034 4208 4228 4100 4189 9127 13950 16620 17822 18296 18768 19019 18753 18763 18638 9127 20002 31975 44539 57127 69983 82948 95688 108460 121199 
122471 22471 0 1010 1880 2399 2673 2877 2858 2924 2867 2983 0 1010 2219 3142 3710 4134 4179 4288 4266 4337 9105 14091 16231 17654 18276 18744 19002 19158 18811 19075 9105 20049 31734 44125 56613 69517 82531 95503 108148 121335 
122270 22270 0 1005 1927 2402 2675 2762 2911 2813 2933 2842 0 1005 2221 3157 3685 3973 4209 4201 4298 4184 8938 13819 16511 17817 18528 18841 18753 18732 18864 18813 8938 19768 31812 44248 57098 69927 82756 95479 108425 121241 
122482 22482 0 1036 1985 2431 2769 2750 2837 2868 2910 2896 0 1036 2335 3215 3836 3992 4095 4182 4258 4257 8981 13998 16685 17823 18369 18716 18743 18739 18967 18959 8981 19966 32004 44499 57152 69895 82743 95528 108510 121381 
122696 22696 0 1011 1945 2340 2801 2778 2899 3007 2941 2974 0 1011 2275 3127 3795 4025 4209 4372 4350 4390 8826 13869 16484 17931 18580 18694 18769 19006 19038 19255 8826 19736 31631 44127 56986 69710 82541 95561 108514 121544 
122093 22093 0 1000 1848 2419 2623 2830 2837 2805 2868 2863 0 1000 2200 3195 3653 3979 4178 4136 4189 4199 9019 13916 16420 17838 18234 18736 18942 18895 18810 18825 9019 19909 31717 44129 56647 69661 82594 95358 108203 120949 
122201 22201 0 984 1848 2395 2625 2791 2814 2969 2918 2857 0 984 2167 3125 3599 3976 4121 4280 4241 4225 8764 13933 16439 17660 18175 18705 18914 18884 19009 18987 8764 19717 31714 44094 56624 69525 82360 95296 108271 121063 
122474 22474 0 984 1860 2545 2651 2851 2918 2903 2893 2869 0 984 2198 3286 3766 4097 4238 4302 4236 4223 8799 13784 16631 17733 18451 18809 19097 18932 18802 19179 8799 19641 31627 44119 56866 69682 82754 95525 108319 121370 
122799 22799 0 1015 1905 2482 2666 2833 2957 2946 3036 2959 0 1015 2229 3192 3689 3979 4222 4316 4376 4331 9035 13923 16470 17775 18427 18728 18899 19226 19035 19021 9035 19942 31901 44324 57028 69797 82731 95860 108681 121675 
122318 22318 0 995 1979 2409 2612 2777 2825 2933 2924 2864 0 995 2324 3184 3649 3990 4148 4229 4271 4185 8965 14081 16731 17723 18319 18757 18799 18970 18978 18961 8965 19968 32038 44356 56956 69697 82474 95419 108442 121219 
122294 22294 0 1014 1954 2498 2649 2822 2820 2858 2851 2828 0 1014 2315 3266 3734 4061 4121 4187 4168 4193 9046 14011 16677 17972 18501 18573 18663 18823 18927 18855 9046 20038 32069 44636 57300 69943 82592 95436 108390 121208 
