106924 6924 0 119 347 482 674 886 952 1092 1177 1195 0 119 352 496 694 916 989 1135 1227 1245 2064 3853 5361 6570 7681 8507 9068 9795 10148 10565 2064 5846 11066 17457 24881 33077 41836 51254 61006 71165 
106908 6908 0 129 319 487 638 854 973 1117 1133 1258 0 130 323 496 658 879 1011 1161 1180 1298 1963 3763 5362 6499 7699 8578 9047 9827 10044 10735 1963 5664 10886 17165 24621 32923 41626 51093 60776 71132 
106999 6999 0 119 312 482 686 856 996 1105 1195 1248 0 119 315 500 705 879 1037 1135 1235 1290 1921 3750 5488 6742 7540 8551 9145 9774 10257 10563 1921 5621 10969 17481 24765 33043 41850 51315 61234 71418 
107063 7063 0 126 316 530 703 907 955 1092 1190 1244 0 126 321 539 733 932 994 1133 1239 1306 2025 3799 5309 6573 7688 8732 9171 9769 10224 10511 2025 5762 10928 17288 24744 33191 42028 51423 61260 71373 
106968 6968 0 128 312 528 687 839 999 1015 1213 1247 0 128 314 538 710 865 1031 1056 1253 1299 2007 3757 5334 6629 7718 8666 9224 9795 10357 10357 2007 5687 10889 17293 24743 33083 42004 51421 61411 71417 
106947 6947 0 121 285 505 695 872 972 1052 1201 1244 0 121 289 516 719 906 1001 1089 1255 1292 2012 3781 5221 6634 7665 8431 9252 9714 10188 10423 2012 5715 10804 17241 24659 32786 41736 51096 60918 70973 
106977 6977 0 124 314 506 682 823 1030 1084 1187 1227 0 124 321 516 706 846 1064 1124 1231 1266 2038 3783 5321 6603 7647 8546 9268 9727 10190 10708 2038 5759 10939 17358 24747 33017 41962 51331 61141 71445 
107080 7080 0 131 302 531 696 850 946 1136 1225 1263 0 131 306 536 716 875 970 1175 1264 1315 2068 3735 5336 6755 7653 8462 9148 9713 10404 10579 2068 5729 10939 17497 24891 33058 41884 51258 61286 71466 
106896 6896 0 118 309 501 674 842 993 1065 1171 1223 0 118 313 518 696 872 1017 1114 1207 1269 1984 3711 5197 6634 7673 8528 9248 9770 10180 10446 1984 5621 10686 17095 24517 32764 41689 51104 60901 70921 
106981 6981 0 125 320 522 679 830 958 1055 1176 1316 0 125 321 538 699 862 984 1094 1222 1361 2006 3726 5364 6633 7661 8547 9116 9701 10159 10717 2006 5658 10894 17344 24755 32971 41756 51117 60923 71254 
106905 6905 0 97 312 549 675 833 942 1097 1180 1220 0 97 317 561 696 864 983 1131 1219 1258 2025 3687 5377 6804 7530 8351 9109 9786 10196 10672 2025 5644 10880 17472 24744 32785 41572 51009 60858 71168 
107107 7107 0 122 324 540 691 835 978 1107 1190 1320 0 122 326 554 703 873 1013 1158 1239 1356 2015 3913 5231 6544 7735 8496 9235 9982 10119 10488 2015 5859 10923 17273 24777 32996 41912 51533 61268 71367 
107068 7068 0 129 317 499 701 845 1034 1058 1229 1256 0 129 320 512 727 880 1069 1089 1276 1312 2046 3757 5298 6705 7824 8434 9267 9876 10281 10488 2046 5721 10879 17370 24952 33057 41963 51488 61380 71460 
107002 7002 0 125 292 543 692 858 968 1089 1205 1230 0 125 298 554 712 891 996 1122 1247 1286 2004 3861 5298 6621 7748 8681 9203 9900 10067 10553 2004 5797 10935 17345 24843 33238 42147 51679 61381 71535 
106958 6958 0 135 312 505 702 844 943 1062 1197 1258 0 135 317 514 715 865 969 1104 1232 1305 1987 3846 5405 6623 7602 8460 9100 9704 10360 10427 1987 5770 11023 17435 24794 32962 41747 51132 61126 71195 
107116 7116 0 140 297 567 775 850 962 1114 1148 1263 0 140 299 576 793 883 992 1149 1192 1304 2043 3787 5516 6567 7694 8490 9118 9682 10202 10591 2043 5750 11128 17484 24918 33095 41875 51235 61035 71221 
107030 7030 0 98 347 487 721 841 970 1101 1221 1244 0 98 348 498 748 865 1009 1135 1271 1295 2019 3811 5334 6644 7569 8605 9290 9727 10322 10568 2019 5745 10927 17364 24685 32980 41938 51310 61274 71459 
106874 6874 0 116 328 497 698 839 980 1027 1163 1226 0 116 332 511 720 860 1031 1056 1216 1271 1959 3751 5317 6485 7673 8467 9179 9787 10259 10416 1959 5646 10838 17136 24548 32701 41514 50965 60830 70861 
107108 7108 0 117 326 515 721 870 1003 1063 1191 1302 0 117 329 528 733 900 1042 1099 1238 1343 1934 3763 5380 6756 7687 8574 9097 9858 10060 10734 1934 5620 10859 17402 24854 33148 41878 51407 61085 71442 
107042 7042 0 118 303 529 691 868 966 1087 1188 1292 0 119 306 537 715 895 1003 1122 1231 1335 2022 3902 5366 6692 7647 8544 9219 9724 10065 10620 2022 5847 11064 17573 24978 33214 42099 51499 61190 71445 
107077 7077 0 157 299 507 678 866 964 1079 1217 1310 0 157 306 524 694 895 993 1114 1267 1356 2035 3792 5380 6609 7603 8383 9161 9819 10277 10607 2035 5754 10998 17397 24736 32831 41689 51151 61050 71248 
107016 7016 0 119 353 516 737 815 957 1057 1226 1236 0 119 362 528 756 841 983 1092 1258 1278 1995 3877 5376 6561 7708 8585 8927 9798 10199 10593 1995 5801 11001 17380 24826 33101 41723 51183 61028 71258 
106900 6900 0 131 312 498 701 804 985 1084 1107 1278 0 131 318 511 710 834 1018 1118 1153 1317 2007 3761 5433 6555 7703 8387 9326 9845 10110 10786 2007 5696 11001 17347 24778 32850 41840 51311 61019 71398 
107025 7025 0 132 305 511 731 826 982 1107 1183 1248 0 132 307 522 751 867 1013 1139 1225 1281 2017 3751 5344 6628 7612 8492 9248 9865 10182 10611 2017 5701 10900 17311 24685 32896 41823 51308 61104 71345 
106895 6895 0 134 279 477 718 828 1027 984 1147 1301 0 134 285 482 734 865 1058 1032 1189 1343 2040 3873 5301 6619 7769 8448 9132 9689 10197 10562 2040 5832 10986 17433 24948 33096 41932 51280 61113 71274 
106950 6950 0 132 349 532 656 800 976 1100 1197 1208 0 132 351 556 680 823 1008 1134 1237 1253 1942 3829 5360 6539 7585 8530 9244 9791 10259 10405 1942 5707 10907 17235 24572 32830 41745 51197 61079 71102 
106882 6882 0 114 310 464 707 835 977 1059 1189 1227 0 114 315 480 724 854 1016 1107 1230 1270 1986 3782 5307 6666 7694 8622 9308 9601 10340 10554 1986 5700 10872 17317 24748 33097 42039 51262 61244 71386 
107021 7021 0 125 324 550 640 872 980 1060 1238 1232 0 125 329 560 659 901 1011 1095 1281 1279 1897 3826 5394 6507 7594 8506 9300 9699 10446 10520 1897 5663 10945 17252 24605 32831 41808 51152 61200 71320 
106877 6877 0 117 336 513 682 832 995 1026 1192 1184 0 117 343 523 697 867 1028 1065 1222 1231 1999 3821 5252 6601 7641 8502 9096 9812 10211 10605 1999 5746 10869 17284 24673 32891 41650 51101 60929 71131 
106961 6961 0 121 310 499 705 853 977 1045 1178 1273 0 121 313 507 721 873 1013 1076 1216 1323 1986 3716 5371 6636 7806 8557 9118 9823 10170 10716 1986 5628 10869 17308 24833 33094 41880 51333 61132 71428 
107045 7045 0 111 319 546 709 884 957 1115 1166 1238 0 111 321 553 733 903 990 1150 1213 1272 2013 3783 5451 6803 7685 8613 9210 9628 9991 10627 2013 5727 11037 17651 25080 33403 42290 51541 61148 71413 
106802 6802 0 129 318 479 668 784 957 1086 1173 1208 0 129 323 484 688 812 988 1118 1212 1251 1987 3855 5333 6551 7632 8368 9202 9823 10195 10496 1987 5763 10958 17299 24676 32761 41636 51138 60991 71096 
107139 7139 0 142 354 517 734 858 962 1119 1153 1300 0 143 357 530 757 881 990 1160 1189 1347 2076 3889 5403 6746 7776 8436 9135 9788 10109 10443 2076 5893 11162 17676 25213 33335 42150 51578 61321 71382 
106903 6903 0 132 338 474 666 835 984 1059 1156 1259 0 132 344 481 686 867 1025 1103 1197 1300 2013 3890 5324 6528 7672 8484 9193 9760 10187 10545 2013 5832 11035 17349 24764 32954 41819 51227 61047 71238 
107121 7121 0 129 330 537 710 866 951 1070 1243 1285 0 129 335 549 732 890 980 1115 1295 1332 2015 3880 5261 6525 7734 8545 9187 9708 10142 10717 2015 5824 10936 17276 24747 33008 41880 51234 60985 71324 
107077 7077 0 120 308 518 739 882 992 1133 1181 1204 0 120 312 530 760 902 1034 1172 1233 1260 2009 3796 5324 6604 7897 8674 9253 9631 10060 10447 2009 5734 10915 17321 24961 33341 42270 51578 61263 71302 
106947 6947 0 124 294 510 682 809 991 1092 1201 1244 0 124 297 521 704 836 1030 1138 1252 1291 2022 3853 5270 6694 7664 8575 9224 9646 10302 10716 2022 5813 10932 17433 24849 33118 41994 51288 61188 71531 
106864 6864 0 124 319 491 715 838 997 1043 1160 1177 0 124 321 498 743 863 1025 1093 1210 1229 2082 3748 5304 6460 7801 8653 9349 9547 10283 10433 2082 5751 10931 17211 24783 33109 42150 51308 61230 71284 
106927 6927 0 120 298 533 710 869 939 1065 1162 1231 0 120 300 541 736 895 974 1102 1208 1273 1933 3750 5317 6572 7732 8529 9267 9704 10277 10605 1933 5623 10804 17167 24632 32867 41781 51135 61020 71237 
107071 7071 0 108 307 530 719 853 1017 1150 1162 1225 0 108 313 543 738 882 1043 1189 1197 1270 1965 3781 5346 6749 7797 8598 9198 9579 10144 10521 1965 5675 10848 17401 24913 33185 42052 51295 61067 71213 
106998 6998 0 134 312 551 693 821 1039 1074 1215 1159 0 134 316 563 710 846 1080 1118 1268 1203 1996 3863 5391 6479 7729 8671 9243 9805 10250 10381 1996 5785 11025 17309 24806 33172 42033 51500 61357 71325 
106974 6974 0 113 334 535 672 829 1002 1058 1211 1220 0 113 338 548 692 853 1036 1104 1246 1264 2009 3739 5314 6598 7587 8314 9274 9758 10345 10672 2009 5676 10841 17253 24605 32656 41590 50993 60934 71214 
107111 7111 0 127 338 521 740 838 936 1096 1249 1266 0 127 344 530 762 874 967 1134 1296 1315 2003 3881 5357 6605 7668 8604 9191 9752 10254 10651 2003 5816 11023 17434 24834 33129 41989 51403 61277 71507 
106881 6881 0 121 307 524 702 838 948 1077 1150 1214 0 121 311 538 721 869 978 1119 1186 1255 2006 3768 5311 6544 7781 8458 9231 9748 10166 10534 2006 5687 10844 17186 24749 32889 41804 51184 60974 71144 
107068 7068 0 129 313 542 688 849 1005 1094 1207 1241 0 129 316 554 701 872 1046 1134 1245 1295 2008 3737 5284 6618 7545 8583 9262 9776 10333 10616 2008 5674 10827 17249 24563 32872 41811 51241 61182 71389 
106961 6961 0 116 339 495 648 854 909 1123 1194 1283 0 117 345 508 663 875 938 1160 1233 1322 1936 3770 5357 6571 7564 8728 9029 9854 10138 10541 1936 5643 10875 17229 24564 32969 41677 51146 60951 71134 
106998 6998 0 123 279 493 712 849 1019 1047 1194 1282 0 124 286 504 727 891 1054 1088 1228 1329 1974 3695 5338 6673 7615 8613 9107 9879 10270 10462 1974 5607 10807 17272 24651 32947 41698 51232 61116 71201 
106913 6913 0 110 311 494 697 809 956 1132 1174 1230 0 110 315 505 719 839 989 1185 1209 1282 1962 3677 5302 6614 7666 8538 9115 9864 10342 10657 1962 5571 10735 17139 24550 32795 41540 51000 60969 71172 
107000 7000 0 136 315 535 723 820 1006 1057 1182 1226 1 136 318 546 752 843 1035 1085 1228 1269 2009 3850 5290 6711 7724 8420 9355 9761 10144 10600 2009 5783 10944 17479 24964 33111 42129 51548 61324 71561 
106913 6913 0 136 338 472 693 826 959 1099 1174 1216 0 136 344 480 705 851 990 1136 1216 1281 1923 3762 5287 6715 7655 8473 9250 9948 10194 10618 1923 5613 10754 17262 24649 32819 41711 51318 61141 71343 
106904 6904 0 126 297 522 619 899 915 1118 1150 1258 0 126 300 534 629 918 948 1150 1202 1297 1994 3767 5374 6611 7672 8484 9255 9813 10306 10521 1994 5692 10919 17323 24764 32974 41911 51367 61290 71438 
107128 7128 0 144 346 497 728 874 1003 1107 1183 1246 0 144 354 503 757 895 1035 1149 1225 1307 1965 3741 5351 6751 7746 8561 9196 9796 10153 10456 1965 5649 10856 17407 24888 33167 42009 51447 61257 71306 
107111 7111 0 139 288 499 720 871 1016 1072 1191 1315 0 139 289 508 741 897 1054 1102 1236 1361 2035 3719 5260 6727 7701 8437 9243 9723 10363 10627 2035 5691 10811 17348 24805 32951 41830 51226 61191 71448 
107018 7018 0 125 325 540 716 845 1040 1105 1136 1186 0 125 334 560 731 871 1075 1155 1175 1232 1950 3762 5209 6759 7755 8441 9114 9656 10298 10718 1950 5644 10717 17280 24763 32897 41686 50973 60896 71244 
106789 6789 0 145 304 503 681 840 893 1049 1181 1193 0 145 312 514 700 871 915 1096 1225 1247 2001 3791 5381 6560 7671 8530 9244 9788 10248 10534 2001 5709 10949 17299 24698 32943 41858 51264 61133 71279 
107089 7089 0 125 317 541 724 886 973 1122 1177 1224 0 125 321 558 736 914 1004 1166 1222 1275 2014 3756 5324 6577 7680 8668 9165 9950 10164 10632 2014 5689 10873 17246 24650 32998 41835 51424 61212 71470 
106976 6976 0 149 299 524 770 821 984 1075 1171 1183 0 149 306 537 784 843 1015 1106 1218 1233 2059 3789 5464 6680 7833 8426 9285 9745 9999 10598 2059 5778 11100 17571 25142 33276 42266 51667 61291 71457 
106810 6810 0 122 303 521 691 803 954 1055 1128 1233 0 122 307 536 720 841 990 1083 1179 1272 2019 3798 5160 6549 7706 8455 9228 9731 10287 10484 2019 5748 10762 17120 24596 32746 41645 51019 60936 71042 
107016 7016 0 141 280 504 701 839 1003 1054 1254 1240 1 141 288 518 728 866 1038 1099 1285 1290 2055 3721 5312 6713 7472 8553 9274 9895 10262 10523 2055 5688 10848 17332 24544 32810 41743 51292 61170 71288 
106915 6915 0 127 344 484 700 875 1035 1051 1113 1186 0 127 349 494 721 909 1078 1090 1167 1227 2047 3869 5372 6498 7640 8636 9239 9610 10266 10581 2047 5851 11062 17357 24740 33069 41985 51248 61129 71293 
106996 6996 0 144 329 524 675 823 1011 1098 1146 1246 0 144 335 541 700 850 1046 1148 1194 1293 2004 3671 5431 6644 7805 8636 9166 9647 10216 10623 2004 5599 10896 17311 24834 33150 41969 51233 61073 71325 
107192 7192 0 117 342 527 734 906 1004 1121 1220 1221 0 117 347 543 752 932 1034 1157 1273 1265 2056 3764 5309 6691 7764 8636 9135 9891 10221 10524 2056 5755 10922 17382 24891 33211 42021 51554 61380 71504 
107252 7252 0 137 331 557 732 832 1115 1062 1203 1283 0 137 336 570 752 856 1146 1107 1242 1348 2003 3851 5350 6658 7786 8487 9280 9648 10346 10741 2003 5786 10983 17433 24956 33130 42098 51390 61352 71658 
106939 6939 0 133 263 518 664 849 970 1139 1178 1225 0 133 268 531 679 873 1009 1181 1227 1280 1964 3798 5289 6600 7721 8489 9316 9986 10187 10557 1964 5687 10832 17218 24701 32884 41863 51474 61292 71442 
107053 7053 0 138 330 536 709 813 986 1081 1209 1251 0 138 335 546 727 845 1018 1129 1246 1291 2006 3868 5366 6688 7591 8548 9324 9872 10262 10460 2006 5788 11022 17515 24849 33085 42040 51540 61432 71514 
106985 6985 0 121 333 525 705 834 949 1053 1167 1298 0 121 337 543 726 867 974 1094 1215 1347 1971 3795 5374 6664 7808 8518 9107 9854 10107 10715 1971 5697 10936 17382 24940 33161 41948 51454 61176 71493 
106955 6955 0 124 342 490 671 904 949 1059 1169 1247 0 124 345 505 688 925 980 1105 1209 1287 1968 3851 5316 6652 7513 8690 9169 9728 10241 10472 1968 5747 10921 17383 24669 33051 41892 51256 61135 71209 
107169 7169 0 115 299 537 696 889 1068 1101 1166 1298 0 115 301 547 717 922 1100 1137 1211 1338 1998 3791 5509 6734 7694 8620 9339 9799 10112 10719 1998 5712 11084 17609 25038 33363 42351 51823 61557 71863 
107077 7077 0 135 297 516 690 838 987 1108 1231 1275 0 136 299 527 710 864 1022 1147 1263 1321 2034 3773 5306 6678 7648 8430 9325 9739 10189 10560 2034 5733 10896 17348 24750 32885 41900 51274 61084 71278 
106998 6998 0 131 322 560 660 793 979 1098 1183 1272 0 131 325 572 683 819 1009 1127 1230 1322 2081 3769 5372 6696 7684 8517 9237 9725 10199 10614 2081 5772 11006 17489 24907 33129 42039 51455 61293 71528 
107116 7116 0 139 331 543 716 851 992 1103 1145 1296 0 139 337 546 733 870 1021 1137 1190 1346 2036 3816 5507 6677 7706 8620 9169 9691 10088 10615 2036 5788 11159 17643 25099 33405 42242 51580 61306 71543 
106960 6960 0 113 321 505 677 887 986 1061 1158 1252 0 113 325 517 698 919 1022 1104 1200 1298 1931 3843 5246 6564 7655 8592 9176 9682 10144 10602 1931 5689 10782 17142 24552 32841 41710 51051 60814 71009 
106916 6916 0 148 312 521 696 777 971 1111 1159 1221 0 148 323 524 713 798 1000 1159 1211 1262 1977 3928 5445 6637 7712 8396 9210 9843 10137 10524 1977 5844 11137 17573 25051 33144 42020 51495 61231 71377 
107016 7016 0 126 332 518 665 877 962 1110 1175 1251 0 126 341 529 690 900 993 1144 1225 1296 2029 3773 5360 6599 7571 8555 9250 9917 10076 10461 2029 5718 10947 17345 24657 32941 41893 51467 61185 71240 
107070 7070 0 111 345 495 690 918 951 1086 1162 1312 0 111 352 508 702 937 974 1113 1208 1362 1906 3785 5472 6601 7526 8750 9116 9834 10030 10494 1906 5613 10945 17329 24601 33067 41870 51373 61007 71145 
106830 6830 0 121 286 516 665 794 995 1057 1164 1232 0 121 290 525 687 814 1031 1104 1197 1281 1953 3816 5289 6637 7675 8335 9156 9651 10121 10625 1953 5714 10852 17305 24744 32794 41647 50960 60728 70968 
107071 7071 0 127 341 510 727 852 936 1100 1204 1274 0 127 346 523 745 885 962 1134 1243 1312 1917 3722 5421 6743 7517 8528 9221 9851 10303 10656 1917 5569 10828 17361 24595 32806 41683 51192 61105 71367 
106962 6962 0 106 325 521 657 834 1008 1077 1171 1263 0 106 328 530 684 855 1044 1120 1216 1304 2030 3714 5282 6653 7600 8657 9236 9740 10103 10637 2030 5677 10820 17261 24612 32972 41853 51220 60941 71207 
106919 6919 0 117 333 519 699 875 950 1028 1221 1177 0 117 338 527 726 890 986 1056 1252 1211 1984 3718 5275 6602 7724 8560 9114 9804 10084 10500 1984 5631 10754 17175 24653 32903 41701 51156 60853 70984 
106878 6878 0 124 309 491 693 841 945 1089 1160 1226 0 124 312 502 705 871 985 1131 1210 1279 1957 3824 5277 6648 7720 8488 9084 9825 10150 10702 1957 5712 10850 17305 24769 32935 41684 51126 60891 71198 
107111 7111 0 133 309 517 719 895 1018 1084 1206 1230 0 134 311 529 741 921 1051 1135 1242 1285 1991 3828 5336 6623 7730 8692 9275 9771 10246 10634 1991 5737 10922 17319 24827 33267 42217 51618 61464 71689 
106954 6954 0 130 310 540 663 850 1027 1061 1165 1208 0 130 319 553 684 875 1048 1105 1201 1253 2050 3739 5345 6719 7583 8557 9181 9890 10126 10319 2050 5715 10926 17443 24787 33064 41918 51478 61243 71195 
107014 7014 0 151 335 522 675 859 947 1071 1149 1305 0 151 342 540 692 881 979 1112 1177 1341 1979 3853 5449 6617 7571 8478 9279 9761 10209 10624 1979 5748 11046 17441 24736 32950 41881 51288 61134 71382 
107163 7163 0 124 302 544 698 829 1052 1155 1196 1263 0 124 308 560 724 851 1086 1200 1244 1316 1962 3795 5375 6763 7672 8574 9266 9870 10235 10586 1962 5692 10906 17458 24878 33152 42084 51591 61470 71639 
107020 7020 0 111 290 499 720 858 959 1076 1178 1329 0 111 298 511 744 879 989 1122 1219 1382 1949 3657 5393 6610 7738 8419 9222 9755 10274 10580 1949 5536 10767 17173 24645 32757 41648 51029 60960 71175 
107086 7086 0 133 345 552 718 881 925 1044 1222 1266 0 133 351 564 743 923 956 1080 1264 1326 1975 3874 5284 6750 7740 8498 9109 9841 10271 10641 1975 5785 10923 17460 24937 33135 41914 51429 61300 71516 
107036 7036 0 125 298 533 696 894 995 1096 1192 1207 0 126 299 542 710 929 1028 1132 1236 1247 2028 3751 5441 6639 7637 8479 9364 9667 10188 10540 2028 5707 11000 17446 24821 32965 42013 51324 61133 71294 
107125 7125 0 139 329 521 729 893 947 1109 1158 1300 0 139 333 535 755 920 984 1149 1214 1356 2047 3872 5500 6677 7727 8540 9036 9789 10188 10402 2047 5848 11187 17651 25107 33367 42106 51542 61349 71350 
107054 7054 0 125 334 524 700 857 966 1119 1204 1225 0 125 337 536 725 877 1009 1149 1247 1274 2065 3828 5280 6568 7662 8420 9256 9766 10403 10621 2065 5818 10962 17339 24769 32911 41847 51220 61264 71474 
106895 6895 0 146 329 556 672 805 918 1078 1158 1233 0 146 338 570 697 843 941 1113 1196 1282 1949 3834 5371 6556 7643 8431 9211 9855 10187 10613 1949 5701 10917 17266 24627 32729 41618 51157 60960 71160 
107096 7096 0 118 322 538 752 883 960 1110 1175 1238 0 118 323 553 772 906 998 1150 1213 1289 1942 3900 5465 6791 7722 8491 9056 9587 10290 10506 1942 5771 11094 17684 25139 33338 42074 51308 61222 71308 
107176 7176 0 121 318 524 724 881 982 1147 1237 1242 0 121 319 539 749 913 1017 1185 1284 1292 2044 3838 5366 6623 7700 8528 9292 9869 10156 10777 2044 5799 11025 17446 24925 33154 42108 51608 61383 71748 
107042 7042 0 130 303 560 721 854 970 1083 1169 1252 0 130 307 573 743 885 999 1115 1201 1293 1990 3832 5373 6652 7623 8383 9286 9787 10209 10564 1990 5744 10985 17443 24833 32903 41888 51322 61175 71402 
106947 6947 0 125 342 511 674 841 987 1077 1148 1242 0 125 349 520 696 877 1017 1115 1194 1283 1997 3780 5358 6637 7647 8567 9073 9746 10238 10584 1997 5704 10926 17339 24729 32990 41742 51140 61010 71225 
107072 7072 0 124 327 538 697 855 968 1080 1233 1250 0 124 332 550 711 886 1006 1122 1272 1305 1978 3867 5346 6611 7618 8593 9117 9867 10253 10400 1978 5767 10947 17337 24724 33028 41802 51316 61198 71213 
107008 7008 0 126 324 468 719 862 999 1061 1197 1252 0 127 331 481 733 895 1038 1105 1238 1298 2025 3701 5262 6791 7610 8558 9288 9763 10231 10712 2025 5645 10776 17356 24701 32952 41893 51261 61108 71390 
107055 7055 0 117 312 525 696 877 977 1077 1192 1282 0 117 316 538 718 895 1014 1116 1225 1336 2007 3746 5350 6682 7687 8668 9252 9792 10097 10566 2007 5682 10901 17390 24817 33211 42136 51574 61289 71451 
107091 7091 0 137 321 546 643 862 1019 1103 1219 1241 0 137 326 559 664 883 1058 1142 1261 1301 2016 3912 5360 6669 7600 8459 9276 9736 10198 10612 2016 5845 11071 17559 24938 33109 42042 51412 61227 71467 
107069 7069 0 123 321 528 722 877 970 1055 1181 1292 0 123 326 543 733 904 1008 1090 1221 1332 2067 3716 5333 6732 7709 8560 9242 9659 10394 10681 2067 5705 10873 17398 24837 33092 41992 51320 61328 71616 
107079 7079 0 115 348 503 689 853 1008 1071 1170 1322 0 115 349 512 703 879 1041 1115 1217 1356 2078 3725 5460 6610 7575 8459 9212 9780 10239 10664 2078 5731 11047 17461 24790 32959 41840 51244 61085 71369 
