102021 2021 0 4 15 43 85 171 248 366 501 588 0 4 15 51 96 195 296 464 656 811 2029 3958 5831 7671 9435 10945 12494 13765 15135 16284 2029 5642 10473 16384 23238 30805 39025 47646 56832 66394 
101992 1992 0 1 10 43 97 145 273 350 467 606 0 1 10 47 107 176 318 427 618 810 2004 3954 5790 7563 9258 10966 12402 13760 15152 16434 2004 5588 10412 16295 23051 30680 38857 47509 56640 66271 
102081 2081 0 3 18 47 108 172 287 342 442 662 0 3 18 50 116 194 340 448 600 862 2004 3929 5881 7737 9446 11006 12516 13689 15061 16266 2004 5564 10472 16485 23372 30908 39021 47553 56634 66158 
102096 2096 0 4 24 60 92 164 260 348 473 671 0 4 26 67 105 199 326 452 612 874 1969 4063 5834 7793 9578 10972 12514 13799 14967 16242 1969 5707 10597 16650 23619 31147 39319 47957 57022 66552 
102023 2023 0 3 15 59 98 175 270 333 452 618 0 3 15 61 112 198 331 439 585 813 2005 3917 5778 7581 9322 10819 12565 13855 15249 16218 2005 5582 10403 16380 23112 30632 38889 47511 56752 66249 
102062 2062 0 5 15 49 108 166 265 379 487 588 0 5 15 50 123 199 318 468 664 805 2011 3975 5942 7668 9405 10956 12349 13744 15144 16503 2011 5640 10611 16550 23406 30882 38998 47674 56759 66417 
102099 2099 0 2 17 56 97 155 250 379 507 636 0 2 18 62 107 187 301 465 669 857 1988 4045 5909 7583 9218 11051 12224 13969 15202 16449 1988 5657 10579 16430 23127 30700 38703 47682 56860 66471 
101989 1989 0 5 15 56 109 156 248 334 502 564 0 5 16 59 119 186 305 420 624 787 1976 3930 5791 7702 9440 10955 12494 13873 15043 16197 1976 5517 10373 16394 23284 30800 38932 47557 56659 66195 
102041 2041 0 2 17 47 95 160 257 375 530 558 0 2 18 51 107 191 303 472 664 785 2062 3958 5831 7593 9301 11113 12485 13725 15101 16315 2062 5644 10485 16362 23195 30903 39110 47660 56818 66294 
102131 2131 0 5 21 49 88 194 245 379 500 650 0 5 24 54 96 218 307 487 657 857 1991 3933 6007 7645 9358 10982 12426 13662 15301 16219 1991 5589 10669 16571 23366 30938 39179 47718 56838 66350 
102005 2005 0 4 20 46 86 173 237 332 499 608 0 4 20 48 96 194 293 429 632 832 1981 3942 5834 7698 9491 10895 12464 13714 15114 16439 1981 5566 10445 16444 23421 30944 39078 47704 56835 66465 
102041 2041 0 3 19 57 105 171 242 349 471 624 0 3 20 58 123 203 283 466 616 845 1971 4014 5840 7638 9556 11156 12405 13783 15267 16365 1971 5635 10586 16476 23468 31163 39233 47829 57016 66553 
102060 2060 0 2 20 58 98 173 248 347 477 637 0 2 21 60 114 201 321 430 634 854 1987 3893 5976 7694 9247 10865 12482 13786 15170 16258 1987 5495 10541 16479 23283 30804 39139 47783 56904 66330 
101983 1983 0 3 20 47 99 144 280 326 452 612 0 3 21 54 110 171 328 410 600 831 2015 3972 5789 7477 9295 10859 12274 13762 15144 16251 2015 5637 10460 16226 22992 30514 38549 47222 56307 65894 
102082 2082 0 3 14 35 94 183 276 369 482 626 0 3 15 38 105 209 328 470 622 877 2007 4051 5779 7665 9345 10990 12557 13777 15121 16352 2007 5696 10505 16473 23254 30830 39167 47717 56825 66413 
102038 2038 0 2 12 53 102 158 264 369 470 608 0 2 13 56 107 174 313 467 619 810 2004 3945 5854 7724 9210 10813 12396 13955 15111 16293 2004 5588 10453 16478 23254 30705 38873 47619 56746 66357 
102056 2056 0 5 21 38 92 171 231 369 492 637 0 5 21 41 101 196 286 459 639 866 1855 3865 5884 7669 9237 10978 12419 13948 15188 16494 1855 5407 10354 16316 23036 30676 38778 47555 56634 66316 
101937 1937 0 7 15 52 83 148 241 326 466 599 0 7 15 56 95 176 283 412 605 768 1963 3869 5810 7678 9354 10924 12379 13712 15213 16257 1963 5472 10348 16370 23180 30698 38799 47397 56633 66070 
102054 2054 0 2 19 41 103 168 280 338 477 626 0 2 20 45 112 189 333 427 592 854 2036 4029 5944 7715 9291 10866 12338 13789 15122 16411 2036 5688 10653 16653 23375 30883 38989 47573 56782 66359 
102013 2013 0 1 17 49 96 179 247 364 479 581 0 1 18 53 102 204 299 460 640 773 1972 4008 5896 7658 9383 10989 12366 13860 15112 16227 1972 5647 10599 16605 23464 30989 39083 47710 56797 66365 
101945 1945 0 3 21 46 88 144 240 348 477 578 0 3 21 50 98 170 277 433 615 786 1957 3885 5840 7696 9335 10848 12578 13926 15005 16160 1957 5523 10461 16404 23215 30628 38897 47660 56616 66026 
102018 2018 0 4 18 48 92 157 237 374 502 586 0 4 20 53 110 178 285 468 662 799 1969 3971 5797 7668 9486 10900 12309 13912 15087 16253 1969 5571 10421 16342 23227 30726 38802 47497 56575 66202 
102034 2034 0 3 19 41 85 178 238 404 462 604 0 3 19 45 94 198 286 512 609 793 2018 3961 5812 7645 9290 10907 12326 13948 15152 16396 2018 5653 10478 16446 23183 30630 38786 47557 56745 66425 
102009 2009 0 3 10 44 89 159 280 368 471 585 0 3 10 48 97 181 325 468 612 778 2017 3901 5848 7522 9376 10969 12430 14045 15208 16357 2017 5562 10468 16369 23160 30702 38856 47724 56994 66633 
102142 2142 0 4 17 62 106 173 245 411 495 629 1 4 19 65 120 201 302 505 667 832 1932 4057 6022 7785 9367 10935 12499 13843 15117 16308 1932 5628 10606 16683 23468 31023 39176 47900 56934 66507 
102056 2056 0 3 19 44 91 182 277 357 487 596 0 3 20 52 104 206 338 461 639 810 2020 3945 5789 7552 9374 10881 12587 13750 15114 16339 2020 5598 10461 16347 23231 30800 39057 47689 56797 66379 
102014 2014 0 5 22 51 101 149 260 315 525 586 0 5 25 57 117 172 319 400 651 803 1940 4006 5790 7826 9345 10836 12605 13901 15187 16298 1940 5595 10415 16505 23329 30784 39103 47774 56897 66414 
102019 2019 0 3 18 39 100 156 249 359 509 586 0 3 18 42 109 180 302 453 629 800 1917 3900 5784 7706 9303 11029 12431 14129 15149 16257 1917 5461 10362 16352 23121 30707 38912 47725 56916 66407 
102060 2060 0 3 11 40 92 152 271 364 490 637 0 3 11 43 103 180 312 470 640 831 1930 3980 5906 7734 9402 11021 12543 13984 15256 16324 1930 5581 10519 16537 23380 30937 39156 47831 56952 66633 
102169 2169 0 2 21 49 119 168 268 402 483 657 0 2 23 53 127 200 324 488 647 866 2078 3978 5923 7663 9445 10966 12402 13882 15000 16634 2078 5704 10619 16573 23492 31019 39097 47870 56831 66613 
102010 2010 0 1 22 41 103 186 225 356 506 570 0 1 23 46 109 215 284 443 646 807 2082 3954 5906 7677 9344 11000 12354 13955 14967 16250 2082 5670 10602 16529 23311 30872 38901 47743 56811 66280 
102128 2128 0 4 16 46 111 185 260 366 503 637 0 4 17 50 120 212 317 465 634 838 1965 3885 5842 7703 9414 11039 12494 14102 15127 16248 1965 5499 10396 16386 23231 30876 38974 47797 56836 66372 
102024 2024 0 5 15 46 107 179 262 349 459 602 0 5 15 50 117 213 335 451 614 804 2026 3932 5804 7630 9233 10843 12372 13842 15100 16341 2026 5584 10435 16389 23162 30645 38704 47439 56578 66133 
102050 2050 0 6 19 41 117 149 240 331 510 637 0 6 19 46 127 177 297 408 659 853 2035 4030 6017 7622 9423 11009 12366 13858 15270 16323 2035 5727 10719 16673 23558 31021 39093 47794 57040 66613 
102037 2037 0 2 18 51 95 178 255 373 472 593 0 2 18 53 107 205 320 464 631 789 1973 3947 5801 7453 9355 10906 12629 13906 15110 16218 1973 5556 10442 16273 23125 30696 39076 47866 56917 66392 
102112 2112 0 1 15 42 95 169 267 417 475 631 0 1 15 48 105 195 312 516 628 841 1886 3925 5951 7586 9542 10887 12208 13839 15296 16171 1886 5510 10504 16442 23438 30917 38967 47685 56956 66305 
102031 2031 0 4 22 49 87 159 231 354 465 660 0 5 24 54 100 187 278 447 590 876 1982 4024 5886 7583 9341 10852 12362 13788 15104 16201 1982 5641 10576 16466 23256 30725 38906 47579 56701 66192 
102091 2091 0 1 19 36 105 183 254 382 479 632 0 1 19 36 112 211 316 468 608 846 2046 3987 5809 7661 9531 10867 12431 13961 15049 16166 2046 5661 10542 16508 23389 30785 39005 47767 56789 66232 
102023 2023 0 2 14 58 103 172 256 365 461 592 0 2 14 59 113 215 309 456 620 780 1962 3918 5957 7624 9337 10976 12433 13777 15136 16417 1962 5544 10539 16471 23283 30819 38941 47536 56790 66288 
101977 1977 0 3 8 43 101 153 260 361 454 594 0 3 9 44 117 183 310 449 602 798 2057 3925 5829 7666 9418 10953 12418 13874 15126 16338 2057 5632 10492 16422 23261 30727 38896 47602 56740 66270 
102005 2005 0 4 16 44 101 169 226 375 468 602 0 4 17 45 113 202 274 462 594 814 1996 3989 5861 7647 9452 11078 12472 13812 15032 16173 1996 5620 10505 16445 23388 30916 39052 47764 56828 66367 
101998 1998 0 6 19 49 105 163 223 362 470 601 0 6 21 53 118 195 285 444 602 797 1981 3937 5861 7738 9291 11088 12315 13867 15199 16359 1981 5555 10487 16506 23322 30966 38963 47679 56866 66490 
102048 2048 0 4 18 48 101 166 264 360 484 603 1 4 18 51 108 191 321 468 645 809 2016 4020 5746 7589 9366 10925 12608 14000 15210 16315 2016 5638 10482 16443 23276 30769 39074 47855 57010 66415 
102027 2027 0 2 23 51 85 160 260 350 486 610 0 2 24 53 95 181 322 415 634 851 2044 3939 5893 7640 9451 11077 12518 13820 15017 16233 2044 5626 10556 16481 23392 31008 39150 47822 56868 66390 
102018 2018 0 2 18 51 103 168 252 340 467 617 0 2 20 52 115 195 305 432 625 822 1973 3937 5681 7647 9413 10810 12405 13776 15112 16339 1973 5570 10366 16406 23255 30667 38863 47479 56591 66128 
102046 2046 0 3 20 43 93 164 267 379 461 616 0 3 20 51 108 193 330 472 614 826 1965 3786 5917 7631 9338 11061 12442 13878 15069 16223 1965 5424 10417 16418 23244 30877 38995 47801 56875 66357 
102047 2047 0 3 16 31 93 149 249 372 513 621 0 3 16 33 104 170 305 458 641 833 1931 3957 5858 7570 9467 10854 12383 13872 14931 16356 1931 5534 10447 16331 23266 30713 38800 47545 56688 66287 
102085 2085 0 4 18 39 93 177 275 387 468 624 0 4 18 43 106 204 318 477 625 837 1988 3950 5785 7682 9332 10954 12381 13717 15368 16328 1988 5584 10468 16458 23270 30822 38923 47491 56768 66240 
101959 1959 0 4 15 44 101 163 249 354 436 593 1 4 16 47 112 192 301 448 580 794 1999 3925 5739 7725 9330 10898 12507 13887 14959 16501 1999 5575 10362 16385 23147 30649 38930 47587 56676 66353 
101980 1980 0 2 25 36 98 139 242 356 466 616 0 2 26 47 104 164 291 444 599 799 2031 3917 5881 7508 9590 10844 12306 13781 15051 16380 2031 5595 10512 16358 23472 30896 38979 47585 56719 66312 
102009 2009 0 2 23 45 109 171 243 365 453 598 1 2 24 52 127 199 291 447 616 824 1990 3934 5823 7560 9321 11063 12578 13946 15224 16263 1990 5571 10444 16263 23068 30705 38961 47782 56926 66250 
101988 1988 0 5 18 41 106 162 248 337 451 620 0 5 18 47 124 189 302 428 574 814 2076 4109 5869 7654 9393 10970 12397 13741 15177 16308 2076 5802 10683 16592 23434 31011 39088 47672 56820 66250 
102065 2065 0 3 20 48 125 172 247 351 494 605 0 3 21 52 136 211 298 451 652 832 2019 3908 5869 7759 9441 11027 12366 13776 15290 16160 2019 5599 10504 16544 23414 31047 39050 47719 56987 66404 
102045 2045 0 5 22 50 95 171 267 356 461 618 0 5 24 53 108 198 330 465 592 838 2003 3926 5778 7699 9438 10928 12636 13919 15268 16395 2003 5556 10377 16397 23275 30810 39055 47803 57065 66627 
102052 2052 0 3 10 62 115 171 237 357 469 628 0 3 10 68 132 205 296 460 619 844 2083 3934 5789 7623 9163 10911 12306 13585 15232 16414 2083 5648 10466 16395 23118 30654 38751 47369 56610 66269 
102039 2039 0 4 13 40 112 175 266 381 461 587 1 4 13 43 118 198 319 493 602 776 2008 3925 5855 7657 9422 10896 12529 13765 15138 16220 2008 5570 10468 16385 23297 30731 38922 47530 56646 66100 
102114 2114 0 5 17 44 93 179 256 388 503 629 0 5 20 47 104 207 308 497 664 861 1969 3920 5984 7607 9202 10999 12297 13809 15078 16301 1969 5544 10527 16462 23147 30665 38733 47469 56641 66205 
102024 2024 0 5 17 42 95 169 257 356 469 614 0 5 18 45 107 197 303 463 610 818 1990 4003 5902 7586 9520 11094 12393 13784 15110 16100 1990 5596 10568 16463 23434 31018 39069 47604 56845 66251 
102004 2004 0 3 11 37 101 158 250 328 499 617 0 3 12 38 109 184 303 420 645 841 1855 3863 5791 7503 9227 10923 12574 13849 14981 16219 1855 5402 10283 16117 22877 30460 38711 47393 56495 65961 
102025 2025 0 3 12 43 90 183 276 383 478 557 0 3 13 47 99 211 325 490 630 776 2082 3827 5734 7506 9247 10912 12472 13860 15103 16322 2082 5571 10390 16175 22931 30531 38656 47467 56636 66126 
102090 2090 0 3 23 55 115 177 282 339 461 635 0 3 23 57 130 215 350 448 595 828 1999 3924 5879 7771 9484 11095 12559 13895 15189 16309 1999 5555 10494 16524 23493 31164 39355 48028 57198 66652 
102000 2000 0 2 25 39 104 160 249 350 475 596 0 2 25 47 114 191 297 435 629 812 1947 3905 5737 7678 9368 10955 12404 13929 14968 16257 1947 5520 10375 16352 23158 30652 38906 47649 56579 66166 
102078 2078 0 5 17 53 119 174 251 363 489 607 0 5 17 57 130 207 312 471 634 827 1973 3921 5847 7624 9286 10976 12607 13893 15115 16527 1973 5555 10441 16365 23184 30771 39049 47633 56847 66450 
102094 2094 0 2 15 44 125 168 277 386 473 604 0 2 15 47 132 199 343 484 634 831 2033 3912 5805 7796 9227 10959 12412 13823 15111 16300 2033 5566 10413 16507 23203 30768 38866 47516 56614 66182 
101987 1987 0 3 16 44 86 151 243 353 435 656 0 3 17 52 103 171 287 440 572 863 2013 4021 5702 7614 9248 10859 12400 13565 15019 16302 2013 5697 10469 16416 23195 30638 38760 47293 56368 66047 
102013 2013 0 4 23 57 89 172 245 365 474 584 0 4 23 63 107 217 291 467 609 800 1941 4014 5975 7668 9190 10959 12328 13853 15048 16214 1941 5595 10591 16518 23231 30665 38800 47483 56659 66065 
102067 2067 0 2 15 41 85 156 276 344 517 631 0 2 17 47 97 182 342 444 640 827 1956 3917 5896 7698 9339 10996 12529 13843 15287 16527 1956 5527 10460 16466 23254 30827 38967 47657 57031 66718 
102130 2130 0 4 20 45 105 166 278 368 515 629 0 4 21 47 114 188 322 471 667 842 1985 3866 5791 7555 9466 10919 12211 13763 15184 16374 1985 5514 10409 16369 23270 30763 38824 47451 56676 66196 
102087 2087 0 2 17 51 94 167 308 355 481 612 0 2 17 53 108 198 364 460 635 836 2007 3931 6009 7741 9452 11005 12520 13844 15087 16511 2007 5584 10642 16630 23520 31000 39216 47873 56988 66527 
101980 1980 0 3 15 36 95 186 255 352 485 553 0 3 15 41 100 213 317 426 634 774 1913 3877 5798 7698 9439 10960 12604 13699 15133 16633 1913 5452 10315 16293 23186 30693 38900 47460 56604 66358 
101982 1982 0 3 25 54 95 164 234 348 452 607 0 3 26 56 113 190 290 445 592 804 1941 3925 5832 7744 9466 11161 12496 13944 15167 16187 1941 5512 10417 16393 23265 30979 39044 47746 56849 66262 
101987 1987 0 5 15 48 87 161 255 362 459 595 0 6 16 55 102 190 310 434 610 792 2015 3943 5886 7604 9247 11052 12521 13884 14979 16350 2015 5589 10484 16408 23166 30893 39141 47795 56798 66350 
102052 2052 0 3 19 44 95 161 267 372 472 619 0 3 19 48 103 179 308 469 628 820 2001 3935 5835 7624 9495 10816 12533 13806 15205 16355 2001 5583 10529 16456 23261 30708 38891 47479 56730 66370 
101970 1970 0 0 18 37 83 173 226 353 474 606 0 0 18 40 92 193 272 425 628 801 1974 3868 5911 7561 9336 10926 12404 14094 15045 16385 1974 5510 10444 16307 23171 30660 38738 47631 56626 66180 
101991 1991 0 2 20 46 100 157 248 348 466 604 0 2 20 53 109 189 305 427 595 788 2012 3861 5871 7451 9351 10915 12351 13752 14929 16190 2012 5528 10462 16277 23118 30597 38692 47328 56524 65974 
102002 2002 0 3 18 40 76 159 241 349 489 627 0 3 18 43 88 185 299 431 629 848 1988 4027 5966 7712 9277 10943 12521 13829 15089 16320 1988 5661 10671 16640 23320 30807 38994 47598 56689 66162 
102050 2050 0 3 22 49 97 166 251 341 490 631 1 3 22 50 107 198 300 443 606 864 2078 3953 5886 7753 9376 10999 12346 13908 14977 16444 2078 5641 10588 16652 23478 31055 39112 47799 56867 66428 
102036 2036 0 2 11 46 99 160 278 361 454 625 0 2 11 47 105 182 315 470 585 831 2041 3882 5809 7538 9510 11056 12526 14038 15307 16154 2041 5545 10365 16300 23282 30935 39159 47958 57190 66719 
102035 2035 0 3 17 54 99 159 264 343 467 629 0 3 18 56 105 192 319 443 596 835 2061 3943 5856 7694 9358 11052 12549 13809 15105 16257 2061 5640 10526 16479 23284 30854 39035 47724 56819 66319 
102040 2040 0 0 19 46 115 175 257 354 485 589 1 0 19 51 127 202 318 442 645 818 2095 4005 5800 7677 9349 10844 12507 13719 15356 16402 2095 5741 10595 16537 23408 30858 39054 47671 56941 66524 
102053 2053 0 2 19 47 87 151 269 394 485 599 0 2 20 50 99 180 317 476 649 821 2024 3985 5982 7554 9503 10952 12392 13887 15041 16168 2024 5615 10661 16505 23460 30998 39111 47778 56803 66117 
102027 2027 0 6 14 39 110 130 266 336 482 644 0 6 15 43 127 160 317 431 605 836 1988 3855 5895 7754 9358 10950 12549 13929 15125 16170 1988 5490 10446 16511 23375 30895 39094 47787 56911 66342 
102065 2065 0 3 15 50 79 189 276 352 473 628 0 3 15 52 90 210 338 439 634 829 1958 3924 5953 7804 9268 10963 12386 13746 15234 16350 1958 5551 10562 16599 23274 30818 38951 47564 56766 66382 
102138 2138 0 6 22 42 116 158 295 394 469 636 0 6 25 49 128 194 345 506 624 856 2028 3949 5831 7657 9325 10963 12312 13993 15244 16545 2028 5617 10456 16420 23176 30783 38835 47644 56888 66475 
102075 2075 0 6 17 55 89 152 275 357 486 638 0 6 19 56 106 183 325 457 626 841 2043 3910 5848 7553 9281 10908 12546 13916 15151 16433 2043 5604 10502 16432 23159 30691 39010 47660 56768 66337 
102014 2014 0 5 21 51 100 156 245 351 489 596 0 5 22 56 110 191 297 423 624 796 2026 3928 5801 7775 9391 10779 12472 13850 14928 16427 2026 5619 10412 16448 23315 30727 38908 47667 56682 66342 
102072 2072 0 3 11 52 96 162 280 335 521 612 0 3 12 53 111 183 327 446 659 838 1999 4040 5873 7723 9442 10980 12603 13935 15126 16128 1999 5687 10590 16552 23427 30930 39088 47844 56998 66428 
101964 1964 0 4 11 33 90 160 239 344 473 610 0 4 12 38 96 178 284 413 585 815 1992 3994 5850 7624 9323 10969 12529 13743 15054 16314 1992 5579 10441 16353 23108 30728 38936 47581 56707 66258 
102043 2043 0 4 21 46 109 155 261 363 461 623 0 4 23 50 120 179 310 460 615 835 1978 3893 5851 7647 9297 10928 12547 13799 15018 16213 1978 5518 10401 16373 23198 30679 38915 47574 56657 66068 
102083 2083 0 5 25 50 114 177 275 356 456 625 0 5 27 54 139 204 340 451 627 831 1990 3967 5902 7677 9504 11148 12278 13869 15150 16234 1990 5589 10521 16511 23438 31084 39050 47748 56841 66367 
102025 2025 0 2 15 47 80 187 250 360 466 618 0 2 15 55 92 212 300 454 601 845 1970 4030 5855 7656 9413 11042 12631 13919 15148 16264 1970 5638 10492 16457 23301 30912 39168 47884 57050 66605 
102073 2073 0 0 12 58 106 196 245 342 474 640 0 0 12 61 119 227 300 425 622 833 2020 3969 5851 7692 9408 11176 12553 13805 15266 16169 2020 5631 10536 16491 23341 31039 39326 47900 57158 66636 
102039 2039 0 4 16 59 82 171 276 349 488 594 0 4 18 63 97 191 326 424 638 806 2055 3819 5836 7672 9397 11068 12490 13904 14986 16208 2055 5511 10362 16319 23188 30886 39110 47794 56881 66331 
102097 2097 0 5 25 47 98 165 259 341 514 643 0 6 26 52 106 194 311 430 669 865 1988 3906 5780 7541 9260 10904 12412 13844 15069 16201 1988 5531 10411 16286 23104 30624 38734 47455 56667 66288 
102055 2055 0 6 18 43 92 187 273 347 530 559 0 6 22 48 103 218 330 431 652 754 2027 3876 5764 7575 9257 11112 12451 14016 15134 16194 2027 5574 10409 16279 23072 30757 38947 47717 56922 66314 
102025 2025 0 1 17 48 81 171 269 348 480 610 0 1 17 50 94 193 319 449 611 807 1991 3999 6084 7655 9361 11042 12617 13867 15156 16170 1991 5634 10757 16643 23379 30950 39206 47880 57024 66408 
102119 2119 0 0 18 55 103 182 271 392 480 618 0 0 18 57 119 210 341 491 646 816 2002 3969 5915 7866 9331 11114 12518 13778 15254 16342 2002 5602 10576 16683 23455 31130 39413 48074 57302 66787 
102050 2050 0 2 18 48 88 178 268 362 494 592 0 2 19 52 103 199 325 447 638 814 2033 4057 5898 7687 9331 10820 12571 13778 15048 16153 2033 5752 10702 16646 23482 30870 39160 47789 56888 66282 
102024 2024 0 8 17 54 93 179 252 322 468 631 0 8 18 61 99 208 301 417 610 817 1983 3917 6003 7708 9351 10982 12490 13935 15129 16464 1983 5574 10640 16549 23325 30873 38967 47674 56799 66383 
102098 2098 0 5 11 39 88 177 278 394 479 627 0 5 11 41 97 199 331 491 646 822 2005 3964 5760 7525 9429 10867 12361 13602 15209 16558 2005 5626 10460 16357 23214 30681 38814 47449 56648 66358 
