106360 6360 0 18 93 214 417 644 914 1072 1393 1595 0 18 102 262 565 949 1486 1936 2637 3263 4922 9836 14270 18264 21649 25313 28110 30868 33227 35336 4922 12556 21505 31125 40914 51551 62387 73484 84997 96465 
106414 6414 0 22 114 206 419 648 847 1148 1438 1572 0 22 126 260 557 978 1411 1998 2669 3260 4972 9851 14286 18025 21782 24930 28075 30801 33371 35383 4972 12596 21515 31015 41119 51630 62360 73421 84968 96477 
106272 6272 0 23 98 214 422 589 868 1126 1345 1587 0 23 108 271 573 901 1394 1980 2587 3253 5025 9638 14253 17991 21704 25169 27962 30811 32909 35390 5025 12403 21414 30889 40979 51449 62248 73441 84716 96459 
106371 6371 0 26 96 235 418 617 896 1158 1325 1600 0 26 103 292 564 934 1466 2028 2618 3232 5063 9681 14155 17929 21877 25195 28274 30861 33135 35268 5063 12504 21371 30803 41005 51494 62434 73520 84784 96404 
106484 6484 0 26 92 235 396 663 899 1104 1440 1629 0 26 105 287 550 972 1424 2001 2718 3367 4983 9785 14089 18247 21754 25076 27861 30780 33269 35558 4983 12560 21367 31014 41014 51441 62183 73404 84819 96589 
106373 6373 0 27 77 255 417 594 890 1128 1401 1584 0 27 90 296 570 899 1418 1962 2659 3286 4980 9857 14260 18270 21972 25056 28005 30461 33336 35367 4980 12588 21477 31055 41247 51630 62409 73404 84736 96391 
106330 6330 0 12 97 222 413 627 904 1144 1370 1541 0 12 102 267 547 932 1462 2048 2629 3226 5007 9694 14034 18110 21561 25165 28214 30919 33254 35316 5007 12485 21207 30730 40818 51369 62251 73483 84839 96299 
106420 6420 0 27 87 266 437 655 889 1110 1349 1600 0 27 97 314 596 976 1500 2014 2650 3340 5017 9764 14036 18131 21767 25087 28103 30689 33064 35429 5017 12603 21281 30942 41052 51510 62270 73206 84464 96173 
106343 6343 0 22 117 206 448 668 811 1134 1315 1622 0 22 126 265 593 999 1416 2008 2633 3381 5021 9838 14231 18224 21766 25161 28225 30763 33080 35521 5021 12632 21444 31059 41105 51545 62419 73561 84801 96485 
106329 6329 0 23 86 237 408 626 885 1130 1336 1598 0 24 96 274 545 945 1420 1999 2605 3283 5047 9753 14158 18045 21743 25286 28157 30718 33125 35335 5047 12519 21378 30909 41022 51554 62521 73619 84779 96355 
106332 6332 0 26 99 241 436 646 875 1101 1253 1655 0 26 111 288 580 980 1454 2013 2561 3342 4917 9943 14212 18468 21897 25137 28319 30971 33167 35283 4917 12696 21566 31148 41260 51701 62507 73535 84728 96450 
106396 6396 0 31 87 200 430 630 850 1208 1343 1617 0 31 101 249 583 959 1404 2069 2620 3323 5009 9596 14088 18155 21626 25282 28198 31094 33254 35364 5009 12455 21256 30807 40857 51504 62357 73496 84898 96517 
106394 6394 0 25 92 226 442 637 867 1150 1383 1572 0 25 102 279 587 940 1452 2014 2636 3302 5108 10017 14081 18420 21892 25299 28191 30601 33172 35279 5108 12785 21536 31274 41289 51784 62472 73395 84784 96335 
106293 6293 0 24 103 220 399 666 898 1107 1300 1576 0 24 109 278 564 979 1485 1995 2542 3205 5160 9672 14107 18142 21885 24937 28145 30488 33028 35179 5160 12543 21281 30977 41069 51473 62466 73428 84765 96383 
106516 6516 0 26 97 229 423 647 894 1138 1456 1606 0 26 104 279 569 991 1463 1995 2763 3326 5059 9721 14306 18315 21947 25217 27845 30667 33330 35337 5059 12582 21620 31339 41309 51761 62507 73520 84990 96606 
106317 6317 0 24 101 208 394 607 861 1153 1334 1635 0 24 113 257 546 890 1393 2004 2555 3293 5004 9731 14016 18234 21626 25204 28258 30775 33314 35440 5004 12522 21337 31029 40874 51445 62335 73360 84736 96325 
106355 6355 0 18 80 216 438 658 852 1123 1352 1618 0 18 92 263 601 954 1399 2011 2628 3349 4966 9654 13993 18018 21756 25233 27963 31090 33178 35509 4966 12405 21150 30699 40794 51503 62263 73566 84818 96456 
106282 6282 0 24 99 224 402 621 857 1108 1381 1566 0 24 107 280 549 960 1373 1963 2645 3227 4992 9611 14247 18093 21880 25196 28296 31018 33280 35237 4992 12477 21385 30900 40982 51467 62415 73637 84932 96364 
106410 6410 0 23 105 244 429 565 906 1164 1373 1601 0 23 112 290 589 897 1458 2020 2677 3348 5009 9705 14298 18027 21792 25171 27883 30818 32967 35248 5009 12508 21458 30958 41022 51510 62186 73435 84629 96282 
106484 6484 0 23 95 208 415 646 930 1155 1425 1587 0 23 102 256 549 947 1505 2027 2677 3317 5083 9859 14025 18116 21961 25113 28093 30780 33223 35540 5083 12668 21337 30907 41107 51575 62453 73477 84882 96686 
106403 6403 0 18 89 215 398 672 882 1146 1348 1635 0 18 98 251 556 979 1462 2016 2632 3344 5064 9811 14215 18209 21912 25127 28280 30810 33141 35342 5064 12619 21518 31078 41113 51563 62471 73476 84761 96428 
106308 6308 0 20 89 231 378 641 839 1132 1329 1649 0 20 98 275 526 929 1416 1959 2579 3273 5008 9714 13997 18088 21713 25089 28145 30794 33187 35502 5008 12461 21310 30886 40943 51490 62213 73261 84599 96304 
106364 6364 0 17 110 225 399 651 869 1094 1368 1631 0 17 118 279 550 941 1426 1980 2624 3291 5065 9951 14081 18056 21782 25070 27996 30599 33284 35415 5065 12732 21519 31011 41078 51574 62195 73224 84773 96355 
106289 6289 0 25 112 214 440 596 903 1135 1341 1523 0 26 121 281 600 924 1452 1998 2580 3168 5063 9778 14183 18093 21734 24999 27981 30673 33267 35080 5063 12564 21515 31066 41128 51654 62401 73506 84826 96318 
106395 6395 0 25 91 212 428 640 859 1161 1349 1630 0 25 103 264 559 973 1429 2011 2645 3356 5037 9847 14188 17875 21810 25167 28235 30896 33423 35490 5037 12609 21412 30833 41082 51578 62452 73482 85012 96445 
106380 6380 0 28 103 216 418 649 864 1150 1329 1623 0 28 120 269 563 939 1401 2032 2607 3305 4979 9797 14045 18348 22074 25232 28115 30807 32895 35394 4979 12562 21306 31078 41299 51888 62541 73422 84788 96431 
106358 6358 0 23 99 257 391 619 916 1059 1435 1559 0 23 106 310 564 958 1478 1909 2696 3281 4896 9494 14166 18146 21682 25083 28150 30751 33559 35307 4896 12263 21150 30815 40851 51431 62252 73373 84890 96409 
106319 6319 0 22 94 212 385 616 908 1094 1330 1658 0 22 102 261 513 911 1443 1932 2560 3297 5006 9662 14151 18336 21926 25019 28036 31074 33264 35595 5006 12466 21271 31029 41078 51495 62301 73493 84728 96380 
106398 6398 0 23 103 212 393 668 873 1109 1372 1645 0 24 113 271 540 953 1394 1984 2609 3369 4990 9783 14240 18163 21824 25017 28080 30696 33210 35366 4990 12489 21371 31013 40919 51375 62380 73359 84797 96303 
106236 6236 0 19 93 213 399 605 836 1127 1348 1596 0 19 98 274 524 891 1363 1928 2511 3240 4892 9530 14073 18350 21854 24986 28111 30683 33115 35203 4892 12295 21158 30908 41081 51390 62238 73239 84630 96173 
106358 6358 0 21 100 241 448 650 884 1137 1318 1559 0 21 112 297 598 971 1469 2033 2583 3257 4983 9580 14097 18181 21675 25229 28231 30764 33428 35316 4983 12377 21223 30827 40872 51450 62389 73404 84854 96328 
106279 6279 0 15 97 231 405 593 853 1164 1350 1571 0 15 105 277 540 866 1381 1993 2604 3219 4961 9628 14188 18334 21952 24858 27990 30836 33280 35232 4961 12435 21280 31058 41214 51454 62150 73376 84750 96299 
106538 6538 0 14 102 273 414 659 836 1192 1403 1645 0 14 111 326 582 998 1415 2051 2647 3375 4901 9673 14172 18001 21875 25197 27997 30753 33371 35325 4901 12393 21277 30857 41103 51611 62300 73478 84951 96444 
106450 6450 0 22 91 254 421 604 921 1149 1398 1590 0 22 99 307 556 923 1484 2031 2698 3320 5001 9928 14003 18277 21888 24916 28054 30856 33167 35482 5001 12698 21429 31187 41280 51587 62412 73641 84993 96464 
106269 6269 0 25 92 255 411 613 827 1126 1298 1622 0 25 101 302 575 926 1359 1964 2539 3270 4972 9781 14119 18372 21738 25172 28177 30931 33182 35147 4972 12525 21357 31150 41168 51622 62403 73448 84659 96237 
106418 6418 0 25 92 246 422 618 906 1071 1466 1572 0 25 102 291 565 928 1472 1954 2741 3315 4982 9564 14237 18091 22055 25123 28199 30640 33204 35510 4982 12379 21327 30920 41175 51652 62418 73339 84772 96397 
106437 6437 0 21 98 252 420 669 916 1134 1341 1586 0 21 105 307 594 999 1513 2074 2634 3348 5102 9808 14153 18502 21769 25071 28131 30609 33018 35114 5102 12654 21523 31330 41279 51726 62507 73497 84863 96350 
106333 6333 0 21 81 241 425 665 830 1079 1392 1599 0 21 90 290 562 969 1380 1961 2649 3308 4920 9607 14132 18105 21574 25175 27918 30920 33395 35517 4920 12318 21171 30773 40836 51430 62224 73455 84751 96319 
106512 6512 0 20 86 229 403 678 900 1117 1419 1660 1 20 98 273 533 981 1474 2004 2683 3428 5007 9776 14233 18269 21902 25361 28345 31019 33146 35753 5007 12551 21384 30988 41050 51604 62371 73387 84733 96546 
106363 6363 0 23 103 213 413 627 872 1164 1363 1585 1 24 113 263 562 951 1425 2024 2658 3316 4942 9732 14172 18244 21881 25046 28137 30891 33190 35585 4942 12441 21192 30898 41035 51487 62190 73268 84618 96192 
106332 6332 0 24 99 233 433 666 834 1136 1355 1552 0 24 111 286 581 981 1432 2024 2674 3245 5019 9756 14150 18202 21811 25214 27957 30688 33424 35236 5019 12599 21426 31045 41168 51724 62248 73352 84722 96235 
106367 6367 0 26 85 217 414 601 845 1164 1362 1653 0 26 100 271 557 915 1360 1974 2627 3325 4958 9728 14011 18029 21746 25061 27987 30790 33146 35462 4958 12463 21300 30766 40927 51237 62039 73230 84638 96370 
106413 6413 0 36 93 232 452 609 852 1080 1403 1656 0 36 111 297 619 939 1403 1945 2638 3365 4941 9692 14213 18357 21977 25072 28140 30706 33264 35391 4941 12402 21395 31098 41325 51758 62533 73508 84941 96468 
106464 6464 0 22 104 204 412 628 879 1189 1419 1607 1 23 111 269 554 918 1435 2070 2710 3406 4995 9737 14172 18075 21825 25269 28186 30616 33076 35584 4995 12519 21378 30942 41060 51493 62452 73425 84787 96553 
106398 6398 0 23 91 230 409 657 885 1172 1361 1570 0 23 99 274 549 987 1426 2037 2619 3245 4936 9688 14380 18168 21746 24816 27749 30408 33167 35167 4936 12448 21502 31077 41158 51459 62120 73294 84730 96331 
106360 6360 0 21 100 228 403 641 926 1112 1371 1558 0 21 112 282 539 960 1483 2019 2645 3222 4958 9719 14056 17969 21794 25242 28339 30922 33209 35294 4958 12458 21209 30711 40751 51411 62371 73321 84674 96171 
106377 6377 0 18 100 218 416 657 903 1126 1324 1615 0 18 106 274 573 954 1481 2030 2643 3259 5007 9700 14033 18349 21960 25061 28126 31041 33591 35146 5007 12497 21286 31033 41232 51691 62490 73621 85102 96452 
106364 6364 0 17 106 217 382 645 867 1099 1408 1623 0 17 111 265 533 956 1446 1983 2641 3323 4954 9731 14050 18075 21776 25068 28125 30917 33210 35172 4954 12445 21336 30858 40947 51467 62201 73374 84742 96361 
106435 6435 0 18 99 267 407 655 872 1102 1368 1647 0 18 111 318 577 972 1447 1993 2638 3342 5004 9780 14283 18194 22072 24987 28250 30578 33079 35368 5004 12581 21529 31097 41186 51523 62422 73337 84638 96408 
106429 6429 0 14 102 232 457 632 851 1168 1328 1645 0 14 107 285 611 981 1422 2034 2620 3337 4945 9762 14269 18114 21937 25164 28151 30959 32918 35363 4945 12516 21530 31043 41222 51621 62456 73691 84747 96350 
106430 6430 0 21 106 224 390 610 916 1144 1386 1633 0 21 116 288 534 911 1430 2021 2705 3354 4955 9766 14161 18106 21496 24804 28023 30697 33180 35443 4955 12547 21476 30983 40969 51365 62239 73396 84706 96380 
106502 6502 0 17 86 245 425 630 941 1153 1384 1621 0 17 92 285 568 948 1519 2081 2667 3307 4987 9632 14181 18366 21933 25118 28318 30729 33065 35408 4987 12402 21334 31130 41325 51809 62759 73716 84959 96588 
106467 6467 0 21 99 224 469 654 883 1093 1402 1622 0 21 107 279 619 998 1481 2011 2649 3342 5101 9866 14302 18176 22044 25068 27995 30737 32957 35365 5101 12730 21643 31167 41329 51725 62484 73550 84807 96458 
106477 6477 0 20 87 224 437 636 846 1212 1406 1609 0 21 96 269 584 955 1405 2102 2752 3338 4980 9752 14182 18070 21567 25016 28141 30895 33504 35364 4980 12502 21321 30819 40910 51339 62205 73430 84892 96438 
106299 6299 0 16 91 192 375 642 837 1138 1372 1636 0 16 96 242 499 921 1379 2009 2601 3259 4877 9735 14120 18080 21660 25250 28244 30653 33154 35138 4877 12430 21324 30869 40904 51524 62383 73396 84760 96293 
106287 6287 0 12 104 210 402 669 827 1123 1371 1569 0 12 110 267 536 966 1407 2000 2612 3226 4923 9623 14201 18316 21550 25202 27927 30501 33153 35342 4923 12384 21356 30970 40898 51421 62192 73213 84618 96158 
106195 6195 0 13 92 212 395 592 867 1122 1290 1612 0 13 99 268 533 884 1402 1934 2481 3230 4913 9655 14236 18372 21698 25087 28080 30697 32824 35306 4913 12434 21362 31010 40913 51372 62158 73311 84561 96061 
106517 6517 0 22 109 250 462 610 931 1089 1388 1656 0 22 116 301 644 960 1514 1987 2675 3369 4982 9750 14162 18162 21873 24972 28115 30593 33320 35599 4982 12551 21486 31065 41164 51590 62411 73425 84967 96692 
106365 6365 0 21 92 239 412 610 884 1180 1288 1639 0 21 105 293 578 919 1437 2013 2544 3276 5038 9769 14189 18272 22109 24974 27943 30592 33046 35282 5038 12557 21423 31111 41303 51597 62278 73339 84751 96426 
106382 6382 0 23 102 224 384 655 881 1169 1369 1575 0 24 110 276 534 967 1425 2030 2603 3341 5066 9808 14200 18257 21853 25246 28252 30783 33222 35645 5066 12616 21398 31065 41142 51591 62502 73605 84955 96469 
106468 6468 0 20 97 245 420 692 863 1094 1375 1662 0 20 105 289 565 1013 1450 1955 2675 3386 5002 9724 14253 18305 21732 25231 28270 30999 33495 35619 5002 12493 21357 30974 40950 51499 62323 73472 84915 96549 
106285 6285 0 23 76 234 380 657 846 1124 1386 1559 0 23 84 274 521 947 1382 1994 2647 3250 4919 9754 14456 18334 21885 24966 27875 30809 33198 35374 4919 12516 21534 31138 41215 51591 62153 73278 84705 96319 
106436 6436 0 19 104 218 428 652 894 1117 1391 1613 0 19 111 273 548 946 1427 2020 2695 3303 5027 9705 14163 18077 21886 25260 27972 30608 33541 35424 5027 12480 21361 30899 41092 51485 62218 73264 84786 96421 
106333 6333 0 19 93 230 406 647 906 1090 1328 1614 0 19 104 279 552 965 1467 1989 2577 3311 4827 9664 14067 17941 21791 25358 28284 30936 33032 35712 4827 12300 21095 30578 40765 51421 62359 73479 84613 96240 
106406 6406 0 12 105 217 412 694 848 1076 1384 1658 0 13 112 258 544 1012 1394 1951 2616 3382 4958 9896 14123 18213 22059 25261 28175 30743 33051 35486 4958 12616 21383 30983 41224 51699 62580 73460 84747 96532 
106382 6382 0 23 116 227 370 608 919 1123 1394 1602 0 23 125 292 539 889 1470 2011 2615 3358 4953 9703 14158 18054 21702 25176 28436 31259 33037 35393 4953 12417 21284 30796 40756 51320 62228 73548 84809 96442 
106443 6443 0 27 98 240 446 652 879 1149 1356 1596 0 27 108 292 612 971 1483 2064 2641 3315 4960 9766 14047 18310 21810 25068 28153 30910 33478 35423 4960 12540 21401 31125 41184 51562 62441 73610 84994 96496 
106267 6267 0 17 87 232 398 615 864 1106 1376 1572 0 17 97 279 529 926 1429 1978 2648 3294 5058 9639 14167 18217 21871 25207 28140 30820 33026 35354 5058 12464 21339 30875 41058 51501 62223 73395 84660 96214 
106319 6319 0 24 84 218 426 645 837 1122 1362 1601 0 25 97 260 558 953 1418 1974 2620 3303 4943 9768 14284 18191 21815 25107 28059 30642 33076 35206 4943 12556 21421 30945 41100 51519 62293 73306 84625 96300 
106512 6512 0 29 118 232 414 610 917 1130 1415 1647 0 29 129 305 573 925 1479 1986 2686 3419 4950 9858 14320 18212 21851 25067 28290 30642 33496 35362 4950 12569 21540 31193 41225 51522 62428 73417 84896 96489 
106447 6447 0 18 102 227 413 594 877 1156 1380 1680 0 18 111 280 557 920 1391 2032 2608 3357 4936 9796 14437 18082 21692 25234 28205 30712 32966 35440 4936 12583 21621 31187 41126 51699 62539 73606 84832 96598 
106513 6513 0 26 89 268 392 635 895 1177 1339 1692 0 26 99 327 562 960 1491 2082 2645 3424 5101 9731 14284 18377 21813 25136 28122 30904 33207 35572 5101 12584 21465 31194 41271 51696 62540 73643 85062 96607 
106305 6305 0 19 84 214 404 633 851 1107 1376 1617 0 19 94 251 530 938 1402 1962 2618 3367 5064 9825 14268 18325 22197 25142 27747 30788 32948 35295 5064 12639 21501 31078 41315 51768 62433 73434 84808 96417 
106336 6336 0 18 89 233 411 622 873 1106 1398 1586 0 18 98 289 560 929 1405 1973 2645 3254 4924 9651 14106 18126 21788 25112 28204 30611 33220 35451 4924 12348 21221 30814 40985 51460 62256 73289 84580 96258 
106509 6509 0 26 121 248 410 646 874 1136 1452 1596 0 26 137 320 571 977 1439 2033 2693 3353 5222 9825 14381 18299 21751 25144 27929 30509 33502 35166 5222 12764 21825 31338 41352 51775 62431 73467 85089 96578 
106375 6375 0 26 106 229 395 654 863 1189 1304 1609 0 26 121 282 561 955 1405 2087 2565 3307 4809 9657 14171 18104 21931 25116 28144 30781 33032 35269 4809 12292 21234 30868 41038 51516 62290 73321 84707 96439 
106327 6327 0 16 96 249 411 647 835 1144 1351 1578 0 16 103 301 576 981 1402 1999 2591 3241 4962 9741 14025 18116 21688 25112 27999 30588 33027 35232 4962 12556 21285 30874 40981 51542 62247 73384 84773 96355 
106392 6392 0 17 101 226 399 638 905 1093 1392 1621 0 17 110 281 535 943 1443 1948 2663 3342 4869 9622 14191 18307 21713 25055 28015 30801 32970 35374 4869 12305 21263 30963 40940 51336 62112 73186 84582 96155 
106459 6459 0 26 94 283 398 624 898 1144 1372 1620 0 26 106 339 581 954 1441 2029 2639 3323 4801 9780 14113 18288 21880 25199 28416 30722 33148 35423 4801 12413 21265 30999 41125 51524 62476 73589 85019 96554 
106407 6407 0 22 117 218 430 606 860 1172 1401 1581 0 22 133 287 574 922 1450 2082 2678 3300 4931 9705 13999 18087 21807 25169 28301 30787 33371 35527 4931 12441 21237 30909 40962 51400 62268 73417 84839 96390 
