0.4902822 0.9010477 0.880962 0.1291915 0.1776421 0.1872461 0.2301542 0.3510695 0.4861266 1 135.406 201.7931 261.069 268.5376 272.0587 298.2562 294.3784 1048.103 1 
0.4922332 0.9215839 0.8882048 0.1203392 0.1565026 0.2069618 0.2545401 0.3417301 0.4720212 1 124.7928 186.22 234.4279 274.6403 290.5087 298.4453 288.2448 1037.009 2 
0.4975953 0.9237418 0.9092197 0.1349204 0.1585743 0.1822822 0.2267266 0.3113513 0.4976582 1 138.5758 207.5304 244.1622 257.772 266.8738 279.9819 301.3296 1027.093 3 
0.5006995 0.8562166 0.8974527 0.1487454 0.1838398 0.2202116 0.2506229 0.3107794 0.5662277 1 160.0143 240.1334 288.5852 309.0796 300.8215 286.3524 313.8186 1075.76 4 
0.503188 0.9011151 0.895352 0.1277001 0.1696097 0.2215245 0.2474843 0.3187094 0.538645 1 133.1757 200.1881 255.0267 295.6678 294.3138 289.1334 307.8852 1042.878 5 
0.4921637 0.8888679 0.9063753 0.1530122 0.2010935 0.1753136 0.2481909 0.3406461 0.5155709 1 160.8874 240.0704 297.2439 271.0266 279.0171 287.5909 291.5008 1051.468 6 
0.477473 0.9268727 0.905341 0.1234941 0.1598545 0.2049108 0.2480968 0.3565235 0.4935256 1 127.3168 188.1071 234.2667 267.4218 277.4433 294.2852 284.6482 1030.955 7 
0.5173477 0.8835413 0.9015636 0.1332072 0.1714669 0.1767923 0.2366516 0.3604035 0.4773589 1 141.4851 214.6821 268.9276 273.9855 290.3486 322.9657 313.4352 1062.143 8 
0.5008463 0.9148815 0.8997597 0.1134771 0.1656121 0.1991505 0.2807461 0.3436172 0.51503 1 116.9616 175.5415 239.2465 271.6616 307.4792 304.9039 301.1722 1030.707 9 
0.489316 0.9131269 0.8927962 0.1387735 0.1628954 0.1941566 0.2701107 0.34589 0.5111459 1 143.4709 213.6735 249.5925 266.8423 292.8061 294.91 290.8785 1033.85 10 
0.4749752 0.9157754 0.9036094 0.1340392 0.1667338 0.1731035 0.2720319 0.326915 0.5240907 1 139.7796 206.1714 248.4947 248.2854 287.1934 284.4883 294.909 1042.826 11 
0.4716718 0.9368196 0.8976263 0.1282307 0.1678226 0.2065158 0.2419382 0.2864194 0.4998656 1 131.3029 193.2348 240.9511 267.0596 268.572 254.6587 279.4972 1023.958 12 
0.512374 0.8915751 0.9053612 0.1390826 0.1698421 0.2034349 0.2647147 0.3542405 0.4704351 1 146.9398 222.2279 268.3443 291.1008 308.369 314.6624 295.5745 1056.493 13 
0.48089 0.9248744 0.9079816 0.1238949 0.1782523 0.2136162 0.2383285 0.3583131 0.4952047 1 127.5917 188.9492 251.6913 279.4149 273.3229 290.5597 280.8425 1029.838 14 
0.4819879 0.9019472 0.8995877 0.1393513 0.1640754 0.1663776 0.2522951 0.3342002 0.50548 1 146.3582 216.9011 252.8554 247.5902 278.255 291.5158 299.0133 1050.282 15 
0.4968974 0.9035923 0.8978501 0.1216601 0.1622515 0.2049917 0.2369947 0.3381681 0.5054348 1 126.1706 188.8645 241.6418 276.5022 281.1726 296.2514 302.052 1037.075 16 
0.5103213 0.8780833 0.9170579 0.1520123 0.1541246 0.1997691 0.2746491 0.3038855 0.52113 1 160.5864 242.5371 261.8393 284.9972 311.9805 292.8696 309.0147 1056.404 17 
0.5296785 0.9098672 0.8831555 0.1338158 0.1716349 0.1835814 0.2461031 0.3372068 0.5296541 1 138.491 211.8467 266.0722 277.2576 296.06 310.9396 325.1487 1034.938 18 
0.5275147 0.8820774 0.8896772 0.1162609 0.1632009 0.1935116 0.2273132 0.3461153 0.4536716 1 123.5809 188.7716 252.8876 285.5161 294.7211 325.0148 316.764 1062.961 19 
0.490991 0.8911691 0.8939476 0.1390681 0.2026029 0.2024434 0.2687886 0.3613958 0.4617481 1 145.8838 217.5114 289.772 288.0651 295.8189 297.023 269.6765 1049.01 20 
0.4980953 0.8950296 0.8989316 0.1338305 0.1599189 0.1968202 0.26275 0.320593 0.4672635 1 140.7862 210.9112 250.77 275.5677 298.8007 294.1464 290.4089 1051.974 21 
0.4946504 0.9072917 0.8932241 0.154726 0.1545939 0.2284425 0.2646033 0.3772929 0.4074538 1 160.9281 240.5313 254.8912 295.8706 298.0908 306.5617 258.6409 1040.085 22 
0.4992971 0.8836159 0.8947734 0.1404182 0.1711897 0.205334 0.297849 0.3513543 0.5602741 1 149.3932 223.9847 268.3918 289.6435 324.0214 310.38 308.6715 1063.916 23 
0.4922124 0.9046018 0.9173387 0.128066 0.1678976 0.1914471 0.2228524 0.3247737 0.505908 1 133.7687 199.6113 251.1657 268.7143 268.8192 286.9746 303.9249 1044.529 24 
0.5112289 0.8772699 0.9067004 0.1296302 0.1765189 0.2070595 0.2595983 0.3736931 0.4886619 1 137.9357 208.4524 270.0472 295.9708 308.2982 324.9322 303.1497 1064.071 25 
0.514558 0.9001013 0.8851385 0.1387275 0.166318 0.1868652 0.2976646 0.3027002 0.5130257 1 145.5481 220.4411 263.7176 276.4691 324.5965 297.2519 306.8577 1049.166 26 
0.4862895 0.9142867 0.9074161 0.1333137 0.1910112 0.1829612 0.20454 0.3250908 0.5424058 1 138.9139 206.4663 272.9034 266.3802 251.6325 276.7285 308.3927 1042.008 27 
0.512442 0.8785037 0.8977301 0.1328134 0.1670863 0.2121966 0.2513564 0.3145317 0.4975793 1 141.1578 213.493 263.4013 297.8752 304.6578 298.527 307.403 1062.828 28 
0.4890879 0.9134061 0.8960382 0.1230464 0.1907328 0.2045803 0.245656 0.3313263 0.5247403 1 128.0991 190.7509 267.4263 281.9455 282.2637 284.9334 294.9076 1041.064 29 
0.5045346 0.9112473 0.90117 0.1219863 0.1590632 0.2019897 0.2558871 0.3172843 0.5332086 1 127.3053 191.5352 242.3854 277.9347 297.5742 295.3129 315.5608 1043.603 30 
0.5193593 0.8693531 0.905695 0.1389888 0.1842589 0.2092629 0.2483672 0.3371776 0.5159449 1 148.3948 225.465 286.4828 305.7126 306.0488 309.2277 313.019 1067.675 31 
0.4742223 0.9034324 0.8926541 0.1112152 0.1730293 0.2062631 0.2562321 0.3081143 0.5500613 0.9999997 116.2294 171.348 241.9764 273.1889 285.7766 275.2436 303.1096 1045.086 32 
0.5182321 0.8616966 0.9006748 0.1203411 0.1824606 0.2107829 0.2448406 0.349167 0.5028798 1 128.8233 195.5836 273.1737 303.8375 306.2173 318.895 315.4278 1070.484 33 
0.4897825 0.9109648 0.8975585 0.1183831 0.1700153 0.2169736 0.2177883 0.3097394 0.4943584 1 124.0517 184.8101 247.5823 287.6296 271.6357 278.508 296.666 1047.884 34 
0.5163964 0.8869881 0.9003581 0.1417051 0.1767288 0.2070824 0.2328716 0.3457129 0.5209918 1 148.827 225.6808 275.8497 296.1284 289.9511 305.7882 311.784 1050.259 35 
0.5148756 0.8868007 0.8970115 0.1378916 0.1816224 0.1969963 0.2394268 0.3203393 0.5329313 1 145.4753 220.377 278.6564 290.1042 292.4734 296.2124 317.1729 1054.998 36 
0.5053443 0.8944455 0.8904273 0.1233798 0.1526505 0.1961114 0.2196575 0.3606808 0.5076988 1 129.6972 195.239 239.3313 274.0758 276.3831 316.3394 318.8488 1051.203 37 
0.483945 0.9157591 0.910115 0.1428843 0.1526067 0.2034161 0.2271451 0.3303171 0.4771806 1 149.6116 222.0155 244.4033 272.9778 269.7132 285.182 287.6314 1047.082 38 
0.5315954 0.8915433 0.875324 0.1526075 0.178523 0.1676426 0.2453256 0.363472 0.5020718 1 160.4065 245.6778 289.6113 276.6181 296.4586 324.6537 319.4699 1051.105 39 
0.4933077 0.89071 0.8919445 0.1311731 0.1612496 0.2261889 0.2671633 0.3636517 0.5189525 1 138.0991 206.2245 249.2273 296.4793 304.863 308.6034 295.9099 1052.8 40 
0.5003815 0.8946793 0.9000722 0.1099075 0.1769129 0.2285785 0.2554646 0.353535 0.5109362 1 115.1312 172.7408 251.3894 301.2119 301.9617 306.928 299.1725 1047.529 41 
0.4930202 0.9082942 0.8923215 0.1409573 0.1899786 0.1793679 0.2493497 0.2835266 0.4918513 1 146.4374 218.6341 277.3356 266.3964 279.2609 263.9383 287.0533 1038.878 42 
0.5040299 0.9124297 0.9064653 0.1414422 0.16362 0.1982444 0.259935 0.3554226 0.5087769 1 146.8689 220.8952 257.2046 277.456 295.2388 306.0556 299.3514 1038.366 43 
0.5315612 0.8860524 0.8897412 0.1347389 0.1836616 0.2054229 0.2233195 0.3324169 0.4792977 1 141.0849 216.0802 281.2597 301.4403 291.4744 306.6647 309.0585 1047.098 44 
0.4943921 0.9033423 0.9131315 0.1406328 0.1595463 0.1910973 0.2653328 0.3617457 0.5004628 0.9999998 146.132 218.3785 250.4349 267.2317 293.1961 306.2936 293.8927 1039.103 45 
0.5075199 0.9187866 0.8948836 0.1358025 0.156757 0.1798218 0.2582874 0.3460785 0.5328552 1 140.4106 211.6718 247.4935 261.0956 292.1246 306.8858 315.4623 1033.932 46 
0.5278949 0.8464776 0.9146917 0.1625471 0.155075 0.2056805 0.2491952 0.3276031 0.5145598 1 177.2158 270.7671 284.5241 308.8688 315.7494 317.4028 326.7342 1090.242 47 
0.5040373 0.8853168 0.8968898 0.1300871 0.1801201 0.1915101 0.2497859 0.314844 0.6012795 1 137.8108 207.2726 270.465 281.0238 294.2335 292.5926 336.277 1059.373 48 
0.4896326 0.9177023 0.8900267 0.1323178 0.181449 0.2243789 0.2299637 0.3091581 0.482917 1 137.3077 204.5381 263.526 294.4042 275.6094 271.0369 279.5657 1037.712 49 
0.491251 0.9108522 0.9054615 0.1386522 0.1600659 0.2121938 0.2272739 0.3613214 0.5198827 1 143.829 214.4852 248.3863 281.2689 272.5468 298.9643 298.5633 1037.337 50 
0.4895168 0.9044255 0.9109714 0.1433944 0.1794066 0.2008774 0.2636911 0.3368605 0.4939289 1 149.2742 222.3465 268.8246 278.5858 290.5675 287.2767 281.6545 1041.005 51 
0.5151765 0.9396008 0.899312 0.1251084 0.1766824 0.1842094 0.2552964 0.3559252 0.4335465 1 127.7226 193.5223 257.5061 268.1221 291.2834 309.0721 283.9757 1020.895 52 
0.4807629 0.9057208 0.9003248 0.1162271 0.1614189 0.214789 0.2848538 0.3340383 0.509708 1 121.4564 179.8482 235.5404 279.5845 307.6375 293.1708 288.5675 1044.992 53 
0.5068982 0.8788213 0.9028946 0.1562615 0.170046 0.1854318 0.2682673 0.3327739 0.4862769 1 167.2793 252.0728 281.3657 281.6306 306.5706 304.0899 299.1161 1070.508 54 
0.4744517 0.8972178 0.900654 0.1374513 0.1331966 0.2211646 0.3052269 0.2781179 0.5082562 1 144.9001 213.6482 222.4804 279.8731 320.153 270.5127 284.8262 1054.192 55 
0.4785706 0.9090554 0.900172 0.1237405 0.1865284 0.1985943 0.2309685 0.3347946 0.5477484 1 129.8114 191.9354 263.3209 274.5233 269.7932 283.4098 303.5544 1049.062 56 
0.5171637 0.9036415 0.8959772 0.1332722 0.1570855 0.2088753 0.2680541 0.3833506 0.4783333 1 139.4441 211.5595 251.8665 289.9228 312.0418 331.0631 301.7767 1046.311 57 
0.4808661 0.9305383 0.9100997 0.1234849 0.1731876 0.1906412 0.2469659 0.3085327 0.4539632 1 126.8163 187.798 246.2025 260.278 273.9255 271.6751 273.028 1026.978 58 
0.5129295 0.8947768 0.9146276 0.1517944 0.1555346 0.1954348 0.2385279 0.3207624 0.5393341 1 159.826 241.8055 262.9349 282.26 289.5151 296.7095 321.4571 1052.912 59 
0.4739877 0.9227482 0.9101952 0.1300575 0.1586128 0.2211043 0.2248126 0.2879416 0.5121412 1 133.3052 196.4902 234.5635 277.0606 262.6938 254.9468 286.0337 1024.971 60 
0.4965992 0.8792497 0.9040509 0.1497739 0.1681294 0.1927867 0.239509 0.3372762 0.4207656 1 158.0996 236.6117 268.3954 277.2185 282.0092 294.6255 274.1135 1055.588 61 
0.4894914 0.8867211 0.9020757 0.1301187 0.1969178 0.1751699 0.2373494 0.3293009 0.4966575 1 136.4658 203.2646 279.147 264.9805 273.1412 285.4706 293.2603 1048.779 62 
0.4881669 0.8959733 0.9040104 0.1316298 0.1451077 0.1782451 0.2598804 0.3552018 0.5174914 1 138.4044 205.9689 233.0396 252.8951 290.152 310.2713 309.8744 1051.467 63 
0.4963308 0.9136444 0.8857639 0.1343126 0.1729345 0.2033965 0.2722566 0.3068848 0.5350691 1 139.0116 208.0074 258.1854 278.8681 299.1257 280.3005 298.4421 1034.986 64 
0.4777153 0.8848661 0.9068839 0.1412172 0.1666063 0.1902044 0.2373346 0.3062174 0.476642 1 149.184 220.4515 256.4635 266.3264 272.5413 273.1878 284.9225 1056.416 65 
0.5149867 0.9129922 0.9052088 0.1283267 0.1502762 0.2132673 0.2400954 0.343788 0.4533265 1 133.6355 202.456 240.673 288.4414 294.2394 310.0601 296.8528 1041.369 66 
0.492036 0.9179518 0.910734 0.1208758 0.1977037 0.1939353 0.2319655 0.30983 0.5705646 1 125.2857 186.9307 272.1236 275.671 272.3312 274.2203 313.1471 1036.482 67 
0.4784692 0.8999446 0.8869781 0.1146651 0.1652882 0.2085411 0.2481853 0.3576006 0.4795101 0.9999998 120.0143 177.4374 238.0604 275.2058 283.6099 300.281 285.4464 1046.651 68 
0.5099568 0.9051504 0.8983034 0.1313185 0.1889652 0.2212838 0.2326067 0.2661536 0.4613014 1 137.0033 206.869 276.751 303.7813 288.0547 263.8009 283.2207 1043.29 69 
0.4943798 0.8861054 0.8941909 0.1331697 0.146207 0.202832 0.2467864 0.2848982 0.4822517 1 141.0758 210.8208 238.4865 276.9297 291.1513 278.0587 299.8134 1059.369 70 
0.5014376 0.9235774 0.9085743 0.1372869 0.1408883 0.2083682 0.2539471 0.2713257 0.5008507 1 141.849 212.9774 232.3801 276.0916 292.3927 269.3315 300.1151 1033.23 71 
0.4737902 0.9347413 0.9051133 0.131769 0.1639379 0.2156295 0.2392146 0.3520634 0.4559318 1 134.8044 198.6735 239.7443 273.7186 269.0245 283.4771 265.221 1023.036 72 
0.5019613 0.8857567 0.8956032 0.1462405 0.1652459 0.2037333 0.2592157 0.3470702 0.5435308 1 153.5491 230.6249 263.8958 284.9185 297.4701 302.5124 308.494 1049.977 73 
0.5022927 0.9010139 0.907021 0.14007 0.1757644 0.2194656 0.2327448 0.3614538 0.5226167 1 146.5096 220.1004 268.6487 297.6457 284.1866 303.2246 300.4716 1045.974 74 
0.4837528 0.8974867 0.8988035 0.1387288 0.1567755 0.1842488 0.2384655 0.3287549 0.5165216 1 145.9713 216.5853 246.8493 260.2095 274.5279 288.868 304.3297 1052.206 75 
0.517334 0.8812354 0.9162836 0.1515835 0.1702056 0.1973499 0.2672334 0.3139672 0.5071292 1 161.1471 244.514 280.0113 292.5616 311.8861 299.5551 308.116 1063.091 76 
0.4926726 0.9112884 0.9035047 0.121029 0.1544255 0.1998602 0.2806307 0.32667 0.4891432 1 126.2023 188.3788 234.3466 270.3487 307.216 297.081 293.2855 1042.745 77 
0.5019333 0.8752827 0.8939769 0.1355326 0.1506706 0.2003824 0.2560485 0.331343 0.5040012 1 145.1047 217.9376 248.8389 282.4155 302.6948 306.8738 311.6186 1070.625 78 
0.4998664 0.8958795 0.8910286 0.1374912 0.169648 0.189753 0.268113 0.353943 0.5486506 1 144 215.9807 261.2113 272.9025 299.3626 307.0787 311.1655 1047.339 79 
0.5263125 0.8739981 0.9005778 0.1427005 0.1428998 0.1925166 0.2454184 0.3172556 0.4758917 1 152.1848 232.2815 252.9028 283.9672 304.748 311.8739 319.2803 1066.463 80 
0.5267461 0.8915726 0.9032903 0.1113879 0.1796605 0.2264818 0.2615351 0.3025 0.5266051 1 116.6555 178.1034 261.0137 310.3925 317.943 299.3917 317.8814 1047.291 81 
0.4885502 0.9108849 0.8909103 0.1529633 0.1963872 0.2214015 0.2417813 0.3529021 0.4742578 1 159.1945 236.969 288.8949 297.9846 278.9406 283.8649 267.0283 1040.737 82 
0.4749258 0.9207948 0.9055473 0.1281495 0.1727816 0.2118156 0.2592909 0.3156012 0.5286626 1 132.501 195.4292 248.5693 276.003 283.4791 272.029 286.7107 1033.957 83 
0.5061818 0.8860777 0.9006735 0.1334247 0.1756386 0.2020294 0.2835433 0.3311406 0.5120682 1 142.2076 214.1904 270.6424 290.8185 319.4799 305.8599 303.9112 1065.826 84 
0.4946403 0.937594 0.8961606 0.1220565 0.1547632 0.2046716 0.2845188 0.3474603 0.4709639 1 125.8614 188.1175 233.1595 271.9454 307.6698 303.4816 283.9327 1031.173 85 
0.5000962 0.9025616 0.8894635 0.1491618 0.1568221 0.1821405 0.2518154 0.3539691 0.5352636 1 156.2307 234.361 256.9567 265.3646 287.4597 306.5101 312.2795 1047.391 86 
0.4791465 0.916918 0.9130794 0.1435653 0.1450519 0.1947325 0.2583933 0.3402807 0.5053223 1 149.4216 221.0164 235.1941 261.0931 283.6712 290.7835 291.0466 1040.791 87 
0.5028357 0.8961654 0.8968481 0.1415237 0.179798 0.2010893 0.2395494 0.3134322 0.5291669 1 148.4187 223.0489 274.0293 286.2818 285.2722 284.0567 305.8212 1048.72 88 
0.5117769 0.9081192 0.8963181 0.145216 0.1668946 0.2150405 0.2291189 0.2998981 0.5380733 1 149.7691 226.4175 263.0071 292.5382 281.805 277.5037 309.4378 1031.354 89 
0.5181435 0.8705612 0.8873361 0.12492 0.171002 0.1752516 0.2415331 0.3043167 0.4690141 1 134.4054 204.0468 266.7285 274.9918 297.9687 302.9739 316.2935 1075.932 90 
0.4939301 0.9087733 0.9003217 0.1490058 0.1560303 0.1957733 0.2337056 0.3055201 0.515551 1 155.1634 231.8033 252.7626 271.2646 274.554 276.427 301.5588 1041.325 91 
0.5028111 0.8740709 0.8939534 0.1422634 0.1616875 0.2165593 0.2416958 0.2782516 0.505546 1 149.8829 225.2457 259.3693 294.4711 291.5112 271.8044 300.8821 1053.559 92 
0.4975114 0.8957886 0.9068959 0.1342922 0.1751751 0.1913615 0.2525312 0.3270332 0.4612211 1 141.7833 212.3221 265.7424 276.4752 291.4985 294.0445 287.7257 1055.782 93 
0.4930608 0.9108141 0.9143306 0.129842 0.1584255 0.2076061 0.2281326 0.3469203 0.5603485 1 135.0513 201.6398 242.8067 277.8485 274.6863 297.0543 316.9494 1040.12 94 
0.4713211 0.9624566 0.9148564 0.1512275 0.1568385 0.1806439 0.2679649 0.3145796 0.5022166 0.9999999 152.7427 224.7336 240.3757 243.8677 273.642 265.3584 274.3088 1010.02 95 
0.4965047 0.9550464 0.8957401 0.1433831 0.1744847 0.1746036 0.2514058 0.3323169 0.4483015 1 145.5524 217.8198 259.8765 254.3689 275.2558 284.0648 273.8042 1015.129 96 
0.4798453 0.8786126 0.9054421 0.1262936 0.155565 0.2130913 0.237483 0.3377945 0.4681662 1 135.4485 200.4428 241.9523 284.7124 284.4885 296.8908 289.6561 1072.489 97 
0.4983217 0.9153869 0.8824255 0.1432047 0.1760693 0.2069104 0.2367593 0.3337285 0.4699105 1 148.5803 222.621 267.455 284.8279 279.467 287.2259 281.9412 1037.537 98 
0.4813714 0.8899761 0.9028663 0.1136855 0.1634311 0.1912696 0.2436874 0.3310793 0.5362309 1 120.2345 178.1119 238.9337 265.0049 282.1092 294.5994 313.858 1057.606 99 
0.5019459 0.9271211 0.9000354 0.144677 0.1580585 0.1908557 0.2465372 0.3338452 0.5366057 1 148.8565 223.5744 251.3188 267.5601 282.1056 292.4059 308.2445 1028.888 100 
