0.01511548 0.01931645 0.01090579 0.01092303 0.013552 0.01532036 0.01846209 0.0238454 0.03150337 1.754123e-16 11.55254 13.08617 12.70026 13.18265 13.96711 13.79909 14.1458 1 
0.01469501 0.01709934 0.01034858 0.01045548 0.01258225 0.01531063 0.01850791 0.02334872 0.03061804 1.964657e-16 10.99371 12.29234 12.90296 13.0424 13.41606 13.57072 14.03311 2 
0.01465182 0.01655804 0.009341579 0.01101444 0.01280098 0.01486979 0.01784559 0.02240319 0.02954284 2.633009e-16 11.47769 12.28052 12.46528 12.82119 13.26106 13.8847 13.81774 3 
0.01510255 0.02163554 0.009970669 0.01180348 0.01426068 0.01699963 0.02018877 0.02497895 0.03323173 3.091725e-16 12.87454 13.93735 14.10562 14.05086 14.30126 15.36122 14.23036 4 
0.01474458 0.01850122 0.009889407 0.0108951 0.01330498 0.01618575 0.01916781 0.02399244 0.03169175 1.108608e-16 11.46783 12.86571 13.34056 13.16085 13.59758 14.27921 13.82979 5 
0.01473187 0.01961042 0.009363836 0.01168757 0.0143293 0.01557613 0.01932018 0.02457864 0.03253436 1.031639e-16 12.54508 13.70013 12.73301 13.72636 14.00515 14.12249 13.94054 6 
0.01462932 0.01704634 0.009529488 0.01057086 0.01269404 0.01532571 0.01842472 0.02362703 0.03111898 3.090229e-16 11.05435 12.24819 12.73207 12.82455 13.42975 13.34796 13.55872 7 
0.0147692 0.01918828 0.009232449 0.01104391 0.01338828 0.01514671 0.01852664 0.02413092 0.03212093 3.740445e-16 11.95195 13.28236 13.0525 13.74953 14.60523 14.31928 14.70569 8 
0.01455591 0.0171169 0.009558245 0.01027913 0.01294295 0.01526663 0.01924003 0.02414566 0.03177401 1.213382e-16 10.71926 12.55902 12.72176 13.41645 13.34481 13.80556 13.72972 9 
0.01470442 0.01809574 0.01010977 0.01120154 0.01304942 0.01538634 0.0192356 0.0242634 0.03197754 4.442937e-17 11.79148 12.54596 12.8353 13.50983 13.55907 13.81921 13.75008 10 
0.01472467 0.01842823 0.009700894 0.01097206 0.01303846 0.01452719 0.01876226 0.02335157 0.03069772 7.950134e-17 11.60969 12.58235 12.2399 13.52493 13.24408 13.82892 13.57947 11 
0.0147844 0.01638551 0.01018796 0.01074648 0.01296417 0.01539756 0.01836212 0.02234948 0.02949497 9.074785e-16 11.12719 12.29879 12.53531 12.60953 12.6472 13.60716 13.4103 12 
0.01446908 0.01820779 0.009153074 0.01131113 0.01346057 0.01599101 0.01965541 0.02502683 0.03305223 4.420089e-16 12.03383 13.0535 13.32218 13.73037 14.04848 13.93143 14.35599 13 
0.01440045 0.01684515 0.009217415 0.01063276 0.01335414 0.01590168 0.01873277 0.02407459 0.03173229 5.11e-17 11.06836 12.73082 12.81332 12.64514 13.40241 13.30678 13.40876 14 
0.01499673 0.01957783 0.009958573 0.01122194 0.01311167 0.01468678 0.01857381 0.02354764 0.03110644 7.654085e-17 12.0202 12.79677 12.58969 13.68682 13.875 14.1415 14.11365 15 
0.0149749 0.0188258 0.009909353 0.01065625 0.01303694 0.01563703 0.01857346 0.02368213 0.03128907 1.648075e-16 11.17606 12.63803 13.02834 13.03713 13.71524 13.96034 13.99266 16 
0.0147981 0.01994117 0.008629198 0.01185405 0.01332623 0.01590339 0.01994713 0.02456543 0.03248472 3.284532e-16 12.69166 12.91857 13.49439 14.2091 13.86089 14.71127 14.33756 17 
0.01454459 0.01675694 0.01013137 0.01108153 0.0133719 0.01522851 0.01865827 0.0237487 0.03137393 3.363905e-16 11.60018 12.87585 12.72903 13.35896 13.86252 14.31163 14.04564 18 
0.01493776 0.01898164 0.009950777 0.01046953 0.01311564 0.01543012 0.01827085 0.02369285 0.03132404 2.84108e-16 11.22766 13.10233 13.29721 13.43683 14.46665 14.32218 15.00305 19 
0.01479284 0.01944597 0.0100195 0.01131139 0.0144246 0.01629254 0.01996918 0.02551586 0.03366673 2.791985e-16 12.00996 13.75985 12.99431 13.60904 13.97612 13.59833 14.07553 20 
0.01483073 0.01922836 0.009736193 0.0110741 0.0130156 0.0154851 0.01914491 0.02392379 0.03141577 6.023768e-17 11.80648 12.72148 13.12255 13.64885 13.6914 13.949 14.37639 21 
0.01454975 0.01777737 0.009968421 0.01176074 0.01299528 0.01634956 0.0198236 0.02539854 0.03309801 1.125882e-16 12.37714 12.38603 13.49055 13.42569 13.84806 13.07273 14.21127 22 
0.01474754 0.01984958 0.009887644 0.01136602 0.01355929 0.01601141 0.02036126 0.0256184 0.03381199 1.802048e-16 12.27013 13.27689 13.46865 14.32988 13.99691 14.59101 13.89268 23 
0.01481204 0.01848873 0.00894957 0.01082051 0.01313113 0.01522894 0.01800175 0.02307305 0.03050238 2.487134e-16 11.45208 12.76526 12.78404 12.94939 13.74333 14.07019 13.96035 24 
0.01470121 0.01945067 0.009129993 0.01104312 0.01372286 0.01614232 0.01966079 0.02531134 0.03369264 7.81874e-16 11.82461 13.43217 13.44752 13.7868 14.38275 14.12865 14.46573 25 
0.01461681 0.01798055 0.01005864 0.01120986 0.01324949 0.01518041 0.01973982 0.0241701 0.03178725 1.603168e-16 11.96411 12.9444 12.91948 14.20943 13.53558 14.44504 14.2944 26 
0.01472599 0.01800646 0.00947053 0.010904 0.01374471 0.01511087 0.01756097 0.02275046 0.03004677 2.707429e-16 11.57777 13.24097 12.42413 12.65662 13.65965 14.07339 13.64117 27 
0.0148536 0.01948085 0.009691302 0.01108285 0.01332872 0.01618071 0.01944045 0.02416938 0.03195987 1.796753e-16 11.9321 13.15679 13.69951 13.735 13.99223 14.5795 14.59409 28 
0.01464425 0.01808582 0.00983007 0.01065225 0.01375581 0.01586938 0.01907788 0.02405155 0.0317117 8.910376e-17 11.22522 13.24875 12.85343 13.09129 13.4962 13.90086 13.64669 29 
0.01460826 0.01743279 0.009488598 0.01058385 0.0127874 0.01540112 0.01878352 0.02332442 0.03073804 1.588543e-16 11.16638 12.51526 12.99911 13.28171 13.4032 14.21036 13.86567 30 
0.01480611 0.01988017 0.00919665 0.01143602 0.01409459 0.01648314 0.01978402 0.02506806 0.03333305 4.055953e-16 12.30022 13.73261 13.64133 13.87543 14.38912 14.74124 14.48229 31 
0.01507656 0.01967198 0.01056388 0.01020025 0.01317205 0.01556137 0.01903675 0.023364 0.03079589 9.293607e-16 10.7754 12.87314 12.92763 13.26468 13.17317 14.25123 13.59517 32 
0.01496405 0.02056745 0.009484153 0.01072961 0.01385661 0.0163691 0.01951303 0.02490094 0.03316433 3.057645e-16 11.61696 13.80201 13.7649 13.8206 14.54084 14.73559 14.74812 33 
0.01477959 0.01816305 0.009908051 0.01040308 0.0130329 0.01573078 0.01800006 0.02272291 0.03000214 2.99699e-16 11.03754 12.77741 13.13518 12.66938 13.46388 13.99284 14.03051 34 
0.01463061 0.01886955 0.009348554 0.01143637 0.01373646 0.01616177 0.01896548 0.02445869 0.03252108 1.564953e-16 12.1642 13.26424 13.36876 13.3514 14.26112 14.4168 14.1461 35 
0.01481723 0.0189684 0.009754971 0.01128877 0.01385956 0.01591167 0.01901222 0.02396527 0.03179898 1.703351e-16 12.06079 13.46722 13.23634 13.57033 14.09671 14.73147 14.31997 36 
0.01500951 0.01912724 0.01016567 0.01069099 0.01276925 0.01529998 0.01796081 0.02355169 0.03131305 4.726242e-17 11.38169 12.61104 13.12195 13.10581 14.29655 14.14248 14.30857 37 
0.01465691 0.01781444 0.009239335 0.01128416 0.01269267 0.0154211 0.01814195 0.02313585 0.03044325 2.640507e-17 11.94267 12.26771 12.97916 12.88927 13.56135 13.67678 13.91324 38 
0.01475481 0.01791569 0.01062311 0.01180514 0.01390673 0.0150765 0.01892523 0.02461799 0.03280918 1.535673e-16 12.49657 13.30294 12.72089 13.88465 14.5594 14.37477 14.50179 39 
0.01484632 0.01953455 0.01019239 0.01103446 0.013107 0.01631116 0.01979873 0.02522441 0.03347157 1.897933e-16 11.73585 12.77902 13.63164 13.57946 13.97187 14.01582 13.93448 40 
0.01469391 0.01886698 0.009689537 0.01020289 0.0133822 0.0163159 0.0194409 0.02472009 0.03274356 1.740189e-16 10.79589 13.13546 13.47641 13.22779 13.82403 14.03705 13.9524 41 
0.0148834 0.01824907 0.01016645 0.01125017 0.01387395 0.01518774 0.01892178 0.02300355 0.03040337 7.264206e-17 11.88208 13.23186 12.45843 13.42289 13.20104 14.08313 14.01307 42 
0.01449432 0.01725656 0.009118999 0.01131842 0.01314454 0.01548089 0.01904275 0.02430889 0.03211771 1.840139e-16 11.87239 12.5879 12.8565 13.35364 13.73518 13.78324 13.81328 43 
0.01472059 0.01832035 0.00990245 0.01126066 0.01397835 0.01625045 0.0188667 0.02416439 0.03199397 2.4607e-16 11.87299 13.45052 13.31532 13.28076 14.21686 14.38492 14.64039 44 
0.01463239 0.01845624 0.008944896 0.01131007 0.01307842 0.01527014 0.01910535 0.0245621 0.03259085 2.537678e-16 11.91613 12.57233 12.79071 13.53874 13.88856 13.72464 13.80852 45 
0.01455675 0.01664638 0.009707065 0.01107621 0.01288159 0.01476076 0.01860315 0.023639 0.03115001 1.129922e-16 11.58341 12.40781 12.46446 13.37603 13.62038 13.93616 13.75959 46 
0.01477567 0.02051862 0.008486507 0.01219859 0.01357837 0.01636564 0.01972256 0.02486516 0.03317707 1.015811e-15 13.47322 13.48132 14.27016 14.49301 14.90474 15.42788 15.04345 47 
0.0148384 0.0195933 0.009732771 0.01100221 0.01369208 0.01563221 0.01914884 0.02384268 0.03133969 2.622436e-05 11.77082 13.37907 13.06487 13.6676 13.81416 15.01969 13.66865 48 
0.01469862 0.01736412 0.01041881 0.01091871 0.01347145 0.01624733 0.01873832 0.02346597 0.03086308 3.48548e-16 11.4857 12.91548 13.16491 12.73543 13.3449 13.71096 13.88832 49 
0.01470365 0.01805928 0.009442639 0.01124567 0.01303064 0.01594358 0.01841342 0.0239938 0.03180037 9.668511e-17 11.81441 12.51369 13.20465 12.83009 13.92883 13.85583 13.7429 50 
0.01444968 0.01818649 0.009052083 0.01136941 0.01362071 0.0157639 0.01946761 0.02453685 0.03232617 1.283258e-16 12.00818 12.98939 12.87994 13.44191 13.55401 13.69185 13.75072 51 
0.01416115 0.01405255 0.009409994 0.01053692 0.01308356 0.01471278 0.01831163 0.02342179 0.0305385 9.604333e-17 10.96998 12.59713 12.25663 12.9981 13.4503 13.18022 14.06888 52 
0.01475991 0.01882842 0.0097742 0.01037722 0.01290413 0.01573708 0.01952291 0.02427704 0.03192105 3.233282e-16 10.97268 12.62443 13.15456 13.47492 13.30627 13.82857 13.76599 53 
0.01479898 0.01968519 0.009483761 0.01185392 0.01361845 0.01546633 0.01946297 0.02448494 0.03234569 2.756735e-16 12.8689 13.27949 13.21708 14.22194 14.21618 14.46034 14.57274 54 
0.01491583 0.01990078 0.01004083 0.01112733 0.0120781 0.01570977 0.01987417 0.02344026 0.03092309 2.790518e-16 11.92843 11.93884 13.59225 13.98935 12.80787 14.2714 14.02201 55 
0.01475091 0.01851499 0.01004205 0.01061405 0.01369207 0.01559473 0.01837768 0.02346294 0.03093376 1.313761e-16 11.2711 13.26902 12.74078 12.87049 13.60176 14.08637 13.47705 56 
0.01445046 0.01741853 0.009501826 0.01099065 0.01283293 0.01562356 0.01920373 0.02466768 0.03270695 9.924031e-17 11.68812 12.60679 13.27761 13.61187 14.0739 13.86581 14.306 57 
0.01466405 0.01669641 0.009287644 0.01057628 0.01313974 0.01501095 0.01834421 0.02265213 0.02964974 1.320941e-16 11.00512 12.55829 12.32235 12.83218 12.91438 13.35806 13.83453 58 
0.01457924 0.01840586 0.008634239 0.01168652 0.01309803 0.01553932 0.01878494 0.02360649 0.03124587 1.333942e-16 12.465 12.70574 13.20305 13.54926 13.89205 14.5448 14.08544 59 
0.0148849 0.01799113 0.009451582 0.01091366 0.01284224 0.01592546 0.01820112 0.02236783 0.02965431 3.897512e-16 11.30523 12.20497 13.00015 12.40454 12.82689 13.83751 13.50809 60 
0.01512097 0.0203927 0.009623239 0.01176393 0.01363545 0.01582683 0.01910276 0.0243698 0.03178759 2.887622e-16 12.51728 13.07342 13.20137 13.60814 14.14533 13.75677 14.76324 61 
0.01516474 0.02076575 0.009792496 0.01104418 0.01426912 0.01543399 0.01888954 0.0239956 0.03177315 7.776365e-17 11.79807 13.82212 12.66123 13.55804 14.02085 14.26618 14.30697 62 
0.01494306 0.01977001 0.009615285 0.01100146 0.01250497 0.01479864 0.01870818 0.02385629 0.03157603 3.200689e-16 11.71061 12.27999 12.7909 13.69136 13.88594 14.05259 13.96781 63 
0.01470115 0.01775378 0.01038659 0.01103647 0.01330694 0.01562908 0.01941552 0.02369108 0.031189 1.898423e-16 11.58439 12.7666 12.87146 13.44316 13.14715 14.13232 13.68714 64 
0.0152542 0.0211895 0.009825063 0.01138344 0.01335948 0.01551727 0.01873876 0.02336071 0.03082394 2.872829e-16 12.18328 12.94388 13.04687 13.43814 13.66677 14.11174 14.32602 65 
0.01437986 0.01680513 0.009086884 0.01079979 0.01253634 0.01566526 0.01851291 0.02365996 0.03102331 3.134206e-16 11.39596 12.29433 13.26715 13.05587 13.753 13.63266 14.33354 66 
0.01444577 0.01736229 0.009021129 0.01052303 0.01385097 0.01549564 0.01839418 0.02315515 0.03043325 2.314628e-16 11.04017 13.29144 12.49576 12.76226 13.28238 14.14554 13.27012 67 
0.01511475 0.019695 0.0107771 0.01034431 0.01298111 0.01562295 0.0187966 0.02408793 0.03183697 1.765509e-16 10.94461 12.71771 13.09429 13.17882 13.81742 13.72297 14.02457 68 
0.01466777 0.01782515 0.009790719 0.01090138 0.01372916 0.01624922 0.01895814 0.02241718 0.02981877 3.548865e-16 11.58547 13.31464 13.28132 13.0961 13.09556 14.20438 14.48904 69 
0.0152827 0.0206948 0.01028757 0.01100518 0.01255475 0.01535658 0.01854577 0.02271615 0.03009196 2.276321e-16 11.94404 12.5733 13.46727 13.67842 13.73853 14.65061 14.71519 70 
0.0146379 0.01700411 0.009186962 0.01111251 0.0122566 0.01547105 0.01870056 0.02234133 0.0296224 9.139658e-17 11.66003 11.92846 13.1211 13.17942 12.91696 14.13549 13.98694 71 
0.01456662 0.0161492 0.009595841 0.01087798 0.01295864 0.01575274 0.01857203 0.02382595 0.03115971 1.675557e-16 11.25927 12.26841 12.75924 12.56321 13.26348 12.91595 13.57323 72 
0.01474621 0.01939633 0.009814253 0.01154113 0.01343414 0.01590477 0.01947647 0.02474364 0.03277225 2.531559e-16 12.31651 13.00018 13.31949 13.74463 14.07024 14.45154 13.89068 73 
0.01444601 0.01806925 0.00910843 0.01132311 0.01358698 0.01637113 0.01899829 0.02472328 0.03287088 1.9699e-16 11.94598 13.01237 13.34244 13.003 14.06571 13.91731 13.73918 74 
0.01511908 0.01986098 0.01001101 0.01122715 0.01295867 0.01509541 0.01837018 0.0233308 0.03084257 7.154696e-17 11.96541 12.60457 12.84549 13.34586 13.805 14.17401 13.99946 75 
0.01456541 0.01888877 0.008552612 0.01178389 0.01368373 0.01600711 0.01982626 0.0244885 0.03237839 3.850225e-16 12.61967 13.22442 13.40508 14.03286 13.90091 14.61864 14.37949 76 
0.01465925 0.01766415 0.00957097 0.01054597 0.01262398 0.01519815 0.01916431 0.02378249 0.0311855 2.816548e-16 11.10923 12.34443 12.86915 13.54702 13.29351 13.74378 14.04812 77 
0.01501915 0.02041084 0.01007407 0.011147 0.01282969 0.01561705 0.01917076 0.02411697 0.03190348 1.382202e-16 12.12206 12.81479 13.60084 13.97649 14.17255 14.53405 14.61864 78 
0.01470534 0.01880792 0.01007854 0.01117686 0.01334381 0.01533869 0.01933821 0.02462363 0.03257882 6.6425e-17 11.89786 12.95992 12.8977 13.79881 13.94583 14.22665 13.80746 79 
0.01504565 0.01979534 0.009485668 0.01149573 0.01274565 0.01540733 0.01880567 0.02346502 0.03104221 3.235672e-16 12.40147 12.67533 13.53497 13.99739 14.24998 14.81803 15.05381 80 
0.0144969 0.01814599 0.009077606 0.01026162 0.0135274 0.01635486 0.01964402 0.0241166 0.03191459 3.153188e-16 10.91704 13.37955 13.60728 13.51377 13.65278 14.65066 14.34892 81 
0.01465562 0.01780379 0.0102722 0.01170584 0.01426802 0.01664371 0.01965416 0.02512468 0.03307001 4.180886e-16 12.28622 13.32923 13.08581 13.09868 13.72926 13.42056 13.74004 82 
0.01458063 0.01761253 0.009539948 0.01079524 0.01320593 0.01578855 0.01911113 0.02362271 0.03105768 4.189261e-16 11.27997 12.61454 12.8452 12.97562 13.00686 13.7051 13.36488 83 
0.01467655 0.01902859 0.009640344 0.01102773 0.01347244 0.01582908 0.01995431 0.02481923 0.03272263 4.296923e-17 11.91824 13.29732 13.37078 14.13428 13.84364 14.47249 14.25701 84 
0.01432278 0.01520513 0.009885151 0.0104827 0.01250682 0.01528776 0.01915914 0.02395773 0.0313459 1.903163e-16 10.9543 12.15212 12.79528 13.27445 13.13859 13.36183 13.78762 85 
0.01481416 0.01858716 0.01023058 0.01158223 0.01302223 0.01515012 0.01883034 0.02410377 0.03190171 4.455705e-17 12.27918 12.55788 12.85125 13.59065 13.97164 14.10468 13.89397 86 
0.01462683 0.01788507 0.00897069 0.01127592 0.01247824 0.0150716 0.01857579 0.02354569 0.03099334 1.109621e-15 11.91798 12.07348 12.7835 13.2483 13.49571 13.62266 13.71867 87 
0.01484317 0.0189048 0.009870728 0.01138669 0.01374244 0.01597459 0.01895502 0.02371532 0.03140063 7.022969e-17 12.06151 13.18697 13.12724 13.29268 13.72256 14.41448 13.99377 88 
0.01467265 0.01766907 0.009713048 0.011441 0.01331502 0.01604775 0.01868098 0.02305892 0.03058402 8.291501e-17 12.01252 12.73609 13.22296 13.02615 13.4323 14.39503 13.93768 89 
0.01530818 0.02063827 0.01039282 0.01087261 0.01350486 0.0151337 0.01871766 0.02331421 0.03085065 1.103771e-05 11.81354 13.5081 13.13185 14.04666 14.25405 14.88632 15.16336 90 
0.0148415 0.01830476 0.009665189 0.01159472 0.01304554 0.01545134 0.01839059 0.02300655 0.03041225 8.805872e-17 12.18421 12.4539 12.90163 13.07972 13.46465 14.11086 13.89321 91 
0.01526426 0.02083342 0.01012623 0.01152965 0.0133894 0.01644637 0.0194033 0.02352887 0.031343 2.48182e-16 12.28862 12.98561 13.77711 13.55617 13.67052 14.79258 14.46187 92 
0.01474263 0.01868513 0.009318729 0.01102322 0.01343392 0.01537825 0.01894681 0.02373727 0.03115483 4.926678e-16 11.80515 13.12389 12.93097 13.58239 13.75124 13.95699 14.42964 93 
0.01454003 0.01792052 0.008866139 0.01082692 0.01276244 0.01550593 0.01813219 0.02341396 0.03088095 8.102921e-17 11.46739 12.4572 13.06564 12.86633 13.77954 14.13415 13.52441 94 
0.01427968 0.01246927 0.009085206 0.01145267 0.01268285 0.01458515 0.01859524 0.02277346 0.02977577 5.14602e-16 11.66002 11.72579 11.85895 12.79177 12.42423 13.03448 12.98422 95 
0.0142354 0.01273212 0.009811979 0.01119143 0.01316992 0.01450452 0.01829264 0.02291778 0.0298138 3.416471e-16 11.48435 12.30305 11.86983 12.81802 12.93271 12.99636 13.62785 96 
0.01512843 0.02114343 0.009671947 0.01075776 0.01277458 0.01576537 0.01858709 0.02358397 0.03105167 1.651945e-16 11.72078 12.81009 13.65805 13.41001 14.08187 14.1094 14.65438 97 
0.01478091 0.01742839 0.01063123 0.01134963 0.01349193 0.01586085 0.0187057 0.02377845 0.03122888 2.75568e-16 11.90397 12.83572 12.9546 13.00299 13.64298 13.67624 14.06259 98 
0.01508991 0.02035507 0.009753362 0.01027448 0.01289141 0.01508921 0.01841729 0.02336553 0.03090766 1.780658e-16 11.02096 12.83005 12.9438 13.40204 13.84686 14.37434 13.97279 99 
0.01441375 0.01600564 0.009680544 0.01136295 0.01288688 0.01514125 0.01845255 0.02337937 0.03072379 1.776131e-16 11.82032 12.26699 12.58736 13.03037 13.41617 13.892 13.46685 100 
