0.0151641 0.01937 0.01091094 0.01101988 0.01364839 0.01547877 0.01849537 0.02396953 0.03170506 5.810763e-16 11.54997 13.04703 12.69026 13.06642 13.94477 13.77354 14.04695 1 
0.01473404 0.01719874 0.01030262 0.01059762 0.01277064 0.01553306 0.01881706 0.02380452 0.03123148 1.259586e-16 10.98983 12.27253 12.84691 12.98568 13.35615 13.41652 13.8792 2 
0.01474969 0.01676945 0.009322025 0.01117594 0.01301261 0.01502228 0.01802164 0.02271544 0.02993315 1.441355e-16 11.47873 12.26557 12.36591 12.73351 13.21413 13.71676 13.74049 3 
0.01513705 0.02161199 0.009966456 0.01192005 0.01438359 0.01712466 0.02038474 0.02521554 0.03351045 2.382205e-16 12.82311 13.83837 13.97759 13.95128 14.15874 15.19059 14.06004 4 
0.01478362 0.01851568 0.009927996 0.01099126 0.01343463 0.01636738 0.01938913 0.0241609 0.03190637 1.09527e-16 11.46254 12.85389 13.32279 13.12205 13.49706 14.26052 13.73806 5 
0.01486789 0.01980213 0.009409258 0.01192918 0.01466238 0.0157832 0.01951649 0.02486338 0.03293181 1.238081e-16 12.54315 13.677 12.57323 13.58143 13.90337 14.03447 13.77968 6 
0.01469784 0.01705393 0.009605336 0.01071295 0.01288292 0.01550931 0.01866046 0.0239219 0.03150882 6.37138e-17 11.04457 12.22987 12.6562 12.75744 13.34223 13.23521 13.46353 7 
0.01492401 0.019307 0.009463691 0.01122334 0.01363027 0.01529211 0.01869343 0.02431956 0.03231457 2.694954e-16 11.92079 13.23304 12.88864 13.61184 14.44717 14.16398 14.59396 8 
0.01462775 0.01726125 0.009628266 0.01040163 0.01310983 0.01549545 0.0194975 0.02446347 0.03219231 1.383722e-16 10.72102 12.54777 12.70264 13.35113 13.26656 13.68546 13.65968 9 
0.01478685 0.0179792 0.01025537 0.01135368 0.01325134 0.01553907 0.01943724 0.02452236 0.0323047 1.823122e-16 11.738 12.47689 12.67947 13.36631 13.40772 13.62938 13.57655 10 
0.01476068 0.01835759 0.009683254 0.01111726 0.01323205 0.0147844 0.0190536 0.02371949 0.03117304 1.99112e-16 11.59336 12.55709 12.2152 13.44602 13.15173 13.71689 13.43836 11 
0.01484429 0.01639231 0.01021212 0.01085884 0.01311483 0.01560573 0.01857254 0.02256124 0.0297721 1.471743e-16 11.119 12.28284 12.51533 12.54561 12.56875 13.49032 13.36946 12 
0.01454825 0.01841951 0.009145887 0.01140154 0.01358133 0.01603464 0.01971936 0.02509007 0.03311536 4.034945e-16 12.04565 13.05253 13.24096 13.6896 13.99524 13.87959 14.31172 13 
0.01449057 0.01697182 0.009295249 0.01074708 0.01347593 0.015986 0.01879105 0.02424569 0.0319793 1.111727e-16 11.06776 12.69148 12.72643 12.5643 13.38752 13.20277 13.36172 14 
0.01510866 0.01961741 0.01009035 0.01136874 0.01330683 0.01471446 0.01869542 0.02365712 0.0312138 5.253749e-17 11.94039 12.68848 12.32665 13.49741 13.63063 13.89799 13.87533 15 
0.01503768 0.01886806 0.00996873 0.01077259 0.01315473 0.01579264 0.0187338 0.02389452 0.03157763 3.973798e-17 11.17198 12.59635 12.98804 12.97349 13.65852 13.90034 13.90791 16 
0.01483245 0.01977816 0.008622445 0.01195667 0.01337878 0.01605062 0.0200886 0.02457058 0.03248876 5.850107e-16 12.63108 12.79295 13.42931 14.07978 13.667 14.62184 14.2181 17 
0.01459916 0.01672511 0.01020606 0.01119704 0.01352794 0.01535028 0.01885685 0.02395596 0.03164552 2.671556e-16 11.58824 12.85749 12.65814 13.32352 13.78194 14.22098 14.00821 18 
0.01503537 0.01921832 0.0100483 0.01057635 0.01322301 0.01556667 0.01844783 0.02387111 0.03152528 1.183963e-16 11.24226 13.07336 13.26757 13.40844 14.39661 14.24784 14.96328 19 
0.01484977 0.0195077 0.01004288 0.01144422 0.01454547 0.0164643 0.02025328 0.02583597 0.03407531 1.640412e-16 12.0051 13.6878 12.95084 13.58785 13.87796 13.50901 13.98301 20 
0.01489507 0.01921425 0.009753804 0.01121199 0.01319818 0.01565233 0.01936605 0.02408556 0.03161711 1.559528e-16 11.79473 12.7043 13.04757 13.58582 13.55771 13.89258 14.29188 21 
0.01462783 0.01789627 0.01006342 0.01189799 0.0131724 0.01656018 0.01994585 0.0256378 0.03341477 9.026984e-17 12.37491 12.3769 13.45373 13.30278 13.83253 12.96658 14.14094 22 
0.01475781 0.01963441 0.009882944 0.01147302 0.01366699 0.01615439 0.02053328 0.02585066 0.03410091 1.035458e-16 12.20633 13.17176 13.36116 14.19066 13.8628 14.42425 13.72814 23 
0.01490738 0.01871416 0.008885514 0.01096918 0.01333079 0.01545798 0.01820878 0.02326318 0.03075165 4.039935e-16 11.45762 12.75393 12.73984 12.85792 13.61604 13.96355 13.88409 24 
0.01475629 0.01963641 0.009211487 0.01112535 0.01379795 0.01627438 0.01980993 0.02555587 0.03409625 2.553665e-16 11.83816 13.40591 13.4484 13.75887 14.38163 14.09184 14.36746 25 
0.01472755 0.01802171 0.010274 0.0113672 0.01342133 0.01544655 0.02005714 0.02437153 0.03204441 1.271258e-16 11.92608 12.85856 12.86117 14.09479 13.31215 14.33062 14.13271 26 
0.01482623 0.01815692 0.009455724 0.01110741 0.01395918 0.01540463 0.01773065 0.0230632 0.03045184 8.774616e-17 11.57401 13.16498 12.37573 12.50168 13.57751 14.01275 13.43422 27 
0.01497836 0.01974857 0.009797912 0.01124189 0.01354101 0.01631923 0.01960907 0.02435632 0.03223296 2.258989e-16 11.9482 13.15943 13.59381 13.67368 13.9185 14.54118 14.4881 28 
0.0146925 0.01791075 0.009938378 0.01073643 0.013873 0.01595634 0.01908407 0.02408067 0.03173827 1.747661e-16 11.17731 13.18228 12.73547 12.93346 13.38759 13.81123 13.50273 29 
0.01466391 0.01751165 0.009496768 0.01069803 0.01293936 0.01553188 0.0189469 0.02353123 0.0310089 1.932699e-16 11.1645 12.50494 12.93159 13.22305 13.3421 14.14557 13.77131 30 
0.01483183 0.0198546 0.009214967 0.01151253 0.01419996 0.01663065 0.0199029 0.02520343 0.03350983 2.326133e-16 12.29164 13.71919 13.62657 13.81331 14.34151 14.68971 14.4452 31 
0.01513015 0.01980676 0.01050514 0.01031303 0.01332796 0.01577684 0.01913992 0.02357326 0.03106546 4.835344e-05 10.778 12.86484 12.91178 13.12707 13.1494 14.19705 13.46105 32 
0.01500292 0.02058854 0.00952013 0.01084746 0.01402108 0.01655929 0.01972072 0.02522378 0.03362629 1.921915e-16 11.61203 13.78618 13.71534 13.75112 14.50406 14.64016 14.64088 33 
0.0148683 0.01835338 0.01004368 0.01053732 0.01321543 0.01598509 0.01821387 0.02299318 0.03036777 8.507268e-17 11.04189 12.7685 13.11764 12.57846 13.39293 13.91455 13.91959 34 
0.01467073 0.01881132 0.009400919 0.01156585 0.01391223 0.01636475 0.01923633 0.02472529 0.03285805 1.093262e-16 12.14714 13.23917 13.31416 13.30676 14.14864 14.31748 14.07699 35 
0.01489435 0.01911731 0.00982256 0.01140757 0.01398524 0.01607192 0.01923151 0.02418923 0.0320755 3.547912e-16 12.03496 13.38858 13.15324 13.48417 13.95132 14.60811 14.13297 36 
0.01511069 0.0192869 0.01028393 0.01083157 0.01287444 0.01547235 0.01809062 0.02376439 0.03162425 1.504623e-16 11.38618 12.54243 13.08971 13.01803 14.24902 14.10158 14.19807 37 
0.0147268 0.01790671 0.009283157 0.0114022 0.01284531 0.01559109 0.01826999 0.02333237 0.03068499 3.862257e-17 11.93904 12.25676 12.93976 12.80375 13.50974 13.56495 13.86582 38 
0.01482501 0.01811292 0.01063818 0.01190069 0.01403494 0.015245 0.01906762 0.02473685 0.03292854 3.192258e-16 12.50887 13.30301 12.72018 13.84013 14.4836 14.33349 14.46682 39 
0.01489551 0.01956882 0.01019294 0.0111431 0.01325099 0.0164767 0.01994283 0.02542191 0.03374713 1.361264e-16 11.73146 12.76868 13.58956 13.4954 13.92237 13.97451 13.83358 40 
0.01473734 0.01890756 0.009708843 0.01030313 0.01352268 0.01651463 0.01964877 0.02499635 0.03311684 1.799452e-16 10.79282 13.12167 13.45306 13.15814 13.76832 13.92964 13.88731 41 
0.01501511 0.01844941 0.0102906 0.01143797 0.01409735 0.01546716 0.01912964 0.02316373 0.03066041 2.50245e-16 11.88266 13.18903 12.4191 13.29566 13.07801 14.00139 13.92094 42 
0.01453532 0.01728485 0.009168812 0.01142726 0.01328816 0.01567734 0.0192841 0.02458363 0.03247788 8.54704e-17 11.86568 12.57386 12.83937 13.31303 13.65799 13.71088 13.72867 43 
0.01475437 0.0183919 0.009955103 0.01134005 0.01408705 0.01640137 0.01902851 0.02438932 0.0323027 4.897597e-16 11.87414 13.44259 13.30325 13.24548 14.18887 14.3294 14.56873 44 
0.01473392 0.01855369 0.0090259 0.0114629 0.01324002 0.01552232 0.01938757 0.02478244 0.03280288 3.511517e-05 11.91113 12.52745 12.7773 13.4738 13.72649 13.63874 13.76859 45 
0.01465747 0.01686554 0.009814382 0.01120875 0.01297621 0.01495241 0.0187974 0.0238626 0.03144281 2.709077e-16 11.58909 12.34081 12.4571 13.31704 13.54575 13.88232 13.66554 46 
0.01490525 0.02084163 0.008552898 0.01238615 0.013739 0.01656709 0.02002913 0.0252209 0.03363593 3.236539e-16 13.5039 13.42446 14.23165 14.47873 14.82591 15.30709 14.98381 47 
0.01490629 0.01967813 0.009824361 0.01111096 0.01384085 0.01579208 0.01927433 0.02400981 0.03155982 9.116366e-17 11.77065 13.36992 13.0264 13.58754 13.76691 14.96548 13.59548 48 
0.01478539 0.01752481 0.0104048 0.01106805 0.01367481 0.01642347 0.01891249 0.02362206 0.03109873 7.411405e-16 11.48545 12.9001 13.07208 12.65083 13.23251 13.65778 13.76686 49 
0.01473845 0.0180018 0.009452962 0.01134665 0.01316394 0.01601583 0.01860289 0.02424411 0.03213323 1.170393e-16 11.7703 12.45333 13.05752 12.76244 13.8116 13.68978 13.56218 50 
0.01454507 0.0183775 0.009050661 0.01153763 0.01384742 0.01603313 0.01971454 0.02477879 0.03263203 1.163339e-16 12.01072 12.97762 12.8394 13.33862 13.43718 13.60809 13.65884 51 
0.01426433 0.01423275 0.009404075 0.01074082 0.01336115 0.01504398 0.01869423 0.0238885 0.03108776 7.465043e-17 10.96526 12.56768 12.19363 12.89688 13.31776 12.98892 13.93681 52 
0.01482209 0.01895149 0.009807283 0.01050094 0.01299593 0.01589315 0.01978089 0.02460819 0.03235346 1.184787e-16 10.9734 12.55171 13.11393 13.45035 13.22882 13.74055 13.65428 53 
0.01484398 0.01972358 0.009482667 0.01201037 0.01382696 0.01574787 0.01982526 0.02489576 0.03286121 3.548083e-16 12.85721 13.25451 13.19124 14.16881 14.095 14.32308 14.45012 54 
0.01499846 0.02005238 0.01009725 0.01131359 0.01226489 0.01597977 0.02023369 0.02395101 0.03155417 2.787023e-16 11.92669 11.89169 13.54745 13.91461 12.73091 14.15242 13.83629 55 
0.01483483 0.01876243 0.01004511 0.01075166 0.01375089 0.01573456 0.01856289 0.02372594 0.03128555 2.098383e-16 11.27915 13.15192 12.70608 12.8218 13.54876 13.98929 13.37902 56 
0.01450285 0.01744385 0.00958624 0.01115986 0.01305521 0.01589229 0.01954399 0.02522345 0.03356117 2.352243e-16 11.67668 12.58244 13.21733 13.53043 14.0372 13.66729 14.16587 57 
0.0147305 0.01672675 0.00932198 0.01070821 0.01328391 0.01523589 0.01857999 0.02301453 0.03006151 1.741621e-16 10.99709 12.50954 12.29921 12.75873 12.87241 13.19664 13.76057 58 
0.01466138 0.01849973 0.008727763 0.01183513 0.01325001 0.01573732 0.01891433 0.02381556 0.03152914 9.628498e-16 12.46135 12.66401 13.16668 13.44083 13.8444 14.50116 13.96451 59 
0.0149086 0.01792518 0.009471968 0.01101809 0.01298004 0.01608155 0.01845316 0.0226913 0.03004218 7.588327e-17 11.29321 12.18751 12.95016 12.38619 12.78223 13.73088 13.41443 60 
0.01521067 0.02064068 0.009755043 0.0118737 0.01378005 0.01597771 0.01925179 0.02456165 0.03203194 2.377485e-16 12.53374 13.07811 13.17828 13.56566 14.10678 13.69825 14.70866 61 
0.01520986 0.02053948 0.009905542 0.01115476 0.01435676 0.01556024 0.01898299 0.02414276 0.03194951 1.3117e-16 11.69888 13.63193 12.50944 13.33703 13.82235 14.04657 14.04788 62 
0.01500396 0.01977985 0.009655018 0.0111295 0.01266958 0.01488708 0.01882362 0.02406102 0.03186887 1.216302e-16 11.7023 12.2694 12.68973 13.61033 13.84807 13.95235 13.89831 63 
0.01475411 0.01783024 0.01037681 0.01118695 0.01350904 0.01586683 0.01966967 0.02404581 0.03164001 3.167435e-16 11.57834 12.74643 12.81933 13.34988 13.07958 14.03278 13.53475 64 
0.01533267 0.02126864 0.009838186 0.01152926 0.01355288 0.01569185 0.01891003 0.02355744 0.03110007 1.891809e-16 12.17969 12.93276 12.97794 13.35533 13.58537 14.04694 14.22606 65 
0.01445311 0.01682754 0.009153936 0.0109358 0.01271349 0.01580082 0.018696 0.02387348 0.03130848 2.595473e-16 11.38821 12.28292 13.17476 12.99972 13.67482 13.57373 14.24821 66 
0.01450236 0.01739651 0.00901433 0.01064621 0.01402453 0.01569339 0.01860775 0.02329755 0.03061548 1.736063e-16 11.0346 13.27301 12.44996 12.70016 13.15503 14.11856 13.16381 67 
0.01521351 0.0200007 0.01080332 0.01046955 0.01315119 0.01581983 0.01897767 0.0243546 0.03218066 3.324844e-05 10.95796 12.71633 13.05862 13.09696 13.7701 13.57839 13.97244 68 
0.01471023 0.0178308 0.009736051 0.01109169 0.01399192 0.01658208 0.01921711 0.0229527 0.03046826 9.506571e-17 11.57185 13.28108 13.21229 12.93808 13.07778 14.0569 14.28981 69 
0.01535641 0.02060784 0.010313 0.01121737 0.01278803 0.0157187 0.0189897 0.02303604 0.03051163 2.304728e-16 11.88333 12.4625 13.3736 13.52382 13.43707 14.42471 14.4839 70 
0.01469167 0.01673585 0.009239465 0.01122867 0.01240549 0.0155676 0.01884394 0.02239609 0.02972682 8.646649e-17 11.6018 11.86887 12.97083 13.06467 12.74696 14.00742 13.8471 71 
0.01466454 0.01632652 0.00972934 0.01100588 0.01305355 0.01587426 0.0186616 0.02396422 0.03135297 5.081312e-16 11.25941 12.20066 12.70035 12.47824 13.20442 12.86168 13.49314 72 
0.01486664 0.0196235 0.00989432 0.01173587 0.01361378 0.01617327 0.01976664 0.02508504 0.03323636 6.178508e-17 12.32239 12.92829 13.28305 13.6557 13.9646 14.32037 13.80386 73 
0.01451409 0.01819552 0.009166195 0.01142318 0.01372168 0.01648259 0.01915867 0.02484076 0.03299273 1.595951e-16 11.94835 13.0048 13.2827 12.97514 13.96788 13.88752 13.67855 74 
0.015207 0.01998046 0.01011296 0.01137051 0.01310611 0.01523912 0.0185531 0.02353677 0.03111858 1.541986e-16 11.96413 12.56393 12.78024 13.28814 13.72098 14.11271 13.90187 75 
0.01461759 0.01903009 0.008519272 0.01187799 0.01380878 0.01609105 0.01996654 0.02468364 0.03262536 7.273161e-16 12.62739 13.22223 13.34741 14.01188 13.86714 14.53461 14.34143 76 
0.01472666 0.01792037 0.009596849 0.01066357 0.01277862 0.01540968 0.0193981 0.0240529 0.03156395 1.627595e-16 11.11938 12.33939 12.85737 13.48787 13.21277 13.70245 13.90039 77 
0.01512855 0.02056962 0.0101513 0.01132582 0.01302035 0.01579289 0.01934595 0.02434353 0.03224298 3.038523e-16 12.12571 12.77574 13.50999 13.87364 14.09397 14.50921 14.45848 78 
0.01481852 0.01904389 0.01009517 0.01136601 0.01355873 0.0156159 0.01956839 0.0248762 0.0328958 9.506698e-17 11.90407 12.91934 12.85726 13.66748 13.82923 14.15852 13.67005 79 
0.01505749 0.01977588 0.009469823 0.0116166 0.0129 0.01561787 0.01906428 0.02388655 0.03157597 4.863866e-16 12.38867 12.65562 13.50835 13.94151 14.22313 14.66934 14.94538 80 
0.01454876 0.01808538 0.009130984 0.01038798 0.01366932 0.01658631 0.01991065 0.02431604 0.0321724 3.185687e-16 10.87924 13.28872 13.53239 13.38902 13.46678 14.54034 14.1673 81 
0.01473382 0.01798907 0.01033089 0.01181101 0.01434543 0.01680142 0.01968296 0.02522953 0.03324521 1.466167e-15 12.29215 13.27327 13.08451 12.99276 13.71148 13.3977 13.66402 82 
0.01465279 0.01781395 0.009586902 0.01091393 0.01336551 0.01593303 0.01928932 0.02384633 0.03134868 1.808136e-16 11.28453 12.60701 12.78249 12.92135 12.94583 13.66137 13.23933 83 
0.01477973 0.01925917 0.009610383 0.01119177 0.01369458 0.01601306 0.0201176 0.02505993 0.03305379 2.533434e-16 11.92848 13.29243 13.28103 14.02194 13.79405 14.34488 14.18866 84 
0.01438542 0.01513293 0.009833064 0.01058621 0.01260593 0.01531163 0.01923729 0.02412245 0.03154255 1.346339e-16 10.91622 12.06346 12.62887 13.16288 13.04298 13.15503 13.65745 85 
0.01488856 0.01864769 0.01029163 0.01171846 0.01319853 0.01525144 0.0189519 0.02428513 0.03214343 2.656977e-16 12.27381 12.54916 12.76046 13.52054 13.9228 14.08413 13.77488 86 
0.01474133 0.0181197 0.009124509 0.01145278 0.01261934 0.01529705 0.018893 0.0238569 0.03140043 1.893858e-16 11.91996 11.99909 12.74718 13.20671 13.36072 13.5665 13.57022 87 
0.01487258 0.0189684 0.009815784 0.01149811 0.01389304 0.01609807 0.01919178 0.02398 0.03173927 1.747388e-16 12.05829 13.17228 13.05566 13.27953 13.64725 14.3476 13.87566 88 
0.01471459 0.01764083 0.009733868 0.01163044 0.01352717 0.01633554 0.01897258 0.02353663 0.03116903 1.132929e-16 11.9951 12.67928 13.16327 12.92068 13.38564 14.30973 13.71556 89 
0.0153337 0.02055618 0.01044785 0.01093664 0.01359235 0.01525498 0.01880594 0.02340911 0.03094222 5.33469e-16 11.76709 13.44698 13.06947 13.92509 14.13946 14.73754 15.06041 90 
0.01488087 0.01835072 0.009720281 0.01169577 0.01313628 0.01560939 0.01861773 0.0232011 0.03067306 3.583415e-16 12.17909 12.41163 12.88938 13.06371 13.37595 14.08272 13.78584 91 
0.01536731 0.02099659 0.01024715 0.01167073 0.01357489 0.01658532 0.01963309 0.02367293 0.03156685 2.705382e-16 12.29581 12.9849 13.69516 13.5415 13.56142 14.75451 14.39637 92 
0.01487493 0.01910004 0.009412612 0.01120242 0.01363927 0.01564197 0.01918241 0.02409775 0.03163446 1.398633e-16 11.82731 13.0949 12.89819 13.48112 13.70081 13.83008 14.30968 93 
0.01461039 0.01797617 0.008789834 0.01101555 0.01301103 0.01577195 0.01842472 0.02378305 0.03135824 3.821714e-16 11.4575 12.43429 12.98108 12.76375 13.66201 14.01345 13.35952 94 
0.01431053 0.01252426 0.00907802 0.0115386 0.01279396 0.01473372 0.01873065 0.02302435 0.03008688 2.977188e-05 11.65422 11.7131 11.84541 12.73309 12.41115 12.92854 12.9263 95 
0.01429023 0.0128432 0.0098678 0.01130835 0.01332594 0.01471207 0.01846053 0.02324274 0.0302076 3.500834e-16 11.47944 12.28412 11.8495 12.73245 12.91486 12.8551 13.54625 96 
0.01522543 0.02146971 0.009711637 0.01094446 0.01301918 0.01602948 0.01892757 0.02410798 0.03182026 7.826088e-17 11.73781 12.80821 13.59346 13.34709 14.04366 14.00124 14.43157 97 
0.01483607 0.01753128 0.01068804 0.0114705 0.01365399 0.01604439 0.01894969 0.02408545 0.03163783 2.795765e-16 11.90107 12.81939 12.90921 12.9624 13.57834 13.58402 13.95106 98 
0.01523589 0.02080415 0.009867272 0.01044385 0.01312075 0.0153588 0.01865891 0.02362195 0.03125464 1.838007e-16 11.04548 12.83755 12.91365 13.30189 13.73759 14.30553 13.85445 99 
0.01445905 0.01604465 0.009609929 0.01148066 0.01304071 0.01530707 0.01867891 0.02362459 0.03105749 4.007737e-17 11.81232 12.24962 12.54083 12.98726 13.32802 13.77085 13.41356 100 
