0.0287528 0.02499092 0.02610844 0.01017624 0.01114549 0.01385065 0.01696126 0.02099251 0.02761627 2.58682e-05 12.48443 13.5465 16.36225 18.23761 20.02353 22.20969 23.39553 1 
0.03516386 0.02742141 0.02771546 0.009007195 0.01106857 0.01350728 0.01676389 0.02116105 0.02782828 2.581481e-15 11.1819 13.9567 16.54874 19.7154 23.12339 26.67444 29.92426 2 
0.02916937 0.03101791 0.02882375 0.009580168 0.01160924 0.01402905 0.01690145 0.0211208 0.02777797 2.349593e-15 12.05702 14.15718 15.83774 17.38627 19.1132 20.51023 21.39186 3 
0.03102443 0.02467105 0.02755601 0.00981708 0.01124276 0.01407158 0.0176036 0.02237691 0.02949334 2.349618e-05 11.66542 13.2863 15.94743 18.11087 20.27667 22.51181 24.11065 4 
0.03357533 0.03156185 0.02748785 0.009492567 0.0114615 0.0136209 0.01676134 0.02124787 0.02824181 2.972461e-05 12.23685 14.83189 17.12274 20.1702 23.02181 25.86086 27.67853 5 
0.02722579 0.02856077 0.02659297 0.010015 0.01186726 0.01452186 0.01763195 0.02187635 0.02882199 2.991453e-05 12.36071 14.10098 15.95826 17.37815 18.83763 20.45138 20.91921 6 
0.02487573 0.02215523 0.02440083 0.009713755 0.01140486 0.01334976 0.01605143 0.02041332 0.026824 1.384024e-15 12.08078 13.6793 14.99292 16.60284 18.29314 19.79245 20.03319 7 
0.03042834 0.02970087 0.02653745 0.009807316 0.01120396 0.01343811 0.01721941 0.02127071 0.02811111 9.694982e-06 12.34945 14.01169 16.33633 19.14099 20.38275 23.4542 24.45645 8 
0.02831709 0.03108777 0.02701973 0.00957791 0.01163079 0.01386341 0.01687917 0.02108452 0.02780211 1.191416e-05 12.20693 14.37118 15.86849 17.67341 19.25461 20.8596 21.80478 9 
0.02684196 0.02644606 0.02725221 0.009360574 0.01162974 0.01392141 0.01684941 0.0209678 0.02754574 2.308083e-15 11.58061 13.81382 15.03088 16.49769 17.91528 19.54682 19.52281 10 
0.02609744 0.02617878 0.02638179 0.009123235 0.01167345 0.01354668 0.017023 0.02130538 0.02798818 1.619637e-15 11.14334 13.73134 14.44644 16.50743 17.58494 19.15009 20.06665 11 
0.0274187 0.0335039 0.02706527 0.009299739 0.01188412 0.01419049 0.01766246 0.02113534 0.02809043 4.026013e-05 12.04783 14.88921 16.0135 17.96028 18.46806 21.46555 21.46535 12 
0.02502807 0.02259846 0.02709928 0.009541326 0.01157482 0.01417767 0.01691307 0.02080222 0.02726186 8.5799e-05 11.70489 13.46969 14.87166 15.73882 16.90514 18.27399 17.97284 13 
0.02851309 0.03123092 0.02619925 0.009118029 0.01171627 0.01378302 0.01746706 0.02138574 0.02834021 3.389396e-16 12.09514 15.20983 16.39022 19.16074 20.24103 23.44222 24.1964 14 
0.02824405 0.0306687 0.02506515 0.01053574 0.01158511 0.01446059 0.01750678 0.02179475 0.02907962 1.272276e-05 14.15601 15.22434 18.52268 20.18554 22.22496 24.56603 25.31206 15 
0.03088115 0.02981448 0.02759215 0.009456094 0.01223442 0.01358859 0.01647866 0.02108926 0.02785095 1.087207e-05 11.77427 14.88065 15.46932 18.47169 20.80195 22.23534 23.91185 16 
0.02836892 0.0301162 0.02729209 0.009741248 0.01170583 0.0133521 0.01657658 0.02128232 0.02813241 3.433523e-05 12.03665 14.03352 15.09009 17.41101 19.03099 20.1219 21.54428 17 
0.02669157 0.02832715 0.02666803 0.009915767 0.01124793 0.0133573 0.01639902 0.0210998 0.02781659 3.939701e-15 12.47696 13.67118 15.3845 17.04339 18.60214 19.31708 20.72628 18 
0.03160369 0.03192536 0.02772843 0.009786797 0.0120652 0.01451315 0.01766226 0.02186592 0.02905094 2.927596e-05 12.32968 14.97838 16.92578 19.30884 21.55343 24.4741 24.42885 19 
0.03096765 0.03074727 0.02674167 0.009651037 0.0121186 0.01338526 0.01680937 0.02127458 0.02811414 1.035585e-15 12.12213 14.96297 15.77119 19.26026 21.15752 23.14926 25.16109 20 
0.02970067 0.03052068 0.02742823 0.01029576 0.01083707 0.0140297 0.01691964 0.02160077 0.02845085 7.771547e-16 12.73793 13.27852 16.71949 17.77583 19.87463 21.01843 22.75074 21 
0.03166598 0.02882991 0.02747884 0.009931585 0.01090194 0.01398559 0.01715624 0.02166307 0.02872406 9.422138e-06 12.36258 13.69211 17.17739 19.14721 21.72411 24.53151 26.03854 22 
0.0313167 0.03261049 0.02806354 0.009040456 0.01134114 0.01387971 0.01669351 0.02120955 0.0280737 1.612123e-16 11.73857 14.53086 16.48383 18.31617 21.04001 22.89667 24.35124 23 
0.02815035 0.02741136 0.02622956 0.00973891 0.01172596 0.01503365 0.01777975 0.02239071 0.02950607 2.275735e-05 12.15541 14.19456 16.66439 17.5087 20.15596 21.52286 22.19964 24 
0.03558823 0.02867505 0.0275831 0.01038043 0.01185099 0.01435453 0.01780616 0.02171142 0.02868844 3.62199e-05 12.83914 14.9005 18.44089 21.99934 24.73518 28.53485 29.36259 25 
0.02983423 0.02770951 0.0270901 0.01004067 0.01095751 0.01395655 0.01699599 0.0214779 0.02829918 5.665402e-16 12.62378 13.65483 16.8369 18.35592 20.44986 22.22661 23.40906 26 
0.02571091 0.0199227 0.02743861 0.009149443 0.0113213 0.0131356 0.01574635 0.02035771 0.02661979 4.925814e-16 11.21273 13.27635 14.12677 15.5893 17.32798 17.87663 19.01685 27 
0.0298648 0.02488296 0.02701212 0.009722252 0.01144892 0.01352465 0.01661101 0.02087051 0.02743872 2.188805e-05 12.00056 13.89949 15.82641 18.2307 20.21368 22.16715 23.44011 28 
0.02716275 0.02883761 0.02657563 0.009604404 0.01149798 0.01333021 0.01662984 0.02052934 0.02703349 1.182147e-05 12.14471 14.03034 15.1972 17.33866 18.25936 20.03224 20.86003 29 
0.03288964 0.03195739 0.0278055 0.009224151 0.01137251 0.0139107 0.01583661 0.02149219 0.02878868 9.010756e-06 11.97393 14.74166 17.08987 18.72695 23.52356 23.80279 27.32305 30 
0.02915056 0.02914022 0.02677677 0.009508857 0.01167441 0.01394444 0.01684824 0.0212197 0.02803621 1.970577e-05 11.69581 14.01897 15.56652 17.41516 19.43848 21.51164 21.73142 31 
0.03049906 0.03379852 0.02774736 0.009786345 0.01231228 0.01379039 0.01717291 0.02131065 0.02833878 1.590395e-05 12.59549 15.42895 16.10295 19.25034 20.5069 22.82978 23.05334 32 
0.02975294 0.03198516 0.02772532 0.009322673 0.01150252 0.0140775 0.01704198 0.02113071 0.0278956 2.576125e-05 11.95621 14.41091 16.27179 17.92516 19.83571 21.89922 22.67734 33 
0.02792786 0.0305565 0.02762104 0.00947616 0.01159323 0.01377928 0.01701276 0.02063803 0.02730834 2.488376e-15 12.04119 14.21593 15.53952 17.41285 18.2716 20.74547 20.28826 34 
0.03245961 0.03134348 0.02801704 0.01010839 0.01154056 0.01428262 0.01670187 0.02159851 0.02871615 2.124021e-05 12.99536 14.78148 17.89474 19.66296 23.08871 24.49562 25.93053 35 
0.02767807 0.0247214 0.02611392 0.009228239 0.01128592 0.01371368 0.01678478 0.02094763 0.0274258 4.94795e-16 11.61681 13.84888 15.5719 17.39397 19.24209 21.05686 22.45892 36 
0.02852172 0.02675888 0.02605859 0.009457228 0.01172725 0.01376179 0.01761846 0.02198436 0.02876607 3.875909e-05 11.83629 14.32887 15.70041 18.52399 19.85899 22.1324 23.91434 37 
0.03717585 0.02853642 0.02791842 0.009839236 0.01133251 0.01419234 0.01728183 0.02177494 0.02865797 1.61031e-05 12.27663 14.57478 18.44937 21.75568 25.85721 29.41192 32.3511 38 
0.03479257 0.03076949 0.02732895 0.01012204 0.01175417 0.01439611 0.01794282 0.02290006 0.03044642 1.973807e-05 12.89097 15.13809 18.4594 21.76988 24.92894 27.74971 30.19693 39 
0.03060093 0.03317146 0.02710997 0.009286143 0.01093428 0.0138089 0.01639118 0.02067135 0.0275881 1.636107e-05 12.08459 14.12578 16.83569 18.11221 20.79931 23.23556 24.03348 40 
0.03302568 0.03616343 0.0293295 0.009846804 0.01125826 0.01446253 0.01728939 0.02196351 0.02911143 2.270658e-15 12.38598 14.0837 17.30909 18.48797 21.27212 22.94554 24.55742 41 
0.03128986 0.02651855 0.02722502 0.0096999 0.01152236 0.01480994 0.01730493 0.02099228 0.02776963 2.425568e-05 12.04603 14.16357 17.14762 18.53332 21.66393 24.29981 24.66917 42 
0.03191099 0.03033101 0.02789792 0.008471199 0.01154036 0.01413363 0.01656948 0.02165713 0.02877608 7.970935e-05 10.79852 14.53855 16.12672 17.8157 21.76863 23.41827 24.94017 43 
0.02670893 0.02994024 0.02621899 0.009687044 0.01208619 0.01435009 0.01744206 0.02167548 0.02866731 1.603043e-05 12.19689 14.58787 15.68656 17.32663 18.67432 20.43742 20.33204 44 
0.03134504 0.02158739 0.02853572 0.009052463 0.01094486 0.01301016 0.0163061 0.0203304 0.02653226 1.124855e-05 10.98554 13.12496 14.8994 17.35949 19.16271 21.38214 23.02687 45 
0.02821003 0.0253046 0.0268741 0.009596923 0.01113344 0.01304771 0.01646387 0.0207946 0.02735326 6.405872e-05 11.7259 13.32462 14.92992 17.21447 18.59001 20.424 21.48472 46 
0.02725404 0.02527461 0.02689648 0.009367949 0.0115479 0.01326916 0.01588088 0.0205997 0.02696463 9.771416e-06 11.39647 13.55889 14.46279 16.18734 18.18446 18.74685 20.46772 47 
0.03123308 0.02765398 0.02695392 0.01002124 0.01117101 0.01403569 0.01604007 0.02062738 0.02728412 2.98512e-05 12.46946 13.87035 17.00349 18.32892 21.56408 23.12828 24.21695 48 
0.02872426 0.02803711 0.02641799 0.009574066 0.01097793 0.01318242 0.0167457 0.02076084 0.02733496 2.981585e-05 11.98457 13.53004 15.53707 17.86733 19.00727 21.36267 22.5525 49 
0.03487975 0.02479594 0.0269662 0.009645258 0.01157727 0.01406712 0.01634974 0.02127996 0.02812966 1.205053e-15 11.76834 14.34246 17.2689 20.26841 24.80776 27.44519 29.94813 50 
0.03213658 0.03091379 0.02840676 0.009122923 0.01202269 0.01393338 0.01683977 0.02164824 0.0286352 1.302622e-05 11.64326 15.06845 16.09919 18.893 21.75707 23.18808 25.03455 51 
0.03288833 0.02722968 0.02662695 0.009252357 0.01169346 0.01409619 0.01695792 0.02165366 0.02867607 1.443382e-05 11.65777 14.7116 16.85263 19.68723 23.375 26.09017 28.15645 52 
0.02951993 0.02297837 0.0265707 0.009386375 0.01110402 0.01335188 0.01617913 0.02052292 0.02695765 3.555795e-05 11.31662 13.25256 15.19298 17.21948 19.50832 21.64709 22.78085 53 
0.0287783 0.03096416 0.02563037 0.009849547 0.01180515 0.01449466 0.01785564 0.02220423 0.02955361 2.894496e-05 12.99412 15.25433 17.53743 19.6084 21.49403 24.43971 24.35602 54 
0.02644983 0.02482007 0.02612378 0.009224282 0.01159199 0.0141273 0.01672425 0.02094943 0.02753965 1.813405e-21 11.41931 13.83082 15.23632 16.3907 18.36416 20.03179 20.06796 55 
0.03061465 0.02373968 0.02774023 0.009930154 0.01148854 0.01392063 0.01703558 0.02154953 0.0282124 2.143297e-05 12.09842 13.8079 16.20783 18.48367 20.71935 22.39378 24.0759 56 
0.02747954 0.02599776 0.02615776 0.009160193 0.01120404 0.01309708 0.01670826 0.02085909 0.0274165 7.908215e-16 11.51305 13.73299 14.98101 17.43766 18.58172 20.93809 21.48814 57 
0.0306545 0.02635133 0.02713401 0.009575544 0.01145894 0.01359922 0.01649583 0.02108571 0.02782395 7.227803e-16 11.91592 14.08622 16.04354 18.43315 20.96549 22.87419 24.25751 58 
0.03075777 0.02834224 0.02776062 0.009074741 0.01124505 0.01345005 0.01587108 0.02028979 0.02682226 2.729733e-05 11.27472 13.80272 15.5066 17.34826 20.1234 21.98108 23.36479 59 
0.02654502 0.02290206 0.02681259 0.00933475 0.01110232 0.01289945 0.01655483 0.02046874 0.02675041 1.685722e-05 11.49095 13.23702 14.42512 16.70607 17.42728 19.6301 19.77239 60 
0.0288207 0.02979445 0.02735027 0.009507889 0.01144969 0.01368671 0.01724014 0.02160241 0.02845973 2.583386e-05 11.68727 13.70924 15.27395 17.42 18.63333 20.64198 21.29226 61 
0.02803325 0.02490969 0.02631574 0.01007513 0.01188013 0.01342339 0.01677 0.02132155 0.0280843 2.20533e-05 12.28663 14.03779 15.3071 17.90638 19.3981 20.83025 21.81622 62 
0.03082112 0.02546688 0.02746563 0.01045739 0.01141074 0.01425518 0.0171258 0.02210783 0.02911499 1.548503e-05 12.45929 13.51571 16.61195 18.35973 20.90412 22.00485 23.98212 63 
0.02826164 0.02052214 0.02640207 0.009329334 0.01153693 0.0141369 0.01746223 0.02193454 0.02873222 2.199358e-05 11.1989 13.49817 15.25573 17.21107 19.26143 21.36918 22.33304 64 
0.0239376 0.02158345 0.02810278 0.008957844 0.01086228 0.01331927 0.01510366 0.02003017 0.02620772 1.547536e-05 11.01539 12.7391 14.06561 14.2659 16.53915 16.48885 17.56107 65 
0.02758268 0.03267862 0.02763914 0.009821699 0.01217222 0.01386445 0.0172285 0.02250815 0.03012478 1.091802e-05 12.69982 15.06928 15.7049 18.07179 19.74953 19.81521 21.188 66 
0.033293 0.03336628 0.02780344 0.01003038 0.01193727 0.01394515 0.01684544 0.02110492 0.02822129 1.10492e-05 13.06453 15.49909 17.71654 20.71368 23.31681 26.01698 26.88069 67 
0.02918011 0.03341192 0.02819041 0.01006138 0.01155509 0.0139257 0.01748064 0.02156188 0.02840163 1.662018e-15 12.88687 14.37331 16.44833 18.52183 19.32451 21.37995 22.11859 68 
0.03545945 0.02901401 0.0272762 0.01040161 0.01142272 0.01410924 0.01700874 0.02191978 0.02911518 7.020851e-05 12.91555 14.58839 18.61849 21.65295 25.4488 28.02608 30.76746 69 
0.03379745 0.02815702 0.02724377 0.009996682 0.0110984 0.0136957 0.01690294 0.02128233 0.02808868 2.819246e-05 12.3548 13.93555 17.25625 19.93432 22.5644 25.53206 26.95367 70 
0.02825213 0.02700503 0.02636065 0.01034674 0.01154058 0.01378074 0.01668011 0.02148687 0.02843451 3.570437e-05 12.95467 14.10124 16.39933 18.29038 20.32223 21.47945 22.47402 71 
0.02758418 0.03079771 0.02747313 0.009313675 0.01090596 0.01315917 0.01660213 0.0209434 0.02761918 2.995181e-05 11.745 13.38427 15.06827 16.9622 18.04608 19.76255 20.4613 72 
0.02860232 0.02557947 0.02700774 0.01036941 0.0118055 0.01378564 0.01671531 0.0214597 0.02826737 1.370931e-15 12.77341 14.0959 16.03878 18.11103 19.9084 20.83048 21.79813 73 
0.02929311 0.02038909 0.02530548 0.009390626 0.01157224 0.01255517 0.01652447 0.02011699 0.02643557 2.070351e-05 11.63094 14.09025 15.09587 18.8608 20.13575 23.17525 24.43738 74 
0.03113263 0.0269375 0.02594035 0.01028307 0.01167629 0.01425937 0.01719341 0.02179413 0.02883198 1.747853e-15 13.10318 14.82861 17.93903 20.50693 23.48534 25.66691 27.33322 75 
0.03101021 0.02986807 0.02856367 0.009147456 0.01128314 0.01419951 0.01705719 0.02149505 0.02828969 1.441541e-17 11.16972 13.57416 15.7876 17.19476 19.69416 21.9611 22.31293 76 
0.0347466 0.03410012 0.02760638 0.01060212 0.01219296 0.01509265 0.01829338 0.02282405 0.03054819 5.722227e-05 13.44343 15.58096 19.13276 21.80964 24.95011 28.32724 28.94997 77 
0.03130311 0.03313264 0.0265145 0.01019301 0.01324845 0.016058 0.01950462 0.02451788 0.03274174 1.249159e-15 12.8615 16.36885 17.99433 20.44411 23.32039 25.9618 25.71874 78 
0.03119985 0.03387736 0.02788237 0.01054583 0.01264644 0.01414083 0.01727741 0.02191907 0.02922202 5.842155e-16 13.28476 15.53313 16.74452 19.82849 21.62839 23.22006 24.01433 79 
0.02606506 0.02399283 0.02639598 0.009618928 0.01211561 0.01336727 0.01613955 0.02066535 0.02715201 2.274624e-15 11.78949 14.12889 14.37898 16.46529 17.98901 18.79885 19.48255 80 
0.03512937 0.03857877 0.02832786 0.01023496 0.01229111 0.01466817 0.01797094 0.0227846 0.03015136 9.054833e-06 13.87413 16.67998 19.23373 22.3709 25.20264 27.17471 30.18892 81 
0.02584006 0.02627102 0.02648755 0.009458008 0.01117337 0.01360375 0.01683013 0.02138354 0.02816606 1.838587e-05 11.93284 13.59321 15.25653 16.77452 18.1537 19.46286 20.03599 82 
0.03607671 0.03067606 0.0265446 0.01065222 0.01231058 0.01521966 0.01856882 0.02314359 0.03090699 3.142649e-05 13.63559 16.14999 20.37941 24.27001 28.59905 33.06974 35.05071 83 
0.03442403 0.03283449 0.02824023 0.009521762 0.01173063 0.01434242 0.01775525 0.02160443 0.02853384 9.747982e-06 12.39715 15.37298 18.04946 21.14741 23.81946 28.05882 30.13133 84 
0.03058264 0.02239713 0.0265742 0.009396395 0.01137708 0.01339942 0.0163329 0.02083519 0.02737904 7.865367e-16 11.59414 13.88917 15.7592 18.38619 21.00758 23.06599 24.82501 85 
0.02697084 0.02870134 0.02685562 0.009180846 0.01142129 0.01368888 0.01655557 0.02044015 0.02683092 1.113158e-05 11.54182 13.85749 15.12734 16.58173 17.96571 19.52037 20.51148 86 
0.03007698 0.03453176 0.02773733 0.01099374 0.01272935 0.01461481 0.01853737 0.02338804 0.0310512 1.977353e-05 14.0805 15.70684 17.43332 20.4432 21.16063 22.71327 22.78027 87 
0.02965674 0.02859575 0.02783977 0.01005883 0.01157575 0.01408064 0.01736796 0.02180515 0.02869397 1.49882e-05 12.45954 14.00008 16.26633 18.22048 19.84495 21.51277 22.44141 88 
0.03163767 0.02918882 0.02829149 0.009926382 0.01161416 0.01317945 0.01597148 0.02071391 0.02732342 1.716665e-05 12.37949 14.26041 15.95642 18.56851 20.7704 21.83371 23.47192 89 
0.02855864 0.02662257 0.02567939 0.009637084 0.01181695 0.01391902 0.01716106 0.02174952 0.02870425 1.170329e-05 12.04842 14.42739 15.94805 18.37678 20.46867 22.2811 23.80548 90 
0.02751915 0.02657005 0.02649706 0.009882164 0.01129152 0.01330789 0.01682637 0.02116216 0.02789652 2.181412e-05 12.13299 13.52279 15.23534 17.46877 18.64441 20.51186 21.3082 91 
0.02614121 0.02003362 0.02638641 0.009760024 0.01122343 0.01347242 0.01677019 0.02036198 0.02639182 2.361536e-05 11.75798 13.05623 14.7175 16.43917 17.26856 18.78737 19.99222 92 
0.02681526 0.02654773 0.02628487 0.009690258 0.01117646 0.01398747 0.01728575 0.0218371 0.02875011 3.771298e-05 12.08249 13.5633 15.81258 17.29567 18.86994 20.36502 21.64153 93 
0.02903061 0.03079453 0.02717105 0.009053251 0.01140691 0.01409125 0.01733141 0.02176569 0.02871358 2.756561e-05 11.4651 14.12384 15.92866 17.61176 19.51033 21.49792 22.59912 94 
0.02628623 0.02489209 0.02722161 0.009442931 0.01028709 0.01326524 0.0158099 0.02003833 0.02629342 2.25671e-05 11.59354 12.35613 14.87355 15.56129 17.21371 18.43228 19.36009 95 
0.02941041 0.02384282 0.02845516 0.009277507 0.01170826 0.01371059 0.0167242 0.02085042 0.02729447 4.669471e-16 11.28594 13.77658 14.92618 17.05704 18.75489 20.32934 21.12637 96 
0.02858597 0.02815549 0.02742004 0.009995898 0.01211189 0.0131647 0.01645044 0.02120124 0.02799358 2.723228e-05 12.30874 14.37759 14.9831 17.83171 19.29369 20.26865 21.2911 97 
0.03707941 0.02962703 0.027801 0.01009801 0.01120599 0.01385978 0.01752843 0.02225745 0.0295178 2.326549e-05 12.64978 14.56921 18.64074 22.36414 25.65789 29.5703 32.32859 98 
0.02901571 0.02545699 0.02752807 0.00902868 0.01161907 0.01389685 0.01655949 0.02128299 0.0279795 1.120924e-15 11.09553 13.84866 15.09019 16.76669 19.22465 20.41769 21.32702 99 
0.02794758 0.02608651 0.02583016 0.009390925 0.01126464 0.01363652 0.01679901 0.02098368 0.02765674 1.708967e-05 11.84479 13.90425 15.74253 17.7139 19.48118 21.71511 22.4763 100 
