0.9999999 0.8120627 0.12039 0.1559362 0.1757998 0.203948 0.2242773 0.3955317 0.5166677 0.9999999 158.9334 317.8667 469.105 613.714 740.305 913.4879 1050.232 1019.221 1 
1 0.7022144 0.133683 0.1761204 0.1484422 0.1611751 0.2835262 0.284711 0.5752718 1 182.3676 364.7353 491.3719 608.4603 781.2352 905.5411 1085.197 1035.472 2 
0.9998875 0.9307448 0.09134736 0.1358623 0.1638061 0.1929513 0.2503066 0.3229845 0.5035923 0.9999995 135.4431 270.8709 411.9547 550.9021 696.3591 837.0517 985.5541 996.9143 3 
0.463677 0.9638268 0.2191162 0.133959 0.1640762 0.2218609 0.2329462 0.3072213 0.5093258 1 133.848 195.9102 232.8179 268.434 255.5833 251.1495 268.7937 999.1707 4 
0.445544 1 0.1948339 0.1421329 0.1479294 0.2069445 0.2609458 0.3151658 0.4844296 1 140.0009 202.3774 215.1682 244.8667 258.0987 247.9941 250.4922 985 5 
0.3935441 0.9658847 0.2628738 0.1281088 0.1825742 0.1925368 0.2638814 0.3168937 0.471792 1 129.4206 180.3533 231.7918 229.8477 243.8698 231.5922 229.0673 1010.24 6 
0.3721421 0.8876761 0.2820973 0.1587488 0.1370792 0.2189021 0.2400679 0.2545117 0.5184155 1 170.1129 233.4191 210.4382 248.5967 238.3823 206.232 255.2 1071.585 7 
0.6666851 0.8906738 0.1538034 0.1351221 0.1498448 0.1890589 0.291772 0.3725399 0.4711259 1 140.3579 233.9324 290.5784 338.1221 406.1369 434.1829 419.1361 1038.748 8 
1 0.7404746 0.09920994 0.1975266 0.1447771 0.1959118 0.2576799 0.3245406 0.5386016 1 204.0198 408.0396 528.0385 666.9113 813.784 951.0998 1105.028 1032.873 9 
1 0.9999999 0.09572695 0.128703 0.1805382 0.1616601 0.2628005 0.3356489 0.5574943 1 126.0003 252.0005 405.9995 519.0001 673.0012 818.0012 978.0016 979 10 
0.9999815 0.9999993 0.09619791 0.1243687 0.1605085 0.2214587 0.2402838 0.3488402 0.4785745 1 123.0007 245.9991 384.9948 545.9879 681.9782 831.9663 965.9506 989.0001 11 
0.5687067 0.8399988 0.196359 0.1528792 0.1732016 0.1942419 0.2564146 0.3484381 0.4773064 1 164.2983 257.7359 304.2581 319.2422 337.0719 348.8366 338.6407 1074.694 12 
1 0.9999983 0.08432398 0.1262631 0.1710962 0.2273367 0.2743722 0.3407988 0.5245235 1 125.0005 250.001 397.9992 560.9999 713.0024 850.0029 989.0005 990.0002 13 
0.2975975 1 0.2589158 0.1260163 0.1558136 0.1983439 0.23711 0.3423379 0.4828746 1 124.0001 160.9022 181.8838 198.1259 196.9604 210.6143 203.6799 984 14 
0.3498976 0.9578407 0.2666325 0.1435211 0.1914333 0.1933468 0.2423116 0.353676 0.4827312 1 146.1657 197.3087 236.0176 218.9458 214.4638 227.4966 214.0922 1018.426 15 
0.9999848 0.9999998 0.0819867 0.137334 0.1580179 0.2044838 0.2658466 0.333335 0.4676238 1 134.9993 269.9966 403.9917 549.9873 700.9797 839.9694 969.9554 983 16 
0.9999955 0.818973 0.1046852 0.1423391 0.1893632 0.2286034 0.2407423 0.3269826 0.5218533 0.9999997 144.1539 288.3071 452.7859 613.747 744.504 879.3459 1024.181 1012.749 17 
0.5999282 0.8890802 0.1713409 0.1280008 0.1604579 0.1980864 0.2737655 0.3391333 0.4403672 1 133.858 214.1632 274.8042 316.5137 357.9579 365.9537 349.3007 1045.759 18 
0.4309494 0.8801995 0.2335876 0.1268919 0.1535761 0.2119571 0.2596401 0.2996978 0.4982971 1 136.3395 195.0949 228.148 266.6232 277.3682 258.3734 273.0087 1074.454 19 
0.5412342 0.8900016 0.1895589 0.1487983 0.1794908 0.1793449 0.2642752 0.3328813 0.4667722 1 156.192 240.7284 290.665 288.7997 315.307 318.0022 309.9491 1049.689 20 
0.5887062 0.9654681 0.1768073 0.113298 0.1565433 0.2096279 0.2332306 0.3209086 0.508885 1 113.9427 181.0215 246.1657 302.5911 316.788 332.7744 353.4313 1005.691 21 
0.9999672 0.9419764 0.08374738 0.1527933 0.1774514 0.2305342 0.2147548 0.3735622 0.5025652 0.9999991 151.8834 303.7618 453.1946 612.8752 727.3245 883.6567 1015.399 994.0451 22 
0.9999022 0.7712426 0.09944919 0.1283304 0.1842704 0.1742262 0.2497997 0.2752693 0.5212618 0.9999993 132.3173 264.6217 430.2089 557.8984 709.074 834.0251 1005.519 1031.067 23 
0.9980635 0.9110336 0.07964585 0.1485153 0.1602236 0.1721947 0.2620324 0.3412578 0.4540689 0.9999991 148.2559 296.2247 431.8407 553.9184 707.6792 855.1179 983.8939 998.2535 24 
1 0.6310596 0.142762 0.177823 0.163753 0.2076939 0.2811827 0.3680536 0.5264931 1 188.6593 377.3185 520.1569 671.6573 834.1641 987.0658 1125.287 1060.938 25 
0.4777357 0.8518995 0.1936429 0.1321568 0.1540919 0.225746 0.2394455 0.339513 0.4659649 1 142.0427 209.9016 244.0085 294.6922 287.0647 294.8892 283.8756 1074.805 26 
0.3929118 1 0.24617 0.1388048 0.1541167 0.1863708 0.2888893 0.3317265 0.496405 0.9999994 137.0003 190.8294 205.9783 214.932 253.4495 237.5814 231.3499 987 27 
0.9999794 0.6805311 0.118514 0.1832402 0.1749449 0.2054963 0.2447422 0.3364989 0.5038254 0.9999993 192.5875 385.171 535.3398 680.8708 818.5744 961.5651 1103.614 1051.011 28 
0.9999927 0.9999993 0.1006575 0.1384927 0.1572096 0.2216009 0.254055 0.3067653 0.5156791 1 135.9998 271.9986 404.996 562.9947 703.9909 830.9863 978.9793 982.0001 29 
0.9999992 0.7448266 0.116243 0.1686027 0.1683375 0.2046674 0.257285 0.3648015 0.5262837 0.9999987 173.2795 346.5589 490.396 635.8366 781.2486 934.3799 1074.705 1027.738 30 
1 0.9999997 0.08333304 0.1301712 0.1589326 0.1972409 0.2594498 0.3689102 0.5000007 1 128.9997 257.9994 394.9993 537.9991 688.999 847.9996 983.9999 991 31 
0.6224523 0.8282866 0.1784607 0.1512771 0.1657882 0.1789 0.2338451 0.3310125 0.482838 1 163.0036 264.4655 316.2326 333.3221 353.9612 379.1871 391.0496 1077.516 32 
0.5081559 0.8720913 0.1935548 0.1493779 0.168014 0.1909375 0.2425307 0.3147076 0.448779 1 158.251 238.6671 272.6857 281.721 290.2747 292.1043 289.743 1059.4 33 
1 0.803331 0.1070025 0.1580716 0.1816277 0.2055737 0.2429394 0.3673088 0.5487403 1 159.415 318.8301 473.0473 615.8936 750.0012 903.5043 1048.597 1008.499 34 
1 0.9999995 0.08435007 0.1169887 0.1728111 0.213091 0.2849549 0.2698005 0.5084737 1 114.9999 229.9998 379.9999 532.9992 693.999 802.9986 952.999 983.0001 35 
0.3968851 0.9630714 0.2564353 0.1308132 0.155405 0.2133406 0.2260614 0.302153 0.4889279 1 131.8757 184.2152 209.2852 240.9499 227.2391 226.3306 243.5623 1008.122 36 
0.9999875 0.9999996 0.09406053 0.1211811 0.1483204 0.2095239 0.2581751 0.3387464 0.4982456 1 118.9998 237.9982 365.9957 519.9911 669.9843 815.9756 957.9656 982.0001 37 
0.5017912 0.8957194 0.2110453 0.1405464 0.1686007 0.2078927 0.2564201 0.307293 0.4903048 1 147.377 221.3295 263.0081 287.7442 296.5748 284.4332 292.615 1048.6 38 
0.9999961 0.9999999 0.07891748 0.129196 0.1635514 0.215083 0.206405 0.3385653 0.4813547 1 126.9997 253.9989 393.9979 547.9959 663.9934 814.9913 956.988 983 39 
0.4763864 0.9587849 0.1991452 0.1360272 0.174629 0.2053137 0.2566854 0.3086737 0.5006191 1 137.6818 203.2715 249.5457 267.0699 274.4587 262.3521 272.5377 1012.164 40 
0.4021407 0.9549724 0.225218 0.1470184 0.1632149 0.1951797 0.2246128 0.3708774 0.4844714 0.9999997 149.7474 209.9669 226.2397 232.878 225.0737 258.7744 242.3446 1018.562 41 
0.9999998 0.9999995 0.1006534 0.1342839 0.1398348 0.2185797 0.2465024 0.3433887 0.512364 1 132.0011 264.0022 383.0015 543.0016 684.0007 832.0012 976.9998 983.0001 42 
1 0.9999998 0.08989982 0.128834 0.1901408 0.2101437 0.2293563 0.3285718 0.5106377 1 125.9997 251.9993 413.9994 558.9986 683.998 821.9987 965.999 978 43 
0.582425 0.8843959 0.1744738 0.1501889 0.1610455 0.1937686 0.2383439 0.3253521 0.5064457 1 158.3131 250.5186 290.1697 314.6228 327.6563 340.9806 356.2727 1054.093 44 
1 0.9999994 0.081823 0.1265302 0.1764001 0.2156026 0.2459303 0.3573157 0.5149247 1 123.9996 247.9992 398.9978 550.998 686.9979 835.9992 973.9992 980.0001 45 
0.4102425 0.9690512 0.2617428 0.1520212 0.1529347 0.2093162 0.2696602 0.3346951 0.4963364 1 153.7653 216.8464 220.1329 242.3833 254.3447 244.7645 238.9547 1011.473 46 
1 0.8467595 0.09737266 0.1756055 0.1477082 0.1941723 0.2794638 0.3130697 0.5623568 0.9999997 177.2332 354.4664 477.3649 615.0597 774.7572 903.6621 1062.719 1009.269 47 
0.4185898 0.9003076 0.2576537 0.1332125 0.1814241 0.1990314 0.2365528 0.3349288 0.5093984 1 139.959 198.5444 248.3289 252.3189 246.8624 256.0114 261.5994 1050.644 48 
0.5867781 1 0.1396396 0.1450459 0.1648744 0.1931328 0.219858 0.3386361 0.4639174 1 142 225.3225 270.2141 293.5556 296.2519 322.8341 324.4321 979 49 
1 0.8476083 0.09188586 0.1595386 0.167874 0.2122042 0.2351561 0.3806312 0.5441735 1 160.5306 321.0611 463.03 612.362 742.7293 904.1241 1047.037 1006.218 50 
0.4557476 0.9577403 0.2089007 0.1195453 0.1496902 0.185389 0.2307574 0.3597227 0.4942718 1 120.0811 174.8077 212.0544 236.0585 248.9449 282.9709 278.0964 1004.482 51 
0.9999992 0.7398321 0.123918 0.1809297 0.1330152 0.1976232 0.2556368 0.3269247 0.5397971 0.9999999 186.6185 373.2368 485.6109 630.3594 780.5967 923.6133 1082.553 1031.442 52 
0.999954 0.9448232 0.09829222 0.141294 0.1554646 0.2165548 0.21949 0.343008 0.5098754 0.9999997 139.778 279.5496 411.6027 566.9459 690.2873 840.7321 987.6499 989.2706 53 
0.9999922 0.9999996 0.1014179 0.119675 0.1624422 0.2214574 0.2173149 0.3679449 0.4714243 1 117.9995 235.9982 376.9962 537.993 660.9892 823.9839 955.9766 986.0001 54 
0.9999999 0.6913841 0.1252739 0.1820718 0.1657096 0.1659557 0.2579226 0.317605 0.546436 1 191.0115 382.0229 524.2162 643.023 797.0253 937.7514 1102.971 1049.099 55 
1 0.7500602 0.1176205 0.1853362 0.1801818 0.1838863 0.2806026 0.3445931 0.5421791 1 190.7446 381.4892 532.5603 658.9574 816.3666 955.4304 1098.834 1029.181 56 
1 0.9999999 0.09586001 0.1348317 0.1605665 0.232067 0.2527462 0.3774499 0.4724408 1 132.0002 264.0004 400.0002 564.9999 702.9994 856.9993 976.9997 979 57 
0.3558452 0.8783097 0.278375 0.1291738 0.1698767 0.2222221 0.258289 0.347236 0.48544 1 138.9077 188.3373 226.0995 253.2044 246.2679 243.352 228.7002 1075.355 58 
0.4762997 0.9553365 0.1931912 0.1196437 0.1873754 0.2073438 0.2383148 0.3183632 0.5022435 1 120.3826 177.7207 250.6241 268.6217 263.9191 264.0629 274.5548 1006.175 59 
0.9999817 0.9591739 0.1029822 0.135623 0.1370129 0.1949138 0.2473597 0.3587471 0.4661181 1 133.5144 267.0264 383.6111 526.7389 672.9718 832.5918 965.5784 984.453 60 
0.9999995 0.9049417 0.09582184 0.1272264 0.188955 0.2044137 0.2241861 0.3540739 0.5196234 1 127.1433 254.2866 419.0937 563.695 689.8655 844.4623 991.0096 999.347 61 
0.9999993 0.8031212 0.09549227 0.1646432 0.1787276 0.1931678 0.2530018 0.2803297 0.5523925 0.9999999 168.1771 336.3542 488.8599 624.2279 767.2779 885.6781 1053.584 1021.464 62 
0.3596734 1 0.2440744 0.1249997 0.1579556 0.2234482 0.2273535 0.3287352 0.4760289 1 122.9997 167.2395 196.1514 232.5505 211.6423 219.122 217.813 984 63 
1 0.9999998 0.08379015 0.1435853 0.1605234 0.1841376 0.269099 0.3657948 0.5056164 1 141.0008 282.0016 417.0017 547.0027 702.0032 856.002 991.001 982 64 
0.4166052 0.8854028 0.2500187 0.1340282 0.1412893 0.2046118 0.2031204 0.3206894 0.4907415 1 143.445 203.205 215.6052 252.6658 233.8416 259.189 276.1435 1070.26 65 
0.9999918 0.8870733 0.1003693 0.1708369 0.1787023 0.1917382 0.2694992 0.347733 0.5103052 0.9999999 171.4343 342.8671 491.5557 622.5799 771.4306 911.7299 1046.025 1003.496 66 
0.9999942 0.7914496 0.1147153 0.1615526 0.1833867 0.1914653 0.2433083 0.3185985 0.5289442 0.9999998 165.599 331.1971 488.8065 623.181 761.2449 898.044 1052.802 1025.047 67 
0.9999967 0.865554 0.1069763 0.1387029 0.1620117 0.1976486 0.2687576 0.344226 0.5122743 1 139.864 279.7275 420.4349 564.2818 721.221 868.2063 1011.651 1008.371 68 
0.3709928 0.9539775 0.2425514 0.130981 0.1706991 0.1896277 0.2572926 0.3530306 0.482999 1 133.1315 182.5223 218.4907 219.9628 234.3351 242.5793 227.7624 1016.418 69 
0.6038175 0.8402531 0.185922 0.1452333 0.1573795 0.1954985 0.2552 0.333273 0.478015 1 157.1104 251.9764 297.6717 332.061 360.4696 373.2491 374.1645 1081.779 70 
0.9999957 0.7604797 0.1255436 0.1515519 0.1706551 0.2121444 0.2364727 0.3487751 0.5244028 0.9999992 155.2402 310.4798 458.7942 611.7018 745.9852 897.2056 1045.273 1024.337 71 
0.6352769 0.8235274 0.1748753 0.1408237 0.1586422 0.1774579 0.2681743 0.2731679 0.5030018 1 151.8015 248.2375 304.6265 331.802 382.6714 371.2347 407.3245 1077.955 72 
0.525353 0.9514088 0.1697332 0.12827 0.1732941 0.1812023 0.2557408 0.3187207 0.4652276 1 129.292 197.2159 255.8772 266.0524 291.8809 294.4287 294.9834 1007.968 73 
0.4206446 0.801227 0.248125 0.1597151 0.1457336 0.2036515 0.2392484 0.348431 0.4807412 1 183.4763 260.6547 250.3192 273.2306 272.0439 288.5009 277.8411 1148.773 74 
0.9999997 0.954061 0.08846728 0.133932 0.1645881 0.2004498 0.2723267 0.3427973 0.5198922 1 133.1799 266.3597 408.1036 552.3191 708.9734 852.4648 995.4861 994.384 75 
0.484545 0.9704876 0.2283067 0.1233408 0.1926181 0.1896966 0.2403256 0.3209641 0.5108038 1 123.6548 183.5711 258.2388 259.7372 264.0397 268.1384 281.4334 1002.546 76 
0.6665268 0.8930657 0.1573626 0.1284769 0.1815065 0.1936575 0.2216612 0.3614369 0.4745882 1 133.2633 222.0868 312.1072 351.3171 366.4101 412.064 415.3823 1037.255 77 
1 0.763116 0.1131971 0.1515281 0.1978127 0.1966299 0.2378235 0.3843171 0.5387876 0.9999991 156.014 312.028 484.8352 622.6301 756.5219 921.431 1063.772 1029.604 78 
0.9999976 0.7887409 0.09327867 0.168954 0.1663338 0.1854526 0.2771614 0.3607859 0.4959757 0.9999991 172.5102 345.0201 486.1598 617.3474 777.0488 927.3165 1059.361 1021.049 79 
0.4247758 0.8602036 0.221121 0.1281977 0.1753909 0.2085232 0.276831 0.3110174 0.4955185 1 138.3455 197.1113 248.7379 267.4305 283.5803 258.5643 261.431 1079.157 80 
0.5162058 0.914568 0.2205575 0.1355387 0.1814778 0.2155528 0.2504273 0.3304934 0.4713227 1 141.0596 213.8753 273.6745 300.006 299.5289 297.7238 290.323 1040.733 81 
1 0.9609424 0.1187107 0.1376375 0.1631184 0.2206639 0.2369945 0.3863503 0.5371492 1 136.3908 272.7815 412.1745 569.984 702.0725 866.3718 1006.547 990.9416 82 
0.6384314 0.9999999 0.1276052 0.1371952 0.1672553 0.1980179 0.2592596 0.3309527 0.5053423 1 135.0001 221.1883 283.2134 320.811 351.8164 363.6111 374.1422 984.0001 83 
0.4668739 0.9587638 0.201968 0.1257767 0.1820423 0.1715428 0.2669134 0.3248827 0.4439322 0.9999985 128.2978 188.1967 250.1996 241.9368 274.2459 271.9592 259.7387 1020.044 84 
0.999999 0.9999998 0.09065939 0.1183012 0.1720186 0.1994461 0.2906568 0.2853675 0.5017083 1 116.9998 233.9996 383.9996 527.9993 695.9984 812.9985 959.998 989 85 
0.4742659 0.9484647 0.1849259 0.1385562 0.1448193 0.1824122 0.2452199 0.3149909 0.4768914 1 140.235 206.7438 224.3168 242.3953 264.4475 270.3518 278.528 1012.116 86 
1 0.9999999 0.0895851 0.1194334 0.1586205 0.2062844 0.2426854 0.3659077 0.5232965 1 118.0002 236.0004 374.0002 525.0004 666.0006 826.9998 972.9998 988 87 
0.5902311 1 0.1584932 0.1331297 0.172333 0.1855523 0.267826 0.3254157 0.4507036 1 130.9996 208.3197 269.9568 290.3369 325.3659 329.0412 322.2103 984 88 
0.4210852 0.883967 0.2435776 0.1275324 0.1548681 0.1938627 0.2648158 0.2880149 0.4708455 1 135.7581 192.9238 225.0697 246.938 271.5426 248.3223 260.5106 1064.499 89 
0.9999901 0.8786702 0.1034928 0.1453361 0.1494177 0.2197424 0.2909175 0.3392179 0.4742243 1 144.6093 289.2171 416.2775 575.2189 739.4015 875.1467 1000.542 994.9991 90 
0.5893618 0.9688145 0.1855131 0.1335105 0.1631031 0.2073748 0.2184517 0.2919532 0.4863006 1 134.1973 213.2881 267.7581 308.9604 308.2976 313.5247 340.2522 1005.145 91 
0.833784 0.9042763 0.1331222 0.1426406 0.1645244 0.1806312 0.2460499 0.333637 0.4773495 1 144.897 265.7099 364.8326 435.6251 509.9124 575.1285 622.5154 1015.819 92 
0.9999849 0.8678002 0.1132185 0.1601354 0.1805515 0.1978119 0.2352931 0.3893521 0.4998129 0.9999997 160.2542 320.5059 472.2524 608.4855 738.4748 902.9639 1031.901 1000.742 93 
0.9999979 0.7750825 0.118024 0.1708328 0.1780056 0.1966871 0.2744296 0.3353033 0.501927 1 174.259 348.5176 499.0734 635.8171 789.0835 924.956 1060.15 1020.056 94 
0.3026885 1 0.2630041 0.1086293 0.1583143 0.2097428 0.2517122 0.3112127 0.4684384 1 106.9999 139.3875 181.1909 209.8444 210.5175 199.7212 201.4534 985 95 
1 0.9999999 0.0936835 0.141844 0.1688317 0.2059647 0.2486584 0.3619039 0.5298488 1 140 280 423.0005 567.9995 706.9997 858.9994 1000.999 987 96 
0.6518165 0.8318818 0.1698064 0.1438372 0.1652186 0.1927491 0.2469249 0.3370271 0.4834398 1 155.0864 256.1743 319.4954 356.7857 386.1638 409.5938 417.127 1078.208 97 
0.9998714 0.9573923 0.1093233 0.1480936 0.1627079 0.2256567 0.2284173 0.3639595 0.5054675 0.999999 146.3024 292.5861 429.4839 588.4416 713.0028 866.1445 1001.389 987.9053 98 
0.9999999 0.4143631 0.1883324 0.2859544 0.1958068 0.1994406 0.3490002 0.3325793 1 1 323.5378 647.0756 805.2666 934.8436 1116.367 1228.979 1454.969 1131.431 99 
0.5405359 0.8478754 0.1694035 0.1407513 0.1719249 0.1901409 0.2647413 0.2925041 0.4864465 1 152.1567 234.4029 286.4 301.0618 327.649 311.0764 325.7769 1081.032 100 
