NaN 0.08657627 0.01376751 0.01410344 0.01360521 0.0162512 0.01938428 0.02623646 0.0363341 1.696344e-05 21.96829 28.23156 29.902 26.62553 26.42262 20.78354 0 1 
NaN 0.1048896 0.01629806 0.01634375 0.01308488 0.01515529 0.02148624 0.02602834 0.03628217 1.477664e-05 24.02516 27.70509 27.38927 30.76564 24.15137 21.81164 0 2 
NaN 0.08319383 0.01023429 0.01204764 0.01127199 0.01386737 0.01650288 0.02156675 0.0290653 3.209779e-05 16.58465 20.46599 22.62179 21.64044 20.43796 16.10651 0 3 
0.07525206 0.06237489 0.03718424 0.008295091 0.009865217 0.01248082 0.01466646 0.01842321 0.02426104 1.883634e-05 12.37061 18.09208 25.49672 31.97023 41.4558 47.04121 50.61298 4 
0.08693879 0.04637939 0.03653842 0.008327556 0.00979894 0.01231201 0.01497942 0.01841289 0.02405441 6.997778e-17 11.94472 18.59142 28.30633 37.50514 47.85946 56.45359 59.83903 5 
0.06073815 0.03842555 0.03743543 0.007566061 0.009819287 0.01190363 0.01476166 0.01823821 0.02376965 3.466745e-15 11.12801 15.78967 19.82906 25.83327 31.2039 36.26749 37.86115 6 
0.07499553 0.06438761 0.03943338 0.009201398 0.009995537 0.01261273 0.01510846 0.01839075 0.02435521 0 13.41333 18.70492 27.6235 32.94146 39.48671 45.4285 46.24125 7 
NaN 0.0861391 0.01111814 0.01260444 0.0118457 0.0139304 0.01864228 0.02368532 0.0330822 2.006443e-05 18.39656 23.05633 24.3495 26.02695 23.09808 17.13712 0 8 
NaN 0.1108779 0.01347803 0.01714044 0.01212307 0.01500701 0.01842288 0.02347543 0.03217548 5.991953e-05 26.0667 27.70818 28.94958 27.24515 22.69219 16.79829 0 9 
3.357447e-06 0.05078753 0.007334372 0.008945643 0.01043857 0.01154099 0.01501362 0.01876119 0.02483678 5.702381e-06 12.57519 17.58569 18.83533 20.06328 18.58091 14.5337 0.01135259 10 
0.0687136 0.03588404 0.03730758 0.007588354 0.009686289 0.01182875 0.01444148 0.01847358 0.02410512 0 11.02187 16.04926 21.41075 28.51924 36.1265 41.66346 46.81257 11 
NaN 0.08999134 0.01260226 0.01463673 0.01353231 0.01545141 0.01923126 0.02481024 0.03436545 6.512888e-05 21.2543 26.67619 26.37317 25.22024 21.92316 16.10916 0 12 
8.351332e-16 0.1056314 0.01104286 0.01231236 0.01215798 0.01371302 0.01662187 0.02097509 0.02820236 2.022249e-15 18.06613 25.42125 27.04547 25.39927 21.36156 16.05965 2.206427e-08 13 
1.798449e-11 4.285586e-05 0.005419351 0.007703105 0.009538348 0.01192365 0.0144015 0.01843768 0.02397003 4.654114e-11 10.62258 15.11341 17.83635 18.55868 17.25596 13.62275 1.405104e-06 14 
0.08586201 0.07139609 0.03772884 0.009013638 0.01099655 0.01250993 0.01508691 0.01944643 0.02576719 2.330396e-05 14.08509 22.94777 30.84614 43.90719 53.66693 59.2919 65.86201 15 
NaN 0.06249592 0.00756042 0.009740153 0.01021682 0.01218869 0.01492791 0.01899788 0.02507137 3.219625e-05 13.9736 18.3302 20.2318 20.35472 18.51633 13.62521 0 16 
NaN 0.1034744 0.01135835 0.01194236 0.01184801 0.01436274 0.01661161 0.02086287 0.02792296 1.889056e-05 16.91549 23.54588 26.4473 23.59272 19.83494 15.83319 0 17 
0.1067948 0.07133786 0.03625564 0.008908211 0.01029815 0.01248796 0.0154744 0.01965796 0.02609583 3.191437e-21 13.18098 22.50033 35.26226 50.87635 66.95102 82.0689 96.57898 18 
NaN 0.09757432 0.01604003 0.01566373 0.01395024 0.017185 0.02181313 0.02788629 0.03851302 6.924165e-05 24.06348 29.68416 32.2463 31.99446 26.28393 21.50164 0 19 
0.1138743 0.06811501 0.03716782 0.009248121 0.01085791 0.01242507 0.01564151 0.01967717 0.02592859 0 13.4946 24.72176 39.11682 58.83595 73.35789 87.71561 98.67076 20 
0.1140031 0.03606616 0.03431545 0.007348376 0.00949839 0.01180344 0.0141246 0.01784934 0.02329606 1.260116e-05 10.55102 19.04971 31.83544 50.11771 72.65123 92.42491 109.5574 21 
NaN 0.0882478 0.009516963 0.01212379 0.01131521 0.01435417 0.01659298 0.02080874 0.02738729 2.350947e-05 17.44279 22.35165 25.04948 21.14976 19.64471 14.80005 0 22 
NaN 0.1130075 0.0139787 0.01317832 0.01416178 0.01457517 0.0185418 0.02348917 0.03212269 4.641073e-05 19.13055 28.45105 27.47105 27.33352 22.27675 19.20183 0 23 
NaN 0.1026693 0.0130844 0.0160875 0.01322514 0.01522094 0.01956548 0.02491015 0.03459819 1.756337e-05 23.84653 28.01065 27.2275 27.56707 23.80116 18.37448 0 24 
5.054737e-17 0.09528291 0.01724117 0.01691904 0.01583681 0.01847675 0.02284421 0.0320295 0.04523621 3.841292e-16 25.72329 33.15816 34.3356 32.57798 31.68484 23.48601 1.387451e-08 25 
NaN 0.093826 0.01494569 0.01607283 0.0138157 0.01917907 0.02214949 0.02823233 0.04000308 NaN 23.17288 26.87174 32.15335 27.71647 24.67696 20.22497 0 26 
NaN 4.471255e-05 0.005892043 0.008116031 0.009734781 0.01168255 0.01481085 0.0182945 0.02375305 2.652542e-20 11.10273 15.35786 17.73971 18.46283 17.2788 13.82471 0 27 
5.058589e-19 0.0920295 0.01435856 0.01616494 0.01467427 0.01721642 0.0215956 0.02808735 0.03959768 9.039993e-21 24.22833 30.14795 30.83507 29.72806 26.197 20.855 1.20442e-10 28 
0 1.814549e-05 0.005776913 0.007762535 0.009373699 0.01195443 0.01423979 0.01794289 0.02330714 0 11.09266 15.48814 18.26643 18.8821 17.66095 13.76845 2.399641e-15 29 
4.264997e-06 0.09933229 0.01351601 0.01442515 0.01237569 0.01437344 0.01954131 0.02398197 0.03295593 1.111695e-05 20.63993 25.10142 25.73345 27.49891 23.26381 17.81747 0.01600327 30 
1.28429e-10 1.530183e-05 0.00553295 0.00767236 0.009769647 0.0115927 0.01446253 0.01851114 0.02411215 9.266756e-17 10.8257 15.58824 18.04552 18.76236 17.29006 13.49954 4.421812e-07 31 
0.1200383 0.07730495 0.03636317 0.01049948 0.01140956 0.01310129 0.01618704 0.02082577 0.02796747 1.311046e-05 15.82993 29.03635 46.35896 69.63366 89.31261 106.1871 123.9367 32 
0.1266995 0.07780085 0.03865886 0.01011886 0.01075891 0.01299861 0.01587784 0.02006992 0.02667936 6.773953e-19 15.07528 27.95413 47.44614 68.16199 88.53011 105.9947 122.0134 33 
3.610861e-05 0.1205822 0.01386287 0.01448631 0.01242581 0.01377725 0.01649557 0.02239143 0.02941676 5.038713e-06 21.1035 27.49021 27.77362 25.22095 23.90478 17.39714 0.1335198 34 
2.248692e-09 1.558304e-05 0.005519979 0.007171851 0.009582716 0.01154383 0.01431873 0.01723996 0.02256351 0 10.28443 15.42083 18.13516 18.91912 17.96847 14.32159 7.432025e-06 35 
0.08350362 0.0776317 0.03811539 0.00898344 0.0104104 0.01266629 0.01519031 0.01882014 0.02491402 2.740647e-21 13.6381 20.63696 28.80105 37.28236 46.342 53.78258 57.8349 36 
8.057607e-14 0.08809686 0.01127688 0.01183898 0.01117826 0.01451715 0.01715383 0.02183693 0.02985077 1.943933e-14 16.84928 21.40956 25.05575 23.92961 21.19901 16.97271 3.904765e-06 37 
NaN 0.09263583 0.01322338 0.01454439 0.01341174 0.01551908 0.01904607 0.02416649 0.03307641 2.698062e-05 21.22498 26.58338 26.68497 25.04267 21.47633 17.78208 0 38 
0.1208926 0.0451775 0.03543932 0.008088273 0.0100073 0.01226903 0.0142213 0.0182902 0.02387319 1.616586e-05 11.49121 21.62554 36.96409 56.24759 78.15882 92.75806 107.1102 39 
NaN 0.09430762 0.01231549 0.01330254 0.01246932 0.01452082 0.0176395 0.02225103 0.03043262 5.371973e-05 19.49682 25.17778 26.14275 24.36198 20.85627 17.21179 0 40 
0.09049241 0.04534251 0.03702282 0.008550999 0.01016808 0.01230714 0.01462215 0.0189501 0.02476102 0 12.04556 19.31714 29.54994 40.09424 50.59562 56.63201 63.79826 41 
8.535431e-11 2.806441e-05 0.005951651 0.007679763 0.008982168 0.01143851 0.01363849 0.01736213 0.02255683 4.706108e-14 10.94366 15.09906 17.95598 18.87156 17.93892 14.1036 2.88359e-06 42 
NaN 0.0959936 0.01060235 0.01213095 0.01211797 0.01351267 0.01620178 0.02051457 0.02745853 6.278765e-05 16.72141 22.86118 23.2487 21.42027 19.10835 14.41516 0 43 
NaN 0.0994186 0.01454345 0.01706112 0.01329478 0.01618877 0.01981007 0.02535553 0.03578043 3.24047e-05 25.15939 27.59713 28.53828 26.92659 24.02009 20.60487 0 44 
1.913889e-06 0.09232522 0.01230395 0.01350586 0.01359989 0.01528252 0.01842846 0.02412023 0.03334446 2.871697e-05 19.91903 27.06695 27.49971 25.23027 23.47641 18.81679 0.007362459 45 
0.08331414 0.03524028 0.03557481 0.008219704 0.009376648 0.01174326 0.0144574 0.01819283 0.023698 9.24109e-18 12.08818 18.45266 28.99585 38.27897 48.52017 57.82839 64.7576 46 
1.221959e-05 0.08219828 0.0113352 0.01470826 0.01217613 0.01494985 0.01854114 0.02359668 0.03322975 1.417824e-05 21.55119 23.34494 25.01025 24.76753 22.28495 19.01285 0.04923212 47 
0.08549895 0.07492484 0.03798351 0.008729368 0.01034938 0.01280977 0.01517794 0.01929831 0.02558714 0 13.4928 21.07469 29.79073 38.74986 50.63646 57.49284 63.4092 48 
5.352989e-11 1.528313e-05 0.005390534 0.007992744 0.009772473 0.0115896 0.01394658 0.01782896 0.02315157 0 11.30174 15.76884 18.10935 18.79828 17.67507 14.11594 1.873575e-07 49 
5.378406e-09 0.1082237 0.01377902 0.01593745 0.01285057 0.0159473 0.01878691 0.0241701 0.03439982 2.063976e-05 23.97161 28.89466 31.3973 28.40051 24.81622 20.28327 2.175731e-05 50 
NaN 0.1156416 0.01286395 0.01267877 0.01105011 0.01296191 0.01592706 0.02118411 0.02790696 9.352889e-06 18.1243 23.31641 25.07587 24.76008 23.27525 17.05405 0 51 
1.181e-05 0.0882342 0.014798 0.01607131 0.0133037 0.01632566 0.02054046 0.026173 0.03755502 9.752875e-06 24.22489 26.78716 28.37766 28.31548 24.91406 22.19756 0.04853653 52 
0.08632408 0.03472786 0.03553191 0.008169241 0.009748596 0.01216433 0.01462279 0.01862635 0.02430168 2.227974e-05 11.40101 17.7112 27.45958 37.63734 49.43176 58.48654 66.2297 53 
0.09752369 0.03872342 0.03555684 0.007807077 0.009959901 0.01223413 0.01490534 0.01896543 0.02474071 4.29598e-20 10.90367 18.24103 28.1935 41.72202 56.7449 69.04071 79.38099 54 
NaN 0.100131 0.01464551 0.01644288 0.0142128 0.01577339 0.02101331 0.02595 0.03610018 2.907914e-05 24.16632 29.41286 26.62692 28.90819 24.07032 20.91856 0 55 
NaN 0.1006986 0.0128086 0.01531034 0.01282906 0.01440547 0.01859511 0.02311438 0.03217492 8.344167e-05 22.31408 26.88301 25.69044 26.10336 21.94354 18.39802 0 56 
1.098947e-14 1.043048e-05 0.005708201 0.008010416 0.01004688 0.01236718 0.01503366 0.0191205 0.02487592 3.265687e-18 10.9182 15.49259 17.95264 18.39759 16.85943 13.11717 5.367901e-08 57 
0.05439871 0.07027364 0.04146533 0.008031112 0.01017581 0.01235532 0.01507193 0.01909022 0.02504765 2.36532e-19 12.0617 16.44737 19.29277 23.12486 27.00773 29.2764 31.27007 58 
NaN 0.1031557 0.01326217 0.01330086 0.0139718 0.01454281 0.01786755 0.02272252 0.03144131 6.740421e-05 19.14693 27.50422 25.9416 24.8952 21.94465 17.9196 0 59 
0.2266588 0.03798299 0.03362293 0.008168043 0.009338763 0.0115734 0.01406411 0.01813709 0.0237284 0 11.68906 34.22504 81.62435 147.514 233.1784 332.074 445.0216 60 
4.263648e-06 0.08215464 0.00956402 0.009954723 0.01137907 0.01288752 0.01521895 0.01962984 0.02612911 1.40653e-05 14.30631 21.16244 22.75678 21.29678 19.92345 15.60049 0.01469173 61 
4.577427e-15 0.08484452 0.009936586 0.01223492 0.01186777 0.01392607 0.01673165 0.02090421 0.02906608 2.97246e-17 17.7188 22.91499 24.0575 22.5236 20.0748 17.01654 2.443814e-07 62 
NaN 5.13197e-05 0.005649223 0.007570663 0.009583365 0.0119693 0.014379 0.0182047 0.02364915 2.2545e-05 10.59136 15.27558 18.02147 18.67568 17.40241 13.56801 0 63 
1.930077e-08 2.228855e-05 0.005619423 0.008300378 0.009741255 0.01155923 0.01459024 0.01849231 0.02402325 1.737009e-13 11.23871 15.31747 17.6016 18.39053 17.16137 13.59846 6.535355e-05 64 
0.06951712 0.05804505 0.03771036 0.008292287 0.009534155 0.01243664 0.01443723 0.01826207 0.02401933 3.778956e-19 12.07603 16.60957 23.70097 28.08186 36.68755 41.2991 45.06405 65 
2.958407e-06 0.08755035 0.009545856 0.0127382 0.01166257 0.01329498 0.01629704 0.02098432 0.02786726 1.565394e-05 18.21471 22.96588 23.13783 22.13941 19.72579 14.71635 0.01158963 66 
NaN 0.1011964 0.01332642 0.01452818 0.01307843 0.01492065 0.01813001 0.02302901 0.03212773 5.745445e-05 21.01796 26.77939 27.01917 25.05542 22.04337 18.34882 0 67 
0.07728965 0.05615298 0.03785479 0.007973027 0.00981888 0.01204645 0.01497172 0.0187566 0.02461798 0 11.80019 17.74074 24.62314 33.18217 41.88081 50.48868 55.70367 68 
0.06203012 0.04136645 0.03805393 0.007955409 0.0099908 0.01197145 0.01460394 0.01852149 0.02414969 0 11.23246 15.62719 19.82332 25.3023 30.30837 33.91552 36.90937 69 
0.1182129 0.07298124 0.03443439 0.009821579 0.01053658 0.01288396 0.01589165 0.01991116 0.02654941 8.956218e-16 15.18812 27.28741 46.19363 67.5015 89.53163 112.4999 129.7393 70 
0.09712837 0.06594055 0.03640552 0.00876755 0.01053015 0.0125973 0.01529587 0.01975736 0.02620348 0 12.72408 21.1551 31.62449 45.3829 59.95564 71.33676 82.79645 71 
0.1099576 0.07072622 0.03566813 0.009101861 0.01043237 0.0122276 0.01568272 0.01933863 0.02549089 0 13.58851 23.77229 37.52188 56.18428 71.05112 90.397 102.4558 72 
0.1286013 0.07416476 0.03599737 0.008908993 0.01058323 0.01215927 0.01517285 0.01908508 0.02522104 0 13.10235 25.35296 41.00504 64.00371 83.87734 103.7284 120.0147 73 
6.782191e-07 0.08804657 0.01754305 0.0211725 0.0166836 0.0223214 0.02666183 0.03462482 0.049709 2.085062e-05 33.10742 35.57167 39.75038 34.93975 30.44142 25.43469 0.003294101 74 
1.55756e-18 0.06908651 0.008607401 0.01024231 0.01088078 0.01287735 0.0163208 0.02081372 0.02792452 5.975676e-20 14.9443 20.07347 21.96425 22.49317 20.23121 15.52877 6.95669e-11 75 
0.07229666 0.03620577 0.0367365 0.007698689 0.01024693 0.0119014 0.01458438 0.01821204 0.02377278 0 10.89818 16.56312 21.65896 30.81846 38.10816 44.15817 47.83982 76 
NaN 0.08106567 0.00980831 0.01037754 0.01205475 0.01311399 0.01611098 0.0206632 0.02795521 4.69442e-05 15.67337 23.26032 23.53332 22.67393 19.61884 12.02467 0 77 
0 0.1041602 0.0143818 0.01409077 0.01436426 0.01497884 0.01833343 0.02614909 0.03462847 0 21.17141 30.2158 29.47025 27.77876 27.49106 20.02255 4.828659e-15 78 
1.663633e-05 0.1112762 0.0125775 0.0158356 0.01214636 0.01454811 0.01854534 0.02435476 0.03422521 6.86602e-06 23.4299 26.9814 28.00998 28.03605 25.38284 18.05201 0.06505918 79 
NaN 0.1203626 0.0157694 0.01771801 0.0167663 0.01731488 0.02192434 0.02914344 0.03722995 4.919537e-05 25.48498 35.31448 33.55075 31.23633 22.90322 19.62747 0 80 
0.09044135 0.05616799 0.0349428 0.008563121 0.01065817 0.01262997 0.01538625 0.01966283 0.02588828 0 12.30319 20.27008 29.83235 43.37361 56.17822 65.75515 74.27241 81 
5.677593e-06 0.07770969 0.0117123 0.01241471 0.01191674 0.01482929 0.01775404 0.02345702 0.03213992 1.221849e-05 17.88807 22.33225 24.85048 23.67214 22.10277 17.31272 0.02146793 82 
2.899042e-06 1.841821e-05 0.005600668 0.007867342 0.009655471 0.01149099 0.01453991 0.01785381 0.02323692 6.743178e-17 11.04575 15.52337 17.94996 18.71617 17.61539 13.91624 0.009940794 83 
0.1092274 0.04245103 0.03591438 0.007595988 0.009809136 0.01132692 0.01429972 0.0179075 0.02334844 1.2945e-05 11.23562 20.22498 31.93641 49.95337 65.41077 81.40762 93.88185 84 
0.06539441 0 0.03746033 0.007441628 0.009758325 0.01188516 0.0148445 0.01817709 0.02359217 0 10.3513 14.86492 19.28231 25.81373 32.04292 38.0674 40.11733 85 
0.1035657 0.06938753 0.03757925 0.008627246 0.009753444 0.0118696 0.01489561 0.01851996 0.0243877 3.008108e-20 13.11704 21.94138 34.57097 48.12836 60.6652 74.81556 83.6508 86 
0 2.39375e-05 0.005685773 0.007450019 0.00936196 0.01168423 0.01440936 0.01820156 0.02363214 0 10.39278 14.99919 17.82873 18.667 17.42854 13.48559 4.555007e-15 87 
0.08594219 0.03883534 0.03679258 0.007962496 0.009974477 0.01155459 0.0143253 0.01808704 0.02358411 1.247026e-05 11.43266 18.1386 26.43096 37.88651 46.9697 55.31947 62.2796 88 
0.08824252 0.06900243 0.03894986 0.008351597 0.009848569 0.01202208 0.01505804 0.0187053 0.02460525 3.942964e-18 12.23224 18.86926 27.13791 36.61685 45.4249 55.59502 61.21723 89 
4.55962e-12 0.06840717 0.008845084 0.01076931 0.01065623 0.01408084 0.01716948 0.02158749 0.02866501 2.381313e-16 14.81772 18.54181 21.96688 21.73174 18.81664 14.94382 0.0001166694 90 
0.1010454 0.03530281 0.03440205 0.007915024 0.009883693 0.01168865 0.01411839 0.01782885 0.02324434 7.378973e-06 11.37775 19.59076 31.73988 47.92994 63.60821 76.73749 88.15942 91 
NaN 0.07034547 0.009255118 0.01063778 0.01085905 0.01257676 0.01588862 0.0200783 0.0269393 2.784797e-05 15.29934 19.71624 20.84771 21.4078 19.10422 13.70032 0 92 
2.396772e-07 0.07198022 0.009553169 0.01139189 0.01155211 0.01327716 0.01571937 0.02165072 0.02836344 1.828367e-05 16.30484 21.13238 21.91643 21.09949 20.75515 15.87773 0.0008916867 93 
NaN 0.07774128 0.01187086 0.01353361 0.01306624 0.01605939 0.01986349 0.02536488 0.03477625 3.516672e-05 20.29021 25.20062 27.19502 25.96743 21.90266 16.88161 0 94 
5.08194e-20 2.858314e-05 0.005485994 0.007134524 0.009652105 0.01184741 0.01449253 0.01826526 0.0237094 0 9.938392 15.07521 17.89485 18.64739 17.39159 13.8813 1.286278e-12 95 
1.983643e-14 0.09345902 0.01049553 0.01226354 0.01094254 0.0129904 0.01575523 0.02036314 0.02706325 2.370009e-15 17.89552 22.44032 23.925 23.01576 20.8284 15.74495 9.907621e-07 96 
NaN 0.09710699 0.01427746 0.01532052 0.01361177 0.0159527 0.01957716 0.02578133 0.03617879 6.763709e-05 22.9204 28.28961 28.87429 27.13691 24.79461 18.67915 0 97 
0.11699 0.02989175 0.03277075 0.008258147 0.01006037 0.01256216 0.01445635 0.01890294 0.02469784 0 11.72357 22.25029 40.96265 64.11225 91.76542 112.157 132.95 98 
2.599367e-13 0.09582951 0.01821273 0.02107876 0.01825591 0.0203615 0.02802866 0.03534393 0.04978631 2.504993e-05 31.50959 38.34001 35.36894 37.5118 28.7481 26.0023 3.007644e-06 99 
NaN 0.09612433 0.01516137 0.01717581 0.01589082 0.01771072 0.02265789 0.02922709 0.03942312 3.392786e-05 25.86024 32.87728 30.96899 30.62055 24.6784 21.55246 0 100 
