0.5077437 0.5173588 0.8905413 0.09445358 0.138121 0.1880571 0.2250062 0.2970352 0.4825913 1 125.6446 189.4398 262.5649 328.5572 356.4944 375.0579 412.0585 1330.226 1 
0.4569854 0.493723 0.9095647 0.107414 0.1486575 0.1895084 0.2321877 0.3154424 0.4733765 1 151.9136 221.3359 288.8078 335.647 355.6309 373.4848 387.4029 1414.282 2 
0.6393855 0.3631631 0.8578279 0.1250076 0.1687359 0.1972023 0.2749208 0.3700165 1 1 187.2518 306.9779 417.4347 481.7565 548.4903 585.3604 773.805 1497.924 3 
0.4929813 0.5281375 0.9090544 0.1075488 0.147109 0.2103346 0.2484318 0.3312805 0.5571175 0.9999999 142.0147 212.0253 277.8855 348.3979 368.9305 379.4877 409.3131 1320.467 4 
0.480599 0.5683147 0.9046087 0.09481781 0.1415547 0.1704888 0.2352048 0.3122933 0.540328 1 119.658 177.1655 246.8463 285.8187 328.6879 352.2481 400.4585 1261.978 5 
0.4744669 0.5590442 0.900152 0.09237202 0.1397256 0.1568371 0.2319922 0.36256 0.4590706 0.9999999 119.8518 176.7175 248.3928 276.7446 329.4742 394.1761 378.9986 1297.49 6 
0.5078261 0.5062821 0.8843979 0.1141281 0.1467253 0.1983835 0.2297082 0.3601384 0.5540826 1 152.0964 229.3349 289.6839 346.9532 361.6856 407.6885 427.5652 1332.681 7 
0.5422013 0.4273794 0.9092059 0.1171086 0.1488179 0.2213015 0.243805 0.3923321 0.371463 0.9999999 173.1584 267.0451 339.0673 429.7487 443.9686 497.4297 417.4033 1478.614 8 
0.5011846 0.4765954 0.9150308 0.1221034 0.1416106 0.2340703 0.262377 0.3087463 0.4615023 1 172.0619 258.2967 304.6389 401.2401 414.4977 392.9691 388.3401 1409.149 9 
0.4582279 0.5556692 0.9115489 0.1043041 0.1517635 0.1985999 0.2157499 0.3200944 0.4459416 1 131.3798 191.5817 259.0084 308.7419 306.9388 333.1729 335.0316 1259.585 10 
0.6193837 0.3987448 0.8885082 0.1017268 0.1608892 0.196084 0.2813203 0.3695023 1 1 145.4645 235.5629 352.5642 429.7174 509.9194 545.9338 730.7687 1429.953 11 
0.5197363 0.4815186 0.8902332 0.1056898 0.1403587 0.1581232 0.268033 0.3448271 0.5612895 1 145.3814 220.9413 287.4959 316.6377 403.1943 434.2649 465.3459 1375.548 12 
0.6616576 0.3213173 0.8844316 0.108208 0.1491133 0.3762589 4.09755e-08 0.3473645 0.3955676 1 183.6337 305.1363 427.5653 767.4254 507.7729 614.9806 614.266 1697.043 13 
0.6209284 0.347576 0.8927304 0.1184736 0.1621917 0.3433826 7.696278e-07 0.3729511 0.4775307 0.9999999 192.778 312.4794 426.6756 677.5967 420.7396 555.5421 581.2339 1627.181 14 
0.4985537 0.473889 0.9157909 0.0912408 0.1431939 0.1939903 0.2417317 0.3193124 0.4759188 0.9999998 128.7292 192.9076 279.77 352.5882 389.8233 408.7348 421.2782 1410.873 15 
0.4926455 0.4879457 0.8930788 0.1026204 0.1544581 0.1859701 0.2332759 0.3352839 0.4767172 1 139.3667 208.025 290.7227 334.8604 360.6477 393.3112 397.5673 1358.08 16 
0.4833698 0.5358424 0.8923571 0.09583921 0.133656 0.2201254 0.2410241 0.368617 0.4183731 1 126.9089 188.2529 251.019 349.6609 363.9866 402.255 356.6168 1324.186 17 
0.4827403 0.5592813 0.914226 0.1310843 0.1433606 0.2090963 0.2563468 0.304276 0.4773611 0.9999996 164.5052 243.9185 274.0771 327.63 347.5498 334.9494 344.1599 1254.957 18 
0.479296 0.5221506 0.9391864 0.1246139 0.1516174 0.1772829 0.2679223 0.3683745 0.6279725 0.9999995 162.7952 240.8223 288.815 310.4297 362.6459 389.0749 418.2612 1306.396 19 
0.9999999 0.1194053 0.8572082 1 0.9999623 0.03466244 0.4876824 0.9535526 0.9807838 0.9451916 1450.66 2901.319 2901.319 2901.318 2901.318 2901.317 2901.317 1450.66 20 
0.4480829 0.4971771 0.9227398 0.0960996 0.1442487 0.1615387 0.2388271 0.3458472 0.52601 0.9999999 134.7666 195.1533 270.2942 296.343 350.0041 396.2614 415.7726 1402.364 21 
0.4570102 0.5792952 0.8879085 0.09191897 0.1385067 0.1730353 0.2680321 0.3345104 0.4626994 1 113.9374 166.008 231.7711 273.7143 340.0274 351.7439 341.4917 1239.542 22 
0.5564529 0.4626697 0.8586194 0.111877 0.1390449 0.1662334 0.2376687 0.3479424 0.5332226 0.9999999 155.6282 242.228 306.5698 347.4069 404.09 460.0893 491.0809 1391.066 23 
0.5046826 0.5081394 0.9110713 0.09276019 0.1466491 0.1800783 0.2620229 0.2310259 0.5025093 1 123.9893 186.5646 271.9937 323.6224 385.6494 339.2905 413.1939 1336.665 24 
0.4813624 0.5386162 0.8954477 0.1027663 0.1676379 0.2059997 0.2225905 0.342577 0.4613533 0.9999997 129.9696 192.532 282.9031 330.7487 326.1407 356.7192 348.5419 1264.71 25 
0.5079789 0.4779121 0.8933193 0.1135915 0.1649798 0.1872003 0.2561737 0.3137313 0.4746323 1 159.0336 239.8193 326.5655 359.8788 398.5813 399.0271 406.768 1400.048 26 
0.5145696 0.4598154 0.8907167 0.1049848 0.165769 0.2047792 0.2615488 0.2532402 0.539545 1 147.8935 223.995 324.2659 382.2472 415.4588 370.1986 439.3544 1408.713 27 
0.4878176 0.5494965 0.9116682 0.1096839 0.1334061 0.21744 0.2119545 0.3453246 0.455128 1 138.3158 205.7886 250.1656 333.5926 324.1121 365.3054 356.9818 1261.04 28 
0.5239499 0.5185734 0.9070536 0.1259596 0.1433662 0.2182303 0.2416327 0.347881 0.5141869 0.9999999 163.9192 249.8046 293.9561 366.6559 376.1694 398.056 402.2622 1301.363 29 
0.4788796 0.5388207 0.8819616 0.0970005 0.1389844 0.1820948 0.2244412 0.3151226 0.5014771 0.9999996 126.2095 186.6487 252.6769 305.2123 331.8644 361.1384 393.3352 1301.123 30 
0.4752476 0.5035747 0.9041643 0.1064801 0.1449253 0.1718071 0.2601833 0.2896861 0.4881163 1 144.9708 213.8678 277.9435 310.8072 371.8566 361.3546 392.7112 1361.483 31 
0.464208 0.552807 0.8915631 0.1045544 0.1469093 0.1852238 0.2459526 0.3314169 0.501042 1 132.0581 193.3606 255.9137 297.5093 331.4573 350.3226 361.1971 1263.056 32 
0.4703419 0.5174734 0.9218325 0.1206473 0.1289306 0.1833068 0.2244729 0.3660194 0.4833322 0.9999999 162.3326 238.6844 264.8115 313.4739 336.3812 397.1405 386.8156 1345.514 33 
0.4895841 0.5168123 0.9057806 0.1045462 0.1598422 0.1781746 0.2717088 0.3217978 0.4473284 1 137.3879 204.6508 288.2878 317.2942 376.106 374.5553 362.8972 1314.136 34 
0.5206897 0.4490726 0.9215469 0.1177247 0.144767 0.1686315 0.2550616 0.3298445 0.4543074 1 173.7 264.1438 325.9911 357.4813 422.2169 447.2719 442.8129 1475.476 35 
0.4886853 0.4596172 0.873381 0.09706254 0.1403001 0.2001861 0.2246594 0.3201235 0.5193316 0.9999999 141.4289 210.5432 287.4768 366.911 382.5419 411.4808 448.7398 1457.091 36 
0.4951325 0.572303 0.8815432 0.1049069 0.1335616 0.2245169 0.2534126 0.286607 0.4850107 1 129.309 193.3341 243.0844 334.9838 353.7201 333.763 356.7548 1232.608 37 
0.5204422 0.4358973 0.8756839 0.1024585 0.1596709 0.1540364 0.2566314 0.3435167 0.6227579 1 149.1254 226.7366 326.5888 339.0658 414.789 453.0173 518.0016 1455.472 38 
0.5135024 0.4747951 0.8855674 0.1107072 0.1423729 0.2098201 0.2989468 0.2799133 0.4989104 1 157.9705 239.0887 303.4368 384.16 454.344 402.0567 423.0417 1426.921 39 
0.5230047 0.4708684 0.8942687 0.1031238 0.1432265 0.1938348 0.2519617 0.330032 0.5705767 0.9999999 142.2977 216.7201 290.5992 357.512 402.3559 421.4628 464.8565 1379.873 40 
0.5103204 0.5027202 0.9018702 0.09597573 0.1331228 0.1811226 0.2169576 0.3446087 0.5388502 1 129.3032 195.2893 261.7965 324.8311 353.3449 413.6197 450.1669 1347.249 41 
0.486437 0.5172225 0.8903107 0.08958817 0.1419558 0.2045389 0.2448523 0.3566696 0.5324795 0.9999999 119.8767 178.1892 259.6098 340.0838 369.0186 403.4531 411.3441 1338.087 42 
0.4709965 0.5541699 0.9182824 0.09712504 0.1308615 0.1540415 0.2645395 0.3292699 0.5058312 0.9999998 122.7122 180.5092 234.2973 263.0784 345.7862 365.9751 381.6564 1263.445 43 
0.4824429 0.492691 0.8907426 0.1184505 0.1784956 0.1863551 0.287821 0.2642874 0.4741693 1 166.4407 246.7388 340.1415 353.7348 408.9637 353.1419 376.0759 1405.15 44 
0.4993566 0.4816864 0.9222001 0.1118767 0.1202387 0.2146797 0.2401866 0.3145665 0.5301658 1 155.7107 233.4659 265.2094 365.8917 387.8328 397.7859 434.4393 1391.807 45 
0.4554614 0.5507609 0.8826991 0.1248083 0.1281779 0.2112499 0.2288139 0.3673095 0.4960459 0.9999999 157.9715 229.9214 246.7083 316.3814 318.3958 360.79 348.6907 1265.713 46 
0.4923153 0.5700677 0.8896543 0.09920649 0.1538584 0.2009059 0.25845 0.3438084 0.451177 1 121.0451 180.6374 258.0344 313.8735 346.5904 360.0973 340.433 1220.133 47 
0.5062922 0.4822526 0.9035589 0.1134073 0.1280459 0.2062156 0.2198229 0.3560442 0.4378746 1 157.6023 237.3951 277.9565 362.2717 370.878 424.6584 402.6047 1389.702 48 
0.4948757 0.4752849 0.9123362 0.1002921 0.1331952 0.1988871 0.2286849 0.3532482 0.552653 0.9999999 138.8703 207.5939 268.6661 347.7255 369.913 418.7671 445.7337 1384.658 49 
0.9999998 0.1004129 0.8646221 1 0.9999997 0.03682457 0.8344071 0.9668941 0.9917531 0.9810169 1639.793 3279.585 3279.584 3279.584 3279.583 3279.583 3279.582 1639.793 50 
0.5083901 0.528397 0.8907947 0.1094458 0.1419418 0.1970975 0.2577938 0.3200181 0.5005721 1 143.8393 216.9658 276.4337 338.4775 379.9481 384.6833 399.2766 1314.251 51 
0.5017643 0.4974573 0.8811867 0.08828912 0.1279841 0.210803 0.2369046 0.3391816 0.4342765 0.9999998 122.6302 184.1617 254.4761 360.4686 387.3278 419.9105 401.5428 1388.962 52 
0.5330269 0.4440901 0.9011627 0.1172529 0.1696233 0.253878 0.2926145 0.2228407 0.554623 0.9999999 168.894 258.919 353.6921 456.5844 473.8914 376.7801 441.0356 1440.425 53 
0.4912961 0.5421968 0.9049179 0.10734 0.1445074 0.1573047 0.2217496 0.3060857 0.5297436 1 138.3332 206.2958 267.5945 286.2816 324.557 357.0141 412.6619 1288.739 54 
0.5173593 0.4750827 0.9006976 0.1097167 0.1445416 0.2116006 0.2274139 0.3507643 0.5146034 1 151.5613 229.973 296.7398 376.1388 383.2269 423.0428 432.9624 1381.388 55 
0.4601043 0.5297971 0.9046073 0.09084688 0.1659331 0.168843 0.2294552 0.3225916 0.4661036 1 122.6944 179.1466 286.1701 304.5843 335.4546 365.9299 375.4594 1350.562 56 
0.9999997 0.1069271 0.8561741 1 0.9999362 0.07600182 0.8193284 0.9648091 0.9767343 0.9503009 1545.115 3090.23 3090.229 3090.228 3090.227 3090.227 3090.226 1545.115 57 
0.493275 0.4880751 0.9269197 0.105931 0.1214754 0.2149739 0.2294272 0.3094019 0.4592012 1 147.5256 220.2964 259.9197 363.3674 376.2547 390.3312 402.3842 1392.658 58 
0.4620903 0.5490879 0.925497 0.09524047 0.1375135 0.1714768 0.3067989 0.3356728 0.5335072 1 123.8472 181.0758 245.4602 287.4272 390.7513 376.19 380.3891 1300.363 59 
0.504875 0.5074458 0.9182418 0.1048417 0.169978 0.2165107 0.2442411 0.3707951 0.5515241 0.9999999 137.9533 207.6025 305.0257 365.6736 371.7048 402.3179 404.0113 1315.825 60 
0.4828001 0.511297 0.8820096 0.1182923 0.1319582 0.2043286 0.2152261 0.3447637 0.4526646 0.9999999 160.3847 237.8185 272.568 343.6276 343.6087 389.2883 380.1357 1355.834 61 
0.5243235 0.5092804 0.90792 0.1103847 0.1087 0.2081343 0.2215676 0.2975416 0.5660116 1 147.2747 224.4943 246.7258 349.5497 368.8878 387.445 462.4233 1334.194 62 
0.4690781 0.5205822 0.9146851 0.0852513 0.1370031 0.1821458 0.2675872 0.3115066 0.5221134 0.9999997 113.3392 166.5041 244.7173 305.9569 373.202 370.8954 399.9675 1329.472 63 
0.4777791 0.5236299 0.8941817 0.08924961 0.1231098 0.211 0.2549325 0.2988113 0.5177967 1 118.4098 174.9835 232.359 334.5835 372.9788 364.3225 400.2136 1326.726 64 
0.5348281 0.4383336 0.9163546 0.100365 0.1599769 0.1818977 0.2172568 0.3543579 0.5126631 0.9999999 146.0157 224.1091 329.2425 376.0752 396.5496 461.5705 479.8983 1454.847 65 
0.477542 0.4946017 0.8953479 0.1095181 0.1507011 0.2132624 0.2428084 0.3375451 0.5439577 0.9999999 151.6425 224.0582 292.8103 363.1529 373.4595 388.9085 410.5105 1384.634 66 
0.4686787 0.5426033 0.9113971 0.09598162 0.1318136 0.2046178 0.230766 0.3642405 0.5197357 0.9999999 125.3275 184.0658 241.8627 323.0527 339.5111 387.5084 388.8019 1305.744 67 
0.523123 0.4527068 0.8994805 0.1188894 0.186847 0.1542327 0.2461889 0.3867297 0.5268191 0.9999999 167.887 255.7126 366.2519 347.641 392.5259 454.7975 446.3179 1412.128 68 
0.5226133 0.4785866 0.9148714 0.1058664 0.1318048 0.1784001 0.2462381 0.3144047 0.5812287 0.9999999 146.2718 222.7154 279.2246 337.2717 393.2519 414.3549 481.2339 1381.664 69 
0.4474629 0.5560975 0.9136422 0.1037928 0.1460248 0.1879378 0.2716579 0.3321605 0.4917471 1 133.0741 192.6199 253.9785 298.0601 349.8379 349.3154 346.9039 1282.113 70 
0.4828386 0.5363188 0.8936419 0.09705594 0.1355862 0.1963731 0.2432384 0.3594795 0.5418211 0.9999991 126.7966 188.0189 250.7245 321.2991 354.4573 394.0691 405.4858 1306.428 71 
0.498974 0.5457925 0.9196474 0.09023056 0.1333763 0.2008455 0.2178952 0.3500598 0.4124409 1 115.435 173.034 241.576 323.1253 336.8714 388.7805 362.9874 1279.333 72 
0.9999999 0.1078035 0.828763 1 0.9999732 0.1153568 0.7164197 0.9730992 0.9905903 0.9701958 1580.034 3160.067 3160.067 3160.067 3160.066 3160.066 3160.065 1580.034 73 
0.5246057 0.5282391 0.9005203 0.102382 0.1428612 0.1945624 0.2141634 0.3381864 0.4262972 0.9999999 136.3103 207.8194 279.7538 346.0602 358.2405 407.1994 396.5387 1331.39 74 
0.5005221 0.5070224 0.90755 0.1091407 0.1700939 0.1718462 0.2466095 0.318695 0.4994661 1 145.9581 219.0133 312.2676 326.207 365.2035 379.3935 399.817 1337.339 75 
0.5358211 0.4511076 0.8751245 0.1512692 0.1712791 0.1707913 0.2526733 0.3685175 0.5453104 1 217.2523 333.6607 387.5621 380.1913 415.363 453.248 458.4216 1436.196 76 
0.5631824 0.3907921 0.8996325 0.1033537 0.1525673 0.1834638 0.3132943 0.3546491 0.4627983 0.9999999 161.2185 252.0139 355.3184 417.5621 538.3733 538.9026 501.9952 1559.871 77 
0.519319 0.4821584 0.8943445 0.1147187 0.1300757 0.17149 0.2383393 0.362458 0.4548175 0.9999999 159.7078 242.6471 286.3244 332.5563 384.4161 444.8635 427.2084 1392.169 78 
0.5193764 0.4544225 0.9041135 0.09928875 0.1608359 0.1938844 0.1929876 0.3102679 0.4348337 1 145.2485 220.6871 326.5437 383.9803 371.447 416.1024 431.8511 1462.89 79 
0.5091969 0.4205999 0.9170378 0.1100555 0.1742697 0.1841504 0.2371184 0.3363223 0.4983028 0.9999997 168.8145 254.7743 367.6237 394.7662 419.0729 449.3417 460.8188 1533.903 80 
0.5420204 0.4634558 0.9021005 0.1148807 0.1560761 0.1895312 0.2318848 0.3352422 0.493409 0.9999998 161.8373 249.5565 329.8767 378.2422 402.7781 437.927 452.2324 1408.742 81 
0.4954178 0.5151142 0.9234283 0.08796166 0.1584677 0.1735426 0.2649826 0.2944764 0.5092004 0.9999997 116.4857 174.1949 277.6954 313.9634 378.1307 369.1485 404.693 1324.279 82 
0.5322169 0.4266078 0.8935059 0.1026356 0.1762426 0.2016029 0.2274664 0.3665818 0.514254 0.9999999 152.3753 233.472 359.0565 412.3449 418.763 471.0098 471.1694 1484.623 83 
0.4816643 0.4820222 0.910208 0.09705649 0.1496574 0.1802824 0.2308805 0.2942146 0.497421 1 139.0045 205.958 292.7392 339.2516 371.5237 382.9267 427.8382 1432.202 84 
1 0.1002843 0.8854298 1 0.9999961 0.01175163 0.3166668 0.9690832 0.9903234 0.9852596 1652.767 3305.533 3305.533 3305.533 3305.533 3305.533 3305.533 1652.767 85 
0.4801624 0.5208708 0.880686 0.1100223 0.1513731 0.1517898 0.2645599 0.2944818 0.5893116 0.9999998 147.8379 218.824 286.0936 291.4148 367.6606 362.9643 437.4932 1343.708 86 
0.9999997 0.1172215 0.8734685 1 0.9993005 0.02014266 0.7397491 0.973587 0.9727438 0.930836 1451.377 2902.754 2902.753 2902.752 2902.752 2902.751 2902.75 1451.377 87 
0.5459766 0.4861466 0.87946 0.1090466 0.1492502 0.2072078 0.2631414 0.3083868 0.5120086 1 148.1123 228.9781 305.6297 380.1917 422.351 416.0644 440.1322 1358.248 88 
0.5717892 0.4710269 0.8646494 0.1001016 0.168292 0.1878806 0.2219215 0.354577 0.5475993 1 138.0037 216.9127 332.8169 384.1645 405.6271 463.1226 495.2521 1378.636 89 
0.4940624 0.4991879 0.8699968 0.1099525 0.1363753 0.195735 0.2279056 0.3325355 0.4890215 0.9999999 148.2468 221.49 273.0849 337.7767 356.8475 390.3111 402.8986 1348.281 90 
0.5286938 0.5044977 0.8987917 0.1193063 0.14799 0.195166 0.2431999 0.3368511 0.5001268 0.9999999 156.6017 239.3961 297.6438 349.5862 377.6088 401.7218 411.355 1312.603 91 
0.5239774 0.4521028 0.9164516 0.114733 0.1390531 0.1640194 0.2620217 0.3498114 0.4779203 0.9999999 165.8995 252.827 310.4721 343.4403 421.3568 458.6192 451.578 1445.961 92 
0.9999999 0.1025773 0.8736967 0.9999999 0.9999032 0.04568747 0.2845536 0.9638386 0.9906832 0.9715039 1634.01 3268.019 3268.019 3268.019 3268.018 3268.018 3268.018 1634.01 93 
0.5165272 0.5095126 0.9115328 0.1018542 0.1656816 0.1778671 0.2954584 0.3234338 0.4684647 0.9999999 137.3917 208.3582 308.3483 339.0562 420.6584 406.6441 395.6078 1348.906 94 
0.5112512 0.4582275 0.9298968 0.1206483 0.1403597 0.1939063 0.2502187 0.3047734 0.5032465 1 174.5943 263.8558 313.51 372.4017 411.0355 411.6473 441.7765 1447.135 95 
0.5285021 0.4836116 0.9022155 0.1173416 0.1341554 0.1962717 0.2947305 0.2975996 0.4749524 1 161.2959 246.5412 293.0668 361.0736 439.6785 409.5861 415.1238 1374.584 96 
0.442597 0.5396382 0.8828935 0.08790747 0.138926 0.2459198 0.222676 0.2726674 0.5579945 1 114.8954 165.7477 238.9742 358.2043 330.9044 310.5196 381.6311 1307.003 97 
0.9999998 0.1031034 0.8194435 0.9999998 0.998788 0.2624489 0.7917962 0.8853202 0.9842477 0.9701142 1614.993 3229.986 3229.986 3229.985 3229.985 3229.984 3229.984 1614.993 98 
0.4855965 0.4840325 0.8858542 0.08430999 0.1594675 0.1704366 0.2517869 0.379053 0.4620488 0.9999999 117.7643 174.9502 288.92 323.5301 381.6588 438.2692 404.2718 1396.801 99 
0.4814647 0.5524162 0.8813877 0.1180334 0.1349057 0.1721512 0.2391613 0.3644361 0.493727 0.9999999 153.8773 227.9638 264.871 298.7622 340.7805 392.3971 385.5215 1303.676 100 
