0.5072428 0.5192096 0.8913101 0.09376003 0.1371199 0.1883835 0.2250743 0.2941593 0.4812101 0.9999999 125.1976 188.7032 261.6471 329.4233 357.8406 374.6936 413.122 1335.298 1 
0.4562535 0.4946811 0.9099362 0.1069722 0.1480674 0.1924246 0.2309597 0.3147159 0.4761822 1 151.6194 220.7963 288.1559 338.9705 355.7849 373.0963 388.7661 1417.372 2 
0.5122199 0.5274933 0.869882 0.09797737 0.1478248 0.1829833 0.252344 0.3379046 0.5151361 0.9999999 128.9172 194.9512 275.3066 326.0904 375.5537 401.1314 416.188 1315.786 3 
0.4923948 0.5285927 0.9093574 0.1064143 0.1454286 0.2075396 0.2466554 0.3274128 0.551577 1 141.8939 211.7617 277.5509 347.989 370.3772 381.4004 413.3141 1333.411 4 
0.4803171 0.5680194 0.9046133 0.0947153 0.1413831 0.1702471 0.2348028 0.314417 0.5399382 1 119.7205 177.2243 246.9062 285.8612 328.723 354.0289 400.9649 1264.004 5 
0.4737837 0.5602435 0.9005082 0.09174019 0.1402646 0.1555502 0.2323084 0.3594105 0.45796 1 119.5961 176.2588 249.5879 276.5951 330.743 393.8838 380.2135 1303.639 6 
0.5068501 0.5113073 0.8863895 0.1124216 0.1462837 0.1950902 0.2281238 0.3583402 0.5586766 0.9999999 150.5995 226.9309 288.9508 344.4841 360.9873 408.954 433.3544 1339.596 7 
0.5414807 0.4279849 0.9095242 0.1161367 0.1475188 0.2211356 0.2405417 0.390177 0.3748638 0.9999999 172.9134 266.5427 338.4573 431.3458 443.7405 499.1915 421.9979 1488.878 8 
0.5005147 0.4757347 0.9150381 0.1215329 0.1408484 0.2345642 0.2627774 0.3062428 0.4624842 0.9999999 172.3738 258.6494 304.9488 403.7242 417.3825 393.8951 390.964 1418.33 9 
0.4573919 0.5542314 0.9115632 0.1037122 0.1507713 0.1989233 0.2159885 0.3172175 0.4495948 0.9999999 131.7194 191.9668 259.4313 310.9611 309.4929 334.1549 339.2168 1270.048 10 
0.6180767 0.399177 0.8868771 0.1008691 0.1595001 0.1964826 0.2776718 0.3723024 1 1 145.3046 235.114 351.9066 431.4029 509.5297 550.1665 736.6539 1440.527 11 
0.5213492 0.4781393 0.8888738 0.1054104 0.1396381 0.1589632 0.2683246 0.3514831 0.5598235 1 146.4085 222.7384 289.6288 320.9333 408.5659 444.2255 470.4292 1388.937 12 
0.5414856 0.4593641 0.8929047 0.08933973 0.1359008 0.2251832 0.2564537 0.3014841 0.416328 1 128.4441 197.9947 285.1407 409.1562 446.3528 438.1929 426.8185 1437.704 13 
0.5347375 0.4520142 0.8954609 0.1025621 0.150729 0.2417225 0.1945712 0.3269561 0.492201 1 148.234 227.5003 317.1599 435.8713 395.6011 431.5093 453.6148 1445.31 14 
0.5028281 0.4686977 0.9150158 0.0908357 0.1420104 0.1956391 0.2427166 0.3209157 0.4701075 1 130.1548 195.6003 283.351 361.144 399.8053 419.5217 428.2967 1432.86 15 
0.4919065 0.4864814 0.8930912 0.1018879 0.1531981 0.186113 0.2328376 0.3310682 0.4782707 1 139.7837 208.5442 291.3477 337.5041 363.7463 394.6118 402.5388 1371.936 16 
0.4828156 0.5383683 0.8931063 0.09538221 0.1331082 0.2190918 0.2443557 0.3668319 0.4218651 1 126.3137 187.2999 249.8918 348.1819 366.2766 401.6447 357.6107 1324.29 17 
0.4810956 0.5590857 0.9145291 0.1299406 0.1420174 0.2068054 0.2600018 0.3092544 0.4735908 0.9999998 164.5628 243.7333 273.7456 327.211 352.3909 341.1429 345.6513 1266.446 18 
0.4785205 0.5223521 0.9393879 0.1232704 0.1498189 0.17483 0.2681261 0.3640526 0.6173294 0.9999998 162.7323 240.603 288.5327 310.1003 366.0974 391.5246 420.6499 1320.125 19 
0.9999998 0.1188324 0.8575966 1 0.9999543 0.04871078 0.5181209 0.9579572 0.9803668 0.9459874 1462.095 2924.189 2924.189 2924.188 2924.188 2924.187 2924.186 1462.095 20 
0.4476241 0.4959871 0.9227439 0.09540208 0.1430575 0.1599635 0.236059 0.3463184 0.5207727 0.9999998 135.0916 195.5618 270.7851 296.7994 350.5235 400.8587 419.2345 1416.023 21 
0.4558741 0.5776058 0.887927 0.09105219 0.1370425 0.1726596 0.2663213 0.3317743 0.4616493 0.9999996 114.2699 166.3625 232.1679 275.8047 342.6324 354.4424 345.9107 1254.993 22 
0.5560088 0.4638199 0.859119 0.1111296 0.1381064 0.1649807 0.237919 0.3439736 0.525443 1 155.2431 241.5596 305.7978 346.5927 405.3268 459.625 490.313 1396.956 23 
0.5043852 0.5083136 0.9113903 0.09189219 0.1451607 0.177957 0.2605533 0.2265399 0.4994339 1 123.9472 186.4643 271.8551 323.455 387.4159 339.5939 417.1515 1348.833 24 
0.480294 0.5376001 0.8938232 0.1016873 0.1656791 0.2089315 0.2186515 0.34046 0.4707861 1 130.2149 192.7563 283.165 336.5229 327.635 359.3278 356.7782 1280.543 25 
0.5070517 0.4767025 0.8933393 0.1129422 0.1639008 0.1877276 0.2561312 0.3138686 0.4748086 0.9999997 159.437 240.2799 327.0761 362.3935 401.5767 402.1786 410.0199 1411.669 26 
0.5181806 0.4589396 0.8913181 0.1044454 0.1662538 0.2025798 0.2664102 0.2523077 0.545004 1 148.1745 224.9556 327.7938 384.4448 424.2458 376.1798 447.4359 1418.679 27 
0.4867887 0.5543951 0.9128666 0.1086353 0.1355277 0.2153505 0.2105652 0.3509422 0.4566935 0.9999998 137.0949 203.8312 251.675 331.9251 322.2416 368.2536 357.8105 1261.974 28 
0.5226569 0.5177112 0.9070722 0.1246467 0.1416799 0.2152413 0.2448934 0.3441046 0.5032431 0.9999998 164.1943 250.0116 294.039 366.7089 381.8685 401.3973 403.3759 1317.278 29 
0.4777269 0.5366328 0.8819857 0.0959982 0.1373439 0.1813923 0.2228487 0.3120617 0.5023708 1 126.7222 187.2609 253.3555 307.7654 334.8222 364.3243 400.3827 1320.048 30 
0.9999997 0.09760078 0.8676518 1 0.9999976 0.05004621 0.8505233 0.9675065 0.9909702 0.9807848 1671.524 3343.048 3343.047 3343.046 3343.045 3343.044 3343.044 1671.524 31 
0.4696605 0.5486898 0.8899711 0.1038655 0.146908 0.182594 0.2467115 0.3312694 0.496056 0.9999992 133.05 195.5384 260.4774 301.1491 338.9255 358.9329 368.606 1280.984 32 
0.469668 0.5181999 0.9221168 0.1196913 0.1278584 0.1815544 0.2264122 0.3613187 0.4846821 0.9999999 162.1075 238.2442 264.3378 312.9369 339.6634 397.4062 390.4486 1354.381 33 
0.4892038 0.5155598 0.9057892 0.1037827 0.1584901 0.1763464 0.270696 0.3165637 0.4471763 0.9999999 137.7202 205.0934 288.8223 317.7795 378.596 375.5196 367.4336 1327.005 34 
0.5189816 0.4496588 0.9221041 0.1164385 0.1431399 0.1664941 0.2605834 0.3300317 0.4625912 1 173.474 263.5038 325.1772 356.5556 430.0311 452.6018 450.3358 1489.834 35 
0.488132 0.4612688 0.8739277 0.09673506 0.1398946 0.1995623 0.2262774 0.3188263 0.5220708 1 140.9215 209.7098 286.4473 365.6838 383.4902 410.668 449.7246 1456.778 36 
0.4942236 0.5740521 0.8827602 0.1032365 0.1313334 0.2219798 0.2496965 0.2814421 0.4847132 1 128.9157 192.629 242.2723 335.6687 354.8715 335.202 363.4428 1248.742 37 
0.5208679 0.4364486 0.8738954 0.1017913 0.1585193 0.1527253 0.2540419 0.3388789 0.6249032 1 148.9359 226.5118 326.3109 338.8615 414.5364 452.7796 524.6019 1463.149 38 
0.5128076 0.4749124 0.8859896 0.1100192 0.14143 0.2101348 0.2961369 0.2837984 0.4982492 1 157.9313 238.9197 303.2047 385.9767 454.4992 406.1347 425.8791 1435.488 39 
0.521921 0.4727127 0.8950203 0.1024919 0.1424239 0.1946319 0.2549844 0.3280051 0.5732466 0.9999998 141.7424 215.7207 289.3684 358.2014 405.5423 421.1501 465.8373 1382.962 40 
0.5119321 0.5014996 0.9028144 0.09527814 0.1335234 0.1790122 0.2166468 0.3426299 0.5339295 1 129.6178 195.9732 264.6652 326.3993 356.7789 417.6438 454.5359 1360.414 41 
0.4859421 0.5158452 0.8886405 0.08868613 0.1403453 0.2018178 0.2430254 0.3582019 0.5343025 1 120.1966 178.6051 260.1331 340.6927 371.5166 410.33 419.3837 1355.303 42 
0.4739748 0.549078 0.9168244 0.09705444 0.1303545 0.1531679 0.2630556 0.3291452 0.5132689 0.9999997 123.8505 182.5525 236.7252 265.6825 349.1457 371.3148 391.3174 1276.093 43 
0.9999998 0.1060951 0.8288972 1 0.9999864 0.06891796 0.962902 0.9626453 0.9877595 0.9848143 1617.88 3235.76 3235.759 3235.759 3235.758 3235.757 3235.756 1617.88 44 
0.6262571 0.3263035 0.9186613 0.1338125 0.1222631 0.3571591 3.980852e-08 0.3799261 0.5344266 1 229.8614 373.8137 416.0219 726.9891 455.2822 604.0925 656.5323 1717.787 45 
0.4537766 0.5536498 0.8840936 0.1225825 0.1258641 0.2104463 0.2230377 0.3715954 0.4899902 1 157.1459 228.4551 245.2413 318.2041 317.5425 368.2294 352.8179 1281.96 46 
0.4908843 0.5716744 0.8888107 0.09789579 0.1517606 0.2033252 0.2560917 0.3472179 0.4484172 0.9999999 120.7042 179.956 257.1383 318.0588 348.621 365.282 342.987 1232.987 47 
0.504711 0.4805497 0.9035832 0.1125018 0.1268868 0.204081 0.2265563 0.3543223 0.4383072 0.9999999 158.1617 237.9877 278.4314 362.8495 379.5719 429.1904 406.4065 1405.86 48 
0.4966391 0.4753035 0.9135943 0.09967838 0.1321912 0.19907 0.2284297 0.3554867 0.5517896 0.9999999 138.8633 207.8283 269.0165 350.2818 373.1022 424.4094 449.9907 1393.114 49 
0.4784329 0.5140113 0.9021726 0.09910218 0.1466054 0.2052863 0.2435586 0.2877973 0.5112547 1 134.2439 198.4706 273.8658 344.821 366.5553 355.5533 398.0711 1354.601 50 
0.5093661 0.5219663 0.8914798 0.1083764 0.1399353 0.1956065 0.2545301 0.320727 0.5085652 0.9999999 145.6099 219.7787 279.5829 343.9459 386.1429 394.8422 414.5507 1343.557 51 
0.5054716 0.4927552 0.8813024 0.08738432 0.1261411 0.2090631 0.2381172 0.3393682 0.4401194 0.9999998 123.8001 186.3775 257.3002 366.2656 397.9259 432.1965 416.4227 1416.731 52 
0.5322534 0.4428387 0.901178 0.1165882 0.1685035 0.251851 0.2951166 0.2227892 0.55425 1 169.3701 259.5178 354.3783 457.3697 479.0432 380.3457 444.8532 1452.721 53 
0.4907593 0.5425338 0.9052572 0.1069395 0.143954 0.1566254 0.222813 0.307131 0.5316922 1 138.2474 206.0936 267.3395 285.9952 326.0745 358.9845 414.8212 1292.763 54 
0.5166993 0.4756116 0.9010502 0.1089467 0.1434811 0.2098052 0.2275515 0.3527159 0.5081091 1 151.3912 229.6149 296.2999 375.6048 384.7706 427.137 433.6049 1389.59 55 
0.4629633 0.5261625 0.9030072 0.09066946 0.1652757 0.1695077 0.2276875 0.3229134 0.4615453 1 123.5418 180.7372 288.4529 308.8534 338.5535 370.9443 379.0364 1362.552 56 
0.9999998 0.1077861 0.8528684 1 0.9999445 0.08017346 0.8322204 0.9663266 0.9775006 0.9500675 1549.297 3098.594 3098.593 3098.593 3098.592 3098.592 3098.592 1549.297 57 
0.49323 0.489741 0.927175 0.1057229 0.1213072 0.2146061 0.229047 0.3087024 0.4621727 0.9999999 147.0245 219.5414 259.1464 362.3345 375.2956 389.368 403.4527 1390.66 58 
0.461648 0.5479141 0.9255023 0.09469391 0.1366062 0.1719297 0.304164 0.3319378 0.5339348 0.9999999 124.1124 181.4087 245.838 289.6269 391.7372 376.7871 384.5035 1310.67 59 
0.5066336 0.5050095 0.9189786 0.1043789 0.1688961 0.2146626 0.241417 0.3754342 0.5593181 1 138.618 208.8465 306.6951 367.5808 373.6464 410.3972 413.644 1328.026 60 
0.4826557 0.5157047 0.88333 0.1173409 0.131047 0.2026599 0.2132721 0.3404978 0.4625821 0.9999999 159.0155 235.7653 270.5444 341.223 341.4423 386.8037 385.6012 1355.159 61 
0.5243065 0.5087828 0.9079217 0.1099719 0.1082081 0.2071041 0.2201444 0.2951058 0.5637139 0.9999994 147.4207 224.7143 246.9234 349.8235 369.1387 387.6984 464.7038 1340.531 62 
0.4686773 0.5216121 0.9150066 0.08466399 0.1376011 0.1806111 0.2654409 0.3081889 0.5227153 1 113.1164 166.1315 246.1408 305.8453 372.7322 370.3274 403.1182 1336.063 63 
0.477421 0.5228469 0.8945894 0.08826888 0.1216067 0.2080685 0.2504354 0.297753 0.5157175 1 118.5866 175.2024 232.5994 334.9149 373.2821 368.3805 407.1762 1343.471 64 
0.5344329 0.4376231 0.9163606 0.09969448 0.158773 0.1802542 0.2148582 0.3557824 0.5035851 1 146.2522 224.4142 329.634 376.4391 396.87 466.5174 481.3111 1467.004 65 
0.4793559 0.494258 0.8954839 0.1081694 0.1484874 0.2114435 0.2421582 0.3385085 0.5539577 1 151.7481 224.4894 293.3868 365.8979 378.8296 397.1071 423.65 1402.874 66 
0.468234 0.5419404 0.911724 0.09546335 0.1310125 0.2031916 0.2309702 0.3634317 0.5273969 0.9999998 125.4813 184.2359 242.0346 323.2652 341.5118 389.9997 395.1614 1314.445 67 
0.5220519 0.4501748 0.8995076 0.1175178 0.1843071 0.1515412 0.2437775 0.3901946 0.5220228 1 168.8309 256.9694 367.8178 348.7353 395.9553 465.6154 454.2988 1436.641 68 
0.5215073 0.4789911 0.9151693 0.1053119 0.1328099 0.1771756 0.2472985 0.3186465 0.5800369 0.9999999 146.1484 222.3658 280.8647 337.2414 394.9683 418.4704 481.784 1387.767 69 
0.4521371 0.5465925 0.9144995 0.1034181 0.1446985 0.1874577 0.272233 0.329347 0.4821189 0.9999999 135.3898 196.6046 258.7336 305.1754 360.0488 358.3112 353.9562 1309.15 70 
0.6104387 0.3645905 0.886873 0.1207155 0.1506635 0.2182743 0.2590413 0.3990977 1 1 186.5177 300.3753 388.0498 488.7462 532.0126 591.5047 762.7005 1545.102 71 
0.4986469 0.5453315 0.9199119 0.08958479 0.13232 0.1990077 0.2176465 0.345293 0.4177738 1 115.5331 173.1433 241.6967 323.2621 338.797 389.38 368.7818 1289.651 72 
0.9999999 0.1074176 0.8306735 1 0.9999391 0.1377176 0.7215191 0.9690531 0.9897664 0.969132 1596.722 3193.444 3193.444 3193.443 3193.443 3193.443 3193.442 1596.722 73 
0.5246519 0.5322682 0.9014423 0.1015138 0.1417495 0.1928906 0.2120572 0.3366125 0.4233356 1 135.2778 206.2516 277.9308 344.0325 356.3757 406.9537 397.0386 1332.605 74 
0.4997848 0.5070413 0.9078743 0.1086159 0.1692172 0.1708287 0.2472119 0.3222267 0.5012264 0.9999999 145.9536 218.899 312.0917 325.973 366.8962 383.5176 402.6892 1343.759 75 
0.5353322 0.4501016 0.8751406 0.1503612 0.1700202 0.1692553 0.2525819 0.3669871 0.5419556 0.9999999 217.7388 334.3013 388.1494 380.6289 418.0381 456.4826 461.895 1448.105 76 
0.562367 0.389307 0.8996473 0.1023413 0.150858 0.1852833 0.308031 0.3517579 0.4617005 1 161.8356 252.8466 356.335 423.7231 540.7811 543.1471 508.8267 1581.332 77 
0.5192254 0.48272 0.8947164 0.1137981 0.1289421 0.1697782 0.2354741 0.3567632 0.4578385 0.9999997 159.5234 242.352 286.0184 332.2259 384.047 444.4462 433.0411 1401.811 78 
0.5185346 0.4587241 0.9051635 0.09854318 0.1597916 0.1946084 0.1914819 0.3109717 0.435441 1 143.8865 218.4967 323.6238 383.0323 369.1689 415.3728 431.4524 1460.137 79 
0.5135819 0.4138829 0.9178889 0.1098522 0.1731666 0.182001 0.2415031 0.3339623 0.4957772 0.9999998 171.5542 259.6614 374.081 401.3139 433.1715 460.6333 472.0587 1561.682 80 
0.5452504 0.460562 0.9038763 0.1139614 0.1542398 0.1886907 0.2272807 0.3407443 0.4952197 1 162.854 251.6501 332.5067 383.3644 406.4944 450.3997 464.7605 1429.028 81 
0.4940648 0.5178303 0.9242195 0.08706929 0.1569017 0.1754937 0.2662005 0.2943528 0.5090438 0.9999999 115.8734 173.1223 276.1605 316.2025 381.0458 370.682 405.7531 1330.818 82 
0.5322219 0.4265991 0.8935065 0.102472 0.1759374 0.2011661 0.2268628 0.3653189 0.5114552 1 152.3744 233.4713 359.0665 412.3461 418.7722 471.0216 471.1792 1486.985 83 
0.480148 0.4797794 0.9102245 0.09635244 0.1500159 0.1783828 0.2330694 0.2964774 0.501665 1 139.6543 206.709 295.7352 340.5853 376.7161 388.858 434.2912 1449.411 84 
1 0.09995258 0.88555 1 0.9999754 0.02601783 0.4331919 0.9625879 0.987359 0.9815621 1662.427 3324.854 3324.854 3324.854 3324.854 3324.854 3324.854 1662.427 85 
0.4814029 0.5182172 0.8819462 0.1093591 0.1517188 0.1518774 0.2663802 0.2941845 0.5890806 0.9999995 148.5924 220.1252 289.5736 295.3127 374.0879 367.9899 442.7218 1358.756 86 
0.9999998 0.1168493 0.8740555 1 0.9992887 0.02478484 0.7602911 0.9721307 0.9716 0.933002 1463.068 2926.136 2926.135 2926.135 2926.134 2926.133 2926.133 1463.068 87 
0.5452977 0.4873039 0.8802412 0.1081313 0.147964 0.2071306 0.2598761 0.3074876 0.5124646 0.9999999 147.7613 228.3353 304.84 381.3147 421.8918 417.4275 443.8771 1366.499 88 
0.5704763 0.4725439 0.8655455 0.09878669 0.1660121 0.1870306 0.2200868 0.3501287 0.5421113 1 137.5607 216.0358 331.5788 384.9052 406.842 464.4377 498.7372 1392.502 89 
0.9999998 0.1058687 0.8201924 1 0.9999936 0.02667438 0.6391932 0.9749522 0.9859613 0.9693426 1566.895 3133.79 3133.789 3133.789 3133.788 3133.788 3133.787 1566.895 90 
0.5277636 0.5045945 0.8991311 0.1176492 0.1474223 0.1915557 0.2383038 0.3343754 0.4874125 0.9999999 156.5699 239.2018 299.3527 349.7614 377.4662 405.3522 413.9405 1330.82 91 
0.5225667 0.4508861 0.9164665 0.1135748 0.1374877 0.1638651 0.2649876 0.343819 0.4741253 0.9999995 166.3462 253.2732 310.8516 345.9359 428.8824 460.733 454.8684 1464.64 92 
0.4989808 0.4962289 0.9065793 0.1191301 0.1289462 0.1905482 0.1942983 0.3064512 0.5161886 0.9999995 167.2696 250.7339 284.5949 347.2923 342.7308 386.3334 444.3106 1404.092 93 
0.5148746 0.5069892 0.9115571 0.1004505 0.1630863 0.174482 0.2979343 0.3170032 0.4681658 0.9999999 138.0769 209.1692 309.352 339.8391 429.4944 411.2623 403.5258 1374.576 94 
0.5110864 0.456926 0.929902 0.1201491 0.1396217 0.1927103 0.2482819 0.3048661 0.5062405 1 175.0912 264.578 314.244 373.198 411.8508 414.588 447.4778 1457.283 95 
0.5278236 0.4873092 0.9031608 0.1161474 0.1329107 0.1961203 0.290914 0.2967283 0.4705869 1 160.0741 244.565 290.9887 360.7372 437.4135 409.5276 415.4128 1378.197 96 
0.4421979 0.5399728 0.8809638 0.08736115 0.1395522 0.2441133 0.2209105 0.2790072 0.5544444 1 114.8263 165.6022 240.6301 358.3697 330.8236 315.8817 382.6672 1314.386 97 
0.5101445 0.4533491 0.8739692 0.1244468 0.1641455 0.1922021 0.239885 0.2327215 0.502005 1 183.0926 276.4963 352.4987 386.772 405.9538 360.9527 438.7879 1471.252 98 
0.4880822 0.4840293 0.8849673 0.08377535 0.1582404 0.1706398 0.2511089 0.3773764 0.4544029 0.9999997 117.7673 175.2474 289.3462 326.2278 385.0155 442.0369 406.2643 1405.751 99 
0.4813986 0.5538335 0.8822061 0.1172736 0.1340157 0.1708531 0.2369864 0.362938 0.4992858 0.9999998 153.4835 227.3702 264.2814 298.1554 340.1175 393.4493 390.7283 1308.764 100 
