NaN 0.07207557 0.02885349 0.02698319 0.03475391 0.04267735 0.05706838 0.06339972 0.1000936 8.441403e-06 38.98045 56.45658 56.94904 43.78965 48.94491 45.36982 0 1 
0.0001346801 0.03725118 0.02875772 0.02750528 0.04155426 0.05903804 0.0872073 0.1455723 9.834832e-06 3.136039e-07 43.38191 58.83055 67.68503 74.18356 65.92911 0.575682 0.7835992 2 
NaN 0.128133 0.02545425 0.02862555 0.02563123 0.0275355 0.0351757 0.04750097 0.07021508 1.580683e-05 36.49383 47.71853 43.46981 43.02645 40.05424 31.79551 0 3 
0.0002950337 0.03454961 0.03284623 0.03321861 0.05064689 0.06969971 0.09281986 0.17839 NaN NaN 58.44295 76.85479 73.71314 92.04118 92.60621 1.555014 2.149163 4 
0.0002118006 0.03478368 0.02995865 0.03095538 0.04893842 0.06978252 0.09634065 0.1522242 1.853709e-06 2.028063e-12 53.75795 75.49053 78.81636 81.47261 81.06471 1.106153 1.5074 5 
0.0001429915 0.04623208 0.02031515 0.02376232 0.03454871 0.04581003 0.05934329 0.07723189 2.770602e-10 3.214956e-09 34.48967 48.61096 50.36252 46.63596 49.23803 0.5005602 0.6950487 6 
0.0002847199 0.0440479 0.02152651 0.02369666 0.0338425 0.05037019 0.07201817 0.1121669 NaN NaN 33.25181 46.03445 58.31915 57.19924 56.96986 0.9869669 1.394726 7 
6.02286e-14 0.04234857 0.02348806 0.02361749 0.03740548 0.04974225 0.06310272 0.0932769 3.827155e-15 6.296954e-18 33.97658 51.03158 49.49176 53.82025 52.5191 9.400607e-06 9.595666e-06 8 
0.0001614991 0.04113405 0.02437123 0.02458631 0.03464527 0.05122829 0.0738073 0.09447572 4.233953e-08 2.269733e-10 38.30591 49.39138 63.52608 58.14713 59.39655 0.6149388 0.8546569 9 
8.915e-05 0.0361479 0.0266212 0.02249983 0.03559267 0.05021236 0.06867759 0.08654353 1.027465e-07 1.275812e-16 38.97911 56.10351 63.38709 60.17371 64.51745 0.3603686 0.5014686 10 
0.0002094974 0.04634208 0.02428602 0.02471314 0.03827145 0.05450027 0.07619856 0.1031899 7.265694e-10 5.376324e-14 35.06571 53.08643 61.18192 56.48808 52.05993 0.7438704 1.026482 11 
0.000391113 0.04360738 0.02422803 0.02379826 0.03801808 0.05257389 0.07153718 0.09682647 1.861864e-09 0 34.26547 52.80438 57.34007 54.11712 52.47403 1.390763 1.926854 12 
1.580486e-06 0.1118482 0.02863324 0.03215944 0.0326388 0.03459696 0.04286741 0.05718149 0.0850416 1.137431e-05 43.57695 60.29778 53.7224 50.34012 46.02229 40.43132 0.006529427 13 
0.0003374819 0.04406254 0.02469291 0.02161524 0.0368769 0.05455375 0.08226915 0.131932 NaN NaN 33.24369 55.94584 69.23264 73.35892 63.93209 1.205241 1.706143 14 
0.0003520089 0.03498571 0.02890335 0.03260387 0.04586313 0.06278141 0.08990859 0.1436374 NaN NaN 53.54959 62.90646 72.02675 73.98747 79.54127 1.741728 2.402298 15 
1.580087e-06 0.148421 0.02322877 0.02664792 0.02913656 0.02801305 0.03386842 0.04540752 0.06938262 2.963985e-05 33.81854 53.13835 52.54957 43.05704 39.51197 28.27933 0.005483527 16 
0.001341461 0.09183325 0.02717608 0.02863169 0.02810048 0.03512348 0.04402574 0.05734141 0.08645805 9.990475e-06 40.00026 49.37486 52.12739 46.22874 45.95817 41.70168 5.634425 17 
0.0002378691 0.04151482 0.0251443 0.02333078 0.03565253 0.04880817 0.07278183 0.1231418 2.276563e-07 3.072543e-08 34.37986 49.77565 55.07479 65.03386 55.16845 0.8469553 1.180041 18 
0.0002431886 0.04191252 0.02777415 0.02531977 0.0439568 0.06152684 0.0844347 0.1227069 1.139464e-07 4.44195e-08 40.62472 67.57967 71.69514 71.35655 68.05084 0.9880228 1.366567 19 
NaN 0.1334518 0.02871736 0.02691487 0.03066407 0.02922778 0.05177173 0.0576351 0.09705555 6.985031e-05 33.76556 53.1545 44.35105 61.70726 50.76444 32.75002 0 20 
0.07162015 0.1521836 0.05959281 0.00870646 0.01106336 0.01423707 0.01674695 0.02143914 0.02818763 0 10.28486 14.41807 17.15835 18.55564 23.80559 23.67134 26.9659 21 
0.0001615642 0.03679283 0.02883579 0.02703537 0.04317159 0.06357853 0.09479702 0.1067928 1.413715e-07 2.415594e-09 47.31902 68.40701 78.51018 68.61056 68.7096 0.7606777 1.028405 22 
1.680957e-16 0.1188257 0.02581111 0.02436168 0.02660534 0.0332551 0.04040445 0.05314211 0.07684201 2.649859e-15 31.98873 47.51985 55.75482 52.7296 43.24755 37.33744 1.556045e-07 23 
0 0.07008615 0.03085368 0.02572973 0.03626559 0.04394085 0.05857572 0.08610406 0.1545579 2.016015e-22 37.87685 60.24515 63.39585 64.42778 63.86913 49.56628 2.355856e-14 24 
0.0002108819 0.04999358 0.02478918 0.02731445 0.03962195 0.05526457 0.07595189 0.1004379 1.29846e-11 1.218207e-08 39.8317 57.2303 64.65498 58.17117 58.22319 0.7855364 1.086234 25 
0.0004711798 0.036689 0.02879552 0.02978623 0.04396978 0.05902715 0.07549369 0.1250821 NaN 2.93163e-07 48.16944 61.20934 59.59561 69.74803 63.47739 2.097845 2.875307 26 
0.1588851 0.1601705 0.06098208 0.01352223 0.01236925 0.01537018 0.01992762 0.02504612 0.034791 0 21.52412 34.13188 46.75076 59.62241 67.24066 81.27053 100.1077 27 
NaN 0.07802227 0.02654541 0.02707663 0.02649114 0.04053356 0.05004618 0.06336082 0.08751571 2.947792e-05 39.49023 44.949 59.15779 49.49072 41.8443 37.19411 0 28 
1.556735e-05 0.112982 0.02270075 0.02161094 0.02725129 0.02689795 0.03272398 0.04812015 0.07232328 6.345436e-06 28.04789 45.71556 40.34293 38.18811 41.03339 30.67213 0.05318734 29 
1.97076e-06 0.06035226 0.02995799 0.02578359 0.03355039 0.04482868 0.05875277 0.07227903 0.1058992 8.472722e-06 39.98361 55.91517 63.08847 55.26476 53.55636 53.53329 0.009749065 30 
0.0005429636 0.02980158 0.03572356 0.02776555 0.04964447 0.07643317 0.1145904 0.1828031 NaN NaN 57.89336 91.84283 105.3686 109.5727 108.9146 3.131673 4.342286 31 
NaN 0.1248467 0.02287107 0.02263898 0.02085447 0.02719458 0.03258949 0.04280681 0.06049709 5.317474e-05 28.49615 36.66252 41.6746 34.82042 16.68217 0 0 32 
0.0001291288 0.04272277 0.02378959 0.02777382 0.04030949 0.05380364 0.06856578 0.09639261 1.912294e-07 5.369415e-14 39.79751 53.60857 52.99327 53.26849 53.50787 0.4971026 0.6803174 33 
9.932879e-05 0.03919494 0.0234019 0.02754462 0.04063296 0.05677527 0.07860373 0.09951871 4.66696e-06 4.459852e-08 41.45919 55.92601 60.67074 54.43497 57.81446 0.4133472 0.5675958 34 
0.001441194 0.1383596 0.01812414 0.02003355 0.01582469 0.01943445 0.02682617 0.03484055 0.04488002 1.014099e-12 23.6651 27.04257 28.75005 32.10937 24.80446 22.90753 4.073423 35 
6.946726e-14 0.04497841 0.02034243 0.02310457 0.03231993 0.0427894 0.05904678 0.0884201 3.594614e-19 1.494394e-17 31.98596 43.2069 46.03737 49.47345 43.38738 1.643276e-05 1.643277e-05 36 
1.034732e-06 0.1323083 0.02382898 0.028716 0.0225709 0.02629154 0.04020715 0.04886516 0.07189328 1.226529e-05 37.11928 44.04565 43.60364 52.11197 43.6605 33.76216 0.003666042 37 
2.134524e-13 0.04637849 0.02141458 0.02120189 0.03209096 0.04585433 0.06418756 0.09222248 5.033802e-20 1.554767e-16 29.01052 43.38634 52.1191 51.1549 45.25649 4.172169e-05 4.172173e-05 38 
0.0001009074 0.0400438 0.02363815 0.02208638 0.03661534 0.05119755 0.06932286 0.09066331 6.111572e-07 9.713995e-10 36.35045 57.1803 62.4638 59.48323 59.39098 0.3883104 0.5387527 39 
0.1907912 0.1332618 0.05130374 0.01397825 0.0135304 0.01683471 0.0210407 0.02684437 0.04115242 0 20.76719 39.55113 60.04509 82.58715 107.2953 129.6007 167.1686 40 
3.792542e-11 0.09996249 0.02726902 0.02836737 0.02838831 0.03188091 0.04521931 0.06179353 0.07997981 2.000729e-05 39.10806 51.49673 46.39163 54.21195 39.70749 42.12711 1.053392e-05 41 
8.945834e-05 0.04275826 0.02260396 0.02733878 0.03796282 0.05315204 0.07413219 0.1033493 3.862392e-09 7.86264e-08 40.04897 51.70933 59.48541 57.07679 56.18443 0.3505995 0.4823634 42 
1.608383e-09 0.1869494 0.02465264 0.02965655 0.02147582 0.02307334 0.03610424 0.04338315 0.06114188 1.073091e-05 33.51856 42.31991 42.2353 48.32207 42.33276 27.32612 4.745378e-06 43 
0.0001430354 0.03727029 0.02535691 0.03074446 0.04170882 0.05411669 0.07186596 0.1016141 NaN NaN 47.82978 53.79189 57.04367 58.59525 58.24121 0.6429289 0.880294 44 
0.0005154454 0.08351695 0.02651796 0.02578216 0.03488602 0.03903857 0.04887692 0.06521303 0.1059253 9.368297e-06 35.46757 56.41468 54.0081 48.50248 47.8747 40.33174 2.152652 45 
5.189721e-15 0.1379993 0.02497187 0.02513368 0.02589482 0.03044932 0.0416195 0.05453624 0.0678524 1.322023e-14 32.27367 48.01589 54.51128 57.20651 37.94134 31.9601 7.08042e-07 46 
3.554197e-09 0.1274133 0.02335323 0.02479029 0.02528455 0.02584494 0.0324828 0.04763452 0.06796469 1.514179e-05 30.375 43.46042 38.50182 38.82284 40.72117 31.15595 1.164031e-05 47 
0.0001570908 0.04480596 0.02767801 0.03065311 0.04319397 0.05787047 0.086415 0.1506108 2.823021e-09 1.735619e-06 47.43548 63.85599 66.85457 78.9137 73.64562 0.6772191 0.9391768 48 
8.95116e-10 0.08678862 0.02887606 0.03727636 0.03432309 0.04350737 0.05583995 0.07791701 0.1227517 7.339333e-05 53.71686 63.80218 66.99829 62.8436 58.78793 47.07703 4.785218e-05 49 
0.0001689268 0.03955774 0.02484527 0.02797917 0.03896624 0.05289968 0.07290374 0.1070489 1.537328e-07 7.127875e-13 40.31759 50.04966 54.56004 55.63225 50.94293 0.6795934 0.9206334 50 
0.0001800092 0.03914304 0.02614499 0.02561432 0.03888953 0.05385431 0.07449507 0.111777 5.453332e-08 2.930486e-08 40.91966 57.66529 62.67377 65.18362 62.67128 0.7497511 1.035524 51 
NaN 0.08953686 0.03161474 0.0328485 0.02920584 0.04265914 0.05259295 0.07011838 0.09382049 2.065126e-05 48.79037 54.05484 67.39239 60.66954 50.07608 49.04 0 52 
0.1046565 0.04525544 0.04189653 0.03395222 0.04488754 0.05318692 0.07940251 0.1167668 NaN 0.161767 56.84732 108.5308 156.1825 247.8034 334.3543 421.1611 585.9852 53 
0.1495356 0.2030445 0.05773535 0.009260513 0.01197447 0.01369258 0.0162757 0.02023009 0.02685336 0 11.53144 21.97439 26.09917 36.55147 48.75886 55.77128 60.43221 54 
1.369705e-06 0.09524335 0.03261257 0.03319763 0.03159623 0.0415225 0.05261115 0.07076808 0.09719983 1.218014e-05 48.23773 59.51281 66.82148 62.57497 51.53999 50.29667 0.006223049 55 
0.0001312726 0.03988628 0.02550092 0.02460152 0.03774137 0.05344243 0.07425973 0.09867982 1.498939e-07 1.088039e-09 36.43021 51.90156 59.0423 55.77754 56.81911 0.4855614 0.6732984 56 
0.07580321 0.1236418 0.05561827 0.008106693 0.01118048 0.01401635 0.01624555 0.02078593 0.02721588 0 9.244504 13.96703 16.24594 18.87479 24.99079 25.74132 28.47395 57 
7.945938e-17 0.1345762 0.0277436 0.03173078 0.0247782 0.03390765 0.04386623 0.05529953 0.0796027 1.672131e-15 41.16457 50.08399 58.86149 60.02488 45.719 34.70535 1.303142e-08 58 
NaN 0.1456836 0.02953481 0.02632504 0.02607803 0.03048984 0.03643356 0.04766928 0.06916114 1.878141e-05 34.0598 49.1437 54.46347 47.98435 40.33479 33.42655 0 59 
8.781763e-10 0.08406447 0.02816358 0.02830016 0.03539489 0.04292191 0.05408885 0.0696678 0.1019785 4.810636e-05 39.07558 58.87751 63.06374 54.40559 48.04695 44.83535 1.928478e-05 60 
0.0002333036 0.04237508 0.02376271 0.02556778 0.03541778 0.04918313 0.06792626 0.09732282 9.371744e-08 2.225659e-08 38.3972 49.50122 57.47842 56.35426 58.44897 0.887865 1.238242 61 
3.206928e-10 0.06742932 0.02780094 0.02944353 0.03163039 0.03983119 0.0513375 0.06893279 0.1024458 4.946008e-05 43.78604 52.40327 54.27648 54.06204 50.24647 50.7903 2.40894e-05 62 
0.0002972154 0.03276062 0.0333597 0.02835123 0.04280629 0.06244729 0.09927536 0.1015201 7.886558e-07 0 51.61592 64.50703 81.02884 70.63755 74.56401 1.452932 1.955895 63 
3.356291e-07 0.1253686 0.02655924 0.03325523 0.02869969 0.03201792 0.04166774 0.05495916 0.07657528 3.159787e-05 43.74815 56.00205 54.6679 52.59464 40.59395 36.01711 0.001349341 64 
9.354172e-19 0.1202496 0.02348524 0.0278177 0.02301856 0.02961715 0.03550991 0.04984813 0.07304854 7.458238e-15 33.99208 41.00905 45.61721 41.29333 39.77445 30.30342 2.083224e-07 65 
7.711382e-09 0.1157609 0.02513724 0.01983198 0.02777948 0.02917306 0.04246896 0.05316141 0.07771311 2.307554e-05 24.73318 43.99323 47.10671 52.69343 42.59718 33.14713 2.438078e-05 66 
0.0001902486 0.04579946 0.02470151 0.03019055 0.04208791 0.05553337 0.0720156 0.1080244 1.260581e-06 1.461144e-07 45.24414 59.23886 57.80422 62.40339 58.86332 0.7824765 1.065465 67 
0.0001257432 0.04286168 0.02557724 0.03009093 0.04162041 0.05765117 0.08015753 0.1019023 1.085445e-07 7.224948e-09 47.28894 60.14825 66.78558 59.44456 65.25375 0.5502609 0.7538056 68 
6.555196e-13 0.07792973 0.03058182 0.02681561 0.03191031 0.03869307 0.04996809 0.06779232 0.1021587 1.571664e-05 41.81681 58.82594 60.74792 60.58805 57.45897 53.92187 2.641111e-06 69 
0.0001447412 0.04288054 0.0244059 0.02506872 0.03757845 0.05053942 0.07683064 0.1353762 9.030852e-07 5.016768e-08 37.40137 53.64855 56.82528 68.95286 56.3203 0.5513348 0.7626861 70 
7.274786e-14 0.03828562 0.0255 0.02401337 0.03598819 0.04892182 0.06641445 0.09925105 1.781345e-15 3.411565e-18 36.74664 50.34464 54.18072 58.33974 56.57389 1.836112e-05 1.840728e-05 71 
0.0001294427 0.03843498 0.02408077 0.0238334 0.03456265 0.04817885 0.06860683 0.1061117 NaN 1.274002e-07 36.47433 48.05944 56.83068 61.31445 62.1399 0.4723999 0.6738163 72 
4.141355e-05 0.07693486 0.02684288 0.02170008 0.03285656 0.03674798 0.049793 0.06921557 0.09442465 1.00505e-05 31.44889 54.16032 51.87773 56.8862 47.25216 43.315 0.1700211 73 
0.0001282374 0.04401335 0.02208397 0.02263789 0.03599642 0.04738222 0.05879274 0.08123941 5.293593e-10 2.721328e-11 32.09098 49.1782 47.41082 47.57606 48.38033 0.4290577 0.5974299 74 
0.0002245021 0.03968121 0.02551434 0.02519159 0.03675793 0.0514024 0.07194481 0.08366987 NaN NaN 39.85323 52.351 60.03629 53.79134 56.0759 0.8739814 1.207325 75 
0.0003713422 0.04081432 0.02553259 0.02550984 0.04030524 0.05464065 0.06986257 0.1031749 6.349504e-09 2.802548e-08 40.26035 60.01847 60.43655 58.97614 68.33242 1.473672 2.072253 76 
0.0001705907 0.04146973 0.02461446 0.02819956 0.03774604 0.05044458 0.06879723 0.0967547 2.24073e-06 2.895765e-10 42.44514 49.93181 55.36433 55.26314 50.38309 0.701596 0.9419966 77 
0.0004031382 0.0356496 0.03189212 0.02943207 0.0438889 0.06361548 0.09413713 0.1359942 NaN NaN 56.04386 72.16382 86.96028 85.74773 78.12668 2.100481 2.865968 78 
4.776768e-08 0.1118414 0.02747774 0.03339207 0.03173717 0.03561104 0.04719859 0.06560138 0.08497506 1.634977e-05 44.93561 59.33858 57.65466 57.08158 41.46531 41.79418 0.0001997186 79 
0.0002098586 0.0406479 0.02659528 0.02533258 0.0421022 0.05813323 0.08039838 0.1270291 4.495329e-07 3.264826e-08 40.57983 64.17965 66.38462 70.38083 62.38662 0.8782428 1.205501 80 
0.0001332717 0.04383812 0.02170012 0.0256828 0.03696133 0.05066155 0.06909015 0.09788581 1.628726e-06 1.194862e-07 39.34907 54.05281 59.47132 58.51087 57.41073 0.5227813 0.723733 81 
0.114946 0 0.05266075 0.008205354 0.01063936 0.01277619 0.01579789 0.01955556 0.0254475 3.055361e-17 8.697675 14.14536 19.08662 26.05326 32.08342 37.74259 40.77514 82 
6.409127e-06 0.06393093 0.0282144 0.02430692 0.03508548 0.04178183 0.05210076 0.07500437 0.09299907 1.279248e-05 34.75599 54.18828 47.32826 53.2203 44.60239 47.15464 0.02815123 83 
0.0002761488 0.03768357 0.02817446 0.02584767 0.03830454 0.05482235 0.08051308 0.1268139 NaN 8.551145e-08 43.10032 57.10571 69.10637 74.24353 67.31788 1.15589 1.604844 84 
4.82644e-06 0.08504682 0.0259107 0.02613945 0.02714775 0.03301192 0.04178747 0.05523777 0.08166272 7.064473e-06 35.15932 44.333 44.99916 43.76463 40.74512 39.7963 0.01928654 85 
3.880945e-05 0.03908473 0.02353429 0.02490417 0.03849827 0.05283482 0.06959743 0.0933613 6.516048e-06 8.880962e-10 36.26688 51.75984 53.93092 51.94673 53.3544 0.1468952 0.1998424 86 
6.448641e-17 0.1529346 0.02365786 0.02609457 0.02176085 0.03840072 0.03636537 0.04743397 0.06676612 1.462318e-14 32.90941 43.44034 62.87532 55.37144 40.81148 32.32426 2.611268e-07 87 
0.0001970225 0.04333231 0.02400398 0.02652323 0.04427519 0.06222052 0.08733606 0.1040413 NaN 1.11381e-08 40.1111 64.15882 68.11908 58.45533 59.99346 0.7808643 1.078107 88 
9.701036e-05 0.0368542 0.02754014 0.02532058 0.03855433 0.05722606 0.08432717 0.120781 5.166179e-06 1.360085e-12 41.76317 57.4627 71.88485 71.30606 70.61695 0.4057554 0.5619067 89 
0.0001393762 0.04323124 0.02315946 0.0220474 0.03243114 0.04370492 0.05871149 0.08357991 5.065906e-10 1.7487e-14 31.09928 43.09077 47.57389 49.90217 49.3027 0.4405264 0.618949 90 
0.0001891206 0.03974162 0.02359032 0.02201959 0.03574586 0.05083779 0.07038722 0.09406456 NaN NaN 34.38698 52.91258 60.58843 57.23528 59.30981 0.6849593 0.969356 91 
1.48225e-12 0.1446103 0.02181264 0.02202926 0.02464552 0.02763948 0.03856162 0.04639373 0.06294554 4.221807e-05 25.88541 41.34909 47.14507 50.02693 33.08422 27.90991 7.22258e-06 92 
5.058362e-07 0.1698291 0.02647865 0.03673593 0.02288496 0.03681898 0.03693165 0.04692306 0.06837102 2.166574e-05 44.84339 50.39592 62.75606 47.8827 40.93282 30.88556 0.001804949 93 
1.239402e-06 0.1255125 0.02022919 0.01963542 0.02271228 0.02398269 0.0302345 0.04277561 0.06725932 1.522848e-05 23.72281 37.27895 38.7455 37.14707 35.31211 23.63786 0.003857966 94 
0 0.07081637 0.03075927 0.03361133 0.04458653 0.05181224 0.07439765 0.1115353 0.1350968 5.867406e-20 52.81316 80.05582 77.10476 83.16691 62.79336 56.80369 5.727079e-12 95 
NaN 0.1156309 0.02917933 0.02654379 0.02724274 0.03443963 0.04299463 0.05306 0.07944424 1.672477e-05 36.56563 50.81756 58.01307 44.05273 47.24445 40.6648 0 96 
0.0009189659 0.04142018 0.02768719 0.02604339 0.03607526 0.04979929 0.07014758 0.1039064 3.666316e-10 3.253145e-09 42.32971 52.51128 61.9439 64.46443 57.98506 3.75392 5.112308 97 
0.0001105749 0.04144145 0.02054085 0.02307048 0.03184293 0.04298433 0.05981743 0.08895236 2.208771e-08 8.507008e-08 33.86185 43.42874 48.85984 52.31167 47.69115 0.3969709 0.5499658 98 
0.001365178 0.1360594 0.02209052 0.02646192 0.02314578 0.02914809 0.03549191 0.04163484 0.06089838 8.365453e-06 32.97039 42.78593 47.68874 35.42959 29.50852 31.73257 4.599137 99 
7.080305e-19 0.1363299 0.02961929 0.03205742 0.03218167 0.03313645 0.05152096 0.06705123 0.1058514 5.075864e-06 41.90047 61.43445 62.08137 70.06401 61.96267 38.67265 2.826307e-07 100 
