0.487838 0.2292139 0.5580731 0.07787123 0.1487897 0.1631375 0.2097213 0.3293473 0.5169976 1 126.5244 188.2479 314.761 361.608 400.2382 473.0399 523.2133 1624.79 1 
0.9999984 0.07106355 0.3788028 0.212386 0.2406212 0.3123449 0.1497552 0.4625357 0.9999988 1 394.1307 788.2607 1139.951 1486.622 1600.918 1901.071 2249.846 1855.728 2 
0.3164928 0.3311064 0.5758366 0.0743716 0.08933255 0.1465462 0.1490715 0.316812 0.5094574 1 102.6892 135.1896 156.9596 220.241 217.7821 336.713 400.7622 1380.758 3 
0.5966878 0.1541307 0.5192055 0.09945993 0.1283309 0.1468258 0.2686165 0.3326458 0.5810878 1 214.1144 341.8738 452.7814 518.285 696.5322 766.3781 866.2038 2152.77 4 
1 0.08438599 0.4542906 0.1989953 0.08507809 0.2653138 0.1021839 0.4225877 0.3453509 1 367.4569 734.9139 860.7532 1219.793 1321.386 1698.601 1876.601 1846.56 5 
1 0.1486903 0.3094857 0.1779913 0.1815481 0.2489263 0.3918312 0.6859221 2.185835e-09 0.9999997 195.119 390.238 553.8327 737.4194 954.4655 1185.54 1185.54 1096.228 6 
1 0.114123 0.383069 0.1596461 0.1751309 0.2246726 0.1901803 0.5837465 1.506479e-06 1 227.9009 455.8019 665.8955 888.2189 1034.129 1396.817 1396.817 1427.538 7 
0.3969169 0.2381193 0.6717843 0.07099998 0.1348397 0.1479701 0.2147418 0.2768315 0.4831488 1 125.9895 175.9968 292.1408 326.9944 390.7411 419.2542 499.817 1774.5 8 
0.946919 0.09668704 0.3724305 0.1800315 0.1604636 0.3485772 0.3914896 0.5628396 0.999976 0.99997 300.0082 584.0917 772.347 1131.221 1363.728 1547.279 1663.933 1666.42 9 
0.9999942 0.1290306 0.3044431 0.2034244 0.1127715 0.228633 0.3848064 0.3455412 1 1 248.1009 496.2004 605.7574 802.8266 1058.675 1200.008 1467.697 1219.622 10 
0.9999991 0.07854645 0.4159467 0.2039062 0.2945337 0.3192101 0.00016228 0.6803279 0.9999998 1 356.5839 713.1675 1123.211 1436.718 1436.825 1891.637 2105.342 1748.764 11 
1 0.1305113 0.3383352 0.1665855 0.1046153 0.3834059 0.0608051 0.6661901 2.247614e-12 1 214.6231 429.2462 541.5762 910.1877 946.233 1317.139 1317.139 1288.366 12 
0.9999965 0.08712412 0.378826 0.3041039 0.1837342 0.1582649 0.524166 0.4281612 0.9999881 0.9999888 447.7972 895.5928 1083.865 1216.241 1585.282 1728.717 1920.284 1472.514 13 
0.3004721 0.3283927 0.5907369 0.06001011 0.1125194 0.1487556 0.2145106 0.3106377 0.4917341 1 85.26603 110.8861 183.5985 231.4884 285.9954 332.1305 368.4579 1420.861 14 
1 0.1189428 0.3568859 0.1931118 0.1009883 0.3236095 0.3968896 0.4376638 0.468473 0.9999998 277.5413 555.0827 672.1951 1009.575 1289.45 1475.587 1587.627 1437.205 15 
0.4797301 0.2212073 0.527111 0.06897221 0.1261849 0.1396432 0.2026231 0.4098719 0.4915947 1 117.5414 173.9296 283.6497 329.6812 399.8524 581.6639 554.969 1704.185 16 
0.9999978 0.2203864 0.2086266 0.1357462 0.1735699 0.1812584 0.4721601 0.295655 1 1 118.0433 236.0864 366.5315 479.1102 719.212 798.5693 987.6258 869.5884 17 
0.9999996 0.2175516 0.2257296 0.1537648 0.1274567 0.3224995 0.1910884 0.373726 0.1587237 1 142.5714 285.1428 385.1494 605.9409 694.5741 834.7963 872.0927 927.2045 18 
1 0.149799 0.3201205 0.1531398 0.1777851 0.08972555 0.1758659 0.437671 0.2759423 1 200.3451 400.6902 597.6593 679.3935 825.2218 1124.315 1230.354 1308.25 19 
0.9931247 0.07839118 0.4218593 0.2193048 0.1515012 0.1812467 0.3343731 0.0009110504 0.9999764 0.9999712 421.0648 839.2347 1060.555 1283.78 1623.145 1612.617 2294.016 1919.998 20 
0.9999999 0.1283228 0.3546276 0.1702059 0.2426992 2.228804e-07 0.6401712 1.209398e-07 0.9999999 1 202.7021 405.4041 645.2444 645.2445 1124.336 1124.336 1393.624 1190.923 21 
1 0.06744903 0.4490679 0.1918413 0.3381676 0.2491814 0.05909116 0.1872739 0.6618731 1 415.2219 830.4437 1421.96 1710.428 1761.79 1914.949 2354.88 2164.403 22 
1 0.1437825 0.3292124 0.2189082 0.2675329 1.383313e-07 0.2998536 0.5578398 1.600238e-11 0.9999998 250.4792 500.9584 740.0636 740.0637 936.3586 1192.039 1192.039 1144.22 23 
1 0.1102146 0.3398842 0.139746 0.2246553 0.1858127 0.2462599 0.2730752 1 1 199.6802 399.3604 675.5065 852.5958 1043.685 1203.399 1628.559 1428.879 24 
0.8958897 0.1378414 0.3495112 0.1095873 0.2461898 0.1178775 0.2973105 0.4444106 0.999994 0.9999276 159.6365 302.6532 590.4694 644.2497 833.6042 1016.158 1247.086 1456.707 25 
1 0.09771732 0.330031 0.1132794 0.2466822 0.2071201 0.2215434 0.4092994 0.1209427 0.9999999 184.2636 368.5272 724.3334 949.3819 1140.244 1414.741 1462.652 1626.63 26 
1 0.1072414 0.4145968 0.182621 0.1426531 0.2463817 0.3018862 0.1869853 0.2150541 1 298.4839 596.9679 787.5468 1069.748 1330.33 1443.007 1548.367 1634.444 27 
0.9999999 0.08428991 0.4250277 0.1921982 0.2122275 0.3131862 0.2350994 0.6981897 0.9999999 1 308.5568 617.1136 892.3413 1212.3 1377.261 1751.983 1913.966 1605.41 28 
1 0.1139145 0.3713103 0.1084408 0.2443141 0.1801364 0.2477315 0.2444275 0.1582884 1 166.8461 333.6922 668.8291 855.56 1066.102 1222.373 1298.837 1538.592 29 
0.9999962 0.1253504 0.3397634 0.220735 0.2086214 0.05240425 0.3254365 0.5604731 0.9999995 0.9999996 287.3056 574.6102 786.2087 828.2695 1075.799 1363.364 1588.873 1301.586 30 
0.3587157 0.3076513 0.5789199 0.05699196 0.09579001 0.1617286 0.2088493 0.2063167 0.4384145 1 78.01381 105.9986 161.6732 246.7631 292.861 264.7597 364.3245 1368.856 31 
0.7960625 0.1584492 0.453045 0.1093077 0.1975915 0.1089811 0.3191548 0.5417943 0.9998551 0.9952593 157.8001 283.4188 479.6884 494.3046 686.9026 885.9342 992.015 1443.632 32 
1 0.1141013 0.3857119 0.1677377 0.08778493 0.4199501 0.2015347 0.4494069 0.1305372 0.9999999 245.4758 490.9516 597.8715 1064.459 1194.342 1425.6 1462.584 1463.451 33 
0.9999998 0.1402423 0.3433928 0.2000431 0.1895207 0.2515005 0.3699986 0.2563693 1 1 242.5378 485.0755 668.8896 866.5879 1084.286 1179.317 1454.965 1212.428 34 
0.4404926 0.3284101 0.5606282 0.06584265 0.1201155 0.1786172 0.2285887 0.2919993 0.5234465 1 85.2636 122.8216 199.4052 277.9555 322.2865 338.8965 399.2236 1294.96 35 
0.9999999 0.1039268 0.3924732 0.1599052 0.2259867 0.2991593 0.4048286 0.2154452 0.2399912 1 231.0117 462.0234 736.296 1017.325 1283.85 1368.27 1442.048 1444.679 36 
1 0.09884706 0.3913119 0.1261095 0.1585714 0.3360777 0.4312746 7.875541e-08 0.2533727 1 212.5133 425.0267 658.5447 1074.985 1429.785 1429.785 1548.333 1685.15 37 
0.9999985 0.1059622 0.281723 0.2230283 0.2130746 0.3506498 0.382605 0.5779453 0.9999967 0.9999933 311.5464 623.0924 854.351 1153.835 1366.026 1563.917 1708.429 1396.892 38 
0.9999999 0.1681525 0.2535086 0.1391343 0.2340466 0.2243421 0.168069 0.3786332 1 1 148.748 297.496 512.9004 671.049 762.9483 935.187 1217.844 1069.097 39 
0.6157114 0.1599024 0.5597359 0.07377797 0.1319545 0.1681067 0.2005999 0.2889899 0.5609579 1 143.85 232.4201 381.4028 498.3614 568.4477 651.2693 816.7883 1949.769 40 
0.9999997 0.10488 0.3325783 0.1920142 0.2379798 0.2448388 0.1502331 0.2659283 1 1 276.6065 553.2129 830.2083 1047.368 1147.992 1299.349 1717.157 1440.552 41 
0.9999975 0.1881465 0.2463919 0.1214411 0.2396595 0.24409 0.2417682 0.383786 1 1 116.9827 233.9651 436.7895 593.8555 711.4532 852.997 1080.263 963.2877 42 
0.9999984 0.1074933 0.3855926 0.2797412 0.2501683 0.1234343 0.3328797 0.3632194 1 1 381.5573 763.114 1008.88 1099.805 1314.748 1471.21 1745.513 1363.965 43 
0.9999976 0.1243894 0.3645746 0.192188 0.2214339 0.09824817 0.3753534 0.3796888 0.9999961 0.9999996 249.3215 498.6425 730.6947 810.8541 1087.016 1261.511 1546.589 1297.279 44 
0.9999997 0.2009845 0.1842806 0.1335341 0.1673061 0.191127 0.1607174 0.3593151 1 1 129.4294 258.8588 399.3678 533.0272 623.939 794.5242 1098.69 969.2616 45 
0.9671605 0.1043353 0.3582481 0.1816298 0.2286663 0.3111131 0.05137237 0.6016884 0.9996727 0.9984972 278.0252 546.9201 815.4095 1089.245 1087.67 1431.882 1636.288 1530.724 46 
0.5000348 0.1988362 0.4756017 0.0814797 0.08987709 0.1901462 0.1981946 0.290637 0.6212824 1 145.8549 218.7874 257.1791 413.1415 446.7773 505.8186 681.1731 1790.076 47 
1 0.1398097 0.3038798 0.1528644 0.1655784 0.2059504 0.2760379 0.346714 0.3988546 1 193.1924 386.3848 563.6569 747.6429 943.4544 1121.511 1255.325 1263.815 48 
1 0.1006656 0.381561 0.1768097 0.184561 0.2828337 0.1993429 0.3482489 4.904956e-05 1 288.1712 576.3424 823.9619 1133.396 1289.803 1508.575 1508.595 1629.839 49 
1 0.1137247 0.3196583 0.1872841 0.1644746 0.2708296 0.2671436 0.6010602 5.915788e-10 0.9999997 263.8876 527.7753 716.121 975.2481 1161.624 1468.938 1468.938 1409.023 50 
0.9476001 0.08270073 0.437844 0.1541526 0.2136718 0.3129626 0.3768054 0.3615746 0.9999407 0.9994161 290.2618 565.3139 876.0043 1222.049 1482.228 1598.441 1856.996 1882.951 51 
0.9999984 0.1260912 0.3253345 0.2233292 0.1450816 0.09476816 0.3910166 0.1644419 0.9999972 0.9999981 293.5477 587.095 735.2034 817.9121 1126.833 1205.949 1607.956 1314.417 52 
0.3112109 0.2200723 0.7260816 0.07826802 0.07429504 0.1828554 0.2288415 0.3110067 0.5044729 1 154.4977 202.5791 198.2216 369.6688 430 463.9069 513.2743 1973.957 53 
0.9999997 0.1327204 0.4211558 0.2173964 0.1294572 0.1382965 0.2680315 0.2968404 0.4330659 1 293.9593 587.9186 724.9128 852.3152 1065.085 1237.565 1414.505 1352.181 54 
1 0.1738518 0.3331774 0.1461941 0.2073338 0.07649932 0.325404 0.2366861 0.4899945 1 155.3781 310.7563 498.8998 553.9257 770.0827 876.1455 1043.75 1062.821 55 
1 0.1405049 0.3451574 0.1948652 0.1051995 0.3673906 0.1358334 0.213401 0.5010237 1 242.0801 484.1601 589.3823 918.1942 995.1004 1099.512 1292.338 1242.295 56 
0.9999907 0.0991993 0.3888041 0.1490585 0.2759649 0.312878 0.3075169 0.6157796 0.9999668 0.9999926 211.771 423.54 757.1645 1031.027 1215.975 1472.434 1632.442 1420.724 57 
0.9999968 0.125904 0.2702902 0.2379079 0.1405429 0.2176297 0.353685 0.2852197 0.9999999 1 294.0005 588.0001 720.3579 896.5083 1120.481 1237.214 1529.76 1235.775 58 
0.9999992 0.1467073 0.2951383 0.164892 0.2410715 0.2429649 0.4291544 0.4031538 0.9999991 0.999999 184.115 368.2299 593.0203 764.9598 994.8718 1118.164 1300.691 1116.58 59 
0.9999583 0.1094655 0.3331157 0.2055467 0.3316622 0.3190041 0.4853243 0.3242048 0.9998857 0.9993465 265.0301 530.0492 869.7689 1088.129 1314.353 1392.092 1554.175 1289.391 60 
0.9999999 0.1040878 0.362774 0.2280967 0.2904413 0.1192916 0.5410961 2.428894e-07 1 1 317.1553 634.3105 946.0373 1036.885 1399.805 1399.805 1707.597 1390.442 61 
0.9999999 0.1209167 0.3868521 0.2204909 0.1183325 0.3017611 0.2025874 0.2516979 0.3096511 0.9999999 306.0877 612.1754 740.2255 1028.127 1163.085 1296.79 1419.878 1388.21 62 
0.5561656 0.1497347 0.497625 0.1072881 0.09907972 0.2029868 0.2336073 0.2769051 0.5951703 1 247.1147 384.5514 417.5986 608.2752 683.2044 693.2979 872.5536 2303.281 63 
1 0.1845273 0.2718936 0.1475021 0.1472818 0.1029865 0.3569031 0.4005172 0.16234 1 162.6494 325.2987 463.7499 546.303 802.93 988.1338 1033.136 1102.692 64 
0.9999995 0.1167835 0.3107683 0.1519766 0.1627956 0.3123867 0.2014339 0.4926988 0.9999998 1 205.5843 411.1686 597.9197 897.9359 1030.959 1290.789 1558.319 1352.737 65 
1 0.1137589 0.3982873 0.1543173 0.06287024 0.3942629 0.1014559 0.4834553 2.319162e-06 1 228.6304 457.2609 536.0329 998.96 1071.119 1380.082 1380.083 1481.561 66 
1 0.09998805 0.4395443 0.1850473 0.174076 0.2749143 0.1832507 0.4363469 0.3349154 0.9999999 300.1308 600.2616 830.3525 1130.474 1275.53 1557.635 1679.682 1621.914 67 
1 0.1148074 0.3577696 0.1723136 0.2737345 0.3246507 0.4548637 2.30954e-09 1 1 217.8402 435.6804 722.1074 968.8227 1202.27 1202.27 1482.048 1264.208 68 
1 0.1186951 0.3581542 0.1333228 0.3189269 0.1613352 0.09386349 0.4666814 0.1680139 1 185.4163 370.8326 755.2402 887.6816 952.3036 1243.44 1299.34 1390.732 69 
0.9999975 0.1362014 0.3544195 0.1886456 0.1839761 0.2214249 0.3877017 0.5092133 0.9999996 0.9999998 213.0189 426.0372 594.5917 760.1334 985.8063 1167.292 1342.21 1129.201 70 
1 0.1472813 0.3513033 0.1339862 0.20441 0.1975453 0.3236883 0.433318 0.3305261 1 156.2307 312.4613 518.8724 677.5761 886.2498 1075.177 1156.841 1166.02 71 
1 0.1157778 0.4176128 0.1451347 0.2743179 0.1262137 0.3753155 0.3509362 0.5968514 1 207.3658 414.7317 749.7879 861.6585 1152.336 1322.123 1509.549 1428.782 72 
1 0.145749 0.3356786 0.1868826 0.2354767 0.05503574 0.2756705 0.4727938 2.39112e-10 0.9999999 226.5032 453.0064 685.0698 726.5361 922.8066 1166.629 1166.629 1212.008 73 
0.9999998 0.1514054 0.3123335 0.2161227 0.1030155 0.2020331 0.1737446 0.6253896 1 1 237.8779 475.7558 564.6358 720.9897 828.2854 1147.392 1338.538 1100.661 74 
0.9999968 0.1754357 0.2858285 0.1531273 0.2004796 0.1144007 0.2558022 0.2675348 0.2805111 0.9999999 171.0798 342.1591 531.8436 618.3831 789.7513 923.1316 1025.566 1117.239 75 
1 0.1287455 0.295477 0.1712112 0.1798722 0.2189615 0.1823482 0.261616 0.4108855 1 240.8703 481.7405 691.4698 900.8541 1037.046 1196.811 1382.087 1406.86 76 
1 0.1348019 0.3878734 0.1925428 0.1513729 0.2799412 0.2469049 0.152345 0.6603134 0.9999996 252.3219 504.6438 664.819 916.1992 1075.847 1150.031 1422.584 1310.472 77 
0.3654934 0.2613887 0.5946174 0.07175162 0.09383349 0.1914699 0.1969283 0.3322669 0.5204533 1 118.5999 161.9474 203.1616 340.4649 345.8129 426.3517 469.5616 1652.923 78 
0.9392288 0.09125537 0.4320641 0.115586 0.2392593 0.2574304 0.2501847 0.5360837 0.9996834 0.9983315 208.2482 403.8409 760.5406 1026.374 1189.199 1478.75 1701.897 1801.673 79 
0.9999981 0.09776025 0.3452965 0.2137421 0.2633815 0.2340502 0.1872713 0.2968986 0.9999986 1 317.2049 634.4092 941.7345 1142.904 1266.192 1425.049 1801.247 1484.054 80 
1 0.1822108 0.2910181 0.1402939 0.1324697 0.2927425 0.2187961 0.449768 0.09887457 1 148.2527 296.5054 416.851 647.5704 769.5299 965.3823 989.0726 1056.729 81 
0.9999969 0.1220743 0.3372064 0.1225108 0.2497341 0.1433206 0.4928275 0.6658216 0.9999594 0.9999228 147.5107 295.0208 558.8768 672.4845 1007.154 1236.469 1351.556 1204.062 82 
1 0.1691933 0.309598 0.1949718 0.1862936 0.2591617 0.1151054 0.460774 0.3948158 1 206.9612 413.9224 573.1162 753.3211 812.6157 1022.654 1119.7 1061.493 83 
0.9999668 0.1489985 0.2808058 0.1647828 0.1650509 0.1406572 0.1605674 0.2869132 0.2664947 0.9999998 214.8437 429.6803 609.3991 737.2676 862.6999 1050.851 1175.455 1303.799 84 
0.9999997 0.1132398 0.3698414 0.1686895 0.2727371 0.2958737 0.1973658 0.3302757 0.9999999 1 229.6784 459.3568 768.0588 1011.611 1126.007 1279.656 1591.222 1361.545 85 
0.3277053 0.2341442 0.6466768 0.08490141 0.1071078 0.1515063 0.2422257 0.3206553 0.5458837 1 158.0252 209.8109 251.188 312.7298 415.0532 449.564 509.9491 1861.279 86 
0.4578024 0.1946521 0.6378395 0.07292876 0.1527416 0.1642391 0.2297702 0.3509128 0.4676021 0.9999999 148.9879 217.195 388.7152 441.5016 510.2669 596.0805 586.4056 2042.924 87 
0.3980087 0.2277061 0.5838449 0.06774258 0.1174046 0.1793258 0.223287 0.3050688 0.5473289 1 114.186 159.6331 248.0251 347.4251 392.424 425.8863 505.7627 1685.587 88 
1 0.1098927 0.3641116 0.1730044 0.2391491 0.1164271 0.2423376 0.193308 0.4356582 1 273.0833 546.1665 858.3501 973.9866 1186.655 1315.187 1548.862 1578.476 89 
0.3702314 0.2575609 0.5658117 0.07433012 0.0893097 0.1455708 0.2419545 0.2558434 0.567609 1 120.3647 164.9275 194.9331 270.8876 382.5001 367.8209 509.6405 1619.326 90 
0.2465665 0.3104696 0.7480696 0.06791721 0.108296 0.1685081 0.2618095 0.3467093 0.4521403 0.9999999 103.0719 128.486 184.8693 258.1303 338.2327 351.8248 315.4354 1517.611 91 
0.910838 0.1584652 0.3586634 0.09362993 0.1480865 0.2078094 0.2898996 0.3773972 0.999996 0.9999882 126.2386 241.2215 400.6803 581.2982 768.5553 921.0468 1203.542 1348.272 92 
1 0.09667171 0.3562491 0.1942636 0.1890828 0.1785721 0.37975 0.3992326 1.291549e-05 0.9999998 331.1059 662.2117 921.8808 1120.746 1468.132 1694.652 1694.656 1704.415 93 
0.3643583 0.2187576 0.5527581 0.07529032 0.0989558 0.1449676 0.216316 0.2405888 0.5490725 1 146.2826 199.5818 250.5063 325.9539 418.1808 413.3456 602.9148 1942.913 94 
0.9999993 0.1274222 0.3355971 0.1888765 0.1581353 0.3122251 0.3491234 0.4092901 1 1 227.6862 455.3723 609.9951 867.008 1064.665 1215.486 1433.159 1205.476 95 
1 0.1140351 0.4101994 0.186575 0.2340314 0.1493325 0.1648196 0.1551096 0.5631893 0.9999999 280.7042 561.4084 847.8176 987.8015 1119.231 1222.532 1539.429 1504.511 96 
0.9999995 0.08652561 0.3811888 0.1954681 0.2553566 0.2185854 0.4172536 0.9999537 0.999967 0.9999789 323.6776 647.355 987.5491 1204.394 1527.845 1979.564 1979.584 1655.91 97 
0.9999998 0.08750166 0.3002843 0.1874198 0.1766912 0.3913167 0.06865227 0.2455396 1 1 320.0899 640.1798 885.3893 1332.498 1380.244 1539.285 2027.965 1707.876 98 
1 0.1710214 0.2412348 0.1064115 0.1451195 0.3605522 0.04555754 0.3533459 0.5001797 1 122.8443 245.6885 395.3913 713.3549 739.0455 929.2252 1103.311 1154.427 99 
0.9999955 0.2160217 0.239965 0.1550628 0.1530007 0.1458168 0.2257413 0.3537573 0.2358639 0.9999999 157.4678 314.9348 446.2144 552.1864 692.3211 862.3512 935.6105 1015.51 100 
