0.11716 0.06596949 0.07197174 0.01777337 0.02554861 0.02845318 0.03492239 0.04652637 0.06799825 9.639254e-06 28.87801 50.95524 51.28497 61.30721 75.36481 81.44818 82.34846 1 
0.0003310443 0.02019265 0.07024931 0.04313462 0.07946671 0.1245638 0.2017231 0.2338158 NaN 0 80.04613 112.2285 136.5315 137.7736 154.5605 1.780323 2.420243 2 
0.09730223 0.1148059 0.07651265 0.0141712 0.01549797 0.02027471 0.02330274 0.03296768 0.0454995 7.092086e-06 19.567 23.63178 30.34099 27.44439 42.41688 40.51288 41.98942 3 
0.1585917 0.04908372 0.07949712 0.02779162 0.02902461 0.03266908 0.04930653 0.0608339 0.09739945 1.006896e-19 59.82896 95.28582 113.8667 161.3739 165.3187 199.2116 187.8805 4 
2.477146e-11 0.02048088 0.06621974 0.0393435 0.06263666 0.08351314 0.1273696 0.1515844 0.2771025 5.853936e-06 72.65014 82.69892 114.3242 117.5688 145.465 154.7036 1.673228e-06 5 
1.365713e-09 0.03525091 0.05359346 0.03813467 0.0612209 0.08849289 0.1339787 0.1948964 5.837738e-11 5.15434e-05 41.80429 57.36118 70.53988 83.56141 75.62291 75.62291 2.224555e-05 6 
0 0.0270165 0.05888919 0.03440631 0.05860166 0.08542802 0.1206172 0.1369545 6.565576e-09 1.309443e-05 49.11633 69.51151 86.102 92.45595 95.97902 95.97887 4.431382e-06 7 
0.09119738 0.0704652 0.06326785 0.01445621 0.02064147 0.02376454 0.02970533 0.03799482 0.05317347 6.205762e-06 25.65254 40.9276 39.83163 48.98622 51.28046 61.716 61.33947 8 
0.1248081 0.02533533 0.07970192 0.06396563 0.06762554 0.1273379 0.1730522 0.2863341 NaN 0.02264721 106.5936 169.3838 297.6295 371.9712 454.9244 448.5549 617.8004 9 
0.002036055 0.03315431 0.05794957 0.04002618 0.06224414 0.08158777 0.1218394 0.2089324 7.53733e-13 0 48.81681 55.77145 69.13714 83.54294 85.04296 6.538832 8.982076 10 
0.0003308494 0.01929458 0.06444114 0.04119583 0.07932875 0.1050744 NaN 0.2113886 NaN 0 72.0418 109.0621 99.34829 99.28977 149.3282 1.672742 2.302092 11 
0 0.03111598 0.05719335 0.03530615 0.05365371 0.08575344 0.1491814 0.1387301 1.783057e-16 0 45.48725 54.72074 88.26352 81.17097 86.46332 86.46332 8.249515e-13 12 
0.0008543799 0.0225235 0.06323076 0.05441975 0.09656281 0.1297985 0.1696703 0.3713639 NaN NaN 80.13383 93.41136 98.94896 124.0827 126.694 4.39062 5.944285 13 
0.09171597 0.1141693 0.07372072 0.01228452 0.0168973 0.02026182 0.02559786 0.03324471 0.04606405 2.757634e-15 17.4546 26.43458 27.90586 33.15169 37.08768 41.04057 42.67542 14 
2.106845e-09 0.02674697 0.05373779 0.03796885 0.05804215 0.08349582 0.1400422 0.2413438 0.4299828 3.698436e-05 54.56903 63.18715 92.13847 108.9798 114.682 115.057 2.053416e-05 15 
0.1332316 0.07093372 0.07872272 0.01705497 0.0234572 0.02578339 0.03253284 0.05339009 0.07184009 3.122521e-06 29.06483 50.94402 52.33716 67.50524 95.54038 79.6341 98.17951 16 
0.001384918 0.05409204 0.04374958 0.03075187 0.04836585 0.06602397 0.102906 0.1875213 1.626541e-10 7.896542e-09 26.74147 38.86435 43.34152 58.37977 50.55178 2.657623 3.763571 17 
NaN 0.06174938 0.05062057 0.03449225 0.04616527 0.07465202 0.1073112 0.1335634 0.2321476 1.165241e-05 31.98137 39.83507 59.70668 54.43409 56.60901 51.61512 0 18 
3.36665e-08 0.03621476 0.05553659 0.03127949 0.05182551 0.07029459 0.08110995 0.1149046 0.2132625 2.097972e-06 40.9214 58.34562 59.23945 66.38884 84.93792 85.73442 0.0001288642 19 
0.09785459 0.02004007 0.07716462 0.06396164 0.07252094 0.09563739 0.1080241 0.1091131 NaN 0.02379008 122.8062 175.3128 250.075 314.3662 406.1903 503.5447 657.9722 20 
0.0001374267 0.02720778 0.05313068 0.03572689 0.05073278 1.383252e-05 0.08745829 1.387819e-05 NaN 0 42.54796 48.0181 48.01816 70.25576 70.25603 0.4177011 0.5699448 21 
0 0.0178298 0.07086394 0.03990854 0.08126914 0.1393089 0.2032325 0.2079187 0.280812 4.14503e-12 86.37814 146.4734 166.4396 163.1228 171.2771 204.3487 8.831164e-07 22 
0 0.03142098 0.0510138 0.04191513 0.05719117 1.029513e-05 0.1002075 0.1384968 8.430338e-10 3.359145e-05 47.96014 53.69737 53.69734 73.53656 72.07537 72.07537 1.555889e-05 23 
7.196083e-06 0.02730646 0.05939857 0.03152279 0.05915411 0.09040218 0.1208239 0.1696829 4.660335e-07 0 45.04226 71.2103 80.61807 89.18853 94.38431 0.02301569 0.03147731 24 
0.1104765 0.03197189 0.07126774 0.03217937 0.06311957 0.07106236 0.08773568 0.1317535 NaN 0.04096013 46.87591 110.1163 112.3811 170.5012 217.6482 220.0001 309.1361 25 
1.698476e-08 0.02941687 0.06890651 0.028861 0.05948503 0.09295203 0.1280013 0.1772469 0.3281482 1.305614e-05 46.94617 87.62551 103.4384 113.17 129.8427 127.0952 8.137719e-05 26 
4.646388e-07 0.02327446 0.05569206 0.03549784 0.05818258 0.08213237 0.1228508 0.1877421 0.2310884 3.889169e-06 58.01925 74.21774 95.54239 111.1688 113.3244 116.8311 0.002567628 27 
3.47213e-12 0.02019298 0.064237 0.04014613 0.07244971 0.1115654 0.1793101 0.2499565 9.830788e-13 0 64.45097 89.62847 112.557 118.5631 140.1595 2.881539e-05 3.719326e-05 28 
NaN 0.02771432 0.0593571 0.02655693 0.05492013 0.08497523 0.1133876 0.159799 0.2205389 NaN 40.86027 76.34363 87.48194 99.04005 105.0827 106.4383 0 29 
0.001117554 0.02882961 0.05525916 0.0406208 0.06908562 0.09772539 0.105812 0.1751213 NaN NaN 52.87148 68.7866 65.25502 79.86833 93.76295 3.968885 5.493348 30 
0.1029726 0.1018216 0.07802722 0.01263623 0.01666018 0.02237377 0.02768861 0.03493334 0.04481624 8.542783e-06 17.29719 25.22105 31.72165 33.28503 32.70626 49.5101 49.51771 31 
0.09240513 0.02961692 0.06589397 0.02741077 0.0449085 0.05309071 0.06999445 0.1151193 NaN 0.2158485 39.57106 75.07824 74.79358 118.8958 148.8003 119.3245 175.9972 32 
2.043471e-08 0.02609815 0.05735339 0.03502352 0.05365113 0.08714995 0.1578638 0.2034105 0.3977044 2.430569e-05 51.2552 59.80254 102.3838 104.1815 115.6206 111.4305 0.0001035416 33 
0.000155876 0.02938913 0.05056898 0.03767339 0.06279082 0.09001036 0.1319241 0.2212295 1.857997e-06 0 45.67626 59.53997 70.20603 79.30004 77.48467 0.5222878 0.7056027 34 
0.091683 0.07873845 0.06310429 0.01377617 0.01930887 0.02476864 0.03071273 0.039162 0.05565575 4.349497e-06 17.83958 28.1028 33.40196 36.55819 40.82806 50.81566 48.24989 35 
4.254913e-06 0.02522667 0.06086099 0.03585799 0.06545501 0.1035027 0.1653419 0.2917137 0.3667986 8.857666e-06 51.80327 80.4363 102.7823 119.5714 117.9858 118.1635 0.02169489 36 
2.572692e-09 0.02438629 0.06324654 0.02962424 0.05204575 0.0852334 0.1176322 5.473167e-06 0.2427197 9.246549e-06 49.92128 74.53697 110.8781 108.5852 108.5852 128.3141 1.383954e-05 37 
0.0004090673 0.02979867 0.0589105 0.04401575 0.07460676 0.1137002 0.1877265 0.3118241 NaN 0.006187889 61.48523 81.36793 102.175 109.2181 113.6767 1.740193 2.402347 38 
6.597126e-05 0.03823966 0.04654772 0.03033625 0.05540381 0.08307034 0.1145421 0.138496 3.491384e-10 0 32.43238 52.23452 58.9448 57.74943 63.37491 0.1578785 0.219574 39 
0.1451108 0.04763649 0.07506622 0.02100753 0.02978558 0.03509166 0.04309747 0.05599919 0.08903151 9.941623e-15 40.95983 77.10348 93.31474 106.8813 130.7671 168.1417 158.2928 40 
0.0002965765 0.02850677 0.06450376 0.03888155 0.06973156 0.1064772 0.1536129 0.1800208 5.881761e-10 0 56.01091 80.46583 92.38372 92.13216 97.14789 1.143416 1.528773 41 
0.001154158 0.04416807 0.04639289 0.02848661 0.05406726 0.08097505 0.1136256 0.1522904 3.613537e-15 0 27.4408 47.88158 55.01994 55.28937 57.37787 2.415694 3.400181 42 
0.0008809783 0.02418309 0.05643003 0.04857961 0.08672941 0.1287708 0.1489194 0.2339381 1.072741e-05 0 66.26089 84.18322 84.43559 95.17177 99.90576 4.021439 5.320479 43 
0.0005389474 0.0264725 0.05308576 0.03723061 0.06551406 0.0952725 0.1131995 0.1938698 NaN 4.189581e-06 48.29851 67.14817 67.59496 83.78712 88.92992 1.806704 2.499645 44 
0.0002121486 0.05234573 0.04369573 0.02954286 0.04718164 0.06575551 0.08756798 0.1084946 1.417332e-13 0 28.63476 40.98375 46.93221 46.18659 52.0843 0.4125486 0.5811056 45 
0.1223259 0.02612772 0.07125791 0.06244478 0.08361819 0.1200154 0.1918434 0.2047291 NaN 0.09158497 95.58573 177.0162 263.3587 275.9979 428.9315 428.6661 590.0131 46 
0.1665876 0.07317534 0.08795868 0.02189861 0.02047055 0.03388057 0.03577145 0.04584893 0.08478401 1.042356e-05 39.20018 53.83424 90.17516 81.42044 105.3404 143.6478 110.8015 47 
1.928313e-10 0.03804214 0.05952944 0.03346405 0.05423463 0.07702257 0.1081974 0.1589498 0.2497009 6.66842e-06 42.29238 59.42844 72.02427 82.36115 88.86291 91.77893 1.266592e-06 48 
6.273707e-08 0.02441573 0.05998701 0.03621922 0.06215613 0.09354459 0.1424438 0.1501492 NaN 1.688315e-07 59.03149 82.35456 106.3924 112.4801 102.5268 102.5073 0.0003525978 49 
0 0.03144321 0.06302146 0.03925808 0.06313968 0.09193563 0.1375164 0.1683482 4.510305e-08 3.910436e-05 55.31555 73.01976 93.91705 102.6638 98.95517 98.95517 2.924978e-05 50 
0.1168231 0.02032061 0.07463053 0.05470355 0.07881655 0.1187185 0.1674863 0.2505039 NaN 0.005648197 103.0041 198.2959 300.8976 378.7834 431.3893 449.7855 613.0908 51 
0.0004639062 0.02942792 0.0547263 0.0404158 0.06575199 0.08456775 0.1042791 0.1899199 NaN 0.001519937 53.12321 62.6143 63.89479 83.24697 81.46582 1.598628 2.21122 52 
0.09413276 0.08433206 0.06975331 0.01511732 0.01525516 0.02404981 0.02852219 0.03666139 0.05128854 0 29.84095 32.17099 52.86525 47.53728 54.20969 62.25401 60.96702 53 
NaN 0.02663698 0.0527458 0.03908142 0.0615929 0.07813751 0.09998101 0.1468251 0.2174279 NaN 52.84517 62.12918 68.68454 81.73775 89.5724 97.60681 0 54 
0 0.03740612 0.04976174 0.03123625 0.05403623 0.07470489 0.08970057 0.1406959 0.1898411 0 33.19853 50.69171 49.2282 63.41669 64.74164 71.67636 7.246775e-15 55 
3.650624e-16 0.0345088 0.05801889 0.03852381 0.05707335 0.0860477 0.1433426 0.1626237 0.2123443 0 47.85793 54.83359 83.17403 79.57907 80.88752 90.42871 8.02363e-09 56 
0.001039938 0.02328745 0.06032936 0.03444415 0.06812706 0.1136363 0.1793645 0.2695043 NaN NaN 48.93562 81.88286 99.78355 106.5018 117.9235 3.740864 5.31594 57 
0.0007578975 0.03560056 0.05889497 0.04509952 0.07048346 0.09226104 0.1305874 0.213848 5.274951e-07 0 55.73285 63.81181 73.69321 84.87066 84.43701 2.742921 3.680748 58 
0.0003806384 0.03395998 0.05092005 0.03500984 0.06261309 0.09474455 0.1385632 0.2476127 NaN NaN 39.09127 59.82329 68.2204 78.80818 77.56292 1.100776 1.531443 59 
0.006969366 0.0274389 0.05787827 0.04248048 0.08197551 0.13757 0.2151203 0.4313611 NaN 0.163298 54.77396 87.47116 99.08494 108.9321 105.3307 28.22254 38.04422 60 
7.11007e-05 0.02375644 0.05562897 0.04332538 0.0803824 0.1280652 0.1195302 NaN 3.16135e-06 0 60.24145 86.48514 86.69276 84.27723 84.27719 0.3091375 0.4076912 61 
NaN 0.0278235 0.05732773 0.04123712 0.06427337 0.08855336 0.1375342 0.1766173 0.2393055 1.484271e-05 57.24578 66.09512 88.74958 92.73048 97.17492 101.8224 0 62 
0.1748381 0.054092 0.09059639 0.03015877 0.02385441 0.03940249 0.04278576 0.05524148 0.09167255 2.710315e-06 69.46412 90.69451 152.6524 151.7264 164.0575 223.3142 189.4256 63 
0 0.04778827 0.05239358 0.03141074 0.04735347 0.06131499 0.08418594 0.1379775 0.2474136 0 34.63638 46.58209 47.90226 66.44125 71.64741 66.09804 4.549959e-12 64 
0.0002072583 0.02965046 0.05795015 0.03334171 0.05666327 0.08662943 0.1392684 0.1799531 4.772443e-06 0 45.10255 62.1802 84.33441 86.29073 98.08047 0.6528065 0.9190561 65 
0 0.02723401 0.06263311 0.03313891 0.04960482 0.07984621 0.1422769 0.1306857 9.932442e-05 0 49.09731 54.81425 98.08647 95.32705 93.917 93.91646 2.654291e-14 66 
1.005635e-14 0.02159992 0.05795291 0.03710754 0.06312133 0.09309553 0.1404769 0.1817162 0.3333166 1.671578e-05 60.18526 81.28403 104.6061 110.3838 127.9705 131.5917 9.084584e-06 67 
2.024926e-06 0.02606759 0.05526579 0.03706397 0.07017417 0.1146566 0.1427642 1.464468e-07 NaN 0 46.85658 73.65103 88.70884 75.8152 75.81551 0.007162184 0.009616357 68 
0 0.0306902 0.06206587 0.0311553 0.06713729 0.1070615 0.13379 0.1546535 0.3098416 6.042182e-14 43.32868 84.47211 88.38099 85.95209 105.2884 103.2873 1.848509e-07 69 
0.001188642 0.02956724 0.05328339 0.03815747 0.06397979 0.09097951 0.1304131 0.2235758 3.011866e-05 5.435723e-05 43.08746 56.91442 66.20116 77.88335 83.1325 3.546911 4.929126 70 
6.36976e-10 0.03383692 0.05535836 0.03079359 0.05513584 0.08070469 0.1131772 0.1790947 0.3208731 4.660947e-06 35.90595 57.13877 66.86269 78.97908 86.63686 85.25439 2.370981e-06 71 
0 0.02351277 0.05286101 0.03204801 0.06348057 0.09833087 0.1239842 0.2094205 0.3364103 1.550407e-05 45.78961 79.20226 83.09358 102.8494 109.4038 117.6048 2.982243e-06 72 
1.083243e-10 0.03323235 0.05305745 0.03688874 0.06364534 0.09133512 0.0990134 0.1220161 NaN 1.637725e-05 44.70946 65.42586 61.51245 73.58276 70.61174 70.61174 5.251131e-06 73 
0.0001574068 0.0333561 0.05109208 0.04001729 0.06137067 0.07682695 0.1051291 0.1454569 7.970066e-06 0 44.04548 48.18525 57.28701 59.69206 77.41158 0.446598 0.6256819 74 
NaN 0.044418 0.05290284 0.03211119 0.05322684 0.07288517 0.08836689 0.1262207 0.1772655 1.631497e-05 35.87588 53.30714 53.68032 62.3594 65.72325 67.97985 0 75 
3.106927e-16 0.03507413 0.05775419 0.03508716 0.05745686 0.0822899 0.1140096 0.1442766 0.2029907 1.855241e-14 49.36273 68.53665 82.15347 85.63745 91.6944 100.2246 3.947339e-07 76 
1.908847e-11 0.0271223 0.05016804 0.03685468 0.05906385 0.08454764 0.1276466 0.1775035 0.2219615 5.29985e-05 48.29703 61.06924 79.31002 85.49296 84.56575 100.1413 3.926469e-05 77 
0.1033064 0.0869853 0.07650108 0.01479663 0.01686899 0.02536072 0.02883078 0.03809294 0.05417673 0 24.45769 32.06729 47.16273 40.24512 56.59088 58.34366 58.12837 78 
0.1125605 0.02154167 0.07101203 0.04011496 0.07695891 0.097041 0.1279396 0.1984776 NaN 0.08597545 72.27403 169.8072 226.9907 271.2263 365.9173 343.1869 488.9157 79 
0.0004258646 0.02554959 0.06267369 0.04189544 0.07654989 0.1191427 0.1667944 0.2063368 NaN 0 62.1751 88.84426 98.90847 100.8427 106.2831 1.865218 2.439126 80 
6.400618e-08 0.04299294 0.05050208 0.03069806 0.04656664 0.0715174 0.1064771 0.1456438 0.2898652 9.249259e-06 32.43953 42.97249 61.60693 62.89134 70.82067 64.73551 0.0002076435 81 
0.0006449299 0.02875254 0.05618341 0.03054921 0.06082298 0.09385334 0.1281153 0.2699053 NaN NaN 36.78315 64.22474 68.52707 90.90119 98.7692 1.596423 2.526505 82 
7.371392e-11 0.03941511 0.05123097 0.03874189 0.06025104 0.08619871 0.1238277 0.1445263 0.2702131 1.773533e-05 41.12425 54.33108 65.39759 61.32557 72.70804 72.71203 3.615125e-06 83 
NaN 0.04208941 0.05884349 0.03351915 0.05289103 0.07155206 0.08907838 0.1129377 0.1676696 2.21332e-05 43.70224 59.06453 64.08578 68.00354 77.17256 81.47947 0 84 
0.0001732672 0.0252619 0.05519843 0.0353886 0.06733357 0.1092644 0.1683078 0.2082818 2.433197e-09 0 48.18319 76.07372 89.89882 90.41121 94.69624 0.6228445 0.8445675 85 
0.1004251 0.08721482 0.07565727 0.01627959 0.01784589 0.02216129 0.02955716 0.03773082 0.05425718 9.886415e-06 30.30087 38.28048 44.99502 53.92888 53.80467 64.43021 57.92627 86 
0.103754 0.05755311 0.06692559 0.01605777 0.02471844 0.02746302 0.03448448 0.04652863 0.06730063 2.002763e-05 32.80481 59.31365 57.08746 70.53218 82.62128 81.24378 91.93313 87 
0.1174185 0.08035763 0.07882345 0.01568437 0.02075594 0.02674763 0.03245853 0.04175292 0.06155803 0 26.43737 41.87515 50.40773 53.14923 61.84644 75.66626 67.20531 88 
2.250373e-10 0.02678059 0.05814012 0.0349771 0.06347756 0.0938682 0.1121053 0.1575849 0.2010959 6.329359e-06 55.21051 84.55373 88.12697 100.5989 104.9257 118.3644 1.925542e-06 89 
0.115293 0.09222704 0.08225857 0.01576209 0.01690718 0.02226564 0.03040472 0.03752087 0.05600628 7.905832e-06 25.52396 32.40836 42.62668 51.78275 45.85766 73.43953 56.22945 90 
0.07321692 0.1122814 0.0616294 0.01266117 0.01614506 0.02084464 0.02733491 0.03514596 0.04814633 1.959459e-05 19.21473 25.59261 29.82002 34.25989 34.5164 34.87227 40.33203 91 
0.1059865 0.03262223 0.06686671 0.02684894 0.04192695 0.05852892 0.08166358 0.1178342 NaN NaN 36.19966 68.46365 101.2943 137.1761 172.4987 185.5989 266.5162 92 
3.021802e-07 0.02535958 0.06254953 0.0386319 0.06546435 0.09273597 0.1292002 0.1791547 NaN 2.336145e-05 65.8448 89.93531 102.7903 127.5962 113.7025 113.7 0.001873017 93 
0.1309735 0.09034241 0.08916628 0.0164462 0.01771154 0.02229133 0.02873339 0.03616529 0.05478199 0 31.95354 43.30199 52.92681 61.93788 58.78436 94.19062 72.0431 94 
0.0003657961 0.02980964 0.05568097 0.03837311 0.06290118 0.09183969 0.1469445 0.233124 1.324162e-06 0 46.25788 58.73437 76.93296 84.7322 87.25642 1.179879 1.62421 95 
5.027798e-08 0.02540074 0.05706627 0.0364966 0.06507529 0.09591652 0.1184833 0.1467798 0.1878137 1.600883e-05 54.90955 80.76062 86.99729 92.19528 95.5228 115.9318 0.0002524601 96 
0.0002074538 0.01988789 0.05843415 0.03877912 0.07271342 0.1145967 0.1583489 NaN 0.01581285 0 64.21474 92.67897 103.8427 120.5009 0 0.9731356 1.383799 97 
0.0001032591 0.02711603 0.06751187 0.03857529 0.06618706 0.103534 0.1944984 0.1965186 6.550029e-08 0 65.88183 87.67354 121.8768 114.5265 119.4294 0.4707282 0.6296413 98 
5.596858e-13 0.05047327 0.05555565 0.02651172 0.04353551 0.0779749 0.1260483 0.1220484 0.1990364 1.351931e-05 30.60584 47.15296 77.60282 63.96132 72.13173 77.18442 2.823271e-06 99 
NaN 0.05772945 0.04990916 0.03231331 0.04616743 0.06029633 0.07674399 0.1074522 0.1757017 1.985409e-05 32.81447 43.21401 46.00906 50.94778 56.70817 54.97106 0 100 
