0.1938107 0.947252 0.9054237 0.1314216 0.1735874 0.2184038 0.2700978 0.3524867 0.4939155 1 134.0742 160.0592 184.8387 195.7592 192.5326 184.5714 169.3801 1020.184 1 
0.1927309 0.9422225 0.8696237 0.133906 0.1552661 0.190813 0.2705092 0.3082774 0.4604542 0.9999998 137.974 164.5658 170.2772 176.6611 199.0591 175.5454 175.5654 1030.379 2 
0.9999998 0.07861743 0.7503385 1 0.7765692 0.9996184 0.9999998 1 1 0.9999999 2283.051 4566.101 4566.1 4566.099 4566.099 4566.098 4566.097 2283.051 3 
0.1982216 0.8292017 0.9099234 0.1505277 0.1602041 0.1795657 0.2583703 0.3322514 0.5018793 1 174.8691 209.532 199.6293 188.3846 213.0154 209.7639 210.5705 1161.707 4 
0.2004044 0.946984 0.9068711 0.1081558 0.1485853 0.1902839 0.2049181 0.3437068 0.5286853 0.9999999 111.9364 134.3689 164.0751 182.4201 166.9539 207.3522 217.1005 1034.955 5 
0.1921978 0.9040359 0.913319 0.1275094 0.1587706 0.1926041 0.2297777 0.341339 0.5067736 1 137.1642 163.5269 180.4444 186.7495 182.3695 202.6465 202.8382 1075.719 6 
0.1897171 0.9408632 0.8752851 0.1207165 0.1683274 0.2131482 0.2422812 0.3178252 0.5209734 0.9999999 125.4182 149.2122 182.0803 196.4848 182.1163 178.5182 194.8537 1038.948 7 
0.182545 0.8935447 0.8900001 0.1373094 0.1728242 0.1940699 0.2662841 0.3573672 0.4648765 0.9999999 148.8487 176.0203 193.7551 185.4951 199.8735 199.9558 173.1553 1084.039 8 
1 0.07133454 0.820803 1 0.07546335 0.9923055 0.9999987 0.9999999 1 1 2446.099 4892.198 4892.198 4892.198 4892.198 4892.198 4892.198 2446.099 9 
0.1889816 0.9432139 0.901924 0.1384867 0.1542603 0.2120239 0.2704572 0.3192659 0.5381684 0.9999997 143.1294 170.1783 169.5133 191.698 196.7112 175.3837 191.7356 1033.525 10 
0.206589 0.8475128 0.9015978 0.1295646 0.1775031 0.1899226 0.235407 0.3686594 0.5438765 0.9999999 147.4922 177.9625 212.6486 198.7164 196.4699 226.684 220.1607 1138.368 11 
0.1915654 0.9807635 0.8987108 0.1308929 0.1582845 0.1824223 0.2299939 0.3119776 0.5308291 0.9999993 130.5138 155.5157 166.9592 165.0464 168.7762 175.5919 201.3475 997.1037 12 
0.1874352 0.9440677 0.91241 0.138354 0.1718729 0.2059548 0.2755549 0.3404762 0.5056053 1 144.0587 171.0604 186.2626 187.9313 197.79 182.589 176.7406 1041.233 13 
0.1899292 0.9018696 0.8924299 0.1372159 0.1716194 0.1938336 0.2156717 0.3600405 0.503062 1 147.4734 175.4829 192.4687 185.447 168.7764 206.9255 195.6656 1074.754 14 
0.1637829 0.9745759 0.9249942 0.104137 0.1476685 0.1837908 0.285735 0.3377576 0.5138833 0.9999996 104.6625 121.8044 152.9078 166.0894 206.1812 184.882 182.5379 1005.046 15 
1 0.0759912 0.7754956 1 0.8925768 0.9999029 0.9999983 0.9999998 1 0.9999997 2311.056 4622.111 4622.111 4622.111 4622.111 4622.111 4622.111 2311.056 16 
0.1985372 0.8725521 0.911646 0.1365604 0.1661387 0.2017507 0.2310497 0.3643893 0.486067 1 151.2825 181.3176 194.9139 199.6157 186.7382 215.4733 194.0358 1107.806 17 
1 0.1076833 0.6279499 0.799121 0.2554104 0.9999914 0.9999981 1 1 1 1495.523 2991.047 3087.065 3366.981 3366.984 3366.984 3366.984 1871.46 18 
0.214022 0.8931284 0.8854075 0.1405142 0.1609471 0.1932188 0.2536562 0.3299231 0.4713783 0.9999999 152.278 184.8689 189.4789 191.5587 200.9338 198.2617 191.0718 1083.72 19 
1 0.07523036 0.7802431 1 0.5594972 0.9984649 0.9999995 0.9999999 1 0.9999993 2360.107 4720.213 4720.213 4720.213 4720.213 4720.213 4720.213 2360.107 20 
0.2168654 0.8987136 0.8928837 0.1407859 0.1877616 0.1995003 0.2574257 0.3117665 0.5332923 0.9999998 152.4436 185.5034 214.9154 197.3651 198.523 183.0971 204.5758 1082.805 21 
0.1799308 0.9784666 0.9104361 0.129328 0.1711726 0.2106167 0.1834263 0.3097371 0.5237747 0.9999998 130.8183 154.3565 178.526 185.8624 139.1348 170.7721 200.8399 1011.523 22 
0.176308 0.9346251 0.9004789 0.1440051 0.1591334 0.2205638 0.2479284 0.3519761 0.5054124 1 150.8647 177.4633 173.9941 196.9957 180.4504 187.3974 177.8116 1047.634 23 
0.1879884 1 0.8935351 0.1368199 0.1596729 0.1913997 0.2178384 0.3596511 0.4794532 1 135.999 161.5652 167.3719 169.4634 158.8574 193.8649 176.4448 994 24 
0.182155 0.9804581 0.8990399 0.1336108 0.1887162 0.2036596 0.2649133 0.3455812 0.4905613 0.9999999 134.6327 159.1567 193.7433 179.5359 182.1194 176.4528 165.2427 1007.648 25 
0.5003674 0.2621394 0.8971732 0.2007136 0.1805595 0.2013516 0.4187289 3.443709e-08 0.5170351 0.9999996 518.8222 778.4239 762.5458 722.4451 927.6624 464.172 638.6213 2584.889 26 
0.2083223 0.8836299 0.912053 0.1188187 0.1456414 0.1920288 0.2404055 0.3186191 0.4937845 1 130.1473 157.2599 173.3333 194.4607 200.686 203.0595 212.5808 1095.344 27 
0.6947193 0.1558892 0.8116403 0.2323031 0.4070846 9.587436e-39 3.788068e-09 0.3201889 0.3920994 1 756.9812 1282.871 1909.602 1326.638 921.6408 1115.2 1170.115 3258.592 28 
0.1908079 0.9050177 0.9242315 0.1277521 0.1484963 0.2004358 0.2776274 0.3097787 0.5370482 0.9999994 138.1203 164.4748 171.4208 193.6586 215.2025 184.7377 207.1717 1081.159 29 
1 0.1083806 0.6618534 0.5160442 0.3711597 3.699734e-46 1.791044e-26 0.2876553 0.9996964 0.9984206 1144.384 2288.768 2687.106 2687.105 2687.105 2881.24 3361.846 2217.608 30 
0.2006377 0.8769501 0.9263393 0.1353066 0.1657553 0.2083237 0.2646378 0.2860318 0.5099587 1 149.3838 179.3559 194.2247 204.8812 207.962 174.3433 203.7917 1104.039 31 
0.9999988 0.08754383 0.7520531 1 0.0849652 0.9999618 0.9999893 0.9999996 1 0.9999999 2080.716 4161.43 4161.426 4161.421 4161.416 4161.411 4161.406 2080.716 32 
0.1931443 0.8606032 0.8836536 0.1301125 0.1775979 0.1990229 0.2381962 0.3272494 0.478835 1 146.4117 174.6903 207.5836 200.31 192.2773 197.8854 196.4571 1125.27 33 
0.1879031 0.8995374 0.8816179 0.1459975 0.1737917 0.2014048 0.2285181 0.3849217 0.5340371 1 156.7496 186.2033 194.337 189.0902 173.778 212.3064 193.2007 1073.645 34 
0.1766716 0.930506 0.8693776 0.1245153 0.1534076 0.1962907 0.2491774 0.3478921 0.4767517 1 130.039 153.0132 167.2971 181.4972 187.0832 195.5528 179.7671 1044.362 35 
0.1966606 0.9083345 0.8914895 0.1381313 0.1549881 0.207528 0.2363227 0.3287532 0.4544205 1 147.5255 176.538 177.3821 196.3034 184.2745 190.9938 181.1472 1068.009 36 
0.1944013 0.9445912 0.889879 0.1288178 0.1462731 0.196075 0.2247602 0.3629666 0.4335143 1 133.3937 159.3256 162.9304 182.6853 174.6769 208.1805 173.0282 1035.523 37 
0.2207526 0.8721642 0.9047365 0.1304587 0.1767565 0.2295571 0.2316666 0.311255 0.540304 1 144.4712 176.3636 209.1384 228.1453 191.8553 188.4133 216.2207 1107.41 38 
0.4683172 0.2991314 0.8784739 0.220429 0.1377186 0.210926 0.4098399 9.778426e-10 0.5349112 1 524.8663 770.6703 616.558 626.3545 810.9593 379.7862 576.5676 2381.113 39 
0.1952804 0.9074116 0.8926528 0.1286176 0.1626473 0.2248795 0.256652 0.2873195 0.4904999 1 137.7561 164.6571 183.9522 211.665 196.8021 167.8077 190.176 1071.051 40 
0.2368812 0.8665604 0.9017152 0.1238013 0.1605765 0.1918131 0.2740376 0.3493609 0.493775 0.9999997 137.3258 169.8557 196.3027 202.9913 228.7742 221.421 206.2325 1109.243 41 
0.1724185 1 0.8757014 0.1133805 0.162443 0.1870714 0.2554987 0.3000004 0.5324667 1 110.9995 130.1379 163.4388 164.1808 179.3073 162.9159 192.0892 979 42 
0.1927908 0.90632 0.9073208 0.1290263 0.1667964 0.212526 0.2551406 0.3307597 0.4909375 1 137.9226 164.5128 187.0086 200.9175 194.5931 188.0158 185.7447 1068.95 43 
0.5354917 0.2658614 0.8655303 0.1743114 0.1501449 0.1945596 0.4318413 4.329758e-11 0.5834395 0.9999998 432.5732 664.2126 663.3332 694.0129 977.3313 523.3528 745.188 2481.612 44 
0.1851412 0.9386546 0.9180066 0.1388102 0.1677117 0.1827448 0.2133347 0.3338175 0.5000316 1 143.8244 170.4522 181.2067 169.2642 160.818 189.1566 194.0665 1036.123 45 
0.1985778 0.9137354 0.9125638 0.1251948 0.1828913 0.2028437 0.267498 0.2985046 0.5112625 0.9999997 133.5191 160.0331 202.4114 194.8301 201.2484 172.841 193.9725 1066.491 46 
1 0.09277995 0.7005227 0.6270131 0.9999957 0.9999741 1 1 1 1 1304.477 2608.953 3384.935 3384.938 3384.938 3384.938 3384.938 2080.462 47 
0.2026656 0.9521811 0.8878777 0.1239918 0.1647341 0.2081455 0.2768657 0.3362097 0.4629706 1 127.0789 152.8334 178.8754 192.3439 203.3914 185.5941 169.5796 1024.898 48 
0.2019442 0.8315231 0.8998462 0.1255872 0.1614787 0.1959358 0.2630292 0.3222783 0.4949977 1 144.3152 173.4588 197.2841 204.9266 219.5772 205.2472 208.9399 1149.123 49 
0.1903741 0.906507 0.9067979 0.1355285 0.1729888 0.2073294 0.2615894 0.3518073 0.4595414 1 145.6158 173.3373 193.6733 196.1282 196.6146 195.6045 171.1623 1074.429 50 
0.4901003 0.3045815 0.8997137 0.1771179 0.2106901 0.387465 2.168378e-17 0.3812996 0.6154741 0.9999998 400.5553 596.8676 684.6115 904.6664 443.3772 560.3691 617.252 2261.518 51 
0.2025507 0.91724 0.8992313 0.152777 0.1785223 0.2113574 0.2436813 0.3202496 0.5224055 0.9999999 161.3567 194.0397 199.045 195.677 180.8965 177.0502 191.5532 1056.159 52 
0.5155913 0.2701301 0.8696529 0.1900145 0.1758665 0.3679475 1.230721e-26 0.4118124 0.4321876 1 470.1521 712.5584 719.8508 978.8812 504.7026 690.1319 621.2058 2474.296 53 
0.1806427 0.9367843 0.9004962 0.1235203 0.1616301 0.2148996 0.2805317 0.3178889 0.4563327 0.9999999 128.1007 151.2411 174.2393 195.242 203.1098 173.5271 165.3338 1037.082 54 
0.4794193 0.2943613 0.8889561 0.2006447 0.1786463 0.2101461 0.4355207 1.825494e-09 0.5792518 0.9999999 475.6151 703.6342 675.8384 651.0638 847.5021 406.3089 596.7314 2370.435 55 
0.191093 0.9001059 0.8778378 0.1269836 0.1766981 0.186759 0.2337865 0.332474 0.5692218 1 137.762 164.0873 198.7099 183.6 183.3371 196.5781 222.186 1084.88 56 
0.1992722 0.9110545 0.9148073 0.1338749 0.1506392 0.2123768 0.23153 0.313711 0.5242138 0.9999987 142.6947 171.1298 173.1695 201.0364 183.0515 185.3641 207.6808 1065.881 57 
0.2075151 0.9536911 0.9264904 0.1189621 0.1744682 0.1925352 0.2264391 0.3335098 0.4523876 1 121.6351 146.8762 187.6459 182.1215 173.7663 190.9784 179.6867 1022.469 58 
0.468073 0.2939018 0.9131505 0.3018352 1.445373e-10 0.2292755 0.2113872 0.3398859 0.4849642 0.9999999 728.8482 1070.002 500.8392 620.9589 565.3188 612.8847 614.9073 2414.722 59 
0.1827497 0.9804926 0.887231 0.116991 0.1734961 0.1902203 0.2969548 0.3608566 0.4500238 1 117.29 138.7247 178.942 171.8811 207.3557 188.2095 154.2078 1002.555 60 
0.5023821 0.2823749 0.9062868 0.2022062 0.1876095 0.194918 0.4248962 1.388287e-08 0.5067664 0.9999994 492.2641 739.5688 735.9217 677.2605 879.9806 442.0865 592.3107 2434.466 61 
0.1761224 0.9780029 0.9151128 0.1145405 0.1542646 0.1973078 0.2338234 0.3540958 0.4276015 0.9999999 114.5222 134.6921 160.2955 175.9648 171.5219 193.2632 161.218 999.84 62 
0.1790373 0.9784107 0.9076343 0.1126059 0.1595578 0.1964981 0.2360546 0.3289813 0.509971 0.9999999 113.451 133.7629 166.6018 177.4766 174.2932 182.9421 190.5875 1007.504 63 
0.2074917 0.9201891 0.8904788 0.1256695 0.1625607 0.2302741 0.2508561 0.3090688 0.5574342 1 132.5825 160.0922 183.1681 215.8871 193.9526 177.9143 208.4753 1055.009 64 
0.1735025 1 0.8791501 0.1492385 0.1789974 0.1874999 0.2468694 0.3396674 0.5359715 0.9999999 146.9999 172.5047 179.9299 160.2183 165.7983 171.7665 178.8021 985 65 
0.1842961 0.8403729 0.9065629 0.1184262 0.1492377 0.1775322 0.2477534 0.3303384 0.4831607 0.9999999 135.6563 160.6573 180.3141 185.7545 209.2982 214.1619 211.4522 1145.493 66 
0.1797018 0.8836935 0.9029349 0.129328 0.1751438 0.1813253 0.2204949 0.3190315 0.5171148 1 141.4537 166.8732 196.7778 177.7951 173.7462 191.1483 210.8717 1093.759 67 
0.1897721 0.9071894 0.905275 0.1535602 0.1671923 0.2127652 0.2830954 0.3710911 0.5285062 1 163.1427 194.1026 187.1845 194.8644 203.8839 195.5384 177.5938 1062.402 68 
0.1951475 0.9082015 0.9186605 0.144026 0.1508238 0.1821628 0.2312974 0.3277054 0.4967696 1 154.1528 184.2353 174.1317 175.7006 181.4532 195.6895 201.5344 1070.312 69 
0.9999995 0.07967972 0.7325347 1 0.889776 0.9999189 0.9999924 1 1 1 2216.465 4432.929 4432.927 4432.925 4432.922 4432.92 4432.918 2216.465 70 
0.192006 0.9059703 0.9072124 0.1517555 0.1683732 0.1909133 0.2742092 0.3344984 0.5037677 0.9999984 162.2584 193.413 189.8427 180.4463 201.9827 186.9357 184.3831 1069.209 71 
0.9999976 0.07098828 0.8151682 1 0.9955831 0.9997509 0.999999 0.9999999 1 0.9999985 2448.119 4896.233 4896.221 4896.21 4896.198 4896.186 4896.175 2448.119 72 
0.2042827 0.9155961 0.8876767 0.1387111 0.1511161 0.1922169 0.2515743 0.3288425 0.5490241 1 147.4468 177.5676 174.6253 185.0598 195.7409 194.495 212.8652 1062.977 73 
0.4570584 0.3285447 0.8755362 0.2032226 0.300181 5.887178e-75 0.3135265 0.2675375 0.5052992 0.9999999 450.4815 656.3779 830.1852 379.4431 560.9545 483.3943 534.9797 2216.69 74 
0.2128894 0.8940076 0.8914649 0.1340421 0.1727287 0.2297999 0.2622255 0.3134527 0.4911831 1 145.4157 176.3732 199.8153 221.1317 204.0381 181.8624 187.6375 1084.851 75 
0.1772947 1 0.8971048 0.1253817 0.1503502 0.1920446 0.2546678 0.3280191 0.5118616 1 122.9995 144.8066 154.674 167.4234 179.6825 175.8572 182.1776 981 76 
0.2084377 0.802208 0.8748911 0.1393861 0.1516289 0.220535 0.2438972 0.3392007 0.4865999 1 165.7957 200.3538 196.9801 232.5832 213.5809 218.1314 210.0431 1189.472 77 
0.4808682 0.3050418 0.8476919 0.1935771 0.1686447 0.1886984 0.4655569 4.349673e-14 0.636804 0.9999996 445.8579 660.2567 630.7371 594.6817 869.2033 417.9723 627.3547 2303.258 78 
1 0.07642063 0.7435834 1 0.9182402 0.999877 0.9999994 1 1 1 2305.625 4611.25 4611.25 4611.25 4611.25 4611.25 4611.25 2305.625 79 
0.1748376 0.8778577 0.9114593 0.1178997 0.1612883 0.2152915 0.2291749 0.3332104 0.5298177 1 129.863 152.5679 183.3834 207.5028 182.8268 196.2076 208.4381 1101.469 80 
0.1731386 0.978404 0.9176631 0.1243922 0.1692523 0.2077813 0.2447086 0.3566087 0.4890696 1 125.7167 147.4831 175.3117 183.1045 174.2215 187.0309 170.7976 1010.648 81 
0.4737482 0.2842822 0.8742575 0.1704866 0.3089045 2.406651e-08 0.3087564 0.3159986 0.4186394 0.9999999 422.1275 622.1096 929.1784 440.1966 646.8012 616.4704 573.0107 2476.015 82 
0.2013311 0.9837714 0.9018522 0.132301 0.1612843 0.203367 0.2378208 0.3212411 0.5607814 0.9999999 133.1633 159.9733 173.0659 183.8091 175.7822 178.264 205.1795 1006.518 83 
0.5242568 0.239859 0.9062913 0.2078757 0.1539534 0.326736 6.459515e-28 0.3685688 0.576172 0.9999996 562.849 857.9264 779.9691 1001.792 525.1965 725.615 824.8755 2707.623 84 
0.1725278 0.9259805 0.8806141 0.1271507 0.1731837 0.1763234 0.2232017 0.333827 0.5302144 1 133.914 157.0179 186.2937 166.1595 168.4036 191.4004 204.7965 1053.191 85 
0.1893986 0.981359 0.8753109 0.1348921 0.16593 0.2059224 0.2646031 0.3188586 0.5354811 1 135.5265 161.195 174.7525 182.3822 186.8669 170.3798 186.6801 1004.703 86 
0.468613 0.3025655 0.904607 0.1767595 0.1735105 0.3527314 1.274133e-18 0.4132569 0.4722972 0.9999999 416.4451 611.5967 623.1351 857.4451 401.8099 617.0826 576.7056 2355.999 87 
0.1806292 0.9383506 0.9248441 0.141166 0.1673378 0.2023431 0.2915871 0.3192124 0.5303252 0.9999998 146.0027 172.3751 179.7755 182.1298 204.9237 170.4261 181.6757 1034.263 88 
0.1676139 0.9747938 0.9006239 0.1130954 0.1556985 0.1910722 0.2496228 0.3146539 0.5017511 0.9999999 113.8716 132.9581 161.3232 171.0999 180.9224 174.3269 186.5936 1006.864 89 
0.1969546 0.8331421 0.9053709 0.1536573 0.1461462 0.2311991 0.2589641 0.34616 0.4563968 0.9999994 177.6435 212.6312 184.8767 229.57 211.5482 206.427 182.691 1156.102 90 
0.1653926 1 0.9066995 0.1207778 0.1769498 0.1980194 0.2380954 0.3101849 0.503356 1 117.9999 137.5163 174.7441 168.9011 162.9352 160.9482 176.6199 977 91 
0.4821459 0.2812682 0.8901574 0.1954121 0.2000861 0.3729269 1.464187e-20 0.3569108 0.4647815 0.9999999 479.9811 711.4021 738.4237 945.5678 455.9016 573.6187 572.8652 2456.251 92 
0.1918798 0.8986877 0.8731011 0.1200917 0.1573615 0.2099414 0.2262634 0.327672 0.479577 0.9999998 129.0789 153.8466 178.3459 201.5299 181.1302 194.3846 194.3757 1074.837 93 
0.1939145 0.9077662 0.9149498 0.1155832 0.1715242 0.2187821 0.2400975 0.3429923 0.4816204 1 123.3814 147.3069 190.4987 208.0616 187.0534 195.5322 184.842 1067.468 94 
0.1840572 0.8966678 0.8974229 0.1465892 0.189067 0.1819472 0.2819465 0.3073045 0.5412541 1 158.3653 187.5135 208.8271 174.4698 204.5568 172.6111 196.4283 1080.334 95 
0.1779678 0.9321143 0.8790345 0.1493667 0.1662071 0.1762058 0.2353919 0.3582549 0.5213631 1 155.5625 183.2477 179.8581 162.1673 172.0998 197.3151 190.7883 1041.481 96 
0.1878537 0.9439223 0.9327431 0.1252449 0.1721835 0.2274557 0.2372685 0.3527621 0.4923153 1 129.2488 153.5287 184.2744 204.5912 175.4112 188.2847 175.6803 1031.969 97 
0.1783855 0.9789098 0.8975877 0.1333569 0.1579608 0.1972634 0.2405191 0.33488 0.4760794 0.9999999 134.8464 158.9011 166.7703 175.3097 173.7413 181.6452 174.8539 1011.169 98 
0.2062279 0.954128 0.9069112 0.1391926 0.1696823 0.2128408 0.2393647 0.3629108 0.4487869 0.9999999 142.5412 171.9371 185.0359 193.9459 177.9075 195.7321 165.6662 1024.057 99 
0.1865937 0.9813266 0.9064006 0.1283136 0.1466891 0.2252985 0.2534688 0.377578 0.5455605 1 128.3999 152.3585 156.3819 196.8739 182.8919 196.662 182.8697 1000.672 100 
