0.9216014 0.912427 0.4982699 0.08788284 0.10841 0.1261509 0.2156131 0.2814033 0.4965053 1 149.0851 286.4821 431.7676 571.9525 787.0429 991.4381 1251.093 1696.407 1 
0.9356438 0.8880758 0.4813939 0.08273327 0.1171095 0.1457512 0.2055681 0.2947152 0.4912172 1 145.2878 281.2255 451.7682 629.9771 839.1762 1069.613 1335.149 1756.099 2 
0.9045611 0.9058102 0.5028658 0.08230922 0.09770987 0.1517825 0.2032554 0.3057249 0.4909347 1 139.129 264.9797 391.2571 566.3546 753.6044 970.8618 1200.603 1690.321 3 
0.9334324 0.9081259 0.473647 0.08013507 0.1110079 0.1508485 0.1922574 0.3184526 0.4418024 1 137.6759 266.187 423.9012 607.6159 796.5325 1050.383 1270.623 1718.047 4 
0.8878539 0.8926178 0.516416 0.07803995 0.1000503 0.1323963 0.206477 0.2981896 0.4777018 1 133.3394 251.7254 381.1012 526.055 721.0199 931.1954 1153.978 1708.605 5 
0.924764 0.9115372 0.4782815 0.08612132 0.1081678 0.1537418 0.191296 0.2947035 0.5066252 1 148.1307 285.1165 433.6936 616.5894 797.1416 1019.906 1285.985 1720.023 6 
0.9247624 0.8815923 0.4861281 0.08551222 0.1110297 0.1453067 0.2131069 0.2851793 0.4846474 0.9999997 145.223 279.5198 430.9239 599.1147 805.5053 1009.7 1255.411 1698.272 7 
0.9700462 0.8832629 0.4729238 0.07872947 0.1094041 0.1429501 0.2241432 0.2966161 0.4677988 1 138.1567 272.1751 440.8928 633.5061 891.1187 1148.404 1429.028 1754.828 8 
0.9489225 0.8930308 0.4792192 0.07872061 0.1131926 0.1732297 0.2053265 0.2953981 0.4752957 1 136.6447 266.3099 433.7222 657.2361 864.4098 1095.495 1351.577 1735.819 9 
0.9379453 0.8782012 0.4949051 0.07760496 0.1147924 0.1512883 0.189006 0.2865024 0.4919099 1 133.2563 258.2435 424.0327 609.8318 796.8923 1023.923 1299.085 1717.111 10 
0.8812995 0.8876576 0.5204159 0.08439594 0.1051992 0.1446622 0.2189246 0.27354 0.4867749 1 145.3523 273.4511 406.8824 562.7071 760.134 927.7668 1150.994 1722.266 11 
0.8819597 0.9013443 0.5062914 0.0738945 0.1082311 0.1529275 0.2017398 0.3017934 0.45712 1 127.6108 240.1584 384.9064 557.581 735.4892 939.7187 1136.593 1726.933 12 
0.863887 0.8620001 0.5281023 0.08298862 0.1036016 0.1535903 0.2224153 0.3254985 0.4670592 1 145.034 270.327 399.5642 565.8216 759.2468 963.6579 1130.35 1747.637 13 
0.907488 0.9072726 0.4988853 0.0823595 0.1203611 0.1444268 0.2052612 0.3051053 0.4686204 1 140.0074 267.0625 430.1129 588.5034 775.0383 988.0106 1200.442 1699.955 14 
0.9043782 0.9041062 0.5003188 0.07452253 0.1110705 0.1658114 0.18862 0.3101816 0.4712003 1 130.5414 248.6003 404.8921 605.1263 774.0124 1002.551 1223.732 1751.704 15 
0.9347773 0.8805707 0.4939998 0.07993892 0.1113693 0.1570956 0.2063186 0.2828291 0.4687697 1 138.5762 268.114 428.2553 622.9782 828.8277 1042.943 1293.688 1733.526 16 
0.9161431 0.8979539 0.5143343 0.07965274 0.1159584 0.1565704 0.2181702 0.3081759 0.4910084 1 133.6647 256.1208 413.7327 592.8101 794.3366 1005.186 1226.728 1678.093 17 
0.8947792 0.9036083 0.5037008 0.08091176 0.1176598 0.1629717 0.2261628 0.2921298 0.5042306 1 136.1447 257.9642 412.7804 591.7268 787.7764 963.0811 1177.213 1682.632 18 
0.8868471 0.9023151 0.505819 0.07796255 0.1083042 0.1411342 0.2111083 0.2777616 0.4605623 1 129.6903 244.7059 383.1342 532.8089 720.5006 896.3698 1103.19 1663.495 19 
0.8678492 0.9115472 0.5139602 0.08218495 0.1088458 0.15003 0.2065251 0.2995204 0.476941 1 142.6368 266.424 404.5987 564.104 738.7432 927.8723 1125.102 1735.558 20 
0.9074581 0.891725 0.5058225 0.08813384 0.1171766 0.1584173 0.1996316 0.3264151 0.5151445 1 148.0553 282.4093 435.7699 609.6771 780.4585 1005.566 1228.587 1679.891 21 
0.9117031 0.9076077 0.4986321 0.09400084 0.09429317 0.1622513 0.2039786 0.2998727 0.5063465 0.9999999 158.6897 303.3676 420.801 608.4064 791.4037 998.5432 1237.863 1688.173 22 
0.8713123 0.8971829 0.5262156 0.07453126 0.09522066 0.1553834 0.1932165 0.3065963 0.4877928 1 127.0845 237.8149 357.4723 533.3219 697.6935 906.2013 1118.661 1705.117 23 
0.856174 0.9096277 0.5191015 0.06876289 0.1081522 0.1526177 0.2043176 0.2874041 0.4866665 1 117.6488 218.3767 359.2859 524.4762 695.0624 870.4517 1077.518 1710.935 24 
0.906672 0.8956763 0.5136404 0.08421074 0.1129425 0.1633378 0.2317711 0.3068082 0.470533 1 141.8189 270.4022 419.3547 603.6776 812.6292 1006.576 1199.447 1684.095 25 
0.9003842 0.907031 0.5006686 0.08885901 0.1149533 0.1454419 0.2077548 0.2892508 0.4536407 1 155.4795 295.4708 449.3019 609.7612 799.5242 996.1907 1204.956 1749.733 26 
0.8975692 0.89813 0.5095902 0.08270241 0.1220632 0.1573206 0.2023376 0.3315672 0.4654371 1 142.5441 270.4873 435.7671 609.4998 783.7384 1012.815 1199.343 1723.578 27 
0.9224346 0.8802689 0.494789 0.08377582 0.1141972 0.1522445 0.2121602 0.282334 0.4612909 1 145.4383 279.5957 439.5512 619.9639 825.2919 1026.965 1258.842 1736.042 28 
0.9270943 0.8956064 0.4954199 0.07882476 0.1113778 0.1599844 0.2056075 0.2822523 0.504185 1 137.3646 264.7146 424.2094 621.4998 822.5647 1031.273 1300.561 1742.658 29 
0.8834613 0.8961249 0.5093323 0.08328774 0.1130294 0.1502634 0.202817 0.2996274 0.4778519 1 149.5581 281.6868 434.9195 603.6283 784.9107 989.7814 1205.439 1795.679 30 
0.9177466 0.8993032 0.4753474 0.07920537 0.1018465 0.1553303 0.2020825 0.3025867 0.4716985 1 136.8011 262.3499 402.7441 591.4902 786.6551 1013.252 1246.608 1727.17 31 
0.8709483 0.9225167 0.5196514 0.08337413 0.09712983 0.1445326 0.2004935 0.3109855 0.504643 1 144.1941 269.7798 388.943 545.6202 720.699 932.1299 1152.223 1729.483 32 
0.9033324 0.8926841 0.4974414 0.08941126 0.1053992 0.145275 0.1904255 0.3251914 0.4790162 0.9999998 151.2592 287.8966 422.4302 581.7986 749.8593 987.4734 1200.261 1691.725 33 
0.8708505 0.8812789 0.521696 0.08051206 0.1111708 0.158024 0.2175273 0.2983819 0.4875743 1 142.9968 267.5256 414.5272 590.3698 779.9777 964.5895 1167.158 1776.091 34 
0.8779317 0.9206045 0.505417 0.07341952 0.0972156 0.1579372 0.2044515 0.319534 0.4711518 1 128.1977 240.7465 368.6441 554.3299 738.1247 960.6771 1157.109 1746.098 35 
0.903228 0.8989233 0.5056382 0.07482138 0.107245 0.156063 0.1881238 0.2918132 0.4691343 1 127.9557 243.5289 389.6444 572.3784 741.245 951.9341 1181.355 1710.149 36 
0.8669648 0.9173026 0.5199831 0.09226262 0.1118546 0.1495367 0.2227338 0.2935084 0.5067783 1 164.6393 307.3758 447.6688 603.2425 795.5072 968.8013 1180.405 1784.464 37 
0.8658303 0.9080192 0.5191361 0.08821292 0.10987 0.1683643 0.2097666 0.3090535 0.5069579 1 158.6104 295.9401 436.3582 623.5072 794.4265 984.2319 1188.11 1798.041 38 
0.9262025 0.8940994 0.4864775 0.08963056 0.1052104 0.1484723 0.2136669 0.2723049 0.5223097 1 154.375 297.3575 440.3802 616.1887 825.983 1020.839 1302.565 1722.348 39 
0.911584 0.920852 0.4955361 0.07756854 0.1111127 0.1548815 0.2181089 0.3036419 0.4870526 1 132.5097 253.3034 405.9968 587.0416 793.3243 1004.222 1229.35 1708.291 40 
0.9118187 0.9069201 0.5159219 0.08433182 0.1133659 0.1695954 0.2053264 0.2849947 0.4781265 1 146.6778 280.4214 436.2418 637.2537 821.823 1014.918 1243.978 1739.294 41 
0.9062342 0.900824 0.5108182 0.07592 0.1000523 0.139861 0.2110454 0.2880569 0.4804012 1 129.9083 247.6355 382.6197 545.7664 752.9085 960.4788 1200.695 1711.12 42 
0.9148081 0.9196164 0.4886205 0.08899186 0.1128295 0.1646528 0.2068257 0.2880265 0.5066334 0.9999998 152.2673 291.5627 442.5978 632.5878 817.6191 1011.873 1256.176 1711.025 43 
0.9338645 0.8874231 0.4763897 0.08248587 0.105227 0.1502901 0.2125043 0.3129767 0.4705063 1 143.1417 276.8167 426.0525 611.9881 828.7612 1072.312 1309.549 1735.349 44 
0.9113301 0.8869251 0.5072322 0.08541115 0.1089055 0.1531666 0.2053088 0.2905856 0.4769997 1 146.6038 280.2083 426.327 602.7863 792.5499 995.8336 1226.096 1716.449 45 
0.8732554 0.9047139 0.5210866 0.08017424 0.1136487 0.1432945 0.203446 0.3095484 0.4615272 1 137.0832 256.7918 402.9838 551.6595 724.7035 927.3179 1112.922 1709.816 46 
0.9156471 0.8899459 0.4791445 0.09521803 0.1017435 0.1544256 0.2169489 0.2839516 0.4733416 1 166.3355 318.6401 452.5731 633.642 840.6394 1036.658 1267.83 1746.891 47 
0.9317235 0.9011686 0.480394 0.07539118 0.09511886 0.1604535 0.2172001 0.31857 0.4458166 1 128.7497 248.7089 381.9212 585.103 805.6977 1049.828 1263.415 1707.756 48 
0.8636582 0.9110278 0.5136735 0.07698546 0.1193752 0.1669911 0.2164838 0.2919662 0.4831831 1 136.131 253.7016 413.9483 597.5263 775.2512 943.4432 1135.743 1768.269 49 
0.8652575 0.9120884 0.5186177 0.07875038 0.09901389 0.1608313 0.2204492 0.3203046 0.4833541 1 140.3592 261.8061 389.1077 574.6111 770.8656 976.9822 1163.29 1782.331 50 
0.9045405 0.9056615 0.4932239 0.07974904 0.1184703 0.1524407 0.221845 0.2684163 0.5154263 1 139.1501 265.0169 429.9463 604.6793 813.1035 986.065 1243.956 1744.849 51 
0.9204703 0.9059011 0.4899753 0.0716759 0.121523 0.1679787 0.194408 0.3199329 0.5011701 1 120.3462 231.1214 402.1567 600.1816 773.9312 1006.009 1238.808 1679.034 52 
0.8735838 0.8998002 0.531364 0.07980319 0.1200672 0.1615506 0.1933978 0.3221354 0.4542091 1 138.9415 260.3186 419.771 594.4511 747.8998 960.4792 1132.606 1741.052 53 
0.9164125 0.9147547 0.4810357 0.08170735 0.1100895 0.1497015 0.2313307 0.295069 0.4636457 1 142.1429 272.4044 425.5045 602.7603 832.0151 1036.643 1253.686 1739.659 54 
0.8975732 0.9124517 0.4971284 0.08543115 0.109424 0.1645137 0.2270369 0.301314 0.5022219 1 144.6899 274.5597 415.9302 600.2681 800.4493 986.8892 1198.403 1693.644 55 
0.8679322 0.8971107 0.5037679 0.08252585 0.09564779 0.1438909 0.2260379 0.3158256 0.4776787 1 146.048 272.8077 392.0796 551.5843 762.8875 969.4137 1159.357 1769.724 56 
0.9493885 0.8676953 0.4801052 0.08467755 0.1027424 0.1487949 0.1959958 0.3072203 0.4757315 1 146.399 285.3886 433.5346 622.8683 828.2315 1084.854 1350.214 1728.9 57 
0.8745993 0.9056972 0.5299295 0.08154574 0.1145806 0.1613428 0.2060193 0.3234348 0.5089103 1 139.1414 260.8344 407.6913 580.4445 747.4038 952.5217 1151.207 1706.299 58 
0.884379 0.9087449 0.5029721 0.0837987 0.09090664 0.1451907 0.2182332 0.3062915 0.4944234 1 147.4806 277.9094 392.3605 559.8269 768.555 979.7335 1202.441 1759.939 59 
0.9118222 0.9053854 0.4933708 0.08646296 0.1108389 0.172382 0.2248152 0.3229766 0.4977676 1 150.2414 287.2348 437.8523 642.5523 848.5097 1066.154 1277.306 1737.638 60 
0.8715331 0.9315513 0.5163723 0.07630801 0.110863 0.1475923 0.2178483 0.2886882 0.4593018 1 130.9872 245.1469 389.4348 547.4796 738.9384 915.3543 1104.841 1716.559 61 
0.8751989 0.8937434 0.5120185 0.08802597 0.1197204 0.1450477 0.2101443 0.2979754 0.5196439 1 157.7872 295.8824 454.6653 606.6478 789.475 980.5046 1212.633 1792.507 62 
0.9401606 0.893789 0.4814839 0.08892133 0.09563358 0.158065 0.2000155 0.3034314 0.5076321 1 154.432 299.623 433.0142 633.2899 836.3704 1078.773 1355.024 1736.727 63 
0.9227104 0.8884975 0.4901031 0.07487312 0.09982387 0.1459723 0.2156965 0.2839888 0.4806657 1 127.2072 244.5826 382.5784 559.54 776.9265 986.0143 1235.968 1698.97 64 
0.9504011 0.9018907 0.4643578 0.08477895 0.09955095 0.153707 0.2193778 0.3044583 0.4937142 1 145.2847 283.3634 425.4449 621.4187 852.7956 1094.555 1360.655 1713.688 65 
0.9225017 0.9017446 0.491068 0.08738985 0.09139973 0.1477068 0.2082259 0.2924669 0.482019 1 147.5226 283.6125 402.4411 578.0077 781.6291 997.3172 1242.176 1688.098 66 
0.8834403 0.8947312 0.503666 0.09002498 0.0996973 0.1674164 0.2050803 0.3045458 0.4864895 1 155.3792 292.6475 415.1189 603.4587 774.5545 969.2772 1172.92 1725.957 67 
0.8785957 0.9106827 0.5071548 0.08052204 0.09191196 0.1503917 0.2214175 0.3144339 0.4631563 1 137.2828 257.8989 370.6725 539.7603 742.0255 948.0302 1131.935 1704.91 68 
0.8909801 0.8882801 0.5027928 0.08444375 0.11755 0.1508615 0.2061461 0.3066823 0.4623522 1 147.5011 278.9216 436.504 601.8191 783.2427 989.6035 1186.666 1746.738 69 
0.9132026 0.8976311 0.4820726 0.0854957 0.1172948 0.1451245 0.2093431 0.3028354 0.498543 1 150.4259 287.7952 451.5462 618.4733 818.9714 1038.608 1282.123 1759.456 70 
0.8950034 0.8962 0.4962757 0.06229527 0.1036172 0.1547878 0.2023329 0.3029331 0.4724572 1 106.0242 200.9162 345.1873 530.3788 719.3389 935.9862 1155.35 1701.962 71 
0.8713434 0.9148055 0.5095788 0.07905066 0.1103658 0.1415468 0.2287908 0.3171628 0.5008367 1 136.662 255.7415 398.555 547.7668 755.485 955.7003 1153.438 1728.79 72 
0.8731758 0.8861 0.5099496 0.08993082 0.1100624 0.1621439 0.2247295 0.2865087 0.5035557 1 153.505 287.5419 422.0476 592.6768 777.813 936.4489 1140.316 1706.923 73 
0.9097546 0.8986903 0.4868062 0.08940825 0.09701962 0.1621982 0.1922255 0.290206 0.4747048 0.9999999 152.4748 291.1895 415.573 605.5103 776.6922 981.997 1213.126 1705.377 74 
0.9154141 0.8887723 0.4773507 0.07188156 0.1062131 0.1486998 0.2087729 0.294559 0.4775329 1 126.042 241.4226 393.8556 576.8355 786.562 1008.627 1253.363 1753.467 75 
0.8864014 0.8783799 0.5225486 0.09202735 0.1108404 0.1443435 0.2038313 0.3124673 0.4667882 1 163.9681 309.3096 453.486 609.6015 791.2311 1007.547 1207.586 1781.732 76 
0.9359168 0.9100885 0.4868499 0.07968803 0.1072352 0.1417283 0.2192591 0.294587 0.4582609 1 136.2798 263.8264 415.6956 588.2004 814.9258 1040.07 1277.787 1710.167 77 
0.8945158 0.9107228 0.4877088 0.07959931 0.09673651 0.1443333 0.2085796 0.3118978 0.4650927 1 138.3761 262.1557 389.2839 556.8184 756.0233 981.533 1191.215 1738.408 78 
0.914052 0.9016276 0.5022518 0.08489288 0.1069161 0.1442061 0.2236225 0.3109358 0.4748761 1 146.4317 280.2779 424.9522 591.7162 810.6412 1032.201 1249.971 1724.9 79 
0.9525846 0.8986912 0.4803436 0.08983565 0.09422007 0.1535954 0.2058282 0.2898305 0.4851048 1 152.4787 297.7276 429.1646 623.7378 837.9362 1070.814 1344.077 1697.308 80 
0.963328 0.8785547 0.4560104 0.0914899 0.1164516 0.1625911 0.2118719 0.2841225 0.5014373 1 158.2538 310.7042 482.3122 690.3802 911.4123 1138.353 1425.558 1729.741 81 
0.8931402 0.9056112 0.4913601 0.09592314 0.1106877 0.1544083 0.2107395 0.3128603 0.4824567 1 164.5579 311.5312 449.9133 614.8092 794.8994 997.9527 1196.48 1715.519 82 
0.9218648 0.8685514 0.5011811 0.0953562 0.1085174 0.1511502 0.1945436 0.3272177 0.5284564 1 168.1298 323.1227 470.9657 649.0957 833.1979 1086.219 1347.002 1763.176 83 
0.8776885 0.8923295 0.5078862 0.08140401 0.103298 0.1505321 0.1928702 0.3256937 0.5035347 1 137.8648 258.8671 387.9076 550.4572 711.6857 936.154 1146.408 1693.587 84 
0.9035169 0.9125308 0.4844243 0.08103373 0.1208567 0.1517901 0.2148666 0.3119199 0.4909139 1 141.3922 269.1424 436.9641 608.779 806.9581 1021.926 1240.437 1744.856 85 
0.8948906 0.8903995 0.5029728 0.08203318 0.1001469 0.14718 0.201869 0.304642 0.4564649 1 143.7817 272.4507 404.9444 575.4703 764.2356 984.1235 1193.478 1752.727 86 
0.8850012 0.8900582 0.514182 0.09021873 0.1103557 0.1637665 0.2141321 0.3200034 0.4669987 1 155.0737 292.3142 431.2715 609.5106 788.5351 990.4224 1166.857 1718.864 87 
0.8986137 0.8878639 0.5015006 0.07779854 0.1004644 0.1644171 0.2171989 0.294289 0.4682846 1 135.1828 256.66 391.6242 588.915 790.8093 988.0978 1199.5 1737.601 88 
0.8995713 0.9041976 0.5060728 0.07663365 0.1152977 0.1341677 0.2128076 0.3022752 0.4705387 1 134.9516 256.3502 418.0846 569.106 777.0154 995.3594 1217.299 1760.997 89 
0.8799742 0.9196425 0.4989012 0.07147217 0.0978628 0.1513237 0.2133656 0.3114752 0.4641821 1 123.9824 233.0838 362.7366 539.0849 737.5029 951.138 1147.014 1734.695 90 
0.8927677 0.8958104 0.5181324 0.08168582 0.1054676 0.1405925 0.2044865 0.2984432 0.5042074 1 136.2144 257.8221 391.6805 542.2662 724.8461 926.6128 1158.52 1667.54 91 
0.9337341 0.8932849 0.4986731 0.07993173 0.09958274 0.1446101 0.2018025 0.2945384 0.4799234 1 136.6046 264.1569 403.2373 581.2592 787.1412 1019.706 1279.422 1709.016 92 
0.8706396 0.904858 0.5158871 0.09197995 0.1133084 0.1441254 0.2194675 0.2957604 0.4580695 1 159.1667 297.7436 437.267 581.5038 767.9825 943.9119 1122.055 1730.45 93 
0.9298746 0.8892285 0.4789478 0.09548905 0.1052521 0.1510267 0.2153886 0.26432 0.4867501 1 168.7215 325.6113 470.9913 653.9287 869.5574 1060.353 1327.09 1766.92 94 
0.8542688 0.9077802 0.527615 0.08434666 0.1144176 0.1599542 0.2344059 0.3133914 0.446268 1 147.635 273.755 417.2377 583.46 777.9132 950.6157 1091.779 1750.337 95 
0.9319705 0.9000985 0.4776839 0.08237522 0.1082732 0.1527 0.2073443 0.288646 0.4946653 0.9999999 141.1254 272.6501 424.3156 609.514 814.3324 1030.698 1291.883 1713.202 96 
0.8805452 0.8924272 0.5199046 0.0908297 0.1188825 0.1600021 0.1823778 0.2947281 0.524541 1 153.5392 288.7374 436.9531 601.4257 737.036 923.1023 1156.896 1690.408 97 
0.892444 0.8800637 0.5007278 0.08573715 0.1103334 0.1585732 0.2341369 0.2986634 0.4989428 1 152.2888 288.1979 436.3752 618.5415 836.6454 1024.724 1240.302 1776.228 98 
0.889643 0.9058024 0.4859391 0.08396866 0.09960313 0.1559217 0.2202878 0.3263288 0.4648179 1 149.0628 281.6754 412.5608 595.3303 801.8823 1027.851 1216.169 1775.219 99 
0.8660064 0.9247031 0.4946304 0.09262639 0.1188775 0.1425743 0.21213 0.2908837 0.4568873 1 160.0761 298.7031 445.0925 582.448 755.7155 925.9637 1104.297 1728.191 100 
