0.02777101 0.01221758 0.01628881 0.007287491 0.008609906 0.00979575 0.01290321 0.01615565 0.02171879 1.054967e-17 12.36255 16.80238 21.72265 30.46644 41.74639 58.44824 79.01766 1 
0.03001569 0.01359284 0.0166109 0.007089371 0.008913952 0.01052378 0.01304829 0.01668117 0.02254082 2.86031e-17 12.44964 17.74706 23.38631 32.9842 47.38579 67.49426 92.79146 2 
0.02731244 0.01268013 0.01636641 0.007111033 0.00826789 0.0104846 0.01287515 0.01662088 0.02229973 3.043672e-16 12.01993 16.0865 21.42112 28.31619 39.02728 53.80847 72.84579 3 
0.03059402 0.0127951 0.01680108 0.006960974 0.008619025 0.01046934 0.01258712 0.01662016 0.02208337 2.26677e-16 11.95928 16.97983 22.71367 31.59824 45.97794 64.9547 90.73474 4 
0.02652935 0.0134795 0.01656404 0.006957401 0.008372224 0.01000732 0.0128337 0.01648977 0.02215012 2.460557e-17 11.88745 16.10691 20.53002 27.2551 36.28353 49.26891 65.94221 5 
0.02969775 0.01251294 0.01662456 0.007178552 0.008537297 0.01050769 0.01255066 0.01621417 0.02185019 8.954302e-16 12.34727 16.98307 22.91599 31.64308 45.53206 63.94667 87.12239 6 
0.03022501 0.01429641 0.01699827 0.007354769 0.008949203 0.0107138 0.01349107 0.01700242 0.02296666 2.848511e-05 12.4904 17.3022 22.99119 32.23146 45.5122 64.56783 87.83698 7 
0.03110633 0.01353065 0.01632554 0.006954471 0.008697234 0.01042959 0.01343278 0.01700624 0.02281757 2.38966e-15 12.2039 17.60632 23.82424 34.40312 50.03452 73.76078 104.7528 8 
0.02997924 0.01298197 0.01638436 0.006938882 0.008769453 0.01117905 0.01332011 0.01691511 0.02274244 2.413578e-15 12.04464 17.34637 23.57294 32.24641 47.49629 68.78578 95.79604 9 
0.02918969 0.013851 0.01662766 0.006999471 0.00898573 0.01085846 0.01298333 0.01669671 0.02273225 2.157941e-16 12.01887 17.33188 22.6839 30.90366 44.42276 62.88193 86.1066 10 
0.02596358 0.01354904 0.01632782 0.007212478 0.008608296 0.01045517 0.01332845 0.0165131 0.02228018 3.864244e-17 12.42181 16.58661 21.24098 28.03331 37.0836 50.77844 66.4536 11 
0.02686774 0.01312031 0.01652027 0.006705238 0.008493973 0.01048152 0.01278412 0.01646369 0.02195579 1.550507e-16 11.57949 16.29222 20.8438 26.9642 36.74669 50.11206 67.29686 12 
0.02541583 0.01483727 0.0161015 0.007232054 0.008694961 0.01087359 0.01374589 0.01782758 0.02399426 6.605114e-17 12.639 16.74924 21.52198 27.68231 36.41058 48.46268 64.10624 13 
0.02759362 0.01250794 0.01639633 0.007085347 0.008974073 0.01044454 0.01295864 0.0167069 0.02230725 6.758989e-17 12.04477 17.02565 21.58657 29.34689 40.78736 56.36715 76.30594 14 
0.02707228 0.01274297 0.01591764 0.006675067 0.008516268 0.01074724 0.0125434 0.01643769 0.02201396 1.843381e-17 11.69274 16.67489 21.73944 28.08319 39.63915 54.60865 74.25239 15 
0.02888059 0.01371453 0.01638043 0.007052294 0.008831667 0.01090912 0.01333421 0.01680424 0.02265659 5.322308e-16 12.22533 17.30384 22.96026 31.26648 44.54037 63.47276 86.98037 16 
0.02618341 0.01251145 0.01589586 0.007062988 0.00895713 0.01089532 0.01354384 0.01729299 0.0232037 1.85365e-15 11.85235 16.75832 21.43367 28.32427 38.95476 54.25789 73.66554 17 
0.02695636 0.01271035 0.01627838 0.007079609 0.008951284 0.01099206 0.01368091 0.01708133 0.02291927 1.137341e-16 11.91238 16.72956 21.45026 28.31728 38.8126 54.16121 72.27726 18 
0.02747649 0.01339452 0.01668781 0.007002787 0.008683766 0.01036982 0.01312755 0.01641597 0.02196097 1.242815e-17 11.6491 16.14668 20.5178 27.28024 36.69723 50.54627 67.28883 19 
0.02543216 0.01248337 0.01600345 0.006981439 0.008468846 0.01031598 0.01273598 0.01628939 0.02174608 3.270754e-16 12.11669 16.38519 20.77368 26.8687 35.86403 48.12552 63.30443 20 
0.02723697 0.0131192 0.01638327 0.007437324 0.009115663 0.0110715 0.0133079 0.01752573 0.02369825 5.453396e-16 12.4939 17.15439 22.24818 29.73815 41.71086 57.05655 76.82514 21 
0.02755201 0.01235084 0.01636792 0.007560378 0.008240884 0.0107958 0.01304919 0.01670238 0.02246284 1.954965e-05 12.76323 16.40831 22.62924 30.23948 42.27058 58.49934 78.60595 22 
0.02510068 0.01321211 0.01607464 0.006791554 0.008136627 0.01054096 0.01265613 0.01650557 0.02219395 2.526346e-16 11.5804 15.56824 20.29678 25.27766 33.70101 44.8441 59.32886 23 
0.0256046 0.01289277 0.01651124 0.006473934 0.008417514 0.01038932 0.0127256 0.0161107 0.02160242 2.966295e-17 11.07648 15.78214 19.77458 24.82633 32.77272 44.1379 57.85093 24 
0.02626147 0.01259852 0.01611666 0.007246234 0.008899205 0.011073 0.01391244 0.01756576 0.02342178 2.531105e-18 12.20335 16.78213 21.78027 28.7765 39.3411 54.86889 74.09166 25 
0.02705963 0.0125221 0.01613686 0.007236403 0.008730802 0.01031054 0.01284254 0.01627233 0.0216751 4.286254e-16 12.66177 17.23152 22.20302 30.20684 41.61646 57.25558 76.50407 26 
0.02637641 0.01264943 0.01616063 0.007091551 0.009042146 0.01083384 0.01308301 0.01725645 0.0230941 9.295539e-16 12.22284 17.21373 21.77608 28.74696 39.93061 54.26877 73.37378 27 
0.02898897 0.01394456 0.01664921 0.007206253 0.008947266 0.01082116 0.01343578 0.01687188 0.0226672 1.191749e-16 12.51036 17.49891 23.01241 31.67134 44.6402 63.12836 85.72787 28 
0.02802307 0.01289574 0.0161013 0.006913864 0.008663163 0.01076593 0.01306673 0.01643153 0.0222463 1.386376e-14 12.0485 17.06458 22.5203 30.25721 42.85864 60.83209 82.73308 29 
0.02614825 0.01308354 0.01598885 0.006981956 0.008599704 0.01036465 0.01270503 0.01632469 0.02190842 7.138737e-17 12.53735 17.18351 21.90824 28.88322 39.37511 53.42602 70.85599 30 
0.03044071 0.01349831 0.01692707 0.006946988 0.008355171 0.01056157 0.01286354 0.0165706 0.02220777 5.946249e-16 11.99863 16.61568 22.5673 30.77988 44.03143 62.25232 85.76398 31 
0.02474183 0.01160066 0.01581832 0.00698853 0.008012926 0.009984959 0.01235141 0.01606442 0.02145653 7.581312e-17 12.08654 15.81616 20.38737 26.21656 34.74366 46.18549 61.04941 32 
0.02823889 0.01369837 0.0165713 0.007459856 0.008703791 0.0105569 0.01279918 0.0170672 0.02297092 2.700272e-05 12.62002 16.81863 22.22054 30.06191 42.04717 57.01629 77.14762 33 
0.02522463 0.01378866 0.01580426 0.006977715 0.008685339 0.01074746 0.01334398 0.01691115 0.0227571 1.93109e-16 12.39306 16.96271 21.55399 27.6789 36.8338 49.88682 65.45782 34 
0.02610145 0.01186785 0.0161771 0.006563807 0.007922474 0.01025957 0.01247162 0.01624095 0.02158357 3.433505e-17 11.46105 15.67397 20.58322 26.18744 35.48214 48.22609 65.30942 35 
0.02740001 0.01302827 0.01648418 0.006789764 0.008538581 0.01065124 0.01262275 0.01631005 0.02191568 3.247615e-17 11.61151 16.36587 21.28027 27.66176 38.57252 53.12361 71.6771 36 
0.02419931 0.01160936 0.01555525 0.007235111 0.008474798 0.01018304 0.01290457 0.01617796 0.02163372 3.940635e-17 12.91079 16.94014 21.43937 28.1036 37.03443 49.75644 64.55407 37 
0.02446848 0.01215434 0.01564219 0.007105132 0.008426657 0.01067878 0.01286445 0.01648904 0.02210002 4.579724e-17 12.77532 16.91116 21.84928 27.81052 37.44933 50.13953 65.42332 38 
0.02915495 0.01341874 0.01634947 0.007399881 0.008620083 0.0105486 0.01324016 0.01642217 0.02233389 5.096968e-16 12.74517 17.18496 23.21827 32.33421 45.46904 64.58317 87.00037 39 
0.0273292 0.01155322 0.01615828 0.006810295 0.008513224 0.01044037 0.01301506 0.01652003 0.02201674 1.300996e-17 11.63397 16.43998 21.33536 28.5013 39.56719 55.63063 76.01691 40 
0.02544259 0.01190861 0.01556037 0.007081038 0.008675919 0.01093148 0.01305415 0.01641592 0.02202265 2.62741e-17 12.31601 16.97421 22.12258 28.78318 39.96807 55.40739 74.09105 41 
0.02657608 0.01287489 0.01607151 0.00682634 0.008287794 0.01012751 0.01288691 0.01629539 0.02187798 1.697651e-16 11.68069 16.08612 20.80407 27.58908 37.18873 51.57117 69.70556 42 
0.02803786 0.01160204 0.01628961 0.007261751 0.008657919 0.01078074 0.01297939 0.01635777 0.02195943 2.515104e-05 12.42504 16.97275 22.62752 30.70262 43.56215 61.04379 82.1341 43 
0.03070972 0.01372626 0.01690434 0.007124422 0.008587518 0.01059592 0.01324179 0.0171035 0.02295928 2.384939e-16 12.36336 17.17192 23.33274 32.67496 46.92881 66.96019 93.19573 44 
0.02722236 0.01340507 0.01621452 0.007273744 0.00877597 0.01077657 0.01322819 0.01681833 0.02265417 2.53189e-16 12.48501 17.00441 22.27053 29.80502 41.31 57.26006 76.91441 45 
0.02543018 0.01280388 0.01613579 0.006983895 0.008730024 0.01031636 0.01281415 0.01662073 0.02215031 1.299281e-16 11.94117 16.48169 20.48857 26.65071 35.57827 47.50983 62.97985 46 
0.03015965 0.01389132 0.01686191 0.007581411 0.008529932 0.01067749 0.01335086 0.01671068 0.02244266 1.044527e-15 13.2439 17.40943 24.17435 33.83056 47.77949 67.37551 90.87236 47 
0.02984314 0.01300779 0.0166155 0.006814853 0.008126313 0.01066118 0.01322287 0.01704138 0.02263478 3.288334e-16 11.63811 16.12418 22.2178 29.98558 42.75127 61.32381 86.32165 48 
0.02529305 0.01230355 0.01607419 0.006709981 0.008682168 0.01071445 0.01304735 0.0163724 0.02187045 3.467223e-16 11.86505 16.78265 21.06708 26.80098 36.0662 49.06642 64.28771 49 
0.02443807 0.01203863 0.0156022 0.006749403 0.008002572 0.01035121 0.01285784 0.01651998 0.02200685 1.331325e-16 12.02967 16.04328 20.86957 26.34584 34.79683 46.83899 62.32337 50 
0.02777044 0.01268856 0.01626831 0.00689941 0.008792826 0.01050632 0.01321176 0.01617958 0.02188534 1.969811e-15 12.03843 17.12882 21.94978 29.74865 41.11579 58.15028 77.62199 51 
0.02852441 0.01255912 0.01647266 0.006687201 0.009000001 0.01109696 0.01301393 0.01708405 0.0229708 1.042992e-17 11.22804 16.74823 21.59814 28.47991 40.99642 57.57717 79.39082 52 
0.02395741 0.01245317 0.01550306 0.006925243 0.008888348 0.01081694 0.01278417 0.01686048 0.02248472 4.798635e-17 12.05721 16.87208 20.93106 26.26483 35.43953 46.76303 61.79639 53 
0.02902285 0.01221744 0.01648178 0.006946635 0.008486012 0.01029261 0.01322221 0.01652317 0.02192932 5.936906e-16 12.08478 16.87076 22.28565 30.86385 43.18799 61.68015 84.63221 54 
0.02732965 0.0122464 0.01634336 0.007196089 0.008620343 0.01085241 0.01350855 0.01698154 0.02269889 1.925258e-16 12.18761 16.56552 21.8473 29.06007 40.10744 56.0208 75.2256 55 
0.02680846 0.0135954 0.01646059 0.00700016 0.008067319 0.01008707 0.01305605 0.01672146 0.02232903 2.328173e-17 12.38835 16.2292 21.29037 28.19059 37.32022 50.76266 67.9324 56 
0.03112296 0.01460427 0.01678653 0.007332883 0.008731561 0.01080847 0.01320247 0.01724048 0.02338793 2.130212e-15 12.67782 17.47121 24.06873 33.84431 49.29032 70.22237 97.81741 57 
0.02413544 0.01220972 0.01564285 0.007040459 0.00877121 0.01081443 0.01307584 0.01705183 0.02288375 5.391509e-17 12.01313 16.49564 20.73991 26.20025 35.06489 46.70182 61.61297 58 
0.02653538 0.01247272 0.01620327 0.007012206 0.007844705 0.01000975 0.01277398 0.01629806 0.02180094 6.938488e-17 12.34106 16.00717 21.35003 28.23461 37.81758 51.82179 69.56011 59 
0.02745365 0.01225354 0.01607448 0.007180273 0.008630087 0.01101307 0.01351197 0.0173173 0.02317974 7.674634e-15 12.47672 17.0603 22.81506 30.50207 42.98552 60.37002 82.26708 60 
0.02500294 0.01102866 0.01598839 0.006690286 0.008379932 0.01008539 0.01273215 0.01593213 0.02109486 1.158243e-17 11.48427 15.9966 19.99846 25.81589 34.09663 46.34229 61.3316 61 
0.02582565 0.01311712 0.0160866 0.007183169 0.008867995 0.01034629 0.01292762 0.01649325 0.02227498 1.949036e-16 12.87588 17.54725 21.97121 29.33335 39.50873 53.36507 69.6702 62 
0.02957042 0.0132065 0.0162915 0.00734469 0.008263707 0.01068165 0.01293392 0.01670131 0.02259371 3.181934e-16 12.75572 16.97644 23.79673 32.81555 47.31754 67.13874 92.48133 63 
0.02957442 0.01381607 0.01692539 0.006868884 0.008410842 0.01047132 0.01327955 0.01667324 0.02245466 3.457512e-15 11.67003 16.31833 21.76452 29.62992 41.26471 58.93939 81.00519 64 
0.03175678 0.01303442 0.01678922 0.007192784 0.008348951 0.0105624 0.01327573 0.01689419 0.02267963 1.256886e-15 12.32619 16.94124 23.78046 33.85805 49.32771 71.80383 100.7153 65 
0.02887997 0.01294984 0.01659944 0.007341413 0.008136769 0.01040764 0.01301165 0.01654068 0.02221229 1.623866e-15 12.39302 16.23425 22.33844 30.49642 42.60049 59.85997 81.67904 66 
0.02714971 0.01347408 0.01646021 0.007394686 0.008402821 0.01095527 0.01316818 0.01689624 0.02269882 2.284143e-17 12.76291 16.57993 22.40519 29.1737 40.23319 54.77597 72.59762 67 
0.02681119 0.01260802 0.01675909 0.006982532 0.007961909 0.01028064 0.01305027 0.01671062 0.02218934 3.17506e-16 11.90459 15.61704 20.77511 27.13083 36.26989 49.62377 66.99284 68 
0.0273595 0.01372156 0.01631733 0.007166053 0.008942643 0.01067056 0.01312603 0.01693228 0.02267173 1.2561e-16 12.51722 17.33713 22.13241 29.661 40.91926 55.88896 74.78762 69 
0.02937354 0.01328867 0.01658422 0.007142514 0.00883902 0.01038741 0.01297203 0.01663959 0.02240064 1.710056e-15 12.56694 17.58189 22.9706 32.11658 45.37374 63.58905 86.31526 70 
0.0283766 0.01374211 0.01670064 0.006252957 0.008355769 0.01056034 0.01287935 0.01659509 0.02224637 4.091677e-17 10.6423 15.75679 20.44066 26.25526 36.20376 50.50345 69.30957 71 
0.02575904 0.01232801 0.01613356 0.006856385 0.008485401 0.01006543 0.0130865 0.01670549 0.02227582 1.755649e-16 11.85325 16.32753 20.45286 27.02156 35.64481 48.50556 64.78678 72 
0.02669732 0.01396121 0.01645568 0.007475715 0.008866431 0.01106606 0.0137993 0.01718726 0.0231688 3.822904e-16 12.76047 16.89018 22.01503 28.90936 38.86631 53.19888 69.28903 73 
0.02912871 0.01343651 0.01664509 0.007399439 0.008333758 0.01083135 0.0128403 0.01646927 0.02215379 1.323903e-05 12.61884 16.58009 22.9046 30.72031 43.59557 60.48727 81.45172 74 
0.03068201 0.01417528 0.01709135 0.006634495 0.008463483 0.01041625 0.01297165 0.01652681 0.02223319 6.900803e-16 11.63337 16.7643 22.19337 30.34731 43.02507 61.38063 84.71889 75 
0.0255953 0.01362405 0.01606056 0.007433397 0.008799659 0.01048055 0.01301438 0.01695156 0.02278996 6.974905e-17 13.24432 17.49052 22.36981 29.77637 40.27471 53.89629 71.31045 76 
0.02890722 0.01228205 0.01633742 0.00694605 0.008496594 0.01018593 0.01305508 0.01648469 0.02193029 3.09542e-16 11.8789 16.69503 22.02637 30.62064 43.06088 61.60339 85.48846 77 
0.02841602 0.0127853 0.01659155 0.006881876 0.008053116 0.01005712 0.01263583 0.01633988 0.0217547 6.689421e-17 11.96351 16.12064 21.43346 28.77707 39.59358 54.75246 74.75747 78 
0.02703688 0.01256595 0.01601037 0.007162503 0.008555856 0.01031896 0.01325248 0.01693155 0.02260827 2.882602e-16 12.3546 16.81464 21.92952 29.85096 40.92294 57.08499 77.85899 79 
0.03045163 0.01296244 0.01675147 0.007438627 0.00827988 0.01063012 0.01309591 0.01662503 0.0223944 2.931723e-15 12.62564 16.8266 23.78347 33.42027 48.37372 69.53951 96.44843 80 
0.03374864 0.01438778 0.01708518 0.007556374 0.009146596 0.0112385 0.01372578 0.01722444 0.02339956 3.04043e-14 13.07057 18.45672 26.10964 38.45634 57.70899 84.60789 117.5257 81 
0.02819596 0.01286252 0.01671719 0.007583015 0.008750191 0.01066993 0.01316027 0.01696745 0.02269011 6.000334e-18 13.0088 17.16221 22.84128 31.20611 43.37755 59.36126 79.25949 82 
0.02777529 0.01400533 0.01610051 0.007666267 0.008918744 0.01086244 0.01314244 0.01746393 0.02388828 2.890259e-16 13.51698 17.93066 24.03891 32.94533 46.68945 64.06824 86.44218 83 
0.02703419 0.01368724 0.01672496 0.007131751 0.008547393 0.01061489 0.0128173 0.01702763 0.02297901 2.232102e-16 12.07824 16.25067 21.09332 27.37113 37.4434 50.07084 66.8758 84 
0.02844491 0.01225781 0.01654634 0.006918608 0.00881681 0.01044046 0.01298856 0.01667082 0.02227592 2.656183e-16 12.07197 17.20199 22.0877 30.22241 42.42704 59.30592 80.6209 85 
0.02765105 0.01370613 0.01655102 0.007047299 0.00832627 0.01035059 0.01279197 0.01655523 0.02214356 4.122518e-17 12.35199 16.59045 21.89588 29.12379 40.03246 54.81449 74.03097 86 
0.02601325 0.01324 0.01603751 0.00743668 0.008818165 0.01103625 0.01350519 0.01745263 0.02334844 6.877122e-17 12.78264 16.96688 22.1251 28.90758 39.44706 53.38039 71.02115 87 
0.02753723 0.01375361 0.01626374 0.006915785 0.008358712 0.01085839 0.01338295 0.0168769 0.02260259 5.229505e-16 12.01688 16.42545 21.97455 28.64952 39.42806 55.11553 74.47172 88 
0.026434 0.01250891 0.015906 0.006742597 0.008640549 0.009925596 0.01275018 0.01632315 0.02180063 9.000644e-17 11.87369 16.89949 21.05119 28.38046 38.40701 52.91591 71.59932 89 
0.02711502 0.0121455 0.01659849 0.006507748 0.007964878 0.01012486 0.01264225 0.01623539 0.02153706 6.301408e-17 11.28896 15.63426 20.43971 26.4886 35.81176 49.33449 67.13116 90 
0.02613032 0.01324165 0.01612326 0.007180145 0.008667092 0.01041103 0.01305761 0.01677305 0.02262819 2.595244e-17 11.97318 16.23331 20.68508 27.25502 36.59361 49.67974 66.03021 91 
0.02824634 0.01304582 0.01634408 0.007037607 0.008386918 0.01038447 0.0128963 0.01654494 0.02228684 2.980156e-17 12.02738 16.51715 22.04786 29.94876 42.0108 59.20769 81.47839 92 
0.02570202 0.01269038 0.01624612 0.007400111 0.008759653 0.01034147 0.01316801 0.01663136 0.02211226 1.64398e-16 12.80552 16.92158 21.42161 28.55721 37.9404 51.05739 66.86082 93 
0.03005004 0.01360765 0.01659658 0.007552562 0.008613612 0.0105785 0.0132575 0.01629271 0.0220727 1.001579e-16 13.34477 17.77193 24.5742 34.86463 49.55857 70.654 95.26326 94 
0.02418031 0.0123102 0.01591431 0.007050154 0.008651873 0.01062482 0.01345266 0.0170282 0.02247231 2.233412e-17 12.34014 16.63862 20.84839 26.65382 34.80095 46.62193 61.13739 95 
0.03050805 0.01321884 0.01695444 0.007102552 0.008629518 0.01061114 0.01307276 0.0165474 0.0223082 1.583953e-05 12.16811 17.01789 22.97265 32.01436 46.01275 65.80456 90.42011 96 
0.02583419 0.01326874 0.01627404 0.007510353 0.009144564 0.0110862 0.01287611 0.01676317 0.0227753 2.066028e-17 12.69556 17.09933 21.76153 28.18737 38.80632 51.75754 67.01559 97 
0.02742798 0.01382241 0.01639312 0.00720022 0.008726439 0.01081523 0.01375565 0.01726632 0.02322599 3.33172e-17 12.78923 17.36396 22.78377 30.62807 41.76637 58.34433 77.89717 98 
0.02830022 0.01297049 0.01652616 0.007007438 0.00813942 0.01035804 0.01297738 0.01678803 0.02234907 6.908897e-17 12.43974 16.60304 22.33538 29.95569 41.42162 57.3523 78.19147 99 
0.02739073 0.01207548 0.01675537 0.007332603 0.008769349 0.01014115 0.01278207 0.0161307 0.02138295 2.764284e-17 12.67214 16.9824 21.59028 29.38258 39.73241 53.62076 70.18183 100 
