0.03025925 0.1053054 0.04768076 0.01197874 0.01362146 0.01573652 0.01838446 0.02342271 0.03095049 7.41758e-05 14.20223 14.87125 14.88462 14.67881 15.47388 15.90697 14.88503 1 
0.02687053 0.07975418 0.04597575 0.01132881 0.0132831 0.01410338 0.01820951 0.02271142 0.02970717 2.475051e-05 12.19378 13.03562 11.98984 13.95679 13.23315 13.71317 13.99474 2 
0.02638772 0.08947149 0.04840007 0.01140351 0.01272264 0.01570507 0.01890018 0.02391013 0.03126467 0 12.49296 12.68963 13.8984 13.54758 13.87332 14.10295 12.98381 3 
0.02727939 0.08846343 0.04737895 0.01091852 0.01266673 0.01544137 0.01894663 0.02372076 0.03105557 1.766777e-05 11.95031 12.78022 13.67423 13.9144 13.79655 14.07386 13.62013 4 
0.02238996 7.925286e-06 0.04794433 0.01071334 0.01262811 0.01503845 0.01864757 0.02351298 0.03044252 0 10.55264 11.20521 11.64564 12.10845 12.02178 11.40299 12.16657 5 
0.02810548 0.08376458 0.0534713 0.01094079 0.01325022 0.01514221 0.01804538 0.02315336 0.03020178 4.840036e-19 11.44347 12.73186 12.46292 12.82586 13.33289 13.08981 12.853 6 
0.03313046 0.09443274 0.04814548 0.01145018 0.01290687 0.01472794 0.01847514 0.02320872 0.03059865 6.93529e-05 13.26481 14.06834 14.35065 15.74661 15.39854 16.32292 15.5446 7 
0.01646848 2.814989e-06 0.04945508 0.01057916 0.01323721 0.01521932 0.01779819 0.02301874 0.02993402 0 10.40989 11.57034 11.15563 10.89932 11.58431 11.13539 11.25723 8 
0.02759986 0.09782902 0.04875628 0.01125684 0.0132747 0.01529064 0.01823907 0.02416875 0.03197937 6.032865e-05 12.56763 13.62048 13.44668 13.70188 15.11037 13.65165 13.68837 9 
0.03360073 0.1185517 0.05424168 0.01205583 0.01239797 0.01595723 0.01865966 0.02273475 0.03008004 0 13.97425 13.29966 16.09444 14.34677 14.71113 16.15462 14.85455 10 
0.02900376 0.07225187 0.05193252 0.01158301 0.01270198 0.0155373 0.01909007 0.02338063 0.03037642 0 12.00829 12.04386 13.28684 13.2766 12.71741 12.9931 13.2743 11 
0.01773187 0.06757256 0.0461503 0.01118079 0.0132844 0.0154236 0.01904023 0.02377548 0.03079184 2.222677e-14 11.55476 12.09661 11.85754 12.21233 11.75726 11.22797 12.11951 12 
0.02411208 0.08602659 0.04579961 0.01032701 0.01313754 0.01612981 0.01908367 0.02388831 0.03117383 2.199985e-05 11.39343 13.34313 13.8176 13.23239 13.52406 13.05814 13.52691 13 
0.02419095 0.07018879 0.05014397 0.01075819 0.01335386 0.01480699 0.017727 0.02262674 0.02946266 6.755924e-05 11.09926 12.5078 11.70905 12.25951 12.61458 12.8353 12.33949 14 
0.03095412 0.09307362 0.04949217 0.0105558 0.01357951 0.01569088 0.01887803 0.02343045 0.03073703 1.535863e-05 11.69329 14.16663 13.65854 14.41373 14.30287 15.03461 13.93871 15 
0.02064468 0.0562044 0.04632414 0.01108721 0.01279688 0.01517656 0.0186557 0.02325864 0.0302627 4.799341e-05 11.34128 11.66627 11.99469 12.27147 11.97937 11.94927 12.16542 16 
0.02974334 0.06915614 0.05031665 0.01074617 0.01222071 0.01446921 0.01808712 0.02243131 0.02924852 0 11.07834 11.70859 12.4566 13.25464 13.00133 13.67606 13.51231 17 
2.676657e-06 0.08785826 0.02829145 0.04067591 0.04242521 0.04961244 0.06952073 0.07130352 0.1094693 2.637844e-05 47.1634 60.73113 57.20203 38.62503 35.9673 31.46226 0.01259809 18 
0.02868138 0.08447976 0.04433366 0.01156651 0.01325177 0.01491855 0.01819316 0.02321287 0.03053498 5.305904e-06 13.13294 13.81703 13.62633 14.48457 14.75041 14.7472 14.80416 19 
0.01852683 8.355165e-06 0.04967847 0.01088037 0.01248738 0.01471809 0.01815362 0.02318615 0.03018593 4.673166e-16 10.65188 10.865 11.14822 11.52404 11.76247 11.15334 11.55033 20 
0.03238783 0.09385685 0.04750402 0.01107412 0.01267207 0.01516905 0.01818863 0.02339959 0.03080586 6.127725e-18 12.80844 13.7947 14.71481 14.89277 15.94401 15.24011 16.2003 21 
0.03124599 0.103051 0.05083784 0.01153496 0.01286811 0.0148137 0.01694718 0.02290175 0.0300643 6.211952e-05 12.84909 13.29368 13.63822 13.28864 15.52133 14.42892 14.75977 22 
0.03402587 0.06173358 0.04957018 0.01056233 0.01292153 0.01527563 0.01793644 0.02251691 0.02938813 0 10.7674 12.42454 13.00107 13.38427 14.02352 14.13739 14.14186 23 
0.02594999 0.07778319 0.05291657 0.0107064 0.01263732 0.01494419 0.01846185 0.02342834 0.03045579 2.571412e-22 11.10893 11.99731 12.35512 12.9094 12.99523 12.20944 13.28213 24 
0.01845478 7.407482e-06 0.04985211 0.01065573 0.0117532 0.01466357 0.01750672 0.02252864 0.02924788 0 10.44262 10.31576 11.38848 11.21326 11.88525 11.2246 11.90109 25 
0.02174089 4.5425e-06 0.04474541 0.01085408 0.01286069 0.01543108 0.01836332 0.02332158 0.030235 1.010035e-19 10.69127 11.35187 11.81659 11.69759 12.03238 11.99504 11.46637 26 
0.02877806 0.06743605 0.05108145 0.01062634 0.01310996 0.01471599 0.01890477 0.0236328 0.03080106 0 10.93174 12.46117 12.07844 13.70499 12.96858 13.0892 13.20417 27 
0.02736676 0.09719485 0.04917788 0.01068132 0.01295736 0.01565189 0.01792738 0.02319988 0.03041927 5.146233e-16 11.94154 13.42347 13.9136 13.11696 14.62412 14.25907 13.72662 28 
0.01802104 0.05521533 0.0438847 0.01107096 0.01232882 0.01485995 0.01800566 0.02274751 0.02956442 8.25866e-15 11.27744 11.11728 11.74399 11.78235 11.96731 11.67971 12.24006 29 
0.02064097 0.0598292 0.04698832 0.01023305 0.01311464 0.01524363 0.0188077 0.0238224 0.03100394 3.900559e-05 10.39979 12.10389 11.82977 12.38068 12.30782 11.5207 12.26243 30 
0.02917392 0.07340018 0.05256503 0.01102442 0.01328094 0.0157157 0.01876385 0.02380918 0.03106747 3.186248e-05 11.35653 12.59466 12.88753 13.01024 13.35558 12.89062 12.97623 31 
0.01865847 5.244257e-06 0.04399679 0.01024081 0.0125384 0.01482197 0.01855179 0.02283436 0.02965109 2.225722e-19 10.11792 11.15091 11.33679 11.94907 11.35851 11.53075 11.69838 32 
0.02533848 0.07762611 0.04530888 0.01101089 0.01277832 0.01561231 0.01855876 0.02300456 0.03012834 3.315912e-05 11.92798 12.6217 13.48172 13.12974 13.23257 13.687 13.43812 33 
0.02601997 3.365791e-06 0.04952978 0.01145779 0.01291352 0.01523454 0.01892888 0.02383366 0.03100036 3.511212e-15 11.30884 11.49846 12.11684 12.49047 12.26906 11.99386 12.12321 34 
0.02401735 0.07783006 0.05163071 0.01141245 0.01308292 0.01596865 0.01790141 0.02370244 0.03075488 1.560931e-17 11.79422 12.13479 12.86594 11.59223 13.24078 12.65623 11.64372 35 
0.03164302 0.08769478 0.05055038 0.0104358 0.01359605 0.01530568 0.01932527 0.02445077 0.03212871 0 11.46453 14.10657 13.23629 15.16258 14.64604 14.49381 14.37859 36 
0.02211016 1.696939e-05 0.05035426 0.01074358 0.01277624 0.01462417 0.01803119 0.02293695 0.02981826 0 10.55019 11.27358 11.21389 11.77679 11.93808 11.80082 11.71459 37 
0.02257054 0.04860105 0.04515143 0.01081901 0.01202991 0.01475857 0.01781963 0.02260547 0.0294404 2.244619e-05 11.01387 11.08198 12.09858 12.10826 12.5031 12.36832 12.6031 38 
0.0214984 0.07546511 0.05020413 0.01085759 0.01245174 0.01531243 0.01893705 0.02335666 0.03032535 5.452281e-05 11.2192 11.58116 12.43896 12.63222 12.02656 12.77448 11.67797 39 
0.01583895 2.386539e-06 0.0476165 0.01068769 0.01217536 0.0143452 0.01795536 0.02233026 0.02901148 8.94985e-17 10.51669 10.62657 10.91194 11.52351 11.24254 11.51532 11.41044 40 
0.02002974 0.05804424 0.04557085 0.01045818 0.01299941 0.01508348 0.01900354 0.02270325 0.02967019 4.209781e-05 10.67051 11.96411 11.76068 12.59025 11.26887 12.22416 12.15013 41 
0.02528995 0.08072115 0.05173492 0.01057433 0.01293234 0.01540951 0.0186324 0.0237343 0.03094529 8.159674e-20 10.98366 12.30518 12.55291 12.72643 13.04922 12.83981 12.17721 42 
0.03100418 0.1073039 0.05170485 0.01128875 0.01385012 0.01602196 0.01982449 0.02342153 0.03069137 9.409622e-18 12.78772 14.6307 14.12513 15.17386 13.21938 15.00446 14.54221 43 
0.01457933 1.774885e-06 0.04758145 0.01057246 0.01235518 0.01511747 0.01790643 0.02222079 0.02891558 1.222211e-20 10.37159 10.75194 11.37456 11.01697 10.98877 11.41523 11.3459 44 
0.03554848 0.09038424 0.04663513 0.01124455 0.01329628 0.01564484 0.01887784 0.02362242 0.03117942 8.974035e-06 12.79719 14.48442 14.99356 15.68592 15.94834 16.88386 15.50644 45 
0.034147 0.1251977 0.05098155 0.01218763 0.01408429 0.01697678 0.02051606 0.0260128 0.03445847 1.07687e-05 17.38085 18.97203 19.39396 19.01354 19.24125 17.84167 18.83878 46 
0.01916565 0.05956507 0.04581257 0.01056545 0.0126676 0.01513409 0.01825632 0.02330396 0.03020106 3.393647e-05 10.8903 11.72744 12.02289 12.03317 12.38388 12.42339 11.33288 47 
0.01963827 1.099883e-05 0.05285651 0.0100448 0.01222385 0.01457001 0.0171696 0.02227013 0.0289584 5.962451e-16 9.884088 10.90065 11.2659 11.16509 12.04052 11.71941 11.73556 48 
0.02275638 0.06303593 0.04815029 0.01119163 0.01251449 0.01516358 0.01767541 0.02315192 0.03003392 3.389393e-16 11.42812 11.47508 12.26605 11.75177 12.93307 12.67244 11.74684 49 
9.561499e-08 0.0570091 0.02993244 0.05553511 0.05513868 0.06315145 0.07922594 0.1041395 0.180348 1.704703e-05 70.76682 60.83318 56.21297 49.32152 50.27319 43.54792 0.0006365308 50 
0.02691598 0.07750016 0.04594193 0.0105882 0.01315745 0.01524848 0.01822044 0.02331391 0.03048813 1.406381e-05 11.42015 13.13173 12.96628 13.35659 13.98356 14.06476 13.22055 51 
0.02071293 3.351456e-06 0.04938789 0.01028943 0.01270868 0.01409815 0.01781512 0.02217772 0.02880033 7.166883e-18 10.11451 11.27843 10.77857 11.82343 11.54993 12.03185 11.73604 52 
0.01906002 1.802657e-06 0.0489405 0.009841902 0.01301454 0.01529955 0.01803015 0.02232333 0.02905591 0 9.684431 11.61356 11.46518 11.32622 11.30882 11.60359 11.6875 53 
0.02394842 0.05092371 0.04640362 0.01103078 0.01296003 0.01547024 0.0192466 0.02383789 0.03102138 9.057773e-05 11.18788 11.86451 12.31878 12.79823 12.22344 12.35503 12.27184 54 
0.03073341 0.0916614 0.04604768 0.01170067 0.01291565 0.01570586 0.01913363 0.02398866 0.03148841 5.431452e-05 13.46663 13.74557 15.05861 15.04775 15.05079 15.08654 15.32326 55 
0.02598427 0.06304946 0.05029057 0.01075621 0.01345182 0.01522039 0.01901494 0.02288916 0.02992432 1.063649e-16 11.06902 12.62405 12.09928 13.17216 12.03407 13.11358 12.4512 56 
0.02656919 0.1189802 0.05082011 0.01214077 0.01357861 0.01594276 0.01862795 0.02336399 0.03068444 1.714705e-05 14.12603 14.18934 14.38723 13.7189 14.05865 15.05646 13.34806 57 
0.02439058 0.05913391 0.04870788 0.01109061 0.01298039 0.01451306 0.01791726 0.02271824 0.02959934 8.651083e-06 11.23451 11.87782 11.58971 12.36882 12.46659 12.47155 12.6673 58 
0.01836661 5.266983e-06 0.04701024 0.01091654 0.01302059 0.01512309 0.01824335 0.02343438 0.03050073 0 10.79646 11.39276 11.31227 11.41178 11.80407 11.41191 11.09349 59 
0.02744417 0.08793058 0.0475298 0.01075683 0.01321981 0.01549166 0.01862707 0.02360924 0.03092647 8.717325e-06 11.79944 13.4105 13.37085 13.69768 14.03695 13.72913 13.90279 60 
0.02696809 0.06941325 0.05010847 0.01062422 0.01354939 0.01541649 0.01825309 0.02289568 0.02984542 5.845635e-05 10.90379 12.76593 12.20741 12.62144 12.74781 13.1332 12.48207 61 
0.03381947 0.1013177 0.04589093 0.01263047 0.01358549 0.01632168 0.01973051 0.02443146 0.03231081 7.837709e-06 16.68287 16.63219 18.16349 17.78342 17.413 18.22125 17.94202 62 
0.01845848 0.05142212 0.04438741 0.01171606 0.01328197 0.01595721 0.01869605 0.02402159 0.03130204 3.068553e-05 11.85126 11.70032 12.10117 11.4527 12.01779 11.22519 11.69957 63 
0.03449634 0.05450539 0.05073397 0.01082414 0.01339148 0.01463929 0.01892067 0.02302232 0.02979235 3.770224e-14 11.08129 12.88167 12.57764 14.76389 13.521 14.16555 14.61795 64 
0.0219053 0.05962501 0.05074903 0.01077623 0.01321892 0.01577828 0.01948772 0.02437784 0.03176941 1.878184e-05 10.92498 12.07731 12.24523 12.5705 12.12114 11.88162 11.81645 65 
0.03822851 0.101675 0.04863689 0.01223648 0.01438155 0.01614443 0.0194629 0.02472454 0.03259651 0 15.1634 17.18384 16.3491 18.02176 17.88788 16.99433 18.37295 66 
0.05849698 0.03243462 0.04915449 0.01940664 0.02346439 0.02981357 0.03742182 0.04120152 5.619802e-06 4.626951e-06 41.96265 56.18518 70.85685 78.76151 79.53623 91.99565 116.3002 67 
0.02067849 3.464309e-06 0.05168592 0.01041936 0.01211174 0.01509887 0.01855808 0.02300179 0.02985319 1.256355e-17 10.30474 10.80966 11.79345 11.91444 11.60625 11.5662 11.78543 68 
0.0181215 0.05904892 0.04502023 0.01043144 0.01369959 0.01533748 0.01881385 0.02375013 0.03094517 2.428119e-05 10.58936 12.50709 11.45831 12.03784 11.89251 11.70545 11.5312 69 
0.02523834 0.1034286 0.04781688 0.01083188 0.01286163 0.0158758 0.01873934 0.02382847 0.03117818 2.73889e-05 12.20537 13.27947 14.15025 13.45999 14.18737 13.33349 14.10079 70 
0.01797291 2.867936e-06 0.04781925 0.01112559 0.01229317 0.0147046 0.01862917 0.02304294 0.02964053 0 10.95871 10.69013 11.22255 11.86398 11.24293 11.9707 10.74047 71 
0.0305296 0.09390108 0.04975835 0.0114929 0.01380057 0.01633044 0.01907729 0.02381775 0.0312671 1.389049e-05 12.62371 14.05241 14.16992 13.87124 14.24076 14.43475 13.79163 72 
0.02909847 0.09924385 0.04922907 0.01182974 0.01360619 0.01575354 0.01961091 0.02489704 0.0326899 0 13.25506 13.97489 13.9727 14.77506 14.3786 14.24188 13.35021 73 
0.02030005 4.084085e-06 0.04835671 0.01087441 0.0127808 0.01552167 0.01809949 0.02256878 0.02935476 0 10.68954 11.20369 11.76475 11.2527 11.42933 11.76281 11.52821 74 
0.01929602 0.05988107 0.04585737 0.01068487 0.01261124 0.01459167 0.01776963 0.02157235 0.02830997 3.352399e-05 10.96301 11.59216 11.56287 11.92893 11.47028 12.58778 12.31113 75 
0.02223353 5.851193e-06 0.05166054 0.01085403 0.01253405 0.01515211 0.01790513 0.0227576 0.02954748 1.802621e-10 10.69122 11.09124 11.73272 11.48481 11.92802 11.63849 11.97844 76 
0.02190099 1.060808e-17 0.05420975 0.0102315 0.01285173 0.01533707 0.01802044 0.02287838 0.02956529 6.103916e-18 9.996173 11.37642 11.60831 11.41798 11.85292 11.25028 12.11073 77 
0.02279187 0.06267595 0.04948083 0.01179748 0.01278964 0.01477947 0.01806168 0.02248295 0.02924101 5.045897e-06 12.07282 11.57838 11.92118 12.14555 11.98045 12.13419 12.76717 78 
0.023491 0.07808101 0.04485396 0.01063942 0.01258298 0.01537651 0.01785752 0.02273498 0.02976327 1.145161e-05 11.57886 12.4954 13.26553 12.62096 13.49422 13.60626 13.19962 79 
0.01621921 1.633963e-05 0.04750761 0.01035296 0.01213707 0.01459089 0.01783994 0.02237146 0.02898163 1.969456e-22 10.27014 10.76163 11.23435 11.4607 11.4441 11.79812 11.17002 80 
0.03306935 0.09173628 0.0474004 0.01109568 0.01318691 0.01581015 0.01964208 0.02513994 0.03326477 1.86721e-20 12.7144 14.33761 15.01097 15.87066 16.08378 15.84354 14.97954 81 
0.0199961 5.246271e-06 0.05137555 0.01071863 0.01281498 0.01572638 0.01852989 0.02303125 0.02991857 0 10.59 11.30633 11.92428 11.41808 11.42876 11.40998 11.57385 82 
0.02051914 0.07863066 0.05051469 0.0113876 0.01254974 0.0148714 0.0183382 0.02305495 0.03003052 4.860481e-05 11.7284 11.4553 11.9267 12.24822 12.17496 12.39249 12.01008 83 
0.02317379 5.212561e-06 0.05320809 0.01077401 0.01241931 0.0146328 0.01783522 0.02283801 0.0297128 0 10.62318 11.05264 11.45623 11.75153 12.15846 11.71142 12.07646 84 
0.0245088 0.08350284 0.05232591 0.01070755 0.01281217 0.01536988 0.01889497 0.02330692 0.03036485 1.712475e-05 11.17255 12.18265 12.58571 12.89876 12.37198 12.91769 12.32309 85 
0.02063883 2.497698e-06 0.05168978 0.01136273 0.01317269 0.01471884 0.018698 0.02349448 0.03054153 2.054767e-10 11.11275 11.37362 11.01698 11.88866 11.51237 11.43167 11.37943 86 
0.01924756 0.06828274 0.0480893 0.01107624 0.0139671 0.01390818 0.01856904 0.02270736 0.02939079 1.343547e-05 11.46165 12.82074 10.39976 12.70104 11.47794 11.63762 12.64116 87 
0.02687619 0.04094526 0.04456363 0.01147762 0.01248705 0.01527021 0.01807123 0.02349962 0.03069127 2.6127e-05 11.50807 11.43069 12.70931 12.42315 13.35699 12.86098 12.72377 88 
0.02602649 0.08833895 0.04388643 0.01153019 0.0127384 0.01528598 0.01862028 0.02327849 0.03047424 6.319718e-06 13.12895 13.13853 14.04306 14.16665 14.11207 14.20622 14.79731 89 
0.02464278 0.04923504 0.04563916 0.01062467 0.01221132 0.01537736 0.01874045 0.02373209 0.03091068 8.130082e-05 10.76045 11.30997 12.59791 12.57357 12.84308 12.80635 12.1688 90 
0.01817274 6.91077e-06 0.048707 0.01076395 0.01301355 0.01556266 0.01853 0.02345577 0.03044998 9.390059e-13 10.54867 11.32902 11.5461 11.30332 11.4862 11.39577 11.00448 91 
0.03205198 0.09221318 0.04635715 0.01150621 0.0135342 0.0156607 0.01860061 0.02346088 0.03094963 1.11949e-05 13.21595 14.58588 14.61425 14.98357 15.40468 16.30412 14.48212 92 
0.02044799 0.04505074 0.0434615 0.01140361 0.01254054 0.01542612 0.01829996 0.02292726 0.02945897 3.39951e-05 11.52745 11.22587 12.18707 11.7477 11.91399 11.3326 12.71065 93 
0.02399789 0.04855064 0.04657534 0.01081595 0.01259585 0.01461577 0.01751774 0.02249596 0.02930054 3.211404e-16 10.89688 11.51868 11.75662 12.02107 12.64304 12.41215 12.77605 94 
0.02997187 0.08501751 0.04552626 0.01210397 0.01290853 0.01622464 0.01876287 0.02423189 0.03193491 1.162553e-05 13.70534 13.36766 15.44818 13.9889 15.50691 14.48251 14.83314 95 
0.01693842 2.887593e-06 0.04827185 0.01033638 0.01273012 0.01456904 0.0171408 0.02168469 0.02820743 5.012942e-17 10.19167 11.22921 10.95604 10.91218 11.31754 11.57617 11.81773 96 
0.02092047 0.06132663 0.04706992 0.01079916 0.01267508 0.01519016 0.01816666 0.02344473 0.03063499 8.397778e-05 11.02003 11.62252 12.05583 11.95299 12.63165 11.73052 12.27405 97 
0.03265558 0.09098826 0.04751008 0.0118302 0.01289561 0.01602615 0.01988379 0.02484652 0.03238665 2.575383e-05 13.56264 13.77304 15.64425 15.69301 15.22999 14.98774 15.99768 98 
0.02209946 0.07147271 0.05006848 0.009658539 0.01239502 0.0144059 0.01759416 0.0218141 0.02846893 0 10.04178 11.8761 11.79818 12.37485 12.27044 12.84534 12.7714 99 
0.03583245 0.1006591 0.04782473 0.01203438 0.01429675 0.0151854 0.01878177 0.02371587 0.03127376 9.58423e-06 14.88833 16.83694 14.81647 17.77558 16.81509 16.90081 17.81118 100 
