0.9999989 0.2495755 0.1182321 0.4058133 0.1421909 0.1465399 0.4518294 6.889759e-12 0.2709792 1 581.1936 1162.387 1283.386 1390.355 1671.846 1671.844 1764.385 1432.17 1 
1 0.9999999 0.03837213 0.1209345 0.1630067 0.2320435 0.233813 0.3169001 0.4879633 1 118.9996 237.9992 379.0001 546.9995 676.9995 811.999 953.9966 984 2 
0.9999879 0.2332473 0.109962 0.4369056 0.1865032 0.13608 0.4469904 0.246166 0.9999664 0.9998628 604.7364 1209.465 1354.811 1441.075 1685.9 1760.447 1988.766 1384.135 3 
1 0.3061417 0.1157259 0.3619151 0.1052494 0.2471484 0.4428636 0.2643408 0.5403681 0.9999984 460.741 921.482 1006.979 1186.612 1428.944 1509.531 1630.722 1273.064 4 
1 0.4194884 0.07599282 0.2865968 0.1235743 0.1803934 0.2054493 0.4070509 0.5300857 1 341.0326 682.0653 786.9682 921.1814 1046.462 1243.682 1395.97 1189.939 5 
0.9999559 0.4616806 0.07005924 0.2354956 0.2167448 0.2159898 0.2254023 0.372104 0.4985974 0.9999996 268.7047 537.3976 726.4433 873.985 994.6878 1149.041 1278.891 1141.018 6 
0.9999938 0.3902004 0.0775907 0.2850273 0.1968981 0.1807089 0.2316989 0.294785 0.4662375 1 346.1141 692.226 863.1696 989.1648 1121.518 1250.892 1395.192 1214.319 7 
0.9999725 0.2089376 0.1408392 0.3995003 0.1926601 0.2392428 0.2242557 0.3022411 1 1 593.679 1187.342 1359.234 1531.559 1654.429 1782.889 2079.51 1486.054 8 
1 0.594705 0.05609593 0.2036805 0.1462598 0.1672306 0.3002744 0.2792633 0.5166754 1 220.3754 440.7508 566.767 689.7776 873.7149 993.4147 1153.03 1081.966 9 
0.9999999 0.214862 0.1161017 0.4324388 1.797821e-11 0.356848 0.235485 0.1795543 0.1742081 1 678.0802 1356.16 1356.16 1673.739 1808.526 1887.097 1949.641 1568.037 10 
0.9999703 0.3303656 0.09942394 0.2773199 0.1755823 0.2324857 0.1845096 0.4071397 0.4487294 0.9999997 357.3105 714.6105 878.0795 1056.519 1165.196 1360.779 1488.559 1288.442 11 
0.9999979 0.1964618 0.1241917 0.4070222 0.2426336 0.2060057 0.08023315 0.7258556 0.9999989 0.9999991 616.1045 1232.208 1449.989 1590.028 1633.331 1993.679 2129.774 1513.688 12 
1 0.5830952 0.06356688 0.1655699 0.2045144 0.2200565 0.2526966 0.3476336 0.5042947 0.9999998 180.157 360.314 546.0019 704.9393 847.2884 993.632 1132.125 1088.102 13 
0.9999816 0.2718861 0.1071705 0.3751541 0.1937009 0.3389597 2.261686e-09 0.4222574 0.3579749 1 507.7532 1015.497 1179.291 1410.401 1410.376 1600.684 1693.879 1353.452 14 
1 0.9999996 0.03023307 0.1214582 0.1751159 0.2039101 0.2614011 0.320663 0.4790203 1 120.0007 240.0015 392.002 538.0014 686.9999 821.9993 958.9998 988.0001 15 
0.9999966 0.3908364 0.0834932 0.2783336 0.1925733 0.236588 0.2522982 0.4688624 0.4584179 0.9999999 330.2089 660.4166 825.2897 988.8387 1121.984 1306.99 1403.062 1186.378 16 
0.9999993 0.2581159 0.1368477 0.3740137 0.177363 0.2565766 0.2759454 0.4411809 0.9999999 1 499.977 999.9536 1148.372 1324.997 1466.215 1629.692 1836.76 1336.788 17 
0.9999944 0.260464 0.1209542 0.3349836 0.3055051 2.098602e-09 0.4491268 4.917185e-23 0.5012377 0.9999999 472.4023 944.8019 1231.306 1231.299 1523.814 1523.806 1703.637 1410.225 18 
0.2031333 1 0.2053596 0.1271619 0.17366 0.1636105 0.2647565 0.3348626 0.4896491 1 125.0002 150.3919 179.5498 152.4723 187.9728 184.1834 179.4117 983 19 
0.9999951 0.3762207 0.08513262 0.277606 0.1720243 0.2681412 0.2670717 0.3076887 0.5089058 1 335.0475 670.0934 820.0729 1013.637 1154.731 1273.868 1410.288 1206.917 20 
1 0.2450322 0.110016 0.3589918 0.2178843 0.2007244 0.2081332 0.6059041 3.668727e-06 1 510.3111 1020.622 1219.159 1362.208 1480.764 1754.062 1754.063 1421.512 21 
1 0.3950984 0.1035533 0.222152 0.1683708 0.187492 0.2666343 0.1796116 0.6399819 0.9999999 273.4648 546.9296 708.1473 857.4469 1029.959 1115.182 1364.304 1230.981 22 
1 0.9999998 0.04066466 0.1168695 0.1634069 0.2077029 0.2586794 0.3536317 0.4855047 1 114.9996 229.9992 371.9999 522.9998 671.9991 823 956.9991 984 23 
0.9999983 0.2621842 0.1356414 0.3462017 0.3007545 0.1090531 0.2749179 0.3892726 1 1 461.6809 923.361 1185.581 1252.064 1401.39 1554.7 1795.23 1333.56 24 
1 0.9999981 0.03595515 0.1331988 0.1653089 0.1938636 0.2595146 0.3457926 0.5285715 1 132.0001 264.0001 406.0005 545.0007 695 842.9994 990.9999 991.0003 25 
0.9999983 0.4086103 0.07994496 0.3188232 0.1688102 0.2229152 0.3385252 0.4104359 1 1 357.4673 714.9341 843.8602 985.3685 1152.363 1286.289 1478.667 1121.209 26 
0.9999996 0.3403531 0.1012638 0.3377333 0.2554648 0.2405287 0.257232 0.4046391 1 0.9999999 402.6985 805.3968 1007.126 1148.539 1263.397 1397.597 1595.052 1192.356 27 
0.9999986 0.2108653 0.1006861 0.3553781 0.2135022 0.2974165 4.014319e-14 0.3669046 0.282791 0.9999997 564.5376 1129.074 1347.703 1587.236 1587.234 1794.845 1896.149 1588.555 28 
0.999997 0.2162828 0.16824 0.4363904 0.2252014 0.2024734 0.5205484 2.318771e-08 1 1 619.7841 1239.566 1419.829 1545.399 1802.871 1802.866 2040.01 1420.251 29 
1 0.4747962 0.06351591 0.1955465 0.1881155 0.1650814 0.2871275 0.2895758 0.5154662 1 225.4557 450.9115 625.388 749.6976 930.2176 1060.003 1224.13 1152.952 30 
1 0.5400501 0.07511634 0.2142522 0.1601397 0.196412 0.32616 0.3618626 0.4929222 0.9999994 235.2686 470.5371 608.7094 751.0395 940.9692 1082.961 1206.388 1098.092 31 
0.9999881 0.2786855 0.1301208 0.2811307 0.2948357 0.348795 0.0983623 0.4360502 0.9999803 0.9999821 362.5628 725.1214 998.4539 1226.469 1268.33 1435.694 1652.147 1289.66 32 
0.9999624 0.3566204 0.113017 0.3240428 0.1217164 0.2270086 0.1920646 0.2540109 0.4947221 0.9999993 409.5597 819.104 923.0612 1093.364 1204.725 1323.714 1496.611 1263.906 33 
0.999999 0.2807961 0.1168905 0.3574544 0.1959453 0.2960262 0.3774311 0.6024867 0.9999981 0.9999658 448.9097 897.8189 1055.935 1248.003 1420.395 1591.718 1704.754 1255.852 34 
0.999957 0.5658366 0.05701174 0.1860807 0.1727273 0.1955648 0.2379667 0.3122784 0.4710285 0.9999999 205.0993 410.1897 565.1269 710.2414 852.2801 994.3126 1141.643 1102.206 35 
1 0.9999993 0.03040686 0.1346156 0.188303 0.1959656 0.2347665 0.3255239 0.5243057 1 133.0002 266.0004 426.9994 562.9997 693.9996 832.9985 983.9995 988.0001 36 
0.9999993 0.2208543 0.1276769 0.4260989 0.2629683 0.05068014 0.4309614 0.3148411 0.6524047 0.9999999 611.4737 1222.947 1439.521 1470.283 1718.619 1821.855 1968.427 1435.051 37 
0.100961 1 0.3773941 0.1223238 0.1509884 0.201094 0.2568515 0.3087572 0.5333354 1 119.9997 132.115 143.3395 161.4713 166.3035 150.7903 175.2237 981 38 
0.9999974 0.2031388 0.1647139 0.4101488 0.1804905 0.3599327 0.1485272 0.3797724 1 1 610.644 1221.286 1379.788 1638.823 1707.238 1856.191 2099.457 1488.835 39 
0.9999684 0.482614 0.07674091 0.2169673 0.1729791 0.1455191 0.2560466 0.3844507 0.4830716 0.9999998 248.7571 497.5063 652.7845 760.807 923.2252 1104.65 1244.961 1146.518 40 
0.999978 0.3285843 0.105664 0.3149709 0.19032 0.1629354 0.4314592 0.3318375 0.5161187 0.9999993 392.7306 785.4526 947.9968 1060.66 1310.41 1419.598 1533.068 1246.879 41 
0.9999733 0.3377437 0.09215247 0.2723163 0.2351327 0.1840229 0.1979976 0.3659087 0.4667544 0.9999998 346.5519 693.0945 910.822 1041.143 1155.551 1325.129 1462.282 1272.608 42 
1 0.4360418 0.07337826 0.2890748 0.15532 0.159526 0.254672 0.3591946 0.4383301 1 339.5654 679.1308 808.8381 921.3661 1072.351 1231.071 1355.187 1174.663 43 
0.9999928 0.286696 0.1303476 0.3473744 0.2648621 0.2569766 0.2187213 0.3423804 1 1 446.6538 893.3044 1115.556 1274.074 1374.318 1496.917 1732.406 1285.8 44 
1 0.2187266 0.1240707 0.4260004 2.573756e-06 0.3548662 0.2332896 0.2501474 0.4190008 1 647.0106 1294.021 1294.023 1603.392 1734.599 1842.466 1977.949 1518.803 45 
0.9999936 0.9999989 0.0291213 0.1276592 0.1707304 0.1988775 0.2622325 0.3246419 0.473689 1 125.9997 251.9986 398.9959 540.9922 690.9865 827.9826 962.9808 987.0002 46 
0.9999907 0.2175752 0.1243139 0.3803755 0.201243 0.2762319 1.001976e-10 0.5060181 0.3036887 1 583.8971 1167.789 1359.192 1569.044 1569.03 1847.264 1929.737 1535.054 47 
1 0.9999998 0.02962953 0.1440163 0.1575828 0.198312 0.2421053 0.3425926 0.5457745 1 142.0001 284.0001 417.0001 557.9999 696 844 999 986 48 
0.9999999 0.3935864 0.08055077 0.3418543 0.1012065 0.1894283 0.3168924 0.3204424 0.4626323 1 409.2263 818.4525 898.1881 1032.325 1214.215 1339.856 1463.123 1197.078 49 
1 1 0.0243618 0.1249985 0.1660859 0.1908062 0.2426851 0.3272736 0.4662142 0.9999994 122.9986 245.9971 388.9973 525.9964 666.9969 810.9978 948.9976 984 50 
1 0.9999998 0.03538277 0.155577 0.1806032 0.2071014 0.2332118 0.301705 0.5121969 1 151.9987 303.9974 452.9953 592.9966 717.9986 841.9994 988.9996 977 51 
0.9999974 0.2346534 0.1217299 0.3768439 0.1955794 0.4347455 7.737064e-08 0.3804977 0.7337094 0.9999996 528.6228 1057.244 1228.205 1533.905 1533.901 1685.135 1865.796 1402.763 52 
1 1 0.04077006 0.1295547 0.1581392 0.2113257 0.2626973 0.3515436 0.4981681 1 128.0001 256.0001 391.9998 544.9997 694.9999 842.9998 978.9998 988 53 
0.9999856 0.474189 0.06342696 0.2098219 0.1591075 0.2389446 0.2949011 0.3698813 0.5088514 0.9999998 236.2986 472.5938 614.1748 792.9683 960.9025 1109.415 1238.152 1126.187 54 
0.9999982 0.2751159 0.1048269 0.3829752 0.2015389 0.2740961 0.3112845 1.697807e-19 0.4814795 1 512.7192 1025.437 1191.919 1372.704 1521.741 1521.739 1680.504 1338.779 55 
1 0.2218658 0.1326947 0.3441469 0.1803238 0.2984957 0.4771596 1.209697e-10 0.1370462 0.9999998 518.4938 1036.988 1215.168 1456.929 1728.037 1728.037 1768.748 1506.606 56 
0.9999968 0.1796912 0.1350607 0.4719732 0.1944805 0.2405585 0.3689935 0.03112996 0.9999749 0.9999966 734.8327 1469.663 1629.542 1788.84 1974.408 1984.28 2291.732 1556.937 57 
0.9999742 0.2428 0.1150758 0.3964355 0.2452238 0.1758268 0.1718024 0.3259697 0.4664104 0.9999997 568.5375 1137.06 1349.294 1464.131 1556.6 1701.925 1842.075 1434.124 58 
0.9999982 0.2662737 0.1349208 0.3471684 0.2331893 0.2732899 0.2403876 0.3613053 1 1 458.3363 916.6717 1117.65 1298.265 1413.716 1545.527 1778.537 1320.213 59 
1 0.2851134 0.09938833 0.3489763 0.1124922 0.2954922 0.1522781 0.4708919 0.4132233 1 466.6688 933.3375 1031.271 1259.583 1342.473 1559.765 1660.655 1337.251 60 
0.9999998 0.3722037 0.08038457 0.3042093 0.1627368 0.1565522 0.3528052 0.2370079 0.5439207 1 370.9055 741.811 879.8669 991.0631 1202.424 1294.318 1455.226 1219.245 61 
1 0.9999996 0.03606681 0.1283084 0.1471947 0.1876691 0.24452 0.3236594 0.5148457 1 125.9989 251.9977 377.9966 514.9954 659.9966 804.9968 960.9961 982.0001 62 
0.9999989 0.2249908 0.1499042 0.370438 0.3418309 0.08331799 0.2593249 0.4865081 0.999999 0.9999998 524.6446 1049.289 1354.076 1402.97 1542.473 1736.319 1940.917 1416.282 63 
1 0.9999994 0.03339035 0.1508648 0.1632653 0.1893823 0.2371654 0.3735552 0.5000029 1 147.9983 295.9967 431.9969 563.9966 697.9955 858.9989 993.9994 981.0001 64 
0.9999841 0.2130172 0.1431778 0.4791863 0.2148843 0.09429958 0.3321392 0.5521408 0.9999961 1 685.6311 1371.251 1531.36 1586.507 1762.479 1957.85 2116.313 1430.824 65 
0.9999996 0.9999999 0.03208856 0.1251264 0.1499399 0.202172 0.2568045 0.30892 0.4801361 1 124.0003 248.0005 377.9983 526.9993 678.0003 812.9979 957.9994 991 66 
1 0.9999997 0.05062551 0.1279191 0.1583215 0.2060864 0.2578372 0.3098581 0.5170041 1 126.0003 252.0005 387.9987 536.9995 684.9982 816.9984 968.9986 985 67 
1 0.5075379 0.07370038 0.2140637 0.1940635 0.2149754 0.2439527 0.3153951 0.5047594 0.9999997 240.4782 480.9565 652.2985 805.2698 941.5428 1074.744 1220.685 1123.396 68 
1 0.9999998 0.03610352 0.1379323 0.1705875 0.1929088 0.2319886 0.3363833 0.5172369 1 136.0012 272.0024 417.0016 553.0023 685.0035 832.0023 982.0004 986 69 
0.331677 1 0.1012693 0.1234694 0.1769508 0.223479 0.2276863 0.3254745 0.5069914 1 121 161.133 205.4448 226.1408 200.0054 204.3384 212.7733 980 70 
0.999997 0.2330298 0.1133054 0.375713 0.2035968 0.1264215 0.3572484 6.614554e-13 0.3317406 0.9999996 570.9345 1141.867 1335.01 1430.52 1666.303 1666.298 1807.024 1519.603 71 
0.9999837 0.243761 0.1240994 0.3477875 0.1784677 0.4022766 9.923802e-07 0.3502237 0.5232906 0.9999996 496.5581 993.1082 1159.282 1467.011 1466.987 1627.109 1782.563 1427.763 72 
0.9999969 0.2575158 0.1276491 0.4180148 0.2406773 0.1757006 0.2995765 0.4073335 0.9999966 0.9999998 551.6217 1103.242 1288.079 1390.536 1534.538 1671.679 1871.22 1319.622 73 
0.9999974 0.320757 0.1139824 0.3534594 0.1834283 0.3311529 0.3285307 0.3440543 0.9999996 0.9999965 424.1626 848.3241 990.6384 1200.439 1339.651 1437.543 1624.179 1200.032 74 
0.9999975 0.3164896 0.1003749 0.3442209 0.2121128 0.2244535 0.2435563 0.2843781 0.6387527 1 433.0417 866.0824 1041.072 1186.964 1309.739 1418.177 1592.481 1258.034 75 
0.9999958 0.2530729 0.1199054 0.376908 0.2515531 0.212795 0.2064942 0.342693 0.9999745 1 509.9226 1019.843 1231.895 1366.149 1468.703 1603.757 1862.796 1352.91 76 
1 0.3386718 0.09713827 0.2885798 0.2404551 0.2093213 0.1963434 0.3264088 0.5631191 1 360.3706 720.7412 934.362 1075.608 1180.364 1320.321 1482.962 1248.773 77 
0.9999998 0.9999994 0.03148632 0.1344182 0.1494096 0.1908722 0.2307674 0.3577781 0.4878894 1 131.9987 263.9974 390.9957 528.9968 663.996 824.9969 965.9975 982.0001 78 
0.1103086 1 0.3511666 0.122718 0.1884407 0.2250697 0.2555147 0.323458 0.5437944 1 121 134.3473 177.8208 177.6139 158.5924 148.4946 165.3797 986 79 
0.9999971 0.2379925 0.1496412 0.3326617 0.2635903 0.1402589 0.2589356 0.6892521 0.9999932 0.9999991 462.3986 924.7958 1169.299 1265.105 1417.17 1717.138 1852.374 1389.996 80 
0.9999984 0.2438239 0.1535694 0.3315631 0.3130244 0.3352572 6.264253e-06 0.4201934 1 1 455.4307 910.8606 1198.264 1409.726 1409.726 1585.905 1829.006 1373.587 81 
0.9998937 0.6564756 0.06472061 0.2101041 0.1584494 0.1756644 0.2314715 0.2864313 0.5007809 0.9999996 225.5518 451.0795 585.3922 710.6861 846.7749 976.1779 1137.625 1073.524 82 
1 0.5647321 0.0564435 0.2129562 0.2199402 0.1427784 0.2790533 0.3039083 0.3989317 1 235.616 471.2319 662.7535 759.7383 922.2263 1049.806 1166.38 1106.405 83 
0.9999919 0.2243441 0.1313186 0.3603371 0.2708027 0.4072903 1.16365e-12 0.3708644 0.5874629 0.9999997 521.7157 1043.427 1294.219 1569.267 1569.255 1717.691 1865.618 1447.854 84 
0.9999775 0.2538057 0.1308563 0.3712365 0.1949176 0.2004126 0.243541 0.4492982 0.4005101 0.9999992 516.3205 1032.629 1203.06 1344.131 1481.2 1672.496 1766.383 1390.813 85 
0.9999946 0.1948307 0.1495746 0.4391796 0.3784026 1.971683e-09 0.4192683 7.147486e-25 1 1 662.3201 1324.637 1644.669 1644.66 1865.071 1865.061 2170.356 1508.085 86 
1 0.9999995 0.03470182 0.1215796 0.1534011 0.2030006 0.263244 0.338744 0.4877224 1 119.9991 239.9981 372.997 521.9999 675.9974 821.9967 960.9988 987.0001 87 
1 0.9999999 0.04269045 0.1173478 0.1676308 0.1763881 0.2192245 0.3563718 0.4765084 1 115.0009 230.0018 375.0023 502.0015 632.0015 797.0014 939.0007 980 88 
0.9999961 0.2632216 0.1408406 0.3100641 0.2572321 0.1864732 0.2896731 0.2802213 0.9999941 0.9999997 418.0465 836.0913 1075.368 1204.204 1367.022 1478.9 1766.278 1348.258 89 
0.9999971 0.250934 0.1341427 0.3525485 0.2763022 0.2371429 0.3702044 0.4633929 0.9999979 0.9999982 466.4209 932.8405 1169.512 1316.514 1491.579 1629.586 1789.398 1322.998 90 
1 0.5665308 0.06250872 0.2334366 0.1725092 0.2265022 0.2161954 0.4017553 0.5856712 1 252.5336 505.0671 648.1245 803.5541 918.3079 1085.452 1231.219 1081.808 91 
0.9999902 0.2769855 0.09165468 0.2980562 0.2209133 0.2711504 0.3362955 0.2729382 0.4172904 0.9999998 400.8912 801.7784 1010.341 1209.778 1390.058 1487.161 1595.1 1345.019 92 
0.9999352 0.3064132 0.1067539 0.2918545 0.178599 0.1334951 0.1813107 0.2084827 0.3916966 0.9999996 411.3673 822.708 1000.919 1110.302 1239.036 1360.211 1540.442 1409.495 93 
0.9999978 0.1792558 0.1309896 0.5224422 6.357698e-08 0.3997325 1.212909e-09 0.1717843 0.5974158 1 864.2883 1728.575 1728.571 2044.37 2044.365 2125.827 2360.467 1654.323 94 
0.9999999 0.6668267 0.06274068 0.1971424 0.1726304 0.2222894 0.234185 0.2961843 0.5268493 0.9999993 207.0487 414.0975 559.6595 714.7372 841.7968 964.8617 1118.932 1050.25 95 
0.9999212 0.3520556 0.08181226 0.3093579 0.2170006 0.1818476 0.2280164 0.2413364 0.5180646 0.9999996 386.4527 772.8749 960.0327 1082.802 1208.74 1311.615 1479.209 1249.209 96 
0.9999839 0.4182322 0.07833146 0.299059 0.2080863 0.2447203 0.1824433 0.4248637 0.455386 0.9999994 344.4484 688.8913 856.8737 1013.318 1101.399 1269.108 1372.483 1151.774 97 
0.9999994 0.1620149 0.142563 0.4065851 0.2372646 0.196013 0.219028 0.3308975 1 1 703.8277 1407.655 1651.383 1804.961 1942.933 2105.721 2434.893 1731.071 98 
1 1 0.03044805 0.1460681 0.1423467 0.2161805 0.2046274 0.2975398 0.4840812 1 143.0007 286.0014 405.0031 560.004 675.004 808.0033 960.0035 979 99 
1 0.6869522 0.05595538 0.1897993 0.1405575 0.220344 0.184259 0.3398612 0.4891912 1 200.9807 401.9613 522.5499 685.0189 790.9444 950.3215 1101.761 1058.911 100 
