0.02563428 0.1361995 0.02296619 0.01016613 0.01224398 0.01576155 0.01950588 0.02459527 0.03237583 6.668804e-17 11.96616 13.49956 15.46943 15.85334 15.91007 16.02103 15.88284 1 
0.04211889 0.08609542 0.03000696 0.01056755 0.01347135 0.0181976 0.02209226 0.02797706 0.03852184 0 20.00035 25.34101 30.63322 29.57 31.26346 34.43611 29.07535 2 
0.02553388 0.1300737 0.02944713 0.01003095 0.0130266 0.0151545 0.01892887 0.02338464 0.03083869 1.893543e-05 11.61638 14.17453 14.09994 15.35826 14.89519 16.12212 15.83044 3 
0.03326244 0.1363158 0.03034001 0.009628791 0.01219327 0.01542325 0.01915444 0.02402376 0.03204811 7.416125e-17 13.78549 16.8496 18.88569 19.89365 20.09962 22.11181 19.89872 4 
0.03885204 0.08770191 0.02487105 0.01110582 0.01549886 0.01677087 0.02020587 0.02659501 0.03645203 5.45967e-06 18.98244 26.05852 22.18011 26.02652 28.06002 28.52691 26.70744 5 
0.03558309 0.1045215 0.0209549 0.01001546 0.01447087 0.01629766 0.01992671 0.02485376 0.03371922 6.527457e-06 15.4886 21.85628 20.08339 22.41376 22.32639 25.38886 22.66957 6 
0.02588402 0.1176768 0.02550423 0.009984049 0.01338656 0.01532862 0.01908593 0.02470488 0.03267599 3.092349e-05 11.86618 15.00927 14.52359 15.91448 16.66643 15.73383 16.61152 7 
0.03579531 0.09847453 0.01773233 0.01160045 0.0138241 0.01752846 0.0205585 0.02648673 0.0358512 3.419416e-17 19.89368 22.73023 25.34283 23.45805 26.64438 26.11134 24.76674 8 
0.03804235 0.104991 0.02479379 0.01160248 0.01300136 0.0169959 0.01974258 0.02534349 0.03424339 1.069122e-18 19.71333 21.11598 25.30716 22.87932 26.51834 26.66001 26.00531 9 
0.0351271 0.1604492 0.02683006 0.01130266 0.01333601 0.01561165 0.01870921 0.02329613 0.03127351 4.263555e-15 16.65007 18.67227 18.84112 19.44473 19.93483 22.55495 20.79048 10 
0.04359292 0.07762439 0.02950032 0.01295066 0.01401087 0.01766105 0.02280046 0.02733433 0.03602003 7.497721e-06 25.31333 26.28773 31.307 33.42516 26.59396 39.34002 32.81793 11 
0.03564605 0.09855732 0.02344105 0.01166291 0.01430811 0.01732561 0.02085552 0.02638839 0.03578939 0 18.39969 21.6582 22.57588 22.74958 23.79668 25.53716 22.78623 12 
0.03943601 0.08741623 0.02752325 0.01103801 0.01379776 0.01873355 0.02232032 0.0294885 0.04078904 1.554695e-05 20.22584 24.8375 30.01514 27.38673 32.19422 28.04533 28.948 13 
0.03733966 0.09231099 0.0213158 0.01211227 0.01426925 0.01770851 0.02146209 0.02733715 0.03724567 4.889124e-06 21.20671 24.03347 26.18763 25.90716 27.17985 28.57373 25.19901 14 
0.03148841 0.120221 0.02315337 0.01013937 0.01211478 0.01555652 0.01926781 0.02486368 0.03318049 0 13.96957 15.9141 18.4008 19.11872 20.33014 20.37556 19.62287 15 
0.02607075 0.1182871 0.02198977 0.01001921 0.01322655 0.0151155 0.01887769 0.02368335 0.03129568 3.688927e-05 12.09697 15.04895 14.58542 16.08287 16.00719 16.8333 16.67391 16 
0.0291867 0.1296871 0.02764509 0.01049027 0.01347008 0.01656062 0.01978384 0.02571008 0.0341782 2.60759e-05 13.62476 16.56142 17.44688 17.19533 18.84622 17.10166 18.28015 17 
0.04119567 0.08560255 0.02737289 0.01207759 0.01497359 0.01819182 0.02300566 0.02911004 0.03946592 2.836446e-05 23.7236 29.01002 30.06102 32.40836 30.83181 33.39731 29.85719 18 
0.03221897 0.1112041 0.02450399 0.01020261 0.01280314 0.01655426 0.02001363 0.02569776 0.03441469 5.463534e-15 14.47943 17.42639 19.94461 19.71303 21.1806 21.21999 20.12548 19 
0.03980327 0.0801314 0.02455961 0.0111822 0.01516414 0.01776298 0.021293 0.02796355 0.0380379 1.353814e-05 20.34595 27.11763 26.24652 27.62763 31.12203 27.12293 33.01359 20 
0.02505597 0.1627894 0.02519965 0.0100526 0.01262245 0.01494867 0.01886307 0.02371042 0.03111302 4.724416e-05 11.54503 13.59721 13.96651 15.28129 15.15905 16.1929 14.65232 21 
0.03005239 0.1305727 0.0266924 0.01014805 0.01298939 0.01574963 0.02026761 0.02458655 0.0323429 2.885065e-05 13.27386 16.16858 16.97526 18.89347 16.82139 19.31865 18.39026 22 
0.04145261 0.08193535 0.02383471 0.0119973 0.01327653 0.01736329 0.0218002 0.02862381 0.03937686 1.349288e-05 23.98262 25.68481 31.36699 31.8685 34.04056 31.10861 34.50563 23 
0.03284656 0.1118035 0.0204233 0.009983078 0.01335688 0.01570855 0.01963405 0.02503697 0.03335363 4.038366e-15 14.42797 18.60741 18.67469 20.58751 21.04645 21.22213 21.81088 24 
0.03075545 0.1328243 0.02820191 0.01034208 0.0118422 0.01609539 0.01887138 0.02518579 0.03371268 1.031971e-05 13.85002 14.9793 18.61741 17.33008 20.64602 17.22225 20.37237 25 
0.03616759 0.1129352 0.03305385 0.01120331 0.01285872 0.01579527 0.01942282 0.02534796 0.03413282 2.10194e-05 16.85817 18.51234 20.43755 21.30625 23.25137 23.48741 22.11275 26 
0.02446845 0.1255999 0.02670404 0.009935645 0.01296901 0.01624061 0.0195213 0.02397311 0.03127622 1.267161e-05 11.03822 13.51986 14.66433 14.48136 14.27994 14.63142 15.82677 27 
0.03885739 0.1046341 0.02652902 0.01116488 0.01390714 0.01679578 0.0213775 0.02722099 0.03650865 8.476684e-20 19.82375 24.0941 25.01285 27.58394 26.90613 27.07849 27.49068 28 
0.03445261 0.1127649 0.0264447 0.01016535 0.01319739 0.01570783 0.01941345 0.02485615 0.03314956 1.125017e-05 14.98018 18.77236 19.27477 20.82969 21.82589 21.90726 22.85633 29 
0.02440656 0.1236739 0.02311138 0.009916157 0.01165873 0.01514806 0.01905271 0.02320477 0.03033615 5.432181e-05 11.0316 12.12324 14.213 14.99889 14.16662 15.16502 15.95042 30 
0.03634701 0.1051196 0.03146531 0.01124576 0.01400015 0.01702191 0.01993088 0.02611599 0.03519024 1.891224e-05 18.30028 22.00416 22.8996 22.08042 25.63105 23.80828 24.42708 31 
0.03221903 0.1109916 0.02626862 0.01079091 0.01374729 0.01604503 0.02076306 0.02575498 0.03434587 3.935662e-05 15.16048 18.45064 18.34608 21.07194 19.4347 21.90657 19.49675 32 
0.03560373 0.09791968 0.02829003 0.009855289 0.01370353 0.01685986 0.01974078 0.0248775 0.03365155 0 14.7422 19.98882 21.04811 20.51057 22.65757 24.09669 23.14538 33 
0.02365584 0.1466115 0.03365705 0.009689503 0.01275597 0.01479812 0.01878201 0.02363641 0.03100057 3.242985e-05 10.64533 13.1705 13.10814 14.56756 14.40882 15.02791 14.21417 34 
0.0300767 0.1004433 0.02154652 0.009677341 0.01311017 0.01544402 0.01957302 0.02490842 0.03322476 1.165972e-05 13.10686 17.04243 17.2373 19.28593 19.44569 19.93673 19.81443 35 
0.04436196 0.07598047 0.0202752 0.0106055 0.01406337 0.01811649 0.02208573 0.02776349 0.03805254 0 22.41 29.74454 33.69409 33.71252 35.37809 39.30574 36.11944 36 
0.03367111 0.09266211 0.02250755 0.009560525 0.01359828 0.01672933 0.02060228 0.02605314 0.03495447 1.337903e-18 15.13663 20.98179 21.98816 22.94481 23.39197 24.20675 23.61239 37 
0.02633102 0.1171338 0.02852442 0.01081659 0.01235044 0.01604597 0.01921154 0.02422096 0.03198015 3.346183e-05 12.92022 13.67258 15.98161 15.47134 16.12552 16.42795 16.45259 38 
0.03242405 0.1215387 0.02765451 0.009782031 0.01304017 0.01616628 0.02060453 0.0251579 0.03299392 7.938456e-06 14.15881 18.19875 19.47224 21.16799 18.96865 21.55971 20.83635 39 
0.03299124 0.1122093 0.02380005 0.01078674 0.01331932 0.01678056 0.02028291 0.02620468 0.03503362 1.287163e-05 15.37414 18.11818 20.04207 19.93768 21.60826 20.39983 21.44883 40 
0.04204475 0.07824564 0.02609763 0.0123445 0.01475669 0.0174628 0.02243596 0.02834104 0.0382693 6.321394e-20 23.96745 28.04695 28.85098 32.90591 30.97029 33.84299 32.9734 41 
0.02894874 0.1442627 0.03327357 0.01067208 0.01295061 0.01666479 0.01913066 0.02337182 0.03137446 3.527894e-19 13.1813 15.04549 17.00971 15.42522 16.14823 18.8846 15.90147 42 
0.03356216 0.1031187 0.02980055 0.01002731 0.01226588 0.01573102 0.01940963 0.02405442 0.03188441 1.009121e-05 14.37633 16.86723 19.44451 20.10322 20.1197 21.72374 22.70023 43 
0.04870774 0.07844502 0.02664678 0.01187496 0.01468824 0.01788501 0.02258241 0.02971132 0.04135645 3.010489e-05 29.08978 36.47657 38.35017 41.9186 44.13749 38.60585 47.02665 44 
0.02226595 0.1333445 0.02816635 0.01056789 0.01246882 0.01490652 0.01809342 0.02288418 0.03008554 1.878212e-24 11.07624 12.03062 12.65504 13.09928 13.63388 14.56975 13.82842 45 
0.0223427 0.1090219 0.02376694 0.009549081 0.01271434 0.01502341 0.01855654 0.02369329 0.03069443 1.119235e-05 9.964829 12.45222 12.73115 13.57479 14.11322 13.17493 15.28646 46 
0.03017386 0.1527105 0.02390393 0.009144174 0.01293487 0.0157102 0.01950362 0.02441446 0.03225124 7.713473e-06 12.08201 16.4864 17.1366 18.23818 18.04205 19.07041 18.0049 47 
0.0342019 0.1126814 0.02534531 0.01029467 0.01280045 0.01612584 0.01988493 0.02528268 0.03378257 5.579806e-21 15.43995 18.47934 20.57097 21.28552 22.0515 22.58096 22.29704 48 
0.02158098 0.1306058 0.02331809 0.009519621 0.01253945 0.01514674 0.01883301 0.02336424 0.03061364 7.829434e-06 9.810749 12.11641 12.72588 13.51479 13.26945 13.91499 13.94076 49 
0.03065613 0.09654758 0.01912113 0.01214163 0.01364941 0.01656363 0.02095682 0.02689709 0.0361335 6.16505e-06 17.68452 18.43298 19.92004 21.1802 21.13581 20.94875 20.19859 50 
0.0291332 0.1061271 0.02245482 0.009313895 0.01298067 0.01654006 0.02039233 0.02548608 0.03387263 3.6401e-05 12.11711 16.24357 17.96276 18.36011 18.19301 19.40654 17.99007 51 
0.03849332 0.08761021 0.02621291 0.01202676 0.01363818 0.01767422 0.02100127 0.02646566 0.036385 1.665842e-05 21.07567 22.96776 27.16393 25.38407 27.49435 30.17584 26.12177 52 
0.02266355 0.1432071 0.02929487 0.009638355 0.01202535 0.01588997 0.01853818 0.02403984 0.03157376 9.784288e-17 10.37572 12.1301 14.24768 13.37251 14.83032 14.01101 14.33579 53 
0.0379314 0.1136638 0.01696983 0.01009596 0.01332982 0.0170594 0.02049597 0.02655471 0.03576254 1.792329e-05 16.73185 21.63773 24.15662 23.78919 26.457 25.45697 25.1916 54 
0.03784736 0.09860378 0.02710709 0.01085993 0.01426093 0.01674923 0.02160684 0.02751278 0.0372873 0 17.66275 22.68534 22.58027 26.05556 25.25875 26.98518 24.07619 55 
0.03786384 0.08852648 0.02382124 0.01044011 0.0146296 0.01696788 0.02114649 0.02657446 0.03515969 7.553854e-06 17.98267 24.69111 23.6064 26.51428 25.86905 26.38505 29.36783 56 
0.03213723 0.1035823 0.02371751 0.01107096 0.0134858 0.01677136 0.02086984 0.0260736 0.03468363 9.859564e-06 16.21956 18.75759 20.39221 21.1347 20.53717 21.78557 21.02835 57 
0.03398605 0.09283967 0.02425858 0.01051295 0.01405854 0.01671114 0.02077096 0.02672424 0.03614526 2.525092e-05 15.82755 20.47762 20.6736 22.39255 23.19829 23.64304 22.20947 58 
0.0382207 0.1244982 0.02172531 0.01091808 0.01329115 0.01646379 0.01962519 0.02522131 0.03371347 0 17.70972 20.8628 22.66334 22.43053 24.81487 24.48307 25.3091 59 
0.03866424 0.07998175 0.01840275 0.01115871 0.01395091 0.01757081 0.02096915 0.02747656 0.03757794 1.169691e-05 20.58021 25.10494 27.81459 27.10039 31.26177 29.28354 30.54096 60 
0.03692327 0.08792141 0.02080707 0.01158673 0.01473586 0.01723431 0.02079869 0.02727051 0.03717814 0 20.38142 25.15203 24.63265 25.88333 28.40647 27.30421 26.63927 61 
0.03079593 0.133113 0.02433892 0.01003817 0.01344247 0.0154877 0.01887006 0.02461383 0.0326634 3.175261e-05 13.58579 17.40667 16.89559 18.14089 19.66238 18.63729 19.64663 62 
0.02345814 0.1180214 0.02494494 0.009938594 0.01225462 0.01579497 0.01890481 0.0231481 0.0305694 9.715688e-06 10.84621 12.49571 14.27185 13.99218 13.90613 15.19665 14.90203 63 
0.02976244 0.1283408 0.03551614 0.009597576 0.01289968 0.01622 0.01936745 0.02486305 0.03280531 9.208639e-06 12.54648 16.14281 17.52212 17.17388 18.61519 17.02138 19.15305 64 
0.03565539 0.1132666 0.02552077 0.01101771 0.01293887 0.01652657 0.01926738 0.02465407 0.03311591 0 17.52488 19.69078 22.48763 20.97331 23.7814 24.11452 23.66837 65 
0.04062698 0.1034889 0.02837736 0.01153578 0.01380355 0.01722846 0.02133519 0.02648051 0.03561451 6.27678e-06 21.46012 25.10066 27.48516 28.23702 27.31074 31.03618 27.84338 66 
0.03243309 0.1349901 0.03177032 0.01032545 0.01372296 0.01650908 0.0203691 0.0250843 0.0332202 5.206338e-05 14.15954 18.06178 18.38354 19.3445 18.50645 20.37363 19.27404 67 
0.03717823 0.07744087 0.02503194 0.01153432 0.01546223 0.01973508 0.02303375 0.02887982 0.03992797 9.588312e-06 19.74825 25.88242 27.9879 24.94637 28.55168 29.65323 25.18157 68 
0.03419729 0.1135794 0.02285226 0.0113767 0.01310475 0.01639747 0.02170811 0.02754672 0.03686173 6.764609e-06 17.90161 19.61573 21.91784 24.61863 22.68232 23.21399 21.9924 69 
0.0291869 0.1294436 0.03076888 0.009905007 0.01317644 0.01627455 0.0200363 0.02547785 0.03375717 3.434902e-17 12.968 16.46083 17.44729 17.98208 18.29603 17.93443 17.89712 70 
0.0264791 0.1079162 0.02621399 0.01000888 0.01289879 0.01542691 0.01993892 0.02594136 0.03468888 1.839288e-05 11.82784 14.3976 14.97286 16.86711 17.29984 15.18878 17.32227 71 
0.03232741 0.101473 0.02583077 0.009366936 0.01275543 0.0154496 0.01932175 0.02406382 0.03219687 7.171038e-06 12.57121 16.55249 17.49834 19.12684 19.11746 21.13559 20.69306 72 
0.04365797 0.08934215 0.02635225 0.01109349 0.01605566 0.01670803 0.02223867 0.0284193 0.03856026 1.026564e-05 22.11161 32.10923 24.81356 36.20255 32.11415 32.59043 33.74906 73 
0.03416198 0.1121328 0.02541126 0.009893381 0.01298529 0.01638054 0.01981143 0.02498211 0.03365872 2.049622e-05 14.6246 18.60604 20.512 20.67752 21.66439 23.66895 20.84532 74 
0.03252961 0.1341549 0.03022314 0.009232667 0.01331441 0.0149217 0.01882973 0.02410065 0.03213651 8.271629e-06 12.53274 17.54733 16.49629 19.06155 19.58031 20.77256 19.05888 75 
0.04101621 0.07946455 0.02757147 0.009771076 0.0148771 0.01716291 0.02129694 0.02669604 0.03628155 3.092946e-05 18.1275 27.53413 26.0354 29.53472 29.28905 32.88638 31.13709 76 
0.02688971 0.1088127 0.02383632 0.01129614 0.01199767 0.01613884 0.01986413 0.02473339 0.03246382 1.258782e-05 13.70278 13.34679 16.65063 16.4661 16.29108 16.5782 17.55011 77 
0.03488509 0.09865312 0.02490025 0.01084084 0.01395176 0.01596557 0.02053389 0.02699756 0.03664546 5.541997e-05 16.76253 20.8358 20.18907 23.58356 24.47354 22.97413 23.47244 78 
0.0154326 0.1011103 0.02604701 0.009114885 0.01254758 0.01524088 0.01798544 0.02319367 0.03009879 9.493834e-06 8.43359 10.82121 11.36161 11.17464 12.00472 12.24988 11.30423 79 
0.03641733 0.1130122 0.0303538 0.01132921 0.01333161 0.01686678 0.0198747 0.02508156 0.03366442 1.602028e-05 17.20208 19.36203 21.80992 20.72315 22.60541 23.56043 23.12595 80 
0.03339026 0.112445 0.02787696 0.01155422 0.0129154 0.01569143 0.02026571 0.02592884 0.03451366 1.609733e-05 16.88173 17.71343 19.41277 21.51278 21.32153 20.53554 22.47114 81 
0.0414952 0.0861823 0.02546398 0.011382 0.01492683 0.01786717 0.02180358 0.02782782 0.03754757 6.668611e-06 21.81682 28.26726 28.40057 29.82056 31.17769 30.6747 32.55062 82 
0.0323913 0.1030538 0.02266197 0.01062865 0.01350811 0.01663367 0.01981746 0.02513864 0.03370033 1.342841e-17 15.05454 18.28512 19.52532 19.361 20.74501 21.47985 20.94304 83 
0.02764156 0.1202619 0.02954795 0.009569447 0.01271239 0.01590647 0.01804063 0.02383985 0.03159502 5.539763e-17 11.66503 14.76874 16.06477 14.91094 17.70869 17.86452 15.99958 84 
0.03390813 0.1232579 0.01948014 0.009868106 0.01312004 0.01587273 0.01900801 0.0243915 0.03242081 6.172225e-06 14.69199 18.87523 19.62581 20.03179 21.82016 21.43483 22.77872 85 
0.03774171 0.09876133 0.02677127 0.01062715 0.01314067 0.01668734 0.01977904 0.02635454 0.03569406 5.409579e-16 16.86488 20.25242 22.90438 22.37286 26.61166 24.54896 25.6991 86 
0.03126382 0.1324579 0.03308971 0.009982804 0.0144992 0.01639909 0.01882803 0.02508502 0.03335072 0 13.30234 18.60462 17.00628 17.04716 19.97818 18.70856 18.50905 87 
0.03551257 0.1243518 0.02932418 0.01154643 0.01381136 0.01595963 0.02031792 0.02631129 0.03527874 3.817767e-15 17.55256 20.07301 19.88253 22.49578 22.90609 22.50159 21.87265 88 
0.04571648 0.08297236 0.03344202 0.01223159 0.01499494 0.01815681 0.02309757 0.0296954 0.04056929 0 26.07065 32.07278 33.37927 36.71936 36.12496 36.69596 35.64569 89 
0.0325992 0.1205393 0.02966538 0.01036971 0.01351335 0.01637352 0.01948724 0.02471419 0.03302127 0 14.36032 17.95153 18.61854 18.64448 19.91442 20.77062 19.80758 90 
0.03481378 0.09846285 0.02978914 0.01118699 0.0139818 0.01669483 0.02207748 0.02766381 0.03653165 1.300444e-05 16.33775 19.59306 20.19733 23.56795 21.12182 22.40636 22.77529 91 
0.03757056 0.09808881 0.02679772 0.01108669 0.01325312 0.0174473 0.02091362 0.02638396 0.03558711 3.978478e-19 18.95405 21.93235 25.88321 24.49036 26.12667 27.21645 25.74807 92 
0.02354692 0.1202286 0.02538021 0.009693421 0.01248637 0.01588288 0.01898599 0.02402874 0.03163125 7.110794e-05 10.65807 12.90445 14.39375 14.14425 14.77421 15.26086 14.39776 93 
0.0332774 0.1221388 0.02755874 0.009452238 0.01325669 0.01650749 0.02047498 0.0250559 0.03307784 1.62217e-05 13.74476 18.71459 19.95539 20.8298 19.595 21.97065 21.08292 94 
0.03535009 0.08105674 0.02383123 0.01017165 0.01330147 0.01608354 0.02000895 0.02648755 0.03611548 1.36847e-05 15.68395 19.9293 21.11909 23.00066 25.49622 24.48405 25.31244 95 
0.03690423 0.08877703 0.02172928 0.01070962 0.01479006 0.01792926 0.02081458 0.0269167 0.03650909 2.716974e-15 17.33524 23.3626 23.76868 22.79183 26.61762 25.55257 26.02464 96 
0.03812262 0.09811201 0.02396222 0.01078223 0.01366009 0.01677048 0.020699 0.02652932 0.03591406 1.143012e-16 19.23679 23.81982 25.3189 26.52366 27.66815 28.3549 26.77136 97 
0.04077427 0.08284525 0.02627181 0.009881389 0.01463106 0.01756283 0.02045612 0.0268545 0.03701703 7.751967e-06 18.30883 27.03364 27.12897 26.6854 32.24931 31.76664 29.68079 98 
0.03313048 0.1120496 0.02325212 0.009699977 0.01277856 0.01605462 0.01955157 0.02510382 0.03360304 1.597115e-15 14.19828 18.08761 19.89317 20.36114 21.81144 21.95548 21.43023 99 
0.03794093 0.09810246 0.02729452 0.01117999 0.01347982 0.01685421 0.02041105 0.02539256 0.03423221 2.452623e-16 19.01092 22.17266 24.48989 24.48625 25.03896 27.62932 26.23644 100 
