0.2405736 0.1887777 0.8966523 0.05360751 0.09317097 0.1449781 0.2686297 0.2897149 0.5054392 1 132.4297 164.2888 257.3506 369.28 575.7931 522.6186 601.6908 2470.358 1 
0.05157361 1 0.8203424 0.05693939 0.09245336 0.151767 0.2132353 0.2959515 0.4999989 1 31.99994 33.65029 50.73575 75.6165 90.8998 99.68843 118.1408 562 2 
0.8178646 0.02876427 0.9427734 0.1486816 0.1588194 0.1111969 0.4740197 7.293634e-07 1 1 938.6963 1706.423 2249.24 2342.312 3820.501 3124.654 4669.148 6313.465 3 
0.2863192 0.137566 0.9368122 0.06431586 0.1131372 0.1713807 0.2488088 0.3203471 0.4746556 1 203.5376 261.8144 409.9754 567.4479 703.8897 725.1843 734.9656 3164.657 4 
0.09766656 0.4754105 0.8399727 0.05696861 0.1096712 0.1314749 0.1871685 0.3016566 0.5137158 0.9999998 63.10388 69.26702 121.3267 134.1252 164.2857 214.1034 256.4546 1107.696 5 
0.2548049 0.1139685 0.9399864 0.05402081 0.1155957 0.144767 0.1859178 0.3411912 0.4533799 1 210.5851 264.2433 493.6056 597.9108 670.9169 945.6814 919.1886 3898.222 6 
0.2759617 0.161245 0.9242493 0.06886726 0.1164871 0.1459236 0.2070707 0.3319622 0.5514735 1 192.2558 245.3111 370.4967 437.3756 526.8678 661.7058 755.5968 2791.687 7 
0.1441529 0.4232828 0.9829968 0.04659112 0.1064208 0.127629 0.1776499 0.3022085 0.4984234 1 54.33812 62.17111 127.2954 145.1628 174.9112 240.6301 282.5985 1166.276 8 
0.1492064 0.3267777 0.8805223 0.06693681 0.1058368 0.1696421 0.2151032 0.3016469 0.4757227 1 100.9871 116.055 166.3033 238.3453 260.3857 286.3115 315.2629 1508.693 9 
0.1901444 0.2549735 0.9402561 0.05444905 0.107013 0.1627848 0.2093275 0.3541669 0.4292146 1 101.9711 121.3604 212.5756 297.8333 333.7593 434.1932 372.7246 1872.78 10 
0.4080439 0.09528977 0.8276002 0.06809508 0.1191683 0.1353898 0.200332 0.2553762 0.6378746 1 283.3473 398.9654 624.8949 717.4228 884.3541 963.9398 1515.013 4161.053 11 
1 0.03053794 0.4561399 0.2604133 0.3173987 0.2625277 0.4106101 0.9069108 1 1 1015.262 2030.524 2945.71 3462.42 4058.42 4834.282 4913.92 3898.658 12 
0.7307405 0.03339464 0.7245279 0.1350775 0.1804939 0.1764926 0.3039331 0.3286493 0.9999891 0.9997958 868.4223 1503.014 2101.975 2340.272 2850.704 2941.601 3903.187 6429.065 13 
0.2697381 0.1267973 0.9775559 0.06575531 0.1148036 0.1585192 0.223014 0.2524339 0.539274 1 236.6014 300.4218 466.9599 597.6597 719.6342 685.2375 969.1726 3598.209 14 
0.2369449 0.2020979 0.8808985 0.06060653 0.1122271 0.1577793 0.2267386 0.3250103 0.4869317 1 138.5485 171.3768 281.6128 367.5294 451.1527 510.4331 529.0281 2286.032 15 
0.2767501 0.1547223 0.9228695 0.08325574 0.1101996 0.177628 0.1911252 0.306819 0.477706 1 245.605 313.5762 384.8062 533.9352 525.9915 636.6974 706.2609 2950.007 16 
0.6929082 0.04099156 0.9075908 0.08304465 0.1291925 0.2053329 0.2012494 0.4885991 1.496341e-23 1 536.6858 908.5597 1395.134 2026.289 2229.307 3145.103 2179.267 6462.617 17 
0.7867815 0.01913193 0.9705105 0.1791548 0.1083802 0.08280412 0.3210877 0.5009969 5.618961e-09 1 2143.057 3829.174 4076.906 3932.568 5672.362 7194.132 5660.21 11962.04 18 
0.1478582 0.3154646 0.8869625 0.05520005 0.0984166 0.1549225 0.2018736 0.3561836 0.5205242 1 88.75884 101.8826 164.5776 236.5278 268.6378 368.7688 364.117 1607.948 19 
0.05301965 1 0.9301567 0.04990806 0.1089494 0.1375552 0.182278 0.2507746 0.516529 1 27.00026 28.4318 57.50743 66.04926 75.50162 85.00323 129.5067 541 20 
0.08747962 0.5496107 0.8878592 0.0488034 0.1043933 0.1480859 0.2693898 0.322576 0.5389415 1 49.12616 53.4237 104.6287 136.1413 208.7106 190.4305 211.5239 1006.613 21 
0.7285468 0.02324883 0.9256408 0.1456154 0.2521177 1.18711e-06 0.2979046 0.3614416 0.4153068 1 1548.504 2676.662 4240.739 3089.585 4275.177 4839.016 4790.643 10634.2 22 
0.2778562 0.1228931 0.9536876 0.05685225 0.1105049 0.1220857 0.2297278 0.2720383 0.5418387 1 211.5678 270.3532 462.9689 509.7834 771.2844 788.623 1051.846 3721.362 23 
0.2131338 0.1833313 0.9022636 0.05455445 0.1031416 0.1265086 0.2537121 0.3173303 0.4638714 1 141.8195 172.046 290.1678 340.7044 561.117 575.5697 577.7026 2599.595 24 
0.1517714 0.3002079 0.9027746 0.05413079 0.1022483 0.1374448 0.1768185 0.330711 0.4609266 1 93.26907 107.4246 182.9445 228.8642 257.8842 382.7067 378.5695 1723.032 25 
0.1592498 0.2523969 0.9518873 0.04543045 0.09600959 0.146945 0.1796042 0.3741826 0.5625221 1 87.16451 101.0454 191.9303 273.8518 297.2742 480.8998 484.4813 1918.636 26 
0.04988056 1 0.8741003 0.04436201 0.1160536 0.166302 0.2020994 0.3355253 0.5544543 0.9999998 23.99985 25.19697 61.25655 79.05559 80.94327 106.0373 117.2893 541 27 
0.09466378 0.4874785 0.8938184 0.07664177 0.1172857 0.1355857 0.1900533 0.3049641 0.4584988 0.9999999 80.0042 87.5777 121.3383 126.8454 151.7844 196.0308 208.3855 1043.872 28 
0.1770873 0.1898822 0.9437121 0.05776649 0.08422471 0.1285556 0.2095636 0.2827803 0.5237509 1 152.7245 179.7701 241.6473 336.0652 476.1287 528.6775 683.91 2643.826 29 
0.1919917 0.275651 0.878886 0.05276105 0.1036568 0.1237314 0.2340113 0.2881749 0.4748727 1 94.32114 112.43 197.1164 225.6506 354.5689 361.667 413.8184 1787.704 30 
0.2762334 0.1486811 0.884947 0.0568191 0.08944789 0.126735 0.2162578 0.2629781 0.5314827 1 168.146 214.5935 308.9426 407.4386 592.5133 621.1084 852.9374 2959.321 31 
0.9213707 0.03277741 0.5821799 0.1915295 0.3116965 0.2013145 0.2683272 0.3277815 0.9999992 1 884.8275 1700.082 2730.583 3033.417 3345.846 3575.194 4303.959 4619.797 32 
0.08977488 0.6122068 0.8957311 0.05932485 0.1105592 0.1588844 0.1695037 0.3432655 0.4544598 1 53.9038 58.74301 99.7705 129.7441 120.034 193.0661 175.8284 908.6209 33 
0.3758037 0.06369327 0.8430873 0.06005748 0.09731947 0.1597511 0.2154092 0.2269944 0.4716658 1 376.8104 518.4171 768.7502 1139.322 1391.687 1319.633 1775.479 6274.162 34 
0.8351053 0.02852361 0.8665643 0.09085789 0.2011083 0.1549643 0.4366968 2.245785e-45 1 0.9999992 596.0038 1093.73 2112.736 2502.665 3848.16 3213.619 4951.607 6559.736 35 
0.3783352 0.09992233 0.8780497 0.05499447 0.1230188 0.1798043 0.2296131 0.332667 0.557563 1 220.1798 303.4816 580.2584 816.1321 933.6525 1050.693 1177.607 4003.673 36 
0.270584 0.1505419 0.8814991 0.08096183 0.08294629 0.1497887 0.2075355 0.3048711 0.5369282 1 232.4988 295.4093 298.8458 443.3962 547.0352 645.1739 783.209 2871.709 37 
0.1567546 0.2702947 0.8647558 0.06669325 0.1101802 0.1654767 0.2037822 0.3826252 0.4552605 1 118.3906 136.9489 204.0097 275.9283 293.9601 420.885 341.2978 1775.152 38 
0.0379936 0.9999998 0.9088209 0.05584615 0.1238452 0.1835449 0.2093009 0.3235297 0.4685987 1 31.99985 33.21564 68.26225 89.59382 84.40338 102.207 100.8832 573.0001 39 
0.1639545 0.2940702 0.8498122 0.04054558 0.09019302 0.1109935 0.1955779 0.3105509 0.4938641 1 68.01106 79.16178 158.1344 188.447 285.4827 371.9918 417.5297 1677.398 40 
0.09135745 0.4581938 0.9471665 0.06709285 0.1176739 0.1515616 0.2185857 0.3157642 0.4484206 0.9999999 76.38704 83.36556 132.6022 154.1508 187.8842 213.354 210.1271 1138.527 41 
0.09077555 0.5815366 0.9581902 0.05308011 0.08795956 0.1784353 0.2053203 0.2856482 0.5019783 1 48.14915 52.51991 80.32076 147.0775 145.4982 159.3075 197.8679 907.1033 42 
0.192912 0.1581458 0.9365079 0.05170836 0.05657732 0.1459446 0.1974904 0.3047877 0.4857258 1 158.0852 188.5817 200.4064 437.8387 545.7932 676.6533 763.5633 3057.246 43 
0.188037 0.2445638 0.9403153 0.05208196 0.09574241 0.1613428 0.254145 0.3045288 0.4639376 1 106.3129 126.3037 209.0065 321.6012 433.4034 414.7911 431.1299 2041.262 44 
0.2607674 0.1588843 0.9092859 0.06163018 0.1023574 0.1584539 0.2088804 0.2908391 0.4963732 1 169.935 214.2486 320.7086 451.649 526.0407 586.8919 697.3446 2757.335 45 
0.7267882 0.03254193 0.8748198 0.100301 0.3029721 2.55397e-20 0.2580049 0.4176165 0.6290965 1 706.7978 1220.49 2807.872 2040.728 2623.336 3275.965 3582.27 7046.769 46 
0.2599679 0.1723977 0.8057581 0.06961182 0.09251218 0.1551033 0.2466941 0.3593308 0.483923 1 179.8192 226.5665 281.2394 411.3955 561.5404 644.7837 597.9943 2583.171 47 
0.2293436 0.2098323 0.9829488 0.05018118 0.1093 0.1735342 0.180929 0.3081769 0.5395635 1 114.3775 140.6092 268.8728 396.2882 379.2262 489.2438 599.4596 2279.291 48 
1 0.03807671 0.6600514 0.1816748 0.239011 0.2358166 0.3765456 1.547684e-25 2.595026e-05 1 682.9101 1365.82 2101.032 2653.043 3326.622 3326.622 3326.651 3758.97 49 
0.0413371 1 0.972943 0.04920906 0.0739367 0.1377246 0.1967591 0.3198852 0.466102 1 27.99995 29.15739 41.20504 70.70337 87.92265 114.6347 114.7387 569 50 
0.8449388 0.01662717 0.9999999 0.1438081 0.2480454 0.2332132 0.2019213 0.321042 1 1 1563.745 2885.014 4746.985 5643.582 5852.414 6320.327 8249.054 10873.83 51 
0.04625564 1 0.8643309 0.04174269 0.1022739 0.1476793 0.225245 0.2971256 0.5318205 1 23.00022 24.06411 55.11372 72.54917 94.35461 97.36491 121.5042 551 52 
0.7382653 0.02047158 0.880874 0.1351082 0.06218405 0.2838939 0.09852638 0.53903 8.819969e-11 1 1612.024 2802.125 2710.409 4748.421 4188.403 6459.689 4768.964 11931.35 53 
0.3789284 0.08371881 0.9049632 0.06288607 0.1315616 0.1490986 0.1898259 0.243885 0.563527 1 310.5667 428.2492 771.142 891.4537 986.9792 1049.726 1578.342 4938.561 54 
0.3670835 0.07907767 0.8590714 0.0657123 0.09084062 0.1292956 0.2623229 0.3265162 0.482389 1 341.4412 466.7787 612.338 795.4341 1300.075 1402.854 1435.947 5196.002 55 
0.04180224 1 0.8566261 0.05272122 0.1149013 0.1501016 0.2171837 0.2926861 0.4956897 1 31.00008 32.29595 65.35008 76.73186 94.20749 99.9391 119.1771 588 56 
0.09912811 0.4226426 0.8208213 0.05873291 0.1051216 0.1549963 0.2046415 0.3091189 0.4817442 0.9999998 73.34864 80.61955 131.5623 176.087 199.3582 238.3038 258.9263 1248.851 57 
0.3106825 0.1395654 0.945388 0.06400042 0.1184744 0.1385931 0.2174726 0.334021 0.501061 1 200.6266 262.9578 429.3173 491.8557 637.3506 780.3824 824.2534 3134.771 58 
0.09735617 0.3526137 0.9695804 0.05878589 0.1209776 0.159202 0.2465483 0.2998466 0.5050359 1 85.07967 93.3627 173.8852 207.5581 268.426 253.5837 292.9156 1447.281 59 
0.1733947 0.2275766 0.7893183 0.05609796 0.08967815 0.1488517 0.2427829 0.3215286 0.4763775 1 123.0365 144.3703 210.6853 317.0507 444.4072 467.5874 473.6472 2193.243 60 
0.164162 0.2417685 0.9754689 0.05610748 0.1070838 0.1270461 0.1999143 0.3046263 0.5130017 1 111.678 130.0112 222.5266 249.6588 333.7468 411.7121 485.5572 1990.429 61 
0.09132481 0.5796014 0.9349717 0.05041788 0.1002182 0.1682921 0.1759711 0.3039404 0.4546404 1 46.58417 50.83846 92.57197 141.312 128.4462 176.177 187.3081 923.9613 62 
0.73112 0.03911214 0.8980108 0.1144773 0.1987573 0.2042982 0.4065422 0.5022329 1 1 639.2074 1106.545 1791.772 2119.377 2831.088 3009.44 3131.482 5583.703 63 
0.1628236 0.2618845 0.8965839 0.05978971 0.09541923 0.1390247 0.2123711 0.2753429 0.5157064 0.9999999 110.7379 128.7686 187.1282 249.4638 328.6423 347.6333 455.802 1852.123 64 
0.7519185 0.0129663 0.9426276 0.1238357 0.232144 0.198122 0.2390837 0.2801071 0.9999957 0.9999086 2005.212 3512.968 5934.964 6620.913 7066.903 7175.604 10180.57 16192.52 65 
0.4360226 0.065561 0.8795089 0.07794392 0.1200521 0.1934841 0.2111422 0.2800074 0.5723458 1 442.3307 635.1969 905.1515 1285.557 1344.624 1406.563 1820.488 5674.987 66 
0.3915169 0.1035989 0.8866424 0.1008455 0.06991793 0.1844801 0.2630487 0.3275094 0.4204419 1 376.4571 523.8464 439.7779 748.1032 962.6029 991.3611 918.6283 3733.009 67 
0.1469474 0.3265891 0.9366653 0.04637961 0.1106981 0.1307078 0.2012314 0.3176323 0.517539 1 73.48689 84.2856 179.648 202.0331 264.743 335.2629 378.7664 1584.466 68 
0.1565861 0.3058604 0.9561409 0.07532356 0.08141192 0.1379162 0.1647564 0.2856795 0.4794527 1 120.9712 139.9136 142.8092 210.5001 226.7166 316.1109 385.9041 1606.021 69 
0.09757443 0.4460009 0.8820092 0.07338316 0.1033432 0.1316578 0.1896145 0.2571139 0.4308733 1 87.44399 95.97628 123.4727 142.3965 176.9073 196.3915 242.1676 1191.608 70 
0.9999975 0.03709483 0.5485807 0.2534455 0.253519 0.1902187 0.2604041 0.8528983 0.9999974 0.9999998 835.8274 1671.653 2295.82 2645.41 3032.953 3971.743 4133.65 3297.858 71 
0.3016099 0.1269964 0.7755093 0.06476242 0.09058361 0.1697331 0.1982113 0.334715 0.5334733 0.9999999 220.4809 286.9802 374.9722 604.5677 658.861 843.9059 938.648 3404.458 72 
0.09547231 0.5153478 0.8150913 0.05433019 0.0944148 0.1437982 0.2116938 0.3177041 0.4668717 0.9999999 56.27333 61.64587 98.36401 136.942 173.8476 206.8036 210.4532 1035.765 73 
0.8898105 0.02498829 0.6423534 0.1545001 0.2532195 2.141711e-25 0.4006131 0.775497 0.9997685 0.9991888 960.5241 1815.209 2946.229 2621.585 3905.288 5299.59 5243.729 6216.979 74 
0.2571569 0.149918 0.8510798 0.08194125 0.1284621 0.1784863 0.221476 0.2967244 0.4766056 1 253.4751 318.658 446.765 556.6569 593.4785 622.3269 690.6281 3093.377 75 
0.3672495 0.09788111 0.8814735 0.04937094 0.0921317 0.1949435 0.2362062 0.3403747 0.4394536 1 194.1147 265.4032 441.8248 823.7598 947.791 1058.276 993.482 3931.76 76 
0.999999 0.01111343 0.8720695 0.2073846 0.1382466 0.3715504 0.2989463 5.44064e-14 2.14699e-33 1 2609.515 5219.028 6597.82 9791.163 11405.86 11405.84 11405.83 12582.97 77 
0.09300816 0.6067532 0.9130256 0.04131918 0.1002949 0.1722321 0.1947562 0.2586722 0.4759132 1 36.25958 39.63202 88.0631 138.5551 134.9108 143.054 191.3049 877.5484 78 
0.05059107 1 0.8775622 0.05776165 0.09386976 0.1479914 0.2133994 0.2933753 0.5178567 0.9999994 31.99996 33.61887 50.70083 72.56496 89.67112 97.53655 120.9344 554 79 
0.9137617 0.03460396 0.5885883 0.1351479 0.3430099 2.384174e-12 0.3422057 0.2421974 1.512599e-45 1 693.6066 1327.398 2735.408 2499.511 3281.868 3463.429 3164.748 5132.203 80 
0.3148163 0.1050849 0.8607774 0.03410929 0.09364236 0.1366406 0.2006413 0.2749656 0.55895 1 142.7388 187.6753 437.5867 638.3434 835.5741 958.2507 1326.291 4184.75 81 
0.3504511 0.09657383 0.980179 0.0784917 0.1008008 0.1681439 0.221356 0.3203268 0.5062425 1 331.3563 447.4804 548.954 780.5582 917.6665 1047.381 1146.657 4221.546 82 
0.972828 0.01289024 0.9638579 0.1864571 0.3801716 0.4082136 0.2385667 0.999999 0.9902812 0.998495 1629.242 3214.215 5829.386 7469.639 7888.735 9659.816 9397.341 8737.896 83 
0.1937871 0.1529432 0.8537818 0.04415236 0.09799931 0.1685581 0.232765 0.3207266 0.5276028 1 137.3057 163.9138 323.0683 514.5454 618.6077 668.4399 742.5094 3109.816 84 
0.9420386 0.02203585 0.7461897 0.304099 0.06805446 0.5086161 0.3027986 0.3805454 1 1 1769.923 3437.258 3513.67 5229.862 5488.364 5662.361 6135.224 5820.217 85 
0.09647386 0.6299795 0.9013322 0.04607162 0.09688167 0.1342519 0.2027796 0.2489411 0.5293352 1 38.09702 41.77239 80.45134 103.4012 135.0399 135.4287 208.541 826.9087 86 
0.04826542 1 0.9207094 0.0560751 0.08514787 0.1731591 0.2198919 0.2952996 0.4571456 0.9999999 30.00018 31.44815 44.51752 82.14817 87.96377 92.24542 100.4537 535 87 
0.8115968 0.02174794 0.7608057 0.1310946 0.1181308 0.2398251 0.3943287 7.755089e-61 0.9999943 0.9999219 1195.554 2165.862 2693.902 3862.292 5229.379 4244.147 6661.967 9119.783 88 
0.4289638 0.07020375 0.8868018 0.06241692 0.1121399 0.1688859 0.2123317 0.3135366 0.5291711 1 341.8657 488.5137 785.4231 1106.936 1279.441 1484.67 1721.109 5477.133 89 
0.1552164 0.2505471 0.9487967 0.06409363 0.0990362 0.1762095 0.2153724 0.3205508 0.441962 1 127.7234 147.5481 207.6083 328.3148 349.0875 402.339 388.5997 1992.762 90 
0.7462437 0.01724639 0.8926931 0.08180918 0.173824 0.298539 3.488594e-48 0.3770499 0.5888058 1 1101.668 1923.781 3584.882 5724.882 4272.157 5889.891 7023.643 13466.31 91 
0.2161329 0.1898335 0.9776487 0.06162894 0.1010879 0.1633373 0.16707 0.2974655 0.5066885 1 147.4974 179.3764 265.7939 387.1908 365.8738 497.5691 608.3349 2393.313 92 
0.03837023 0.9999999 0.9331777 0.05758236 0.1181258 0.1547343 0.2076513 0.2793129 0.4497622 1 30.00041 31.15153 59.19503 69.27125 78.65832 84.01877 97.22366 521 93 
0.1959264 0.2484218 0.9183638 0.06968465 0.1160814 0.1406044 0.2053495 0.2989932 0.4806204 1 132.839 158.8657 236.9904 266.8419 328.9232 384.527 436.0213 1906.288 94 
0.1541968 0.2493424 0.9519529 0.04352934 0.1126466 0.1687877 0.235187 0.3382413 0.5379608 1 88.23233 101.8375 234.0945 326.4686 386.65 429.5402 455.576 2026.962 95 
0.95957 0.01237213 0.8572099 0.183505 0.3020062 0.2512747 1.686304e-05 0.3828459 0.999979 0.9999998 1940.02 3801.605 6254.826 7515.895 7212.104 8647.558 11081.9 10572.03 96 
0.2078343 0.193076 0.9068904 0.06453463 0.08857449 0.1671377 0.2294154 0.3109687 0.5230662 1 160.5589 193.9286 246.4525 405.761 489.6401 525.1152 599.796 2487.95 97 
0.09621557 0.6287413 0.8683967 0.04194071 0.08182081 0.1715755 0.2062285 0.301118 0.4484989 1 33.40037 36.61401 65.94973 126.5416 131.8595 151.401 158.9611 796.3711 98 
0.920064 0.03213218 0.6500763 0.1877862 0.2647674 0.2161011 0.4558309 8.404251e-22 1 1 871.4916 1673.32 2537.57 2933.623 3689.402 3394.486 4305.338 4640.871 99 
0.2370005 0.1552509 0.891445 0.05412339 0.0938293 0.1333384 0.2173781 0.244221 0.4699745 0.9999999 161.0317 199.1963 311.2677 413.8076 578.5095 559.5377 746.9971 2975.27 100 
