0.09129514 0.09153597 0.04648856 0.01155425 0.01529576 0.01966626 0.02817525 0.03439545 0.04617529 3.366473e-06 28.54313 40.92713 47.78181 63.15793 53.07351 73.94267 67.45477 1 
0.01056003 2.864395e-06 0.06678934 0.009774373 0.01258172 0.01635907 0.02027727 0.02547711 0.03325949 0 5.493198 6.680645 7.943048 8.532051 8.844777 9.456273 9.448909 2 
0.06960581 0.00772358 0.04459087 0.03566589 0.05084675 0.0656306 0.07017987 2.483652e-07 NaN 0 225.1753 329.6109 362.777 463.1144 522.2692 511.4412 632.1156 3 
0.1007837 0.06618418 0.03683107 0.01367569 0.01816991 0.02320182 0.02976051 0.03815469 0.05270037 7.508954e-08 43.27886 64.90043 74.24574 84.27995 86.62394 96.28646 102.8405 4 
0.06198871 0.3263615 0.06461483 0.01053748 0.01441905 0.01648074 0.02039723 0.02691951 0.03581979 5.051626e-06 11.70672 16.18095 15.94141 18.57158 21.18362 22.56672 22.12159 5 
0.1214043 0.07145476 0.04271257 0.01253591 0.01833407 0.02082426 0.02524994 0.03571823 0.04895065 2.715671e-06 48.97711 83.353 79.99544 92.89497 128.2433 108.0818 143.9645 6 
0.0947077 0.07356891 0.03820805 0.01384305 0.01794727 0.02113046 0.02648329 0.03578189 0.05128621 3.749478e-06 38.64546 56.04043 57.36448 67.42782 79.13283 84.36225 75.91094 7 
0.06075449 0.2020587 0.01702027 0.009819762 0.01483107 0.01701627 0.02085346 0.02791749 0.03748673 0 11.45255 17.43319 17.32294 19.9121 23.56839 24.6022 24.96539 8 
0.07222213 0.1817444 0.05351844 0.01208755 0.01503599 0.01953956 0.0235854 0.02992952 0.040182 3.230179e-14 18.32248 23.46834 27.36072 27.77347 31.09249 33.32643 34.26531 9 
0.0788946 0.1287801 0.0346045 0.01116838 0.0156779 0.01988194 0.02417249 0.03267399 0.04492504 0 20.91592 30.80476 34.40624 36.41051 45.57722 38.64532 51.38417 10 
0.1244405 0.04232309 0.06154199 0.01622858 0.02169711 0.02444374 0.0310071 0.0393433 0.07311375 0 67.78481 111.7052 112.3294 141.3912 148.4613 230.9565 140.3981 11 
0 0.01217986 0.1143118 0.0503706 0.0999572 0.1700942 0.2462215 0.4711512 0 0 196.3777 282.0423 319.4798 360.321 412.188 1.419736e-13 1.012471e-13 12 
0.09165436 0.01079083 0.1258225 0.03364955 0.04689304 0.05883842 0.07961311 0.1138013 0.0001090258 0.107032 216.3352 349.5298 401.1187 515.858 525.9901 465.3376 603.3871 13 
0.1072952 0.06741083 0.02253155 0.01371121 0.01781702 0.021655 0.027269 0.0341138 0.04940629 2.97377e-06 49.52556 74.2583 79.41278 91.30381 88.87178 130.3821 100.2832 14 
0.08861867 0.09586844 0.04872388 0.01236996 0.01685439 0.02071012 0.02623412 0.03406768 0.04688049 0 28.27813 41.7992 44.97394 51.80354 56.75038 59.78391 63.17543 15 
0.09511138 0.07135829 0.0388567 0.01536566 0.0173796 0.0229011 0.02704595 0.03474186 0.04846611 NaN 45.32882 57.26044 70.32628 63.67548 82.35578 83.10358 87.42867 16 
0.1001828 0.07086641 0.03994616 0.01146809 0.0162987 0.02201628 0.02655898 0.03628924 0.05241147 1.319405e-06 34.07981 53.29396 65.67012 66.59278 89.11872 74.23751 108.432 17 
0.08820013 0.006414458 0.03072322 0.04282178 0.04486502 0.05384146 0.07652572 0.09051368 NaN 0 512.2358 621.1454 722.9133 1165.044 1020.91 1267.722 1409.114 18 
0.0728236 0.1791137 0.05046894 0.01080159 0.01430641 0.01838154 0.0222278 0.03060459 0.04065186 0 17.40249 23.88418 27.46957 28.94598 36.91458 33.94988 36.01999 19 
0.01076353 0 0.0402276 0.009344742 0.01371741 0.01606138 0.01938122 0.02405567 0.03206175 3.189365e-05 5.06485 7.076068 7.430282 7.877837 8.271813 9.747207 9.51342 20 
0.04922898 0.3314831 0.04991465 0.009411843 0.01365933 0.01669495 0.02296044 0.02811398 0.03706287 9.033344e-14 9.474089 13.65972 14.77449 18.62733 16.9775 19.8109 17.58928 21 
0.09700642 0.1216626 0.04304283 0.01301226 0.0170227 0.01878337 0.02387028 0.03114858 0.04223485 1.211242e-06 37.42277 55.01776 48.33163 64.32943 67.22293 66.99353 78.0099 22 
0.1113324 0.06586248 0.03295089 0.01266431 0.0176498 0.01956548 0.0275098 0.03366309 0.04948097 1.037778e-16 47.12848 75.735 70.17133 105.2533 92.1191 135.8875 108.664 23 
0.09619127 0.1023181 0.04901722 0.01156151 0.01577656 0.01820012 0.02674295 0.03273228 0.04441509 6.625244e-06 30.33956 45.42719 44.96395 66.98978 58.35693 70.05651 76.42977 24 
0.07594759 0.1740994 0.04874203 0.01061693 0.01446282 0.01734838 0.02084068 0.02897585 0.03852619 5.052643e-14 18.29331 25.94408 27.1389 29.66941 38.89236 34.66863 42.29571 25 
0.08428248 0.1564147 0.0340981 0.01015547 0.01472786 0.01855082 0.02183245 0.03299702 0.04279801 4.579358e-06 19.48466 29.90165 33.41844 34.88021 51.78212 43.9476 44.54284 26 
0.01014724 7.632718e-06 0.0559174 0.008835967 0.01406038 0.01738302 0.02052514 0.0270141 0.03486737 0 4.789094 7.29421 8.042869 8.093321 9.063188 9.390704 8.635321 27 
0.05884897 0.3294151 0.0529083 0.01241105 0.01518989 0.01728763 0.02124938 0.02786129 0.03673154 1.869551e-05 12.95554 15.71684 15.42642 17.53882 19.63353 19.70059 22.07761 28 
0.09922725 0.1265407 0.03991945 0.01168234 0.01366998 0.01732459 0.02293319 0.0286953 0.04072858 5.418188e-06 31.03183 39.77177 46.3871 56.26703 57.40843 76.11457 65.0888 29 
0.0778356 0.134256 0.04950993 0.0107869 0.0151439 0.01741326 0.02426527 0.03003906 0.04043284 0 19.28378 28.33116 27.9733 38.84336 35.36554 43.47967 44.12389 30 
0.1085636 0.0764469 0.05167375 0.01268785 0.01581288 0.01952293 0.02653157 0.03292166 0.04818794 4.765586e-06 37.54743 52.68405 59.35983 76.53444 72.43827 106.0775 86.52432 31 
0.1167609 0.01079477 0.1162455 0.06925807 0.1160388 0.1229611 0.160035 0.2242188 NaN 0 319.9582 661.4131 746.6926 915.343 1054.594 1096.007 1426.869 32 
0.04462099 0.3238241 0.04647576 0.01024984 0.01392456 0.01729931 0.01946499 0.02715139 0.03542224 7.9928e-06 9.335635 12.40686 13.63903 13.02491 17.33784 15.1732 17.75268 33 
0.1601689 0.03942923 0.08010871 0.0157982 0.019156 0.02549995 0.03126462 0.0421084 0.05396899 5.529767e-08 99.12048 157.8333 200.9674 215.4243 208.1516 329.7893 314.2418 34 
0.07118971 0.007616006 0.07582725 0.02576931 0.05018824 0.06634471 0.07182312 0 1.96503e-13 0 169.0399 347.4961 384.4369 432.2714 512.9727 503.4483 645.6641 35 
0.1145951 0.04448334 0.05046253 0.01368073 0.02172528 0.02696093 0.03315776 0.04367329 0.06505423 1.116182e-06 54.95562 101.6701 114.5732 125.6931 146.8412 168.4421 148.0606 36 
0.1064031 0.07708229 0.05334269 0.0158771 0.01582301 0.02148456 0.02667817 0.03478233 0.05050555 4.307529e-06 45.81451 50.76364 70.09961 70.77204 80.79557 96.07783 83.92929 37 
0.08147843 0.1644426 0.0604876 0.01249667 0.01573368 0.01986559 0.02371398 0.03349562 0.04530211 6.448057e-06 22.18349 29.5466 32.96135 33.59925 45.37531 34.89822 47.05222 38 
0.008792572 1.911539e-05 0.05241246 0.009592271 0.01416169 0.0177801 0.02067869 0.02674318 0.03468369 1.53869e-14 5.496372 7.681148 8.554283 8.310385 9.030002 8.942994 9.401335 39 
0.08280385 0.1717421 0.06106731 0.009383413 0.01400391 0.01608871 0.02172199 0.02859042 0.03859936 1.21077e-06 15.73971 24.56973 24.57951 33.16436 36.38277 39.34221 41.60079 40 
0.0595345 0.3237589 0.03737354 0.01145269 0.01495094 0.01768179 0.02215431 0.02831227 0.03730939 6.608945e-14 13.15969 17.21022 17.58242 20.05343 21.18724 21.41462 24.06083 41 
0.04791673 0.3288032 0.02957029 0.01000575 0.01288469 0.01843037 0.02139787 0.02681654 0.03567993 0 9.076253 11.476 15.10203 14.35321 16.02147 17.66337 17.02619 42 
0.1116894 0.1107703 0.04506245 0.01138149 0.01173971 0.01945834 0.02277185 0.02993018 0.04102457 2.593716e-06 34.97104 39.00036 65.79732 60.84503 78.15267 86.39061 91.63797 43 
0.07905991 0.1250232 0.03457288 0.01070117 0.01451921 0.01930836 0.02528366 0.03161861 0.04212745 4.398809e-17 21.8439 31.13035 37.3552 43.25179 41.53018 48.8751 51.34866 44 
0.1012652 0.08093841 0.04566128 0.01313007 0.01681803 0.02164359 0.02659838 0.03404494 0.0476323 0 36.204 51.62625 60.12528 63.91672 72.39194 84.82357 81.98661 45 
0.09498507 0.01032783 0.06902687 0.02803038 0.04559005 NaN 0.06194586 0.1040568 0.1809475 0 197.5236 376.8047 375.7493 538.0482 637.8828 668.5924 577.6375 46 
0.1022161 0.08642444 0.06873975 0.0141705 0.0159553 0.02136004 0.02837023 0.03714473 0.05164667 5.301324e-06 36.60483 46.35132 58.80486 67.69313 72.50439 72.10992 83.41576 47 
0.08434513 0.09746714 0.01709054 0.01083384 0.01622096 0.02097033 0.0241865 0.03166383 0.04480546 1.190191e-05 24.74457 39.58005 45.15963 42.46719 58.26933 61.40777 54.9522 48 
NaN 0.01042279 0.09623462 0.03830262 0.07277108 0.1150737 0.1270171 4.633452e-30 9.051343e-06 1.663526e-06 145.3276 222.5764 273.7687 250.8788 250.8787 250.8789 0 49 
0.009285253 0 0.02705055 0.009067538 0.0112495 0.01539551 0.01912649 0.02503892 0.03247223 1.216347e-05 5.159429 6.093854 7.769062 8.46659 9.407425 9.36823 9.866738 50 
0.09249085 0.005646045 4.6175e-12 0.04147028 0.07032062 0.08859065 0.1199197 0.1502835 8.5434e-19 0 450.9409 895.4459 1059.662 1146.052 1331.248 1276.847 1659.27 51 
0.009893249 0 0.06008081 0.008519929 0.01318622 0.01629509 0.02078295 0.02583022 0.03364177 5.831717e-16 4.694481 6.971 7.785954 8.677385 8.748721 9.557276 9.102345 52 
0.0959846 0.007976358 0.09247775 0.03062756 0.03139909 0.04066627 NaN 0.08110645 0.1609984 NaN 359.1531 392.2578 636.8696 660.618 1072.497 799.1596 1006.99 53 
0.1247281 0.04099984 0.04825503 0.0149384 0.02236587 0.02462769 0.03003577 0.0376649 0.06040939 1.856833e-06 73.77422 133.5032 126.2745 147.9214 162.0714 239.5646 173.7419 54 
0.1381137 0.04287885 0.06371177 0.01600532 0.0179378 0.02225659 0.03548772 0.04196056 0.0595051 1.698738e-06 83.16367 118.2633 140.7746 207.1327 181.5839 216.8569 242.2169 55 
0.009169703 3.209038e-06 0.06342718 0.009200353 0.01348917 0.01605587 0.02010167 0.02506169 0.03275579 0 5.419008 7.542698 8.012955 8.742625 8.929313 9.61501 9.635072 56 
0.06770488 0.3143366 0.07213029 0.01080382 0.01419866 0.01768209 0.02148657 0.02774815 0.03676161 2.7779e-05 13.49235 18.09972 19.8645 21.28094 24.28958 24.99183 26.44486 57 
0.09834033 0.06138992 0.03184177 0.0135816 0.01875737 0.02157616 0.02795026 0.03744381 0.05279528 7.676907e-06 42.5752 66.18485 65.04807 83.13749 92.57631 95.47466 99.76549 58 
0.0717118 0.2873698 0.03045163 0.01107946 0.01559046 0.01840665 0.02385718 0.02939979 0.03903053 5.374735e-06 16.03508 23.33787 23.3829 28.42525 26.61437 32.03613 29.58461 59 
0.09505729 0.1459273 0.07853188 0.01144797 0.01409256 0.01861972 0.02473312 0.03101092 0.04186273 0 25.10818 33.64956 40.6267 48.31721 48.39048 55.03634 59.76809 60 
0.08708537 0.1512804 0.02457914 0.01143063 0.01557511 0.01774041 0.02284501 0.02977975 0.0408034 5.4348e-18 22.75186 33.09677 31.95146 40.80134 44.2733 49.54978 47.92166 61 
0.04845579 0.3294055 0.037534 0.009676575 0.01356798 0.01785347 0.02013256 0.02661736 0.03494982 1.912658e-15 8.940781 12.3605 14.5975 13.67985 17.18238 16.55283 18.50675 62 
0.08021002 0.0106381 0.04909704 0.02918337 0.04764434 0.06047374 0.09487148 0.1479565 0 0 163.5439 298.5695 342.5331 472.1881 473.175 328.4561 474 63 
0.08468842 0.1595546 0.05176645 0.01173636 0.01458661 0.01812963 0.02329407 0.02903566 0.04026979 1.377691e-05 21.73719 28.55425 31.81201 37.25829 37.7097 48.61171 42.6067 64 
0.07941987 0.003888202 0.06628844 0.04074916 0.07352569 0.09470708 0.1003915 1.113623e-08 NaN 0.001805794 689.2127 1371.574 1506.24 1438.229 1860.076 1874.007 2282.811 65 
0.1349316 0.03208241 0.05472094 0.01926644 0.02345226 0.03168179 0.03686792 0.04661891 0.07333885 4.389856e-06 109.3368 172.8 222.814 209.8126 244.5216 323.3906 254.1496 66 
0.1100258 0.04414698 0.04695922 0.02026065 0.0184253 0.02811218 0.03562688 0.04631536 0.06605987 0 75.6332 74.50681 132.611 128.9303 127.8389 133.2649 164.62 67 
0.07106022 0.1813535 0.03664151 0.009731416 0.01502909 0.01699432 0.02170613 0.02859505 0.03860339 9.833135e-06 15.41909 24.60801 23.64701 29.50237 32.7969 34.86939 34.22684 68 
0.07710742 0.1748004 0.03107449 0.01298525 0.01362279 0.01781427 0.02092725 0.02792388 0.03787597 0 20.85458 22.05528 28.00706 26.79058 34.5613 36.072 37.84723 69 
0.06428423 0.3205561 0.05891928 0.01196137 0.01405026 0.01654603 0.02058058 0.0256905 0.03412508 0 14.25326 16.69787 17.43832 19.75948 20.4726 23.41007 26.01577 70 
0 0.01265604 0.09773596 0.04545558 0.08287569 0.1225616 0.1604268 0.1874264 NaN 5.459159e-07 156.6622 217.1819 247.2103 274.0447 290.8674 290.8663 3.41359e-06 71 
0.1241929 0.06785272 0.07892826 0.01462434 0.01653082 0.02393882 0.02742714 0.03802574 0.05366054 6.555482e-06 49.96812 68.05809 94.25245 86.08046 121.516 122.2905 119.411 72 
0.05713002 0.33208 0.06896763 0.01016556 0.01330258 0.01679107 0.02117508 0.027319 0.03598816 2.239909e-05 10.52914 13.74534 15.60771 17.53219 19.22064 19.46792 21.47504 73 
0.09485033 0.008770576 0.1253194 0.04802226 0.05724632 9.149315e-39 0.1113365 0.272876 NaN 0.05327544 298.5534 457.5261 562.9783 918.4886 1204.48 825.614 1235.66 74 
0.1017923 0.07740413 0.06101803 0.01539053 0.01853302 0.02277884 0.02772969 0.03515749 0.04827715 1.184537e-07 47.60871 66.27171 71.38044 73.99147 81.7261 90.6351 92.24793 75 
0.1223667 0.0476422 0.05385064 0.01304597 0.01837653 0.02905168 0.033337 0.04406538 0.06357738 1.026435e-06 51.29362 84.02619 124.891 116.8904 144.8324 143.7843 178.3918 76 
NaN 0.003433469 0.1134466 0.0421591 0.07405046 0.1118141 0.1506483 0 0 5.369104e-07 530.4868 681.3444 995.1988 885.7389 885.7186 885.6917 0 77 
0.04662114 0.3243275 0.04345923 0.008775415 0.01356401 0.01797733 0.02082985 0.02562136 0.0343185 9.187275e-06 7.700851 11.76299 13.9683 13.59082 14.79188 16.95661 16.86508 78 
0.01030654 0 0.05431964 0.009911197 0.01276454 0.01632655 0.02040839 0.02557217 0.03338639 7.526919e-05 5.490803 6.675481 7.794194 8.482552 8.754773 9.527112 9.268201 79 
0.09512116 0.0107869 0.1070436 0.04249167 0.07265992 NaN 0.1072615 0.1829514 0 NaN 218.0759 450.2431 525.5451 736.083 621.888 861.2236 1068.012 80 
0.1297077 0.05820871 0.06272724 0.009825164 0.01734313 0.02084192 0.02652386 0.03380417 0.0537353 7.355867e-06 41.11585 82.79385 90.08958 111.5335 126.0991 180.3475 137.9157 81 
0.1146713 0.04646227 0.01992121 0.01684399 0.01865733 0.02520201 0.03108583 0.04085263 0.05846257 3.251727e-06 71.10765 93.91481 122.2201 125.4122 143.8936 157.7336 157.0277 82 
0.06335739 0.003760219 0.03942429 0.05499564 0.1163824 0.1933067 0.3291756 NaN 0.01732767 NaN 480.5461 1025.554 1305.343 1383.813 1058.454 1529.273 2099.599 83 
0.1131731 0.1082223 0.07332404 0.01060899 0.01576703 0.02100154 0.02556133 0.03262803 0.04539477 2.663125e-14 32.992 55.2385 65.51343 71.1689 81.6903 95.2369 87.36599 84 
0.1158615 0.007236734 0.108084 0.1200848 0.09532311 0.2270483 0.2733885 0.3887893 2.314616e-07 0 698.9193 758.297 1578.496 1673.978 1895.944 1889.274 2435.524 85 
0.04594372 0.3185386 0.04397207 0.009325393 0.01345498 0.01641269 0.02073336 0.02519996 0.03437851 0 7.749602 11.00735 12.01983 13.69462 13.6578 17.39486 15.32821 86 
0.01028267 0 0.045678 0.009946207 0.01241934 0.01760348 0.02119035 0.0264251 0.03437617 2.882133e-05 5.321221 6.282415 8.221753 8.363223 8.546385 8.845321 9.423858 87 
0.08929963 0.009720469 0.1072663 0.02380817 0.02964421 0.04342429 0.04781363 NaN 0.1070556 2.54288e-06 223.635 309.8468 469.3661 423.8973 497.5227 805.2284 572.4664 88 
0.1330608 0.03379987 0.05130289 0.01600575 0.02192778 0.02799332 0.03417083 0.04504376 0.06709445 2.72831e-16 87.96943 150.4643 182.3261 196.6756 233.4803 272.9261 255.4518 89 
0.08198719 0.1554667 0.03632066 0.01196829 0.01460294 0.01996418 0.02373088 0.03059503 0.04122271 4.881824e-06 23.96693 30.8202 38.42363 36.99256 44.65235 42.98661 51.09034 90 
0.1027976 0.00669442 0.08311718 0.02472517 0.04509995 0.0470942 NaN 0.08193392 0.1533948 2.911735e-06 332.9568 714.3712 743.3644 881.0429 1241.832 1359 1214.883 91 
0.09525461 0.1046988 0.02241628 0.01263741 0.01597758 0.02091892 0.02406129 0.03160153 0.04404191 4.405692e-06 30.24529 41.6702 49.31071 44.66333 63.9192 65.1172 63.35947 92 
0.009410287 9.309138e-06 0.04714135 0.01018633 0.01453766 0.01734286 0.0211515 0.0262726 0.03431322 6.224339e-16 5.317264 7.170574 7.614573 8.035281 8.248618 8.751918 9.452297 93 
0.08151438 0.1257294 0.04092655 0.01290215 0.016475 0.01918616 0.02406143 0.03103657 0.04234252 0 24.59523 33.29468 33.09856 39.29925 42.22702 46.02641 47.69805 94 
0.08138875 0.1541275 0.03405605 0.009696596 0.01573203 0.0194153 0.02418059 0.03124668 0.04252765 0 19.65464 33.67255 35.91259 40.78111 45.4721 48.55989 45.04006 95 
0.0929355 0.004531759 0.1266669 0.06133197 0.1078229 0.1091606 0.000447974 0.1810592 NaN NaN 648.4032 1321.609 1297.097 1784.885 2175.226 2220.453 2934.63 96 
0.09237545 0.1060662 0.04669689 0.01265675 0.01455396 0.02063409 0.02531037 0.03233581 0.04486064 1.164755e-05 31.60353 39.47545 52.81324 53.39399 59.4716 68.88329 63.63427 97 
0.04609563 0.320438 0.05334459 0.009085777 0.01267858 0.01834966 0.02159825 0.02748563 0.03604974 1.313678e-16 7.2501 9.949008 13.27699 13.02031 14.63487 14.79723 16.39476 98 
0.08914304 0.01001189 0.1264934 0.05664982 0.08854038 0.1128552 0.1223154 0 0 0 262.9045 484.5584 584.2537 651.4449 847.0104 841.5269 NaN 99 
0.108558 0.09033583 0.05445601 0.01191218 0.01546883 0.01904055 0.02523412 0.03156387 0.04244449 1.164646e-05 35.44196 51.48308 56.43446 71.05823 64.77366 95.38987 89.69908 100 
