0.9999923 0.0557021 0.1730456 0.1930849 0.30048 0.3155784 0.3433648 0.1492387 0.9996197 0.9987983 448.9208 897.8381 1461.553 1875.691 2184.086 2272.089 2773.651 2324.991 1 
0.9999655 0.02768627 0.3874886 0.2978442 0.07414174 0.5670514 0.3180117 0.2938921 0.9998961 0.9996685 1228.186 2456.33 2670.915 4190.935 4559.88 4792.347 5351.027 4123.586 2 
0.9999926 0.143156 0.1660974 0.2249143 0.2095434 0.1699091 0.3478173 0.5127651 1 1 265.5561 531.1103 722.8685 845.7721 1054.62 1255.42 1446.22 1180.699 3 
0.9999999 0.05393094 0.2966331 0.1742169 0.2072785 0.265303 0.1299812 2.871162e-05 0.3139296 1 519.2667 1038.533 1548.71 2066.351 2252.678 2252.713 2644.224 2980.576 4 
1 0.08168546 0.1515229 0.198824 0.2342208 0.1497564 0.4225879 0.4403104 0.9998712 0.9996438 355.1332 710.2663 1045.445 1209.556 1603.3 1840.188 2141.263 1786.168 5 
0.9999957 0.06036998 0.2881508 0.1693016 0.2318029 0.2781556 0.08069559 0.3654772 0.3614301 1 430.765 861.5281 1351.463 1803.087 1897.657 2291.433 2538.522 2544.364 6 
1 0.0360396 0.3168394 0.2554337 0.1340929 0.4283202 0.4997771 1.155637e-87 0.9998493 0.9990608 860.291 1720.582 2056.843 2986.902 3607.301 3607.301 4228.16 3367.962 7 
1 0.006404373 0.6042447 1 0.4209716 0.4047714 0.9723846 0.9996695 0.99999 0.9999562 12619.83 25239.66 25239.66 25239.66 25239.66 25239.66 25239.66 12619.83 8 
0.7991756 0.06142672 0.4163862 0.1249654 0.1400559 0.2953889 0.3262883 0.5111818 0.9997897 0.998388 423.2901 761.5732 1023.752 1571.059 1841.548 2090.224 2261.777 3387.258 9 
0.9999988 0.07388541 0.2245384 0.1837237 0.2497432 0.1201199 0.4715797 0.1207557 0.5790282 1 379.0629 758.1253 1178.732 1330.508 1854.797 1925.737 2224.827 2063.223 10 
0.9999986 0.05779629 0.257104 0.3033232 0.1074904 0.2972207 0.6322501 0.1238316 0.9997727 0.9994671 640.3559 1280.711 1438.804 1828.958 2412.224 2454.231 2751.408 2111.134 11 
0.9999996 0.9999996 0.01468829 0.04502862 0.07465587 0.1528648 0.1904754 0.3095983 0.4215288 0.9999999 24.00026 48.00051 86.00031 157.9996 233.9993 333.9997 428.0007 533 12 
0.9999806 0.06956254 0.2726419 0.1755588 0.2040803 0.322542 0.1985219 0.1479324 0.220025 0.9999999 388.2336 776.4596 1148.52 1616.541 1811.669 1928.191 2075.867 2211.416 13 
1 0.06356711 0.193772 0.1376604 0.3648834 0.1213177 0.5085574 0.2518615 0.5582654 1 283.2361 566.4722 1213.871 1350.579 1854.13 1976.687 2179.922 2057.498 14 
0.9999821 0.02163366 0.4604527 0.2503876 0.1257437 0.3316076 0.3037221 0.3261133 5.744524e-10 1 1433.112 2866.198 3405.645 4649.432 5410.815 5979.998 5979.89 5723.573 15 
0.9999993 0.04562014 0.291727 0.2731117 0.08126595 0.151556 0.3501314 0.1087685 0.5907489 0.9999998 898.8714 1797.742 1992.158 2325.266 2978.198 3110.012 3748.063 3291.222 16 
1 0.0459104 0.2709582 0.1961838 0.2654381 0.2664775 0.2459176 0.9382973 1 1 522.8641 1045.728 1614.379 2033.724 2317.59 3134.329 3188.038 2665.174 17 
0.9999995 0.04941888 0.2918731 0.2175774 0.2322375 0.3941577 0.4025859 0.5930526 0.9996144 0.9991732 566.694 1133.388 1606.657 2223.355 2604.965 2940.803 3171.163 2604.564 18 
1 0.03984838 0.3355439 0.2936749 0.04768494 0.2370054 0.4191295 7.8896e-69 0.7196698 0.9999997 1004.023 2008.046 2123.196 2668.226 3403.64 3403.64 4137.134 3418.826 19 
0.9999784 0.07830536 0.2047279 0.1918412 0.376789 6.99045e-19 0.2764617 0.4938114 0.9998406 0.9994906 357.6729 715.3381 1283.049 1283.021 1542.597 1878.069 2221.887 1864.422 20 
1 0.04485619 0.2645316 0.2167472 0.1552418 0.1596412 0.3356192 0.3929745 0.2040166 0.9999999 691.2068 1382.414 1770.176 2107.023 2702.138 3165.089 3310.985 3189 21 
0.9999944 0.01774824 0.4806821 0.2134351 0.3087274 0.2031931 0.4365364 0.1933204 0.9999735 0.9998568 1408.708 2817.409 4420.14 5149.318 6397.571 6709.02 8008.696 6600.172 22 
0.7758582 0.03520275 0.519674 0.1499863 0.1354414 0.1897299 0.2445164 0.5873726 0.9999008 0.9990838 880.64 1563.892 1889.323 2284.506 2627.332 3589.88 3875.013 5871.47 23 
0.9999999 0.1198006 0.1653331 0.2111401 0.1737585 0.1641512 0.222816 0.557126 0.5450216 1 283.9129 567.8259 752.1407 896.0091 1059.237 1376.432 1513.857 1344.666 24 
0.9999993 0.05915111 0.3154178 0.2208814 0.1112735 0.2998466 0.08445535 0.3150469 0.4410934 1 608.7211 1217.442 1456.362 2028.538 2141.373 2526.743 2896.31 2755.873 25 
0.999985 0.1059417 0.2344379 0.1648855 0.2183732 0.2790683 0.2950998 0.1627829 0.2560835 0.9999999 264.3742 528.7445 821.1396 1113.201 1335.846 1422.405 1536.414 1603.38 26 
0.9999816 0.07438578 0.2632016 0.2017051 0.2714629 0.0277323 0.4202389 0.5600844 0.9999628 0.9993029 389.9573 779.9074 1198.854 1230.014 1689.398 2044.347 2323.116 1933.304 27 
0.9177889 0.02797722 0.4682367 0.179079 0.1762398 0.2339552 0.2508151 0.3426651 0.9999476 0.9998901 1072.344 2056.529 2753.813 3474.799 3967.167 4437.373 5600.133 5988.104 28 
0.9999989 0.0611739 0.1972715 0.2211985 0.2202503 0.3244047 0.2557572 0.6683568 0.9998382 0.9992893 457.8193 915.638 1270.659 1678.395 1895.568 2317.946 2527.497 2069.721 29 
1 0.05944256 0.2624822 0.2231787 0.2056153 0.2842757 0.1177657 0.1008625 0.4120082 1 538.4379 1076.876 1462.229 1885.458 2010.945 2105.764 2454.018 2412.586 30 
0.999998 0.08345752 0.2472784 0.204411 0.2949497 0.133344 0.3776494 0.1890368 0.1550799 0.9999999 371.5431 743.0855 1169.606 1305.557 1639.249 1743.2 1812.356 1817.628 31 
1 0.01757535 0.2936565 0.209399 0.310265 0.1326871 0.432539 3.647476e-05 0.9999675 0.9998569 1479.443 2958.887 4691.948 5203.149 6648.471 6648.54 8544.57 7065.188 32 
0.9397492 0.05167513 0.2188774 0.2292753 0.3085627 4.027222e-35 0.3406924 0.491358 0.9999521 0.9989134 658.0487 1276.449 1882.106 1768.708 2183.235 2547.188 2906.618 2870.124 33 
0.8984692 0.05249316 0.3610976 0.1624173 0.1839763 0.3204416 7.792565e-31 0.3190659 0.6569265 1 571.5449 1085.06 1517.153 2133.837 1917.187 2244.036 2747.331 3518.991 34 
1 0.010915 0.3693939 0.2720827 0.261855 0.3061817 0.6344582 0.002123584 0.9998921 0.9998017 2656.94 5313.879 7175.21 8781.72 11091.41 11094.23 12421.99 9765.189 35 
0.861872 0.07910513 0.3337862 0.1372333 0.161288 0.3697907 0.1985666 0.4902844 1 0.9999993 328.71 612.0159 860.7897 1382.828 1408.716 1643.333 1862.553 2395.264 36 
0.9999936 0.05039873 0.2121733 0.2489296 0.2238592 0.3285603 0.1138866 0.601822 0.9999821 0.9997772 635.0493 1270.095 1699.017 2187.621 2301.326 2833.807 3186.093 2551.12 37 
0.9999977 0.05864494 0.2984364 0.2616787 0.1290728 0.2459597 0.4328339 0.2732445 0.423027 1 613.9818 1227.962 1451.557 1822.643 2315.053 2491.355 2689.719 2346.32 38 
0.9357795 0.07791758 0.1775672 0.1533235 0.2493833 0.3780833 6.885147e-22 0.9999937 0.9975418 0.9912104 320.9063 621.2038 1023.24 1460.44 1366.65 2106.129 1970.878 2093.001 39 
0.9999769 0.07736793 0.2200639 0.2186114 0.1708745 0.2762403 0.5001707 0.3816353 0.9999758 0.9995923 387.8648 775.7207 1012.596 1330.1 1746.179 1904.832 2161.914 1774.22 40 
1 0.03108369 0.3473887 0.3042553 0.1260486 0.434161 0.2341995 0.8738785 0.9998453 0.9999058 1126.132 2252.264 2576.857 3553.957 3852.198 4704.411 4827.386 3701.273 41 
1 0.07658234 0.2546109 0.2057644 0.3066709 0.4206173 0.3024227 1.889832e-95 0.5642304 0.9999995 365.7221 731.4441 1164.359 1576.036 1747.531 1747.531 1970.726 1777.382 42 
0.9999986 0.05216229 0.3286488 0.2224785 0.2533722 0.2154953 0.2377397 0.5591034 0.3547312 0.9999999 575.241 1150.481 1659.85 1983.304 2263.248 2765.09 2905.469 2585.603 43 
0.9999305 0.03829136 0.3234132 0.279962 0.314841 0.3722826 4.417177e-10 0.3778482 0.9998977 0.9998795 914.2205 1828.377 2568.535 3168.108 3167.888 3549.77 4178.616 3265.517 44 
1 0.04855277 0.2588552 0.1529356 0.1979152 0.2581825 0.5513441 0.3174143 0.3348506 1 432.5974 865.1947 1339.405 1835.584 2621.601 2824.626 2970.82 2828.624 45 
0.9999997 0.02094475 0.4063562 0.2055245 0.1779065 0.2090971 0.09289424 0.5099952 0.2663946 1 1289.152 2578.303 3464.871 4321.494 4622.484 6121.44 6505.1 6272.495 46 
0.9999995 0.04629933 0.335783 0.1759058 0.05402266 0.2771742 0.185071 0.2754011 0.3577184 0.9999999 626.4666 1252.933 1411.484 2181.018 2552.421 3002.816 3426.718 3561.375 47 
0.999998 0.07411224 0.2187667 0.2198699 0.2832843 0.2461216 0.1652207 0.9997112 0.9988255 0.9988568 391.4145 782.8281 1176.25 1421.23 1545.207 2171.432 2171.608 1780.209 48 
0.9999999 0.1533693 0.1022887 0.1505014 0.2174596 0.1390977 0.3585848 0.3182258 0.4906804 0.9999997 176.1203 352.2406 568.4178 676.6255 916.7762 1053.476 1197.18 1170.223 49 
0.9082707 0.03458346 0.4195217 0.1477926 0.2657228 0.3590756 1.156373e-34 0.5954777 0.999951 0.9997063 636.1866 1214.016 2077.434 2854.087 2592.284 3382.534 3770.593 4304.59 50 
0.9999959 0.04144583 0.3326951 0.1344393 0.259858 0.1775011 0.3713488 0.1001721 0.5157479 1 458.5016 917.0014 1684.091 2071.903 2739.23 2852.386 3376.661 3410.474 51 
0.937852 0.1012583 0.1633326 0.1424484 0.1429927 0.3643875 1.788772e-89 0.3658269 0.3932667 1 266.702 516.8289 714.2936 1171.293 1098.5 1350.179 1484.391 1872.27 52 
1 0.1355821 0.1891623 0.1757343 0.08885338 0.1868748 0.3531821 0.3680853 0.139927 1 236.1139 472.2278 570.6304 759.1998 1048.985 1244.333 1291.26 1343.585 53 
0.999999 0.05679842 0.2550801 0.2146662 0.1213408 0.1348967 0.4415633 0.2298165 0.3342376 0.9999999 545.8862 1091.772 1334.096 1570.804 2241.109 2435.928 2654.151 2542.953 54 
0.9999993 0.05563421 0.3173066 0.1902115 0.2563457 0.1485787 0.4468648 0.2250749 0.2973257 0.9999999 503.3841 1006.768 1556.131 1792.92 2399.272 2568.201 2741.13 2646.444 55 
0.7993892 0.07138619 0.3531817 0.1180607 0.2198386 0.1714266 0.2592727 0.3027952 0.9999779 0.9979004 364.2458 655.4199 1122.115 1260.914 1463.998 1564.807 2159.238 3085.24 56 
1 0.08303141 0.1151141 0.154361 0.2142946 0.3571459 0.1693675 0.6257924 0.9998887 0.9996368 265.033 530.0661 841.2082 1248.638 1372.846 1754.052 1981.977 1716.969 57 
0.9635882 0.04853118 0.3848792 0.2162533 0.1868091 0.129814 0.3156689 0.4034312 1 1 659.4253 1294.84 1694.146 1884.745 2349.963 2731.291 3322.254 3049.319 58 
0.999981 0.07242452 0.2989028 0.2019197 0.1448328 0.3181518 0.1209202 0.3954093 7.552588e-05 0.9999998 414.3241 828.6404 1065.803 1511.33 1626.765 1958.645 1958.646 2051.925 59 
0.762934 0.03232394 0.5364833 0.1661316 0.1546057 0.1674636 0.28105 0.376421 0.9999446 0.9983343 1082.817 1908.936 2296.675 2521.662 2998.956 3323.232 4250.268 6517.828 60 
1 0.03741708 0.3661946 0.1991698 0.3024519 8.800557e-102 0.4121879 7.162774e-206 4.714902e-22 1 775.1505 1550.301 2492.97 2492.97 3389.103 3389.103 3389.103 3891.908 61 
1 0.01542749 0.4626755 0.9999999 0.9974786 0.9803084 0.996324 0.9995885 0.9999959 0.9999683 5837.812 11675.62 11675.62 11675.62 11675.62 11675.62 11675.62 5837.812 62 
0.8750172 0.04516058 0.3168563 0.1414849 0.2529505 0.1758889 0.242972 5.72457e-94 0.7353591 1 597.9106 1121.093 1898.694 2138.108 2413.589 2111.932 3091.405 4225.967 63 
0.9999974 1 0.01384095 0.04512628 0.1115314 0.1361702 0.2241379 0.2888885 0.4419648 0.9999998 24.99996 49.99986 108.9998 172.9995 263.9991 354.9983 453.9975 554 64 
0.2645773 0.1491533 0.7161146 0.05564247 0.100046 0.1529617 0.1718066 0.3242875 0.4776412 1 174.3188 220.4396 354.3112 501.0079 520.0248 743.2896 799.4852 3132.837 65 
0.8273085 0.03167271 0.3797808 0.1487136 0.2417928 0.2452051 0.238716 0.5837992 0.9999448 0.9993831 852.4992 1557.779 2468.71 2949.654 3106.953 3811.621 4038.219 5732.489 66 
0.7456192 0.07273222 0.3017953 0.1164565 0.1369973 0.3047985 0.2333401 0.3001348 1 1 357.4925 624.0457 836.8727 1337.426 1376.913 1401.085 1917.791 3069.752 67 
0.9999982 0.06981015 0.2537909 0.1715957 0.2561363 0.3438003 0.2907864 0.3044836 0.6318371 1 343.87 687.7394 1112.946 1537.495 1773.124 1948.106 2200.654 2003.955 68 
0.9999949 0.05478967 0.316867 0.2518986 0.1819982 0.1981671 0.3023887 0.3479161 0.5870317 1 638.9341 1277.865 1623.207 1930.792 2307.134 2609.199 2941.545 2536.474 69 
0.9999743 0.05163835 0.3760398 0.1646519 0.3327159 0.3356085 0.2654212 0.5116411 0.9994935 0.9985412 426.1238 852.2366 1571.515 2055.624 2309.965 2670.132 3013.723 2588.028 70 
0.9999998 0.05827469 0.2830214 0.1880639 0.3416223 0.2987376 0.5367276 3.92361e-06 0.9999287 0.9990539 411.9434 823.8867 1431.462 1781.261 2221.982 2221.983 2602.359 2190.444 71 
0.999997 0.04724423 0.3482872 0.2238687 0.2389855 0.09110914 0.3118451 0.2826261 0.1699332 1 677.4391 1354.876 1916.157 2078.994 2585.576 2901.516 3037.786 3026.056 72 
0.9999997 0.06215234 0.1969227 0.2317083 0.1375528 0.2316355 0.2211965 0.4035081 0.6502785 1 531.0697 1062.139 1304.356 1656.138 1914.253 2280.957 2633.463 2291.975 73 
1 0.02782856 0.3207724 0.2318934 0.1027478 0.2856314 0.05738267 0.2489875 0.4020062 1 1150.027 2300.054 2691.447 3667.698 3807.805 4380.853 5075.706 4959.291 74 
0.9999934 0.05135659 0.3162345 0.2113083 0.2038969 0.3009667 0.1243404 0.1633665 0.6458459 0.9999999 603.731 1207.458 1666.907 2206.807 2362.716 2542.091 3135.411 2857.11 75 
1 0.04469612 0.2452498 0.2738347 0.1216064 0.418039 0.1133578 0.5920769 0.9999456 0.999841 805.5742 1611.148 1870.93 2655.368 2779.159 3352.433 3747.379 2941.827 76 
1 0.1185973 0.1444145 0.1887107 0.2020398 0.1789202 0.2238867 0.1373132 0.6231701 0.9999999 269.9172 539.8344 774.2825 939.9549 1110.173 1191.196 1508.417 1430.322 77 
1 0.03532558 0.3312304 0.2511835 0.3952471 0.2597158 0.6023549 0.6197082 0.9997998 0.9997238 792.763 1585.526 2519.633 2890.829 3528.148 3788.876 3948.842 3156.111 78 
0.9999993 0.05415762 0.3126859 0.1999666 0.2367093 0.1622231 0.4253071 0.2935953 7.250687e-08 1 517.0991 1034.198 1523.908 1780.076 2342.734 2565.95 2565.948 2585.928 79 
0.9999987 0.06860826 0.2182641 0.1821849 0.2380789 0.2350523 0.1690281 0.4160252 0.604479 1 393.6158 787.2312 1207.895 1524.332 1698.397 2054.406 2356.481 2160.53 80 
1 0.03925063 0.2806432 0.2401676 0.2968761 0.4081382 0.2840112 0.6553709 0.9999352 0.9999966 764.4402 1528.88 2246.877 2940.919 3226.766 3699.039 3947.369 3182.944 81 
0.9999999 0.03827998 0.317658 0.2534746 0.1261732 0.2906129 0.05918084 0.8575346 0.9998221 0.999513 862.2098 1724.419 2044.818 2689.675 2782.831 4052.79 4263.735 3401.563 82 
1 0.0581776 0.3214134 0.1649858 0.1661692 0.3233324 0.3840791 6.72666e-119 0.3003837 0.9999998 395.3959 790.7917 1123.321 1662.84 2096.504 2096.504 2305.401 2396.544 83 
0.9999112 0.06293083 0.2900727 0.2378981 0.2050189 0.4145521 3.15527e-06 0.9994137 0.9990325 0.9987152 508.6114 1017.178 1351.13 1887.973 1887.808 2645.515 2645.724 2137.938 84 
0.9485482 0.03486649 0.368961 0.1173755 0.3945525 0.3930089 1.004797e-41 0.4655501 0.9998785 0.9996462 487.615 950.1414 2347.962 3099.633 2940.152 3416.213 3960.536 4154.318 85 
0.7943268 0.0515714 0.4869581 0.133323 0.1864772 0.1699128 0.1650829 0.4140315 0.9999431 0.9976802 562.3516 1009.043 1483.198 1683.452 1744.737 2239.248 2986.36 4217.965 86 
0.9999912 0.1839488 0.1359243 0.1446906 0.1269747 0.2366987 0.252145 0.3025484 0.3663264 1 163.1629 326.3243 448.7892 648.0943 810.1493 955.5673 1078.367 1127.668 87 
0.9999702 0.1229697 0.1737049 0.2005426 0.2189855 0.09923059 0.4819844 0.3374408 0.9999315 0.9987267 260.3292 520.6507 747.8972 828.3046 1180.178 1307.765 1558.292 1298.124 88 
0.9999808 0.04475069 0.286661 0.2593681 0.09572035 0.3089869 0.4177556 0.4157643 0.9997575 0.9990636 782.242 1564.469 1778.251 2402.339 2985.386 3323.214 3797.833 3015.952 89 
0.999999 0.04043253 0.3964282 0.2268411 0.2135562 0.3052557 0.2374109 0.01355477 0.6126757 1 791.5655 1583.13 2159.292 2806.977 3156.942 3172.176 3851.565 3489.515 90 
0.999998 0.0298121 0.3884492 0.2780583 0.2789511 0.1753632 0.343961 0.5107322 0.9998801 0.9993335 1207.709 2415.416 3290.107 3686.59 4327.889 4952.591 5550.965 4343.367 91 
1 0.04867099 0.3131501 0.253614 0.1764453 0.1630145 0.3548893 3.026765e-150 0.7490471 0.9999999 698.6762 1397.352 1760.16 2036.208 2539.21 2539.21 3224.098 2754.88 92 
0.9999842 0.07339591 0.282874 0.1758095 0.1480539 0.142038 0.2053356 0.2099279 0.2626659 1 395.2077 790.4092 1064.7 1288.879 1566.929 1792.819 2016.119 2247.931 93 
0.9999953 0.09560308 0.2538264 0.1249973 0.2585686 0.2150964 0.06050307 0.4601396 0.4343 1 219.7162 439.4313 837.1212 1082.404 1136.554 1523.488 1720.644 1757.768 94 
0.9997425 0.03973781 0.2479244 0.1734531 0.3277097 0.1400594 0.1679042 0.2647421 0.9998968 0.9997337 578.8927 1157.636 2061.348 2320.565 2587.743 2938.398 3913.254 3337.46 95 
1 0.06494212 0.2161236 0.211177 0.1276197 0.3349796 0.09948646 0.1726964 0.1972505 1 523.6599 1047.32 1296.952 1868.57 1981.469 2157.949 2324.711 2479.721 96 
1 0.06163194 0.2503683 0.2117887 0.2852533 0.09818822 0.1843028 0.7819964 0.9998385 0.9994434 470.6432 941.2864 1440.932 1563.858 1771.939 2492.106 2692.841 2222.23 97 
0.9999999 0.003709483 0.581681 1 0.7088219 0.1725603 0.6766761 0.9996097 0.9998749 0.9998372 21145.53 42291.06 42291.06 42291.05 42291.05 42291.04 42291.04 21145.53 98 
1 0.2129849 0.08605532 0.1113729 0.1520302 0.1880166 0.1733566 0.1920458 0.5004768 0.9999996 122.1295 244.259 392.4052 547.7645 664.0775 770.5926 994.8656 1096.582 99 
0.9999998 0.03673311 0.2804924 0.177717 0.3051222 0.2863169 0.1421654 0.3812231 0.29297 0.9999999 653.4548 1306.909 2229.442 2830.979 3044.144 3534.491 3767.666 3676.939 100 
