0.001682828 0.03788012 0.09957536 0.0454678 0.08629652 0.1409516 0.2205503 0.3726159 NaN 0.0545648 105.7122 173.1959 202.6861 211.4823 198.515 8.458887 15.38219 1 
NaN 0.01379435 0.1261816 0.0557296 0.1018352 0.138709 0.3511369 0.5316713 NaN NaN 229.8058 246.3089 380.2367 399.2534 406.7734 0 0 2 
0.001790604 0.05443357 0.05525377 0.0480944 0.07020095 0.0956405 0.1251344 0.201609 2.762596e-09 0 56.785 73.70868 74.09731 83.45437 87.14645 6.123633 8.371548 3 
NaN 0.02580136 0.103001 0.03696418 0.06606207 0.1016024 0.1308372 0.001534592 0.1667186 7.148018e-06 110.1746 163.6148 206.9098 172.3716 172.3226 234.8666 0 4 
8.480398e-09 0.04580343 0.07532743 0.04535998 0.0758081 0.1093761 0.1458628 0.2610461 NaN 0.09977612 81.02056 118.128 120.6532 148.7277 150.225 0 0 5 
NaN 0.02570472 0.08869279 0.03730077 0.06865891 0.1081959 0.1659307 0.1813221 0.3011837 6.671515e-06 94.90672 148.343 186.1666 182.9762 210.8641 224.7218 0 6 
0 0.01989282 0.1238808 0.05075414 0.08877668 0.1275052 0.1948959 NaN 0.03219975 0.2337296 170.938 201.0776 283.7799 256.1923 256.1923 19.99553 0.01878047 7 
NaN 0.002798221 0.1503558 NaN 0 0 0 0 0 0 0 0 0 0 0 0 0 8 
0.1045293 0.02038703 0.1030602 0.03563531 0.04463373 0.07642417 0.1002928 0.1559555 NaN 0.076285 120.706 191.1144 320.7309 361.0299 427.6869 343.0691 490.747 9 
NaN 0.03758608 0.08966201 0.04206439 0.07461684 0.1084759 0.1492984 0.2974922 0.3283593 7.277567e-06 86.7882 137.1823 140.1122 187.8616 173.8981 190.1967 0 10 
0.0007530907 0.02814047 0.09490173 0.0587437 0.09862116 0.1240695 0.2139119 0.6487641 NaN 0.06956275 124.0158 132.9213 165.2767 211.0226 195.8693 4.255596 7.574023 11 
1.309545e-07 5.32854e-05 0.004208627 0.008981653 0.01164949 0.01658077 0.01965778 0.02572414 0.03306731 3.250228e-05 4.787221 7.401574 10.01517 11.28059 11.38829 9.888132 0.0001167955 12 
NaN 0.02987778 0.0860529 0.03859574 0.06730685 0.1063533 0.1700287 0.2222675 0.2595626 1.248422e-05 85.35125 125.5688 167.1362 172.5726 172.2358 179.2399 0 13 
6.386033e-07 0.04040866 0.09980399 0.0383788 0.09123001 0.1416406 0.1921523 0.3847802 0.5143938 1.295035e-09 78.96432 175.8756 172.7124 221.3155 209.0672 213.4982 0.00463774 14 
NaN 0.01029442 0.1275609 0.05040641 0.08775074 0.1222259 0.2055705 0.2582786 1.489601e-08 4.207462e-06 288.5048 346.7869 473.8955 543.185 499.6373 498.8222 0 15 
NaN 0.02324254 0.1088624 0.05055415 0.08200123 0.09703487 0.1323953 0.2266442 0.2630563 1.820501e-05 166.385 179.4768 206.4708 262.8788 264.678 313.3553 0 16 
0 0.02281144 0.1027565 0.04370298 0.08295082 0.1337798 0.1995214 0.3173546 0 0 116.476 176.2158 207.6778 221.571 280.3736 3.307396e-14 NaN 17 
0.0003254715 0.0216943 0.09339659 0.04522709 0.08249064 0.1327268 0.2389138 0.4140784 NaN 0.07575536 117.7968 164.3083 214.362 234.0608 247.9548 0 3.604234 18 
5.41414e-10 0.01936148 0.1135903 0.05467318 0.09099161 0.1049939 0.1310315 4.640949e-79 0.3219499 3.03487e-05 186.9181 191.9599 244.6194 256.2817 256.2817 360.0304 9.449772e-05 19 
0.002057922 0.03526796 0.07674355 0.04168086 0.06584429 NaN 0.1327243 0.2117353 NaN 0.1040888 77.71071 106.8714 106.9308 133.3215 150.4666 10.23529 14.52767 20 
NaN 0.02593217 0.1152471 0.04528249 0.07485817 0.1017663 0.1387723 0.2282166 0.4031019 1.128947e-05 144.4059 184.3791 212.0092 263.9432 296.1679 298.9284 0 21 
0.002663481 0.009325018 0.1515348 0.04515876 0.09124089 0.1613471 0.2176248 0.4276043 0.03080637 0.1782576 298.0556 457.7268 529.0442 612.9194 634.627 0 71.6465 22 
0.1009009 0.01350278 0.1329174 0.03968505 0.04553463 0.06029567 0.07967898 0.1406274 NaN 0.06518122 233.0096 328.673 450.369 538.4687 744.2077 500.8405 746.1232 23 
0.0001745881 0.06185753 0.07205554 0.05183706 0.06946293 0.09161201 0.1178605 0.1875259 0.3972452 1.648229e-05 69.70356 89.35979 94.50575 99.58421 124.3668 116.7451 0.8616897 24 
0.0005632021 0.02425131 0.09215278 0.04239474 0.06791591 0.09432345 0.1510714 0.1650702 0.2577994 6.065686e-06 116.8345 137.101 188.6352 187.8236 214.1627 238.3543 5.620306 25 
NaN 0.04230233 0.0719154 0.03742326 0.0638673 0.09724619 0.1450323 0.2195581 0.2557726 1.736384e-05 60.00373 92.96626 115.781 123.7111 116.6249 118.539 0 26 
NaN 0.03157689 0.08503409 0.04234017 0.07764135 0.1221753 0.1308704 0.2456989 0.008880167 0.4441234 81.85641 123.121 113.6856 147.7459 164.5898 0 0 27 
0.1145856 0.01241574 0.1464211 0.05930666 0.0688214 0.09420144 0.1258189 0.1750704 NaN 0.02446043 355.1345 572.6389 820.4598 995.8688 1188.64 1231.683 1638.499 28 
0.0005149723 0.03678424 0.09698982 0.04965047 0.08400756 0.1289336 0.2059277 0.2972649 NaN NaN 102.7626 140.8017 174.4759 177.5222 201.3756 0 4.399911 29 
3.805101e-07 0.03025293 0.0997639 0.04669557 0.07886353 0.117936 0.1811525 0.2103184 0.2312357 0 112.6571 152.932 189.2954 187.9332 187.6427 213.7663 0.003454924 30 
0.001386843 0.03425017 0.07664871 0.04391891 0.08098482 0.1238294 0.1545712 0.2641515 0.3310733 1.199161e-05 79.82824 127.3817 128.7101 152.5163 148.8678 147.6507 9.669356 31 
3.750252e-09 0.01432384 0.1750496 0.04392681 0.08808756 0.1517021 0.1468793 0.002704192 0.01248153 0.04707397 310.3512 482.3494 516.7165 495.6445 495.6443 23.66586 0.00328497 32 
0.1055198 0.03133829 0.113041 0.07184633 0.07611418 NaN 0.1226947 0.2183647 0.01119426 0.2606547 206.2079 301.3833 407.6408 561.6698 695.7312 699.581 925.7411 33 
0.1364245 0.02060778 0.1081148 0.06064099 0.07035864 0.07489408 9.091633e-43 0.1209495 0.2346159 9.128884e-07 213.3951 372.7489 474.2951 625.3109 749.6557 948.0842 966.9127 34 
NaN 0.009243007 0.2103287 0.05433807 0.1064224 0.1690682 0.2171869 0.02063865 NaN 0.01637724 530.6216 718.2766 857.802 841.0963 838.722 0 0 35 
0.1150759 0.02735189 0.0966694 0.04240305 0.05382875 0.1053586 0.128365 0.1649033 9.677505e-14 0 101.5665 172.1676 309.7801 300.8959 401.8063 370.0897 507.4054 36 
NaN 0.0327451 0.1104732 0.05211151 0.08932083 0.135806 0.2265275 0.2548729 0.009051755 0.1519436 132.9427 175.4342 213.7504 203.8938 238.117 0 0 37 
NaN 0.02595348 0.09542272 0.05213751 0.08390633 0.1109795 0.1718278 0.3169421 0.4383553 5.587832e-06 122.3313 141.8603 175.3041 216.7066 220.4761 229.3392 0 38 
0.07357205 0.04672999 0.09839465 0.03620642 0.06470484 0.07739281 NaN 0.002271429 1.179511 4.494606 75.78007 135.4501 152.4979 205.6819 226.3628 312.1663 446.9322 39 
NaN 0.03875508 0.08795705 0.04773381 0.07583466 0.108808 0.1760347 0.3574744 0.005808545 0.02989998 84.69029 107.0329 132.2439 160.7099 154.5185 0 0 40 
2.02277e-09 0.01558042 0.1205788 0.05678173 0.104258 0.1409961 0.2787982 0.3965831 NaN 0.02623208 210.1647 237.4756 322.6948 336.5364 397.8078 0 0 41 
0 0.03198206 0.0799629 0.04655804 0.08757528 0.1519667 0.2180557 NaN 0.3722214 5.407709e-05 82.75144 134.7219 171.9179 140.5313 140.5313 169.8505 8.767575e-05 42 
NaN 0.02177207 0.09524101 0.04655337 0.08474021 0.1300042 0.1786688 0.260065 0.5971197 1.79299e-05 120.3685 175.4663 200.9049 219.2967 259.1759 261.8483 0 43 
0.005446259 0.01758803 0.1032064 0.05251376 0.101964 0.1362754 NaN 0.2716494 NaN 0.03757682 171.4846 240.0952 222.9853 225.5265 296.1832 63.19106 82.74925 44 
0 0.02784715 0.1138536 0.03778797 0.06788195 0.104924 0.1814449 0.4016689 0.5956068 0 106.888 165.8604 215.0554 289.1556 287.8334 286.9133 3.195181e-14 45 
NaN 0.01134199 0.1369388 0.04360804 0.07800211 0.1127533 0.1585905 0.1942435 0.4191219 3.15913e-06 273.5312 372.2133 456.0505 478.7444 619.3683 647.0067 0 46 
NaN 0.02027807 0.1024201 0.03607623 0.05645809 0.07678722 0.1217249 0.1606896 0.2358796 7.839668e-06 128.481 141.9265 216.3168 241.7189 273.6919 302.6935 0 47 
0.0004446134 0.03014193 0.07466492 0.04510502 0.08369649 0.1339544 0.1933877 0.02447286 NaN NaN 80.29638 116.5609 128.1836 127.3007 15.37081 2.312658 3.329359 48 
NaN 0.1145346 0.06888833 0.05171242 0.07531825 0.08101064 0.1265824 0.1735441 0.258765 4.231674e-05 60.51509 104.11 97.5126 121.7345 103.607 90.91567 0 49 
0.09617926 0.01503831 0.1289056 0.0478937 0.08571292 0.08993225 1.219964e-44 0.1913602 0.002463741 0.1803335 206.1628 432.6458 476.2478 618.2943 824.5892 694.2723 953.5516 50 
NaN 0.01993884 0.1116647 0.03340925 0.06843836 0.1094403 0.1521919 0.268748 0.2963152 8.927744e-06 113.9414 203.9892 236.343 293.9195 293.5344 334.3148 0 51 
0.1560338 0.05868911 0.09223285 0.05225085 0.05617189 0.07965266 NaN 0.1193499 0.210665 9.246136e-06 97.82771 167.3395 263.0323 352.7034 465.8109 552.9149 687.1852 52 
1.119211e-10 0.06028381 0.06884522 0.04079968 0.05204619 0.06809025 0.1039482 0.1652969 0.2936404 1.057363e-05 54.81782 60.40229 76.2983 99.51162 101.7723 91.95245 9.026048e-06 53 
NaN 0.02915822 0.09861191 0.04516711 0.07151975 0.09203677 0.1327792 0.2512541 0.3298998 1.668289e-05 114.8578 137.7952 156.1696 219.0485 223.3973 233.8312 0 54 
NaN 0.02321434 0.09336236 0.04068805 0.07571622 0.115833 0.1568437 0.3001939 0.3882423 1.712414e-05 107.6786 167.2255 182.085 233.2979 236.3462 243.285 0 55 
0.1017407 0.02582214 0.1054631 0.03154331 0.05353576 0.06330243 0.0811015 0.1122556 NaN 0.16864 97.31869 196.4107 214.0927 274.3036 308.109 314.4432 409.1189 56 
1.357266e-08 0.05616777 0.0726838 0.04106534 0.06964684 0.1147517 0.1837058 0.2373989 NaN 0.09635244 70.50794 112.7064 154.5003 138.8934 159.7286 0 0 57 
0.1214955 0.01780156 0.101258 0.07684912 0.08228992 0.1015119 0.1350541 0.2012398 0 0 234.3375 365.8662 460.6901 668.4687 821.9812 871.1331 NaN 58 
0.004311802 0.02798169 0.08400116 0.04233812 0.06863239 0.1011692 0.1632319 0.154529 0.02848999 2.668199e-05 86.87465 110.193 151.2649 152.2759 143.4969 147.5959 31.92925 59 
0.09927647 0.01286352 0.1422527 0.04173006 0.04812622 0.06077781 0.08085705 0.1153795 NaN NaN 271.9893 383.3501 476.9496 611.878 678.4213 594.2078 778.953 60 
0 0.01528857 0.1004027 0.04084086 0.06461253 6.017329e-115 0.09607543 0 0 3.065344e-06 158.9489 205.4567 205.4567 248.3695 248.3695 248.3695 3.501416e-06 61 
2.141776e-08 0.004398197 0.08882214 NaN NaN 0 0 0 0 0 0 0.001872361 0.000590324 0.000626178 0.0008752268 0.001125292 0.001375358 62 
0.1348003 0.02180931 0.1192829 0.05132772 0.08673502 0.08427767 0.09981671 2.939985e-107 0.1899155 4.977322e-06 216.9093 478.57 536.0754 529.652 741.4019 1046.3 971.517 63 
NaN 1.311941e-05 0.003967535 0.008818876 0.01368595 0.01581941 0.02069545 0.02553698 0.03318167 3.866101e-05 4.885657 8.441329 10.41337 11.65303 11.53589 9.785095 0 64 
0.1267478 0.0877302 0.0921969 0.01268399 0.01644718 0.02076204 0.02433726 0.03401205 0.04601432 0 39.73688 61.56318 70.20772 68.47073 105.5703 94.80807 112.6016 65 
0.1135248 0.01584171 0.1383913 0.0473181 0.07466956 0.0895352 0.1166497 0.1895279 0.0005559475 NaN 271.2505 536.5802 654.9129 730.2988 971.5396 754.4941 1053.848 66 
0.1023574 0.03230634 0.1165697 0.03020629 0.0392317 0.06701098 0.08505207 0.1094103 0 0 92.72582 143.3721 241.254 231.5485 266.4871 265.8625 NaN 67 
NaN 0.03288252 0.09078954 0.04102593 0.07599609 0.1248607 0.2011916 0.2932468 0.4423901 NaN 82.21412 134.8494 174.8122 183.7409 185.8154 198.2773 0 68 
NaN 0.02304434 0.09335095 0.04978702 0.08429068 0.1172828 0.1609276 0.2460475 0.4027724 1.017867e-05 126.2835 160.1036 184.6102 213.4941 232.5169 254.7869 0 69 
NaN 0.01790808 0.08576806 0.03715811 0.07782191 0.1398864 0.2300838 0.3169064 NaN 0.05084386 96.16624 167.4963 201.1473 211.2459 229.0946 0 0 70 
NaN 0.0268338 0.09497078 0.04257552 0.08662817 0.15007 0.1816143 NaN 0.01128389 0.2291438 93.25931 159.0907 181.4084 162.3594 162.358 4.338481 0 71 
NaN 0.01993832 0.09910485 0.04484161 0.08135581 0.1215077 0.1427167 0.2240474 0.3311605 4.869085e-06 135.6932 193.3634 201.1782 243.6576 264.5551 270.703 0 72 
NaN 0.03922067 0.1007988 0.05126214 0.07646425 0.104027 0.1482108 0.2060592 0.3796002 1.365476e-05 117.4916 140.5482 172.772 185.9351 210.2177 230.1463 0 73 
2.446684e-10 0.01621262 0.1279278 0.04619556 0.07748567 0.1045203 0.1685789 0.1790695 0.2533962 2.364387e-07 229.0972 268.3216 365.3976 372.1857 419.3244 477.2901 4.415683e-06 74 
NaN 0.02304859 0.1003925 0.04340467 0.07564774 0.1153316 0.1819788 0.2107212 0.2748739 1.631732e-05 124.0119 171.7515 219.5841 222.552 230.2973 276.8465 0 75 
1.036132e-06 0.02380509 0.09981044 0.05188607 0.08877855 0.1235148 0.2410514 0.2664049 NaN 0.003347583 152.6398 172.2951 239.9113 234.4092 270.4221 0 0.01347696 76 
NaN 0.07293978 0.07634633 0.04917669 0.06890813 0.09132326 0.1191867 0.1678142 0.2067907 1.925882e-05 70.33852 100.4108 105.1971 106.4489 94.94276 116.4412 0 77 
NaN 0.01675955 0.1076696 0.05191206 0.1074506 0.2021136 0.2925923 0.7505214 NaN 0.06896176 163.8403 257.7937 281.3179 326.4503 334.1775 0 0 78 
NaN 0.02483824 0.1018251 0.04319573 0.07787349 0.1165298 0.1598263 0.2429132 NaN 5.856573e-06 111.701 165.5737 183.4521 231.8531 200.0181 200.0126 0 79 
NaN 0.03855392 0.09787233 0.04261327 0.07454741 0.1117082 0.1575561 0.2007333 0.3700352 1.642032e-05 92.06723 143.6049 168.0562 169.4883 192.8409 208.0225 0 80 
0 0.01856012 0.0994509 0.04817994 0.09273083 0.1577642 0.2901876 0.4121606 NaN 0.001555507 153.3541 223.1765 276.7501 286.9683 313.5463 0 0 81 
NaN 0.0191199 0.114721 0.04840873 0.08454342 0.1131532 0.1849636 0.2226357 NaN NaN 164.6654 191.3622 244.9576 243.1454 337.7498 0 0 82 
0 0.02520008 0.09964344 0.03832843 0.06590368 0.1032852 0.1393601 8.06384e-133 0.2717902 1.981637e-05 91.85577 129.4182 182.4016 176.4285 176.4285 216.3454 4.127751e-05 83 
0.006202887 0.02276633 0.07825572 0.04545891 0.08168856 0.09613781 0.0001529141 NaN 0.008548567 0.3710022 97.18836 124.9478 123.2517 124.7313 0 41.2566 57.66412 84 
0.09447793 0.01554916 0.117057 0.04233871 0.1258794 0.1205551 9.734424e-55 0.2265414 NaN 0.06728164 175.8885 561.3122 547.9926 726.3535 842.3635 795.6382 1077.372 85 
0.09706507 0.01695671 0.1146968 0.03415934 0.04906969 0.0613787 0.07821879 0.1012833 NaN 0.08593325 144.0829 247.8289 289.6027 325.5272 445.9372 384.9402 520.7662 86 
NaN 0.09613845 0.06214586 0.04040189 0.04682189 0.07056111 0.09355522 0.1296519 0.1928121 1.197425e-05 45.55991 58.7002 79.35309 80.43901 74.47665 68.88957 0 87 
NaN 0.05671914 0.06832437 0.04611438 0.07071392 0.09747446 0.1313019 0.2455937 0.01250614 0.3378683 59.86219 83.86002 77.49317 106.9424 97.17134 0 0 88 
NaN 0.02235699 0.1062842 0.04903731 0.08327903 0.107392 0.1774439 0.3235458 NaN 0.0338355 147.8942 163.071 215.5538 254.3652 267.8388 0 0 89 
NaN 0.0155474 0.09640913 0.04497953 0.08090252 0.1238256 0.196616 0.2876685 0.2844325 6.227265e-06 156.9567 215.9423 274.0738 299.1465 292.8853 347.7753 0 90 
0.0004878375 0.01294969 0.1074103 0.05026485 0.09765685 0.1564279 0.199089 0.3205303 NaN NaN 218.3187 295.6575 321.0152 364.9585 404.3373 0 9.72185 91 
0 0.02275003 0.1039629 0.05070455 0.08617716 0.1181575 0.1271502 0 0.290806 2.463344e-05 139.6849 175.9022 197.2378 197.2031 197.2031 288.2323 3.874956e-05 92 
NaN 0.03223252 0.09163532 0.03712893 0.06063482 0.08246969 0.1065202 0.1452414 0.1928433 5.09038e-06 83.46328 110.1712 125.7419 144.5918 157.1826 171.0526 0 93 
NaN 0.03719205 0.0752815 0.03075759 0.0624133 0.09539297 0.1336483 0.1489146 0.2858208 1.340923e-05 54.06471 101.3731 117.1882 109.2698 137.4691 143.8899 0 94 
NaN 0.02509024 0.1210725 0.03793138 0.07876472 0.1397572 0.1706331 0.2114267 NaN 0.02160308 126.5945 208.4898 214.7732 212.9942 213.6204 0 0 95 
6.436722e-18 0.03618026 0.09445735 0.04389747 0.06707631 0.09948344 0.1634765 0.1810124 0.2249921 0 108.8535 131.0993 186.1216 178.6502 183.7286 193.1169 1.568465e-10 96 
NaN 0.02804592 0.08802435 0.04404413 0.08248469 0.1319032 0.1492323 0.2166906 NaN 0.1071871 97.87619 147.189 146.6922 155.5224 207.1982 0 0 97 
3.104385e-12 0.002087065 0.1930088 NaN NaN 1.789239e-07 NaN 0 0 0 0 0 0 0 0 0.0002145402 0.0002394544 98 
6.392691e-09 0.184629 0.0684207 0.04458402 0.05293045 0.06157446 0.07578182 0.1024205 0.1279235 4.17899e-05 48.89003 79.65458 91.36106 74.13682 55.71123 65.43215 2.964007e-05 99 
NaN 0.02123362 0.1183721 0.04068191 0.08203567 0.1381926 0.2121831 0.2512962 0.4266686 1.218514e-05 149.5849 257.1604 310.1946 317.4201 354.3512 367.0501 0 100 
