NaN NaN 1.584739e-22 0.05894598 0.1062601 0.1594821 NaN NaN 0.0003845516 NaN 363620.4 282443.1 655383.6 298702.8 0 0 0 1 
4.014924e-05 0.2423743 0.09210689 0.102374 0.07612224 0.09837081 0.1643384 0.2182125 0.2197558 2.53893e-05 109.648 143.091 165.1294 188.8411 112.828 94.85521 0.1404581 2 
0.1066691 0 0.002861783 0.01046331 0.01288121 0.01680805 0.02140492 0.02592239 0.0340207 0 5.72343 9.182398 15.37595 26.47407 45.49565 74.68064 113.1073 3 
1.940508e-05 0.03237602 0.100235 0.04881354 0.08250427 0.126124 0.2118104 0.3084118 NaN 0.08960861 124.4548 163.5898 212.7763 221.3115 241.8395 0 0.2047309 4 
2.212896e-10 0.1169616 0.02486753 0.04064885 0.05691011 0.05698177 1.296007e-25 0.1001585 0.1363244 2.260127e-05 46.66755 75.83962 63.5047 63.5047 60.2515 69.22937 9.757394e-06 5 
0 0.11773 0.02482664 0.05244328 0.06665651 0.1071141 0.1141278 2.285314e-81 0.2046305 3.137608e-05 68.11548 106.0455 146.6002 93.29383 93.29383 112.3497 1.67005e-05 6 
3.963118e-06 0.03548565 0.08519081 0.04993276 0.09037971 0.142876 0.1726853 0.005780704 0.04512844 0.09209012 123.3737 175.1043 175.9131 199.6586 4.230874 0.03156275 0.04275657 7 
0.0003913107 0.108858 0.02702563 0.05015408 0.0838349 0.08960068 0.09564064 NaN 0.2037825 2.709396e-05 63.47779 119.6851 109.6141 95.01485 95.01846 87.52767 1.608476 8 
1.500451e-17 0 0.002026872 0.01077239 0.0123575 0.01758428 0.02096056 0.02677981 0.03467189 7.687584e-05 5.795544 8.16615 10.544 11.51977 11.27458 9.447946 6.314359e-06 9 
8.347326e-15 0.002098104 0.1811406 NaN NaN NaN 0 0 0 0 0 0 0 0 0 1.946499e-07 2.161648e-07 10 
4.580513e-10 0.02397451 0.1486592 0.05167384 0.1002524 0.1683733 0.253249 0.5768545 NaN 0.04064297 213.1857 322.9834 365.085 429.6245 426.9815 0 0 11 
0 0.08550091 0.04642139 0.0680377 0.06967219 0.06590236 7.033631e-102 0.1135629 0.2221136 0 101.1961 84.71255 89.84428 89.84428 102.0889 129.0717 3.077571e-14 12 
0 0 0.003430228 0.01058473 0.01269296 0.01801892 0.0202159 0.02657446 0.03457587 0.0001053673 5.64166 8.159638 10.58119 11.43424 11.27125 9.081818 1.028309e-05 13 
0 0.02326395 0.1136491 0.0427282 0.08261699 0.134365 0.1635682 0.2770765 0 0 174.6807 271.2127 285.1508 333.8267 396.0409 3.669218e-12 1.032567e-13 14 
0.0008036636 0.04869416 0.05263718 0.06237833 0.09576287 0.1407612 0.2287413 NaN 0.00222927 0.007166768 127.5804 155.0249 182.9719 195.6625 0 5.828694 7.936407 15 
NaN 0.01724585 0.1349429 0.04013032 0.07430249 0.09432947 NaN 0.1708203 0.3217786 1.856524e-06 207.7338 312.0024 320.6296 320.6314 469.7518 487.195 0 16 
0 2.906743e-05 0.002668095 0.007916977 0.01355404 0.01641702 0.02019168 0.02421591 0.0321455 1.114779e-13 4.496843 8.418171 10.67898 11.80309 11.77866 9.514108 1.293403e-09 17 
3.140389e-06 0 0.002542269 0.01026835 0.01278651 0.01577659 0.02049155 0.02532421 0.03318582 2.487033e-05 5.64759 8.352764 10.33268 11.58807 11.5457 9.50624 0.003206481 18 
NaN 0.01896022 0.1693947 0.04041675 0.07270335 0.107167 0.1478158 0.2399195 0.2873329 4.615737e-06 242.924 351.7013 414.7112 508.2898 527.7904 590.1873 0 19 
0.0007579662 0.0549805 0.07404795 0.05150769 0.07470874 0.08631443 NaN 0.1728423 NaN 0.09913662 100.1691 126.5025 125.4411 125.4533 155.6094 0 5.688766 20 
0.0001333375 0.0183204 0.2189122 0.04151844 0.09069275 0.1759402 0.3704331 0.3867267 0.01293655 0.1804113 318.9401 583.6515 741.3334 731.0065 800.5654 14.04631 4.069117 21 
2.222861e-05 0.08116148 0.06965333 0.05583114 0.1074296 0.1697437 0.2700949 0.2913775 NaN 0.1008448 135.4589 265.5618 328.9194 261.8009 248.541 0 0.2027152 22 
NaN 0.1161127 0.02624364 0.04868239 0.0664527 0.07687323 0.1059204 0.1548272 0.008950592 0.5208646 42.61873 67.12128 62.41198 68.98864 55.2799 0 0 23 
2.629747e-05 0.09868723 0.04051273 0.0468835 0.05699745 1.076922e-12 0.08424775 0.1292685 0.1915333 1.607506e-05 63.22684 89.14821 89.14819 92.59728 90.96672 100.4503 0.1085238 24 
0.0003030253 0.09268485 0.03459228 0.03439205 0.05091098 0.0538102 NaN 0.09831685 0.1828964 3.957663e-06 37.87359 60.78368 53.66814 53.66865 72.67322 68.96524 0.9046338 25 
7.846572e-06 0.09937269 0.103857 0.04650444 0.07614408 0.0956676 0.1274034 0.1631909 0.2151473 9.270871e-06 98.00845 180.6215 205.1558 180.2449 156.6046 182.2952 0.04944565 26 
8.724251e-06 0 0.002625961 0.009648434 0.01233994 0.01581946 0.02010325 0.02556723 0.03323792 5.028419e-05 5.2391 7.948573 10.12054 11.44737 11.47859 9.697029 0.008311491 27 
0.2572716 0 0.003359312 0.009422313 0.01283445 0.01661296 0.02045347 0.02498041 0.03295776 4.893832e-05 5.154005 10.86207 23.96471 49.89566 94.64379 161.1081 249.1256 28 
6.179865e-07 0.2710787 0.08572886 0.1110294 0.1336511 0.08572719 0.1077045 0.1506099 0.2460437 3.584772e-05 117.8582 200.6226 184.2451 160.0859 136.3437 107.4238 0.00218177 29 
0.0006110492 0.08280596 0.04508058 0.05112988 0.07688 0.114983 0.1668396 0.2047658 NaN 0.1151392 78.30843 122.9975 150.9806 127.998 117.6206 0 3.332294 30 
NaN 0.04567988 0.09728639 0.03473696 0.06787639 NaN 0.1222492 0.1779011 0.2534606 1.338064e-05 83.21093 156.6762 156.6581 178.5189 190.8849 200.2672 0 31 
5.996548e-05 0.08640744 0.0968161 0.05935377 0.08803352 0.1103407 0.1487738 0.2150045 0.2832421 1.91625e-05 114.797 185.4985 192.2289 194.9922 171.1577 171.7396 0.4148055 32 
2.272178e-14 0 0.003181652 0.01070153 0.01293671 0.01591111 0.02190628 0.02747421 0.03566787 9.046007e-05 5.393571 7.855506 9.720716 11.10948 10.94403 8.708518 5.713872e-06 33 
0.0960053 0.02117143 0.1328998 0.05713568 0.08369073 0.08458029 1.001544e-74 0.17249 NaN 0.03157191 262.0307 465.4144 477.6715 654.0028 921.1784 795.1943 1075.929 34 
1.608356e-05 0.003421996 0.1467546 NaN NaN NaN NaN NaN NaN 0 0 0 0 0.8420042 1.460169 1.877494 2.294715 35 
0.0006017298 0.04317984 0.0538622 0.03239918 0.06807265 0.1073243 0.1523928 0.02438864 0.2766529 0.6015393 47.0832 90.02532 98.66504 115.5949 9.93332 2.041626 3.012826 36 
0.09112859 0.01424016 0.1973437 0.05727052 0.05970817 0.06749939 NaN 0.1963044 0.01035099 0.1264454 530.8854 633.4594 890.7859 1085.826 1728.189 1135.341 1630.259 37 
0 0.001941612 0.2155199 0 0 0 0 0 0 0 0 NaN NaN NaN NaN NaN NaN 38 
4.474063e-14 0 0.002568561 0.009429143 0.01241468 0.01551525 0.02042635 0.02494514 0.03268804 7.76657e-05 5.242603 8.099747 10.23426 11.63396 11.63402 9.815446 7.343328e-06 39 
0.0005256055 0.09734008 0.009982226 0.03773806 0.04526778 0.05616974 0.08325347 0.1229036 NaN 0.4287005 31.4799 41.12394 40.91994 53.33277 50.9183 0 1.333465 40 
2.196121e-15 1.509236e-05 0.003813974 0.008804199 0.01380428 0.01552741 0.01948543 0.02575368 0.03344164 2.778866e-10 4.789484 8.34472 10.21988 11.42061 11.47081 9.583007 2.761502e-10 41 
NaN 0.1525396 0.070567 0.07709234 0.07824319 0.08062005 0.1637301 0.2135338 0.2566631 3.654031e-05 80.06141 112.1756 99.26524 137.8234 92.32494 70.25789 0 42 
0.002005777 0.09879654 0.02289699 0.04550385 0.05696503 0.0846676 0.1155579 0.1975699 NaN 0.1098083 48.59658 66.14169 84.16072 78.43973 57.14491 3.812605 6.846195 43 
NaN 0.07499527 0.08500583 0.0546872 0.1058012 0.1479669 0.2222333 0.4022625 0.009343021 0.3599364 74.94631 143.6141 154.1065 151.7494 118.895 0 0 44 
8.553123e-09 0.07514296 0.1210562 0.04720972 0.07401833 0.09772354 0.1268451 0.1636035 0.3104661 4.818732e-05 108.2977 175.8347 187.9648 179.6107 210.2012 240.1544 0.0001276535 45 
NaN 0.09757622 0.0252162 0.04019317 0.06653105 0.08056545 0.1033809 0.1563057 NaN 0.203024 46.43766 83.39311 82.66984 74.66023 94.60239 0 0 46 
NaN 0.1808271 0.09666107 0.07615115 0.09290196 0.1231527 0.2608786 0.4950082 0.002863366 0.7877865 89.44973 147.3553 181.6237 226.485 117.3744 0 0 47 
0.1321037 0.03256835 0.1167725 0.07356702 0.09059446 0.1041292 0.2047899 0.4283756 NaN NaN 204.3832 363.0857 475.6574 726.0332 886.7328 793.5083 1113.373 48 
NaN 0.01558834 0.1782233 0.0432805 0.08212767 0.1314693 0.2172483 0.3177775 NaN 0.0302468 279.9607 404.7511 513.5038 560.703 582.0573 0 0 49 
0.0001315733 0.04314962 0.107273 0.06388092 0.09521989 0.1490231 0.2765776 0.4116861 NaN 0.06986794 165.2374 185.9509 267.5599 261.0848 250.4964 0 1.592431 50 
NaN 0.05257288 0.1054029 0.04986991 0.07728202 0.1330885 0.2111008 0.3298143 0.346766 4.921369e-05 105.3401 154.7702 222.3488 219.2123 189.6069 214.4179 0 51 
NaN 0.08449753 0.06446919 0.06898291 0.08912057 0.1550019 0.2245677 0.330925 NaN 0.06946742 166.3948 228.5617 314.502 287.1808 243.9861 0 0 52 
0 0.01048884 0.1666477 0.04898547 0.1014135 0.1884801 0.00339678 3.07011e-05 1.262489e-06 0 345.6245 525.9273 619.252 7.514152 0.00174901 1.512313e-08 1.585348e-11 53 
0.0002393417 0.03500835 0.1063983 0.05635228 0.09136734 0.1155971 7.647358e-05 0.2974606 NaN 0 155.1898 186.1345 220.2974 220.2974 256.7972 2.138698 2.919467 54 
0 0.03720976 0.107557 0.05581556 0.0769596 4.500536e-92 0.1486575 0.2953441 NaN NaN 155.3404 171.4785 171.4785 242.1096 282.386 0 0 55 
0 0.0673188 0.05124347 0.05558173 0.09736927 0.1705164 0.2782361 0.4031241 0 0 77.30948 133.9322 174.3607 144.0202 151.9791 1.78353e-14 NaN 56 
0 0.06068951 0.09035247 0.05468701 0.07114043 0.08338792 0.0002784361 0.154033 0.2894883 4.755793e-06 104.6579 126.6018 135.2143 135.2103 160.1258 175.2577 7.53082e-07 57 
NaN 0.09870356 0.06526657 0.06208882 0.08621849 0.1165488 0.1533827 0.2010573 0.3884818 1.255818e-05 73.50234 116.1658 132.9332 113.2579 105.9855 83.62897 0 58 
0 0.07331438 0.06448661 0.05062892 0.07731771 0.1015456 0.1527592 0.323757 NaN 0 70.7705 109.0416 104.6054 141.1599 151.7658 0 0 59 
4.457204e-11 0 0.003585027 0.009764444 0.01213734 0.01686947 0.01995574 0.02480847 0.0326812 7.359765e-05 5.409502 8.052355 10.52309 11.61863 11.62539 9.666038 0.0005060278 60 
0 0.0519803 0.05798622 0.04978301 0.08646471 0.1339677 0.20432 0.3258481 1.105054e-11 0.0002276639 78.16995 124.5523 146.4519 144.6954 155.485 8.51203e-05 2.100836e-11 61 
1.350408e-12 0 0.003908363 0.009964234 0.01307492 0.01615858 0.02002104 0.02555513 0.03338628 8.767137e-05 5.320901 8.160947 10.18634 11.35759 11.40309 9.528881 8.491868e-06 62 
0.0004145443 0.1015687 0.04508632 0.05477415 0.05613335 0.0880228 NaN 0.1392548 0.2742158 2.360464e-05 87.36222 101.4022 143.1652 143.1666 138.9687 152.2093 2.099084 63 
1.172043e-09 0 0.002650753 0.01066202 0.01329992 0.01708812 0.02091212 0.02714541 0.0351092 7.428025e-05 5.640209 8.323672 10.387 11.40137 11.1634 9.334048 5.68952e-06 64 
0.0001393266 0.1025266 0.01741716 0.04523094 0.06076213 0.08018913 0.1056465 0.1620066 NaN 0.2682056 42.21618 64.0537 72.58614 65.58882 73.12128 0 0.4301946 65 
0 0.06163931 0.04679738 0.04320601 0.07405399 0.1145421 0.1413181 0 0 0 108.7341 183.5098 235.3754 159.2857 159.2857 159.2857 5.01903e-14 66 
0 0.09929334 0.04548686 0.05160083 0.07528931 0.09654372 0.1143714 NaN 0.2558454 6.294883e-06 92.57895 153.7264 174.6773 160.3593 160.3593 144.037 2.20182e-06 67 
0 0.04601946 0.06873042 0.06654513 0.09687058 0.1262073 0.1764782 0.3067695 5.918825e-15 0 113.6353 123.6767 136.2357 143.9824 171.3905 3.668288e-08 3.681096e-14 68 
2.882868e-05 0.002091771 0.1875866 0 0 0 0 0 0 0 0 NaN NaN NaN NaN NaN NaN 69 
NaN 0.05329626 0.1006224 0.07948572 0.1115308 0.1170386 NaN 0.2188081 NaN 0.03438618 179.8358 189.7023 153.7008 153.3409 220.5095 0 0 70 
NaN 0.03376804 0.1136723 0.04028522 0.06435447 7.052885e-84 0.1310683 0.2327118 NaN NaN 121.4081 169.2372 169.2372 231.5163 276.7422 0 0 71 
0 0.03782788 0.07500481 0.04970106 0.07748924 0.1072203 0.1699349 0.2477036 1.816039e-09 0 94.09829 109.6206 142.6144 136.0321 201.2529 0.0004139963 1.331775e-10 72 
2.46668e-07 0 0.002565665 0.009163691 0.01396033 0.01618318 0.02022849 0.02549102 0.03323795 5.783214e-05 5.067521 8.601774 10.54066 11.63075 11.55189 9.722225 0.0002473824 73 
0.000818023 0.1054305 0.02572115 0.08386496 0.07422597 0.1084691 0.1409045 0.2402887 NaN 0.1735395 93.58934 82.55131 112.5296 97.02157 115.5383 0 3.900633 74 
0.0001153975 0.05573407 0.1060843 0.06686892 0.08842845 0.1163724 0.2025914 0.4288473 NaN NaN 154.3614 151.5132 205.9599 250.2816 215.7197 0 1.175542 75 
0 0.02870292 0.1103229 0.05417403 0.08622157 0.1323883 0.326244 0.4780764 0 0 187.5269 185.2738 343.0495 337.8399 362.8533 3.282593e-14 NaN 76 
2.124315e-05 0.05667802 0.07237159 0.05907768 0.07881276 0.09332355 0.1327824 0.2574833 NaN 0.09457288 103.8456 104.8704 100.142 155.285 145.8533 0 0.151874 77 
NaN 0.03893872 0.09624326 0.05889944 0.09009066 0.1251501 0.223623 0.3051977 NaN 0.005245738 207.4733 216.3705 320.8237 320.9344 355.3279 0 0 78 
0 0.02630487 0.131751 0.04028799 0.07689132 0.1254293 0.2067354 0.4103678 NaN 0 156.3032 248.3002 317.1651 374.9913 407.6527 0 0 79 
0.001848208 0.03866699 0.08751847 0.04333018 0.06899343 0.0935317 0.1296992 0.2015068 NaN 0.06882706 100.151 123.6306 143.7105 168.0116 177.3568 9.742366 15.12598 80 
0 2.979553e-15 NaN 0.04245239 NaN 0.05677716 1.801614e-09 1.467274e-11 1.058674e-11 0 2985639 2384689 1600989 826368.4 826368.4 0.0001642596 1.010792e-05 81 
0 0.08122049 0.04665982 0.02788548 0.07815782 0.09436805 0.1310318 0.2095781 NaN 0.002231239 41.65919 118.9716 111.1116 135.922 124.813 0 0 82 
1.559708e-05 0.003312596 0.1478559 2.13717e-11 12.04397 9.680291 0.03543405 0 0 0 2.814411e-07 0 0.06674787 1.026698 1.437769 1.848562 2.259353 83 
3.249099e-09 0.06709445 0.06006659 0.0475456 0.07373982 0.1144465 0.1715125 0.2300877 NaN 0.1171191 71.38289 109.8239 138.8577 121.0433 135.3449 0 0 84 
0 0.1166092 0.1021198 0.08001224 0.07890819 0.1074375 0.1391979 0.2028312 0.3791969 6.630155e-15 132.3405 166.0519 189.0725 175.9795 180.4928 140.7387 2.678047e-08 85 
NaN 0.03351037 0.09665595 0.04810628 0.09029499 0.1529179 0.2705733 0.3504873 NaN NaN 114.6644 180.3785 222.5898 214.0543 242.488 0 0 86 
0.002383622 0.03063595 0.1513202 0.05791659 0.09715382 0.1364286 0.2536037 0.2659546 NaN 0.02290067 224.6191 257.2647 342.8836 330.2065 365.822 27.75031 41.17297 87 
0.0006835513 0.09560949 0.03856195 0.04012978 0.06075601 0.09948756 0.1318874 0.1896223 NaN NaN 39.69354 66.12407 93.32052 76.42473 84.95374 0 2.177627 88 
0 0.111646 0.02870074 0.06113736 0.06554568 0.092104 0.1066809 4.724624e-65 0.1703912 2.235907e-05 68.51561 88.60893 104.5871 67.70295 67.70295 82.12653 7.231208e-06 89 
0 0.005787266 0.103035 0.05686619 5.228939e-17 0 0 0 0 0 349.842 2.637531e-08 1.782269e-14 NaN NaN NaN NaN 90 
0 0.02838385 0.06831469 0.04734748 0.07336487 NaN 0.003180406 0.01895248 0 0 113.9504 136.5767 136.5767 3.790672 0.0001000974 6.124849e-11 2.157737e-14 91 
1.095938e-05 0 0.002676896 0.01044269 0.01181815 0.016625 0.02065182 0.02555512 0.03339571 6.345728e-05 5.879237 8.240583 10.61894 11.77366 11.61293 9.37486 0.01188272 92 
0 0 0.002341821 0.01014189 0.01245538 0.01554557 0.01968905 0.0257476 0.03344163 7.412547e-05 5.486763 8.081942 10.08975 11.38187 11.44871 9.575763 6.134136e-06 93 
3.679676e-11 0.111124 0.1044151 0.05668417 0.06074888 0.08555402 0.114488 0.1744053 0.2007176 6.215845e-06 104.9321 133.4926 164.0228 167.8775 132.1836 159.2321 2.091835e-06 94 
2.623094e-05 0.003274032 0.1685586 0 0 0 0 0 0 0 0 0.3469792 1.040937 1.734895 2.428853 3.12281 3.816767 95 
2.025579e-05 0.1169514 0.08561373 0.06651253 0.08752022 0.09996486 0.1384393 0.2047833 0.2519317 1.557135e-05 98.46193 155.4638 157.1471 162.8355 127.8384 124.2259 0.1038765 96 
0 0.03070586 0.08799175 0.04791638 0.08312336 0.1255988 0.192439 0.2962349 NaN NaN 135.6654 183.3029 219.0364 236.4983 243.8542 0 0 97 
7.023846e-09 0 0.003535318 0.0106509 0.01405728 0.01797738 0.02108794 0.02689313 0.03508927 0.0001020886 5.559769 8.474997 10.53327 11.35735 11.13772 9.092552 1.078882e-05 98 
1.409868e-07 0.01866223 0.1218921 0.04458306 0.08016089 0.113857 0.1542041 0.3123316 NaN 0.05339 180.7838 237.3248 267.2397 348.4637 389.4207 0 0.002214754 99 
1.810819e-06 0.2960945 0.08594357 0.1013805 0.07653836 0.1209124 0.1849903 0.2120891 0.2758801 9.992565e-06 103.2579 142.1705 185.8665 211.5585 124.113 67.29663 0.005729775 100 
