0.9998568 0.876613 0.1808952 0.07367141 0.1026471 0.1476808 0.2134996 0.2861769 0.4938682 1 179.1343 358.243 589.3936 887.8009 1255.47 1643.033 2120.449 2431.531 1 
0.9999241 0.9184085 0.1767517 0.05943314 0.08939072 0.1464864 0.2150317 0.2681364 0.5037322 0.9999999 144.8451 289.6791 494.5643 800.2963 1183.333 1558.23 2073.683 2437.109 2 
0.8419903 0.9213695 0.2152299 0.05758511 0.09465866 0.1485326 0.2055642 0.2980755 0.4808184 1 141.1103 259.9238 437.4537 678.877 937.5552 1210.969 1496.935 2450.465 3 
1 0.9115681 0.1800658 0.05506281 0.1020073 0.144526 0.1967473 0.2838854 0.4515343 0.9999999 129.4735 258.9471 485.5977 773.9639 1109.79 1499.015 1942.348 2351.379 4 
0.8389912 0.9602335 0.2065362 0.05776421 0.09177044 0.1422921 0.2024039 0.2932833 0.4870921 1 137.4817 252.8277 417.9217 640.4484 890.9203 1156.124 1449.623 2380.05 5 
0.999973 0.9321173 0.1724559 0.05915614 0.0961456 0.1378165 0.203511 0.285579 0.4726869 0.9999998 143.7877 287.5715 507.4352 792.2864 1154.947 1560.278 2039.578 2430.647 6 
0.9998695 0.8310641 0.1970404 0.07206693 0.08848237 0.1399044 0.1981588 0.2926964 0.4892182 0.9999999 175.7163 351.4097 551.557 840.0138 1191.398 1607.546 2099.491 2438.237 7 
0.9999785 0.8775046 0.1814403 0.05740807 0.09729947 0.1423158 0.2067184 0.3160678 0.4497527 1 142.4753 284.9475 512.5563 813.0748 1187.461 1641.554 2083.471 2481.799 8 
0.9999053 0.902504 0.1845179 0.0606033 0.09645358 0.1459933 0.1957266 0.3113683 0.485626 0.9999999 149.6143 299.2144 522.8749 828.7464 1178.925 1626.956 2108.118 2468.748 9 
0.8880872 0.8937832 0.2113503 0.05856888 0.09251298 0.142293 0.2037998 0.2975919 0.4595026 1 144.3506 272.5465 456.7011 705.2059 994.3483 1310.988 1628.381 2464.63 10 
0.8605407 0.909312 0.2142833 0.05892887 0.08588663 0.1372208 0.1967676 0.2960756 0.492868 1 141.8814 263.9761 421.7632 647.1548 908.5226 1206.795 1536.483 2407.672 11 
0.999944 0.9092466 0.1799445 0.059849 0.1052671 0.1428015 0.2114735 0.2840255 0.4879513 1 146.3055 292.6027 534.5188 828.1372 1200.853 1595.561 2081.058 2444.577 12 
0.999948 0.9041873 0.1718384 0.06355431 0.09066222 0.1470878 0.2014087 0.3008663 0.4715885 1 153.7589 307.5097 512.8955 815.8947 1169.756 1591.883 2054.453 2419.33 13 
0.9999492 0.912759 0.1759991 0.05561529 0.0936471 0.1492623 0.2073034 0.3009611 0.4728997 0.9999999 135.879 271.7512 487.8109 799.9298 1168.702 1593.084 2059.209 2443.196 14 
0.9999881 0.855767 0.1810433 0.05622134 0.09138381 0.1477478 0.194396 0.2990258 0.4680864 1 134.4106 268.8195 475.0083 777.9059 1117.552 1538.441 2000.272 2390.739 15 
0.9999704 0.8918874 0.164432 0.05863047 0.08767821 0.1372661 0.2005747 0.279092 0.4713132 0.9999998 141.3027 282.6012 481.513 765.6165 1123.763 1522.146 2007.143 2410.055 16 
0.9999953 0.8768075 0.1861869 0.06936177 0.1075842 0.1492424 0.2005305 0.3157675 0.4800705 0.9999999 171.1109 342.2209 589.2136 894.9829 1244.515 1684.537 2142.273 2466.933 17 
0.8314499 0.9080385 0.2165339 0.05689906 0.1038907 0.1400094 0.1888204 0.3041504 0.479489 1 142.0785 260.2096 461.0084 678.766 907.037 1201.912 1490.517 2497.027 18 
0.9999139 0.876243 0.1868519 0.06553896 0.09752747 0.1486375 0.2044866 0.3120217 0.4926629 0.9999999 159.8054 319.597 541.7879 847.385 1205.298 1639.739 2111.632 2438.327 19 
0.9999996 0.8890484 0.187825 0.06395149 0.09714403 0.1544933 0.20799 0.2993701 0.4725526 0.9999999 154.1296 308.2591 527.4131 842.0876 1200.276 1608.602 2060.186 2410.101 20 
0.9999806 0.8554053 0.1829779 0.0565884 0.08572504 0.1437084 0.1980364 0.3032356 0.4669932 1 142.6536 285.3044 489.1741 801.6398 1170.347 1623.107 2108.93 2520.898 21 
0.999692 0.8831531 0.1831532 0.06237527 0.09125424 0.1454174 0.1882888 0.2952528 0.4695911 1 148.3632 296.6807 500.104 794.6645 1120.529 1535.267 2000.052 2378.558 22 
0.9997863 0.8802347 0.1863955 0.05980283 0.1028306 0.1325502 0.2096474 0.2858065 0.4681552 0.9999988 146.5836 293.1359 530.0496 803.9913 1179.822 1584.7 2058.306 2451.115 23 
0.999635 0.9061134 0.1826874 0.05848523 0.09178534 0.1565589 0.2041388 0.2907387 0.4882204 0.9999995 139.0844 278.118 483.5264 801.7151 1151.551 1547.996 2020.105 2378.111 24 
0.8638733 0.9384115 0.2076071 0.04936337 0.0934683 0.129934 0.1982738 0.2989375 0.4824101 1 116.1676 216.5218 396.1499 605.7356 873.1397 1177.181 1495.377 2353.317 25 
1 0.90164 0.1800714 0.05287707 0.09539307 0.1335757 0.1954123 0.290179 0.450716 0.9999999 126.4625 252.925 469.0064 742.7148 1089.646 1504.152 1961.152 2391.632 26 
0.9998078 0.8528179 0.1961205 0.06663979 0.08871547 0.1412508 0.1971139 0.2964951 0.4709798 0.9999996 159.5043 318.978 517.1094 804.5731 1149.027 1564.985 2029.769 2393.53 27 
0.7615958 0.9598755 0.2251109 0.06174385 0.086942 0.1421637 0.2016864 0.296926 0.4698905 0.9999999 151.0737 266.1309 402.2776 604.3643 822.9384 1052.974 1276.172 2446.782 28 
0.9999635 0.8185699 0.1939273 0.06158761 0.09415125 0.139892 0.2038905 0.3114628 0.4777638 0.9999999 152.7354 305.4653 524.5662 819.4566 1189.124 1638.682 2113.478 2479.97 29 
0.7906124 0.9363381 0.2203523 0.05648135 0.08842985 0.1454192 0.2095656 0.2930494 0.4740631 1 135.6501 242.8967 392.4217 610.6376 852.7153 1083.066 1323.912 2401.679 30 
0.9999953 0.8999384 0.1914792 0.06481111 0.094356 0.1557695 0.202697 0.2924673 0.4738133 1 158.9311 317.8615 534.2455 857.7612 1213.163 1622.021 2090.669 2452.22 31 
0.9999747 0.8952759 0.1768417 0.05172605 0.09601099 0.1393398 0.1969959 0.3014855 0.4730855 0.9999999 124.0099 248.0167 466.2844 752.6372 1101.062 1529.248 1998.572 2397.437 32 
0.9999862 0.8880338 0.1840851 0.06387464 0.1021251 0.14436 0.2000696 0.2957531 0.4964397 0.9999999 155.4304 310.8587 543.4888 838.741 1188.86 1602.871 2092.281 2433.367 33 
0.7833523 0.9520289 0.2282073 0.05251267 0.08769308 0.1424045 0.2049394 0.2992732 0.4972682 1 127.1089 226.6799 378.6881 594.6007 833.5162 1079.887 1343.037 2420.538 34 
0.8586459 0.9280788 0.2063485 0.05694001 0.09563397 0.1477682 0.2065453 0.3017872 0.4817622 1 136.8578 254.3703 435.1862 676.5829 941.7801 1226.983 1519.813 2403.544 35 
0.7196299 0.9106621 0.2395946 0.05643703 0.1034375 0.1500897 0.2036145 0.3017568 0.4758754 1 138.3705 237.9461 410.5253 606.7281 795.5523 996.131 1183.32 2451.769 36 
0.9116965 0.8992725 0.207055 0.05785084 0.08871348 0.1389501 0.1890309 0.3015944 0.463906 1 136.7949 261.5103 436.0556 679.6442 950.0717 1293.731 1638.799 2364.614 37 
0.999929 0.921536 0.1691738 0.06295505 0.09457278 0.156758 0.2094894 0.2938483 0.4662471 1 156.2919 312.5726 532.5554 862.6966 1234.713 1647.201 2109.352 2482.595 38 
0.9999989 0.925052 0.1689285 0.0529454 0.08600908 0.1354957 0.20166 0.297915 0.4868908 1 128.6669 257.3337 455.2844 740.3077 1107.033 1539.549 2035.833 2430.181 39 
0.9999927 0.9439977 0.1744314 0.05324614 0.08550108 0.1321613 0.182696 0.2697704 0.4663364 0.9999999 125.0263 250.0517 440.1235 708.8018 1031.127 1420.12 1911.148 2348.082 40 
0.8438261 0.8612349 0.219347 0.06085488 0.09459435 0.142033 0.2027518 0.2826091 0.4802872 1 150.9624 278.3484 455.2572 683.7557 943.902 1204.244 1513.303 2480.695 41 
0.9999628 0.9256832 0.1782101 0.05438283 0.08508105 0.1376796 0.2152299 0.270915 0.4724239 1 130.7411 261.4773 454.8863 741.233 1127.234 1508.515 1993.266 2404.087 42 
0.9999363 0.9413772 0.1818865 0.05666744 0.08558642 0.1360807 0.1925278 0.3000288 0.4725709 0.9999996 127.4979 254.9878 436.6232 700.6985 1023.461 1429.597 1877.348 2249.933 43 
0.9999232 0.8840315 0.1863068 0.06363459 0.1043779 0.136101 0.2061969 0.2906809 0.4682063 0.9999999 152.7399 305.4681 540.0365 813.9574 1172.465 1573.632 2031.952 2400.265 44 
0.9998053 0.9141135 0.1788291 0.0618588 0.09324356 0.1435552 0.2013049 0.282339 0.4938669 0.9999998 148.8096 297.5902 507.9665 801.6375 1154.292 1549.288 2045.119 2405.633 45 
0.999936 0.9124725 0.1663461 0.05615713 0.09411604 0.14719 0.1994277 0.2914242 0.4822673 0.9999992 135.9214 271.834 486.8205 791.3918 1143.301 1554.977 2037.694 2420.376 46 
0.9997469 0.9068834 0.1778806 0.05919806 0.09413565 0.15234 0.1962153 0.2952783 0.4769474 1 142.2751 284.5142 497.2922 809.1967 1149.664 1561.448 2030.117 2403.374 47 
0.9234029 0.8958881 0.2043142 0.05499531 0.07768547 0.1354647 0.1978907 0.2881215 0.4578798 1 129.5006 249.0818 402.873 650.04 951.3783 1288.569 1653.777 2354.757 48 
0.999978 0.9104623 0.1796221 0.05862345 0.07882921 0.1359411 0.1913319 0.2746102 0.4681367 1 132.9286 265.8543 434.115 701.4069 1026.465 1403.737 1870.267 2267.499 49 
0.9999814 0.9760643 0.1661104 0.04768935 0.0792995 0.1315958 0.1877259 0.2970252 0.4592001 0.9999993 109.6478 219.2936 392.9206 658.2013 986.83 1409.182 1868.186 2299.209 50 
0.9999738 0.9028786 0.1705349 0.06184407 0.09732763 0.1359705 0.2053312 0.3091693 0.4587599 1 150.6593 301.3146 523.7447 804.2405 1170.224 1608.133 2057.017 2436.115 51 
0.9999634 0.8960712 0.186907 0.06195616 0.1058662 0.135192 0.2056797 0.3063022 0.4928861 1 148.4531 296.9008 534.8396 806.5149 1163.957 1586.774 2058.738 2396.099 52 
0.9999979 0.9609706 0.1738807 0.05588796 0.08879643 0.1483591 0.2075664 0.3000335 0.4962537 1 133.2259 266.4516 466.2944 770.5386 1133.05 1548.287 2029.023 2383.804 53 
0.8740758 0.8562803 0.2080692 0.06419782 0.09630231 0.1389146 0.2057834 0.2887541 0.4842684 1 158.8452 297.688 483.1864 713.0174 994.0124 1282.056 1613.506 2474.309 54 
0.999795 0.8623103 0.1895525 0.06727618 0.08505785 0.1478177 0.1835884 0.2886032 0.46787 0.9999999 164.7072 329.3806 523.5441 832.2703 1158.97 1578.241 2061.73 2448.224 55 
0.9999515 0.9019467 0.1705098 0.05607341 0.09801261 0.1439914 0.1955124 0.3005665 0.4844787 0.9999999 136.3997 272.7928 497.8284 796.0209 1142.598 1571.222 2054.443 2432.52 56 
0.9999854 0.9109174 0.1713893 0.05555573 0.0995984 0.1382017 0.1967797 0.2862497 0.469992 1 136.1546 272.3071 502.8356 790.8528 1144.27 1557.207 2041.126 2450.775 57 
0.9999946 0.8762584 0.1813229 0.0567711 0.09023458 0.1374673 0.2003048 0.2824896 0.4943084 0.9999999 139.2564 278.5121 487.2853 776.6395 1140.3 1550.438 2065.375 2452.945 58 
0.9999965 0.936261 0.1769189 0.05605662 0.09967489 0.1333538 0.2043077 0.3048802 0.4735811 1 136.7431 273.4857 502.9994 779.4556 1146.524 1582.373 2052.982 2439.375 59 
0.8243623 0.9389661 0.2122585 0.05970497 0.09876938 0.1516736 0.1979924 0.290098 0.4736293 1 145.9202 266.2113 446.4365 682.1594 910.2161 1159.129 1429.33 2444.021 60 
0.9997365 0.9207713 0.1873123 0.06014882 0.09956236 0.1414096 0.2068555 0.2993507 0.4850318 0.999999 136.8707 273.7054 486.5637 758.7528 1100.571 1492.849 1938.118 2275.535 61 
0.9998973 0.9360091 0.176905 0.06253393 0.09724029 0.1448676 0.2002554 0.3126766 0.4443212 0.9999989 147.4672 294.9192 509.8607 798.9287 1140.61 1567.256 1983.917 2358.195 62 
0.8561701 0.9207469 0.1893713 0.05367365 0.08195635 0.1325359 0.1924523 0.297248 0.4619904 1 127.0851 235.8916 385.5991 602.7671 859.4808 1164.19 1464.579 2367.738 63 
0.9999302 0.8014572 0.1935134 0.06615432 0.09576825 0.144111 0.2036551 0.2834426 0.4854236 0.9999999 160.989 321.9667 539.5822 835.6797 1193.805 1590.709 2077.771 2433.537 64 
0.9999051 0.9213319 0.1765583 0.06266788 0.09646107 0.1407231 0.1997468 0.2895404 0.4665292 0.999999 151.9845 303.9545 523.206 812.1978 1164.66 1573.494 2041.482 2425.237 65 
0.9999702 0.912303 0.1751269 0.0553239 0.1013424 0.1409487 0.2046066 0.2894451 0.4815371 0.9999998 132.661 265.3181 494.8746 781.7852 1139.567 1542.134 2018.011 2397.897 66 
0.9998783 0.8889636 0.1841607 0.06058068 0.09309645 0.1443829 0.194579 0.2904075 0.4838642 0.9999999 144.0189 288.0203 495.8964 788.2659 1125.365 1530.565 2009.605 2377.307 67 
0.7182885 0.936409 0.2393242 0.055145 0.09613787 0.1465188 0.2087305 0.2961564 0.4762718 1 135.6359 233.0616 390.8286 588.4999 796.9231 992.5426 1188.47 2459.623 68 
0.8942192 0.8451819 0.2128542 0.06221265 0.09109837 0.1476799 0.2005701 0.2870349 0.464252 1 152.6475 289.1478 468.1782 727.5081 1008.072 1310.463 1643.51 2453.64 69 
0.9999788 0.9208956 0.1731851 0.0557851 0.09847276 0.1381283 0.2083663 0.2958917 0.5043235 0.9999999 132.5105 265.0181 485.8735 765.1589 1128.264 1536.448 2026.304 2375.374 70 
0.9999956 0.9234176 0.1646503 0.0597726 0.1034409 0.1378167 0.1922377 0.3010644 0.475271 1 146.2243 292.448 530.3731 814.5754 1156.368 1588.749 2065.822 2446.343 71 
0.9998728 0.8810331 0.1840836 0.06478055 0.0902195 0.1475584 0.2085606 0.3127208 0.4688389 0.9999998 158.9353 317.8503 524.8191 832.7801 1203.801 1644.066 2097.657 2453.442 72 
0.8993246 0.8818295 0.2022904 0.06662405 0.09163871 0.1461119 0.1970587 0.3029689 0.4742143 1 159.9149 303.7304 478.4544 727.6295 996.8034 1319.173 1647.56 2400.258 73 
0.8107857 0.9135445 0.2031692 0.05393769 0.09936891 0.1314283 0.2062047 0.2853555 0.473584 1 134.6532 243.8281 432.3823 630.1325 891.8763 1141.617 1421.961 2496.458 74 
0.8576428 0.9079513 0.2115627 0.06289362 0.09537385 0.1395956 0.2069534 0.2987166 0.469479 1 152.0081 282.3768 458.1907 678.9797 947.1544 1229.938 1515.135 2416.908 75 
0.9999733 0.9248153 0.174733 0.05526688 0.09797584 0.1410489 0.2091553 0.3053257 0.4567711 1 134.1091 268.2146 492.8135 784.4694 1155.948 1584.804 2030.48 2426.573 76 
0.9999953 0.928708 0.171955 0.05137645 0.0989037 0.1464972 0.1917258 0.2999189 0.4888219 1 126.0049 252.0093 482.1152 789.2399 1132.299 1566.061 2060.992 2452.582 77 
0.9999591 0.8773668 0.1857076 0.05622327 0.09426463 0.1533756 0.2063172 0.307783 0.4804446 1 139.0786 278.1514 498.2107 822.5083 1191.827 1629.096 2101.569 2473.683 78 
0.9999467 0.9098368 0.1840088 0.0621371 0.1028027 0.1373115 0.2036161 0.297646 0.4736843 1 147.3096 294.6113 523.1681 797.0542 1147.419 1555.287 2011.166 2370.719 79 
0.9997111 0.8878466 0.1830076 0.05826113 0.09434233 0.1406059 0.1947593 0.2964874 0.4605731 0.9999997 139.6936 279.3468 492.2932 779.6892 1121.745 1541.002 1999.101 2397.715 80 
0.9999653 0.8855847 0.1736994 0.06212282 0.09594882 0.1372329 0.2040067 0.2981453 0.4832433 0.9999999 152.4722 304.9391 525.7926 811.3602 1177.615 1603.672 2088.34 2454.367 81 
0.9999847 0.8857402 0.1825815 0.05591292 0.07956032 0.1354208 0.1976462 0.2898139 0.4852153 1 133.2496 266.4972 445.497 725.9345 1079.802 1496.128 1991.143 2383.163 82 
0.9999664 0.9142085 0.1769434 0.05728807 0.09306241 0.1362309 0.2055389 0.2821397 0.4596989 0.9999999 140.0401 280.0755 494.5237 779.2287 1150.256 1554.867 2028.106 2444.49 83 
0.9999229 0.8434868 0.1900838 0.06166255 0.09801456 0.1391631 0.1947202 0.2819642 0.4899694 0.9999998 148.223 296.4345 517.4887 800.5727 1141.535 1539.109 2035.166 2403.776 84 
0.9999544 0.8735422 0.1797421 0.06234107 0.08903785 0.1419137 0.2101822 0.2923252 0.5010026 0.9999999 149.9949 299.9829 500.8423 792.476 1163.099 1570.212 2063.972 2406.036 85 
0.8546391 0.9047197 0.2110308 0.05710412 0.09584367 0.1372115 0.1886617 0.2981221 0.4712853 1 138.1823 256.2783 437.7069 657.1443 897.4209 1197.49 1501.11 2419.83 86 
0.9999567 0.9264979 0.1659331 0.04985199 0.1001242 0.1293173 0.1983908 0.295911 0.4643326 0.9999999 118.7525 237.4999 464.1056 727.4703 1079.255 1499.855 1964.534 2382.102 87 
0.9999659 0.8800493 0.1803388 0.05407532 0.09564991 0.1482528 0.2062543 0.3039271 0.4685496 0.9999998 131.8365 263.6684 484.2452 793.4238 1159.786 1588.287 2048.099 2438.015 88 
0.8570498 0.9261933 0.2171056 0.05638157 0.09994792 0.1403523 0.2127782 0.2975111 0.4865952 1 134.9758 250.6568 440.6071 662.9882 940.1176 1215.086 1511.725 2393.97 89 
0.9999074 0.8481191 0.1911905 0.06099719 0.09396477 0.1471467 0.2091193 0.2931463 0.4966526 0.9999996 143.8766 287.7398 495.8324 791.0725 1148.898 1545.583 2020.622 2358.741 90 
0.9999684 0.8883286 0.164005 0.06577409 0.08969864 0.1410588 0.1942808 0.2872236 0.4845556 0.9999998 157.6325 315.26 516.0801 803.5575 1143.644 1548.738 2035.85 2396.574 91 
0.9998794 0.9022933 0.180214 0.0615988 0.08960127 0.1548877 0.2037482 0.2853097 0.4786381 0.9999998 148.5409 297.064 499.7855 818.8136 1173.448 1568.833 2042.869 2411.426 92 
0.9998976 0.8464682 0.1740489 0.05728583 0.0914433 0.1351337 0.2159455 0.2902455 0.4920614 0.9999998 141.7937 283.5729 496.9179 783.3544 1179.219 1596.354 2098.261 2475.196 93 
0.9999547 0.932745 0.1788305 0.05072374 0.10046 0.1537514 0.203903 0.3111782 0.4731063 1 122.2458 244.486 474.3058 790.6977 1145.767 1577.144 2028.892 2410.03 94 
0.9999996 0.8763736 0.1838042 0.06390143 0.08878545 0.1315302 0.1917827 0.2990252 0.4536798 1 150.6522 301.3044 497.2466 761.7506 1096.694 1518.776 1967.667 2357.572 95 
0.844665 0.8884856 0.2137087 0.06817345 0.1062633 0.1381496 0.2153509 0.3175717 0.4643619 1 168.846 311.4643 508.3245 714.3146 986.1801 1275.957 1519.775 2476.712 96 
0.9999728 0.9287814 0.1793616 0.05235433 0.09369878 0.1505029 0.2125294 0.2993019 0.4641543 1 124.9217 249.8399 461.701 770.1127 1140.077 1550.354 1996.166 2386.081 97 
0.9999718 0.9044375 0.1745075 0.05461368 0.09337054 0.1375287 0.1958481 0.2947757 0.469999 0.9999994 130.4959 260.9882 471.8993 753.5478 1099.465 1518.14 1988.902 2389.437 98 
0.9999731 0.8576979 0.1850688 0.05580977 0.08606274 0.1301178 0.196184 0.2788805 0.4700908 0.9999998 136.4379 272.8722 471.5199 746.004 1106.003 1517.346 2017.348 2444.696 99 
0.999977 0.8291063 0.1824126 0.06830989 0.09103976 0.148622 0.1948325 0.3168348 0.4542382 0.9999999 172.5085 345.013 559.2101 877.0503 1231.784 1696.255 2151.163 2525.381 100 
