0.9050193 0.4931079 0.4802685 0.08881508 0.1272952 0.1608841 0.2325639 0.332335 0.5059881 1 137.9291 262.7576 417.9315 576.917 763.1156 954.9259 1132.888 1552.992 1 
0.9506674 0.5295687 0.4741742 0.09125058 0.1092484 0.1814025 0.2213099 0.27989 0.5546213 0.9999999 134.1075 261.5991 394.6009 590.9391 777.3074 951.2073 1207.147 1469.662 2 
0.919632 0.4735987 0.499705 0.09523137 0.1353759 0.1572411 0.2108728 0.2806126 0.4976488 1 156.284 300.0078 476.9049 640.4441 817.1244 991.0373 1217.047 1641.098 3 
0.8243809 0.5126972 0.5188724 0.08203176 0.1308213 0.1531197 0.2441511 0.2988507 0.4938796 0.9999999 130.7007 238.4479 387.9102 514.4399 686.9476 809.4955 949.1199 1593.294 4 
0.8711722 0.5115102 0.5166424 0.09762995 0.118301 0.178524 0.1632865 0.3507007 0.5134504 0.9999999 154.4725 289.0447 420.7123 591.2474 683.935 899.2711 1071.882 1582.225 5 
0.9531895 0.4882269 0.4962243 0.0878514 0.1212064 0.1291041 0.2228729 0.2676899 0.4519931 0.9999999 137.2657 268.106 428.3004 569.95 786.3729 976.4737 1211.341 1562.476 6 
0.8836794 0.5543697 0.5131462 0.08185267 0.1088081 0.1793475 0.1829388 0.262714 0.5283816 0.9999999 126.2949 237.8991 364.3705 548.4157 674.1641 818.1443 1052.765 1542.954 7 
0.8963486 0.5035787 0.4986474 0.09579516 0.1138913 0.1742014 0.2023186 0.3017442 0.4806256 1 148.9643 282.4883 413.3466 587.5448 734.8075 906.2918 1087.787 1555.03 8 
0.8906926 0.4632627 0.5073724 0.0889965 0.1228187 0.1467247 0.2403122 0.3051498 0.3843142 1 146.8138 277.5798 431.8157 578.0374 785.1677 960.103 1083.351 1649.658 9 
0.9281699 0.4784521 0.5032251 0.09323375 0.09564207 0.1641668 0.2057325 0.2882768 0.5130368 1 146.3399 282.1683 398.0239 580.7392 760.3586 952.0743 1195.699 1569.603 10 
0.8673351 0.4959636 0.51819 0.08695757 0.1325178 0.1333815 0.2630688 0.26157 0.5350435 1 141.1635 263.5995 425.0466 540.157 761.6294 875.3755 1083.673 1623.36 11 
0.8699592 0.5101214 0.5292621 0.09493113 0.1260799 0.1321392 0.2080387 0.3079785 0.4342335 1 152.9325 285.9775 432.6197 544.7359 703.9567 882.1372 1030.596 1610.983 12 
0.9486408 0.4932094 0.5006046 0.110419 0.09219929 0.17534 0.196155 0.2836852 0.4840543 1 172.3828 335.9122 446.7052 644.8213 815.6429 1010.84 1248.707 1561.17 13 
0.9999983 0.4525053 0.474101 0.09708459 0.1288957 0.1472784 0.2380014 0.3445498 0.535571 1 148.1141 296.228 473.782 650.508 894.0356 1162.678 1436.38 1525.619 14 
0.8539056 0.5095108 0.5096342 0.1003071 0.1059398 0.1541469 0.2041804 0.3056881 0.4458623 1 164.8919 305.6941 417.7167 560.5186 706.9993 875.8034 1023.399 1643.871 15 
0.9527527 0.4774889 0.4776256 0.1164326 0.1194735 0.1206842 0.2529843 0.3351788 0.4832443 0.9999999 186.4394 364.0701 515.903 641.8753 888.6786 1120.973 1330.91 1601.265 16 
0.86227 0.5373152 0.4916115 0.09733669 0.11347 0.1461484 0.2358373 0.3378281 0.5109945 1 152.636 284.2495 405.7152 533.2337 712.4851 890.9619 1045.298 1568.124 17 
0.9578156 0.5078923 0.4748798 0.08691691 0.1195532 0.169163 0.2030774 0.3032549 0.5287413 1 129.9841 254.4849 407.0012 593.2105 771.0371 979.9124 1231.833 1495.498 18 
0.8837911 0.5063514 0.518807 0.096168 0.1003846 0.189305 0.1903721 0.2917409 0.5253507 1 156.0479 293.9616 407.0259 609.4923 742.2896 908.6747 1125.302 1622.659 19 
0.9624818 0.5209106 0.4537445 0.09072293 0.1352702 0.1275972 0.2260809 0.3049462 0.4960477 0.9999999 136.3387 267.5621 442.3656 576.5406 787.9654 1001.687 1239.169 1502.803 20 
0.7905077 0.4835951 0.584206 0.09544704 0.1078564 0.1614994 0.2412834 0.2569191 0.4954366 1 163.3808 292.5345 398.2515 537.9099 704.6937 782.8464 942.376 1711.743 21 
0.8877795 0.5050989 0.5021084 0.07375938 0.1089093 0.1799008 0.1982571 0.2612093 0.5237728 1 112.8728 213.0789 343.5363 532.2067 677.8407 818.6972 1048.176 1530.284 22 
0.8607547 0.496513 0.5175889 0.08484309 0.09491439 0.1518876 0.206801 0.2463701 0.5090242 1 141.0056 262.3768 370.2023 527.7406 695.6963 826.9782 1067.078 1661.958 23 
0.8589429 0.4864352 0.5139174 0.08529559 0.126166 0.1744818 0.2019127 0.2835466 0.4909084 1 139.816 259.9099 412.4182 582.8509 719.0243 862.3614 1044.322 1639.193 24 
0.9127741 0.4949045 0.4947631 0.09381334 0.1272429 0.1498233 0.2321715 0.2756642 0.4806014 1 143.4936 274.4708 426.8975 570.9027 759.8847 911.2901 1106.704 1529.565 25 
0.8989699 0.5472351 0.5140264 0.06299173 0.1097262 0.1653402 0.1956983 0.2659576 0.4394568 1 93.21735 177.0169 311.2812 483.9397 636.6873 792.7675 980.0031 1479.835 26 
0.8231933 0.5318603 0.4799421 0.09599759 0.1138863 0.1593568 0.1949397 0.2964336 0.4961271 0.9999999 156.0802 284.5643 401.641 538.1754 656.4538 801.6731 967.6016 1625.876 27 
0.8956149 0.5120273 0.4873098 0.1066485 0.09328025 0.155386 0.1986758 0.3065158 0.4368221 1 169.9457 322.1517 421.3146 577.9043 734.1777 925.3157 1093.369 1593.513 28 
0.9283602 0.4903497 0.4904477 0.08444184 0.1163232 0.1736485 0.1850554 0.3294348 0.4904237 1 130.5502 251.7478 398.3665 587.0329 736.2564 961.0102 1169.18 1546.037 29 
0.8460279 0.5262886 0.5259527 0.07456519 0.1262112 0.1283512 0.212788 0.2786024 0.4704399 1 115.9268 214.0041 362.6434 468.1679 629.2618 772.7087 946.4934 1554.704 30 
0.8560718 0.509191 0.5101448 0.0912228 0.1283311 0.1528614 0.1795039 0.3794533 0.485257 1 143.3882 266.1388 411.1495 542.3077 653.5965 887.9295 1020.745 1571.846 31 
0.9086864 0.5792439 0.4666786 0.08424573 0.09180753 0.1634015 0.2146814 0.324976 0.5014884 1 122.6011 234.007 334.9889 502.1693 673.692 870.5895 1060.275 1455.279 32 
0.9999863 0.456442 0.4613488 0.1029302 0.1448053 0.1664786 0.237051 0.3050262 0.5202894 0.9999998 157.7925 315.5829 514.7168 710.501 942.8685 1170.987 1441.404 1533.006 33 
0.8839137 0.5530897 0.4972537 0.08575311 0.09560473 0.1435564 0.220181 0.3693627 0.4748315 1 126.5868 238.4786 339.8218 475.5928 650.5479 876.1249 1018.521 1476.178 34 
0.9267601 0.5368899 0.4732254 0.07920937 0.1068993 0.173189 0.2091462 0.2394348 0.4371542 1 119.2348 229.7369 361.0817 549.028 722.8814 863.7482 1069.617 1505.312 35 
0.8794948 0.5297331 0.4809172 0.08481705 0.1183087 0.1737611 0.1987658 0.3143282 0.437293 1 134.0546 251.9549 392.7218 566.9998 708.1186 888.1687 1034.289 1580.515 36 
0.8358065 0.5270817 0.5210938 0.08975564 0.1076717 0.1447179 0.197946 0.306986 0.448321 1 148.0068 271.7118 388.7127 518.7203 660.3058 833.9431 982.4759 1648.997 37 
0.8841629 0.5024688 0.488787 0.09274629 0.1104711 0.1466776 0.2205269 0.2531029 0.5600651 0.9999999 145.3123 273.7921 399.1071 538.3393 713.9208 844.0882 1098.122 1566.773 38 
0.9518478 0.4850165 0.476983 0.1121893 0.1005298 0.1690247 0.2204091 0.2770598 0.5247608 1 173.2341 338.1266 459.6604 645.9468 840.6862 1021.524 1275.381 1544.124 39 
0.8856278 0.5053423 0.4972421 0.09600089 0.08851648 0.1494165 0.1906251 0.3092612 0.4748781 1 160.3176 302.2993 401.3528 561.0484 719.9905 930.608 1134.904 1669.959 40 
0.9132715 0.5102084 0.4892268 0.07728301 0.1218113 0.1612127 0.1876399 0.3165532 0.497796 0.9999998 119.5858 228.8002 382.8776 551.8108 701.2995 910.9345 1122.606 1547.376 41 
0.8103114 0.5472376 0.5374812 0.07530146 0.1243535 0.1495578 0.2074956 0.3587475 0.4064996 1 120.6237 218.3665 361.144 486.6238 623.199 818.598 891.1929 1601.878 42 
0.9363548 0.4988645 0.489355 0.09784555 0.1215255 0.1659052 0.1736632 0.3104108 0.5314458 1 156.392 302.8305 458.7922 639.7492 782.5199 1003.731 1259.815 1598.356 43 
0.8984328 0.4602945 0.5144947 0.08038951 0.1397345 0.1598587 0.1528897 0.3064601 0.4874189 1 130.376 247.5102 430.7752 592.1251 696.7878 905.8515 1122.521 1621.804 44 
0.9242273 0.4666965 0.4893798 0.08272138 0.1082779 0.168418 0.2208677 0.2765467 0.4800288 1 132.8763 255.6842 395.8508 587.1396 783.9729 959.9903 1182.883 1606.311 45 
0.8715248 0.5037485 0.5311483 0.08637782 0.1194238 0.1640032 0.174088 0.280273 0.4793747 1 136.9999 256.3987 396.5095 554.8364 669.2592 830.2045 1027.515 1586.054 46 
0.999996 0.4231595 0.489484 0.1418927 0.09108749 0.1661593 0.2163374 0.2586314 0.405115 1 222.2071 444.4133 566.8162 769.7627 990.0909 1196.509 1436.214 1566.022 47 
0.9290186 0.4744157 0.4743708 0.1016394 0.1318713 0.1153115 0.2427768 0.3186544 0.4963854 0.9999999 164.4491 317.2253 486.3855 597.3659 825.9843 1036.718 1249.025 1617.966 48 
0.9232758 0.4718979 0.5028255 0.0990572 0.114981 0.1704958 0.208623 0.303455 0.4242002 1 158.9671 305.7376 448.5235 632.2757 805.2027 998.3227 1169.922 1604.801 49 
0.9186144 0.451783 0.5323122 0.09124434 0.1243856 0.1634677 0.2127855 0.2581745 0.5381842 1 146.1195 280.3471 438.5479 611.1588 788.2423 940.7372 1199.195 1601.409 50 
0.9217955 0.4717144 0.5107676 0.1011483 0.1308048 0.1213166 0.24253 0.2968282 0.4248191 1 163.2709 313.7733 479.0197 594.5526 816.8089 1002.079 1174.449 1614.173 51 
0.7790767 0.5438872 0.5316034 0.08081228 0.1111618 0.1562172 0.2156836 0.3121034 0.4650142 1 130.5582 232.2731 346.0355 475.7854 610.8891 748.5598 862.6104 1615.574 52 
0.9554717 0.4577956 0.4934257 0.09514417 0.1228676 0.1493285 0.2406947 0.2565169 0.5311808 1 146.3911 286.2637 444.5772 607.1368 830.1398 995.5102 1262.69 1538.624 53 
0.9464201 0.5390731 0.4479369 0.0904085 0.09499014 0.1796834 0.2145534 0.2871968 0.5179062 1 137.3069 267.2569 384.1597 588.2183 776.7405 966.468 1212.058 1518.739 54 
0.8900486 0.5274087 0.4796707 0.08162676 0.09054502 0.1851541 0.2155144 0.3079019 0.4479136 1 125.1684 236.5743 338.0731 538.0366 703.7915 878.4868 1035.692 1533.423 55 
0.8639556 0.5488048 0.5155445 0.08751959 0.1133323 0.159918 0.2077639 0.2704102 0.4618884 1 140.3306 261.57 391.8001 545.9553 698.1056 836.6022 1013.741 1603.42 56 
0.8866803 0.5305233 0.4846099 0.08864005 0.1140654 0.1619877 0.2190483 0.3266774 0.4348663 1 137.6266 259.6574 391.6379 550.3278 718.0849 904.7259 1042.427 1552.646 57 
0.8318289 0.5201468 0.5390188 0.08403758 0.1141956 0.1519603 0.1993171 0.340081 0.4819224 0.9999999 140.3665 257.1274 388.5957 529.1827 669.2584 869.651 1016.052 1670.283 58 
0.9648161 0.4729757 0.5063316 0.1083187 0.1204461 0.153176 0.2211425 0.3019504 0.4702386 1 164.9596 324.1152 476.2714 642.4662 843.5336 1051.721 1273.301 1522.909 59 
0.8755612 0.5426535 0.4951376 0.08790904 0.1338783 0.1545339 0.2094291 0.313093 0.4659367 1 140.0781 262.725 424.6059 566.2944 718.7135 892.7069 1050.907 1593.443 60 
0.8638092 0.5051065 0.5257773 0.09513285 0.1200794 0.1361064 0.2168582 0.301603 0.4625845 1 156.4287 291.5532 430.5112 550.0733 720.4317 889.4627 1054.486 1644.318 61 
0.9133709 0.5233902 0.4971135 0.09236388 0.1020741 0.1603588 0.2202838 0.2938174 0.4741295 1 139.5061 266.927 383.7358 547.8881 728.1024 901.8108 1093.516 1510.397 62 
0.8578438 0.4965672 0.5141346 0.1167568 0.07932437 0.1345825 0.1974293 0.3308583 0.4689734 1 189.3306 351.7467 415.3561 533.7762 683.1975 889.1005 1050.119 1621.581 63 
0.881555 0.4523761 0.5320986 0.07515291 0.1040831 0.1388045 0.2733679 0.3071457 0.4667807 0.9999999 121.6037 228.8041 357.4617 501.2204 757.4904 925.4605 1087.182 1618.084 64 
0.9999959 0.517265 0.4668265 0.1124542 0.1327054 0.1613885 0.2248727 0.3103741 0.5555313 0.9999994 160.5164 321.0322 489.1524 666.477 873.6787 1095.352 1368.974 1427.394 65 
0.8929756 0.5285537 0.4933353 0.0943204 0.1438879 0.1429739 0.2317977 0.2958827 0.5206904 1 143.8171 272.2423 441.8084 563.5553 738.1034 889.4113 1079.59 1524.772 66 
0.8751855 0.4962146 0.5052577 0.0837798 0.09953332 0.1898738 0.2151624 0.2440448 0.4991896 1 137.0628 257.0183 374.1318 583.7137 746.128 862.4357 1078.64 1635.989 67 
0.8387285 0.5478858 0.5344654 0.0882392 0.09955803 0.1575792 0.2121302 0.2966596 0.5384795 1 138.7361 255.098 356.678 502.5619 652.1856 801.1662 996.4371 1572.273 68 
0.9574149 0.5219036 0.4615674 0.1060458 0.1111936 0.1536953 0.2076004 0.3533574 0.4290879 1 155.2432 303.8753 436.4519 596.6386 775.5909 1018.192 1191.265 1463.926 69 
0.8089404 0.5540187 0.5014226 0.08590043 0.1162094 0.1389509 0.1839309 0.3335924 0.4070194 0.9999998 139.0058 251.4532 375.3092 485.2555 599.587 791.4743 889.4225 1618.22 70 
0.9086165 0.4874121 0.4909717 0.09896874 0.1248717 0.1686118 0.2401606 0.2747258 0.4509026 1 160.06 305.4931 459.5413 632.5695 829.3887 974.9167 1149.281 1617.278 71 
0.8510561 0.4882075 0.5310264 0.08489616 0.1292325 0.1540971 0.2188206 0.2999812 0.4811216 0.9999999 143.4054 265.4515 425.6793 569.6942 733.9906 891.4854 1058.266 1689.186 72 
0.8984879 0.4842259 0.502636 0.0870468 0.1147258 0.1556338 0.201679 0.3348058 0.4572161 1 142.5237 270.5795 414.6044 578.4684 745.0939 968.1074 1141.126 1637.323 73 
0.9334606 0.4700911 0.499263 0.08632488 0.1245112 0.1410022 0.2380226 0.3259457 0.4765305 1 136.1762 263.2913 425.2312 574.8602 794.6081 1010.943 1208.969 1577.485 74 
0.9149938 0.510645 0.4804174 0.08717169 0.1026225 0.1609439 0.2256031 0.3084016 0.4998509 1 131.2365 251.3171 370.9835 537.9281 725.6433 911.083 1110.643 1505.495 75 
0.9173878 0.4542102 0.5085211 0.09217866 0.1242774 0.1838638 0.2437461 0.2242257 0.5365094 1 151.9437 291.3351 453.2381 656.7388 863.1714 973.2203 1229.458 1648.361 76 
0.895284 0.5270767 0.4950929 0.08417266 0.09571268 0.1545543 0.2178183 0.2776972 0.4707788 1 134.7327 255.3568 368.9257 535.175 723.2529 890.954 1095.75 1600.671 77 
0.8446664 0.5071141 0.5181321 0.09526184 0.09520068 0.1747339 0.2067984 0.3182687 0.4730143 0.9999999 153.8372 283.7784 378.7911 550.9429 690.9732 859.0578 1004.668 1614.888 78 
0.885456 0.4932027 0.5096379 0.09088659 0.1199571 0.126268 0.2240533 0.2404375 0.4659086 1 150.0696 282.9496 430.6076 548.0887 743.9178 874.0476 1090.88 1651.174 79 
0.9563069 0.4901979 0.4882161 0.09358458 0.1023543 0.1908472 0.2194467 0.3088076 0.3958419 0.9999999 144.8781 283.426 414.6678 636.9397 832.7708 1042.054 1214.187 1548.098 80 
0.914015 0.4790397 0.5199773 0.08353707 0.1094504 0.1702198 0.2159859 0.3595136 0.5487212 0.9999996 135.7162 259.7628 400.3885 591.6631 778.4257 1021.611 1236.929 1624.622 81 
0.8667051 0.5098539 0.5351764 0.1010277 0.08382797 0.1813302 0.2049813 0.2990382 0.4592491 1 160.8594 300.2771 380.2407 567.3499 711.7908 872.1489 1030.659 1592.231 82 
0.9449836 0.4938089 0.4943508 0.09167906 0.1251542 0.1619152 0.1733779 0.2558399 0.517149 1 143.816 279.7197 442.6594 620.1403 767.1521 945.8845 1226.187 1568.689 83 
0.9999987 0.4594055 0.460289 0.09737495 0.112097 0.1674123 0.1898113 0.3118848 0.5305464 1 150.2433 300.4863 456.6026 663.62 859.0408 1119.194 1423.717 1542.935 84 
0.9767633 0.4856907 0.4708251 0.1088706 0.1173033 0.1630165 0.2111264 0.3434608 0.4948027 0.9999999 164.7617 325.6949 476.3234 659.3124 854.3495 1104.457 1334.131 1513.373 85 
0.8684503 0.4987683 0.5162556 0.09724782 0.1091697 0.1640434 0.2049822 0.3114597 0.4341746 1 156.4131 292.2502 412.3174 570.2627 716.8891 890.3263 1030.191 1608.397 86 
0.8610407 0.4735279 0.5394355 0.09411782 0.1019724 0.1662002 0.2246691 0.3573128 0.4930664 1 145.7399 271.2279 376.5794 533.613 695.4414 889.785 1024.202 1548.484 87 
0.9759573 0.4893906 0.486924 0.08699378 0.1281938 0.1352477 0.1920087 0.3281873 0.4142352 1 130.8138 258.4824 428.2652 579.8469 764.6396 1020.716 1228.905 1503.714 88 
0.9999999 0.4934567 0.4741411 0.1005005 0.1148206 0.1595311 0.254131 0.2818776 0.4269917 1 147.988 295.976 448.0585 635.099 885.5193 1092.693 1318.061 1472.51 89 
0.8308114 0.5111019 0.5295235 0.07717039 0.1110668 0.1306904 0.2072493 0.2966955 0.5043167 0.9999999 125.2405 229.2918 356.8394 470.4579 630.7188 796.2202 986.9277 1622.909 90 
0.8767697 0.5175626 0.5013418 0.08943993 0.07577836 0.1780522 0.1806476 0.3164133 0.4811357 1 139.1398 261.1333 336.2967 527.9599 657.2924 855.2748 1039.867 1555.678 91 
0.8489024 0.5349507 0.5173771 0.08643031 0.1453807 0.1430576 0.2225849 0.3322451 0.4995424 0.9999999 136.4851 252.3477 423.952 536.2719 690.412 858.9881 1003.183 1579.135 92 
0.9494494 0.5067457 0.4592561 0.121349 0.1346526 0.129052 0.2372026 0.3185242 0.5503515 1 191.4655 373.2524 541.059 668.5278 882.5743 1091.826 1335.552 1577.809 93 
0.9014539 0.4988613 0.5099319 0.0867766 0.1088254 0.1506489 0.2162244 0.317196 0.4632925 1 134.3344 255.4306 384.1069 536.0522 714.6013 910.2104 1085.823 1548.048 94 
0.9123914 0.4730096 0.5157724 0.08774113 0.1002424 0.1256376 0.2527427 0.3013401 0.4308125 1 137.45 262.8582 383.0849 511.0726 750.4532 937.8719 1108.578 1566.54 95 
0.9565655 0.4816129 0.473339 0.08688357 0.1193326 0.1358363 0.243337 0.2937922 0.5021816 1 132.9217 260.0701 415.4771 564.5448 798.7266 1000.373 1242.214 1529.883 96 
0.8411869 0.4777134 0.5193449 0.07149446 0.1147667 0.1368415 0.2393258 0.2972377 0.4298732 1 119.3375 219.7226 362.6986 492.8406 697.9886 854.8951 991.2617 1669.185 97 
0.9048482 0.5204672 0.4818807 0.08610493 0.08833682 0.1791535 0.2253237 0.2924426 0.4969751 1 134.5201 256.2404 357.9825 557.1127 744.8483 916.0289 1119.918 1562.281 98 
0.911095 0.505484 0.4836106 0.07889509 0.125805 0.1728575 0.1672883 0.3108038 0.4536955 0.9999999 122.683 234.459 393.8089 575.2387 697.3569 903.4069 1092.761 1555.015 99 
0.9999993 0.4686713 0.461143 0.1119274 0.1126374 0.1676531 0.2040034 0.3146603 0.4588778 1 170.7494 341.4986 494.098 695.6481 899.781 1150.408 1400.898 1525.536 100 
