0.05648427 0.02902068 0.02621403 0.01193528 0.01635048 0.02063932 0.02666132 0.03593588 0.05322182 3.084123e-15 18.5354 29.72986 41.5689 59.95749 83.72134 113.6355 147.6281 1 
0.05509618 0.02770939 0.02459833 0.01184977 0.01522596 0.02052799 0.02620433 0.03381812 0.04967685 1.77076e-05 17.41515 26.14987 40.9563 57.529 81.98046 120.0498 156.641 2 
0.05325306 0.02706118 0.02525984 0.01229794 0.01701609 0.02126683 0.02671118 0.03470823 0.05011286 2.059285e-19 20.18212 32.2925 43.93637 62.38439 86.59589 120.723 154.9714 3 
0.04733562 0.02976064 0.02509863 0.01064956 0.01518006 0.01875295 0.02445443 0.03225422 0.04573842 1.328898e-05 16.96788 26.457 33.20527 46.18893 58.31799 77.66572 95.71457 4 
0.04768785 0.02780213 0.02452837 0.01185442 0.01530597 0.01999722 0.02413878 0.03194622 0.04851492 1.628185e-05 18.75635 26.88297 38.47375 47.82033 71.5739 91.26243 113.8952 5 
0.05493069 0.0270572 0.02551682 0.01176851 0.01621941 0.0198411 0.02567031 0.03405631 0.04788759 1.436015e-05 18.38803 29.14249 39.3897 60.56928 83.36372 118.7064 159.9803 6 
0.04559594 0.02742415 0.02330948 0.01026259 0.01370316 0.01843545 0.02263057 0.02814693 0.04119151 2.213963e-05 15.8347 23.06921 33.34065 41.79023 58.62693 82.90263 102.8052 7 
0.05196227 0.02841498 0.02505913 0.01207773 0.01550092 0.02032268 0.02550918 0.03310609 0.04804512 2.807079e-18 18.78124 27.33563 40.26866 53.82097 75.75706 102.5798 132.0336 8 
0.05352567 0.02838126 0.02591709 0.01188187 0.01625179 0.02031146 0.02672142 0.03601166 0.05107274 9.070888e-22 19.60102 30.44955 40.94486 59.77055 78.97133 103.4794 139.9467 9 
0.05392901 0.02778725 0.02504925 0.01233253 0.01527522 0.0203711 0.02612093 0.03427003 0.05054283 7.921389e-06 19.35718 27.29852 42.51143 58.50883 81.73215 114.5479 147.2801 10 
0.04860041 0.02808041 0.02483137 0.01120798 0.01583854 0.01902201 0.02561688 0.03381886 0.0473711 1.635764e-15 18.19459 28.61518 35.46837 53.89593 66.01609 93.61277 114.409 11 
0.04597121 0.02758833 0.02397399 0.01147877 0.01542107 0.01855198 0.02322944 0.03107969 0.0447254 1.507504e-21 18.49211 27.11914 34.20789 48.59211 65.56637 84.65226 109.1879 12 
0.05269587 0.0264559 0.02465813 0.01335021 0.01562882 0.02075479 0.02627661 0.03385134 0.04909362 1.362851e-14 20.84194 27.76833 45.48284 62.51765 89.41794 124.994 164.0289 13 
NaN 0.0224248 0.01574619 0.01211757 0.01812573 0.02325111 0.03023674 0.04207259 0.06507714 NaN 18.4868 25.49038 29.01557 33.18821 35.74149 36.67751 0 14 
0.049132 0.02895167 0.0252572 0.01183421 0.0145223 0.01834967 0.02317103 0.03061497 0.04401916 0 19.45391 26.41518 37.6439 50.89361 69.06703 89.33511 114.1392 15 
0.05724691 0.02707237 0.02529221 0.0143103 0.01730668 0.02050611 0.02742856 0.03777796 0.05608085 1.610897e-05 22.91458 33.70475 47.82599 77.97341 107.6553 146.4258 194.4345 16 
0.04984641 0.02919707 0.02472073 0.01160481 0.01454038 0.01791732 0.0234723 0.03179315 0.04678328 3.848877e-15 18.19779 25.75979 35.62306 51.52068 69.17056 90.9858 115.3252 17 
0.05759053 0.02775843 0.02550386 0.01181009 0.01605228 0.02093058 0.02635277 0.03445877 0.05146647 2.759321e-15 17.66196 28.3186 42.24115 59.88052 88.16288 126.3229 167.2744 18 
0.04742138 0.02713506 0.02426013 0.0116809 0.01445398 0.01989108 0.02474875 0.03142102 0.04639651 3.30894e-15 18.95412 25.86688 40.13201 50.19095 70.39448 96.20552 119.1648 19 
0.06140853 0.02868153 0.02607102 0.01200583 0.01665109 0.01978061 0.02524493 0.03384033 0.04951575 1.557399e-05 18.04239 30.37935 41.11479 66.19309 95.45627 136.2958 184.386 20 
0.03959649 0.02790692 0.02336598 0.01132871 0.01442051 0.01851165 0.024308 0.03149892 0.04343596 1.377187e-23 19.39184 25.58109 34.05172 43.9248 50.95628 67.72825 77.8643 21 
0.05229723 0.02927984 0.02556441 0.01043992 0.01461522 0.02002029 0.02512813 0.03172148 0.0459976 0 15.97603 24.87812 36.61185 46.61969 64.29378 92.43967 115.7009 22 
0.04949965 0.02905128 0.02509511 0.01088059 0.01374838 0.01796713 0.02312235 0.02967735 0.04247041 1.214777e-16 18.08308 25.03905 36.28947 48.66314 62.95464 89.1521 108.7982 23 
0.05021316 0.02897713 0.02532037 0.01118378 0.01560024 0.02026045 0.02532064 0.03237004 0.04655219 0 18.33238 28.50626 39.01685 50.31929 68.60882 92.9192 115.5584 24 
0.05355919 0.0284343 0.02503667 0.01222336 0.01652044 0.02051148 0.02648517 0.03483797 0.04904486 2.298022e-18 18.69642 28.96114 39.45628 57.82217 77.70633 108.6562 140.8936 25 
0.04759613 0.0282064 0.02383721 0.009161014 0.01369487 0.01829803 0.02299322 0.02930987 0.04099501 9.810861e-17 13.55679 21.88425 30.25199 38.89629 53.82032 75.6397 100.7242 26 
0.05324846 0.03194999 0.02653145 0.01142238 0.01420456 0.01792141 0.02214608 0.02875706 0.04176581 1.347435e-05 18.57137 26.29185 37.04066 49.24344 67.59417 88.86743 109.2917 27 
0.05351858 0.02913484 0.02520977 0.01259884 0.01460738 0.01864447 0.02360112 0.03128197 0.04519366 8.611281e-17 20.07642 26.42794 41.07515 57.00797 80.05638 105.8589 139.267 28 
0.05549647 0.02811949 0.02568904 0.01159371 0.01582473 0.02098579 0.02608612 0.03444715 0.05165543 7.322148e-16 17.9243 28.2505 41.82846 55.76208 83.34337 113.2409 149.3676 29 
0.0466669 0.02934113 0.0248431 0.01000825 0.01469411 0.01763447 0.0224314 0.02944901 0.04188471 5.920465e-22 15.55988 24.66269 29.55721 41.78464 54.27781 73.06032 91.75832 30 
0.04907036 0.02916082 0.02487116 0.01151152 0.01563315 0.01933548 0.02342212 0.03290156 0.04992661 5.722626e-15 18.09433 27.39417 35.84089 47.34476 70.19513 85.9225 109.3586 31 
0.05379981 0.02934055 0.02498794 0.01063544 0.01301983 0.01749516 0.02238278 0.02991256 0.04371097 4.618906e-14 15.47754 21.72115 33.97474 47.4165 68.0782 94.33194 125.7788 32 
NaN 0.02213025 0.01525142 0.01238547 0.01885767 0.02457778 0.03163599 0.04241792 0.06224776 2.78495e-05 18.987 26.53514 29.98759 32.67365 33.24079 33.05575 0 33 
0.04985064 0.02888457 0.02506135 0.01088305 0.01355987 0.01727339 0.02263475 0.03176214 0.04733408 1.318023e-05 16.06531 22.2965 32.14389 45.67267 64.27666 82.77581 110.1543 34 
0.05631153 0.02908958 0.02578244 0.01060887 0.01424736 0.01916741 0.02437675 0.03089713 0.04173026 4.164562e-15 15.96965 24.50913 37.13984 51.0836 71.55518 104.6064 141.4651 35 
0.05337089 0.0295237 0.02571379 0.01083162 0.01458678 0.01907154 0.02373368 0.03096094 0.04455766 1.134741e-20 17.11954 26.22547 37.65158 50.04874 72.00076 95.84741 127.1183 36 
0.04629703 0.02910869 0.02467096 0.01077013 0.01378261 0.01720551 0.02161816 0.0287282 0.04136816 1.079947e-18 17.75992 24.69089 33.2473 44.52922 60.16539 76.95666 97.7407 37 
0.05487734 0.02990357 0.02599122 0.01192212 0.01516584 0.01900161 0.02457036 0.03174963 0.04672709 1.275688e-05 18.67926 27.31656 38.69791 55.64443 73.26372 105.7862 128.794 38 
0.05802853 0.0277186 0.02558432 0.01403024 0.0163835 0.02134322 0.02751751 0.03593931 0.05227063 1.922732e-13 21.66443 30.23036 49.01817 70.91039 99.37372 141.8502 184.2298 39 
0.05177828 0.02875438 0.02494427 0.01164418 0.01376561 0.01777068 0.02247184 0.03006421 0.04425106 1.314665e-20 19.44531 25.77753 39.44328 53.77273 75.75424 100.3718 129.2996 40 
0.05425308 0.02846074 0.02572352 0.01067413 0.01531895 0.01968077 0.02438732 0.03218697 0.04790178 2.601174e-05 16.51689 26.96949 37.54837 50.90181 75.0372 102.859 134.6793 41 
0.04246778 0.02882589 0.02405254 0.009619968 0.01385616 0.01716284 0.02150776 0.02953039 0.04318134 2.418899e-15 15.41001 23.60628 29.10377 37.95814 51.87435 61.86732 81.38758 42 
0.05352672 0.02703829 0.02472803 0.0122751 0.01604686 0.02055744 0.02517528 0.03258837 0.04958779 3.382512e-21 19.61998 29.88464 43.70366 59.69079 89.17398 123.5047 158.9046 43 
0.05341467 0.0282145 0.02600676 0.0113305 0.01716223 0.02159299 0.02605534 0.03310366 0.04980457 1.224551e-05 18.37585 31.41383 40.80213 52.13712 78.47876 104.8109 133.1643 44 
0.05759877 0.02850704 0.02624776 0.01165673 0.01564019 0.0209324 0.02713055 0.03557604 0.0505791 9.155825e-15 18.72434 29.15582 43.98316 61.2224 84.04418 119.0538 156.4719 45 
0.04660741 0.0278061 0.02445492 0.01105533 0.0151433 0.01949936 0.02384666 0.0302294 0.04400189 9.669974e-23 17.53435 26.09068 35.35577 44.74524 62.79388 84.30386 105.2286 46 
4.063926e-12 0.02124024 0.01586166 0.01503957 0.01983627 0.02466023 0.0322437 0.04232479 0.0581699 6.913839e-20 23.55231 26.13553 31.22835 34.69593 36.40009 38.44077 0.0005174199 47 
0.05977034 0.02857154 0.02658625 0.01319962 0.01727885 0.02032639 0.02657762 0.03616116 0.05339068 2.007424e-05 21.35655 34.04093 44.84901 73.14288 100.0659 136.8633 179.1861 48 
0.05420081 0.02731147 0.02586724 0.01274379 0.01637921 0.02137659 0.02718113 0.03566935 0.05124266 1.052248e-05 20.45125 30.27562 45.08218 62.15006 87.68444 118.0091 157.6577 49 
0.04994777 0.02639186 0.02465976 0.01235575 0.01711523 0.02206662 0.02814408 0.03633745 0.05278803 0 19.78662 30.67948 42.52747 58.06341 77.69114 110.8996 137.1959 50 
0.05188348 0.02694856 0.02488725 0.01278741 0.017134 0.02047075 0.02660007 0.03598559 0.05100864 1.259289e-17 20.6411 31.60621 40.6763 63.61962 84.56799 113.7874 151.2871 51 
0.04404131 0.03070904 0.02527118 0.01000624 0.01330141 0.0169258 0.02151474 0.02839289 0.04047562 7.447495e-06 16.16582 22.93595 29.97161 38.46108 49.55169 62.37 76.77755 52 
0.05833607 0.02737738 0.02622416 0.01319461 0.01765598 0.02219219 0.02927611 0.03879706 0.05520341 1.417376e-05 20.30155 32.25505 46.07119 69.75464 93.8803 137.2058 177.5436 53 
0.05990491 0.02932111 0.02526286 0.01160755 0.01405176 0.01943472 0.02466715 0.03195923 0.0464512 1.119488e-05 17.62883 25.61944 42.86356 60.40816 87.69068 127.402 169.8839 54 
0.05473486 0.02983397 0.02598899 0.01081618 0.0134723 0.01923747 0.02443287 0.03198744 0.04567242 1.088847e-17 16.58579 23.41381 38.07638 49.67091 69.89262 95.43448 127.6228 55 
0.04486716 0.0277112 0.02347382 0.01047919 0.01382569 0.0176615 0.02224935 0.02852145 0.03999119 3.528168e-22 16.80254 24.07544 32.94101 43.88903 58.69593 79.96157 101.6289 56 
0.05207819 0.02915549 0.02489481 0.01117439 0.01463226 0.01878659 0.02398772 0.0320695 0.04632763 4.082895e-19 17.34988 25.74902 36.74423 51.09891 71.51804 94.67109 126.3081 57 
0.04292772 0.02803827 0.02332524 0.01036571 0.01395094 0.01761016 0.0220345 0.02990905 0.04421827 1.303177e-05 17.31366 25.01743 32.7921 42.57498 58.42476 72.9321 90.87897 58 
0.05312513 0.02579031 0.02485186 0.01378983 0.01764718 0.02215236 0.02838755 0.03783922 0.05496888 6.049705e-14 21.00065 31.14663 45.27303 66.79197 94.32843 130.869 174.172 59 
0.04846353 0.02823423 0.02400576 0.01073997 0.0149999 0.0184673 0.02298015 0.03029646 0.04368123 1.979667e-22 17.11353 26.69714 34.77352 48.46184 67.65777 90.11708 116.7183 60 
0.04667108 0.02777307 0.02439093 0.01148637 0.01510887 0.01835636 0.02340128 0.03117836 0.04485923 0 18.88725 27.26231 35.34834 50.25417 66.60358 87.30895 110.6673 61 
0.05163297 0.02817785 0.02471722 0.0116817 0.01466714 0.01909849 0.0246821 0.03249696 0.04649844 0 17.644 24.98107 37.30226 52.3982 72.20474 99.88664 131.2011 62 
0.05056022 0.02934886 0.02586754 0.01328637 0.01455994 0.01765367 0.02267089 0.03124521 0.04632026 0 21.54493 25.64594 39.32238 54.79619 74.78532 93.83132 118.2094 63 
0.05070547 0.02823066 0.02541026 0.01097314 0.01521298 0.01945217 0.02779162 0.03775269 0.05372531 1.563149e-05 17.75546 27.13334 36.91628 55.81147 68.33939 91.73548 118.6315 64 
NaN 0.02306687 0.01441955 0.01257053 0.01764265 0.02224803 0.02819795 0.03738715 0.0558362 5.174519e-05 17.9431 23.35104 26.32892 28.63144 29.73941 30.45628 0 65 
0.05059715 0.02812015 0.02470806 0.01168921 0.01639624 0.01964885 0.02486139 0.03274298 0.04742086 3.30931e-14 17.82339 28.36946 36.03913 53.48772 72.43607 100.0329 126.6503 66 
0.05102587 0.02878068 0.02517323 0.01096576 0.01412098 0.01989987 0.02532525 0.03204822 0.04443611 1.812167e-24 17.93987 25.71902 40.1234 50.89356 67.28182 96.53993 120.7695 67 
0.04266121 0.02798571 0.02341244 0.01060451 0.0133111 0.01725871 0.02202129 0.0288238 0.04233555 4.402506e-16 16.67319 22.40078 31.3418 40.913 53.65375 71.96323 86.41637 68 
0.05907582 0.02848556 0.02573833 0.01320606 0.01607317 0.02017475 0.02552847 0.0351199 0.0524298 6.552646e-14 19.3327 28.30402 43.49392 64.83972 96.71408 130.4193 179.6569 69 
0.04783815 0.03110566 0.02548377 0.01029424 0.01355136 0.01648579 0.02018122 0.02750805 0.03974134 2.161521e-05 16.65835 23.96216 30.71833 41.02368 57.46082 69.52449 91.15427 70 
0.05352908 0.02773952 0.0253508 0.01242325 0.01629368 0.02085117 0.02708086 0.03559524 0.04892835 2.300577e-16 20.09186 30.47295 43.72873 62.51504 83.71267 116.0848 152.1172 71 
0.04632599 0.027738 0.02449039 0.01086155 0.01539023 0.01923354 0.02441434 0.03216694 0.046337 1.856562e-05 18.34718 28.44001 36.44177 49.35103 65.14888 86.02778 107.157 72 
0.05229318 0.02813901 0.02504141 0.0114598 0.0153582 0.01965944 0.02483342 0.03362133 0.04989444 9.819515e-06 18.76339 28.53519 40.16721 55.17164 78.87113 103.2037 135.7149 73 
0.05500454 0.02744672 0.02552268 0.01196559 0.01673202 0.02073098 0.02733275 0.03729276 0.05500114 1.819306e-15 18.87554 30.56199 41.45217 62.53822 86.3301 117.555 156.0361 74 
0.05569576 0.02923049 0.02558749 0.01164536 0.01486166 0.01953815 0.02544658 0.03387815 0.04944619 0 17.53202 25.78476 38.91826 55.29773 76.83697 106.7504 139.9449 75 
0.0528717 0.02677484 0.02525046 0.01236826 0.01687836 0.0224763 0.02939875 0.03850268 0.05199677 9.129927e-06 20.38737 31.9556 46.8243 64.55661 83.14439 122.7966 153.3079 76 
0.05066811 0.02844682 0.02441332 0.01068975 0.01352764 0.01775048 0.02307381 0.03018338 0.04274054 2.008849e-20 17.11078 24.16748 35.86429 49.91171 67.37102 93.95059 122.67 77 
0.0480353 0.02923383 0.02490848 0.01161219 0.01403002 0.01890512 0.02389684 0.03153421 0.04586389 1.821137e-05 18.75239 24.76927 37.5747 47.81645 65.0652 83.96576 105.6383 78 
0.05125044 0.02827299 0.02558629 0.0114438 0.01533014 0.0184949 0.0239037 0.03118626 0.04292551 8.655835e-20 18.89571 28.34588 36.70263 54.87602 70.41109 99.21561 126.2819 79 
0.05437321 0.0268877 0.02454052 0.01227916 0.01555996 0.02166991 0.02787792 0.0366378 0.05232242 1.758895e-05 19.00934 27.76723 45.07299 61.53083 88.35576 121.5942 168.7375 80 
0.04888827 0.02638866 0.02371463 0.01129343 0.01526754 0.02040671 0.02619102 0.03608002 0.05579972 4.172097e-05 18.34756 27.83911 40.83389 55.00268 78.47349 104.545 132.7439 81 
0.04528276 0.02738584 0.0241541 0.01193747 0.01391046 0.0191206 0.02426445 0.03152352 0.04515523 2.57893e-23 19.00721 23.62911 37.57688 47.30669 63.87201 83.90815 106.338 82 
0.0537963 0.0271152 0.02488795 0.01194361 0.01632109 0.02084663 0.02560669 0.03188149 0.04703262 1.280485e-13 18.73582 29.46478 41.92823 57.44803 83.60468 120.7701 155.5643 83 
5.401499e-13 0.0228326 0.01572579 0.01196835 0.01713891 0.02264114 0.02889351 0.03794759 0.05801457 4.480087e-15 18.46639 24.27856 29.39367 31.63548 34.62281 36.75467 0.0001471835 84 
0.05931957 0.02718633 0.02537589 0.01404027 0.01732813 0.022084 0.02802256 0.03807169 0.05752343 1.506746e-05 21.24816 32.14446 49.74278 73.56845 109.3648 151.1862 203.5419 85 
0.04937567 0.02841101 0.0253653 0.01192221 0.01503899 0.01940688 0.02450077 0.03231009 0.04654345 0 19.17564 26.78138 38.46799 51.20743 70.39238 91.21389 118.1653 86 
0.04789879 0.02845072 0.02465216 0.01231421 0.0154811 0.02041783 0.0264813 0.03641775 0.05478861 7.953591e-16 19.06835 26.17672 38.03318 50.37934 68.21873 85.85973 107.5587 87 
0.05642674 0.02707363 0.02503822 0.01197735 0.01697666 0.02088363 0.0259034 0.03524061 0.05237301 5.483539e-17 18.01052 29.67316 40.36549 60.17104 90.38755 123.4027 172.0824 88 
2.108541e-14 0.0218367 0.01453787 0.01192538 0.01682135 0.02169787 0.02892174 0.03917049 0.05400414 0 17.56024 22.86571 26.97372 30.9255 31.51998 32.02112 1.206082e-05 89 
0.04787238 0.02968883 0.02590175 0.01020297 0.01401063 0.01715771 0.02202714 0.02933481 0.04297088 1.321153e-05 16.55849 24.72075 31.37123 43.58643 57.20008 75.80091 92.68906 90 
0.05235713 0.02985989 0.02568733 0.01137896 0.01313048 0.0187572 0.02320229 0.03052667 0.04502785 2.202054e-15 17.702 22.60649 38.06006 47.33922 68.47297 90.58173 116.6566 91 
0.04588071 0.02811255 0.02444841 0.0107132 0.01561357 0.01863589 0.02332119 0.03133933 0.04593948 1.338708e-05 16.91759 27.04464 32.47686 45.96437 62.1652 80.75827 101.2308 92 
0.05802262 0.02766303 0.0248201 0.01428018 0.01742021 0.02055295 0.02620591 0.0353345 0.05322602 0 22.53141 34.19974 48.41653 77.68462 109.3474 152.383 197.2416 93 
0.05097287 0.02811764 0.02501808 0.01145747 0.01512763 0.01932104 0.02493151 0.03351663 0.04892403 2.314722e-16 17.73672 26.16806 36.87441 51.76589 71.50852 95.58556 125.357 94 
0.05270139 0.02795126 0.0256795 0.01189125 0.01533816 0.01895339 0.02638423 0.0358568 0.05098627 1.945239e-16 18.62812 26.87463 37.19214 57.71405 74.51184 100.4283 134.3849 95 
0.06035561 0.02832111 0.02632167 0.01218662 0.01657318 0.02043332 0.02738672 0.03674692 0.05329167 1.870179e-14 18.64411 30.29863 42.59054 67.05387 92.43662 132.4183 176.8855 96 
0.05118456 0.03008787 0.02625282 0.01012204 0.01462955 0.01821564 0.02440111 0.03266599 0.04605164 0 16.89555 26.8614 34.3156 49.46278 62.38866 82.0433 107.1274 97 
0.05424891 0.02896013 0.02545978 0.01117689 0.0136079 0.01915487 0.02472659 0.03235795 0.04640073 4.535351e-24 17.46144 24.24548 39.69319 53.63492 73.88889 103.9936 135.8975 98 
0.05587354 0.02905842 0.02607713 0.01085373 0.0156279 0.02035885 0.02489014 0.03184063 0.04678472 1.978692e-05 16.87771 27.81294 39.28135 51.13935 77.64086 105.0422 139.8458 99 
1.526218e-13 0.02253547 0.0151747 0.01278455 0.01767962 0.02285009 0.02926048 0.03870553 0.05722098 1.833648e-18 19.50329 24.40195 28.96779 31.39569 33.83744 34.77786 7.996501e-05 100 
