0.8839336 0.2088263 0.919713 0.1264673 0.09178677 0.1460254 0.1999143 0.2718395 0.5045093 1 158.0652 297.7843 363.4331 466.0457 581.2366 697.9448 865.8242 1249.851 1 
0.8846394 0.198567 0.9009196 0.1420211 0.1455378 0.1921055 0.345244 0.2488409 0.4496273 0.9999999 171.2704 322.783 436.1317 555.6588 738.1501 769.3704 838.5647 1205.951 2 
0.9774199 0.1505403 0.9065762 0.1919697 0.1129127 0.2602056 0.337467 0.229558 0.6689146 1 239.2244 473.0471 576.0611 795.4788 1000.519 1078.43 1279.708 1246.157 3 
0.9090532 0.1967926 0.9142683 0.0982568 0.1525782 0.2192723 0.4480307 2.877854e-07 0.5247229 1 116.907 223.1818 366.5859 532.609 802.1998 729.2424 868.5115 1189.811 4 
1 0.158932 0.9002003 0.1526656 0.1637696 0.2445932 0.1487432 0.156511 0.6417569 0.9999999 176.253 352.506 512.7137 712.8014 804.7181 887.0489 1171.801 1154.504 5 
0.8863263 0.1949924 0.9032709 0.1239685 0.1455391 0.1734732 0.2155079 0.2724478 0.4263184 1 159.0189 299.9615 429.4085 547.1602 655.9913 751.0427 858.7736 1282.736 6 
0.8881046 0.1977417 0.9004516 0.1312613 0.1331541 0.1179979 0.2697246 0.2912255 0.5883851 1 161.8687 305.6251 414.0766 477.3234 644.8396 746.883 912.7603 1233.18 7 
0.9309351 0.179905 0.899584 0.07789662 0.1513904 0.2592695 0.1896157 0.2839114 0.2725161 1 100.0828 193.2534 359.2636 595.1144 695.2221 818.5482 879.7864 1284.816 8 
0.8854978 0.206993 0.8840858 0.1261474 0.1738132 0.1592496 0.2171812 0.2407151 0.5157889 1 154.6343 291.5626 444.3646 534.4199 634.8246 702.3446 850.037 1225.822 9 
0.9545249 0.1786134 0.918298 0.1240697 0.0696634 0.1942001 0.177563 0.3648888 0.2160917 1 162.4148 317.4438 382.8873 572.6416 699.234 925.4008 980.3439 1309.061 10 
0.8994944 0.1738877 0.8951417 0.1070654 0.1890755 0.1827612 0.1954863 0.4593732 0.3290264 1 143.806 273.1586 472.4731 602.7379 697.5387 921.1809 942.3437 1343.16 11 
0.9002092 0.1799972 0.9005014 0.113826 0.2114822 0.1580865 0.16811 0.4619197 0.4823745 1 144.4829 274.5477 485.0357 576.8504 644.8214 867.4235 942.1016 1269.331 12 
0.9140831 0.191743 0.8850119 0.1404361 0.1713992 0.133901 0.2500059 0.2961999 0.3765798 1 172.1525 329.5142 481.805 557.3173 698.4839 806.4566 887.4791 1225.842 13 
0.8315788 0.2370276 0.8990924 0.08548312 0.1899572 0.1749859 0.2514481 0.23846 0.6086214 1 101.2743 185.4919 360.0612 452.9948 558.7667 593.9046 745.0914 1184.729 14 
0.9391203 0.1756693 0.9127424 0.1434475 0.1320303 0.1344163 0.3049445 0.2059889 0.4992506 1 182.2139 353.3347 475.4773 573.4706 787.832 856.905 1029.964 1270.248 15 
0.8917066 0.1877959 0.9014547 0.1129904 0.1488618 0.1582877 0.290537 0.3955946 0.372566 0.9999999 149.1346 282.1189 425.8475 537.4603 722.9426 880.054 918.7454 1319.887 16 
0.9047985 0.2281063 0.8869639 0.1207741 0.1314258 0.1716517 0.2738996 0.392043 0.393185 0.9999997 127.1735 242.24 340.8541 446.4359 586.3807 720.1719 767.2243 1052.987 17 
0.9291829 0.193886 0.8853592 0.1522883 0.1084921 0.2580776 0.1723557 0.4447335 0.4276713 1 175.4155 338.4086 420.3805 615.27 683.0148 872.3717 937.53 1151.865 18 
0.8627932 0.2319575 0.890701 0.1212117 0.1025626 0.2025878 0.1824292 0.4222234 0.5453532 1 137.9907 257.0481 324.3866 461.7677 529.0183 703.5739 791.4721 1138.427 19 
0.9318476 0.1913518 0.8986553 0.09379353 0.166643 0.1683243 0.1357938 0.3357511 0.5191627 1 115.0082 222.1784 392.2063 521.3459 590.3948 773.6197 950.4154 1226.185 20 
0.8013124 0.2409296 0.9048558 0.1078136 0.1525871 0.08612047 0.2776221 0.4631866 0.4154953 1 128.6919 231.8144 348.2549 356.7813 514.8595 688.5181 684.6017 1193.652 21 
0.8710469 0.2136535 0.8687251 0.1111254 0.1412566 0.1425498 0.2509261 0.4324967 0.5134638 1 126.4044 236.5086 348.833 427.6211 559.2913 728.3645 796.9439 1137.494 22 
0.7987252 0.2422628 0.9201028 0.1071102 0.1335796 0.193461 0.1705548 0.3051883 0.4794264 1 132.1107 237.6309 336.9129 453.6991 493.6381 589.0929 683.159 1233.41 23 
0.9588108 0.1651522 0.9133281 0.1633618 0.139551 0.1442498 0.3790631 0.377314 0.3356721 1 199.8826 391.5323 518.2603 623.9717 883.9943 1024.181 1079.824 1223.558 24 
0.9263059 0.1903276 0.9046311 0.1246775 0.1576966 0.1751413 0.2562591 0.3002532 0.4326033 1 147.16 283.4751 425.5113 546.5683 690.2383 799.6695 902.3493 1180.325 25 
0.8958262 0.190101 0.8963795 0.1217769 0.1489914 0.1999919 0.2230932 0.2372754 0.3892855 1 157.8494 299.255 437.6875 585.8363 697.7084 767.8927 866.6772 1296.217 26 
0.9649495 0.1871201 0.895049 0.1306902 0.1883189 0.07448945 0.3531308 0.394224 0.6741163 1 144.3481 283.6366 454.5109 496.6328 733.935 892.1472 1051.411 1104.506 27 
0.9999985 0.1509728 0.888261 0.1491061 0.1736522 0.2964112 0.1467518 0.5414783 0.0430784 0.9999999 165.6683 331.3363 495.508 727.0743 807.7381 1061.692 1070.955 1111.076 28 
0.8262043 0.2322833 0.898453 0.1104658 0.1613199 0.203405 0.2201108 0.4614717 0.4419813 1 129.1783 235.906 362.7143 477.1287 547.1733 702.1898 709.1563 1169.396 29 
0.8636157 0.1993979 0.886425 0.1205772 0.1307642 0.1258753 0.230007 0.3628448 0.2739789 1 155.5048 289.8013 398.5852 468.3195 602.6594 761.2321 773.2461 1289.67 30 
0.9269113 0.1911088 0.8997094 0.1309654 0.193611 0.1531415 0.1751412 0.5582811 0.1886119 1 151.7917 292.4891 466.1222 556.4384 636.2372 906.4853 887.5007 1159.021 31 
0.9534982 0.1772338 0.893152 0.08227377 0.2334787 0.1958678 0.1681382 0.30763 0.5567709 1 101.5951 198.4659 453.826 602.8644 692.2774 838.8394 1023.829 1234.842 32 
0.8760786 0.2055183 0.9072292 0.1175053 0.2032015 0.2242821 0.1971437 0.4572676 0.7635544 1 131.4105 246.5364 416.5302 541.2845 594.4675 744.7473 855.4126 1118.337 33 
0.8468223 0.2415813 0.9197814 0.1036825 0.1131823 0.1835771 0.1564681 0.3557797 0.4206437 1 120.0716 221.7509 305.2667 427.4921 479.6003 631.6789 706.7092 1158.07 34 
0.8097209 0.2489907 0.8944737 0.1256463 0.1042166 0.1506588 0.2134844 0.3799539 0.2167576 1 144.6153 261.7134 316.7938 392.3301 481.1347 618.3949 581.6635 1150.972 35 
0.8434215 0.2224529 0.9025618 0.1195159 0.1372098 0.2318419 0.1536253 0.4527184 0.586523 1 134.8922 248.6631 346.0818 490.676 515.0282 686.7509 758.1562 1128.655 36 
0.8938538 0.2091545 0.9043222 0.09696428 0.1388408 0.1229756 0.2933552 0.1412368 0.4743768 1 119.5627 226.4343 356.998 437.025 637.3415 653.6232 826.3365 1233.06 37 
0.9277438 0.1763662 0.921646 0.1221143 0.1873663 0.2247119 0.4334338 1.287823e-13 0.4301829 1 153.1346 295.2043 480.144 646.4829 900.3959 835.3367 944.0251 1254.027 38 
0.8940273 0.2278122 0.8988478 0.09287523 0.1668494 0.1865893 0.1701274 0.315965 0.4041536 1 109.7701 207.9076 364.7608 492.7777 564.1682 694.8993 787.9533 1181.909 39 
0.9368772 0.2027887 0.8862723 0.1489566 0.2193295 0.139873 0.1857141 0.4118388 0.5413323 1 167.7173 324.8479 514.5108 586.6671 669.1288 842.6681 956.2925 1125.948 40 
0.9227188 0.1935843 0.8997614 0.1120608 0.09305565 0.2382938 0.1857115 0.3281843 0.4588846 1 139.5166 268.2512 350.3926 562.2316 660.6097 813.6459 942.4811 1245.008 41 
0.9710677 0.1683239 0.9036518 0.1421678 0.1690377 0.1801622 0.1616865 0.4345757 0.6018563 1 172.3494 339.7124 505.674 646.7319 742.5703 979.1886 1152.971 1212.296 42 
0.9061957 0.1845835 0.9240815 0.1276354 0.2263084 0.2006483 0.1783068 0.3224981 0.443708 1 151.734 289.2347 496.8019 611.1951 668.2249 775.5048 861.1875 1188.808 43 
0.9246563 0.191859 0.8873451 0.09070272 0.1867131 0.2155201 0.2063352 0.2695749 0.4046122 1 109.488 210.7268 399.7898 562.0586 664.2055 763.9902 870.6874 1207.108 44 
0.8846505 0.191895 0.9258847 0.1393371 0.1223421 0.2129798 0.3128642 0.2630972 0.5807159 1 177.2205 333.9987 429.3954 584.4828 753.6263 803.3901 933.0544 1271.883 45 
0.9337667 0.1945173 0.8814564 0.1197222 0.1988591 0.1841215 0.1121069 0.3606776 0.4227352 1 143.9913 278.4455 470.5393 595.5427 633.6776 813.32 925.5109 1202.711 46 
0.8709279 0.1995009 0.9101852 0.1131123 0.09783597 0.269693 0.1232754 0.3368029 0.3301722 1 140.3841 262.6485 336.4378 560.8261 577.8404 717.4016 764.029 1241.103 47 
0.9999986 0.1581202 0.8640332 0.1261574 0.1250901 0.1545808 0.2603455 0.4139693 0.3490463 0.9999999 151.8466 303.6929 435.2599 577.5067 780.046 1018.254 1135.957 1203.628 48 
0.9436886 0.1837063 0.92768 0.1532515 0.14029 0.1640388 0.2665464 0.3071742 0.5979852 1 179.6936 349.2684 468.887 582.5003 739.8913 858.9869 1027.44 1172.54 49 
0.9302767 0.2084429 0.8630892 0.1258365 0.1243189 0.1679745 0.2924086 0.4608811 0.3989496 1 143.9702 277.9023 382.8617 503.2792 681.2633 871.3996 921.5414 1144.105 50 
0.9464693 0.1752082 0.8969595 0.1339986 0.1057888 0.1297428 0.3169067 0.2480965 0.6907832 1 159.8596 311.1618 403.7992 502.0453 729.9569 827.1347 1068.11 1192.995 51 
0.9247482 0.1896495 0.9027491 0.1087322 0.1478831 0.1750106 0.2172218 0.3266106 0.5263193 1 137.1337 263.9478 410.3164 547.0715 677.5538 828.5941 985.4688 1261.205 52 
0.9480845 0.1588496 0.9056918 0.1552425 0.1578175 0.182298 0.09985131 0.4406962 0.5541374 1 201.5094 392.5574 545.2277 685.2688 725.0928 987.0009 1146.428 1298.03 53 
0.8482662 0.2200198 0.895885 0.1168688 0.1727009 0.09578383 0.2434629 0.4421904 0.3057658 1 136.3826 252.0713 391.8072 414.0227 538.8966 715.0329 706.0159 1166.972 54 
0.9150564 0.1817113 0.9183026 0.1347895 0.1365047 0.2540675 0.1368243 0.318285 0.531361 1 176.1501 337.3373 463.029 671.758 714.345 853.7551 1008.953 1306.853 55 
0.9197748 0.1979394 0.9080429 0.1626496 0.07194649 0.224879 0.265354 0.4080993 0.6680076 1 186.9813 358.9619 399.4208 568.2746 706.4317 857.3635 989.7235 1149.595 56 
0.9040996 0.2065165 0.9040739 0.07863946 0.2172932 0.1235257 0.1876213 0.398822 0.5818046 1 92.02637 175.2274 392.7096 459.2942 554.0261 740.5447 879.6999 1170.231 57 
0.9409131 0.1803231 0.8842432 0.1185487 0.187679 0.240735 0.4439505 7.818688e-09 0.9999982 0.9998727 133.1354 258.4042 428.9209 597.1579 832.9245 783.7096 1076.894 1123.044 58 
0.8381167 0.2349232 0.9044934 0.1229336 0.1597883 0.216086 0.166149 0.2863738 0.6273631 1 136.2464 250.4367 365.2167 482.577 510.8313 581.0214 725.9771 1108.292 59 
1 0.1769084 0.8863515 0.1315091 0.1432668 0.1436897 0.2733842 0.2806028 0.4955348 0.9999999 147.0347 294.0693 433.1845 552.721 747.4718 892.7173 1077.242 1118.057 60 
0.8832801 0.207611 0.8974493 0.1055747 0.1392949 0.1541705 0.3068003 0.2901178 0.3981359 1 120.4496 226.8404 342.5064 437.9375 614.7417 692.3923 757.1232 1140.895 61 
0.8620558 0.2334524 0.9124986 0.1118615 0.1165512 0.189779 0.1662733 0.2675408 0.4951178 1 124.2558 231.3713 314.438 436.4672 493.6743 583.0875 716.1636 1110.801 62 
0.9268754 0.1835772 0.9128801 0.1181312 0.1253255 0.1573034 0.2977519 0.2429422 0.3962492 1 141.673 272.9861 385.5698 502.8912 698.2299 780.1677 887.3405 1199.284 63 
0.9013536 0.1889553 0.9135823 0.1338612 0.1362931 0.1757503 0.2382407 0.3339393 0.4842921 1 164.1037 312.0192 425.9584 545.12 671.437 797.4944 904.5687 1225.924 64 
0.9136955 0.2122652 0.8911108 0.08717773 0.1747973 0.1695087 0.2542993 0.3601326 0.36134 1 94.25128 180.3682 337.3071 446.2409 579.7205 711.3193 766.5388 1081.139 65 
0.9066114 0.196642 0.90885 0.1109185 0.1386887 0.2056615 0.3263648 0.2036501 0.5697893 1 127.1706 242.465 361.1942 508.0294 688.1963 719.6019 865.5727 1146.523 66 
0.8996383 0.2038761 0.8873548 0.1248668 0.1684099 0.2047574 0.1859922 0.4399319 0.6774522 0.9999997 142.2832 270.2867 411.098 539.6364 608.1324 783.2578 908.3237 1139.48 67 
0.8554858 0.2053102 0.8843651 0.09337148 0.1236037 0.2070487 0.209444 0.4038131 0.1908994 1 121.7918 225.983 339.4975 505.0238 604.1674 779.2141 740.5502 1304.38 68 
0.9585421 0.1882444 0.8841354 0.1050822 0.1434718 0.3230986 0.1758517 0.2881648 0.3080551 1 122.226 239.3848 378.8033 651.1667 730.299 843.3504 917.4551 1163.147 69 
0.9809805 0.1579673 0.8800773 0.1738214 0.2259536 0.1351577 0.385382 0.4825664 1 1 189.9917 376.3698 573.2558 656.8269 877.3047 1039.915 1212.388 1093.028 70 
0.8775949 0.1987003 0.9244654 0.1248395 0.1158206 0.1703242 0.1400911 0.3540371 0.4409698 1 166.1186 311.9034 408.6023 533.9635 588.2813 776.3508 890.5744 1330.657 71 
1 0.161646 0.8987822 0.170583 0.1703539 0.2403343 0.3640882 0.6847889 0.9999997 0.9999991 185.6769 371.3537 525.1505 705.1634 912.3288 1160.108 1274.161 1088.484 72 
0.9551989 0.1697308 0.9035444 0.1335613 0.1689196 0.2167613 0.3148608 0.2463575 0.9999835 0.9984686 159.1286 311.1282 471.5648 636.4028 819.4647 896.1711 1202.982 1191.428 73 
0.9466056 0.1752613 0.9086966 0.1318527 0.1739357 0.2478907 0.1709895 0.3311762 0.558079 1 154.1074 299.9863 460.4573 643.6506 717.0767 851.8668 1001.452 1168.784 74 
0.8865601 0.2068001 0.9114325 0.1056446 0.1849791 0.1143297 0.2416898 0.3596841 0.6218563 1 125.7586 237.2512 407.2728 460.2757 593.7997 736.0481 884.5961 1190.394 75 
0.8985556 0.1848501 0.8736101 0.1639744 0.1319895 0.2193147 0.2096286 0.2144978 0.7518504 0.9999994 200.2147 380.1187 476.2923 622.3017 704.1803 750.0173 996.8192 1221.012 76 
0.90156 0.1933548 0.9142662 0.08645991 0.1393896 0.2529409 0.1639439 0.5066491 0.3277744 0.9999997 103.4643 196.7436 329.7581 535.2704 597.8069 836.6785 849.3394 1196.674 77 
0.8795504 0.2163238 0.9044575 0.1012671 0.1000166 0.2298833 0.1789205 0.3135062 0.6560376 1 120.2209 225.9612 305.4566 489.4061 562.7676 685.3376 876.2427 1187.167 78 
0.8727636 0.2043534 0.9140551 0.1265482 0.09394909 0.1432881 0.25362 0.3009057 0.1368785 1 171.3116 320.8262 391.0922 494.8396 664.6553 786.2199 751.7365 1353.726 79 
0.8779256 0.1968851 0.8877422 0.1060565 0.1448387 0.1712899 0.1776026 0.4750127 0.3130643 0.9999999 137.1685 257.5923 393.6072 514.9164 597.5799 844.7155 852.3469 1293.354 80 
0.8825844 0.2214595 0.9086499 0.1228869 0.111627 0.1800531 0.2231292 0.3726168 0.4611528 1 140.0178 263.5953 344.2036 463.6449 571.6375 715.248 794.8885 1139.404 81 
0.8042325 0.2370665 0.8760277 0.09909422 0.1524972 0.1579863 0.3054433 0.3478689 0.5248478 1 113.9143 205.5278 323.2245 398.6136 546.3135 617.9266 672.646 1149.555 82 
0.8394355 0.2436944 0.8901299 0.1111029 0.1669526 0.1785595 0.2004247 0.2073364 0.4079841 1 139.5485 256.6905 401.8745 503.4226 575.7166 609.9348 709.5562 1256.029 83 
0.8961361 0.2007006 0.9040691 0.154481 0.1335742 0.1753814 0.2095846 0.2491568 0.4191773 1 189.3876 359.1046 460.2659 569.9732 665.9921 742.6716 849.776 1225.96 84 
0.8826226 0.2064215 0.8781158 0.07978308 0.1473548 0.2002117 0.1135956 0.3633873 0.4692877 1 96.9135 182.4515 325.7488 478.3322 508.777 694.5904 814.9227 1214.712 85 
0.909113 0.2109724 0.8799446 0.1087378 0.1377231 0.1391452 0.1767586 0.4152013 0.5735796 1 123.2759 235.3476 353.1161 442.2546 534.634 742.4117 882.0489 1133.698 86 
0.9999968 0.1634763 0.8691405 0.1871715 0.3028053 0.1061621 0.2848984 0.4342396 0.3326945 0.9999995 201.9581 403.9155 669.4872 734.3999 890.11 1059.826 1133.389 1079 87 
0.9475285 0.1842738 0.8955793 0.1167464 0.2062529 0.05122729 0.3246602 0.2439649 0.5761588 0.9999999 146.5666 285.4426 499.1709 518.0666 761.9959 859.5979 1060.15 1255.428 88 
0.8726425 0.2347816 0.9234569 0.1351151 0.1233198 0.2084621 0.1216844 0.3363228 0.6241839 1 149.1142 279.2375 361.3826 489.7961 508.0144 638.971 798.5873 1103.609 89 
0.9999994 0.1492786 0.9056254 0.1762699 0.1354889 0.2783884 0.2550222 0.3243374 0.9999999 0.9999975 207.7557 415.5112 547.0527 780.7107 935.1687 1081.512 1386.376 1178.623 90 
0.8587593 0.2069055 0.8964852 0.1377468 0.1373061 0.171058 0.1948967 0.218627 0.4137387 1 178.8632 332.4636 439.2382 542.4244 621.8605 674.9608 788.0258 1298.493 91 
0.8888826 0.2254398 0.9129718 0.1007328 0.1012751 0.1818527 0.2397661 0.2451859 0.438463 1 119.7997 226.2875 309.4549 449.8605 588.4202 669.6164 793.0676 1189.282 92 
0.9999993 0.1564746 0.8994381 0.1636091 0.2192331 0.2380618 0.1106557 0.5032284 0.9999991 0.9999953 179.0257 358.0513 558.6938 728.8028 789.0488 1032.713 1273.251 1094.228 93 
0.921848 0.1912083 0.8829223 0.1490766 0.1446833 0.1345606 0.245351 0.2094211 0.5880259 1 183.1 351.8904 475.602 558.7185 704.8642 772.0416 983.1111 1228.228 94 
0.8696832 0.2074004 0.9061325 0.1316408 0.1418471 0.1830372 0.2867598 0.2270274 0.5358482 1 154.3287 288.5458 395.3463 503.7301 642.7493 674.556 797.4954 1172.347 95 
1 0.1493503 0.9031263 0.1422796 0.1537955 0.1609524 0.2717883 0.2815544 0.2371367 1 180.8536 361.7071 529.3842 677.8762 888.2651 1046.978 1143.016 1271.114 96 
0.8889113 0.2051881 0.8925736 0.1026383 0.1479455 0.2398779 0.1446609 0.2279257 0.7494761 1 121.8714 230.2042 362.2694 539.8051 579.669 649.8115 919.1839 1187.387 97 
1 0.1569647 0.8900029 0.1127439 0.189375 0.1768354 0.3373596 0.375532 0.2077617 1 133.845 267.69 467.1615 618.1512 855.2656 1030.166 1090.591 1187.16 98 
0.8576696 0.2249503 0.9134637 0.1177459 0.138952 0.1706969 0.1455642 0.3462211 0.4153115 1 151.179 280.8406 398.2683 508.0743 553.5028 714.0062 800.0383 1283.943 99 
0.9068532 0.2106716 0.8622799 0.08014883 0.1852667 0.120147 0.2370382 0.2828582 0.5479018 1 90.21655 172.0297 347.8302 416.7836 553.8958 662.4805 823.2791 1125.613 100 
