0.03927077 0.02279713 0.01294044 0.02422939 0.0329396 0.04190058 0.05491063 0.07389317 0.110528 5.34657e-06 30.28312 36.70876 47.66822 58.31523 68.73663 84.30169 78.17084 1 
0.04019122 0.02188817 0.0145311 0.02768611 0.03994761 0.05357593 0.07663783 0.1170869 0.1505833 1.68422e-05 33.38809 45.75104 58.16965 76.57664 77.65032 90.08012 91.11977 2 
0.04222383 0.01763627 0.01391538 0.04063861 0.05398059 0.07569592 0.1133975 0.1752361 0.2407317 2.302253e-05 50.64208 63.12943 95.82474 122.3547 133.1457 168.8876 164.6873 3 
0.03624239 0.01967378 0.01328741 0.02220642 0.03706956 0.05383619 0.06408031 1.791678e-05 0.1368325 1.427837e-05 26.42145 42.33779 56.67087 59.78735 68.51887 86.84604 81.21605 4 
0 0.0112605 0.01430575 0.02992861 0.05143906 0.07495812 0.1081022 0.1280777 0.1705583 1.849278e-05 34.55269 47.40988 60.28376 63.33731 65.82882 82.11337 4.456119e-06 5 
0.03993353 0.02190229 0.01469032 0.0247191 0.03732979 0.05010811 0.06552882 0.08707984 0.1233336 6.792166e-06 31.70808 45.42789 56.08815 65.9775 75.51152 87.92128 88.17172 6 
0.04142028 0.0223306 0.0150401 0.02611325 0.03768755 0.04756553 0.0622056 0.08959514 0.1370757 0 32.20233 43.99681 50.36839 69.37291 77.84265 96.14985 87.13835 7 
0.04429003 0.02115368 0.01509967 0.02003306 0.03634924 0.05723123 0.08081829 0.1020244 0.1464753 1.071932e-14 25.73879 46.60032 69.30985 73.31327 86.09085 93.63213 105.198 8 
0.03965611 0.02224998 0.01609184 0.02476935 0.03906955 0.0518925 0.06552435 0.08616507 0.1201181 0 30.36281 46.19152 52.95346 62.9042 70.29568 87.79366 84.28905 9 
0.04096578 0.02015538 0.0129289 0.02595988 0.03524635 0.04842954 0.06685851 0.09124457 0.1527717 5.058067e-06 33.98307 40.42404 62.69396 73.16241 96.77653 100.1023 113.4254 10 
0.04536872 0.0210476 0.01590023 0.02427183 0.04216919 0.05744655 0.07429986 0.1045394 0.1909466 8.47191e-06 32.60096 57.342 68.36831 77.92785 104.889 104.7529 110.7963 11 
0.04258608 0.02118035 0.01511298 0.02520227 0.04491838 0.06025361 0.0740864 0.1015697 0.1850238 7.435834e-17 31.99002 57.13984 62.96647 70.55803 97.64122 103.0519 99.3022 12 
0.04038378 0.02123966 0.01604083 0.02779402 0.04278527 0.05610366 0.07031892 0.09866158 0.1425109 3.820229e-06 34.07108 50.4492 56.72692 72.93428 84.14053 95.15248 100.646 13 
0.03810409 0.02464722 0.01461365 0.01855581 0.03403991 0.04560559 0.05904606 0.07932905 0.1119246 0 21.98361 39.65146 43.92125 51.6119 53.80782 69.47208 59.71663 14 
0.04125028 0.02006298 0.01352515 0.02931416 0.04239329 0.0547155 0.07457464 0.1120462 0.1448117 4.810981e-15 37.23626 50.84018 61.66369 86.80413 91.78493 115.5828 114.7488 15 
0.04222824 0.02137939 0.01474983 0.02396411 0.03723482 0.04960603 0.06800119 0.1021285 0.1679013 1.988946e-05 31.6299 48.19403 58.53295 77.61603 91.271 95.21253 98.10127 16 
0.0383395 0.0228716 0.01525994 0.02468778 0.0364166 0.04862754 0.06645146 0.09782908 0.1591257 4.343315e-05 25.99591 36.14196 45.83768 58.46886 69.69196 74.22244 75.82052 17 
0.03910215 0.02061564 0.01555256 0.03013444 0.04117954 0.05911735 0.08276239 0.1084459 0.1929348 4.062447e-14 34.7108 43.29632 65.92374 70.33974 93.51944 100.2497 101.5057 18 
0.03946767 0.02402177 0.01536245 0.02354717 0.0320634 0.04420489 0.05852351 0.08054394 0.1397633 1.665402e-05 26.80673 33.66715 47.59979 51.9052 69.10712 75.04497 69.44483 19 
0.04104938 0.0212542 0.01488571 0.02191054 0.03845614 0.05314517 0.06794458 0.08475328 0.1383905 1.165619e-05 26.86638 46.45986 56.60136 61.43909 81.62023 98.08096 91.55348 20 
0.04041528 0.0261199 0.01477396 0.02090705 0.03186902 0.03863664 0.04951505 0.07767106 0.1356372 0 24.95575 36.73501 36.00047 52.46091 64.05326 60.90827 60.54857 21 
0.04409056 0.02433306 0.01863609 0.02376973 0.03590162 0.04656961 0.06127667 0.09204842 0.1593052 6.662471e-17 27.03791 39.94525 47.16871 61.20906 77.2566 82.46078 78.99992 22 
0.0382107 0.02590821 0.01294362 0.02021274 0.02975349 0.0404138 0.05184618 0.06483724 0.09723214 1.973616e-06 24.93059 34.55239 43.52967 45.13629 54.27469 61.80116 57.78362 23 
0.04037771 0.01873542 0.01333831 0.03401819 0.04859945 0.0629524 0.09122271 0.1486532 0.2403298 8.404273e-06 41.62323 56.49255 69.50678 102.8345 116.0419 125.4078 131.8149 24 
0.04156029 0.02121059 0.01415738 0.02667106 0.04154124 0.05635543 0.07545139 0.1060487 0.1543955 1.70046e-14 31.48052 47.72291 59.29865 74.05619 85.12604 98.49534 100.7044 25 
0.04230719 0.02177026 0.01519848 0.02494683 0.03804235 0.0526428 0.07077731 0.09379064 0.1241406 4.083615e-06 32.33651 47.65943 61.80684 71.51661 79.27886 93.2594 98.80907 26 
0.03889012 0.01972266 0.01437033 0.02889357 0.04779638 0.06256897 0.08082338 0.1300123 0.2299851 1.010897e-15 31.91312 52.11566 53.70338 83.55729 97.64679 116.1888 106.1385 27 
NaN 0.0111596 0.0160482 0.0309313 0.05411408 0.08237976 0.1281272 0.1606925 0.3826614 2.026984e-05 34.36704 48.43068 64.37989 66.56482 81.23951 77.79137 0 28 
0.03873983 0.02445981 0.01484113 0.0218929 0.03419073 0.04669392 0.0611179 0.08628709 0.1516049 5.462508e-15 25.60147 38.63237 47.37344 52.19762 66.69717 65.95415 64.57014 29 
0.04362965 0.02367226 0.01702849 0.0240388 0.03495779 0.0444977 0.05689208 0.08169495 0.1310446 4.026929e-06 31.00212 42.82912 49.5178 64.03544 78.45911 78.57289 87.96575 30 
0.03941296 0.02055679 0.01429898 0.02756138 0.0454307 0.06103752 0.07515352 0.1120262 0.2534413 1.10284e-05 31.94422 51.51149 58.42083 67.25954 98.30678 92.14333 99.08019 31 
0.04266755 0.01997052 0.01515704 0.02142214 0.04704891 0.06577777 0.08616549 0.1064448 0.1658261 9.818752e-15 26.45297 59.02843 69.13004 75.81048 93.26917 115.2991 109.477 32 
0.03909862 0.02215606 0.01386177 0.02516553 0.04301981 0.06005034 0.07918426 0.1061392 0.2091446 1.408564e-13 28.14354 47.41478 57.25079 61.09155 78.73847 89.63066 75.22901 33 
0.03738458 0.02486041 0.01272117 0.02055134 0.02976639 0.04069652 0.05256013 0.06835754 0.1082574 2.467063e-15 23.79989 31.95816 42.17933 44.5832 58.00672 62.25383 60.2776 34 
0.03976189 0.02688761 0.01565593 0.02255431 0.03009631 0.03794449 0.04917156 0.06940245 0.1125808 4.568902e-15 25.95937 31.23945 38.73892 46.29336 57.13802 52.77852 61.97953 35 
0.04014704 0.0242094 0.01506411 0.02399049 0.0350076 0.04972 0.06589811 0.08605645 0.1555836 1.966673e-14 27.07698 37.61136 51.26366 51.17959 70.26948 74.80973 67.12104 36 
0.04012026 0.02278972 0.01446044 0.02096927 0.03358928 0.04386283 0.05983885 0.08870739 0.1041102 6.909155e-15 25.85635 39.71311 45.42807 63.9073 61.40801 81.30448 78.14709 37 
0.03732336 0.01841439 0.01225479 0.02633804 0.0443996 0.06360467 0.07357503 0 0.1500626 7.869696e-15 33.02862 54.05762 68.93347 71.85704 85.28334 101.9045 103.4814 38 
0.03708016 0.02252155 0.01385821 0.01990965 0.03433531 0.04764647 0.06162595 0.0776925 0.1168864 7.318283e-15 23.5314 39.37187 47.87359 51.81702 63.85947 71.91613 72.24192 39 
0.03574017 0.01994515 0.01445433 0.02904839 0.04821066 0.06516857 0.07734262 0.1032655 0.1801957 1.565048e-05 32.70697 52.36312 56.54434 66.00665 86.11674 98.09237 94.28821 40 
0.04198601 0.02148826 0.01472292 0.02411967 0.0337839 0.05081557 0.07066433 0.0916499 0.1418272 1.356103e-14 30.02918 39.1479 62.68429 68.39942 84.84807 98.34569 97.99093 41 
0.04134232 0.01884984 0.01405774 0.03113233 0.04846035 0.06631097 0.08617948 0.1156013 0.2152513 2.531004e-13 37.7416 57.99699 73.26883 84.12372 115.7772 135.6745 129.4233 42 
0.03823785 0.02055541 0.0123092 0.02699056 0.04765737 0.06654968 0.08602194 0.1059013 0.1595005 8.814626e-18 32.08661 55.22248 63.16528 68.07404 81.60209 92.472 91.03243 43 
0.04206715 0.02156793 0.01566681 0.02173405 0.04035056 0.05786075 0.07823505 0.1010151 0.1408581 1.938205e-20 26.23535 48.66346 61.74329 68.83802 79.24296 92.61494 95.90924 44 
0.04086729 0.02152999 0.01207736 0.02734678 0.03790701 0.05218109 0.07477479 0.1096857 0.1525578 0 34.7819 45.45538 62.97113 79.18362 82.83642 101.0819 94.3982 45 
0.03845662 0.02058632 0.01572153 0.02523524 0.0434725 0.06023499 0.07727067 0.09042569 0.1468554 1.084902e-14 30.35071 51.13523 60.29326 62.66361 84.3146 95.37222 96.48756 46 
0.04270903 0.02340105 0.01451962 0.02355338 0.0327086 0.05076578 0.07128885 0.08193212 0.1263586 5.129649e-06 29.23218 37.46319 61.0088 57.36125 74.25487 78.60532 84.552 47 
NaN 0.01203637 0.01869584 0.02658849 0.0444508 0.06080528 0.0831886 0.1269317 0.2239105 1.810619e-05 32.00265 43.15979 52.53943 64.7591 77.55563 81.27461 0 48 
0.0380718 0.01962583 0.01155401 0.03081412 0.04479224 0.05894685 0.07878227 0.1128488 0.175069 1.030321e-05 36.1308 49.05627 61.30288 78.85439 91.3515 112.0339 104.5132 49 
0.04033184 0.02137845 0.01710621 0.0260308 0.03760456 0.05012736 0.07022719 0.1098143 0.1978294 1.266225e-05 29.78197 41.19548 53.83183 72.11578 89.95491 94.28221 97.1252 50 
0.04401668 0.02053414 0.01577904 0.02936847 0.04098245 0.05222497 0.07508493 0.1133677 0.1731631 1.598383e-05 35.03644 45.99384 58.50783 86.8591 94.4153 125.907 112.349 51 
0.04017885 0.02080418 0.01413303 0.02373489 0.03787595 0.0520214 0.06903596 0.09432149 0.148274 1.404534e-05 29.93456 46.46438 58.91947 70.6914 85.66032 101.8707 95.98797 52 
0.04459893 0.01933938 0.01462682 0.03299657 0.04846918 0.06541228 0.08518408 0.1057432 0.1958488 6.62702e-15 42.83054 61.85017 78.94328 84.1688 123.4086 141.2483 137.5259 53 
0.04013079 0.02425147 0.01553227 0.02329463 0.03699796 0.04672709 0.05605112 0.08486047 0.1493161 6.141403e-15 27.18418 41.60427 41.60639 55.50838 70.48875 67.32443 71.11942 54 
0.0411738 0.02033151 0.01273324 0.02731933 0.03982471 0.05827693 0.08130479 0.09456909 0.1478706 7.790913e-06 35.70235 49.84416 72.38973 73.46113 92.49697 111.0513 107.3564 55 
0.0389982 0.02082987 0.01333476 0.03115733 0.03981277 0.05322904 0.07569577 0.1106159 0.1976431 1.557578e-05 35.81832 39.51842 61.39386 74.89492 91.19904 106.283 96.99303 56 
0.03951001 0.02205101 0.0140411 0.01939409 0.04057324 0.05392643 0.0639133 0.08839738 0.1543412 0 22.69557 47.37482 48.40744 57.07217 75.19384 86.23471 75.91571 57 
0.03568035 0.01748332 0.0159217 0.02623408 0.04520941 0.06634093 0.07520411 NaN NaN NaN 29.46202 47.67854 61.36691 60.84058 73.59294 70.30828 94.00289 58 
0.0373932 0.02456791 0.01442282 0.02358193 0.03578063 0.04922789 0.06414154 0.07691179 0.1197304 1.45776e-05 26.13567 37.47879 46.74365 47.74199 56.28512 70.48143 60.23902 59 
8.970076e-08 0.01211879 0.01533636 0.02657139 0.04493934 0.06141617 0.08179801 0.1216638 0.178527 2.347889e-05 29.70833 40.83916 47.64741 58.68557 64.75227 72.91679 0.0002752107 60 
0.04210608 0.02363758 0.01547336 0.02315656 0.03588785 0.04771403 0.06670006 0.09855485 0.1381372 1.318462e-15 26.41921 39.48147 47.90632 64.94457 69.27549 77.60305 79.3069 61 
0.03850625 0.02472851 0.01377561 0.02236768 0.03228253 0.0441205 0.05765287 0.07163703 0.1054742 1.24193e-15 24.84605 33.11205 43.90761 47.08758 55.8556 68.029 63.13654 62 
0.04255743 0.02139518 0.01394608 0.02600196 0.03877566 0.05184299 0.07290743 0.1081231 0.1436971 4.959693e-17 31.18374 44.2032 56.53638 77.02402 82.49876 96.74696 100.035 63 
0.04162802 0.0215665 0.01365873 0.02729766 0.03968738 0.05297979 0.07057475 0.09819771 0.1517744 7.284254e-15 33.46487 46.26176 58.9315 72.01529 85.3819 97.92912 95.72349 64 
0.03981001 0.0227326 0.01542796 0.02104105 0.0382499 0.05258723 0.06998685 0.09981535 0.1566782 1.000102e-05 22.74831 40.70559 48.31067 59.55975 70.53371 75.50315 77.07404 65 
0.04241153 0.02230884 0.01387108 0.02479327 0.03806742 0.05374588 0.07811972 0.1179876 0.1496307 6.545698e-14 28.42606 42.48476 57.47253 74.41322 74.63609 95.12221 89.37197 66 
0.04112093 0.02202554 0.01560276 0.02623246 0.04103213 0.0565606 0.07415256 0.1005052 0.1885674 5.256154e-05 29.89136 46.00158 58.14722 64.19711 85.17185 97.61932 87.24365 67 
0.04392566 0.02390801 0.01689793 0.02032708 0.03112856 0.04478505 0.06049591 0.08376886 0.1459966 7.287146e-06 26.51423 39.36376 54.6564 60.73612 77.15401 71.78796 84.85856 68 
0.04023965 0.02022962 0.0154112 0.02450428 0.03960504 0.0663485 0.09866509 0.1185707 0.16865 1.169202e-05 28.50209 45.06061 73.66339 74.86017 88.04513 98.52007 107.9816 69 
0.04018268 0.01709443 0.016773 0.03728908 0.06144624 0.08572933 0.109966 0.1850856 1.929308e-12 0 40.75801 64.13396 71.22685 99.84116 117.6935 102.0853 141.9175 70 
0.03978999 0.02200106 0.01266433 0.02403311 0.03413347 0.04523632 0.05788177 0.07428634 0.1200086 0 31.97983 41.91012 54.32052 58.60092 78.57588 87.15582 84.77446 71 
1.607941e-15 0.01063615 0.01398495 0.03169445 0.05486443 0.07842981 0.1149918 0.1956282 2.231729e-12 3.469382e-14 34.4989 45.29825 54.85345 63.80419 73.15308 2.355817e-05 5.568117e-08 72 
0.03747232 0.01760468 0.01422934 0.02849287 0.04612617 0.06563382 0.09298824 0.1420529 NaN 0.3883968 33.9472 51.18756 66.1507 82.35249 88.01632 80.81913 110.7233 73 
0.04156591 0.01996883 0.01386075 0.02932109 0.04677578 0.06823509 0.0947772 0.1164513 0.1845444 1.606092e-05 34.27004 53.90883 73.52506 78.94481 97.35079 117.1258 112.9778 74 
0.03962698 0.02227382 0.01348273 0.02273656 0.03902247 0.05072485 0.06217288 0.08894108 0.1494722 1.483035e-14 27.06546 45.64175 47.64501 61.76475 74.56115 88.43715 77.14822 75 
0.04361275 0.02159874 0.01774813 0.03189993 0.04335742 0.05871211 0.07910845 0.1015224 0.1554359 7.620218e-05 38.95019 50.07993 68.59855 77.79237 86.49027 120.7454 104.5269 76 
0.04137101 0.02195741 0.01354533 0.02107638 0.03526436 0.05466125 0.07543621 0.103816 0.2026116 4.147286e-05 25.22155 41.41892 61.32309 62.42204 87.98892 84.82537 85.36985 77 
0.04093625 0.02338564 0.01439695 0.02170885 0.03091758 0.04632069 0.06289474 0.08003017 0.1322436 2.652962e-18 25.77202 34.54687 53.13483 56.10765 68.56261 86.8369 73.67942 78 
0.03985092 0.02267024 0.01336682 0.02350679 0.03201426 0.04057688 0.05525806 0.07923879 0.1189727 1.053826e-18 31.82176 38.64999 49.55832 64.99516 73.54872 71.1468 88.45896 79 
0.0429868 0.02259979 0.01652549 0.02261164 0.0353011 0.04773069 0.06139796 0.08879071 0.1651425 1.512686e-05 29.24484 44.66636 55.57146 62.74772 88.70927 85.01831 89.85001 80 
0.03772644 0.02292182 0.01365179 0.02418853 0.03410267 0.04564641 0.06116791 0.08554461 0.1378042 1.050562e-14 27.56051 35.64618 47.25229 56.04921 68.77817 75.29841 72.32287 81 
0.04260165 0.02671414 0.0179091 0.02061534 0.03233111 0.04206308 0.05780503 0.08392484 0.127201 3.317089e-15 23.69847 36.39616 41.74602 54.95497 58.79751 65.36541 61.61513 82 
0.03552609 0.02390485 0.01466659 0.02036441 0.03234465 0.04333983 0.05513705 0.06927051 0.08911554 6.199851e-06 25.57829 38.54735 44.55846 49.31834 52.85426 63.79546 64.7164 83 
0.03805106 0.02161636 0.01410395 0.02825877 0.03996391 0.05211208 0.067742 0.0885986 0.1214001 1.438289e-15 34.64413 44.54703 55.73778 65.32886 74.20885 87.78538 89.7915 84 
0.04456963 0.02399517 0.01766976 0.01924614 0.03340519 0.04782857 0.06275298 0.07628282 0.1250204 4.450505e-15 23.37852 40.16955 52.8398 52.29734 73.06425 82.18731 79.27865 85 
0.04255883 0.02299407 0.01679089 0.0236385 0.03632843 0.04761732 0.05971971 0.08526339 0.1517891 1.154946e-15 26.79892 40.009 47.98736 57.40898 79.4873 90.5689 83.27146 86 
NaN 0.01115336 0.01594135 0.03397463 0.06506478 0.1042809 0.1175745 0.1739539 0.310843 6.024513e-05 36.65863 56.70448 57.5439 65.1936 72.99269 74.01137 0 87 
0.03988088 0.01983319 0.01454782 0.02537753 0.04500178 0.05973831 0.07126735 0.1089676 0.1538223 1.989791e-05 31.85965 56.22755 53.62044 83.19437 89.5236 113.9937 107.314 88 
0.03396001 0.0227744 0.01191395 0.02479742 0.03511081 0.04762205 0.06208892 0.07378399 0.1242161 1.352884e-05 27.36665 34.8574 46.14452 46.08495 59.88451 72.74215 61.43244 89 
0.0002302517 0.01043421 0.01366868 0.03229359 0.05449437 0.07627356 0.1180706 0.163806 9.241957e-07 9.024626e-09 38.06195 47.09057 60.93852 66.74287 71.36898 0.6648331 0.9135708 90 
0.04005669 0.0230248 0.0153273 0.02511302 0.03591598 0.0470269 0.0603149 0.07674961 0.1015849 7.069684e-06 32.60908 43.21469 52.96936 60.464 66.99484 80.82617 82.96419 91 
0.03814088 0.02307434 0.01311562 0.02087662 0.03020846 0.04193039 0.05794445 0.07946575 0.1085108 4.004645e-15 24.82818 33.21497 46.00346 55.91219 61.06992 73.20109 71.60885 92 
0.0002355187 0.0108337 0.01382443 0.0314673 0.05728391 0.08694242 0.1235302 0.1400089 NaN NaN 34.43241 49.27736 57.71524 57.68258 68.94143 0.5884892 0.8587784 93 
0.04021659 0.02095497 0.01615242 0.0288885 0.04195641 0.05399522 0.06876607 0.09539171 0.1327219 7.782166e-06 35.48165 48.52241 56.99756 74.03616 81.21558 107.7536 101.2059 94 
0.03979277 0.02300377 0.01432137 0.02589212 0.03777857 0.05043387 0.06892285 0.09828238 0.1298226 4.754388e-15 30.35454 41.72265 52.16322 65.20843 67.17857 83.26113 78.16018 95 
9.397726e-15 0.01088787 0.01409821 0.02839548 0.04882583 0.06808364 0.0916807 0.1355454 0.193712 8.074327e-15 36.0939 49.91629 59.10569 71.52041 78.89812 81.82174 8.665795e-07 96 
0.04108292 0.02262245 0.01561645 0.02255797 0.03603288 0.05307867 0.07214787 0.08304092 0.1347264 8.860382e-06 26.78504 41.71069 58.00844 58.15368 67.53846 97.19458 77.59978 97 
4.611847e-14 0.0112213 0.01561027 0.02529332 0.04724574 0.0704353 0.09820414 0.1593645 0.2632007 1.322367e-22 30.02721 47.84567 56.98255 70.84152 78.64368 78.68709 5.090882e-07 98 
0.03649826 0.02280207 0.01289395 0.02185951 0.03262271 0.04336174 0.05455587 0.06910352 0.1088545 1.01915e-05 28.06637 39.1346 47.67771 50.66054 66.10935 71.95666 70.78489 99 
0.04442948 0.0237382 0.01875409 0.01991087 0.03824612 0.0501947 0.06279904 0.08724117 0.1313655 7.672204e-15 22.41193 43.20984 45.95563 59.79467 69.08181 86.34765 80.71778 100 
