0.9999898 0.1146936 0.2548666 0.1476663 0.1238176 0.2656655 0.1929306 0.307651 0.4950452 0.9999997 218.0497 436.0972 591.9282 884.8855 1041.11 1242.166 1466.156 1476.638 1 
0.9999995 0.1415215 0.2644454 0.1438522 0.1552868 0.2144861 0.4678508 0.3786387 0.9999984 0.9999996 162.5889 325.1777 475.4425 650.7623 951.1577 1080.531 1292.837 1130.25 2 
0.9999999 0.1889713 0.2147165 0.230673 0.1391186 0.1274432 0.5937468 1.932757e-10 1 1 211.7853 423.5706 521.8347 599.329 914.3564 914.3563 1129.904 918.1192 3 
0.9999999 0.1842991 0.2146627 0.1025273 0.1954362 0.2155443 0.243254 0.4271424 0.9999999 1 103.1427 206.2853 382.7367 539.3098 677.9243 862.1167 1109.144 1006.002 4 
0.9999997 0.1855266 0.1804472 0.1473279 0.1920469 0.1793745 0.3769828 0.5588103 1 1 145.6046 291.2091 453.0465 575.1753 785.8073 980.3285 1133.906 988.3025 5 
0.9999992 0.422268 0.1022676 0.1529315 0.08854677 0.192887 0.2875731 0.296314 0.4386675 0.9999996 104.2767 208.5533 259.6956 361.2376 483.4245 573.1195 666.559 681.8526 6 
0.9999992 0.2211017 0.152804 0.1596588 0.09084551 0.2670877 0.2074626 0.2285226 0.4783018 0.9999998 158.3819 316.7637 392.4941 594.9168 710.1548 810.7563 973.1993 992.0021 7 
0.9097233 0.1068715 0.2402161 0.1441594 0.3243613 3.153466e-18 0.3250232 0.4069544 0.9999796 0.998263 252.6822 482.5531 925.569 842.0117 1095.42 1274.932 1565.537 1752.797 8 
1 0.3440448 0.1109569 0.1064414 0.1345815 0.1927181 0.2726399 0.2817324 0.5284887 1 81.4364 162.8728 254.8789 368.8986 499.1169 596.9913 728.8638 765.0824 9 
1 0.1446559 0.211136 0.1315386 0.2062981 0.1524763 0.3227505 0.4978337 0.5936299 0.9999998 159.0637 318.1274 534.78 661.875 889.8801 1128.063 1270.686 1209.255 10 
0.9999971 0.1858942 0.1693948 0.1118857 0.1658309 0.1977015 0.1965267 0.3265448 0.351176 1 123.7842 247.568 410.5062 572.5454 701.776 874.3036 999.2563 1106.345 11 
0.9999997 0.1621783 0.2069333 0.1482048 0.1813366 0.2688029 0.2618507 0.461423 1 1 154.2244 308.4488 469.1841 664.2427 803.18 983.9011 1194.84 1040.617 12 
1 0.1715415 0.2263104 0.1622705 0.2204478 0.1418393 0.3408655 0.328623 0.3410664 0.9999998 174.9698 349.9396 549.068 648.9458 854.9255 985.8176 1077.023 1078.26 13 
0.9999999 0.1644437 0.2189657 0.1634296 0.1298231 0.1452067 0.362167 0.2284017 0.9999999 1 182.5058 365.0117 486.2948 604.3383 856.0051 957.2383 1299.23 1116.724 14 
1 0.2650366 0.1837567 0.1249179 0.18551 0.2274684 0.1053496 0.3615685 0.550305 1 109.4804 218.9609 361.2356 503.3268 554.1656 710.2669 861.9487 876.4187 15 
0.9999997 0.2860768 0.1289791 0.1178971 0.1764979 0.1616251 0.2223619 0.4638088 0.105906 1 101.4302 202.8605 336.8043 437.8125 554.3179 743.2921 766.4287 860.3283 16 
1 0.1499094 0.1737844 0.2229642 0.2336016 1.022424e-05 0.2098518 0.3871101 0.6753072 0.9999999 253.5978 507.1957 713.6515 713.6584 855.7977 1062.976 1284.486 1137.392 17 
1 0.3359686 0.1313041 0.1156258 0.1295799 0.2440928 0.2777907 0.3913214 0.414683 1 86.37624 172.7525 258.3603 398.7256 519.4766 642.3251 721.5644 747.0329 18 
0.976133 0.1293013 0.223312 0.2113189 0.2293463 0.2321716 0.5034808 0.2375941 0.9999412 0.9996865 263.0477 519.8172 732.5698 890.7427 1161.969 1202.768 1393.957 1244.79 19 
0.999991 0.2283633 0.1754344 0.1050358 0.172113 0.1804658 0.2091334 0.7071772 0.9999514 0.9998396 92.01003 184.0192 318.9503 436.0779 547.315 844.8007 967.9698 875.9876 20 
0.9999847 0.117785 0.2226744 0.1932664 0.198237 0.2047794 0.1819352 0.5468079 2.018412e-09 0.9999996 263.2835 526.5629 744.4171 924.8443 1052.312 1365.735 1365.714 1362.282 21 
0.9999996 0.2400376 0.1193539 0.1718973 0.1352952 0.2225759 0.3934566 0.4761394 1 0.9999999 141.7299 283.4597 375.8355 507.2436 687.8356 820.391 966.2318 824.503 22 
0.9999988 0.1033289 0.267862 0.1892359 0.2143092 0.4517876 0.1763044 0.5794543 0.9999998 0.9999998 261.3935 522.7866 762.7944 1160.325 1245.369 1475.603 1642.697 1381.31 23 
0.9999996 0.2288158 0.1795086 0.1120284 0.1495357 0.285684 0.2264657 0.3930588 1 1 100.5764 201.1527 320.3625 514.0532 623.7301 770.9783 998.3515 897.776 24 
0.9999979 0.1303137 0.185558 0.1730804 0.1932704 0.2574574 0.3932845 0.09219341 0.7130853 0.9999996 222.6289 445.2573 650.8275 871.7438 1122.326 1157.963 1408.206 1286.274 25 
0.9999987 0.1681522 0.2357771 0.1594166 0.1496123 0.2068819 0.2627128 0.2339118 1 1 172.5439 345.0876 481.2048 641.2655 802.4713 908.2959 1254.886 1082.346 26 
0.999998 0.2755559 0.1325517 0.150117 0.1369841 0.1568573 0.2881375 0.2176192 0.4377496 1 123.4602 246.9201 342.6668 437.2854 583.8311 662.6196 786.6167 822.4262 27 
0.9999964 0.1443592 0.2184781 0.1603533 0.1817885 0.2763632 0.2139992 0.6353832 0.9999893 0.9999998 180.1962 360.3917 531.9166 745.2731 864.824 1143.824 1303.925 1123.744 28 
0.9999995 0.1630199 0.1934095 0.1992561 0.1650009 0.3007501 0.3704984 0.3648938 0.9999999 0.9999999 208.6564 417.3128 555.6693 766.2434 947.6352 1060.094 1255.832 1047.177 29 
0.9999993 0.1638591 0.17724 0.1428381 0.1998924 0.1215437 0.3907964 3.996162e-14 0.5465355 1 170.9506 341.901 546.963 646.7258 928.5041 928.5035 1168.573 1196.813 30 
1 0.250167 0.1800754 0.1778847 0.1301572 0.1445933 0.3832284 0.5003505 0.3894261 0.9999995 147.9896 295.9792 385.0003 471.0233 666.0509 823.1007 884.1743 831.9409 31 
0.9999988 0.1836949 0.1560142 0.09905417 0.1648603 0.1252979 0.419196 0.2566595 0.605686 0.9999997 103.4798 206.9595 362.1255 460.6134 748.8287 851.3193 1031.108 1044.679 32 
0.9999888 0.1658818 0.1659653 0.1845616 0.1789889 0.2466335 0.2394859 0.6229991 0.9999487 0.9999884 193.004 386.0058 538.6322 711.2962 837.6021 1087.493 1238.697 1045.743 33 
0.9999835 0.4201322 0.09604323 0.10822 0.1495845 0.1621776 0.2204045 0.3171381 0.4048539 0.9999998 76.22054 152.4398 246.3899 333.011 431.6394 542.2751 638.7169 704.3112 34 
0.9999999 0.2124632 0.1590485 0.1036019 0.1296092 0.289259 0.1036875 0.4940543 0.2770593 0.9999998 103.6015 207.203 323.3839 549.0677 606.5655 852.1262 921.7986 999.996 35 
1 0.2652901 0.1169924 0.1577203 0.1306455 0.1458923 0.3542808 0.2455723 0.4542251 1 139.5487 279.0973 376.4592 470.9792 667.0223 754.7682 877.2119 884.7856 36 
0.9999997 0.1587211 0.186756 0.2009009 0.1332989 0.2123078 0.3837888 0.2323056 1 1 220.6099 441.2198 558.1885 719.6536 949.5654 1035.32 1318.712 1098.103 37 
1 0.2143399 0.1719017 0.1168952 0.1772898 0.2811125 0.1732011 0.3360602 0.3798584 1 112.0285 224.0571 374.1043 569.8406 656.5373 795.6188 899.9952 958.3675 38 
0.9999996 0.1269609 0.2328636 0.2006042 0.0979397 0.1178011 0.3681532 0.2241053 0.1980338 1 299.3884 598.7766 715.6228 842.3999 1191.932 1326.37 1418.544 1492.433 39 
1 0.1603312 0.218414 0.1535692 0.1634834 0.2131759 0.3427779 0.2995541 0.2230158 1 168.4787 336.9574 488.7693 654.3635 863.8699 984.1993 1046.948 1097.086 40 
0.9999999 0.181731 0.2201214 0.1779178 0.1678311 0.3029005 0.2839514 0.4587139 0.9999999 1 176.1729 352.3457 488.9634 694.1487 828.2352 983.3399 1166.365 990.1925 41 
1 0.4381248 0.08759475 0.1077319 0.09314558 0.18671 0.189041 0.2946898 0.5490698 1 75.37471 150.7494 208.898 314.5996 401.6389 511.6721 656.2714 699.6506 42 
1 0.2587537 0.09758539 0.1552677 0.134357 0.1811585 0.1520777 0.1434738 0.618593 0.9999998 139.2061 278.4121 380.1673 498.9337 580.5732 645.8807 887.058 896.5552 43 
0.9999994 0.1710754 0.2032523 0.1164437 0.1842659 0.1937697 0.1225612 0.5689676 1 1 128.6606 257.3212 437.2118 591.523 670.2136 990.7486 1233.576 1104.917 44 
0.9999988 0.2962839 0.1029371 0.1467667 0.1541733 0.1545069 0.1824925 0.400383 0.4112304 0.9999999 118.2037 236.4073 342.352 432.1566 521.8386 682.6913 781.7539 805.3849 45 
1 0.2200282 0.1783132 0.108216 0.1701151 0.2230651 0.398857 0.2055163 0.5136776 0.9999999 100.0412 200.0824 340.3283 492.943 704.9581 770.629 901.0366 924.4583 46 
1 0.6143548 0.08340212 0.07784835 0.1212103 0.1143588 0.2772167 0.3082931 0.4582083 1 45.61495 91.2299 156.7236 211.0255 327.605 421.3126 517.6503 585.9463 47 
0.999998 0.17816 0.2092053 0.2228179 0.08691475 0.3612422 0.3421472 3.612783e-07 0.9999964 1 224.6288 449.2571 517.3538 775.7857 932.1344 932.1326 1232.747 1008.127 48 
0.9999991 0.1967341 0.2270568 0.1749405 0.1219441 0.2743564 0.1108832 0.2684669 0.3969735 1 188.1556 376.311 484.522 698.2927 760.9857 895.9456 1041.931 1075.54 49 
0.9999995 0.1771101 0.2182515 0.1284078 0.2348249 0.2909965 0.2475655 0.3176415 1 1 135.5667 271.1333 487.2152 692.1061 815.6931 935.0062 1191.315 1055.751 50 
0.9999951 0.2026324 0.1817392 0.1155305 0.180851 0.2734407 0.1936001 0.5098171 1 1 108.6261 217.2517 367.6483 553.9179 649.736 853.2116 1048.85 940.2372 51 
0.9999761 0.1859013 0.2188987 0.1452208 0.1391881 0.277015 0.1114362 0.2220851 0.3684817 0.9999999 161.4496 322.8954 455.1586 681.7549 747.6448 864.3368 1014.955 1111.753 52 
1 0.1551529 0.2089857 0.1696697 0.1796576 0.1095825 0.3330983 0.4999846 0.4333809 0.9999998 187.0039 374.0079 538.4235 620.6921 843.3605 1066.258 1162.863 1102.165 53 
0.999985 0.3329095 0.1366189 0.0932438 0.1172936 0.1552302 0.1430842 0.3010286 0.2918779 1 78.14607 156.291 245.4244 349.5494 430.626 576.7962 675.855 838.0832 54 
0.999999 0.1721003 0.1880534 0.225278 0.1171891 0.2555466 0.3295694 0.3381971 0.9999996 1 226.7106 453.4211 544.7869 720.6746 889.5433 1005.721 1233.066 1006.359 55 
1 0.2026297 0.1851 0.1512477 0.1864637 0.2940407 0.1768058 0.4386287 0.2325855 1 157.9991 315.9982 481.3242 693.4196 783.4522 967.3188 1022.05 1044.638 56 
0.9999956 0.1662265 0.2192662 0.1508113 0.2781867 0.06534298 0.1518543 0.3238304 0.205908 1 180.5434 361.0861 643.8904 691.8361 795.9824 984.3514 1065.337 1197.148 57 
1 0.1539311 0.1612916 0.1200459 0.1636143 0.259881 4.888494e-100 0.6075307 0.2144339 0.9999998 142.9871 285.9741 457.461 685.2804 685.2804 1079.453 1134.056 1191.104 58 
0.9999998 0.1389982 0.2260412 0.131578 0.24831 0.1800325 0.4961636 1.510314e-08 1 1 158.3431 316.6861 576.1881 717.6163 1037.216 1037.216 1361.758 1203.416 59 
0.9673632 0.1356355 0.2119396 0.1173358 0.205354 0.2245986 0.2513806 0.5274348 3.105595e-10 0.9999999 154.8744 304.6942 533.9976 724.5035 881.3162 1136.002 1098.926 1319.924 60 
0.9999958 0.449181 0.08158069 0.08619797 0.1367006 0.1022127 0.2150371 0.2241615 0.5168904 0.9999998 60.15165 120.3031 207.4738 263.7418 370.0206 456.9846 612.5637 697.8314 61 
0.970812 0.1457242 0.2561575 0.1644558 0.2374525 0.264812 0.3381998 0.4236384 0.9995921 0.9976732 192.2096 378.8089 599.637 779.3316 941.7388 1067.742 1245.317 1168.761 62 
1 0.3250239 0.1202265 0.1585107 0.09338496 0.08918794 0.3741712 0.1495991 0.6024293 0.9999995 126.2259 252.4518 315.0288 369.2124 576.2553 628.0606 805.4695 796.3239 63 
0.9865033 0.1216243 0.2695018 0.2170548 0.2554291 0.2129648 0.09093589 0.7245214 0.9995006 0.9981723 271.4264 539.1894 781.9953 926.6897 966.3559 1331.199 1456.84 1250.497 64 
0.8851775 0.1691472 0.2259697 0.1805847 0.08729912 0.3200971 0.1279714 0.5956266 0.9999996 0.9999634 224.7071 423.6128 463.9848 708.595 708.2032 955.5254 1068.924 1244.331 65 
0.9999968 0.4423521 0.1079661 0.1042918 0.1467652 0.1221558 0.2066508 0.2728105 0.2923997 1 74.65475 149.3093 243.4104 310.2374 409.4787 513.4181 594.4284 715.8259 66 
0.9999959 0.1856897 0.1772393 0.1298073 0.1216178 0.2391738 5.369903e-10 0.3970291 0.4800232 0.9999998 145.4719 290.9432 409.5443 614.4194 614.4169 873.1683 1061.8 1120.676 67 
1 0.4307215 0.09423566 0.08495941 0.1142685 0.1525529 0.3349942 0.3077604 0.4951913 0.9999997 58.08468 116.1694 187.6547 272.1851 429.49 525.5945 632.6379 683.6756 68 
0.9999998 0.08745094 0.1926679 0.2081931 0.2245962 0.2558789 0.1398694 0.3614865 0.821243 0.9999995 343.1446 686.2891 979.4003 1238.336 1343.659 1577.789 1917.42 1648.204 69 
1 0.219801 0.230093 0.1369419 0.1752636 0.235072 0.3713848 0.6992724 0.9999963 0.9999983 118.3524 236.7048 367.4339 512.0434 686.8028 893.649 982.6044 864.2525 70 
0.9999995 0.1855552 0.1431709 0.1634547 0.2114304 0.2836722 0.339631 0.6695886 1 0.9999997 156.3753 312.7505 481.961 660.9872 814.5261 1014.423 1113.063 956.6891 71 
1 0.2080731 0.1808277 0.1778285 0.150227 0.08560594 0.3885883 0.1596454 0.5200702 1 177.9112 355.8224 479.3922 539.2294 787.5944 849.9809 1020.77 1000.465 72 
1 0.1117088 0.3117208 0.2430894 0.1092738 0.2658175 0.7738076 0.1559297 0.9999981 1 313.4407 626.8813 733.5286 964.6083 1458.481 1480.992 1602.845 1289.405 73 
0.9999983 0.1853555 0.2251209 0.1585681 0.0848122 0.3885919 8.400347e-06 0.1898964 0.4249769 1 183.5109 367.0215 449.6101 795.9225 795.9258 899.3956 1086.984 1157.3 74 
0.9999994 0.1002839 0.2586796 0.1927186 0.1317579 0.1996807 0.3138407 0.3799601 0.6519472 1 309.2117 618.4232 789.0836 1013.644 1296.112 1530.763 1780.405 1604.472 75 
0.9999996 0.2035754 0.1929841 0.1477076 0.234264 0.1073186 0.5310097 6.174241e-12 1 1 132.707 265.414 444.7985 507.7249 785.6689 785.6686 1031.15 898.4441 76 
1 0.1387664 0.2856057 0.1644735 0.1913646 0.1349748 0.3647227 0.1187885 0.592355 1 216.2691 432.5383 642.7807 762.6932 1042.98 1100.974 1355.813 1314.918 77 
1 0.2784903 0.09331185 0.1409004 0.1276758 0.2485381 1.49998e-10 0.2915127 0.5123234 0.9999999 129.3403 258.6806 359.3676 530.3439 530.3439 681.0418 868.6821 917.9552 78 
0.9999997 0.23617 0.1616175 0.1256969 0.1432205 0.2912119 0.2669816 0.2912343 1 1 105.9194 211.8387 317.3547 501.1739 620.622 716.1334 948.576 842.6574 79 
1 0.1902501 0.1972658 0.1595894 0.09367075 0.3567019 0.09191669 0.2803135 0.4333063 1 173.535 347.07 432.671 728.1087 777.0829 912.7088 1063.591 1087.384 80 
1 0.1897019 0.1997585 0.1359449 0.162977 0.2176506 0.3150148 0.3922238 0.3851106 1 137.1236 274.2471 416.2891 575.0662 754.8538 908.1898 999.6936 1008.67 81 
1 0.2367879 0.1659248 0.1707053 0.1083384 0.167686 0.2437575 0.4020109 0.369066 1 160.5612 321.1223 405.6278 522.2548 663.3615 839.3517 935.9675 940.5751 82 
0.9999998 0.2625535 0.1482349 0.1126898 0.1921207 0.1976331 0.3296915 0.3185098 1 1 91.46386 182.9277 321.289 436.2754 590.1857 689.854 903.1065 811.643 83 
1 0.1851584 0.1723468 0.1566661 0.1662331 0.21428 0.2608557 0.503695 7.176576e-05 1 167.5017 335.0034 484.8896 645.9802 800.0639 1019.978 1019.994 1069.164 84 
0.9999993 0.1984476 0.188887 0.1366712 0.1517289 0.3189656 0.1368433 0.5318204 1 1 126.047 252.094 372.903 588.3348 651.279 862.4281 1048.31 922.2645 85 
1 0.206352 0.1759774 0.1454171 0.1542153 0.2114161 0.2963988 0.4247594 0.0001921157 1 145.4585 290.917 422.7442 575.5978 744.5882 914.9826 915.0269 1000.285 86 
1 0.1688794 0.2281514 0.1554233 0.1888134 0.1440769 0.2584189 0.469103 2.112169e-06 1 165.8769 331.7538 501.9468 607.2942 769.0234 986.7398 986.7403 1067.259 87 
0.9999989 0.9999998 0.04801925 0.05252874 0.1026693 0.121281 0.2395835 0.3013695 0.4509808 1 26.99977 53.99952 103.9994 156.9992 248.9992 336.9989 428.9987 514 88 
0.9999994 0.1952297 0.1997198 0.1822371 0.1110339 0.2916475 0.1421649 0.5257207 1 1 169.1237 338.2473 422.5128 619.2733 687.2125 902.7327 1097.164 928.0422 89 
1 0.1949515 0.2145215 0.1781375 0.1661091 0.1316127 0.3513684 0.4053088 0.3164721 0.9999999 179.6219 359.2438 496.9003 587.8518 798.7091 956.4738 1029.731 1008.333 90 
0.9999994 0.1650321 0.2128128 0.1343112 0.2001536 0.2134886 0.3534848 0.3364995 0.9999996 1 145.4914 290.9827 478.6766 638.8047 847.3347 975.6742 1228.731 1083.241 91 
0.9999989 0.1331092 0.2382554 0.2144183 0.2048729 0.215236 0.2469192 0.2308175 1 1 255.5491 511.0979 702.915 863.1484 1007.404 1108.955 1447.369 1191.825 92 
0.9999999 0.1893021 0.2157671 0.1904673 0.1344975 0.279014 0.1865335 0.6187102 1 0.9999999 179.7023 359.4046 462.1308 646.5736 735.4772 975.3546 1123.183 943.4809 93 
0.9999548 0.2300441 0.2003171 0.1596437 0.1107433 0.1795921 0.2276374 0.1504998 0.5075528 0.9999998 147.8827 295.7587 381.9531 506.2566 635.5132 701.4995 890.5942 926.3297 94 
0.9999998 0.2035181 0.2000931 0.1212247 0.1713225 0.1907187 0.2583071 0.2380564 0.4357782 0.9999999 127.816 255.6321 414.372 560.809 721.3157 831.0293 984.0567 1054.373 95 
0.9999989 0.1702539 0.2487667 0.1230113 0.2167489 0.1470476 0.309728 0.1836899 0.2379024 1 141.0249 282.0496 499.9717 615.77 823.8114 908.9784 999.0193 1146.439 96 
0.9999984 0.1054191 0.2865316 0.1426767 0.1773275 0.1631474 0.2490005 0.2799141 0.3243076 0.9999999 237.2125 474.4246 727.1821 918.4903 1162.835 1369.119 1541.219 1662.588 97 
0.99997 0.2157322 0.1920806 0.1233937 0.1429914 0.2149114 0.1562447 0.2929484 0.4847177 1 115.942 231.8804 349.6509 501.3443 587.918 724.8823 885.1159 939.6097 98 
0.9999972 0.1117988 0.3111256 0.1793927 0.1374739 0.2002878 0.2288285 0.7154229 0.9999995 0.9999993 259.5018 519.0028 682.1905 887.2565 1074.618 1526.357 1706.045 1446.557 99 
0.9999865 0.2912079 0.1343532 0.08127374 0.1274925 0.119248 0.3380142 0.1151731 0.5491232 1 68.72045 137.44 236.4772 317.2983 519.0748 564.5817 756.583 845.5431 100 
