1002 2 0 0 0 0 1 0 1 0 0 0 1 1 0 1 32 49 76 97 105 129 139 32 76 148 235 325 440 560 
1002 2 0 1 0 0 0 0 1 0 1 0 0 0 1 1 26 48 71 98 96 101 132 26 71 141 229 306 391 508 
1001 1 0 0 0 0 0 0 1 0 0 1 0 0 0 1 24 64 69 75 96 128 136 24 86 150 217 304 424 542 
1001 1 0 0 0 0 0 1 0 1 0 0 0 0 1 0 30 41 72 89 94 111 136 30 69 133 210 294 387 508 
1004 4 0 0 0 1 0 1 2 0 0 0 1 1 1 3 28 57 70 96 111 119 120 28 82 146 227 321 427 530 
1003 3 0 1 0 0 0 1 1 0 1 1 0 0 1 1 29 54 74 85 101 127 147 29 79 148 221 312 423 547 
1001 1 0 0 0 0 0 1 0 0 0 0 0 0 2 0 29 61 70 92 114 105 144 29 84 150 235 332 427 558 
1004 4 0 0 0 1 1 0 2 0 0 0 1 2 0 2 23 58 78 99 108 117 144 23 78 147 240 328 436 549 
1001 1 0 0 0 0 0 0 1 1 0 0 0 0 0 1 29 53 78 101 106 128 131 29 79 147 239 330 439 549 
1002 2 0 0 0 0 0 1 1 0 0 0 0 0 1 3 38 60 63 81 98 132 139 38 92 149 224 314 429 549 
1003 3 0 0 0 0 2 1 0 0 0 0 0 2 2 1 21 58 73 95 105 109 131 21 77 143 229 322 420 536 
1001 1 0 0 0 1 0 0 0 0 0 0 2 0 0 0 25 55 78 107 116 106 139 25 75 148 243 341 434 558 
1000 0 0 0 0 0 0 0 0 0 0 0 1 0 0 0 25 57 72 92 124 113 141 25 78 146 225 339 434 551 
1000 0 0 0 0 0 0 0 0 0 0 0 0 0 1 0 39 41 80 82 88 123 133 39 80 160 230 312 420 537 
1001 1 0 0 0 0 0 0 1 0 0 0 0 0 1 1 28 53 53 97 107 141 155 28 79 127 220 305 429 551 
1001 1 0 0 0 1 0 0 0 0 0 0 1 0 0 1 40 46 78 90 102 113 140 40 84 155 234 327 428 547 
1000 0 0 0 0 0 0 0 0 0 0 0 1 0 1 0 24 51 71 96 117 115 122 24 73 139 225 330 429 535 
1001 1 0 0 0 0 0 0 1 0 0 0 1 0 0 1 28 58 76 98 81 128 117 28 85 156 246 320 428 527 
1005 5 0 1 0 0 3 0 1 0 1 1 0 3 1 1 32 47 66 118 119 135 125 32 74 135 247 355 466 575 
1001 1 0 0 0 0 1 0 0 0 0 0 0 1 1 0 31 42 93 87 106 121 117 31 72 160 237 331 430 533 
1001 1 0 0 1 0 0 0 0 0 0 1 0 0 0 1 38 63 73 112 119 109 124 38 98 164 258 359 454 563 
1002 2 0 0 0 0 0 1 1 0 0 0 1 0 1 1 23 55 89 76 98 116 130 23 76 153 220 306 412 531 
1004 4 0 0 0 0 0 1 3 0 0 0 0 0 2 3 31 36 80 91 99 131 126 31 65 138 222 309 423 536 
1000 0 0 0 0 0 0 0 0 0 0 0 0 0 1 0 28 59 79 103 90 110 146 28 84 159 250 330 438 567 
1001 1 0 0 0 0 0 0 1 0 0 0 0 1 0 1 33 53 74 97 109 124 134 33 81 147 238 336 447 560 
1003 3 0 0 0 1 0 0 2 0 0 0 1 1 0 3 21 51 81 93 101 124 135 21 70 147 233 323 431 550 
1001 1 0 0 0 0 1 0 0 0 0 0 0 1 1 0 25 51 78 93 127 143 134 25 71 144 224 332 455 571 
1001 1 0 0 0 0 0 0 1 0 0 0 0 0 0 2 28 58 82 100 96 121 117 28 85 160 247 331 433 529 
1002 2 0 0 0 0 2 0 0 0 0 0 0 2 1 0 33 57 66 94 94 128 126 33 85 145 232 315 431 540 
1001 1 0 0 0 0 1 0 0 0 0 0 0 1 1 0 26 59 82 95 110 117 106 26 80 155 237 335 441 531 
1002 2 0 0 0 0 0 2 0 0 0 0 1 0 2 1 25 67 78 93 116 115 142 25 87 160 243 346 446 569 
1003 3 0 0 0 0 3 0 0 0 1 0 0 3 1 0 31 59 74 102 98 107 132 31 90 156 250 341 434 550 
1002 2 0 0 1 0 0 1 0 0 1 1 1 0 1 0 20 55 68 83 101 107 136 20 72 134 205 298 391 512 
1001 1 0 0 1 0 0 0 0 0 0 1 1 0 0 0 33 51 73 83 96 137 112 33 83 153 229 315 435 530 
1003 3 0 0 0 1 0 0 2 0 0 0 1 1 0 3 25 55 88 108 87 131 127 25 78 161 252 323 439 553 
1002 2 0 0 0 0 0 0 2 0 1 0 0 0 0 2 38 47 71 93 113 132 143 38 83 146 224 322 438 561 
1003 3 0 0 1 0 0 1 1 0 0 2 0 0 1 1 30 59 78 121 102 116 133 30 87 157 262 348 452 570 
1004 4 0 0 0 0 1 3 0 0 0 0 0 2 3 0 38 62 72 92 132 140 136 38 95 159 243 363 477 594 
1002 2 0 0 0 0 0 1 1 0 0 1 0 0 1 1 27 54 76 83 112 120 112 27 76 146 219 319 424 523 
1002 2 0 0 0 0 0 2 0 0 0 1 0 0 2 0 25 64 76 98 105 134 136 25 84 152 241 329 442 563 
1001 1 0 0 0 0 1 0 0 0 0 0 0 1 1 1 31 53 85 109 127 117 126 31 82 163 256 368 467 576 
1001 1 0 1 0 0 0 0 0 0 1 0 1 1 0 0 23 57 68 101 104 126 147 23 79 146 235 328 429 558 
1004 4 0 0 0 0 1 1 2 0 0 0 0 1 1 3 34 49 77 83 119 115 130 34 80 152 224 330 434 548 
1002 2 0 0 0 2 0 0 0 0 0 1 2 0 0 0 23 66 76 91 104 148 128 23 83 151 223 312 440 552 
1002 2 0 0 0 0 0 0 2 0 0 0 0 0 1 2 28 51 87 111 110 139 134 28 77 159 259 353 473 591 
1001 1 0 0 0 0 0 0 1 0 0 0 1 0 0 1 30 46 90 100 113 124 131 30 73 154 248 346 454 569 
1001 1 0 0 0 0 1 0 0 0 1 0 0 1 0 0 25 48 69 78 107 139 133 25 72 134 203 296 421 542 
1001 1 0 0 0 0 0 0 1 1 0 0 0 0 0 1 22 58 74 106 122 117 137 22 80 145 241 345 450 575 
1000 0 0 0 0 0 0 0 0 0 0 0 0 0 0 1 25 56 68 88 114 146 145 25 79 141 217 319 445 563 
1002 2 0 0 0 0 0 1 1 0 0 0 1 0 1 1 33 54 73 103 108 124 128 33 87 151 245 339 450 559 
1001 1 0 0 0 0 1 0 0 0 0 0 0 2 0 0 23 57 78 86 94 125 132 23 78 152 233 314 425 531 
1000 0 0 0 0 0 0 0 0 0 0 0 0 0 0 1 25 62 62 87 119 126 135 25 85 138 218 322 432 549 
1001 1 0 0 0 0 0 0 1 0 0 0 0 1 1 1 24 54 60 102 141 135 126 24 77 133 219 343 459 559 
1000 0 0 0 0 0 0 0 0 0 0 0 0 0 0 1 24 50 87 70 96 142 143 24 74 157 219 303 421 540 
1002 2 0 0 0 0 0 2 0 0 0 0 1 1 2 0 31 64 78 101 114 129 124 31 92 162 253 350 467 563 
1002 2 0 0 0 0 1 0 1 0 0 0 0 2 0 1 20 53 81 89 106 124 142 20 73 148 220 316 421 543 
1001 1 0 0 0 1 0 0 0 0 1 1 1 0 0 0 31 55 95 95 103 128 114 31 85 175 263 357 459 558 
1003 3 0 0 0 2 0 1 0 0 0 0 2 1 1 2 40 48 61 92 102 117 155 40 83 140 226 315 426 558 
1000 0 0 0 0 0 0 0 0 0 0 0 0 1 0 0 25 52 57 99 116 115 126 25 75 128 218 319 420 530 
1004 4 0 0 0 1 0 2 1 0 1 0 1 0 2 1 34 59 80 99 114 127 132 34 88 162 249 340 452 562 
1001 1 0 0 1 0 0 0 0 0 0 1 0 1 0 1 24 61 77 93 123 125 118 24 81 153 234 339 446 551 
1000 0 0 0 0 0 0 0 0 0 0 0 0 0 1 0 34 51 75 103 113 113 124 34 81 148 239 339 436 540 
1000 0 0 0 0 0 0 0 0 0 0 0 0 1 0 0 24 42 71 127 112 119 130 24 64 131 249 346 446 564 
1006 6 0 0 0 1 1 1 3 0 0 0 1 1 1 4 23 53 60 97 117 131 140 23 74 130 216 316 426 549 
1001 1 0 0 0 0 1 0 0 0 0 0 0 1 0 1 26 44 100 94 121 120 135 26 66 161 238 339 437 559 
1001 1 0 0 0 0 0 0 1 0 0 0 1 0 0 1 21 47 61 97 107 117 134 21 64 122 209 304 404 517 
1000 0 0 0 0 0 0 0 0 0 0 0 1 0 0 0 41 54 77 85 126 137 114 41 92 159 234 340 458 552 
1003 3 0 0 0 0 0 3 0 0 0 1 0 0 3 0 28 54 79 103 100 142 120 28 79 154 242 323 442 544 
1003 3 0 0 0 1 2 0 0 0 0 0 1 3 1 1 29 71 81 83 111 127 156 29 95 169 240 340 455 581 
1001 1 0 0 1 0 0 0 0 0 0 1 0 0 1 0 23 59 84 97 97 121 133 23 78 152 241 326 437 558 
1002 2 0 0 0 0 0 2 0 0 0 0 0 0 2 1 27 52 78 80 99 124 127 27 75 147 220 310 424 537 
1001 1 0 0 0 0 0 1 0 0 0 1 0 0 1 0 31 51 75 92 130 123 110 31 79 147 227 339 436 535 
1000 0 0 0 0 0 0 0 0 0 0 0 0 0 0 1 24 52 79 93 99 116 122 24 74 148 234 325 428 537 
1001 1 0 0 0 0 0 1 0 0 0 0 0 1 1 0 32 53 93 99 122 99 141 32 82 167 258 359 445 566 
1005 5 0 0 0 0 2 3 0 0 0 0 1 2 3 1 33 58 79 105 122 119 146 33 88 156 241 348 449 579 
1001 1 0 0 0 0 0 1 0 0 0 0 0 0 2 0 30 55 66 103 111 139 124 30 80 135 226 324 442 553 
1001 1 0 0 0 0 0 0 1 0 0 0 0 0 1 1 34 58 71 97 105 129 140 34 89 157 247 339 445 562 
1001 1 0 0 0 0 1 0 0 0 0 0 0 1 1 1 29 56 76 92 124 125 114 29 80 145 229 336 433 528 
1000 0 0 0 0 0 0 0 0 0 0 0 0 0 1 0 20 42 83 118 113 123 123 20 61 139 250 342 446 550 
1001 1 0 0 0 0 0 1 0 0 0 1 0 0 1 0 24 57 84 111 101 129 140 24 79 157 250 331 442 560 
1000 0 0 0 0 0 0 0 0 0 0 0 0 0 1 0 29 59 70 91 102 126 138 29 84 152 235 326 441 560 
1001 1 0 0 0 0 0 0 1 0 0 0 0 1 1 1 33 68 78 99 135 108 123 33 97 167 258 376 464 568 
1003 3 0 0 1 0 2 0 0 0 0 1 0 2 1 0 22 63 83 83 100 115 123 22 80 154 228 313 412 519 
1002 2 0 0 0 1 0 0 1 0 0 0 2 0 0 1 27 53 83 85 101 133 146 27 77 153 227 316 431 558 
1004 4 0 0 0 1 2 1 0 0 0 0 1 2 3 0 24 54 66 96 107 121 130 24 76 137 228 325 432 542 
1001 1 0 0 0 0 1 0 0 0 0 0 0 1 1 1 22 53 84 94 99 131 140 22 73 152 233 319 435 555 
1002 2 0 0 0 1 0 0 1 0 0 1 1 0 0 1 17 53 77 96 96 124 130 17 68 139 230 319 429 538 
1001 1 0 0 0 0 0 0 1 0 0 0 0 0 1 1 29 52 73 102 113 138 124 29 79 146 240 338 454 559 
1002 2 0 0 0 1 0 1 0 0 0 0 2 0 1 0 30 62 68 108 81 117 156 30 88 151 249 320 418 563 
1003 3 0 0 0 0 0 2 1 0 0 0 0 0 2 2 29 48 72 91 115 147 143 29 73 137 219 325 450 573 
1003 3 0 0 0 0 0 2 1 0 0 1 0 0 2 1 19 65 81 105 108 120 133 19 81 154 247 338 444 558 
1002 2 0 0 0 1 0 1 0 0 0 0 1 1 2 0 29 60 86 94 107 112 141 29 85 161 242 338 432 549 
1004 4 0 0 0 0 1 3 0 0 0 0 0 1 4 1 19 53 76 102 106 127 127 19 69 139 234 323 437 551 
1001 1 0 0 0 0 0 1 0 0 0 0 0 0 1 1 27 50 68 88 116 113 142 27 73 140 222 326 422 545 
1005 5 0 0 1 2 0 0 2 0 0 1 2 1 0 3 32 66 63 92 119 112 147 32 93 151 233 330 428 552 
1001 1 0 0 0 1 0 0 0 0 0 1 2 0 0 0 24 59 71 96 122 106 144 24 82 146 234 336 421 542 
1000 0 0 0 0 0 0 0 0 0 0 0 0 1 0 0 33 49 67 114 103 120 112 33 79 139 242 334 441 533 
1003 3 0 0 0 2 0 0 1 0 0 1 3 0 0 1 40 56 74 88 88 130 129 40 92 157 233 310 427 537 
1000 0 0 0 0 0 0 0 0 0 0 1 1 0 0 0 33 60 72 91 118 128 118 33 92 160 241 343 448 543 
1001 1 0 0 1 0 0 0 0 0 0 1 2 0 1 0 36 62 75 103 127 110 126 36 92 157 247 359 455 554 
