1014 14 0 0 0 2 3 6 3 0 0 0 2 3 9 3 68 129 127 157 135 170 166 68 187 303 445 566 724 875 
1021 21 0 1 1 2 4 8 5 0 1 1 2 5 8 6 67 137 126 143 144 187 139 67 196 308 440 575 748 876 
1019 19 0 1 3 5 2 4 4 0 1 4 5 2 4 5 79 121 130 161 149 149 159 79 192 312 464 596 737 886 
1023 23 0 0 4 4 6 4 5 0 0 4 4 7 6 5 64 135 160 147 148 148 149 64 195 343 477 612 750 893 
1024 24 0 2 8 3 4 4 3 0 2 9 3 4 4 3 74 114 136 138 158 162 151 74 180 303 426 570 724 860 
1023 23 0 2 5 4 2 8 2 0 2 5 4 3 8 2 72 107 122 171 152 168 145 72 174 289 451 595 753 881 
1024 24 0 4 4 4 3 2 7 0 4 4 4 5 2 8 82 112 138 140 147 161 167 82 187 316 447 581 726 884 
1018 18 0 0 2 6 3 3 4 0 0 3 6 3 3 5 94 108 132 141 159 144 163 94 193 313 448 598 730 881 
1019 19 0 1 3 4 4 5 2 1 1 3 4 5 5 3 69 110 124 156 159 153 169 69 172 283 430 571 711 869 
1027 27 0 2 3 6 7 1 8 0 2 3 6 7 1 9 55 130 139 163 158 157 151 55 180 305 460 606 756 887 
1019 19 0 1 2 5 6 2 3 1 1 2 5 7 5 3 65 128 148 150 186 150 137 65 186 323 460 636 763 892 
1031 31 0 0 6 4 3 12 6 0 1 6 4 3 12 7 75 110 151 136 141 176 158 75 182 324 449 580 746 887 
1016 16 0 2 2 3 4 3 2 0 2 2 4 6 4 2 77 120 151 160 138 139 153 77 190 333 475 605 739 882 
1022 22 0 0 2 7 4 5 4 1 0 2 8 5 5 4 85 124 143 140 168 158 145 85 203 339 466 619 762 895 
1029 29 0 1 1 10 9 3 5 0 1 1 10 11 4 5 61 104 140 162 180 171 154 61 161 295 444 610 757 896 
1026 26 0 2 3 9 5 3 4 0 2 3 10 5 4 4 67 122 133 144 174 140 156 67 184 309 443 606 731 880 
1021 21 0 3 2 5 6 0 5 0 3 2 6 6 0 5 67 91 132 156 154 176 168 67 153 278 428 568 725 882 
1019 19 0 4 2 1 5 4 3 0 4 3 1 5 4 3 70 108 139 148 162 152 170 70 173 307 446 599 733 885 
1027 27 0 3 3 2 5 9 5 0 3 3 2 5 10 7 79 106 130 151 158 166 158 79 181 304 443 590 742 889 
1029 29 0 3 3 8 8 3 4 0 4 3 8 9 4 4 76 113 126 173 166 143 160 76 185 300 462 618 748 895 
1020 20 0 0 4 6 4 3 3 0 0 4 6 6 4 3 55 118 148 136 166 151 151 55 164 302 424 581 718 861 
1037 37 0 2 6 4 7 10 8 0 3 6 5 8 12 9 70 120 142 145 153 156 163 70 185 316 446 591 729 875 
1020 20 0 1 2 1 4 9 3 0 1 3 1 4 10 4 70 106 122 133 164 181 162 70 173 289 416 572 735 882 
1023 23 0 1 2 6 2 5 7 0 2 3 6 3 5 7 61 103 132 145 164 144 170 61 161 285 418 574 704 867 
1034 34 0 4 6 5 4 7 8 0 4 6 7 5 7 9 76 123 136 152 157 165 156 76 194 324 468 614 768 911 
1028 28 0 3 3 5 3 9 5 0 3 4 6 4 9 8 71 110 145 134 160 174 142 71 178 314 441 591 753 883 
1033 33 0 0 4 6 9 8 6 1 0 4 6 10 9 8 82 109 123 166 161 155 162 82 184 301 459 599 734 886 
1029 29 0 3 6 4 5 6 5 0 3 6 5 5 8 5 72 117 156 152 145 165 167 72 184 328 468 595 747 899 
1026 26 0 2 3 4 3 5 9 0 2 3 5 4 7 9 71 116 151 155 164 167 145 71 175 316 467 619 774 905 
1030 30 0 2 2 9 5 7 5 0 2 2 10 5 7 6 63 113 136 160 154 176 150 63 168 289 438 582 744 882 
1024 24 0 1 3 6 5 4 5 0 1 4 6 6 6 6 74 92 133 146 150 173 174 74 165 293 424 568 726 891 
1020 20 0 0 5 3 3 2 7 0 1 5 3 4 2 7 77 106 149 135 167 150 150 77 177 315 440 599 735 874 
1020 20 0 3 4 4 2 3 4 0 3 5 4 2 4 4 59 127 132 149 137 158 167 59 183 307 446 568 712 862 
1031 31 0 2 6 5 6 7 5 0 2 6 6 7 8 5 68 127 125 149 165 171 169 68 191 312 448 598 753 904 
1022 22 0 1 2 4 7 3 5 0 1 2 4 10 5 5 91 120 109 130 145 154 156 91 211 313 436 572 712 857 
1021 21 0 1 5 3 5 5 2 0 1 5 5 5 6 2 82 116 138 155 129 162 152 82 195 321 469 587 740 884 
1025 25 0 1 3 6 2 8 5 0 1 3 6 2 9 6 70 123 128 159 172 136 156 70 189 308 452 614 732 876 
1026 26 0 3 5 6 2 6 4 0 3 5 6 3 6 5 78 103 149 156 158 158 151 78 174 316 458 603 745 883 
1032 32 0 3 4 6 8 5 6 0 3 5 6 8 7 8 70 106 136 155 168 160 170 70 172 299 446 596 745 903 
1019 19 0 3 0 2 6 6 2 0 4 1 2 6 6 3 72 120 135 144 181 147 152 72 184 313 446 609 746 888 
1022 22 0 3 3 6 3 6 1 0 3 3 6 5 7 1 78 119 144 156 154 158 138 78 189 325 474 616 765 891 
1026 26 0 1 2 6 6 7 4 0 1 3 6 8 7 4 82 110 155 141 149 148 151 82 186 331 462 600 741 879 
1025 25 0 2 7 0 7 7 2 0 2 7 0 8 10 2 72 108 139 162 150 159 147 72 173 303 457 594 738 875 
1025 25 0 1 6 5 9 3 1 1 1 6 6 9 3 1 77 129 137 137 164 155 149 77 200 326 450 606 743 882 
1023 23 0 6 3 2 3 6 3 0 7 4 2 3 6 3 78 122 120 143 153 132 170 78 193 308 446 589 710 867 
1023 23 0 3 3 5 4 3 5 1 3 3 5 5 4 5 60 134 141 151 141 178 159 60 188 312 448 576 740 888 
1031 31 0 4 4 3 11 6 3 0 4 4 3 12 9 6 76 110 135 150 180 161 150 76 181 308 444 611 761 891 
1033 33 0 1 3 3 9 8 9 0 1 3 4 10 9 9 76 115 137 133 166 159 158 76 185 306 434 589 736 886 
1024 24 0 3 4 3 7 2 5 0 3 4 4 9 3 7 60 128 141 150 156 172 147 60 183 315 444 589 750 885 
1024 24 0 0 4 2 8 4 6 0 0 4 2 8 5 7 60 113 125 149 164 144 175 60 165 283 422 576 712 873 
1025 25 0 3 4 6 5 1 6 0 3 5 6 5 2 6 64 118 144 152 153 155 162 64 179 312 453 592 737 888 
1022 22 0 1 1 5 5 5 5 0 1 1 6 5 6 5 59 128 126 147 172 157 152 59 181 298 433 587 732 875 
1023 23 0 2 6 2 4 0 9 1 2 6 2 6 1 9 69 121 129 134 139 170 178 69 186 304 434 564 719 879 
1029 29 0 2 4 6 6 6 5 0 2 4 8 6 6 5 67 123 147 157 147 141 161 67 183 320 458 593 722 872 
1021 21 0 0 4 4 4 6 3 0 1 4 4 4 6 3 62 118 139 142 141 158 162 62 176 303 438 567 717 871 
1026 26 0 2 3 3 6 6 6 0 2 3 3 6 8 8 81 85 123 153 165 187 169 81 161 275 420 570 740 891 
1032 32 0 2 2 5 7 8 8 0 2 2 5 8 10 8 71 117 130 161 154 161 173 71 183 306 455 601 748 912 
1028 28 0 2 0 5 10 5 6 0 3 0 5 10 7 6 75 113 145 128 156 163 167 75 181 311 433 578 732 888 
1019 19 0 1 2 3 4 3 6 0 1 2 4 6 3 6 62 117 139 141 158 143 160 62 173 300 435 578 709 861 
1022 22 0 0 1 5 2 8 6 0 1 1 5 2 8 6 66 110 145 152 169 139 167 66 173 316 454 603 735 888 
1022 22 0 0 6 5 3 7 1 0 1 6 5 3 7 1 71 121 140 131 155 164 159 71 189 319 442 590 741 891 
1023 23 0 1 2 4 6 3 7 0 1 2 5 6 3 8 66 112 121 132 161 165 174 66 174 290 413 565 718 878 
1022 22 0 1 2 9 2 5 3 0 1 3 9 2 5 4 86 101 145 143 165 158 165 86 184 318 445 596 743 896 
1022 22 0 2 0 8 3 5 4 0 2 1 8 5 5 4 71 101 158 147 154 147 165 71 169 317 455 594 730 877 
1018 18 0 2 5 4 1 4 2 1 2 5 4 1 5 2 74 102 138 127 147 166 173 74 173 302 421 561 713 868 
1014 14 0 0 2 0 1 7 4 0 0 3 1 1 8 4 77 120 146 158 139 147 146 77 192 327 467 596 732 866 
1019 19 0 5 0 3 5 3 3 0 5 0 3 6 5 3 73 125 129 156 171 136 133 73 190 310 455 621 749 872 
1025 25 0 0 2 4 9 8 2 0 0 2 5 9 8 2 74 130 138 155 140 145 162 74 200 330 478 604 738 889 
1024 24 0 2 3 5 4 5 5 0 2 3 5 4 7 5 87 104 133 168 152 159 136 87 187 313 471 614 756 884 
1030 30 0 2 4 5 7 5 7 0 2 4 5 7 6 8 76 115 141 166 125 179 164 76 188 311 464 581 745 895 
1026 26 0 6 1 2 6 8 3 0 6 1 2 6 9 6 63 129 136 129 155 190 158 63 184 311 431 577 756 898 
1022 22 0 2 2 6 2 9 1 0 2 2 6 2 9 2 74 114 127 143 166 151 148 74 183 306 437 590 730 874 
1024 24 0 1 7 2 6 4 4 0 1 7 5 6 6 4 71 134 130 164 127 155 165 71 196 315 466 579 723 873 
1018 18 0 1 6 0 6 3 2 0 1 6 2 6 3 2 76 105 138 165 165 152 161 76 175 303 453 605 740 881 
1024 24 0 1 1 7 8 4 3 0 1 1 7 8 5 5 73 126 128 147 154 162 164 73 194 309 451 593 745 896 
1028 28 0 1 4 10 3 4 6 0 1 4 11 4 4 6 61 111 134 168 147 160 172 61 167 294 447 581 728 889 
1029 29 0 1 2 10 4 7 5 0 1 2 10 5 8 6 71 96 140 160 150 169 170 71 162 294 442 577 729 888 
1028 28 0 4 4 5 4 7 4 0 5 4 5 4 7 4 60 112 126 171 146 146 172 60 168 288 447 582 722 886 
1009 9 0 2 0 1 2 0 4 0 2 0 2 2 1 4 82 113 139 142 154 162 148 82 186 313 442 583 731 871 
1017 17 0 2 2 2 1 6 4 0 2 2 3 1 6 5 81 116 130 139 139 162 155 81 194 314 444 570 720 867 
1028 28 0 6 3 3 3 4 9 0 6 3 3 4 5 11 65 116 133 153 168 163 157 65 179 304 447 598 748 895 
1027 27 0 4 2 5 2 5 9 0 4 3 7 3 5 10 82 136 117 120 150 172 183 82 208 314 424 568 725 893 
1029 29 0 3 2 8 7 1 8 0 4 3 9 9 1 8 69 110 142 153 143 154 164 69 175 307 447 578 720 873 
1018 18 0 2 5 3 0 5 3 1 2 5 3 0 5 4 72 115 131 140 155 162 159 72 179 303 435 581 734 877 
1030 30 0 2 3 2 6 7 10 0 3 3 2 6 8 11 72 125 138 153 149 163 152 72 191 319 455 598 751 895 
1023 23 0 3 5 5 2 2 6 0 3 6 6 4 3 6 70 131 137 138 151 149 155 70 199 321 447 584 724 867 
1028 28 0 2 5 10 2 6 3 0 2 5 10 3 6 3 88 99 146 144 153 165 142 88 179 319 454 595 747 876 
1022 22 0 3 3 1 7 4 4 0 3 3 1 8 7 4 64 97 140 148 164 165 166 64 160 291 427 581 731 883 
1018 18 0 2 3 2 3 5 3 1 3 3 2 3 5 3 86 111 149 135 155 153 151 86 189 327 450 598 736 872 
1029 29 0 0 3 7 8 5 6 0 0 4 7 8 6 7 77 122 128 147 152 155 179 77 192 308 445 582 723 887 
1030 30 0 4 7 3 3 6 7 0 4 7 4 3 8 7 74 109 127 156 154 152 170 74 179 299 441 575 711 874 
1031 31 0 2 5 4 6 7 7 0 3 5 6 6 9 7 63 115 144 140 140 174 154 63 173 310 439 574 741 876 
1031 31 0 2 5 7 7 4 6 0 2 6 7 7 5 7 75 130 149 147 144 150 158 75 197 341 475 603 739 886 
1021 21 0 1 6 1 1 5 7 0 1 7 2 1 6 7 73 121 131 145 153 157 169 73 193 316 455 593 734 893 
1015 15 0 0 1 7 0 4 3 1 0 1 7 0 4 4 77 122 129 164 142 148 153 77 192 310 466 597 734 875 
1032 32 0 1 5 8 5 2 11 0 1 5 8 5 3 12 55 134 138 149 156 166 152 55 186 318 455 599 753 886 
1033 33 0 4 4 8 6 6 5 0 5 4 8 7 7 5 63 117 154 155 153 152 152 63 178 322 463 605 746 886 
1028 28 0 1 4 7 8 3 5 0 1 4 8 8 4 5 65 116 151 164 148 153 149 65 173 314 467 607 746 882 
1036 36 0 3 4 4 9 8 8 0 3 4 4 9 9 9 80 119 131 163 144 159 165 80 188 312 463 597 745 900 
1024 24 0 1 4 4 7 4 4 0 1 4 5 7 7 4 60 113 122 167 182 146 155 60 168 283 442 607 739 884 
