1485 485 0 39 74 81 88 97 106 0 39 82 93 103 107 122 129 210 247 255 297 286 279 129 315 534 745 998 1237 1474 
1416 416 0 36 57 77 77 81 88 0 36 63 87 93 98 100 128 183 206 261 256 298 275 128 291 468 702 913 1160 1391 
1360 360 0 22 56 51 82 79 70 0 22 63 66 86 91 89 126 176 225 238 253 264 263 126 288 483 679 902 1129 1346 
1434 434 0 32 64 74 84 84 96 0 33 68 82 95 96 113 129 199 246 244 251 268 284 129 300 521 724 938 1171 1411 
1419 419 0 47 69 73 67 82 81 0 47 72 88 84 95 90 140 196 240 256 246 263 261 140 312 530 752 952 1174 1404 
1456 456 0 34 82 88 81 90 81 0 34 85 102 93 106 94 125 213 245 271 262 268 275 125 316 534 772 986 1211 1443 
1389 389 0 44 50 67 75 71 82 0 45 54 73 88 83 103 151 192 230 236 218 268 283 151 311 517 720 905 1139 1375 
1424 424 0 40 53 68 91 87 85 0 40 57 74 100 102 100 125 188 213 276 288 260 265 125 294 485 724 973 1187 1411 
1471 471 0 47 70 80 86 82 106 0 47 80 91 98 102 119 151 199 239 252 256 276 274 151 326 532 756 981 1213 1456 
1418 418 0 30 58 70 84 86 90 0 30 60 76 95 103 109 126 211 213 250 262 288 267 126 310 481 705 934 1180 1397 
1439 439 0 42 52 88 92 79 86 0 43 57 99 104 100 101 123 200 249 269 281 264 267 123 304 517 741 983 1196 1428 
1418 418 0 46 67 75 78 77 75 0 46 79 85 93 87 88 138 212 237 256 267 244 259 138 329 532 750 973 1181 1397 
1455 455 0 47 63 84 92 86 83 0 47 77 92 100 103 100 125 215 262 273 259 262 254 125 320 546 782 1011 1236 1445 
1395 395 0 31 65 74 82 73 70 0 32 75 85 96 86 77 124 188 238 235 268 249 251 124 289 498 710 944 1158 1379 
1448 448 0 46 65 71 83 91 92 0 47 72 82 97 111 112 140 236 234 242 266 266 268 140 348 546 751 982 1204 1436 
1440 440 0 44 55 66 91 102 82 0 44 64 77 106 115 97 135 191 230 264 272 265 267 135 313 514 731 961 1193 1423 
1411 411 0 26 68 85 72 80 80 0 27 75 100 90 93 91 118 201 260 263 256 257 247 118 300 528 749 956 1179 1394 
1385 385 0 26 49 57 79 84 90 0 27 55 69 87 98 109 119 185 222 259 255 253 288 119 283 476 692 916 1125 1370 
1442 442 0 34 51 86 99 81 91 0 34 58 91 112 103 108 120 185 243 275 262 274 279 120 287 493 730 959 1189 1431 
1399 399 0 41 61 70 75 78 74 0 41 69 78 83 89 89 139 218 224 250 248 244 261 139 331 518 737 952 1161 1383 
1428 428 0 34 59 76 83 76 100 0 35 61 87 99 94 114 110 195 242 260 271 279 289 110 281 495 708 935 1166 1416 
1436 436 0 45 83 79 70 80 79 0 45 91 97 83 89 100 143 208 278 238 255 245 259 143 337 579 775 999 1212 1422 
1402 402 0 26 57 73 78 82 86 0 26 59 83 91 95 102 102 194 211 257 241 275 287 102 279 469 689 897 1141 1386 
1425 425 0 40 64 69 78 91 83 0 40 69 79 90 104 101 135 191 210 251 262 260 277 135 311 499 720 947 1170 1408 
1425 425 0 40 57 62 97 82 87 0 40 65 72 106 96 102 119 196 234 256 284 268 262 119 293 495 713 964 1190 1409 
1373 373 0 24 54 72 72 72 79 0 24 58 81 86 89 99 121 176 241 238 252 247 263 121 276 491 699 915 1119 1347 
1381 381 0 35 54 59 69 72 92 1 35 60 67 79 84 103 137 189 220 255 248 251 272 137 303 491 719 926 1136 1368 
1428 428 0 38 61 85 89 79 76 0 39 67 93 103 100 95 131 203 232 248 267 272 264 131 313 519 744 975 1196 1413 
1447 447 0 36 68 74 96 87 86 0 36 74 89 105 106 97 136 191 253 258 261 278 273 136 305 531 746 969 1204 1429 
1400 400 0 30 44 89 79 77 81 0 30 51 95 93 102 102 129 187 220 266 272 271 258 129 299 487 721 951 1171 1383 
1420 420 0 46 55 76 85 79 79 0 46 62 90 99 96 90 129 198 226 260 278 255 260 129 312 510 737 981 1196 1411 
1383 383 0 42 54 69 76 65 77 1 43 59 82 87 86 86 135 202 213 246 256 258 266 135 317 499 703 925 1134 1364 
1393 393 0 31 62 70 76 69 85 0 31 69 82 92 85 97 138 193 226 243 250 246 275 138 310 506 713 924 1125 1370 
1444 444 0 36 62 73 91 84 98 0 36 65 84 105 113 111 128 203 229 254 276 281 264 128 313 519 728 969 1199 1422 
1451 451 0 36 57 73 89 93 103 0 36 58 86 103 112 117 115 201 237 277 235 281 286 115 301 511 745 943 1186 1434 
1394 394 0 38 46 71 65 76 98 0 38 52 81 75 84 108 127 195 237 237 235 257 287 127 298 498 698 896 1122 1377 
1406 406 0 33 59 72 78 90 74 1 33 64 84 94 104 91 119 179 240 264 267 274 262 119 280 493 715 939 1171 1388 
1412 412 0 41 55 68 76 87 85 0 41 64 78 87 102 96 132 207 242 251 248 264 263 132 316 518 730 935 1163 1395 
1412 412 0 40 59 73 73 76 91 0 40 68 88 88 93 106 127 199 247 229 262 251 281 127 307 520 709 933 1151 1395 
1435 435 0 39 68 75 80 90 83 0 39 71 92 96 106 104 132 203 244 262 256 274 273 132 320 533 752 961 1195 1422 
1392 392 0 41 65 68 68 73 77 0 41 69 81 82 88 89 143 201 233 229 275 245 252 143 322 525 721 952 1160 1380 
1442 442 0 34 48 67 85 107 101 1 34 53 79 104 120 123 132 179 233 247 284 298 292 132 285 493 701 934 1186 1425 
1381 381 0 28 59 74 70 74 76 0 28 64 84 85 87 88 126 210 229 235 242 254 263 126 316 520 719 927 1145 1359 
1404 404 0 31 56 70 73 87 87 1 32 63 77 87 94 98 140 192 228 236 252 271 271 140 308 502 709 924 1160 1393 
1438 438 0 39 58 74 82 94 91 0 39 62 85 102 107 109 124 207 245 246 267 270 264 124 314 524 734 965 1197 1418 
1457 457 0 37 63 78 92 83 104 0 37 69 95 106 101 112 149 192 245 276 274 270 274 149 315 527 757 987 1206 1448 
1422 422 0 40 59 59 85 86 93 0 40 65 74 95 99 111 150 185 218 254 251 285 270 150 317 512 727 945 1186 1408 
1430 430 0 24 77 72 80 81 96 0 25 82 85 92 95 103 126 201 252 249 256 263 271 126 304 521 726 949 1175 1411 
1435 435 0 42 60 78 80 91 84 0 43 66 90 95 99 96 142 198 224 230 271 261 275 142 322 517 719 948 1174 1414 
1462 462 0 39 71 90 72 97 93 0 39 79 98 92 110 115 136 207 249 250 268 272 266 136 316 535 758 987 1229 1446 
1421 421 0 33 56 77 81 90 84 0 33 62 81 100 103 100 115 183 230 239 293 276 268 115 277 469 684 930 1166 1399 
1435 435 0 46 56 73 76 93 91 0 46 62 81 89 111 111 138 188 225 258 256 295 278 138 303 497 717 937 1185 1417 
1394 394 0 33 53 82 75 71 80 0 33 64 89 94 86 98 132 190 244 240 259 267 270 132 297 504 711 935 1153 1375 
1388 388 0 35 49 94 64 66 80 0 35 57 97 80 74 91 118 194 249 242 270 248 267 118 294 504 721 948 1146 1374 
1404 404 0 41 50 78 71 78 86 0 41 57 89 84 89 94 132 199 208 257 243 274 272 132 312 487 710 923 1159 1389 
1423 423 0 39 59 72 70 92 91 0 39 67 81 85 105 104 143 215 227 253 252 275 254 143 331 522 745 957 1192 1410 
1384 384 0 43 47 76 68 82 68 0 44 54 83 77 91 78 132 200 242 251 261 241 240 132 311 523 737 959 1161 1363 
1417 417 0 38 53 75 81 81 89 1 38 62 78 92 98 101 122 198 246 248 257 260 258 122 305 516 735 959 1171 1398 
1408 408 0 29 47 76 80 89 87 0 29 51 85 92 101 109 115 207 231 250 247 263 276 115 305 498 707 922 1156 1387 
1440 440 0 41 56 67 86 91 99 0 41 67 76 98 108 114 128 183 224 255 288 277 294 128 286 484 697 942 1167 1418 
1436 436 0 32 71 77 78 94 84 0 32 79 92 98 109 100 115 212 251 247 268 281 266 115 307 524 729 959 1200 1421 
1429 429 0 40 74 68 81 84 82 0 40 79 84 101 95 99 135 210 238 251 246 273 263 135 324 536 746 950 1193 1416 
1415 415 0 37 55 86 82 85 70 0 37 62 100 99 99 86 123 192 250 256 268 262 255 123 296 513 727 952 1176 1399 
1372 372 0 26 48 61 71 77 89 0 27 53 70 79 88 101 141 182 208 241 261 247 258 141 302 480 696 921 1133 1354 
1396 396 0 31 67 73 66 76 83 0 31 70 84 80 97 105 127 175 244 236 256 275 287 127 280 497 691 906 1138 1383 
1427 427 0 53 76 69 84 74 71 1 53 85 82 94 85 85 152 227 248 253 255 247 240 152 354 563 779 1004 1213 1414 
1409 409 0 33 66 72 76 82 80 0 33 70 82 91 97 95 131 203 225 253 255 272 270 131 316 520 730 943 1176 1397 
1424 424 0 34 64 76 75 83 92 0 34 73 86 90 100 106 121 182 245 278 273 272 266 121 293 500 731 954 1181 1411 
1399 399 0 33 64 63 72 83 84 0 33 72 78 84 96 102 127 205 233 244 260 252 265 127 306 505 716 939 1156 1383 
1423 423 0 35 61 73 69 93 92 0 35 71 85 89 102 108 132 190 240 264 261 260 290 132 302 504 725 939 1171 1413 
1372 372 0 29 42 64 80 73 84 0 29 48 69 92 90 104 118 186 232 237 265 271 267 118 288 480 682 910 1131 1353 
1406 406 0 36 55 72 81 76 86 0 36 63 81 97 94 101 125 186 215 263 251 274 288 125 296 480 708 912 1143 1386 
1409 409 0 34 57 67 80 89 82 0 34 62 75 91 103 100 123 202 222 244 253 260 278 123 305 491 706 924 1150 1389 
1434 434 0 50 77 84 73 81 69 0 51 84 96 89 91 89 147 199 247 261 258 256 258 147 322 544 766 990 1209 1425 
1448 448 0 40 62 81 99 83 83 0 41 66 96 108 103 101 127 205 231 284 282 272 251 127 308 514 751 994 1220 1436 
1407 407 0 29 63 76 73 78 88 0 29 68 83 82 94 97 120 217 242 247 245 269 274 120 315 511 723 934 1161 1392 
1491 491 0 49 75 100 81 91 95 0 49 81 112 93 108 107 119 218 252 265 281 278 281 119 323 537 765 1005 1233 1477 
1454 454 0 33 62 80 99 93 87 0 33 67 89 111 114 113 119 217 240 252 290 284 263 119 312 517 733 990 1229 1444 
1439 439 0 31 64 73 97 80 94 0 31 67 79 108 98 108 136 187 225 253 278 263 260 136 307 504 731 979 1195 1424 
1381 381 0 40 56 67 64 76 78 0 40 62 72 75 85 88 119 202 235 247 234 244 249 119 308 512 734 926 1140 1359 
1386 386 0 35 51 71 86 73 70 0 35 55 84 99 85 79 129 217 241 258 263 244 247 129 319 522 732 955 1159 1375 
1414 414 0 34 54 81 73 89 83 0 34 58 93 83 101 99 131 202 249 256 281 275 257 131 304 515 729 965 1195 1400 
1420 420 0 32 52 85 69 89 93 0 32 64 92 92 97 108 135 198 227 253 260 267 267 135 309 501 733 941 1172 1404 
1459 459 0 33 71 77 90 97 91 0 33 81 88 100 111 110 123 214 227 269 265 266 299 123 314 508 742 973 1200 1453 
1402 402 0 30 65 67 86 61 93 0 31 73 78 95 82 107 117 199 247 267 237 251 281 117 297 506 741 944 1152 1391 
1455 455 0 45 67 87 79 92 85 0 45 75 97 95 108 105 133 187 226 258 261 285 288 133 301 500 732 952 1190 1435 
1407 407 0 26 57 86 70 86 82 0 26 65 94 85 100 100 118 186 245 259 274 275 256 118 282 490 717 948 1180 1395 
1427 427 0 38 57 61 88 96 87 0 38 61 72 98 115 104 131 203 219 254 270 265 285 131 316 504 719 944 1168 1411 
1397 397 0 28 52 69 86 86 76 1 28 57 77 95 99 94 120 177 228 256 246 263 284 120 281 474 698 910 1140 1378 
1378 378 0 31 60 69 71 77 70 0 31 66 78 85 90 81 127 181 243 274 257 243 239 127 285 500 732 942 1146 1354 
1428 428 0 43 48 81 91 72 93 0 43 53 91 97 93 106 130 207 243 243 248 274 301 130 313 510 716 937 1162 1417 
1427 427 0 36 57 77 80 94 83 0 36 61 86 90 103 103 131 203 218 247 263 274 297 131 307 494 714 941 1176 1412 
1426 426 0 40 60 60 85 102 79 1 40 66 73 96 116 97 139 215 234 240 280 275 256 139 329 527 718 963 1198 1407 
1452 452 0 36 79 82 81 86 88 0 36 84 100 94 105 99 135 206 249 274 269 262 263 135 318 536 768 988 1210 1433 
1408 408 0 40 58 77 90 72 71 0 40 66 90 100 85 88 107 192 245 257 262 243 270 107 286 499 723 949 1162 1393 
1453 453 0 42 66 82 84 89 90 1 43 78 94 94 100 103 140 211 246 262 270 275 257 140 325 536 757 993 1224 1440 
1428 428 0 37 63 72 89 81 86 0 37 66 87 102 94 95 129 198 224 255 275 264 278 129 307 509 724 960 1182 1417 
1423 423 0 47 68 64 85 75 84 0 48 78 77 93 97 103 140 207 262 231 272 278 268 140 324 550 740 977 1188 1405 
1384 384 0 40 51 74 67 73 79 1 41 57 81 76 81 89 134 203 221 258 242 260 245 134 318 507 737 942 1167 1371 
1415 415 0 41 60 73 80 82 79 0 41 66 85 95 94 94 129 204 226 258 243 259 268 129 316 512 736 942 1168 1400 
