1186 186 0 14 19 27 43 40 43 1 14 21 28 46 47 47 74 132 162 153 188 192 221 74 204 357 492 664 837 1036 
1189 189 0 13 21 35 39 41 40 0 13 22 39 41 43 44 65 112 152 198 189 207 194 65 174 319 500 673 858 1032 
1199 199 0 18 18 35 36 45 47 0 18 22 35 39 49 52 82 132 153 173 195 203 212 82 208 345 506 688 869 1063 
1191 191 0 13 24 30 44 43 37 0 13 25 31 49 46 41 74 121 129 190 222 191 197 74 192 316 495 695 870 1050 
1229 229 0 19 29 38 51 41 51 0 19 31 40 54 48 56 76 138 163 201 209 198 200 76 208 363 542 738 919 1100 
1229 229 0 11 22 33 46 65 52 0 12 23 35 47 69 59 74 134 164 176 200 230 197 74 204 357 513 700 915 1092 
1211 211 0 12 20 41 49 44 45 0 12 21 45 55 48 50 66 120 176 201 228 201 177 66 178 345 529 736 914 1076 
1185 185 0 10 16 26 46 43 44 0 10 18 28 49 52 48 64 126 144 180 193 218 201 64 188 321 486 664 858 1038 
1204 204 0 8 21 34 38 51 52 0 8 23 35 40 52 61 67 108 170 184 197 224 210 67 172 334 498 685 891 1077 
1250 250 0 17 35 32 50 62 54 0 17 39 34 57 68 59 64 125 166 176 211 241 240 64 183 339 500 693 915 1128 
1202 202 0 15 18 41 46 46 36 0 15 18 45 51 54 40 63 126 175 181 186 212 179 63 184 346 514 685 876 1039 
1213 213 0 10 25 39 38 59 42 0 10 26 40 43 66 50 64 132 170 178 198 215 192 64 191 349 515 693 890 1056 
1193 193 0 10 28 31 40 39 45 0 10 28 32 48 43 47 81 140 151 170 189 200 208 81 213 354 512 686 869 1061 
1217 217 0 7 24 41 53 49 43 0 8 26 42 56 54 49 50 116 173 208 209 211 192 50 162 325 523 717 908 1082 
1205 205 0 11 25 33 51 40 45 0 11 28 35 52 43 50 82 116 156 182 215 191 207 82 194 341 509 711 885 1063 
1219 219 0 14 36 37 45 40 47 0 14 37 38 49 44 50 74 146 172 173 197 194 208 74 210 370 534 719 892 1085 
1195 195 0 13 21 31 33 41 56 0 13 22 34 39 46 60 80 122 154 167 199 199 217 80 197 342 495 672 854 1057 
1193 193 0 7 26 31 44 50 35 0 7 27 35 45 54 38 61 116 153 212 200 216 194 61 173 315 510 690 888 1057 
1196 196 0 12 15 42 37 43 47 0 12 17 42 41 45 52 57 131 162 182 191 209 195 57 182 334 505 686 879 1055 
1179 179 0 11 23 28 41 35 41 0 11 24 30 43 38 46 63 123 128 193 207 183 202 63 180 298 480 671 836 1021 
1204 204 0 11 33 43 38 38 41 0 11 33 49 43 40 46 79 130 188 180 193 167 210 79 205 378 538 717 873 1063 
1223 223 0 8 24 37 42 49 63 1 8 24 37 46 53 69 68 131 179 170 185 220 213 68 193 360 518 689 893 1088 
1200 200 0 9 26 28 47 38 52 0 9 26 29 49 38 56 63 121 156 190 198 202 207 63 174 326 499 677 865 1059 
1212 212 0 5 23 45 48 44 47 0 5 24 45 52 51 52 63 131 160 188 214 192 195 63 185 333 506 703 870 1055 
1203 203 0 14 32 36 42 48 31 0 14 32 38 46 49 41 67 124 165 170 189 213 182 67 186 342 501 681 882 1041 
1188 188 0 13 17 27 36 41 54 0 13 18 32 39 45 58 76 125 140 181 177 205 206 76 193 318 487 649 842 1028 
1180 180 0 12 15 29 41 40 43 0 12 15 31 45 44 47 73 110 144 185 188 186 226 73 176 310 480 654 824 1034 
1225 225 0 15 35 37 42 38 58 0 15 36 41 48 43 61 85 124 186 193 195 193 220 85 198 372 546 720 894 1100 
1221 221 0 15 32 34 44 39 57 0 16 35 42 46 43 61 69 138 155 177 212 203 225 69 204 345 503 702 885 1086 
1219 219 0 14 34 35 37 51 48 0 14 35 41 42 57 54 74 131 171 183 199 202 226 74 199 362 524 698 885 1086 
1224 224 0 9 27 40 44 56 48 0 10 28 43 45 57 52 56 121 165 191 214 196 215 56 174 330 511 707 893 1091 
1207 207 0 11 27 32 37 50 50 0 11 27 34 45 53 57 73 119 164 191 191 188 228 73 185 338 507 680 856 1063 
1188 188 0 17 21 29 38 41 42 1 17 24 32 42 41 44 77 130 156 173 197 198 190 77 204 344 501 676 862 1035 
1225 225 0 14 39 27 48 53 44 0 14 40 32 49 56 52 80 145 175 177 204 195 201 80 212 375 533 721 905 1083 
1197 197 0 7 21 30 42 40 57 0 7 21 35 49 50 60 77 112 136 192 182 204 235 77 180 309 481 646 830 1049 
1233 233 0 16 25 40 49 55 48 0 16 27 42 51 60 58 77 135 172 207 197 229 182 77 204 357 545 724 932 1093 
1197 197 0 12 17 34 39 38 57 0 12 21 34 43 38 58 78 116 142 187 201 201 211 78 187 315 491 678 864 1063 
1220 220 0 11 26 43 38 59 43 0 11 28 47 44 61 52 62 127 181 196 197 223 183 62 180 346 530 709 914 1069 
1251 251 0 12 32 45 49 50 63 0 12 32 48 52 57 67 61 131 172 183 200 228 227 61 188 348 517 703 916 1120 
1207 207 0 16 22 29 57 34 49 1 16 26 31 60 44 56 70 118 160 196 217 196 227 70 181 331 512 705 872 1080 
1212 212 0 7 29 37 42 50 47 0 7 29 39 50 52 51 81 134 147 192 180 216 220 81 207 341 521 684 883 1082 
1187 187 0 12 25 31 43 38 38 0 12 25 32 46 41 42 76 126 169 182 203 198 190 76 194 351 519 703 889 1062 
1150 150 0 10 17 23 33 29 38 0 10 17 24 36 34 42 73 112 139 177 196 188 194 73 180 306 472 655 828 1002 
1211 211 0 19 26 31 36 39 60 0 19 28 31 40 43 67 92 129 151 182 192 208 208 92 211 353 515 690 881 1068 
1184 184 0 12 23 29 42 40 38 0 12 23 32 44 44 42 69 138 162 170 195 176 211 69 202 351 508 687 848 1039 
1223 223 0 7 24 41 45 47 59 0 7 25 42 55 52 62 67 119 172 200 197 198 205 67 184 339 531 704 885 1077 
1204 204 0 10 22 29 41 50 52 0 10 22 31 46 52 60 73 132 140 171 203 201 208 73 196 325 478 667 853 1041 
1202 202 0 6 25 43 54 42 32 0 6 25 45 61 45 35 72 124 147 202 214 193 182 72 189 328 516 715 897 1061 
1229 229 0 13 29 39 41 49 58 0 13 30 41 42 52 65 93 134 163 185 199 189 200 93 221 376 546 732 906 1085 
1200 200 0 11 27 30 40 48 44 0 11 28 37 43 51 52 82 127 163 194 188 209 190 82 203 353 524 691 880 1048 
1244 244 0 13 37 40 47 53 54 0 13 37 42 49 58 59 71 133 171 196 207 218 208 71 196 351 533 726 925 1108 
1201 201 0 18 23 27 35 49 49 0 18 26 28 37 51 54 82 112 167 182 178 194 226 82 189 344 512 679 863 1066 
1216 216 0 8 24 31 34 65 54 0 8 25 32 36 68 61 63 122 148 191 207 231 200 63 179 316 497 691 906 1081 
1217 217 0 13 22 34 43 44 61 0 13 23 36 43 49 65 69 139 164 169 175 202 236 69 201 356 508 672 863 1080 
1190 190 0 8 23 32 37 52 38 0 8 24 33 41 53 44 76 118 156 174 182 195 212 76 187 333 497 662 846 1043 
1197 197 0 12 19 33 44 49 40 0 12 21 34 46 52 43 65 127 165 174 201 210 198 65 182 336 496 677 867 1045 
1209 209 0 11 28 34 38 50 48 0 12 29 36 42 56 55 69 139 184 165 191 191 212 69 198 366 515 689 860 1054 
1211 211 0 12 14 34 48 54 49 1 12 17 36 54 59 52 79 119 163 200 204 190 195 79 191 343 526 707 884 1069 
1186 186 0 10 26 19 32 50 49 0 10 26 19 35 53 56 62 112 149 167 191 196 227 62 169 311 469 641 823 1032 
1188 188 0 13 25 36 35 39 40 1 13 27 37 38 43 44 72 139 170 181 180 194 197 72 201 361 524 692 869 1049 
1229 229 0 19 30 40 44 47 49 0 19 31 43 45 55 57 74 124 167 181 210 221 204 74 189 344 514 713 911 1089 
1208 208 0 14 25 41 29 56 43 0 14 26 45 33 57 49 88 130 155 182 190 219 218 88 211 357 523 697 892 1087 
1182 182 0 10 22 29 37 32 52 0 10 23 30 39 38 56 68 110 168 153 170 223 220 68 171 326 467 628 835 1032 
1215 215 0 19 31 33 42 42 48 0 20 32 37 44 47 53 87 136 161 190 180 195 207 87 217 367 539 708 889 1076 
1204 204 0 12 25 31 39 55 42 0 12 25 32 44 55 51 84 126 162 181 200 194 194 84 201 351 512 696 872 1047 
1189 189 0 4 22 37 41 44 41 0 4 22 38 44 46 46 52 120 151 191 202 199 204 52 164 304 486 670 848 1032 
1191 191 0 15 18 28 49 48 33 0 16 21 30 50 54 36 77 128 147 175 183 210 184 77 199 333 498 671 863 1036 
1220 220 0 21 24 19 51 58 47 0 22 25 21 52 62 51 80 129 167 164 202 210 197 80 202 358 511 701 894 1074 
1226 226 0 11 18 37 52 50 58 0 11 22 39 56 54 60 71 128 155 180 202 217 229 71 191 336 505 692 891 1101 
1214 214 0 3 23 45 43 48 52 0 3 24 46 47 52 60 67 129 153 213 206 204 195 67 187 331 534 716 907 1078 
1224 224 0 14 22 36 51 46 55 1 14 22 38 54 52 60 69 120 155 193 214 226 210 69 187 331 507 694 895 1081 
1216 216 0 4 25 42 47 49 49 0 4 26 49 51 54 59 65 108 157 194 222 211 210 65 170 315 493 695 886 1074 
1192 192 0 5 27 37 31 43 49 0 6 27 39 34 45 52 60 137 155 195 199 191 223 60 189 333 516 694 868 1072 
1211 211 0 16 24 33 32 57 49 0 16 26 38 36 57 58 67 140 162 173 198 223 195 67 200 342 501 682 890 1063 
1206 206 0 11 37 28 30 50 50 0 11 38 32 31 51 55 71 121 166 168 186 224 216 71 186 340 488 658 867 1066 
1225 225 0 18 19 34 48 51 55 0 18 21 36 48 57 63 68 135 160 173 216 222 203 68 197 343 501 711 910 1091 
1210 210 0 16 25 36 41 44 48 0 16 25 38 43 51 56 84 123 159 177 172 224 209 84 200 348 513 671 875 1059 
1212 212 0 12 21 40 46 45 48 0 12 22 40 48 50 51 70 115 162 185 175 222 217 70 180 336 508 673 878 1080 
1201 201 0 13 23 30 35 47 53 0 13 24 33 38 48 55 82 134 150 189 178 195 200 82 209 355 526 684 868 1055 
1240 240 0 13 39 41 44 49 54 0 13 41 45 49 54 58 65 140 162 209 201 216 193 65 198 354 542 724 921 1099 
1248 248 0 16 30 40 55 52 55 1 16 32 41 59 60 61 74 129 162 186 209 221 203 74 199 357 532 724 923 1106 
1180 180 0 14 26 31 31 35 43 0 15 28 34 33 36 43 82 133 155 181 175 196 216 82 206 349 513 676 854 1060 
1187 187 0 16 22 30 32 42 45 0 16 22 33 34 44 46 70 138 149 188 184 201 212 70 205 338 509 665 846 1040 
1192 192 0 10 23 30 47 38 44 0 10 23 33 50 44 46 63 106 158 193 186 217 214 63 166 313 493 669 867 1059 
1193 193 0 14 27 28 32 32 60 0 15 27 30 36 36 65 80 123 153 176 189 211 215 80 199 339 497 667 856 1051 
1196 196 0 14 29 29 40 46 38 0 14 30 33 43 48 41 71 136 157 179 199 208 203 71 199 349 507 687 874 1054 
1210 210 0 7 21 43 48 41 50 0 7 22 46 52 43 54 67 110 177 202 191 199 202 67 170 339 522 701 886 1074 
1200 200 0 11 23 33 45 39 49 0 11 24 34 45 41 53 65 136 175 168 189 194 195 65 199 362 516 692 873 1051 
1207 207 0 8 18 39 40 43 59 0 8 19 39 44 47 62 61 111 163 183 208 212 207 61 166 322 495 684 874 1064 
1192 192 0 10 21 41 33 50 37 0 10 23 43 40 59 40 62 112 147 181 200 234 193 62 170 307 470 649 861 1035 
1215 215 0 14 26 36 39 47 53 0 14 27 39 42 49 57 60 125 169 186 215 220 213 60 181 342 510 705 903 1098 
1188 188 0 8 22 42 38 43 35 0 8 23 45 45 49 36 66 130 173 211 194 196 180 66 188 347 542 711 890 1054 
1189 189 0 17 29 29 35 34 45 0 17 29 32 36 37 48 86 120 168 175 184 187 195 86 199 360 518 689 862 1042 
1210 210 0 8 25 40 42 48 47 0 9 26 43 47 52 51 69 136 171 194 214 187 207 69 197 351 525 724 890 1074 
1216 216 0 17 30 39 46 44 40 0 17 30 39 49 47 41 78 147 165 200 197 180 197 78 218 374 566 739 909 1092 
1195 195 0 11 26 22 35 43 58 1 11 26 25 39 47 60 66 112 159 161 195 205 226 66 176 325 469 650 840 1051 
1220 220 0 11 20 37 43 55 54 0 12 21 39 46 59 60 71 113 157 185 186 245 202 71 177 324 498 665 891 1075 
1246 246 0 14 27 37 55 56 57 0 14 29 37 62 66 61 77 123 165 205 213 232 203 77 196 350 538 724 931 1115 
1193 193 0 10 33 38 34 39 39 0 10 34 40 35 44 43 79 128 171 162 161 208 224 79 200 359 509 661 855 1055 
1200 200 0 10 21 36 44 49 40 1 10 22 39 50 53 45 68 119 148 187 212 195 190 68 184 322 501 697 870 1049 
