1000 0 0 0 0 0 0 0 0 0 0 1 0 0 0 0 25 46 70 108 97 115 116 25 71 138 243 336 444 553 
1000 0 0 0 0 0 0 0 0 0 0 1 0 0 0 0 32 50 75 91 97 116 124 32 81 154 241 336 449 562 
1000 0 0 0 0 0 0 0 0 0 0 0 1 0 0 0 27 47 52 97 84 110 116 27 73 124 217 295 400 512 
1000 0 0 0 0 0 0 0 0 0 1 0 0 0 0 0 28 53 79 99 100 99 108 28 81 156 249 344 440 544 
1001 1 0 0 0 0 1 0 0 0 0 0 0 2 0 0 30 58 64 78 103 122 116 30 86 147 222 321 438 550 
1001 1 0 0 0 0 0 0 1 0 0 0 0 0 0 2 24 55 69 76 105 105 122 24 78 144 218 323 424 541 
1000 0 0 0 0 0 0 0 0 0 0 0 0 0 0 1 31 57 70 86 109 120 107 31 87 154 235 337 453 555 
1000 0 0 0 0 0 0 0 0 0 0 0 0 0 0 1 23 56 63 73 101 119 121 23 75 133 203 300 413 528 
1001 1 0 0 0 0 0 1 0 0 0 1 0 0 1 0 33 55 77 84 96 103 112 33 85 160 241 330 429 537 
1000 0 0 0 0 0 0 0 0 0 0 0 1 0 0 0 26 52 73 85 114 96 116 26 78 151 232 338 427 538 
1001 1 0 0 0 0 1 0 0 0 0 0 0 2 0 0 27 56 66 85 94 141 118 27 81 145 225 313 452 564 
1000 0 0 0 0 0 0 0 0 0 0 0 0 0 0 1 31 58 75 92 112 91 128 31 89 161 249 358 446 571 
1000 0 0 0 0 0 0 0 0 0 0 0 0 0 0 1 29 55 67 88 92 114 98 29 83 148 232 320 431 526 
1001 1 0 0 0 0 1 0 0 0 0 0 0 2 0 0 30 57 76 89 86 125 119 30 86 159 247 331 450 563 
1000 0 0 0 0 0 0 0 0 0 0 0 1 0 0 0 28 56 73 89 104 110 110 28 82 153 240 338 439 545 
1000 0 0 0 0 0 0 0 0 0 0 0 0 1 0 0 38 57 81 82 100 111 116 38 93 172 249 343 447 561 
1001 1 0 0 0 0 0 1 0 0 0 1 0 0 1 0 22 47 76 86 115 98 128 22 68 142 225 334 427 549 
1000 0 0 0 0 0 0 0 0 0 0 0 0 0 0 1 41 54 56 92 112 108 132 41 93 147 238 350 455 580 
1001 1 0 0 0 0 0 0 1 0 0 0 1 0 0 1 28 52 75 84 116 111 111 28 78 150 231 343 452 554 
1001 1 0 0 0 0 0 0 1 0 0 0 0 0 1 1 27 58 66 73 84 128 129 27 83 146 218 299 424 542 
1000 0 0 0 0 0 0 0 0 0 1 0 0 0 0 0 27 58 74 117 107 114 99 27 83 155 266 365 476 572 
1001 1 0 0 0 0 1 0 0 0 1 0 0 1 0 0 36 68 69 90 105 106 119 36 103 171 258 361 463 577 
1000 0 0 0 0 0 0 0 0 0 0 0 0 0 0 1 26 54 60 96 98 129 123 26 80 140 232 325 450 567 
1002 2 0 0 0 0 0 2 0 0 0 0 0 1 2 0 26 52 62 102 105 108 120 26 77 137 237 338 441 555 
1000 0 0 0 0 0 0 0 0 0 1 0 0 0 0 0 28 53 68 79 113 112 133 28 81 147 221 332 440 564 
1000 0 0 0 0 0 0 0 0 0 0 0 0 0 1 0 22 49 72 75 123 118 98 22 69 136 208 326 443 537 
1001 1 0 0 0 0 0 1 0 0 0 0 0 0 2 0 24 60 76 80 107 123 95 24 84 160 237 339 452 542 
1000 0 0 0 0 0 0 0 0 0 0 0 0 0 0 1 39 58 63 73 94 101 121 39 96 155 226 318 415 529 
1001 1 0 0 0 0 0 1 0 0 0 0 0 1 1 0 29 45 63 90 100 133 124 29 73 135 223 320 447 567 
1000 0 0 0 0 0 0 0 0 0 0 1 0 0 0 0 26 53 65 98 98 112 127 26 78 137 231 325 433 553 
1000 0 0 0 0 0 0 0 0 0 0 0 0 0 0 1 25 44 58 89 94 128 122 25 68 126 211 299 421 539 
1000 0 0 0 0 0 0 0 0 0 0 1 0 0 0 0 29 65 75 87 97 106 119 29 93 167 251 342 446 558 
1001 1 0 0 1 0 0 0 0 0 0 2 0 0 0 0 33 60 80 72 117 111 126 33 92 169 238 352 453 573 
1000 0 0 0 0 0 0 0 0 0 0 0 1 0 0 0 24 47 71 89 84 110 134 24 69 139 225 306 416 546 
1000 0 0 0 0 0 0 0 0 0 0 0 0 0 0 1 17 49 60 95 90 127 122 17 65 125 217 304 426 539 
1001 1 0 0 0 1 0 0 0 0 0 0 1 0 1 0 22 54 79 94 103 122 105 22 76 154 244 344 456 556 
1001 1 0 0 0 0 0 1 0 0 0 1 0 0 1 0 35 41 64 85 99 119 109 35 76 140 219 312 426 531 
1000 0 0 0 0 0 0 0 0 0 0 0 0 0 0 1 32 54 73 80 113 91 106 32 85 157 233 343 430 529 
1000 0 0 0 0 0 0 0 0 0 0 1 0 0 0 0 32 68 87 85 106 100 113 32 99 186 267 366 463 573 
1000 0 0 0 0 0 0 0 0 0 0 0 1 0 0 0 20 45 54 83 109 123 130 20 65 118 199 304 421 542 
1002 2 0 0 0 0 0 2 0 0 0 0 1 0 2 0 35 60 70 87 95 98 119 35 94 162 245 339 433 545 
1000 0 0 0 0 0 0 0 0 0 0 0 0 1 0 0 28 45 86 81 93 115 120 28 73 156 236 324 434 544 
1001 1 0 0 0 0 0 1 0 0 0 0 1 0 1 0 25 30 69 85 108 124 128 25 55 123 207 311 429 554 
1000 0 0 0 0 0 0 0 0 0 0 0 0 0 1 0 26 50 80 107 104 103 117 26 75 151 253 349 449 563 
1000 0 0 0 0 0 0 0 0 0 0 0 0 0 0 1 27 50 71 84 90 110 119 27 75 144 224 313 419 530 
1000 0 0 0 0 0 0 0 0 0 0 0 0 0 1 0 23 67 72 78 101 112 105 23 90 157 233 331 439 538 
1000 0 0 0 0 0 0 0 0 0 0 0 0 0 0 1 31 45 68 97 114 102 106 31 76 144 237 343 440 540 
1001 1 0 0 0 0 0 0 1 0 0 0 0 1 1 1 24 54 84 79 104 127 115 24 78 158 233 331 451 561 
1002 2 0 0 1 0 0 0 1 0 0 1 1 0 0 1 26 53 76 105 105 86 133 26 79 152 250 344 426 554 
1000 0 0 0 0 0 0 0 0 0 0 0 0 0 1 0 28 40 72 89 118 113 128 28 68 137 222 333 443 569 
1000 0 0 0 0 0 0 0 0 0 0 0 1 0 0 0 26 60 80 84 95 116 117 26 86 163 245 336 449 563 
1000 0 0 0 0 0 0 0 0 0 1 0 0 0 0 0 23 56 71 97 97 119 109 23 77 147 238 331 448 551 
1001 1 0 0 0 0 1 0 0 0 0 0 0 1 0 1 33 40 85 78 113 101 125 33 70 153 227 340 439 562 
1000 0 0 0 0 0 0 0 0 0 0 1 0 0 0 0 26 60 74 83 86 131 128 26 86 157 236 320 448 569 
1000 0 0 0 0 0 0 0 0 0 0 0 0 1 0 0 27 45 64 102 109 113 119 27 71 131 231 338 447 562 
1001 1 0 0 0 0 0 1 0 0 0 0 1 0 1 0 31 65 80 93 102 119 119 31 95 169 260 356 472 589 
1000 0 0 0 0 0 0 0 0 0 0 0 0 1 0 0 31 54 75 85 99 112 116 31 85 157 238 335 440 553 
1000 0 0 0 0 0 0 0 0 0 0 0 0 0 1 0 28 59 69 89 109 113 115 28 84 149 234 338 447 557 
1000 0 0 0 0 0 0 0 0 0 0 0 0 0 1 0 30 61 73 94 88 103 105 30 90 161 253 339 439 538 
1000 0 0 0 0 0 0 0 0 0 0 0 0 1 0 0 28 47 75 99 106 107 116 28 74 144 242 344 447 559 
1000 0 0 0 0 0 0 0 0 0 0 0 0 0 1 0 27 52 60 83 98 119 114 27 79 137 215 311 424 534 
1000 0 0 0 0 0 0 0 0 0 0 1 0 0 0 0 27 53 81 73 104 110 128 27 79 158 228 326 429 552 
1001 1 0 0 0 1 0 0 0 0 0 0 2 0 0 0 25 56 73 105 113 104 100 25 81 152 253 360 458 550 
1000 0 0 0 0 0 0 0 0 0 1 0 0 0 0 0 29 49 67 84 91 117 119 29 76 139 222 309 424 536 
1002 2 0 0 0 2 0 0 0 0 0 0 2 1 0 1 26 62 74 85 86 122 103 26 88 162 246 331 450 549 
1000 0 0 0 0 0 0 0 0 0 0 0 0 0 1 0 29 53 80 86 91 118 116 29 82 162 246 334 449 555 
1000 0 0 0 0 0 0 0 0 0 0 0 0 0 1 0 39 40 74 98 99 97 115 39 77 150 245 342 431 538 
1000 0 0 0 0 0 0 0 0 1 0 0 0 0 0 0 24 59 64 86 113 124 116 24 81 144 227 332 450 562 
1000 0 0 0 0 0 0 0 0 0 0 0 0 0 0 1 37 42 63 68 96 122 130 37 78 140 206 299 412 536 
1000 0 0 0 0 0 0 0 0 0 0 0 0 0 0 1 39 54 63 79 87 109 142 39 92 153 229 313 417 554 
1002 2 0 0 1 0 1 0 0 0 1 1 0 1 0 0 31 54 68 82 113 102 123 31 84 149 225 334 431 550 
1001 1 0 0 0 0 1 0 0 0 0 0 1 1 0 0 28 48 74 83 108 121 108 28 72 146 226 330 444 550 
1000 0 0 0 0 0 0 0 0 0 0 1 0 0 0 0 29 51 72 91 106 105 122 29 78 146 232 334 437 554 
1000 0 0 0 0 0 0 0 0 0 0 0 0 0 0 1 24 53 50 81 118 112 108 24 77 125 205 320 427 531 
1000 0 0 0 0 0 0 0 0 0 0 0 1 0 0 0 38 66 86 90 91 100 113 38 101 181 266 355 454 563 
1000 0 0 0 0 0 0 0 0 0 0 0 1 0 0 0 19 40 78 93 104 98 111 19 59 137 226 325 417 523 
1000 0 0 0 0 0 0 0 0 0 0 0 0 0 0 1 29 45 79 98 102 95 137 29 73 152 246 345 437 572 
1000 0 0 0 0 0 0 0 0 1 0 0 0 0 0 0 22 53 85 82 84 114 133 22 74 155 232 314 425 548 
1000 0 0 0 0 0 0 0 0 0 0 1 0 0 0 0 32 53 71 89 99 118 115 32 81 151 237 330 446 554 
1000 0 0 0 0 0 0 0 0 0 0 0 0 0 0 1 24 70 73 95 96 94 133 24 93 163 255 347 438 564 
1000 0 0 0 0 0 0 0 0 0 0 0 0 0 1 0 15 44 67 88 102 140 126 15 59 124 209 306 441 564 
1000 0 0 0 0 0 0 0 0 0 0 0 0 0 1 0 32 50 74 87 100 111 113 32 80 152 237 334 440 547 
1000 0 0 0 0 0 0 0 0 0 0 0 0 0 0 1 21 55 79 84 108 81 118 21 76 152 233 339 416 531 
1000 0 0 0 0 0 0 0 0 0 0 0 0 0 0 1 21 48 78 95 105 114 103 21 69 146 238 337 447 549 
1000 0 0 0 0 0 0 0 0 0 0 1 0 0 0 0 39 42 81 91 95 94 112 39 81 162 249 340 429 535 
1002 2 0 0 1 0 1 0 0 0 0 1 0 1 1 0 24 49 67 85 91 129 120 24 73 136 217 298 424 538 
1000 0 0 0 0 0 0 0 0 0 0 1 0 0 0 0 30 46 83 86 92 101 118 30 73 153 237 325 421 535 
1001 1 0 0 0 0 0 0 1 0 0 0 1 0 0 1 26 43 70 104 81 128 118 26 67 136 238 316 439 556 
1001 1 0 0 0 1 0 0 0 0 0 0 1 0 0 1 24 51 75 92 101 122 119 24 74 148 235 335 451 565 
1001 1 0 0 0 0 0 1 0 0 0 0 0 1 1 0 32 50 82 89 99 98 120 32 82 162 246 343 437 551 
1000 0 0 0 0 0 0 0 0 0 0 0 0 1 0 0 19 52 84 77 95 117 119 19 70 153 226 321 436 552 
1000 0 0 0 0 0 0 0 0 0 0 0 0 1 0 0 28 48 73 67 96 116 119 28 76 147 213 304 415 527 
1001 1 0 0 0 0 0 0 1 0 0 0 0 0 0 2 30 59 70 76 87 97 119 30 88 155 231 312 406 522 
1000 0 0 0 0 0 0 0 0 0 0 0 0 0 0 1 33 59 67 81 98 108 114 33 89 152 230 321 424 536 
1000 0 0 0 0 0 0 0 0 0 0 0 0 0 1 0 22 58 79 96 106 119 99 22 79 158 251 354 463 559 
1000 0 0 0 0 0 0 0 0 0 0 0 0 0 0 1 24 56 70 71 87 106 124 24 79 148 217 302 407 526 
1001 1 0 0 0 0 1 0 0 0 1 0 0 1 0 0 31 47 76 96 103 114 111 31 76 152 243 341 452 557 
1001 1 0 0 0 0 0 0 1 0 0 1 0 0 0 1 21 40 78 84 95 97 126 21 61 138 216 306 400 516 
1000 0 0 0 0 0 0 0 0 0 0 0 0 0 0 1 28 57 73 97 91 101 121 28 85 155 250 333 429 546 
1000 0 0 0 0 0 0 0 0 0 0 1 0 0 0 0 25 46 66 89 85 117 135 25 71 133 220 303 415 545 
