1005 5 0 0 0 0 0 2 3 0 0 0 0 0 2 4 33 48 72 100 132 159 198 33 77 138 216 309 426 559 
1009 9 0 0 0 3 3 1 2 0 0 0 4 3 1 4 34 59 89 122 132 148 168 34 88 160 260 354 452 560 
1007 7 0 0 0 1 0 4 2 0 0 0 1 0 4 3 36 51 86 124 122 160 169 36 83 157 252 346 458 568 
1012 12 0 1 0 1 1 5 4 0 1 1 1 3 6 7 23 52 89 131 133 158 179 23 72 147 252 350 453 565 
1011 11 0 0 1 1 1 4 4 0 0 1 2 1 5 5 28 51 80 104 109 152 186 28 77 150 226 303 413 531 
1010 10 0 0 0 0 1 5 4 0 0 0 1 1 5 5 31 57 83 106 127 147 191 31 85 156 240 333 437 562 
1009 9 0 0 0 1 2 4 2 1 0 0 1 3 4 3 32 54 65 109 132 160 182 32 83 141 226 321 438 556 
1006 6 0 0 0 0 4 1 1 0 0 0 0 5 2 1 18 51 87 109 142 140 189 18 64 146 234 332 428 558 
1009 9 0 0 0 1 2 3 3 0 0 0 1 2 4 6 32 68 91 103 124 167 175 32 93 165 249 337 446 567 
1004 4 0 0 0 0 2 2 0 0 0 0 0 3 2 2 29 42 78 95 147 142 213 29 66 132 211 319 421 564 
1004 4 0 0 0 0 1 1 2 0 0 0 1 1 1 2 25 62 86 111 145 141 171 25 83 157 239 351 454 571 
1010 10 0 0 0 0 1 5 4 0 0 1 0 1 5 5 26 64 90 99 135 142 178 26 88 159 234 341 449 560 
1015 15 0 0 0 3 2 3 7 1 0 0 3 2 4 7 33 65 80 103 128 150 187 33 92 158 243 338 437 558 
1007 7 0 0 1 0 3 2 1 0 0 1 1 3 4 2 24 69 94 120 127 163 179 24 88 165 257 346 462 574 
1009 9 0 0 0 1 2 3 3 0 0 0 1 3 4 4 32 53 73 115 123 158 188 32 82 143 234 325 435 560 
1005 5 0 0 0 0 2 1 2 0 0 0 1 3 1 3 28 57 81 110 155 156 180 28 81 149 244 357 464 584 
1009 9 0 0 0 0 1 4 4 0 0 1 0 1 4 5 29 52 83 121 136 166 168 29 77 142 229 333 432 542 
1004 4 0 0 0 0 1 1 2 0 0 0 0 2 2 2 34 52 85 107 136 166 177 34 80 158 238 344 448 559 
1007 7 0 1 0 0 0 3 3 0 1 0 1 2 3 4 32 49 90 112 145 167 170 32 77 149 227 336 451 563 
1011 11 0 0 1 1 3 0 6 0 0 1 1 4 0 7 22 53 82 97 129 164 195 22 74 143 215 312 429 558 
1012 12 0 0 0 1 2 2 7 0 0 0 1 3 2 8 31 65 73 110 157 158 159 31 89 143 231 351 456 565 
1010 10 0 0 1 0 3 1 5 0 0 1 0 3 2 7 27 52 77 102 139 150 169 27 76 136 217 324 432 539 
1010 10 0 0 1 0 1 3 5 0 1 2 1 1 3 6 32 58 99 108 128 151 182 32 87 165 244 339 448 570 
1010 10 0 0 0 2 1 2 5 0 0 0 2 2 3 6 33 52 70 113 145 151 181 33 83 144 240 346 447 560 
1006 6 0 0 0 0 1 2 3 0 0 0 0 2 2 3 28 57 86 113 131 149 175 28 80 148 234 329 431 548 
1011 11 0 1 0 1 2 1 6 1 1 1 2 3 2 7 30 58 89 111 128 152 179 30 84 160 248 339 439 565 
1006 6 0 0 0 1 0 1 4 0 0 0 1 0 1 6 27 58 69 111 138 176 183 27 82 136 226 331 449 559 
1006 6 0 0 1 0 0 2 3 0 0 1 0 0 2 5 25 50 82 93 136 129 169 25 71 145 220 322 410 516 
1012 12 0 0 1 2 4 1 4 0 0 1 3 5 1 4 30 61 92 114 155 152 160 30 88 166 251 363 464 566 
1010 10 0 0 0 1 3 1 5 0 1 1 1 3 1 5 31 57 71 99 133 137 186 31 82 142 223 327 422 549 
1008 8 0 0 1 1 1 2 3 0 0 1 2 1 3 5 29 66 86 99 148 153 168 29 88 156 230 346 442 553 
1008 8 0 0 0 0 0 4 4 0 0 0 0 0 5 4 18 63 95 106 136 162 183 18 79 157 239 335 450 572 
1005 5 0 0 0 1 0 2 2 0 1 0 1 0 2 2 27 63 90 109 138 162 152 27 87 165 244 345 457 548 
1006 6 0 0 0 0 2 3 1 0 0 0 0 2 4 1 29 54 94 95 142 146 194 29 76 147 221 323 430 556 
1011 11 0 0 0 0 5 4 2 0 0 1 1 5 4 2 36 56 84 113 134 124 176 36 84 147 226 331 415 539 
1008 8 0 0 1 2 0 3 2 0 0 2 2 3 4 4 30 55 91 102 142 154 153 30 80 157 230 334 442 541 
1007 7 0 0 0 0 0 4 3 0 0 0 0 0 5 4 25 54 75 107 130 157 195 25 75 135 229 313 423 557 
1012 12 0 0 0 2 4 1 5 0 0 0 3 5 3 7 27 63 93 132 135 140 179 27 84 163 270 363 459 572 
1006 6 0 0 0 1 0 2 3 0 0 0 1 1 3 3 25 65 97 114 143 166 190 25 83 161 243 343 450 580 
1016 16 0 0 0 1 2 3 10 0 0 0 1 2 3 12 34 75 89 106 140 175 179 34 102 174 252 354 464 575 
1005 5 0 0 1 0 2 1 1 0 0 1 1 2 2 2 27 44 90 107 139 164 189 27 67 143 227 329 442 570 
1008 8 0 0 0 1 1 4 2 0 0 1 1 2 4 3 29 59 80 95 143 171 178 29 82 151 226 330 448 566 
1009 9 0 1 0 1 0 3 4 0 1 0 1 0 3 7 28 66 90 101 128 140 169 28 92 169 247 336 431 538 
1010 10 0 0 2 2 1 2 3 0 0 2 3 1 3 4 21 59 96 106 127 148 188 21 76 154 240 333 434 556 
1011 11 0 0 0 0 2 5 4 1 0 0 0 2 6 6 34 55 92 125 129 163 172 34 84 159 258 355 467 578 
1012 12 0 1 0 1 4 2 4 0 1 0 1 5 2 6 28 68 88 99 131 159 195 28 90 167 240 338 444 568 
1005 5 0 0 0 2 2 0 1 0 0 0 2 2 0 2 28 48 91 102 123 138 177 28 69 151 226 321 415 537 
1007 7 0 0 0 0 0 2 5 0 0 0 1 0 2 5 24 45 65 96 139 145 188 24 65 122 202 307 414 539 
1012 12 0 0 1 1 1 5 4 1 0 1 1 1 5 5 33 54 79 115 139 155 179 33 84 149 234 329 442 556 
1009 9 0 0 0 1 0 3 5 0 0 0 1 1 3 5 30 52 84 126 152 159 189 30 78 144 237 355 465 581 
1007 7 0 0 1 1 0 3 2 0 0 1 2 0 4 3 28 44 58 106 131 166 171 28 69 122 208 299 420 537 
1013 13 0 0 0 0 1 7 5 0 1 0 1 1 7 5 26 54 83 107 134 166 199 26 77 147 232 334 452 578 
1009 9 0 0 0 0 1 5 3 0 0 0 1 1 5 5 32 56 82 93 137 146 175 32 85 154 221 322 436 554 
1007 7 0 0 2 0 2 1 2 0 0 3 2 2 2 2 30 65 70 99 143 140 173 30 89 146 225 334 428 540 
1005 5 0 0 1 1 1 2 0 0 0 2 1 1 2 1 32 59 98 118 133 163 171 32 84 168 249 346 460 582 
1009 9 0 0 0 0 3 3 3 0 1 1 0 3 3 3 37 48 88 115 148 162 173 37 78 148 236 342 460 567 
1014 14 0 0 0 1 1 4 8 0 0 0 2 2 5 8 19 67 82 96 137 176 179 19 81 147 223 327 445 561 
1007 7 0 0 0 0 1 4 2 0 0 0 0 1 4 4 24 54 91 131 122 165 166 24 76 151 257 340 456 561 
1010 10 0 0 0 0 2 1 7 0 0 0 0 2 2 7 32 62 91 103 121 155 170 32 89 167 242 326 436 540 
1007 7 0 1 0 0 3 2 1 0 1 0 0 3 4 1 26 52 68 101 130 155 202 26 72 131 214 308 418 542 
1009 9 0 0 0 1 1 1 6 0 1 0 1 1 1 6 25 52 77 109 127 137 175 25 72 133 223 317 413 526 
1009 9 0 0 0 0 2 2 5 0 0 0 1 2 2 8 29 51 82 102 117 155 182 29 75 144 217 302 408 529 
1007 7 0 0 0 1 4 1 1 0 0 0 1 4 2 2 26 53 73 103 122 144 180 26 70 130 218 309 408 529 
1007 7 0 0 1 3 1 1 1 1 0 1 3 1 2 2 31 56 82 107 132 149 172 31 81 148 231 328 434 549 
1014 14 0 0 0 0 1 3 10 0 0 0 0 2 3 11 20 54 79 106 130 151 182 20 71 137 221 320 416 529 
1009 9 0 0 0 1 3 2 3 0 0 1 1 3 3 4 25 50 87 115 118 162 166 25 71 140 235 323 429 538 
1006 6 0 0 0 0 1 1 4 0 0 0 0 1 2 5 29 63 89 112 141 162 160 29 84 158 236 340 456 559 
1018 18 0 0 1 0 4 5 8 0 0 1 1 4 5 9 25 52 86 104 154 139 180 25 72 148 235 348 440 567 
1013 13 0 0 1 0 1 4 7 0 1 1 0 1 4 8 23 52 97 107 151 141 197 23 69 159 249 346 442 563 
1009 9 0 0 0 1 1 4 3 0 0 0 1 3 5 3 30 60 73 111 142 155 155 30 87 149 237 338 443 546 
1010 10 0 1 0 1 3 1 4 0 1 1 1 3 2 5 33 56 84 92 146 159 188 33 83 153 226 329 443 576 
1008 8 0 0 0 0 1 2 5 0 0 0 0 1 3 5 30 52 87 116 161 156 181 30 80 151 244 362 464 578 
1011 11 0 0 1 1 0 3 6 0 0 1 2 0 3 6 27 53 87 113 123 182 178 27 78 150 243 336 467 574 
1007 7 0 0 1 0 1 3 2 0 0 1 0 2 4 2 27 58 91 107 116 161 168 27 79 156 235 327 433 543 
1013 13 0 0 1 2 1 4 5 0 0 1 4 1 5 6 26 66 79 108 135 164 176 26 85 147 229 330 449 562 
1008 8 0 0 0 0 3 3 2 0 0 0 0 3 4 4 37 58 88 99 113 167 162 37 89 163 244 325 444 551 
1008 8 0 0 0 0 0 2 6 0 0 0 0 0 3 6 20 46 86 104 145 144 185 20 64 142 221 336 438 550 
1007 7 0 0 0 1 1 2 3 0 0 1 1 2 2 3 26 49 85 109 130 178 180 26 67 143 224 321 447 565 
1008 8 0 0 0 2 2 2 2 0 0 0 2 3 3 3 35 52 78 111 146 133 205 35 82 146 238 344 431 576 
1012 12 0 0 0 0 2 5 5 0 0 0 0 3 6 6 27 53 80 108 145 152 184 27 79 149 227 345 450 572 
1004 4 0 0 0 0 1 1 2 0 0 0 0 1 1 4 31 51 82 106 143 155 183 31 77 144 226 329 436 552 
1010 10 0 0 1 1 2 2 4 0 0 2 2 2 3 5 27 60 74 120 136 150 155 27 81 147 241 341 444 545 
1012 12 0 0 1 1 0 5 5 0 0 1 2 1 5 6 34 71 105 121 133 153 204 34 101 184 274 362 466 602 
1011 11 0 0 0 2 2 5 2 0 0 1 2 3 5 5 38 58 86 102 127 151 188 38 93 164 246 334 434 557 
1011 11 0 0 1 1 2 1 6 0 0 1 2 3 2 6 20 51 83 94 123 161 183 20 68 141 210 309 420 545 
1004 4 0 0 0 2 1 0 1 0 1 0 2 2 0 1 26 53 74 88 146 172 176 26 74 134 205 310 429 547 
1005 5 0 0 0 0 2 0 3 0 0 0 0 2 1 3 33 76 85 112 149 137 164 33 104 174 258 356 450 553 
1009 9 0 0 0 0 1 4 4 0 0 0 0 1 5 7 27 70 70 118 134 171 197 27 90 147 241 339 460 587 
1007 7 0 0 0 0 0 2 5 0 0 1 0 1 2 6 35 57 88 102 128 169 185 35 86 161 230 322 440 553 
1006 6 0 0 1 0 2 1 2 0 0 2 0 3 1 4 31 53 81 107 122 176 178 31 77 151 237 332 450 566 
1010 10 0 1 0 0 0 2 7 0 1 1 0 0 2 8 37 71 81 105 119 156 178 37 94 167 249 334 435 565 
1011 11 0 0 1 2 1 3 4 0 0 1 3 3 5 5 27 48 82 116 139 168 192 27 70 139 229 324 434 567 
1003 3 0 0 0 1 1 0 1 0 0 0 2 1 1 2 28 61 85 89 129 155 186 28 83 156 227 325 435 547 
1009 9 0 0 0 0 0 5 4 0 0 0 0 0 6 5 35 60 81 106 121 161 187 35 90 154 238 324 440 563 
1009 9 0 0 0 0 2 5 2 0 0 0 0 2 7 3 32 57 81 119 121 142 172 32 84 153 243 329 432 541 
1006 6 0 0 1 0 1 1 3 0 0 1 0 1 1 4 27 48 67 103 138 146 183 27 75 138 223 319 415 543 
1008 8 0 0 0 0 1 3 4 0 0 0 0 2 3 5 25 53 92 105 114 177 175 25 75 155 232 314 442 556 
1010 10 0 0 0 0 2 5 3 0 0 0 0 2 5 6 21 53 79 113 137 143 181 21 70 135 227 332 430 549 
1009 9 0 0 0 1 1 3 4 0 1 0 1 1 3 6 34 64 91 104 146 169 195 34 92 168 245 350 462 596 
1008 8 0 0 0 0 1 3 4 0 0 0 0 1 3 6 19 57 70 111 120 158 179 19 73 133 213 304 416 535 
