1112 112 0 0 6 12 19 35 40 0 0 6 13 20 43 46 29 53 92 117 127 178 203 29 80 161 264 372 521 677 
1102 102 0 1 7 9 19 35 31 0 1 7 10 20 39 33 27 58 98 102 115 174 193 27 84 173 262 364 509 680 
1096 96 0 1 6 13 20 22 34 0 1 6 14 23 25 40 23 69 100 108 129 159 206 23 89 176 264 371 507 684 
1101 101 0 2 10 12 19 25 33 0 2 10 15 21 28 40 35 54 89 93 120 155 168 35 86 171 254 361 501 643 
1097 97 0 0 1 12 21 27 36 0 0 1 12 21 32 45 24 51 71 122 153 172 187 24 73 133 237 370 508 668 
1077 77 0 2 6 6 15 21 27 0 3 6 8 16 23 28 30 53 83 116 130 158 174 30 78 158 252 361 501 633 
1086 86 0 0 2 10 22 22 30 0 1 2 10 27 24 33 23 52 90 121 138 139 176 23 74 153 257 372 489 643 
1095 95 0 0 6 11 17 32 29 0 0 6 11 21 37 38 30 48 77 108 132 160 186 30 73 145 240 355 492 649 
1084 84 0 2 5 6 25 15 31 0 2 5 6 25 20 36 23 60 86 109 130 170 171 23 82 155 250 362 503 637 
1104 104 0 3 4 9 27 25 36 0 3 4 9 28 32 40 18 53 73 98 151 160 179 18 65 132 218 352 487 632 
1079 79 0 1 6 9 14 15 34 0 1 6 11 17 20 36 26 54 73 99 126 143 164 26 78 142 229 330 449 586 
1097 97 0 2 3 7 20 29 36 0 2 4 7 22 34 40 33 63 93 117 157 145 178 33 86 167 271 398 516 661 
1082 82 0 0 6 10 13 18 35 0 0 6 12 17 20 39 23 60 77 113 113 161 188 23 81 150 250 350 489 648 
1107 107 0 4 6 10 23 28 36 0 4 6 12 26 33 39 34 55 75 118 119 171 183 34 86 153 258 354 500 654 
1080 80 0 2 4 7 13 25 29 0 2 4 7 13 26 38 34 59 69 105 110 163 184 34 87 151 242 338 483 626 
1092 92 0 2 7 8 20 21 34 0 3 8 11 22 23 41 38 57 77 111 135 160 158 38 91 155 251 366 500 636 
1098 98 0 3 5 11 22 20 37 0 3 5 11 23 22 42 25 62 89 108 138 143 195 25 85 165 260 382 500 665 
1081 81 0 1 5 5 16 20 34 1 1 5 6 16 21 35 28 52 73 109 131 123 169 28 77 143 239 358 460 604 
1084 84 0 3 2 9 15 23 32 0 3 4 10 18 27 37 21 63 71 114 124 151 179 21 81 143 243 353 479 631 
1079 79 0 1 4 7 15 20 32 0 2 4 7 17 22 34 31 48 73 92 129 159 174 31 74 138 216 333 459 612 
1096 96 0 0 5 11 13 34 33 0 0 5 13 13 39 40 28 55 90 113 130 166 160 28 76 156 249 367 504 636 
1091 91 0 1 0 15 19 20 36 0 1 0 15 21 25 38 24 65 68 122 143 142 163 24 83 141 250 371 495 632 
1101 101 0 1 5 7 25 23 40 0 1 5 9 28 27 45 30 64 79 116 173 150 186 30 91 162 257 408 526 675 
1090 90 0 1 4 11 17 24 33 0 1 4 11 20 26 39 25 52 79 110 113 167 179 25 72 141 237 329 471 618 
1096 96 0 2 5 6 17 25 41 0 2 5 7 18 27 48 31 64 76 100 128 133 192 31 90 157 245 360 474 639 
1099 99 0 1 6 9 17 22 44 0 1 6 9 19 24 46 30 62 104 116 132 148 185 30 86 182 286 393 513 668 
1076 76 0 0 8 12 8 30 18 0 0 8 12 9 30 19 25 54 68 104 106 166 160 25 75 131 227 320 469 606 
1104 104 0 1 5 7 22 35 34 0 1 5 9 26 42 45 25 60 81 111 130 164 180 25 82 151 252 357 494 636 
1087 87 0 0 1 12 13 26 35 0 0 1 13 16 28 39 18 54 77 113 135 165 195 18 68 139 230 345 484 649 
1100 100 0 0 1 18 17 34 30 0 1 1 18 21 38 36 24 58 92 131 121 162 185 24 81 163 275 376 519 666 
1102 102 0 1 9 11 18 25 38 0 1 9 13 21 28 43 26 67 81 115 126 170 196 26 88 162 260 368 508 665 
1080 80 0 2 4 5 16 19 34 1 3 4 7 16 19 38 28 53 81 112 143 133 183 28 75 146 238 364 471 625 
1089 89 0 2 3 8 9 28 39 0 2 4 10 9 31 46 34 45 75 104 110 164 210 34 73 140 226 320 461 637 
1091 91 0 2 3 9 23 19 35 0 2 3 9 23 23 38 31 55 88 120 137 142 165 31 83 159 259 368 487 624 
1087 87 0 0 3 6 15 23 40 0 0 3 8 16 24 46 19 45 75 124 128 141 191 19 62 131 235 344 462 624 
1092 92 0 1 6 11 16 24 34 0 1 6 11 19 25 38 32 60 82 113 141 162 174 32 87 163 254 371 515 663 
1109 109 0 3 10 9 23 23 41 0 3 10 14 26 27 46 29 68 91 108 146 153 177 29 92 170 256 372 499 659 
1108 108 0 0 5 13 18 33 39 0 0 5 14 20 36 47 30 50 92 117 147 178 181 30 77 162 269 392 530 677 
1108 108 0 1 6 10 23 30 38 0 1 6 11 24 32 43 34 63 94 121 138 155 160 34 93 175 277 388 516 648 
1095 95 0 1 5 7 18 30 34 0 1 6 8 18 30 41 30 43 78 93 135 168 182 30 66 137 219 338 481 626 
1099 99 0 2 3 17 19 26 32 0 2 3 18 23 29 38 34 54 86 121 128 152 194 34 82 159 260 365 496 657 
1116 116 0 1 9 12 28 26 40 0 1 9 15 31 30 44 30 57 90 136 139 149 181 30 84 165 283 399 522 681 
1096 96 0 2 4 12 15 29 34 0 2 4 15 18 33 39 33 43 86 139 140 162 171 33 72 152 270 384 515 660 
1105 105 0 0 6 13 15 34 37 1 0 7 13 15 35 41 35 45 86 104 116 145 184 35 73 147 239 341 476 637 
1113 113 0 3 7 10 23 34 36 0 3 7 11 27 40 40 25 52 85 113 156 164 189 25 76 157 258 394 523 683 
1088 88 0 2 5 15 14 21 31 0 2 6 15 16 25 34 37 62 90 105 135 165 159 37 91 170 263 380 517 649 
1106 106 0 1 6 12 17 26 44 0 2 6 14 18 27 51 23 64 90 119 132 168 176 23 84 162 265 375 520 668 
1093 93 0 2 2 11 16 26 36 0 2 2 12 19 29 40 27 54 69 102 129 162 164 27 74 135 226 335 476 611 
1089 89 0 1 6 12 11 30 29 0 1 6 13 15 33 36 36 56 97 115 138 153 167 36 83 170 265 380 504 645 
1101 101 0 3 7 12 24 23 32 1 4 7 13 26 29 36 38 56 75 112 141 155 172 38 86 155 252 370 499 637 
1084 84 0 1 4 8 17 26 28 1 2 4 8 17 29 31 21 52 81 119 128 149 164 21 67 141 250 363 488 628 
1101 101 0 2 6 8 21 25 39 1 2 7 8 23 32 50 24 57 93 115 130 159 192 24 78 160 264 368 499 650 
1118 118 0 0 7 10 27 37 37 0 0 7 13 28 44 43 32 72 100 105 145 160 169 32 100 191 275 398 535 679 
1113 113 0 2 6 12 24 30 39 0 3 6 13 27 35 48 37 59 76 110 143 145 189 37 89 153 255 382 508 656 
1106 106 0 2 1 13 23 34 33 0 2 1 15 25 37 41 29 62 88 110 149 155 167 29 88 167 259 383 511 652 
1109 109 0 1 12 10 15 27 44 0 1 12 13 18 31 50 36 72 90 120 126 157 181 36 101 181 282 385 517 665 
1086 86 0 0 4 14 15 24 29 0 0 4 15 16 25 37 31 62 81 102 143 147 169 31 92 163 251 372 493 629 
1089 89 0 0 4 13 18 22 32 0 0 4 13 20 30 39 29 67 94 125 117 142 158 29 91 171 277 373 489 625 
1087 87 0 1 3 8 23 23 29 0 1 3 10 25 28 38 29 51 82 105 127 158 202 29 79 155 242 349 481 645 
1084 84 0 0 4 8 14 20 38 0 0 5 9 15 23 41 27 56 76 105 123 135 189 27 78 149 241 340 447 610 
1096 96 0 2 2 9 18 34 31 0 2 2 10 20 37 40 38 52 96 106 133 175 168 38 81 168 261 373 523 663 
1097 97 0 1 7 12 20 25 32 1 1 8 13 22 27 37 25 65 76 109 142 160 167 25 85 147 237 358 495 645 
1106 106 0 0 3 11 22 29 41 0 0 3 11 24 32 46 23 56 97 117 139 142 169 23 77 162 263 383 504 655 
1094 94 0 0 2 10 26 18 38 0 0 2 11 27 22 45 27 54 84 108 138 163 172 27 77 156 246 365 496 638 
1090 90 0 3 5 6 21 26 29 0 3 6 6 21 29 35 37 58 79 106 139 131 188 37 92 160 248 369 478 636 
1102 102 0 1 6 13 17 19 46 0 1 6 13 19 22 48 40 44 83 126 111 166 171 40 78 155 267 364 511 651 
1099 99 0 0 4 14 12 27 42 0 0 4 14 15 30 43 26 57 74 112 140 159 185 26 78 147 243 358 487 637 
1099 99 0 1 7 12 18 22 39 0 1 7 13 21 25 46 33 52 78 100 141 141 182 33 82 149 239 360 480 634 
1100 100 0 2 6 9 17 27 39 0 2 6 9 19 30 42 24 59 89 99 147 144 166 24 79 160 249 374 490 632 
1099 99 0 2 2 14 24 22 35 0 2 2 16 24 26 37 30 57 69 121 147 145 185 30 83 143 249 375 496 650 
1094 94 0 2 4 11 20 20 37 0 2 5 11 22 25 42 22 39 75 104 135 174 181 22 59 131 223 338 476 622 
1085 85 0 2 2 9 15 22 35 0 2 3 9 16 25 41 27 44 87 98 138 159 181 27 69 150 236 349 479 627 
1104 104 0 1 5 7 19 32 40 0 1 5 8 20 35 46 33 65 101 113 125 157 179 33 94 186 276 386 516 663 
1086 86 0 0 3 6 21 23 33 0 0 3 7 21 28 39 22 63 85 92 133 150 181 22 77 155 234 350 476 625 
1094 94 0 0 2 10 24 32 26 0 1 2 10 24 38 32 34 43 75 126 138 172 180 34 74 141 249 365 497 648 
1083 83 0 1 5 10 10 21 36 0 1 5 10 12 26 39 25 56 61 99 137 154 201 25 78 133 224 341 468 637 
1101 101 0 1 6 12 18 30 34 0 2 6 13 20 35 44 29 53 85 125 142 150 169 29 82 160 272 395 520 657 
1094 94 0 0 3 9 20 22 40 0 0 4 9 22 24 42 25 41 91 107 142 154 188 25 61 147 240 357 486 644 
1101 101 0 3 4 11 15 37 31 0 3 4 12 16 40 38 33 68 85 102 140 163 163 33 97 170 258 379 513 643 
1094 94 0 0 9 9 16 24 36 0 0 9 10 19 27 41 23 56 95 112 133 151 170 23 76 158 255 371 500 637 
1099 99 0 0 6 5 22 30 36 0 0 6 6 23 35 44 33 66 71 113 133 147 186 33 95 155 249 368 495 650 
1098 98 0 1 4 11 21 23 38 0 1 5 12 23 26 43 25 53 91 117 145 152 200 25 74 161 262 378 507 670 
1102 102 0 0 6 13 18 35 30 0 0 6 13 18 40 36 27 65 72 109 135 154 183 27 91 153 250 369 500 646 
1084 84 0 0 5 11 12 27 29 0 0 6 12 14 28 37 29 62 83 108 125 161 173 29 86 159 255 361 493 633 
1085 85 0 1 4 7 18 22 33 0 1 5 8 20 26 40 25 42 89 104 143 165 194 25 66 146 231 357 492 654 
1108 108 0 2 6 8 27 28 37 0 2 6 8 28 29 42 28 62 87 107 146 142 186 28 87 167 259 385 499 651 
1098 98 0 0 2 13 21 27 35 0 0 2 13 22 29 44 20 50 83 108 115 165 166 20 68 140 232 336 479 625 
1100 100 0 1 10 6 17 21 45 0 1 10 9 19 21 48 36 56 89 111 128 150 206 36 84 163 254 359 480 648 
1092 92 0 2 5 11 14 19 41 0 2 5 13 18 24 44 21 56 72 109 127 152 180 21 75 138 234 336 465 615 
1102 102 0 0 5 5 20 27 45 0 0 5 7 22 30 46 28 51 88 103 139 161 196 28 77 153 238 360 498 659 
1086 86 0 1 4 10 15 23 33 0 1 4 11 17 24 38 27 55 74 112 123 155 166 27 75 140 240 343 477 620 
1104 104 0 3 5 11 20 31 34 0 3 5 11 22 35 42 30 65 97 112 130 158 183 30 95 183 273 384 509 664 
1086 86 0 1 5 13 16 21 30 0 1 5 14 19 24 36 29 52 81 111 133 141 203 29 77 154 242 358 481 655 
1083 83 0 0 3 13 12 23 32 0 0 4 14 14 29 36 35 50 86 106 113 159 156 35 76 153 242 339 477 608 
1107 107 0 1 4 12 11 32 47 0 1 4 13 15 36 52 22 45 81 132 137 153 175 22 64 139 256 370 489 645 
1106 106 0 0 7 11 25 29 34 0 1 7 12 26 33 38 30 85 87 98 148 169 171 30 108 182 269 403 542 684 
1098 98 0 1 7 9 17 29 35 0 1 7 9 19 34 38 26 60 96 119 123 151 176 26 85 171 266 368 494 645 
1094 94 0 0 3 8 16 22 45 0 0 3 8 17 29 51 29 45 94 106 131 153 182 29 71 159 247 357 480 636 
1104 104 0 3 6 12 19 25 39 0 3 7 13 20 31 44 24 54 87 116 124 169 186 24 77 160 259 368 508 665 
1085 85 0 0 5 12 17 24 27 0 0 5 13 20 25 33 23 58 93 104 128 132 180 23 78 159 252 357 468 626 
