0.4854881 0.8847759 0.9221133 0.09279924 0.09892113 0.1226832 0.1449564 0.1987124 0.169949 0.2778611 0.2744885 0.5162116 1 98.3341 146.0741 166.0111 186.8665 200.8804 226.6457 198.5204 216.4651 190.7572 209.4948 1059.643 1 
0.4793203 0.9007427 0.899997 0.1108811 0.1128378 0.1221528 0.1607915 0.164948 0.1924494 0.2791207 0.335929 0.5431221 1 116.5741 172.4504 188.1362 191.4778 208.834 200.8712 194.4624 208.2028 199.5634 202.7707 1051.343 2 
0.5076302 0.8911027 0.8875011 0.08806036 0.1016965 0.1410582 0.1548489 0.1765788 0.1997546 0.2533791 0.3572943 0.4753677 1 93.14723 140.4316 169.3857 208.2151 220.9488 223.235 216.7864 215.0723 219.75 206.1023 1057.766 3 
0.5328418 0.8877404 0.87285 0.08271574 0.1070314 0.1262394 0.1109181 0.1556793 0.186344 0.2557637 0.3447841 0.5460785 1 86.7409 132.9601 173.8025 201.0446 190.3723 205.3205 214.3898 231.4816 240.9726 250.4702 1048.663 4 
0.4750664 0.9072174 0.9124929 0.08758922 0.1137417 0.1155014 0.137071 0.1756412 0.2017778 0.2377644 0.346925 0.5341431 1 91.49162 134.9562 172.516 179.5158 187.6876 202.3989 203.3896 197.4885 206.0009 210.6627 1044.553 5 
0.4806563 0.921481 0.9169648 0.1015699 0.1099515 0.1287228 0.1264721 0.16978 0.1909688 0.2263856 0.25671 0.5075825 1 105.2701 155.8688 177.3018 191.9038 183.5646 195.3237 193.8897 189.1075 175.0347 207.7887 1036.43 6 
0.5223414 0.8908962 0.89406 0.09898133 0.1024128 0.1154887 0.1587517 0.1514238 0.1870717 0.2681414 0.3248548 0.479222 1 104.3946 158.9242 180.335 192.7051 220.4303 211.2472 211.097 227.6651 223.0121 220.1617 1054.69 7 
0.5234773 0.9289927 0.8904135 0.09782808 0.1182487 0.1191317 0.1432767 0.1755844 0.2041753 0.2384589 0.3279065 0.4819671 1 101.1898 154.1604 191.046 198.0331 207.5131 217.6585 218.4618 211.5086 212.4542 211.7146 1034.364 8 
0.4665615 0.902899 0.89939 0.1034696 0.123137 0.1317014 0.1366304 0.211019 0.1759159 0.2458935 0.3098003 0.4498157 1 108.5437 159.186 190.0798 197.2962 189.8882 219.0541 188.0099 186.5597 180.9505 178.5343 1049.039 9 
0.5146698 0.9468603 0.912487 0.09222348 0.1147953 0.1162932 0.1436698 0.1759219 0.1966513 0.2505021 0.2996939 0.4489057 1 93.99957 142.3783 179.4932 187.629 200.5544 212.2569 209.6857 210.7064 200.6116 199.93 1019.258 10 
0.5007331 0.8814738 0.895984 0.08517362 0.1027068 0.1303234 0.1293158 0.1652606 0.2112437 0.2563341 0.3560124 0.4649515 1 90.76066 136.2075 168.3258 198.2819 197.6592 208.434 221.1633 222.5289 226.8848 210.7135 1065.596 11 
0.5151468 0.8940161 0.8940587 0.09112133 0.1017768 0.1206725 0.1397023 0.1673461 0.1841552 0.2672422 0.323778 0.4665794 1 96.19985 145.7569 172.7445 192.9935 205.2963 214.8664 210.663 226.8867 221.9609 216.7404 1055.734 12 
0.5292776 0.8672954 0.8999192 0.09982118 0.1006892 0.1255535 0.1517045 0.1852981 0.1957722 0.2681973 0.3040815 0.5134262 1 106.0824 162.2295 182.188 204.4441 222.3354 235.9298 226.6587 232.1083 215.8965 223.6014 1062.725 13 
0.4878561 0.883428 0.8928485 0.1021679 0.09783984 0.1221874 0.1503174 0.1849178 0.2003207 0.2469433 0.3534492 0.4445395 1 108.672 161.6883 172.3166 189.3366 206.0514 219.3515 211.9342 206.8254 212.385 194.2697 1063.661 14 
0.5246974 0.8814487 0.8794594 0.1018745 0.1063746 0.1217091 0.1216518 0.1552742 0.2093205 0.2470802 0.298448 0.4821716 1 107.7828 164.3361 187.3052 201.626 196.519 204.827 223.299 225.2669 216.5109 225.0343 1057.996 15 
0.5140857 0.9235035 0.8996654 0.1128584 0.1328126 0.1200745 0.1579847 0.14819 0.2123366 0.2458908 0.3163387 0.4792351 1 116.9517 177.075 213.1287 205.2923 216.3632 198.7606 209.0146 204.8988 199.8753 200.6686 1036.269 16 
0.4910247 0.9038602 0.8979468 0.1076227 0.1019028 0.1417962 0.1498955 0.1698766 0.1876573 0.2748386 0.343002 0.4851412 1 112.8541 168.2682 177.9798 206.5578 209.5346 207.042 197.1743 210.4512 206.1765 196.8023 1048.608 17 
0.4878132 0.9021177 0.9202474 0.0848162 0.1044689 0.09897441 0.1466299 0.164769 0.205618 0.240608 0.3379991 0.4637218 1 88.68493 131.9466 164.3345 164.9816 193.6993 203.0591 212.2174 208.7139 214.0287 206.3244 1045.613 18 
0.5163511 0.8910323 0.9201497 0.0788639 0.1027813 0.1196239 0.153043 0.1466717 0.1882334 0.2558675 0.3755086 0.4585879 1 83.05381 125.9387 164.7342 189.1776 214.9516 206.1778 210.7029 223.8226 241.1886 220.3411 1053.128 19 
0.4690963 0.9055387 0.9084716 0.09125642 0.1064811 0.1382522 0.147289 0.1893681 0.2195686 0.2596014 0.3595625 0.4956905 1 94.97402 139.526 166.1572 194.7748 198.6279 210.767 209.3955 200.2111 198.5027 185.4548 1040.738 20 
0.5135553 0.9160017 0.8969636 0.07858063 0.1259506 0.1223963 0.153767 0.1617605 0.1793367 0.2600397 0.3524926 0.4910005 1 81.88122 123.9318 184.5737 197.503 214.6749 211.0619 202.0808 215.2664 222.377 215.0629 1042.003 21 
0.5075806 0.9251126 0.8817614 0.07252242 0.1160188 0.1243627 0.1173579 0.1755029 0.214971 0.2300804 0.3409234 0.4998322 1 74.58884 112.4487 167.7477 190.0123 183.0998 207.3155 220.741 209.0974 216.8558 217.0603 1028.494 22 
0.5204638 0.8938709 0.88656 0.09178617 0.1366107 0.1079559 0.1254967 0.1713262 0.2048853 0.2391475 0.3435012 0.5049844 1 96.21515 146.2917 206.1981 196.0562 194.0596 210.8592 218.6133 214.8191 222.2264 222.2307 1048.253 23 
0.5086234 0.875026 0.8971254 0.1111778 0.1037744 0.1614535 0.1342088 0.1982385 0.2162166 0.2454534 0.3162495 0.4923934 1 117.7165 177.5899 187.9881 231.7906 212.8145 229.6316 222.9475 207.8463 197.538 198.2252 1058.813 24 
0.5117591 0.9164424 0.9013666 0.09829323 0.117103 0.1241372 0.1406146 0.1497361 0.1747565 0.2342592 0.3111587 0.4843254 1 102.5755 155.0694 189.551 200.1373 204.7424 198.4154 194.4603 202.3071 208.0813 218.5844 1043.566 25 
0.5036094 0.8883008 0.8729704 0.08097075 0.1016953 0.1262431 0.1317528 0.1695229 0.2029744 0.2880791 0.3911784 0.4715683 1 85.56036 128.6494 163.5476 192.4939 197.3682 211.588 218.1156 236.0404 240.866 210.8384 1056.682 26 
0.4801672 0.8808667 0.9169925 0.08462161 0.1023685 0.124807 0.1373697 0.1699021 0.1831603 0.3097235 0.3273733 0.4635177 1 89.68763 132.7527 163.0593 186.9856 194.4839 205.091 198.4409 233.361 212.7944 198.1188 1059.867 27 
0.4953093 0.9103885 0.9187841 0.08644093 0.1134972 0.1242695 0.1435219 0.1709659 0.1997554 0.2264319 0.3312548 0.5080287 1 90.076 134.6915 174.7606 191.4353 200.8903 207.7217 207.7113 197.9694 205.6652 212.234 1042.053 28 
0.4722715 0.9304483 0.9138322 0.09940743 0.1125038 0.1278458 0.1524809 0.1568993 0.1973776 0.2480862 0.3539314 0.4559688 1 103.1806 151.9098 176.9085 189.611 199.8751 190.6092 192.0648 193.6529 201.8887 187.2619 1037.956 29 
0.5056881 0.9003429 0.9152343 0.09958123 0.1073737 0.1346539 0.1562874 0.1346002 0.1939399 0.2746182 0.3546614 0.4959588 1 104.4093 157.2079 180.8669 204.9358 217.6034 192.8539 200.7868 219.3975 221.361 211.5821 1048.484 30 
0.5158479 0.868625 0.8997245 0.1121998 0.1080927 0.1382808 0.1496998 0.1730901 0.1781473 0.2549272 0.3021936 0.4260998 1 119.7361 181.5017 196.0379 217.9761 221.4497 221.4056 205.4219 213.2355 204.7391 198.833 1067.169 31 
0.5306232 0.9183366 0.8822522 0.0899144 0.1107879 0.1211857 0.1201764 0.1679011 0.2631754 0.2156066 0.3703673 0.5040155 1 92.5631 141.6792 178.9749 195.9278 191.9496 210.0069 252.4962 219.1314 231.0109 220.8887 1029.458 32 
0.4949089 0.9057504 0.9041245 0.09332395 0.1168426 0.1220417 0.1093298 0.1734448 0.1558435 0.2675451 0.3303524 0.5052869 1 97.16167 145.2478 182.1793 191.9042 174.9962 199.6763 182.7953 212.1626 215.0629 219.1674 1041.123 33 
0.4958271 0.9141337 0.8896639 0.09933166 0.1079381 0.1143098 0.1189834 0.1490401 0.1823907 0.2783911 0.3589999 0.4987749 1 102.8337 153.8214 176.9127 182.7985 178.2913 185.1351 192.5311 221.1762 226.6487 216.5606 1035.256 34 
0.497441 0.9213463 0.8993203 0.1096594 0.1077891 0.1383643 0.1460764 0.1556124 0.2083109 0.2432651 0.3330314 0.5622449 1 113.9685 170.6611 184.634 206.0762 206.4229 197.2089 204.946 200.7314 202.1886 215.8098 1039.295 35 
0.4987405 0.9156961 0.9065857 0.09586636 0.1085636 0.1436741 0.1407417 0.1686167 0.2026317 0.2568105 0.3958782 0.4846635 1 99.3827 148.9489 176.0432 207.8454 204.3609 205.5878 206.1062 207.459 223.3772 200.0932 1036.68 36 
0.4906947 0.9371437 0.8972237 0.08573595 0.1091809 0.1219294 0.1476328 0.1643116 0.1764072 0.2548379 0.3604107 0.541611 1 87.50275 130.4399 165.8834 182.7492 197.4278 199.0987 189.4109 202.0611 214.146 215.6083 1020.608 37 
0.4896702 0.9233864 0.9232012 0.09381323 0.1145972 0.1248964 0.1503114 0.1695889 0.2024301 0.2618244 0.3006831 0.5248247 1 97.47055 145.199 178.9946 191.7644 203.5541 204.7942 204.4787 207.6149 192.7837 205.6241 1038.985 38 
0.4995955 0.8983925 0.8859427 0.08990172 0.09609238 0.1344619 0.1447787 0.1524502 0.2075523 0.2395183 0.3231393 0.5522542 1 94.61723 141.8876 162.927 197.8139 207.3208 201.2794 213.2968 209.661 210.5232 227.5372 1052.452 39 
0.5068784 0.9068091 0.8913596 0.08635081 0.119217 0.1086184 0.1454812 0.181191 0.1802252 0.2403132 0.294732 0.4773147 1 89.32964 134.6089 180.9104 182.123 200.2705 216.4073 203.2674 205.3182 199.3733 209.9093 1034.497 40 
0.5151581 0.8911276 0.8916086 0.09768356 0.1104235 0.1447753 0.1400557 0.1682785 0.2215472 0.1943036 0.3300976 0.5270029 1 103.2444 156.4315 185.8959 218.5893 214.2254 215.3544 225.9108 194.8724 207.8289 221.971 1056.927 41 
0.5034298 0.9038963 0.9055733 0.1004998 0.07722592 0.11044 0.1412105 0.1452305 0.2192204 0.2332543 0.3618725 0.4415734 1 106.2126 159.6832 153.8026 174.3087 197.9441 196.9766 224.7378 217.4618 233.5716 214.2162 1056.844 42 
0.4854318 0.9035121 0.8863796 0.0986594 0.0866751 0.128024 0.143611 0.1591472 0.2020646 0.2885148 0.2585454 0.5284746 1 102.9371 152.906 155.7366 185.5606 197.6343 198.0137 205.0988 223.7208 187.7626 211.1195 1043.358 43 
0.4656288 0.8905137 0.8874241 0.09078448 0.1203025 0.1181158 0.1513907 0.1774075 0.1770768 0.2097631 0.3120935 0.4694432 1 96.57766 141.547 182.2691 185.3714 199.9136 206.0539 188.6983 178.2819 189.3224 198.1554 1063.812 44 
0.4899098 0.8969453 0.8887648 0.09756417 0.102653 0.1065394 0.1577949 0.1694131 0.2091062 0.2879748 0.3655426 0.4559557 1 102.5752 152.8278 172.2676 175.1023 205.8163 209.3663 213.8395 225.9557 220.2344 194.5803 1051.362 45 
0.5068259 0.9088654 0.8961634 0.0918272 0.1045769 0.1384354 0.159495 0.1736308 0.1958293 0.2632761 0.3451916 0.5223444 1 95.72802 144.2455 172.1157 204.5904 220.1846 218.186 209.927 213.802 212.1084 210.3016 1042.48 46 
0.4919671 0.9102361 0.9003477 0.09685991 0.1013457 0.1413699 0.1450496 0.1635285 0.1853038 0.2358045 0.3318708 0.5002208 1 101.0776 150.8045 169.7058 203.2232 205.4618 202.7519 196.1171 196.3922 204.0734 208.6103 1043.544 47 
0.4805945 0.9345638 0.9044387 0.0764342 0.09602823 0.1583524 0.1444531 0.1651543 0.1980222 0.2599221 0.3330876 0.5108095 1 78.11412 115.6553 146.221 205.3835 202.4403 198.7596 197.0912 201.6388 198.3077 199.0136 1021.979 48 
0.5380668 0.8629162 0.9010243 0.09770541 0.1219558 0.1110402 0.1378607 0.1375267 0.1986062 0.257321 0.3870005 0.5808282 1 104.3014 160.4225 203.7867 203.5618 213.1774 203.8457 220.711 234.0395 254.6945 255.5093 1067.509 49 
0.4815479 0.9084802 0.9316819 0.09307943 0.1191019 0.1328313 0.1608789 0.1767664 0.2221319 0.2681396 0.3052921 0.5328077 1 96.86893 143.516 181.5234 197.8522 211.2674 208.6787 211.1226 205.5485 185.5434 194.2984 1040.713 50 
0.5023546 0.8898105 0.8758148 0.09502081 0.09800582 0.1113422 0.1383761 0.1597492 0.2104484 0.2599703 0.3516824 0.5209785 1 100.0256 150.2739 168.8556 180.4995 196.3396 203.7377 218.6919 223.3359 225.7933 222.5305 1052.671 51 
0.487781 0.9343215 0.8835836 0.07713231 0.09784321 0.1241296 0.1311201 0.1825314 0.2039556 0.2670462 0.3570098 0.5019293 1 79.20447 117.8389 150.2017 179.3887 185.6871 209.3351 210.5876 215.7859 216.046 205.5367 1026.865 52 
0.4672781 0.8863031 0.9220792 0.08794413 0.1145355 0.1122132 0.1613291 0.1690641 0.1920888 0.2910931 0.4103985 0.4947623 1 93.65043 137.4112 175.4502 178.4867 206.5763 204.7834 197.8942 217.6009 226.7411 194.8449 1064.885 53 
0.4801285 0.9349793 0.8987063 0.09800778 0.121447 0.1205556 0.127216 0.1581339 0.201647 0.2902712 0.3246627 0.5111593 1 100.5417 148.8146 183.8265 186.2643 180.3816 185.2789 194.8846 215.304 200.0085 198.7791 1025.854 54 
0.5371296 0.8658687 0.900587 0.09090395 0.124931 0.1292369 0.1352592 0.1864953 0.1911536 0.2559719 0.3129138 0.4961157 1 97.01658 149.1271 201.3119 217.8546 217.0121 235.7891 226.0625 229.101 220.9928 225.3886 1067.243 55 
0.5069246 0.8930328 0.9099841 0.08889727 0.09808802 0.1393159 0.1494449 0.1552591 0.1976437 0.2247233 0.2913183 0.5244425 1 94.06589 141.7502 166.4209 205.4996 216.0136 208.3303 211.882 204.361 201.0355 226.2233 1058.141 56 
0.5202709 0.898197 0.8912045 0.09465721 0.1189873 0.1031874 0.1376873 0.1756359 0.2077649 0.3100551 0.3500792 0.5170012 1 99.09179 150.6464 191.1479 185.6087 199.6706 217.2948 223.6475 247.1121 230.4243 217.6485 1046.849 57 
0.5052307 0.8989275 0.911788 0.09850115 0.1083835 0.1318298 0.1557824 0.1680719 0.1792463 0.2672696 0.3506765 0.5132431 1 103.4612 155.7329 181.3087 202.9022 216.6957 213.4814 200.1304 214.0362 216.7022 212.6575 1050.355 58 
0.5051105 0.8913287 0.89072 0.08388665 0.1027679 0.1342151 0.1462505 0.1665401 0.1561267 0.2176977 0.3714783 0.461413 1 88.63703 133.4085 166.8645 200.8526 211.4251 213.7073 191.4828 195.0152 229.7202 218.4726 1056.629 59 
0.4979505 0.9116159 0.9056743 0.09690858 0.1154151 0.1324714 0.1449663 0.1699382 0.2090089 0.269418 0.3536208 0.513683 1 100.924 151.1791 183.8289 201.7489 205.0904 206.9973 210.139 213.8027 211.1421 203.4271 1041.435 60 
0.4902912 0.9281531 0.9144704 0.09207771 0.1185882 0.1376356 0.1351837 0.1783429 0.2097477 0.2441049 0.3275156 0.4868302 1 94.81579 141.3031 180.1503 201.7448 194.9795 205.2002 206.5226 198.6657 196.1953 194.9448 1029.737 61 
0.4914626 0.8812267 0.888391 0.09034992 0.1204009 0.1111852 0.1685157 0.1781594 0.1855025 0.2999297 0.372736 0.5254773 1 96.45996 143.8664 187.6343 187.1938 219.9457 220.5692 204.6472 227.3242 221.993 206.6153 1067.626 62 
0.4982891 0.9129597 0.8927648 0.09690765 0.1306462 0.1381497 0.1374808 0.2038886 0.1698622 0.1926143 0.3375434 0.523527 1 100.7754 150.9908 197.9317 211.4185 202.086 224.4398 193.9082 173.8795 195.9524 209.9533 1039.912 63 
0.498128 0.9053653 0.912808 0.09081738 0.1114416 0.135011 0.1434259 0.1557593 0.2186194 0.2724204 0.3563892 0.4636973 1 94.9934 142.3123 176.8694 202.1892 205.5495 199.9094 215.1363 219.6792 216.5238 197.5384 1045.983 64 
0.4874251 0.9313715 0.9243101 0.083133 0.111438 0.1347222 0.1228725 0.1917412 0.2081084 0.2350635 0.2810974 0.5116505 1 85.89907 127.7684 167.8509 195.2239 184.6563 212.508 211.0468 198.9928 184.9218 205.1924 1033.273 65 
0.4825309 0.880851 0.9144826 0.09603403 0.1260975 0.1182714 0.1556358 0.1575688 0.2253852 0.2743417 0.3485132 0.5141325 1 102.1771 151.4807 194.3735 193.1996 208.5669 199.2403 214.9537 215.7482 207.3765 199.318 1063.968 66 
0.4830043 0.898895 0.9076165 0.1002385 0.1130011 0.1177552 0.1384809 0.1465686 0.2214542 0.1949868 0.4068049 0.4424102 1 105.6898 156.7385 182.9087 187.4356 193.3404 187.1284 211.2641 184.9045 228.4795 200.137 1054.383 67 
0.4971184 0.8617144 0.9025267 0.1042842 0.1276239 0.117265 0.1318702 0.1341936 0.2082556 0.2690156 0.3598637 0.5181576 1 112.5719 168.5334 207.1806 201.9063 198.5602 185.4505 208.7423 222.9717 227.4041 220.4824 1079.472 68 
0.5127948 0.9070718 0.8974941 0.08739831 0.1165866 0.09795177 0.1624386 0.1529443 0.2214784 0.192985 0.315855 0.5279218 1 91.5085 138.4336 182.3888 176.211 214.0467 207.3022 225.9481 197.0277 208.2366 229.3661 1047.028 69 
0.4892242 0.9255744 0.8884782 0.1012137 0.1259242 0.1287302 0.1376901 0.1795738 0.2223235 0.2468921 0.3628153 0.4635814 1 104.8045 156.0774 193.551 199.4091 195.1449 205.2197 211.8759 199.9285 204.3574 186.7225 1035.477 70 
0.4807285 0.8896347 0.9048472 0.0930639 0.1158275 0.1272426 0.1368869 0.1854175 0.2001208 0.2277158 0.3695886 0.4752487 1 98.92041 146.4743 182.0732 195.9831 196.0442 213.2942 207.2029 194.8731 213.0894 199.235 1062.93 71 
0.5179556 0.9011021 0.8925382 0.1014575 0.1024244 0.1156912 0.1381606 0.1667467 0.1934976 0.2531132 0.3243063 0.5266344 1 106.5413 161.725 180.4106 191.4262 202.6243 212.5798 214.1771 220.7264 219.3936 228.9205 1050.108 72 
0.4984596 0.8970054 0.8843433 0.09703482 0.1350092 0.1431977 0.1438869 0.1750854 0.1938479 0.2779979 0.3320536 0.5358196 1 101.4527 152.0228 203.2361 218.2427 209.4599 209.2842 200.1054 210.4827 200.417 202.8328 1045.529 73 
0.5168082 0.8976372 0.911666 0.09992412 0.102782 0.1291739 0.1293176 0.1774052 0.1948839 0.2459263 0.3989495 0.4780364 1 104.7241 158.8464 179.0486 201.8611 199.6344 217.0169 215.0304 215.6482 239.3047 215.7567 1048.036 74 
0.4882811 0.8836704 0.9122549 0.09344361 0.1171327 0.1194517 0.1454665 0.1661019 0.19731 0.2090892 0.3136411 0.5064743 1 99.58895 148.2164 185.542 192.4896 203.2508 205.8562 206.1235 190.4773 199.5815 215.574 1065.765 75 
0.4941969 0.9025909 0.8847202 0.09793372 0.1127808 0.1212853 0.1246931 0.1605013 0.2087294 0.2105983 0.3161313 0.4541886 1 101.9334 152.3086 181.1612 190.562 185.4485 194.483 208.3834 192.6142 201.4011 203.887 1040.841 76 
0.4969193 0.8952606 0.8889991 0.1101877 0.1030993 0.1476414 0.1463489 0.1839044 0.1821697 0.2418609 0.3503369 0.4478571 1 116.1722 173.9005 183.1361 215.2321 211.913 217.8955 199.2955 197.8628 206.8529 192.9246 1054.312 77 
0.4805385 0.909125 0.8956014 0.09850192 0.1174176 0.1536997 0.1175929 0.1916394 0.2142403 0.2569167 0.3089668 0.5096165 1 102.2997 151.4587 182.7146 214.807 185.4578 207.377 206.521 199.9415 186.0682 191.9824 1038.556 78 
0.5029489 0.8889593 0.9062238 0.08897556 0.1189528 0.1161616 0.1564023 0.1820478 0.1707524 0.232897 0.2984913 0.4548694 1 94.49764 142.0251 186.526 192.8374 214.8281 223.7582 201.3122 201.6567 200.1385 206.1888 1062.063 79 
0.5009797 0.9188978 0.882464 0.07481513 0.1163044 0.1182314 0.1316964 0.1854747 0.2156936 0.2492 0.3052588 0.5168067 1 77.26928 115.9796 169.2362 184.6186 190.5469 215.3713 221.4805 213.8804 201.8078 212.4389 1032.803 80 
0.5082487 0.9101451 0.8765602 0.09171578 0.1172585 0.1159748 0.1543124 0.1654399 0.2117429 0.2678907 0.3147947 0.4628129 1 95.59363 144.179 184.2859 190.5809 210.8627 210.5313 217.4054 220.5987 206.8394 200.5465 1042.281 81 
0.4974773 0.8984123 0.8957551 0.1050038 0.1196887 0.1408697 0.1197777 0.1795402 0.2249834 0.2309409 0.3369153 0.5055987 1 110.1996 165.0215 194.516 213.247 191.1734 207.3698 218.5847 200.5643 202.7989 203.4028 1049.483 82 
0.4771671 0.9218953 0.9034997 0.0945211 0.1283352 0.1247492 0.1616788 0.1684764 0.2232955 0.2219682 0.3605683 0.4242154 1 97.6284 144.2135 188.8389 191.8058 206.885 199.4948 206.2562 184.1697 196.2558 175.1786 1032.874 83 
0.4954931 0.9166274 0.9152712 0.09976963 0.09341655 0.1242154 0.1305769 0.1608166 0.2394671 0.2116254 0.293856 0.5528913 1 103.645 155.0004 164.1646 186.6566 189.4431 197.6853 227.6824 200.0082 194.554 223.218 1038.843 84 
0.496809 0.9101277 0.8903781 0.1061853 0.09467488 0.1249917 0.1418545 0.1566525 0.2026167 0.2454672 0.3053205 0.5340941 1 110.9791 166.1145 170.9692 190.6475 199.6899 198.6885 207.2237 207.7766 201.6059 219.7114 1045.145 85 
0.5046937 0.8881663 0.8849138 0.108091 0.1036561 0.132222 0.1253679 0.1677176 0.1831856 0.2562596 0.3663926 0.5652122 1 114.8487 172.8121 185.4488 205.9092 196.3327 207.2173 202.8754 214.7055 227.7944 231.7046 1062.518 86 
0.5065762 0.9162873 0.8725539 0.1015086 0.1128444 0.09678025 0.1521739 0.1567321 0.1868985 0.2623644 0.3504232 0.560559 1 105.8659 159.4951 186.5384 174.9511 202.8879 202.5541 202.941 217.3255 222.9188 230.1642 1042.926 87 
0.4825981 0.9399386 0.8987264 0.09523614 0.1296692 0.1322976 0.1439066 0.1790244 0.1853493 0.2445545 0.3196069 0.5162175 1 97.88249 145.1204 190.6148 199.062 197.1258 202.761 189.3342 189.7037 188.632 197.7206 1027.787 88 
0.4802691 0.9150347 0.8844447 0.0954681 0.1232736 0.1025389 0.1439462 0.1582078 0.2006333 0.2708338 0.3527376 0.5406515 1 99.45336 147.2177 186.8637 174.4555 190.5103 191.9101 199.3633 211.4177 211.3861 210.5008 1041.744 89 
0.5021249 0.9165546 0.9115847 0.09619305 0.1170107 0.1409738 0.1468832 0.1694231 0.1955506 0.2542385 0.3690142 0.4635007 1 100.3807 150.7844 186.0716 210.8334 210.9438 209.3213 204.2323 206.2248 215.7716 197.2851 1043.534 90 
0.4851938 0.9301377 0.8868899 0.09795489 0.1106878 0.1281408 0.1498021 0.1900997 0.1821974 0.2117189 0.3463497 0.5309974 1 101.0641 150.0998 175.842 191.3748 200.9518 214.1281 194.4238 180.3651 198.4539 207.4666 1031.741 91 
0.4974606 0.9087566 0.8909277 0.1020117 0.1096152 0.09937279 0.134899 0.1428924 0.2106701 0.1845593 0.3776501 0.4928542 1 106.7445 159.8457 182.517 173.9353 188.1738 186.7553 210.6082 186.1621 228.4184 223.9342 1046.395 92 
0.491083 0.8842873 0.8926747 0.09995374 0.117739 0.1192225 0.1347037 0.1645616 0.2174046 0.2467156 0.3154782 0.498538 1 106.3055 158.5103 190.5464 194.2619 195.5979 201.9748 216.0913 209.9428 203.1061 207.9217 1063.547 93 
0.5212285 0.8774594 0.9073082 0.09911429 0.1136383 0.1261057 0.1382909 0.134354 0.1858283 0.268751 0.2812528 0.4416928 1 105.9939 161.2409 193.5244 208.5566 211.9052 196.8474 206.0445 229.1974 212.6744 216.0634 1069.411 94 
0.4948429 0.8859073 0.904796 0.1074542 0.09213743 0.1395848 0.1415094 0.1731465 0.183119 0.2259602 0.3463112 0.4886851 1 114.0124 170.4306 171.5923 204.9212 206.0859 211.9406 201.0352 196.4072 212.1754 211.0588 1061.032 95 
0.5067426 0.9098463 0.8794066 0.09102083 0.1072044 0.15991 0.144682 0.1859983 0.1830868 0.2102442 0.3293638 0.4714229 1 94.52628 142.4268 173.3732 222.6256 215.2512 221.7137 202.6031 187.3312 199.6756 201.7297 1038.513 96 
0.4634935 0.8954979 0.8999795 0.07684423 0.1104245 0.1471261 0.1391036 0.1952418 0.1945 0.268815 0.3510893 0.4961059 1 80.40451 117.6715 161.2019 201.1363 195.1667 213.6371 197.7718 201.6038 198.4298 188.2385 1046.331 97 
0.4903951 0.9204814 0.9091634 0.09155824 0.1177074 0.100977 0.131211 0.1586457 0.1961632 0.1939327 0.3231763 0.4774161 1 94.52097 140.8736 179.4742 171.5665 181.7424 191.6563 200.6524 183.1653 203.6865 213.7325 1032.359 98 
0.5147842 0.9064492 0.8974784 0.1093629 0.08469071 0.1267829 0.1583101 0.1872343 0.2151046 0.2472092 0.3154083 0.5480056 1 113.6337 172.1306 166.9845 193.3517 216.629 228.0816 226.2545 214.652 204.798 217.5895 1039.052 99 
0.4798956 0.87532 0.9153039 0.09821038 0.145004 0.1361539 0.1260682 0.1667336 0.1964407 0.2145041 0.3102431 0.5225895 1 105.1091 155.5505 214.5964 215.3362 193.2046 196.5878 196.3137 183.6855 189.8014 209.1899 1070.244 100 
