NaN 0.1402712 0.01813103 0.02186592 0.01386017 0.01526033 0.01910905 0.02093637 0.0240125 0.02929397 0.03591069 0.05068661 3.090944e-05 22.61758 22.03083 15.97431 9.696788 0 0 0 0 0 0 1 
1.290623e-14 0.04717237 0.01662337 0.02049273 0.02404113 0.02843146 0.03242192 0.03751376 0.04505295 0.05328984 0.07244177 5.297532e-17 3.42222e-15 21.60648 25.75646 26.20023 24.67705 24.72084 22.48101 21.97389 20.36377 4.233274e-06 4.235265e-06 2 
0.1173782 0.09205127 0.06249708 0.0103952 0.0109991 0.01182371 0.01361218 0.01582874 0.01940516 0.02277645 0.02823755 0.03723312 0 11.20643 17.15959 24.45049 31.27931 34.32552 36.99839 37.91269 40.82681 40.88827 40.47721 3 
3.348292e-10 0.07232254 0.01142443 0.0114982 0.01288351 0.01293707 0.01592068 0.01898969 0.022518 0.02609568 0.03347742 0.04480579 2.164102e-05 11.46376 16.07167 15.96831 17.6039 17.77091 16.58565 14.75823 13.12522 9.843869 1.570107e-06 4 
6.470023e-12 0.099085 0.01101538 0.01246128 0.01231166 0.01307678 0.01427106 0.01596351 0.01949639 0.02324223 0.02829321 0.03927206 4.06475e-05 12.45152 16.74246 17.14364 16.85777 16.76027 16.60055 15.33345 13.82428 11.0868 1.995847e-06 5 
0.1364244 0.06178694 0.05960365 0.009358948 0.01069924 0.01252866 0.01259142 0.01550871 0.01818955 0.02160108 0.02743314 0.03584262 0 9.523095 16.3697 25.99495 34.55872 43.57855 44.84635 47.24392 49.30103 49.56917 50.6964 6 
1.766696e-11 0.1071967 0.01175078 0.01423049 0.01067543 0.01299948 0.01528293 0.01681141 0.01977323 0.02380433 0.02962062 0.04022471 2.088385e-05 14.19709 15.05096 17.44242 18.5385 16.85312 16.97548 15.74904 13.70855 10.84792 4.505292e-07 7 
2.432566e-15 0.08838095 0.01043927 0.01296382 0.01110913 0.01269349 0.01329461 0.01833684 0.02017359 0.02487224 0.03105146 0.04067921 7.64075e-15 12.8847 15.03558 16.53348 16.16519 17.87791 16.71013 15.28516 12.97787 9.958835 3.860148e-08 8 
NaN 2.423107e-05 0.007660384 0.008595202 0.009867123 0.01092796 0.01284775 0.01555835 0.01673119 0.02155459 0.02688121 0.03477101 0 8.47487 11.77717 13.78335 15.10643 15.68422 15.52127 14.53252 12.67341 9.811836 0 9 
5.886455e-05 0.04935851 0.01896567 0.02303377 0.02646674 0.02998414 0.03410591 0.04098661 0.04830543 0.06156675 0.0831155 1.150147e-07 7.11792e-06 24.69755 28.80018 26.05332 28.5457 26.76134 26.55472 25.09806 24.18262 0.2857943 0.3506243 10 
5.460703e-05 0.04659664 0.01811034 0.02241786 0.02383404 0.02774718 0.03264173 0.03735787 0.04414786 0.05677668 0.07551444 7.610581e-09 1.204856e-07 24.10118 24.12335 26.35714 25.94025 24.63985 24.81823 23.81854 21.47783 0.2679749 0.3264568 11 
1.608249e-14 0.04933548 0.0195552 0.02403349 0.02689222 0.03295902 0.03901753 0.04368971 0.05183249 0.06084181 0.07469555 2.891263e-19 2.268646e-17 26.41287 29.25344 31.77972 28.92549 27.91897 25.95525 24.40334 23.7022 9.219301e-06 9.219326e-06 12 
0.0004928799 0.09102382 0.01573631 0.01794701 0.01465729 0.01643449 0.02045977 0.02312285 0.02538094 0.03212359 0.04186864 0.05952342 6.917656e-16 18.48029 19.70784 20.02656 21.83398 18.80469 18.69332 17.93663 15.92949 13.83323 2.461359 13 
2.569404e-14 0.05081298 0.01888396 0.0255885 0.02576217 0.0289068 0.03509478 0.04142988 0.04717732 0.05909107 0.07417069 8.286003e-19 1.080357e-15 27.79464 25.26988 28.09168 29.0285 26.3869 26.22818 24.42726 23.73655 8.910497e-06 8.910507e-06 14 
1.418398e-12 2.59038e-05 0.007338832 0.009343465 0.0103128 0.01170993 0.01417437 0.0157704 0.01825184 0.02198885 0.02845763 0.03703673 0 9.175282 12.30357 14.23688 15.41417 15.6624 15.2842 14.28062 12.15042 9.392453 8.886404e-09 15 
1.59578e-13 0.0511746 0.02061549 0.02841823 0.02993079 0.03444192 0.03974356 0.04624615 0.05206741 0.06582716 0.09000585 9.354629e-16 4.152065e-14 31.04824 32.21017 31.47524 31.00494 27.8984 27.65654 26.67907 26.5185 2.696357e-05 2.698231e-05 17 
0.0872191 0.06595898 0.05764089 0.01001835 0.009745252 0.01204922 0.01398854 0.01584653 0.01840098 0.02339385 0.02877176 0.03742678 0 10.23675 13.05326 19.08964 20.57962 22.71134 24.72555 25.72587 24.80816 25.96082 25.06227 18 
2.300812e-10 2.466121e-05 0.007719981 0.009110069 0.01109338 0.01116376 0.01383799 0.01588646 0.01964017 0.0230706 0.02965831 0.03873692 0 9.046299 12.75405 14.35681 15.4795 15.74868 15.17527 13.98785 11.75777 8.95549 1.033981e-06 19 
0.001038747 0.05138882 0.009394252 0.0114201 0.01076743 0.01191288 0.01409941 0.01619782 0.01861631 0.02317594 0.02843753 0.03719423 1.478304e-10 11.36596 13.46606 14.97445 16.05083 16.23679 15.82454 14.87525 13.32297 10.75247 4.766212 20 
1.195816e-11 0.1134477 0.01585556 0.02048094 0.01537011 0.01737952 0.0194127 0.02587541 0.02961075 0.03068528 0.03904244 0.05571923 3.646275e-05 20.88475 23.28793 23.3313 19.78912 22.92694 18.04391 16.99462 15.2962 13.16484 1.307786e-06 21 
2.476415e-07 4.695908e-05 0.007389603 0.009061683 0.009798944 0.01145567 0.01344235 0.01565723 0.01871359 0.02256015 0.02791837 0.03625566 3.702173e-12 8.952943 11.97265 14.05528 15.30642 15.71555 15.32838 14.195 12.38764 9.395565 0.001066927 22 
0 3.806115e-05 0.007802945 0.009726085 0.009553224 0.01157135 0.01369655 0.01540373 0.01880564 0.02286042 0.02859225 0.03713696 0 9.648277 12.21592 14.22144 15.4175 15.74743 15.33341 14.12948 12.16427 8.908934 3.26081e-15 23 
1.579607e-08 2.719038e-05 0.007411873 0.00924474 0.01051909 0.01143788 0.01366849 0.01601731 0.01860408 0.02287104 0.02813489 0.0365589 2.962095e-14 9.133803 12.43689 14.25464 15.39684 15.71106 15.29155 14.10276 12.31257 9.266253 6.981881e-05 24 
0 0.1200418 0.02459383 0.0299826 0.02055692 0.0225304 0.02834778 0.03503832 0.03682455 0.04344892 0.05523122 0.08226246 1.209363e-15 31.69965 33.96951 29.17673 33.17692 23.39702 26.96478 22.87939 21.76288 19.34304 2.764287e-08 25 
1.293605e-17 0.09554771 0.01282712 0.01380277 0.01341726 0.01390804 0.01590366 0.01771492 0.0211484 0.02533981 0.03176545 0.04368566 4.771666e-14 13.90516 18.21064 17.47007 18.24114 17.41952 17.18292 15.87984 14.18665 11.46145 2.089004e-07 26 
2.192571e-09 0.1036278 0.01213577 0.01357173 0.01243454 0.01328325 0.01424651 0.01557961 0.01949925 0.02358783 0.03199517 0.04523407 2.321019e-05 13.441 17.21971 17.40079 16.64318 16.67222 16.80763 15.71569 13.96841 10.42387 9.946154e-05 27 
0.0005378458 0.06157391 0.009586052 0.01067926 0.01113247 0.01374303 0.01448271 0.01680344 0.01933352 0.02322048 0.0273364 0.03662743 3.049424e-10 10.65146 13.89153 16.30126 16.15031 16.32351 15.70787 14.67082 13.49773 10.56091 2.40043 28 
5.557285e-10 0.1403648 0.01631036 0.01604802 0.01335032 0.0137913 0.01541985 0.0173003 0.01955077 0.02576269 0.03200237 0.04355049 1.837837e-05 16.12696 20.89632 20.49484 19.63511 18.38073 17.21756 17.26794 15.14848 11.6829 2.450753e-06 29 
0.0002646424 0.1037062 0.01421729 0.01652095 0.01209187 0.01400735 0.01526403 0.01930624 0.02170101 0.02957139 0.03768859 0.04615951 1.79103e-05 16.65824 16.79362 18.43784 17.92076 19.17878 17.46272 17.43706 13.94014 11.3794 1.239815 30 
8.031895e-05 0.05107267 0.01917092 0.02467348 0.02841466 0.03284407 0.03651189 0.04474233 0.05620285 0.06700796 0.08400201 2.467827e-08 2.333328e-12 26.79531 31.82858 29.2268 29.13564 30.01842 27.05087 24.70949 23.09656 0.4155156 0.5042331 31 
1.0505e-09 0.1191685 0.02239953 0.02299653 0.01699425 0.01909791 0.02242466 0.02631042 0.03101766 0.0417352 0.0557024 0.06835424 4.263351e-05 24.16652 26.89505 26.91774 27.2263 26.06937 21.9526 24.0042 18.18973 16.82569 6.002813e-06 32 
0.001176725 0.1047859 0.01305646 0.01717491 0.01275909 0.0140808 0.01541977 0.01745031 0.02069639 0.02467452 0.03107483 0.04233395 6.041849e-08 17.36908 17.79829 17.93244 17.45138 17.49698 17.21042 16.25151 15.09153 12.95095 5.555633 33 
1.130913e-14 0.04928179 0.01770918 0.02535388 0.02673903 0.03001173 0.03393063 0.03992021 0.04811183 0.06105958 0.07624006 3.588133e-18 3.160671e-17 27.12164 27.85875 26.48401 26.71821 25.68387 25.40736 23.12048 21.99615 3.65366e-06 3.653815e-06 34 
9.064687e-07 0.1616502 0.02559546 0.03281381 0.01662566 0.02016811 0.02209805 0.02623494 0.03482628 0.03419075 0.04531877 0.06445357 1.980104e-05 34.07749 30.16638 32.42905 29.03931 27.68822 20.0742 19.665 18.56471 15.61227 0.004803233 35 
2.621408e-14 3.075274e-05 0.007468582 0.009079195 0.01076672 0.01111085 0.01194495 0.01489707 0.01725322 0.02115316 0.02643099 0.0343386 3.352055e-12 8.952086 12.48268 14.17397 15.12649 15.6744 15.53146 14.64082 12.9 9.766582 1.019026e-07 36 
1.29612e-05 0.1226936 0.01755515 0.01813533 0.01238431 0.01722436 0.01809634 0.02352562 0.02499474 0.02950945 0.03803943 0.04989313 1.497404e-05 18.49315 18.21632 23.16369 18.86448 22.71679 19.18054 17.77288 15.09782 12.89688 0.05971805 37 
0.1608876 4.965245e-06 0.05238144 0.009226978 0.01040461 0.01169216 0.01349552 0.01455313 0.0181216 0.02127709 0.02673864 0.03445534 2.178028e-10 9.134708 17.94108 32.43214 45.85397 56.21964 64.47238 67.4969 71.45251 72.88339 73.88742 38 
7.907042e-08 1.971992e-05 0.00734364 0.009646788 0.01024795 0.01135832 0.01377001 0.01529828 0.01927199 0.02250837 0.02814496 0.03628576 0 9.52138 12.45985 14.23689 15.39808 15.70771 15.24031 14.14647 12.31114 9.686501 0.0003557369 39 
0 9.75489e-05 0.007535238 0.008767953 0.01002408 0.01182919 0.01419269 0.0147569 0.01767638 0.02177235 0.02735149 0.03548828 0 8.671507 11.97395 14.18256 15.4521 15.72324 15.44614 14.44274 12.58382 9.223027 2.726538e-15 40 
NaN 3.954551e-05 0.007304958 0.009595227 0.01143142 0.01233168 0.0144077 0.01618513 0.01836412 0.02177737 0.02855847 0.036814 0 9.480085 13.05524 14.74268 15.58986 15.65602 15.17592 14.17816 11.97411 9.319205 0 41 
0 5.043037e-05 0.007348468 0.009116706 0.01054286 0.01163183 0.01351314 0.01490958 0.01792339 0.0219312 0.02698018 0.03508934 0 8.998189 12.38595 14.28101 15.37852 15.70589 15.42324 14.39507 12.69804 9.479815 2.855016e-15 42 
0 9.30043e-05 0.0072526 0.009689 0.01020938 0.01182445 0.01422952 0.01526399 0.01847057 0.02158037 0.02719887 0.03533953 0 9.563044 12.45986 14.36697 15.48667 15.70481 15.30894 14.36707 12.62793 9.352274 1.794769e-15 43 
1.433627e-08 0.1425592 0.01778342 0.01554824 0.01595887 0.01500631 0.01668524 0.01832455 0.02379071 0.02826485 0.03683926 0.04767089 2.122479e-05 15.64125 23.73246 23.47938 20.6771 19.16365 19.62899 17.34588 13.77756 11.21861 6.419881e-05 44 
0.0001970058 0.05034382 0.01874078 0.02669974 0.02756734 0.03330821 0.04042627 0.04833267 0.05837158 0.06859375 0.1183525 NaN NaN 28.60939 28.485 31.75229 30.8081 28.99045 24.93458 26.07191 21.06306 1.072206 1.288121 45 
0.002127829 0.1021071 0.01516254 0.01654629 0.01444693 0.01613369 0.01885129 0.02202125 0.025666 0.03164749 0.0402226 0.05402179 9.997177e-08 16.85454 20.54988 21.17607 21.28226 20.26535 17.80223 17.78027 15.85751 14.60052 10.40013 46 
8.444629e-10 0.08779518 0.01164521 0.01384667 0.01131287 0.01206347 0.01579866 0.01716409 0.01981188 0.02323398 0.03067299 0.040497 5.687149e-05 13.73496 15.23769 15.79308 17.8109 17.07221 16.26495 15.02179 13.39541 10.03458 4.824741e-06 47 
7.073385e-07 0.09785735 0.01642413 0.02095031 0.01510494 0.01640914 0.01906163 0.023056 0.02666121 0.03160078 0.04256456 0.06040166 3.290603e-05 21.47616 20.98444 20.24809 20.93417 21.1423 18.605 17.58327 16.15621 12.79115 0.003713459 48 
0.0009072299 0.09036923 0.01261908 0.01386387 0.01295199 0.01407984 0.015648 0.01803034 0.02032073 0.02441293 0.03245314 0.04400214 1.044221e-06 13.88361 17.30637 17.60868 17.53979 17.43155 16.47175 15.8314 14.43353 11.64459 4.137296 49 
NaN 0.1202885 0.01985121 0.02241784 0.01713896 0.01902448 0.02144012 0.02394928 0.02816561 0.03422449 0.04308527 0.06126001 2.291035e-05 23.39143 26.96557 26.29169 23.31561 21.39402 20.23402 17.78009 16.01779 12.60792 0 50 
NaN 5.562519e-05 0.007581998 0.008425794 0.01064478 0.01231888 0.01304127 0.01408748 0.01749593 0.02081628 0.02684668 0.03491775 1.516044e-05 8.324685 12.18434 14.41095 15.36612 15.6888 15.47777 14.60797 12.6113 9.344554 0 51 
5.470301e-14 0.04684596 0.01826606 0.02380723 0.02537778 0.02883589 0.0323965 0.03691876 0.04763752 0.06019225 0.06959995 3.085561e-16 2.93583e-16 25.98514 25.54001 26.92877 23.87393 26.92657 26.5006 23.72279 22.66552 1.339996e-05 1.341897e-05 52 
0 3.178224e-05 0.007761438 0.009208356 0.01100568 0.0114256 0.01327452 0.01448442 0.01777276 0.02093347 0.0274989 0.03599031 0 9.088648 12.67461 14.35284 15.37186 15.70092 15.45888 14.60687 12.46008 9.309172 5.954298e-15 53 
3.092847e-14 0.04915567 0.01826106 0.02227212 0.02750315 0.03233659 0.03609862 0.03877206 0.04817147 0.0644423 0.08773385 8.160509e-16 6.423212e-15 23.6799 30.28914 29.18101 25.90361 25.01346 26.20083 24.57451 21.94092 6.298014e-06 6.313672e-06 54 
NaN 1.454832e-05 0.007620113 0.009218172 0.01015669 0.01092959 0.01295823 0.01398972 0.01696616 0.02047252 0.02606685 0.03374848 NaN 9.135209 12.26585 14.04711 15.24996 15.69662 15.60019 14.81332 13.01733 10.14756 0 55 
3.052248e-11 0.09397342 0.01226589 0.01420096 0.01301209 0.01374585 0.01675225 0.01966814 0.02251697 0.02685527 0.03390601 0.04625697 2.10482e-05 14.26846 17.83638 17.63297 19.04785 18.77978 16.6669 15.68115 13.62898 10.71762 4.971775e-07 56 
0.001853593 0.1016377 0.01324337 0.01599738 0.01323505 0.01431164 0.01636797 0.01884304 0.02191397 0.02617213 0.0336288 0.04794803 0 16.14144 18.5599 17.83101 18.4092 17.90823 17.07489 16.20698 15.09504 14.00919 8.856146 57 
6.682881e-12 0.07633484 0.01018325 0.01294514 0.0108202 0.01249286 0.01364289 0.01670266 0.01892495 0.0247595 0.03069429 0.03949414 4.846153e-19 12.86044 14.07027 15.82279 16.22353 16.79739 16.05502 15.18094 12.91353 10.1698 0.0001385984 58 
2.598467e-14 0.04640635 0.01932699 0.0213742 0.02523233 0.03119754 0.0369439 0.04153388 0.04740482 0.06023243 0.08424785 7.859776e-15 1.877879e-15 23.18488 27.14195 29.91447 28.18075 26.14559 25.57796 25.65069 23.25991 1.20352e-05 1.241539e-05 59 
5.822559e-07 2.703864e-05 0.007696186 0.008972652 0.009778645 0.01127906 0.01499997 0.01542769 0.01883717 0.02253619 0.02781917 0.03616629 2.564479e-14 8.811145 11.85572 13.90945 15.45323 15.66323 15.22441 14.13226 12.40334 9.392457 0.002503126 60 
3.449163e-14 5.295342e-05 0.007446474 0.009280728 0.01109028 0.01177307 0.01400903 0.01590538 0.01894197 0.02241933 0.026972 0.03535357 3.91412e-13 9.178641 12.77025 14.49669 15.50859 15.71011 15.22538 14.15206 12.63117 9.438618 1.907882e-09 61 
5.407701e-08 0.138264 0.0159162 0.01629896 0.01268911 0.01362115 0.01681084 0.01873431 0.02159504 0.02724003 0.03508566 0.04750077 8.041819e-05 16.32957 20.19479 20.61626 21.99251 20.29984 17.68419 17.10863 14.8206 10.59073 0.0002433598 62 
0 4.996681e-05 0.007785714 0.009368648 0.01089738 0.01142563 0.01287941 0.01468525 0.01847364 0.02224835 0.02803982 0.03643331 0 9.312436 12.75575 14.43063 15.39364 15.75704 15.43442 14.3311 12.34652 9.047112 2.837587e-15 63 
0.001096819 0.1078388 0.01364016 0.01472751 0.01256122 0.01462988 0.01599009 0.01839633 0.02178566 0.027719 0.03666306 0.04414708 6.674337e-11 14.86275 17.84577 19.46029 18.08513 18.40151 17.68131 16.80994 14.53826 12.52561 4.916133 64 
7.020791e-14 0.1041333 0.01361204 0.01494945 0.01210869 0.01645506 0.01729056 0.01908613 0.02193065 0.02574247 0.03305483 0.04506888 4.32713e-16 15.00563 17.00719 20.96043 18.96425 17.91274 16.88246 15.64994 14.28231 11.55528 6.790494e-06 65 
0.00244308 0.08650087 0.01252837 0.01348376 0.01170264 0.01354148 0.01554233 0.01817508 0.02111544 0.02422011 0.03166519 0.04225546 2.078024e-05 13.56656 15.57015 17.15631 17.75365 17.77864 17.04722 16.30811 15.76738 14.34241 11.07666 66 
0 2.904665e-05 0.007581971 0.009404479 0.01006298 0.01067263 0.01352156 0.01431381 0.0181995 0.02142669 0.02673879 0.03470339 0 9.310434 12.28995 13.97979 15.30866 15.7115 15.46943 14.52666 12.79496 9.396664 3.662636e-15 67 
8.266676e-05 0.05272998 0.01829687 0.02379209 0.02594774 0.02912532 0.03159632 0.03847109 0.04644764 0.05760017 0.08299999 4.927068e-10 0.0002480351 25.44329 28.79575 25.37292 26.54254 27.0583 24.55252 25.50091 22.91375 0.4062072 0.4973259 68 
NaN 0.07823072 0.01123833 0.01137774 0.01141378 0.01182937 0.0136292 0.0162905 0.01841539 0.02294983 0.02966914 0.03964657 6.929204e-05 11.31712 14.75804 15.24714 16.28059 16.62677 15.59955 14.11516 10.60917 0 0 69 
2.210277e-14 0.04973297 0.0169582 0.02092497 0.02386246 0.02748874 0.03105405 0.03807361 0.04733663 0.05148075 0.06868819 3.520445e-20 8.60027e-16 22.3393 25.81227 25.43854 25.19641 26.77689 23.06278 22.93152 21.45562 1.109576e-05 1.109576e-05 70 
4.990922e-10 0.1107114 0.01658142 0.01880794 0.01438949 0.01671113 0.01862654 0.02058599 0.02368375 0.03161276 0.03998909 0.05383411 2.793349e-05 19.27119 21.26456 22.33504 20.79646 18.86943 18.74801 18.84746 15.81673 13.28147 5.914565e-05 71 
1.195258e-14 0.04776505 0.01655585 0.02247984 0.02397578 0.0262864 0.03010904 0.03665391 0.04378786 0.05149382 0.06870841 4.598691e-17 6.251863e-15 23.78662 24.81952 23.19201 25.03359 24.8717 22.99227 21.72993 21.5083 5.1753e-06 5.178041e-06 72 
2.391861e-13 0.08758002 0.01154157 0.0126239 0.01153948 0.0121672 0.01486278 0.01645928 0.01978321 0.023539 0.02990218 0.03976107 1.418217e-14 12.51528 15.39974 15.7467 17.23353 16.83148 16.46461 15.11909 13.30122 10.19843 3.332617e-06 73 
2.589645e-14 0.08896947 0.01167994 0.0137335 0.01114119 0.01213034 0.01415268 0.01641473 0.01933894 0.02243205 0.03122064 0.0401755 1.724686e-17 13.71186 15.11004 15.98678 16.97059 17.1014 16.55032 15.26423 13.90594 10.20488 3.186018e-07 74 
8.982051e-15 0.05124215 0.01951295 0.02375985 0.02640704 0.03048578 0.03398939 0.0393022 0.04789399 0.05931918 0.08124494 9.957727e-19 1.289163e-14 25.78616 29.0956 28.29568 26.94239 27.57661 26.37517 25.8632 24.66722 6.975829e-06 6.975866e-06 75 
7.006968e-13 0.1733804 0.02401564 0.03226186 0.01557247 0.01579555 0.02136601 0.0229178 0.02676127 0.03766321 0.04531495 0.06389382 8.100757e-05 33.12616 27.56054 25.04305 29.32167 28.20285 25.08769 25.43501 18.90118 15.03275 7.955067e-06 76 
0.0003978599 0.07591405 0.01008967 0.0110536 0.01064846 0.01358252 0.01410198 0.01660614 0.01922082 0.02229968 0.02913912 0.03837894 1.663144e-05 10.98127 13.81028 16.67168 16.21923 16.72206 16.09638 15.02649 13.41019 10.34311 1.701895 77 
NaN 8.048679e-13 0.007637289 0.009369529 0.01094273 0.01158732 0.01370877 0.01471042 0.01685877 0.0200646 0.0265159 0.03450327 0.0001349126 9.266464 12.71991 14.39559 15.3291 15.36767 14.67488 13.01863 8.905903 0 0 78 
NaN 0.09685691 0.01229004 0.01287509 0.01216637 0.01363697 0.01484297 0.01743331 0.02005904 0.02446244 0.03048293 0.04013912 4.716306e-05 12.81866 16.58633 17.78195 16.98961 17.15827 15.96231 14.50048 11.93527 7.404383 0 79 
7.320068e-15 0.05207825 0.0172757 0.02505249 0.02519968 0.02839079 0.03267402 0.03745313 0.0435556 0.05773575 0.08191543 1.103372e-17 2.609233e-12 26.01999 26.4394 25.7853 25.74048 23.11397 23.6899 22.89338 20.90015 5.884698e-06 5.885207e-06 80 
9.849502e-20 0.150705 0.01819495 0.02062918 0.01295942 0.01572627 0.02385471 0.01985129 0.0216008 0.02585639 0.03523824 0.04714035 2.535623e-05 20.83419 22.41853 16.6196 25.30753 20.62993 18.90908 17.06661 15.88883 12.0412 6.754305e-07 81 
NaN 0.1011751 0.01543854 0.01625791 0.01303336 0.01429004 0.01690583 0.01973403 0.02289492 0.02778639 0.03557511 0.04875658 3.460552e-05 16.59175 17.82911 16.41306 12.67401 0 0 0 0 0 0 82 
0.001135197 0.09580501 0.01323713 0.01422929 0.01280443 0.01388864 0.01550315 0.01872715 0.02131479 0.02666057 0.03545171 0.04898306 2.083125e-05 14.16721 17.4608 17.87582 17.97145 18.44711 17.15056 16.44529 14.70306 11.41424 5.127337 83 
0.1573924 0.07775854 0.0561895 0.01091755 0.01156649 0.01191361 0.01373514 0.01719175 0.01975235 0.02278698 0.02900036 0.03809405 0 11.42622 21.59229 36.2854 52.47667 61.61409 67.01016 74.90059 79.99019 78.88282 81.24987 84 
6.276036e-12 5.885094e-05 0.007621526 0.008859092 0.01107485 0.01221717 0.01335246 0.015949 0.01988726 0.0220685 0.02852133 0.03705349 2.472526e-13 8.717346 12.55182 14.49366 15.40717 15.6775 15.08195 14.10714 12.17911 9.176539 3.46667e-07 85 
0.1081418 0 0.05297322 0.009243911 0.01008426 0.01186225 0.01399137 0.01527152 0.01863276 0.02214459 0.02676223 0.0349648 0 9.086764 13.72757 21.38002 27.06719 31.79551 36.29814 37.2687 38.32349 38.24472 36.56368 86 
9.120565e-15 0.05598413 0.009384062 0.0101501 0.01104662 0.0125823 0.01418258 0.01682458 0.01907536 0.02458514 0.03073975 0.04047748 4.374335e-17 10.08799 13.60031 15.46036 16.23747 16.47946 15.79356 14.68252 12.43345 9.288489 1.139093e-06 87 
9.54714e-08 0.0844191 0.01087747 0.01273576 0.01095439 0.01299699 0.01436013 0.01614201 0.01852841 0.02336773 0.02951526 0.03925261 3.684865e-05 12.74909 14.73736 16.69009 16.91043 16.73405 16.21605 15.41331 13.44199 10.21617 0.0004277002 88 
0.0001558815 0.04898168 0.01710149 0.02450686 0.02644453 0.02934188 0.03251667 0.03856559 0.04624623 0.06001688 0.08192776 NaN 3.997675e-05 26.20168 27.76921 25.09213 26.74212 25.64981 26.01745 25.03078 23.34186 0.7813756 0.9552018 89 
6.843916e-07 0.08929567 0.01083085 0.01303757 0.01136209 0.01276607 0.0146616 0.0174136 0.02000042 0.02507155 0.03119314 0.04065507 1.44754e-05 12.94849 15.36877 16.58405 17.21324 17.32244 16.22621 15.1272 12.92614 10.0012 0.003096881 90 
0.08334579 0 0.06395768 0.008553729 0.01038043 0.0117748 0.01247506 0.0147538 0.01769555 0.02121995 0.02588017 0.03368478 0 8.476745 11.66777 14.74456 17.82158 20.39737 20.58593 21.00506 21.69532 22.07567 21.66254 91 
2.362387e-14 0.04728305 0.01830687 0.02302656 0.0279103 0.03238078 0.03547156 0.04280246 0.05212204 0.05807306 0.07277658 1.867871e-15 3.550354e-16 24.69149 30.0923 27.04163 27.20951 27.00199 24.03004 22.69675 22.05743 7.988226e-06 8.072409e-06 92 
NaN 4.91514e-05 0.007635949 0.009439023 0.01030652 0.01145019 0.01337264 0.01533463 0.01834169 0.02215947 0.02681999 0.03500025 NaN 9.354072 12.43828 14.25457 15.29893 15.5054 14.84508 13.13127 10.16151 0 0 93 
1.132842e-13 0.09545701 0.01075563 0.01276887 0.01231371 0.01270032 0.01553562 0.01674558 0.01837308 0.022689 0.02958708 0.03942854 3.938469e-05 12.79503 16.82073 16.49461 18.02201 16.70046 16.25776 15.51227 13.87684 10.52829 1.527713e-06 94 
0.0006294385 0.06871528 0.009685344 0.01044762 0.01046162 0.01278419 0.01335438 0.01627034 0.01849403 0.02236476 0.02848375 0.03767449 8.343773e-10 10.40674 13.3568 15.80421 15.903 16.61107 16.06571 15.16003 13.41051 10.61088 2.638109 95 
2.369747e-09 0.09120355 0.01062784 0.01205052 0.01164032 0.01253898 0.01415043 0.01660674 0.01939317 0.02345409 0.03079734 0.04079725 2.303731e-05 12.00422 15.67379 16.54063 17.08273 17.28031 16.59688 15.41305 13.55523 10.03401 1.025289e-05 96 
1.283186e-13 0.125609 0.01817494 0.0186181 0.01506562 0.01586684 0.01659492 0.02031418 0.02348371 0.03072949 0.04386103 0.05008509 3.84493e-14 19.01851 23.23513 19.71371 19.74554 20.55334 18.72433 18.63264 15.23762 13.40736 4.813508e-06 97 
4.351239e-14 0.05029241 0.01917025 0.02643053 0.02912546 0.03478197 0.04028344 0.04306305 0.04760643 0.05960488 0.08510884 4.73681e-18 1.061467e-15 28.55602 31.5566 31.55918 27.763 25.34717 24.25743 25.2599 22.95203 8.046768e-06 8.04687e-06 98 
6.736405e-10 0.09308987 0.01122704 0.01297718 0.01146531 0.01283275 0.01433449 0.01682937 0.02031968 0.0242486 0.0303138 0.04062367 1.966843e-05 12.97074 15.77076 16.94209 17.1907 17.32734 16.79767 15.18879 13.23917 10.14458 3.044797e-06 99 
0.1063702 0.08749778 0.06024986 0.01174277 0.0114416 0.01416552 0.01596604 0.01779784 0.02055161 0.0256116 0.03233707 0.04296297 8.503313e-15 13.37272 18.9214 29.42547 33.88491 39.18511 42.80564 43.49758 41.69604 41.41215 41.17203 100 
0 3.028163e-05 0.007671071 0.009020264 0.011256 0.01247636 0.0123382 0.01502043 0.01739013 0.02264513 0.02674011 0.03500533 0 8.857899 12.68951 14.60204 15.33279 15.66628 15.43131 14.23698 12.71266 9.51891 2.57577e-15 1 
