0.02391514 0.03885522 0.01817853 0.009549778 0.01146005 0.01425739 0.01724998 0.02040975 0.02329631 0.02795206 0.03589064 0.04981245 2.23099e-05 13.26289 15.20738 17.76783 19.2016 19.72328 19.06927 19.88718 20.40706 20.63514 19.74333 1 
0.023281 0.03282541 0.0159631 0.009588496 0.01293319 0.01545404 0.01733862 0.02071746 0.02486689 0.02963469 0.03789415 0.05297047 5.332314e-16 13.86947 17.90067 19.54167 19.70624 21.65368 22.16305 21.9529 23.47731 23.23533 23.23504 2 
0.02303102 0.03534156 0.01758958 0.01040877 0.01275189 0.01513117 0.01793289 0.02006558 0.024783 0.03021639 0.0384972 0.05395135 2.629037e-15 14.51731 16.83681 18.45826 19.6653 19.0598 21.23524 20.33662 21.02382 21.21579 19.73672 3 
0.02405269 0.0323401 0.0171475 0.01076363 0.01353852 0.01672113 0.01938272 0.0236895 0.02662284 0.03308665 0.04361827 0.06052537 2.037204e-05 15.71962 18.69322 21.47838 21.95475 24.18907 21.71432 25.40076 23.98904 24.79348 22.98598 4 
0.02321422 0.03451371 0.01725867 0.01054442 0.01357912 0.01519042 0.0176333 0.0211978 0.02459739 0.02976389 0.03987204 0.05699353 1.719924e-15 14.60387 17.82385 17.99564 19.3338 20.59681 20.02153 20.86171 22.55891 19.79638 21.12742 5 
0.02422141 0.03493862 0.01762596 0.01044201 0.01381211 0.01537002 0.01721069 0.0215641 0.02503426 0.03039457 0.03787093 0.0503384 9.251101e-16 15.44019 19.39221 19.26911 20.04663 22.93864 21.36862 22.8779 21.68987 22.77289 23.36319 6 
NaN 0.02433585 0.02122402 0.02309958 0.03405493 0.04296915 0.04968755 0.05431315 0.07028089 0.08732232 0.1120415 0.1875903 4.55027e-05 25.80593 32.26233 34.35098 32.44693 35.56818 36.04176 35.75203 37.30024 36.5722 0 7 
0.02170606 0.03149009 0.01753315 0.01059609 0.0123382 0.01616758 0.01822567 0.02095498 0.02645873 0.03220077 0.03866992 0.05211553 7.51178e-16 14.18152 15.55241 19.27233 18.59631 19.42763 21.44588 19.93438 19.58455 20.93743 20.24552 8 
0.02271585 0.03450509 0.01665158 0.00996828 0.01277483 0.01490807 0.01682168 0.02098967 0.02406698 0.02799179 0.03739143 0.05356058 1.490506e-05 13.84596 16.89148 18.03137 18.41348 20.91627 19.40792 19.83878 22.31504 20.44705 20.66276 9 
0.02349123 0.0357091 0.0187433 0.0102067 0.0115628 0.01419016 0.01655145 0.01896747 0.02336056 0.02883516 0.03762885 0.0527007 5.480404e-16 13.87697 14.89838 17.43638 18.23802 18.62015 20.37216 20.38912 21.39431 20.33849 20.50257 10 
0.0220028 0.02468323 0.01707245 0.01178069 0.01796199 0.02001488 0.02313661 0.02792865 0.03175868 0.03752541 0.04844756 NaN NaN 18.51358 26.51609 24.22383 27.39481 28.44029 26.40625 29.09321 28.26245 27.10292 21.63404 11 
0.02235145 0.03209094 0.0172731 0.009779386 0.01273201 0.01530738 0.01844222 0.02126035 0.02390745 0.0300804 0.03959104 0.05410673 9.686922e-16 13.25212 16.48317 18.21251 19.76303 19.70254 19.39886 21.65342 21.39189 20.35036 21.35257 12 
0.0237653 0.03485773 0.02017397 0.009809166 0.01300087 0.01644432 0.01751141 0.02082766 0.02419071 0.02713669 0.03510467 0.05086628 3.1274e-05 12.98101 16.49817 19.08602 17.4142 19.77039 19.23182 18.41662 20.89868 22.32184 19.18672 13 
0.02347247 0.03683344 0.01876849 0.009808374 0.01232189 0.0138812 0.0167055 0.02028781 0.02273096 0.02828703 0.0369371 0.05114557 9.027665e-16 12.95962 15.56432 16.1297 17.9725 19.15081 17.86299 20.00579 19.96253 19.73281 19.29778 14 
0.02304661 0.03515644 0.01653778 0.009877413 0.01200333 0.014792 0.01740345 0.01963211 0.02367505 0.02854243 0.03667973 0.05220045 1.209668e-15 13.32425 15.43605 17.82454 18.73758 18.61476 20.11826 19.84279 21.01988 22.02061 19.40994 15 
0.02256185 0.0319583 0.01576917 0.0107261 0.01356669 0.01579093 0.01756284 0.02261832 0.02615682 0.03191328 0.04252994 0.06167905 4.871872e-05 14.86984 17.7781 18.99148 19.12982 22.77709 20.60038 22.63697 23.18309 22.77035 20.60116 16 
0.02270819 0.03544068 0.01428267 0.00953828 0.01247828 0.01455116 0.01726485 0.01979868 0.02332487 0.02925673 0.03704885 0.05075083 5.603904e-16 13.84405 17.29419 18.4112 19.90418 19.92937 20.66638 21.9059 20.90167 22.46108 20.83087 18 
0.0228097 0.03635837 0.01621918 0.009019834 0.01101011 0.01462255 0.01662331 0.01811872 0.02183618 0.0275346 0.03449675 0.04739062 2.290114e-05 12.09985 14.19865 17.76568 17.59449 17.2112 18.95866 19.92747 19.08189 21.2108 19.25652 19 
0.02456841 0.03134973 0.01775934 0.009370117 0.01463861 0.01668337 0.01908084 0.02196415 0.02728197 0.03270442 0.04117242 0.05816448 1.244695e-15 14.21985 21.46537 21.25145 22.61693 23.32924 25.96169 24.04614 26.6133 25.55377 26.11686 20 
0.02322134 0.03457431 0.0181472 0.01030055 0.01370676 0.01475841 0.01629071 0.01925777 0.02323307 0.0288997 0.0373723 0.05257013 4.453506e-16 14.04544 17.79854 17.05852 17.77465 19.1614 19.9661 20.72982 21.03226 21.84711 19.87291 21 
0.02365854 0.03129555 0.01506578 0.01104458 0.01378349 0.01576003 0.01862545 0.02283181 0.02682753 0.03250853 0.04294877 0.06061825 1.08381e-15 16.98043 19.87534 20.96845 22.95962 24.9635 24.16297 25.43242 26.7044 24.29 25.90071 22 
0.02275924 0.03357335 0.01675213 0.01003717 0.01327171 0.01649835 0.01748527 0.02086354 0.02534733 0.02954167 0.03583542 0.04942208 5.718936e-16 13.71344 17.26735 19.551 17.82641 20.3448 20.7457 19.58163 20.19603 21.72417 21.10024 23 
0.02318627 0.03720704 0.01640789 0.009913108 0.01340482 0.01424678 0.01632248 0.01837459 0.02276238 0.02871743 0.0363692 0.04890299 1.984098e-15 13.67704 17.63469 16.58196 17.9997 17.9705 19.95457 20.48973 19.77587 20.21419 20.5204 24 
0.0222294 0.03289679 0.01441365 0.01031418 0.01247347 0.01486886 0.01778931 0.02207439 0.02510046 0.03075566 0.03988976 0.05375629 4.826654e-16 14.55061 16.60347 18.52013 20.0659 21.95311 20.10568 22.33034 21.78068 21.04095 22.14165 25 
0.0229355 0.03181806 0.01674869 0.01129441 0.0126994 0.01538806 0.01788131 0.01965747 0.02430296 0.03016491 0.03905843 0.05502473 9.721861e-16 16.25228 16.97709 19.78884 20.53388 20.00074 22.76643 22.63493 23.61521 23.43894 22.83619 26 
0.02290018 0.03600651 0.01729154 0.009796295 0.01257529 0.01503872 0.01679293 0.01801965 0.02372746 0.02989911 0.03874617 0.05437352 1.894604e-05 12.8639 15.79409 17.31159 17.26504 16.75609 20.35615 19.77249 20.02188 19.99224 18.46133 27 
0.02222042 0.03298289 0.01431457 0.009656802 0.01279896 0.01550546 0.018342 0.02080245 0.02507203 0.03091666 0.03995212 0.05635692 1.394259e-05 13.50085 17.09146 18.9693 20.0902 19.86962 21.38696 21.48291 22.0215 22.05098 20.5967 28 
0.02181618 0.0340833 0.01667147 0.00835238 0.0122992 0.01585665 0.01671713 0.01926232 0.02315124 0.02715171 0.03447702 0.04768431 3.734502e-16 10.83159 15.45965 18.05538 16.22913 17.76215 18.49384 17.88657 19.13779 19.36055 19.20939 29 
0.0217737 0.03451325 0.01485822 0.009048406 0.01322443 0.01479487 0.0169514 0.02037201 0.02435785 0.02961646 0.03830202 0.05315127 6.42126e-16 12.04194 16.93661 16.78747 17.70582 19.02205 19.23418 19.38335 20.03499 19.18125 19.21443 30 
0.02196418 0.03288142 0.01731774 0.01069234 0.01342305 0.01541584 0.01804074 0.02140134 0.02774714 0.03284528 0.03908018 0.05411467 1.694559e-15 14.31656 16.96027 17.75846 18.91705 19.72633 22.03999 18.49438 20.11531 20.19931 19.6216 31 
0.0212748 0.03530963 0.01489805 0.0090045 0.01294134 0.01466312 0.01711063 0.02027021 0.02308318 0.02920507 0.03649668 0.0488099 7.450864e-16 11.81374 16.31466 16.43433 17.48331 18.21666 17.52204 19.36349 17.56702 18.98411 18.21029 32 
0.02323371 0.03600462 0.01755182 0.01076994 0.01314347 0.01533234 0.01693965 0.02070762 0.0242646 0.02882114 0.03611212 0.04981781 2.689986e-05 14.79062 17.00633 18.21731 18.0421 20.19161 19.47934 19.62498 19.87877 20.8748 19.99633 33 
1.251386e-16 0.006836139 0.02009385 0.04396721 2.251913e-21 6.772357e-14 5.562598e-08 1.989225e-08 2.792524e-08 5.054226e-09 9.028786e-09 3.096784e-08 2.443152e-08 55.80517 2.895686e-07 2.895849e-07 2.895851e-07 2.895854e-07 2.895856e-07 2.895858e-07 2.89586e-07 2.895862e-07 2.895864e-07 34 
0.02430147 0.03505916 0.01884267 0.01040161 0.01287331 0.0152285 0.01752629 0.02092421 0.02416767 0.03127051 0.04086688 0.05399755 1.07871e-15 14.68355 17.2445 18.92903 19.69413 21.15799 20.65377 23.66154 21.72419 21.47921 22.68417 35 
0.02430098 0.03302184 0.01665911 0.01090034 0.01214144 0.01623781 0.01828553 0.02142324 0.02431248 0.02966764 0.03911634 0.05359544 1.442066e-05 15.87032 16.47864 21.55352 20.67821 22.44553 21.60566 23.70634 24.66473 22.86627 25.33014 36 
0.02279051 0.0325749 0.01764129 0.01048952 0.01282477 0.01599573 0.02130453 0.02348538 0.02546163 0.03201691 0.04330957 0.06301143 1.190264e-15 14.547 16.83698 19.63357 23.3391 19.578 20.56758 22.41473 22.93718 21.02174 20.45596 37 
0.02340389 0.03592571 0.0181159 0.01106024 0.01281906 0.01486436 0.01802165 0.02176234 0.02495271 0.03093673 0.03954256 0.05431 2.072306e-05 14.67764 15.98145 17.37404 19.17221 20.0294 19.05717 20.70273 19.73164 20.71956 19.07585 38 
0.02215458 0.03483864 0.01332951 0.008832548 0.01340612 0.01505232 0.01648857 0.01885699 0.02366562 0.02967177 0.03723694 0.05147064 1.356373e-15 12.41688 18.18298 17.92395 17.98015 18.8371 20.93368 21.00971 20.1822 22.41223 19.47523 39 
0.02222283 0.0348729 0.01585536 0.010124 0.01288389 0.01497208 0.0181809 0.02179142 0.02533274 0.03141871 0.04125954 0.05657895 2.76503e-15 14.05358 16.96989 17.96873 19.80757 20.36127 19.71596 20.93251 20.65249 18.65839 19.90559 40 
0.02351935 0.03176628 0.01683442 0.009800979 0.01500357 0.01713616 0.0187019 0.02192402 0.02579518 0.03194959 0.04171653 0.05831252 1.339779e-15 14.21523 20.91459 20.61472 20.52616 22.38226 22.46396 23.87036 24.09743 23.82394 23.44884 41 
0.02257992 0.03321984 0.0162028 0.00934007 0.01347686 0.01630862 0.01942752 0.02099237 0.02455114 0.03058318 0.03974236 0.05571502 1.913952e-05 13.04664 18.09415 19.58441 20.72656 19.02309 20.86546 21.47262 21.72822 21.62388 20.64505 42 
0.02418271 0.03570875 0.0185534 0.01110492 0.01301638 0.01571414 0.01787368 0.02117636 0.02401517 0.03054467 0.04080337 0.0582656 1.253246e-05 15.89245 17.49854 19.82963 19.96275 21.30811 20.25654 22.97683 22.7219 22.31316 20.44955 43 
9.74483e-06 0.005638192 0.01985752 1.129062e-06 5.696406 NaN 5.55866 NaN 8.408294 18.18908 12.69874 12.43811 21.12199 0.001566699 0.01352017 0.04056427 0.06760832 0.09465256 0.1216969 0.1487418 0.1757863 0.2028305 0.2298746 44 
0.02285759 0.03524791 0.01584711 0.01085858 0.0133348 0.01549503 0.0172626 0.02098223 0.02585659 0.03179089 0.0402481 0.05583829 1.576846e-05 15.52627 17.93408 19.07663 19.07071 21.09538 21.68502 21.23056 21.0135 21.67503 19.70529 45 
0.02218199 0.03606269 0.01686648 0.009265025 0.01278191 0.0147698 0.01758845 0.02079263 0.0238183 0.02721882 0.03670531 0.05248623 3.837303e-05 12.12035 16.0541 16.66397 18.00024 18.48751 17.90548 17.46253 20.30253 18.0021 18.45007 46 
0.02132621 0.03239355 0.01541437 0.009300722 0.01313377 0.01478778 0.01790779 0.02034455 0.02411009 0.03079794 0.04038993 0.05599035 1.788046e-05 12.31813 16.70331 16.83374 18.82584 18.39333 19.40331 20.76832 20.18802 19.90273 19.15068 47 
0.0232477 0.03732693 0.01507255 0.01080335 0.01233017 0.01470604 0.0163127 0.02100703 0.02503606 0.02839938 0.03666161 0.05154506 5.741132e-16 15.38251 16.4353 18.47325 18.23961 21.6265 20.46331 19.10934 21.79843 20.39389 20.7239 48 
0.02373976 0.03273881 0.01789031 0.01054328 0.01406131 0.01693034 0.01942743 0.02310474 0.02673098 0.03257765 0.04138293 0.05722062 1.732533e-05 15.32118 19.42374 21.13634 21.48263 22.93672 22.08344 23.46984 22.63226 24.08761 22.07357 49 
0.02188498 0.03412524 0.01612768 0.008856974 0.01228534 0.01435524 0.01646357 0.01893372 0.02211626 0.02757661 0.03458558 0.04659632 2.053682e-16 11.69282 15.63061 16.58378 17.26797 17.80162 18.26925 19.50742 18.84956 19.88256 19.92212 50 
0.02329834 0.03579042 0.01838219 0.009516693 0.01227812 0.01585143 0.01801279 0.01785329 0.02358566 0.02998032 0.03893091 0.05387092 7.653528e-16 13.11154 16.21092 19.33222 18.90942 16.53244 21.51982 20.83478 20.97316 20.08343 20.31649 51 
0.02333796 0.03513691 0.01693723 0.009336851 0.01322137 0.01456209 0.0170188 0.02008096 0.02509171 0.02893712 0.0366782 0.05119261 2.448869e-05 12.87856 17.52791 17.20187 18.84845 19.72688 21.50781 19.09102 21.97419 20.64848 21.61244 52 
0.02290405 0.03204699 0.0165379 0.01119321 0.01361776 0.01696063 0.01912013 0.02217703 0.02607968 0.03218338 0.04196885 0.05768602 1.518315e-05 15.92358 18.12797 21.08116 20.58832 21.77149 21.94316 22.95108 23.18433 21.83467 22.99674 53 
0.02335979 0.03429421 0.01800141 0.01038744 0.01491348 0.01608907 0.01891772 0.02045522 0.02488431 0.03156967 0.04040192 0.05596252 2.389982e-15 14.22218 19.48652 18.0688 20.18351 18.62899 21.11503 21.53746 20.77291 21.96523 19.90289 54 
4.437587e-06 0.005866925 0.01976099 1.402669e-09 1.193266 0.08079026 0.3948294 1.290868 3.082519 1.188449 0.6522693 1.164857 2.193234 1.810103e-06 0.005726574 0.01717972 0.02863286 0.040086 0.05153914 0.06299229 0.07444543 0.08589857 0.09735171 55 
0.02251855 0.03603911 0.01789523 0.009936439 0.01204196 0.01404461 0.01711385 0.01964101 0.02207553 0.02891754 0.0354361 0.04706996 3.101849e-16 13.02939 15.0277 16.27393 18.06443 17.87765 17.5675 20.39645 17.24712 20.48109 18.7072 56 
0.02093145 0.03375266 0.01438193 0.00987939 0.01239506 0.01435655 0.01819092 0.02042532 0.0231318 0.02754241 0.03461066 0.04841159 2.506289e-05 13.18058 15.70475 16.66052 19.20361 17.85395 18.05101 18.33023 18.56434 20.23992 18.06095 57 
0.02172336 0.03281841 0.01449859 0.00964586 0.01338663 0.01574802 0.01785123 0.02083487 0.02552848 0.03099232 0.03969695 0.05588674 0 13.26071 17.59648 18.5604 18.87066 19.79677 20.98755 20.35476 21.21595 20.96876 19.86975 58 
0.02363132 0.0342262 0.01627457 0.01026525 0.01281735 0.01607212 0.01791685 0.01986231 0.02579786 0.03001972 0.0373371 0.05349971 1.351927e-05 14.81009 17.54063 20.45993 19.82262 20.08727 23.74423 20.06817 23.24757 23.30318 21.90523 59 
0.02388947 0.03403946 0.01788698 0.009025351 0.01291405 0.01477943 0.01929467 0.02142874 0.025148 0.02974189 0.03728861 0.05201782 1.335724e-15 13.518 18.64838 19.16527 23.41231 20.78283 23.06072 21.90682 23.33114 23.67184 23.17923 60 
5.220157e-06 0.006766098 0.02029251 0.04412896 NaN NaN NaN NaN NaN NaN 7.189639 NaN NaN 58.31968 0 0.006219038 0.01519639 0.02417129 0.03314709 0.04212224 0.05109653 0.0600707 0.06904484 61 
0.02302457 0.03124739 0.01635944 0.01014863 0.0126889 0.01609104 0.01839119 0.02192127 0.02892219 0.03435204 0.04192141 0.0622145 1.721295e-05 14.58856 17.30911 20.63226 20.68948 22.49604 25.78299 20.76265 25.61926 23.43823 22.89645 62 
0.02440873 0.03486914 0.01957463 0.01047871 0.01422978 0.01709226 0.01940388 0.02195455 0.02669533 0.03227771 0.04227584 0.0615269 4.557211e-15 14.88787 19.29681 20.73398 20.72346 20.98319 22.55478 21.54577 23.41241 21.90945 20.68262 63 
0.02176223 0.03356625 0.01514984 0.009805941 0.0121584 0.01531044 0.01884513 0.02010156 0.02453603 0.03050058 0.03960729 0.05521215 4.87014e-05 13.38978 15.79531 18.50925 20.12156 17.85148 20.72072 20.33945 20.92071 19.74319 19.92528 64 
0.02102248 0.02590312 0.01705451 0.01064508 0.01361285 0.01755152 0.02033735 0.02456758 0.02933396 0.03633121 0.0469363 NaN NaN 15.45849 18.5209 22.39225 22.44806 24.65063 24.31799 25.87804 24.85013 23.93189 18.82546 65 
0.02394998 0.03472771 0.01924171 0.009675497 0.01258562 0.0139041 0.01717568 0.02042856 0.0231891 0.02540006 0.0346098 0.05111375 1.657745e-15 13.35022 16.65441 16.82926 19.59578 20.18049 19.60303 18.75552 23.23115 23.25304 20.22237 66 
0.02384 0.03460235 0.01887278 0.01092641 0.01355079 0.01657455 0.0186639 0.02144293 0.02520326 0.0298022 0.03702608 0.05242327 2.502986e-05 15.13725 17.72864 19.96731 19.63554 20.43165 20.76277 20.42811 20.81796 23.12779 20.14122 67 
0.02362566 0.03685096 0.01813564 0.009236708 0.012521 0.01378067 0.01674535 0.0203495 0.02415644 0.02933459 0.03669102 0.0509096 2.100445e-15 12.65031 16.50578 16.43904 18.75831 19.95216 19.95607 20.34693 20.04798 21.98277 19.36169 68 
0.02468275 0.03466312 0.01848045 0.01174171 0.01382219 0.0153566 0.0188461 0.02133209 0.02466648 0.0298482 0.03795184 0.05270209 2.04681e-05 17.11164 18.7511 19.3715 22.20855 21.12765 21.93298 22.39515 22.83511 23.60567 22.94399 69 
0.02305642 0.0330401 0.01626776 0.01124932 0.01386952 0.01517612 0.0191951 0.02178541 0.02627654 0.03278641 0.04184673 0.0563804 1.46235e-05 15.99249 18.46311 18.43548 22.03165 20.6229 22.54392 22.55826 22.18107 21.4969 22.43159 70 
0.02378306 0.03606835 0.01741881 0.009465382 0.01224326 0.01467536 0.01733644 0.02139019 0.02590203 0.03007201 0.03875205 0.0552931 1.082554e-15 12.99721 16.12612 17.87585 19.12894 21.02342 21.1229 19.76092 22.34152 20.99048 20.60049 71 
0.02416401 0.03402439 0.01569765 0.01018998 0.01352394 0.01625816 0.0193418 0.0213313 0.02524182 0.03193956 0.04375273 0.06557237 1.622417e-05 15.27436 19.32364 21.16349 22.59231 21.32896 23.3246 24.41663 26.14613 22.1165 23.38045 72 
0.0228011 0.0385551 0.01556495 0.008192209 0.01261454 0.01416229 0.01730022 0.01825983 0.02225083 0.02755956 0.03558143 0.04894445 1.449977e-05 11.13029 16.62677 16.55582 18.67072 16.63667 19.14886 19.19846 19.68512 19.19498 19.31494 73 
0 0.007736188 0.02078089 0.03839843 0.07303386 1.153966e-09 NaN NaN NaN NaN NaN 3.956673 31.85108 48.77481 64.82696 7.904485e-07 6.390009e-07 0 4.268775e-06 2.892635e-06 1.628408e-06 0 0 74 
0.02339333 0.03734362 0.01437256 0.01027144 0.01354668 0.01482937 0.01655331 0.02079379 0.02368242 0.02872105 0.03570522 0.04772722 5.041313e-16 14.63267 18.30043 17.82264 18.50521 21.13088 19.31201 20.84636 19.86689 20.93069 21.5462 75 
2.586165e-06 0.006564497 0.02000984 0.04340453 3.866259e-06 0.0006246156 42.91878 10.20844 13.71257 13.69274 1.843299 4.521085 13.347 56.49217 0.004548647 0.002927826 0.007269591 0.01161145 0.01595331 0.02029516 0.02463702 0.02897888 0.03332074 76 
0.02405623 0.03220591 0.0183388 0.0102504 0.01325317 0.01612729 0.01848661 0.02212675 0.02662774 0.03290095 0.04179357 0.05870916 2.23441e-17 14.89576 18.35439 20.64462 21.11057 22.94468 23.4068 24.11309 23.61765 25.79557 22.2808 77 
0.02176252 0.02688041 0.01313631 0.01233786 1.281146e-05 0.0160893 0.02068213 0.02452212 0.02754187 0.03251252 0.04289281 0.06385042 1.242266e-05 19.54433 12.51111 25.42492 26.60654 26.724 25.17659 26.85245 28.49777 29.77619 25.42782 78 
0.02665265 0.03372999 0.02173028 0.01151136 0.01359496 0.01714074 0.01989085 0.02312313 0.02754471 0.03313841 0.04179965 0.05811165 1.662965e-05 17.91761 19.84968 23.90851 24.03112 25.03974 25.80124 25.51479 26.22128 26.42727 25.90916 79 
0.02401511 0.03297425 0.01764484 0.009728235 0.0132325 0.01619293 0.01924011 0.02211346 0.02482532 0.03143773 0.04153513 0.05797111 9.199474e-16 14.45248 18.84291 21.03288 22.278 22.27324 21.84147 24.8233 24.01687 24.11158 23.01913 80 
0.02404892 0.03576269 0.01933617 0.01000841 0.01272681 0.01461394 0.01669882 0.01905108 0.02317006 0.0300455 0.03874583 0.05263709 1.868303e-05 13.95756 16.94512 17.84513 18.6865 19.14624 20.70093 22.36889 20.85023 22.00424 20.74102 81 
0.02302994 0.03844846 0.01855631 0.009430831 0.01120407 0.01341198 0.0175066 0.01897255 0.02306133 0.02725745 0.03649873 0.05258745 3.13732e-05 12.45365 14.16756 15.90977 18.91621 16.84187 19.06229 17.8964 20.64008 18.2389 18.30652 82 
0.02461177 0.03342996 0.01882114 0.00921635 0.0128674 0.01585376 0.01865593 0.01993708 0.02425743 0.03106252 0.04030113 0.05415726 3.724246e-16 13.32468 17.93676 20.21366 21.24312 19.75693 23.09908 24.01907 23.62005 22.78567 24.61711 83 
0.02301198 0.03438944 0.01604148 0.01009902 0.01256774 0.01534219 0.01816116 0.02113396 0.02556602 0.02972826 0.03746873 0.05318256 1.442739e-05 14.02411 16.57485 18.8086 19.8877 20.28915 21.39475 19.8453 21.77907 22.25289 20.68098 84 
0.02326289 0.03486818 0.01790173 0.009647821 0.01335573 0.01512106 0.01640273 0.01911364 0.02184276 0.02819792 0.03704003 0.05201147 8.464089e-16 12.73293 16.92569 17.15719 17.05361 18.42 18.24834 20.79692 20.56523 21.29983 19.51264 85 
0.02327456 0.03444248 0.0164622 0.01033741 0.01404337 0.01591666 0.01956298 0.02304338 0.02527462 0.03028795 0.04055008 0.05839388 1.839767e-05 14.76488 19.08846 19.2062 21.80458 21.55095 19.81984 21.6938 22.85188 21.54949 20.6228 86 
0.02207755 0.03300098 0.01836052 0.009714781 0.01185793 0.01421424 0.01736675 0.0205785 0.02424774 0.02972389 0.03782295 0.05277501 1.710573e-15 12.15702 14.23137 15.94418 17.66091 18.17656 18.39957 19.06151 18.99417 20.31191 17.71949 87 
0.02312746 0.03142944 0.01685947 0.01134658 0.01249303 0.01593951 0.01805645 0.02261411 0.02621642 0.03183574 0.0406142 0.05719097 5.634128e-16 15.93026 16.29366 20.27907 20.04227 23.153 21.46941 23.34869 22.77311 25.13592 21.68008 88 
0.02360103 0.03300946 0.01885264 0.01151771 0.01326501 0.01557438 0.01874759 0.02142626 0.02435545 0.0304424 0.03991993 0.05508302 0 16.11518 17.28653 19.2202 20.96043 20.6237 20.69574 22.57475 22.54841 21.82388 22.35921 89 
0.02404157 0.03694632 0.01747091 0.01004256 0.01162429 0.01412544 0.01719275 0.01918574 0.0217805 0.02704032 0.03484783 0.04847442 1.064804e-05 14.15626 15.54073 17.9099 19.67545 18.89906 19.36564 20.96086 21.2093 22.15187 21.06457 90 
0.02436378 0.03330204 0.01647114 0.0114532 0.011984 0.01498842 0.01890594 0.0220978 0.02602141 0.0313837 0.0404681 0.05631911 6.327448e-17 17.65793 16.94094 21.17445 23.82907 23.4439 24.16274 24.27881 25.49647 24.13436 25.0947 91 
0.02278225 0.03656336 0.01687685 0.01141982 0.01375633 0.0138912 0.01767979 0.02021204 0.0231043 0.03001992 0.03788277 0.0503932 3.375265e-05 15.55878 17.47695 15.89118 19.57977 18.55261 18.57586 20.91245 18.4074 20.14629 19.07617 92 
0.02269031 0.03577336 0.01575131 0.009767907 0.01196075 0.01498001 0.01827668 0.02105711 0.02539074 0.03104295 0.03922902 0.05430037 4.811374e-16 13.15292 15.35704 17.96755 19.47001 19.17064 20.2869 19.98673 19.8909 20.52784 18.83462 93 
2.275435e-18 0.00663542 0.01985173 0.04710721 1.421795e-16 1.712002e-13 0 0 0 0 0 0 0 61.42552 3.422816e-07 3.941779e-08 3.942356e-08 3.942457e-08 3.94303e-08 3.943686e-08 3.943786e-08 3.943802e-08 3.943804e-08 94 
0.02511373 0.03329414 0.01903175 0.008991381 0.01299473 0.0168274 0.01985228 0.0234204 0.02923494 0.0355433 0.0421063 0.05755035 1.164449e-05 13.47552 18.84894 22.36803 22.92485 23.96306 25.96617 23.76465 23.66259 25.94699 23.71608 95 
0.02317524 0.03577551 0.01651515 0.01050458 0.01209044 0.01586813 0.01869845 0.02163243 0.02675321 0.03131939 0.03834253 0.05358123 1.629128e-15 14.85748 16.10124 20.06679 20.32583 20.49664 22.09679 19.55128 20.91236 21.39938 20.04667 96 
0.02302268 0.03365376 0.01856658 0.009151262 0.01204505 0.01553977 0.01849282 0.02087657 0.02486975 0.02935457 0.03808793 0.05432493 1.449962e-15 12.01904 15.25258 18.25974 19.05692 18.73224 20.04175 19.34005 21.29557 20.6978 19.77181 97 
0.02215956 0.03453299 0.01548758 0.01000994 0.01272443 0.01462051 0.01703464 0.01904737 0.0232011 0.02983797 0.03882809 0.05275439 8.002504e-16 13.73937 16.59311 17.42818 18.53849 18.26225 20.0093 21.21142 20.42389 19.93364 20.30313 98 
0.02312374 0.03459108 0.01576932 0.01012565 0.01390599 0.01618461 0.01779715 0.02214186 0.02681168 0.03187705 0.04043643 0.05725558 6.10287e-05 14.43657 18.91059 19.59422 19.29514 22.20019 21.74219 20.99425 21.96851 22.1917 20.17415 99 
0.02281311 0.03132886 0.01559971 0.01007861 0.01237728 0.01509389 0.01847321 0.02095007 0.02490739 0.02898814 0.03612187 0.05183042 1.804255e-15 14.69763 17.08635 19.62539 21.74398 21.17031 22.82431 21.67369 23.60084 25.62325 23.13198 100 
0.02347754 0.0332566 0.01874016 0.01167848 0.01321247 0.0163846 0.01818148 0.02145704 0.02533002 0.03033104 0.03776915 0.05219786 1.612552e-05 16.32897 17.1373 20.28663 19.51631 21.24669 21.15441 21.31193 21.33015 22.77481 21.60214 1 
