0.4611541 0.5334829 0.5151 0.0858126 0.07669993 0.1086036 0.1467756 0.1706064 0.1988245 0.2365816 0.3178041 0.5392806 1 116.2216 169.8177 173.2777 204.061 243.6716 260.7052 263.602 258.2451 259.2619 281.824 1354.366 1 
1 0.4281699 0.2563612 0.1340643 0.1240127 0.1278585 0.1411868 0.07354505 0.2477975 0.263742 0.4339465 0.4931895 1 137.8651 275.7302 386.1616 485.8982 581.9501 624.92 759.0517 866.438 996.5255 1080.215 1028.351 2 
0.5054908 0.5171685 0.4422765 0.07310567 0.07782472 0.09108798 0.1405553 0.1870002 0.1804206 0.2696263 0.2959246 0.3368209 1 100.5515 151.3794 175.7377 195.9222 249.2302 297.7203 285.2042 309.1608 288.5381 251.8436 1375.427 3 
0.5437303 0.5016589 0.4896336 0.06220406 0.1054311 0.1022939 0.1211144 0.1725899 0.1673663 0.2707404 0.3401587 0.4399745 1 85.71936 132.3276 208.2007 231.4634 251.547 294.1953 286.2729 325.7836 333.0173 314.1087 1378.035 4 
0.8647008 0.4203628 0.3107221 0.1038924 0.1123872 0.1444712 0.1223942 0.1360814 0.2680911 0.3565989 6.160278e-12 0.5663295 1 121.3456 226.2732 313.2884 405.117 447.5841 481.9462 578.2917 657.3273 568.3914 652.1971 1167.993 5 
0.7456006 0.3857293 0.409133 0.06983221 0.1117062 0.1439603 0.1228282 0.1240503 0.2376879 0.4318678 2.576656e-13 0.4966036 1 95.9316 167.4583 267.5966 362.9257 389.9458 396.4743 473.0667 598.5093 446.2489 493.2969 1373.744 6 
0.5482916 0.4278007 0.5173024 0.06441306 0.09806391 0.1146789 0.1293709 0.1291305 0.2246233 0.2577138 0.3251499 0.5345685 1 98.17981 152.011 223.1896 269.8729 295.2836 289.9195 352.8927 366.0106 362.2514 377.8822 1524.222 7 
0.4772762 0.473528 0.5323114 0.07140733 0.0775696 0.1470054 0.1541611 0.1470079 0.2042359 0.2736375 0.2559817 0.5206493 1 105.5932 155.9904 180.9653 272.573 296.6536 275.9324 290.9033 308.5839 262.6192 299.883 1478.745 8 
0.479063 0.4831104 0.5214447 0.06405996 0.1152723 0.09485792 0.1406891 0.1864145 0.2028197 0.273549 0.3334188 0.5432361 1 91.08053 134.7138 217.9316 216.0816 253.4416 292.1184 291.0475 301.8945 288.4798 294.4325 1421.801 9 
0.6305696 0.4779608 0.4315902 0.09106526 0.09357733 0.1111099 0.1338101 0.1537144 0.2243171 0.2241997 0.4024882 0.5059684 1 119.2626 194.466 234.0166 267.4495 296.9826 314.9681 356.318 346.9511 389.0634 373.2394 1309.639 10 
0.5535621 0.5209218 0.4331598 0.07461251 0.08454004 0.1385548 0.1483682 0.1941534 0.1989061 0.2234332 0.3706039 0.4696259 1 97.90829 152.1066 186.8587 257.4633 284.604 315.8877 305.5862 286.7952 310.2807 292.6081 1312.224 11 
0.5820193 0.4570671 0.4705558 0.07554613 0.09505416 0.1064148 0.1537677 0.1493559 0.1820492 0.2762039 0.3828884 0.5037299 1 105.0222 166.1472 218.8599 251.1402 305.9689 309.4282 316.2813 353.0898 375.0817 355.9799 1390.174 12 
0.4741583 0.4912677 0.5472982 0.06461065 0.09295441 0.13143 0.117411 0.1911107 0.2154674 0.2218404 0.2757214 0.4981044 1 93.6387 138.0383 191.4645 252.3941 245.0716 296.3473 304.8039 277.2272 259.7935 291.1143 1449.277 13 
0.999981 0.5753783 0.240231 0.08910281 0.1149759 0.1105944 0.147467 0.1710175 0.2003238 0.2197223 0.3265283 0.5591428 1 86.94368 173.8857 276.0758 363.0676 466.2336 568.2301 667.2706 754.1371 854.8651 971.0293 975.7681 14 
0.5858106 0.4645654 0.5027637 0.0881986 0.0763954 0.1298789 0.1434882 0.1314712 0.143214 0.255704 0.3136231 0.4103203 1 124.8546 197.9957 214.5955 280.5469 313.1891 300.2776 286.4184 336.8451 351.6582 344.5945 1415.607 15 
0.6585206 0.5651184 0.3478181 0.08003748 0.0894761 0.1427357 0.1219349 0.1664284 0.1847335 0.2364836 0.3796191 0.5127317 1 95.56181 158.4912 202.6504 276.2024 286.4281 313.9102 322.6428 333.4536 367.873 366.504 1193.963 16 
0.6142678 0.460164 0.4831196 0.07764093 0.09666695 0.09590749 0.1315088 0.1578088 0.1667425 0.2835078 0.3266482 0.4663274 1 108.6642 175.4132 232.539 254.681 295.0897 325.7593 328.6851 384.0708 386.3071 381.8588 1399.574 17 
0.4914536 0.3795908 0.5487364 0.1056486 0.08382392 0.1357696 0.1110046 0.1790347 0.1781103 0.2399212 0.2577065 0.5538815 1 181.7782 271.1137 262.2292 320.2847 292.6544 337.7499 324.3712 334.7614 307.6779 379.6027 1720.592 18 
0.5425045 0.487989 0.4750175 0.07963668 0.07531157 0.103587 0.1191029 0.2039668 0.1896082 0.2515468 0.2939208 0.4774211 1 110.663 170.6982 188.9232 224.9953 248.3236 325.1912 317.3679 323.7118 308.1403 319.1604 1389.598 19 
0.9999999 0.366558 0.2836747 0.1421718 0.13609 0.1406513 0.1435141 0.1520779 0.1752574 0.2820671 0.4523559 0.5915591 0.9999998 150.1143 300.2285 423.4922 533.55 630.053 717.6386 803.2239 916.8278 1047.627 1141.301 1055.865 20 
0.4146664 0.4858993 0.5610125 0.05302979 0.1029329 0.1071553 0.1328312 0.1661907 0.1702921 0.2534484 0.3355489 0.496417 1 80.26527 113.5486 194.6208 218.4816 243.0883 266.2461 251.7579 278.9496 288.1977 289.0997 1513.588 21 
0.4323504 0.6252511 0.4936071 0.06058791 0.1144241 0.1305594 0.1193371 0.1771828 0.2180039 0.2421419 0.3061527 0.5178593 1 75.17224 107.673 179.9185 212.548 198.9901 226.0646 239.5046 226.6848 215.995 231.8616 1240.713 22 
0.6115552 0.4781219 0.4077069 0.07307459 0.07883526 0.104178 0.1492487 0.1641959 0.2346498 0.2264055 0.2802367 0.5339285 1 98.30657 158.4265 195.1928 239.0382 299.7636 327.0643 371.7088 354.1073 337.9581 373.1644 1345.291 23 
0.4449378 0.4949657 0.5534313 0.07245607 0.1041276 0.1036255 0.1347317 0.1595022 0.1745975 0.2056836 0.3753619 0.4783459 1 105.0612 151.8069 207.5897 217.2221 242.1652 256.8064 251.4026 245.2077 302.4034 288.4211 1449.999 24 
0.8111127 0.3081969 0.4231985 0.09338962 0.1256062 0.1437783 0.1541503 0.1847726 0.1865153 0.3451355 0.353705 1 1 133.0427 240.9553 357.6693 452.4831 516.0713 569.7173 586.4685 662.897 663.322 767.5962 1424.598 25 
0.5173199 0.5214712 0.4890651 0.08256451 0.06297884 0.1021632 0.1645507 0.1836575 0.1548241 0.2456554 0.3247152 0.5144455 1 109.3119 165.8612 162.3003 200.2381 271.7368 297.3673 261.7356 280.099 289.1816 303.9585 1323.958 26 
0.3550014 0.5501243 0.6879999 0.05738297 0.09444155 0.09964516 0.1416663 0.1611199 0.2216498 0.2342149 0.2493893 0.5162045 0.9999999 81.80253 110.8425 166.2552 180.2736 219.206 229.333 256.2663 234.7868 200.6137 253.4078 1425.554 27 
0.405931 0.5804529 0.5079854 0.05202976 0.09760979 0.1076979 0.1521184 0.1624337 0.2107986 0.3262872 0.3620825 0.4871795 1 67.18979 94.46421 157.8381 183.0442 224.2491 226.7871 239.6219 277.528 247.4222 216.107 1291.372 28 
0.468294 0.5755315 0.5659603 0.06267516 0.1073582 0.1131787 0.1265283 0.1553679 0.2088514 0.2539611 0.3454695 0.5007575 1 79.9288 117.359 183.2899 206.5982 216.4776 229.7918 253.4127 258.9378 263.6089 258.4996 1275.287 29 
0.3939384 0.5219434 0.5751372 0.07469753 0.1001213 0.137661 0.182013 0.1566246 0.1827385 0.2207329 0.2975334 0.4984049 1 107.2946 149.5621 191.9888 240.2775 282.3785 243.3765 225.8967 217.3444 220.4445 245.4916 1436.388 30 
0.3788006 0.6322284 0.5618083 0.05770039 0.0799177 0.09456925 0.1467284 0.1896442 0.1801428 0.2223896 0.3277828 0.4957079 0.9999999 71.17908 98.14176 130.074 150.4159 199.0661 232.1072 208.5438 201.081 216.0942 224.1037 1233.598 31 
0.8275565 0.4051022 0.3461452 0.0869736 0.1118668 0.1724751 0.1289455 0.2292462 0.2429098 0.2812407 0.4076639 1 0.9999997 103.6881 189.4958 278.5844 397.2803 431.9269 517.1904 558.4681 576.523 596.251 666.5501 1192.179 32 
0.5475879 0.4660384 0.5241526 0.07439018 0.109356 0.1221275 0.1335974 0.1541975 0.1966234 0.2288434 0.3054349 0.557544 1 105.1448 162.7208 232.1719 269.4387 284.1989 292.2811 307.4367 306.159 309.4909 349.3101 1413.423 33 
0.4495871 0.5045202 0.5778843 0.06019283 0.1167391 0.09056093 0.149125 0.1510968 0.1738168 0.2336698 0.3462938 0.4165478 1 87.21499 126.4257 215.8044 205.9447 255.7067 255.5895 252.2391 265.9318 292.7837 267.8425 1448.927 34 
0.4874738 0.5142337 0.5536025 0.05955649 0.1101897 0.1073708 0.1499527 0.174685 0.1992151 0.2188925 0.2986876 0.4591987 0.9999993 83.62236 124.3861 206.1363 226.6425 267.7534 286.2603 286.1261 268.4535 268.3319 279.0212 1404.085 35 
0.4593657 0.5773431 0.4515073 0.05749908 0.07186203 0.1368792 0.153 0.1388791 0.1653788 0.2691007 0.3416708 0.4911128 1 74.48185 108.6963 137.6659 218.3424 249.9388 229.8604 223.5631 262.9137 269.4553 264.4722 1295.357 36 
0.9999944 0.3982658 0.3037008 0.1474878 0.08875801 0.1154104 0.1691173 0.1729243 0.1639919 0.2097045 0.2979352 0.7576595 0.9999987 153.2374 306.4739 385.0892 478.2381 598.9814 701.5623 782.0206 868.0339 964.61 1137.038 1038.983 37 
0.5151105 0.4834726 0.4836816 0.0735728 0.1034443 0.08808342 0.1082642 0.1874824 0.2083617 0.2831268 0.3088064 0.5306968 0.9999999 105.4898 159.8287 219.7371 218.089 229.9168 299.9983 318.487 340.4215 313.2538 325.1631 1433.815 38 
0.5337208 0.4408428 0.5161425 0.08682152 0.09172226 0.1331667 0.1397133 0.1870303 0.2028434 0.2156614 0.3795174 0.4603913 1 129.3024 198.3138 230.5853 287.5618 303.0761 334.0418 330.1885 304.9712 340.4687 315.4704 1489.29 39 
1 0.3332229 0.3013222 0.1445098 0.09527164 0.1914692 0.1465016 0.1525654 0.2782776 0.1615403 0.287371 0.5646195 1 156.1234 312.2468 400.3009 560.4052 659.4526 747.4884 883.5664 940.5776 1025.614 1144.678 1080.366 40 
0.5750022 0.4208507 0.4684243 0.07584333 0.1214188 0.09930163 0.1347318 0.1507242 0.2029556 0.2509569 0.3317564 0.4964613 1 114.0596 179.6441 272.0466 277.682 307.8483 320.4483 348.2879 361.9262 368.1856 371.785 1503.884 41 
1 0.3235653 0.3131721 0.1288186 0.1571351 0.09872277 0.1941668 0.1436474 0.2498005 0.130584 0.3398498 0.7083427 0.9999999 142.2307 284.4615 435.6075 515.646 657.524 742.107 868.0665 917.464 1029.235 1183.025 1104.117 42 
0.468486 0.5199167 0.5129924 0.06792209 0.1202448 0.1290068 0.1458848 0.1893613 0.1826592 0.232583 0.377088 0.5643559 1 92.32555 135.5788 215.8622 244.9214 256.3704 277.1232 252.6076 246.1236 274.2921 276.7189 1359.286 43 
0.5335429 0.4195735 0.5026011 0.0703483 0.1262635 0.1276872 0.1538285 0.2084509 0.2094795 0.2773232 0.306523 0.4609996 1 109.6386 168.1355 272.6473 307.1125 333.7288 372.839 353.8646 350.9525 316.769 304.0954 1558.511 44 
0.4474532 0.5341033 0.5498422 0.07013473 0.09812497 0.1330552 0.1163865 0.1797843 0.1685376 0.2610982 0.2906759 0.4703139 1 99.23581 143.6392 193.3744 244.4083 229.0892 265.9275 244.6453 271.3238 254.5488 266.7065 1414.931 45 
0.4130392 0.5134619 0.5624539 0.08092338 0.08767517 0.1255113 0.1214148 0.1888677 0.170337 0.2420865 0.3129201 0.5083232 0.9999999 118.8042 167.8749 187.6393 232.007 226.5307 272.1962 243.1042 254.4968 256.0707 274.2506 1468.107 46 
0.5546159 0.5374117 0.4576198 0.05621512 0.1069004 0.1068354 0.1219762 0.179229 0.1921345 0.2552011 0.2762964 0.5318208 1 72.57341 112.8238 192.8236 223.1983 242.34 287.3534 293.9452 307.4305 286.948 321.3498 1290.995 47 
0.4802591 0.484011 0.5541373 0.06080449 0.08483127 0.08949177 0.1254057 0.1723828 0.1871687 0.2640223 0.2732843 0.487798 0.9999999 88.84483 131.5134 179.5754 198.6351 238.7982 287.0853 292.7951 318.2469 288.1583 313.9174 1461.156 48 
0.7412954 0.3235008 0.4400957 0.08575362 0.1176814 0.1112206 0.1557384 0.2224095 0.254788 0.288227 0.5474601 1 1 126.742 220.6953 322.6158 371.7531 440.6027 525.5838 566.8512 569.6189 624.2564 629.7356 1477.978 49 
0.4840716 0.5499919 0.4991587 0.06957932 0.1012249 0.114155 0.1201919 0.1467504 0.2310485 0.2399417 0.2843715 0.5144594 1 89.0957 132.2244 184.605 211.5988 216.4382 227.2422 274.5265 264.2718 246.2744 272.4337 1280.491 51 
0.4458016 0.5858295 0.5698284 0.04328805 0.08488189 0.1205297 0.1598497 0.1551337 0.2018257 0.2200086 0.366288 0.4642825 1 56.33236 81.44541 141.9869 200.6207 249.607 241.872 251.3729 236.9593 267.827 249.6772 1301.337 52 
0.4586438 0.5228778 0.5388475 0.08818724 0.08764248 0.1113823 0.1488161 0.1785957 0.2171754 0.2221893 0.3403977 0.5295457 1 122.402 178.5409 192.805 217.0373 252.2356 271.6642 280.3942 253.3786 264.8978 274.065 1387.979 53 
0.6225482 0.5114745 0.3749073 0.07822777 0.08568077 0.1285313 0.1343339 0.1592716 0.2307439 0.2642881 0.326375 0.4952911 1 99.71827 161.7977 201.4017 263.4665 289.7893 309.4928 349.8999 356.3588 347.7108 345.1288 1274.717 54 
0.4594675 0.545152 0.476426 0.06850756 0.09567149 0.09553176 0.1394896 0.1109385 0.1786828 0.3158473 0.301086 0.5627058 1 93.55407 136.5391 184.434 194.6363 234.5617 207.0991 237.3861 315.5612 279.6585 304.3998 1365.602 55 
0.4391393 0.6037776 0.509099 0.06135133 0.1026623 0.1158179 0.1481346 0.1493807 0.2306199 0.2662521 0.2523945 0.5192768 1 77.84552 112.0305 171.468 199.0766 227.4026 220.1088 254.5698 252.057 208.2509 241.5149 1268.848 56 
0.9999999 0.4354712 0.271826 0.1024189 0.1637971 0.1552349 0.1522636 0.1251104 0.1473794 0.2861032 0.3448565 0.634033 0.9999998 103.3871 206.7743 355.1855 472.8 570.255 638.1381 708.0995 823.8973 923.5413 1043.563 1009.454 57 
0.999989 0.3374723 0.3105869 0.1447192 0.0954192 0.1480085 0.1602534 0.1433587 0.2363869 0.3199156 0.334021 0.3789883 1 157.1202 314.2387 402.8386 527.1563 641.835 727.9807 849.6663 975.4201 1064.71 1132.177 1085.69 58 
0.4669902 0.5587831 0.5495265 0.07429605 0.07977382 0.1195682 0.1290718 0.1601825 0.1950777 0.2496421 0.38318 0.4845344 0.9999997 98.43129 144.3977 165.2686 212.1216 227.3098 244.7719 256.0827 265.6271 292.2439 267.6656 1324.852 59 
0.4573899 0.5243905 0.5582526 0.07321069 0.09161774 0.1396613 0.1240167 0.1961019 0.1551449 0.2448371 0.4013581 0.4395024 0.9999999 101.0733 147.3032 184.6006 246.7602 236.8769 280.1196 237.3723 254.2307 296.5979 253.8641 1380.581 60 
0.5054073 0.4839986 0.4789831 0.08797221 0.09775076 0.0955232 0.1452318 0.1471228 0.2099082 0.2147349 0.3203686 0.4956554 1 128.1044 192.8493 227.289 229.3357 273.3106 274.4279 304.5476 287.9702 302.5891 318.0632 1456.192 61 
0.5778058 0.5628504 0.4378809 0.07922208 0.08427988 0.09827045 0.1373242 0.1499205 0.1738246 0.2541653 0.3056329 0.5484579 1 99.4985 156.9893 188.1744 212.7948 254.0868 270.3145 277.9151 307.6292 309.6322 343.238 1255.944 62 
0.6290067 0.4942165 0.4423917 0.0825858 0.05968281 0.1326835 0.16738 0.1233699 0.2461676 0.2500118 0.371201 0.4516918 1 107.2461 174.7045 180.9938 262.4853 327.7336 305.951 367.0224 364.5166 378.1149 351.7148 1298.602 63 
0.5541482 0.5719332 0.4325704 0.06583581 0.08524703 0.124367 0.1238853 0.1754818 0.1958338 0.2619302 0.2623824 0.5258654 1 82.18144 127.7221 170.1833 226.968 241.4865 277.4191 285.8638 300.5303 271.6134 305.8498 1248.279 64 
0.5281384 0.4533995 0.494461 0.08928975 0.08771463 0.1101652 0.1737722 0.1881933 0.151659 0.3018589 0.3422061 0.5424876 1 132.3368 202.2289 225.1993 254.5909 324.8648 341.9476 292.0559 342.4488 329.8147 329.5141 1482.105 65 
0.577961 0.5169015 0.4236887 0.06226426 0.1000302 0.1107733 0.1610921 0.1782201 0.1939453 0.205892 0.3011345 0.5354639 1 81.2569 128.2202 196.5208 235.5828 293.9248 316.3014 313.7556 293.3896 299.7095 334.9465 1305.033 66 
0.5248943 0.4420737 0.5105126 0.06533467 0.08755753 0.1133216 0.1514116 0.1530217 0.2073258 0.2086693 0.3630341 0.5387255 1 99.53567 151.7814 204.3457 254.4943 308.0129 311.2678 335.0491 312.8227 352.7514 363.3822 1523.474 67 
0.404407 0.6275188 0.5279114 0.07564352 0.0875376 0.1188011 0.1631758 0.1190062 0.1751442 0.2979786 0.324165 0.4259192 1 94.02366 132.0475 153.9781 186.8188 226.2981 183.5186 193.5042 245.6577 227.1942 205.4054 1242.984 68 
0.4997242 0.5049353 0.4956324 0.08664169 0.0993851 0.09921026 0.1206695 0.178133 0.208922 0.2222017 0.2984803 0.5176515 0.9999991 120.8104 181.1823 217.1138 222.2897 235.7583 279.651 295.7463 279.0423 276.5756 305.0509 1394.368 69 
0.8015351 0.3635015 0.4012244 0.0737924 0.1095915 0.1388904 0.1131243 0.233172 0.2307593 0.2603703 0.3526508 1 1 96.29483 173.4785 271.5066 367.0946 399.0735 511.5116 555.429 571.4256 584.4708 700.5996 1304.942 71 
0.5152753 0.4399097 0.5288776 0.0688056 0.08790324 0.1098497 0.1272825 0.1532548 0.1931939 0.2536169 0.2876436 0.5278946 1 104.5707 158.4533 206.0502 247.9693 274.0236 294.878 315.9837 336.5604 320.4976 357.4238 1519.799 72 
0.5286092 0.4577198 0.4801012 0.06643041 0.1025104 0.1048978 0.1571558 0.1481975 0.1960391 0.2841827 0.3496126 0.5878882 1 96.13277 146.9494 216.1691 241.4573 298.199 293.1938 307.7353 340.693 336.8637 349.5216 1447.12 73 
0.7276997 0.474626 0.340276 0.08763823 0.1073601 0.110048 0.156416 0.1630438 0.1973238 0.237626 0.3050538 0.4990694 1 109.572 189.3074 260.225 301.4207 361.0852 387.3991 408.1587 419.0511 424.3784 444.6099 1250.276 74 
0.9999986 0.3110135 0.3050661 0.1441064 0.1073435 0.1855987 0.1556214 0.1912662 0.1828141 0.3291067 0.3744174 0.4787989 0.9999982 157.6209 315.2416 415.7319 570.8305 676.741 786.6529 871.614 996.6023 1092 1168.317 1093.782 75 
0.4246056 0.5871813 0.5073184 0.06143397 0.1082969 0.09827722 0.1356648 0.1901181 0.2364029 0.1939096 0.3616923 0.4582701 0.9999999 80.04524 114.0329 180.8555 183.9602 211.5095 251.3892 269.4616 216.3333 245.0978 228.0034 1302.948 76 
0.4511317 0.6083731 0.5072861 0.06887619 0.1064224 0.1355653 0.1295228 0.1765523 0.2196913 0.2199551 0.299611 0.5171148 1 85.47732 124.0388 178.9344 220.7042 215.1778 234.2515 246.2377 220.8971 216.3322 238.6399 1241.028 77 
0.8329623 0.3434494 0.3566542 0.11809 0.1302021 0.1178251 0.1329247 0.2226048 0.2246642 0.2325689 0.4241386 1 1 151.419 277.5453 378.4192 431.0994 474.427 562.657 600.0725 605.3019 651.7984 743.3293 1282.234 78 
0.5264525 0.4748436 0.5475358 0.08821044 0.08289596 0.1620997 0.1097629 0.1274037 0.2666275 0.2461274 0.3437039 0.5129518 1 126.363 192.8871 209.8209 304.6367 270.5462 256.2693 342.8017 321.2061 317.26 312.1411 1432.518 79 
0.5004277 0.4868605 0.5239674 0.07387197 0.09762995 0.1176798 0.144779 0.1595738 0.2073338 0.2123921 0.3827553 0.5164119 1 106.8096 160.2602 210.9315 247.7524 278.3363 284.7838 301.3906 279.833 323.1463 314.2025 1445.875 80 
0.9999984 0.3727237 0.3070506 0.1088514 0.1449514 0.07664838 0.1972995 0.176033 0.1741727 0.2686417 0.3120494 0.5044161 1 115.4211 230.842 367.8111 429.7396 576.9312 682.3464 768.2867 877.7529 970.7477 1074.162 1060.355 81 
0.800603 0.3055776 0.4574875 0.09495143 0.134015 0.1534348 0.08392218 0.1957689 0.2202708 0.3312729 0.4411215 0.9999993 0.9999964 137.4536 247.4994 373.7307 473.2946 459.5283 540.1553 588.3218 653.7971 686.1971 755.5865 1447.62 82 
0.7381004 0.3290837 0.3968041 0.1170768 0.1157889 0.1535881 0.170841 0.1949247 0.1769219 0.322046 0.4671856 1 0.9999988 173.2177 301.0698 373.4752 453.0639 501.4288 528.1155 505.264 545.9233 573.0787 617.0217 1479.522 83 
0.5116981 0.4640202 0.5467627 0.06913649 0.1044696 0.09940457 0.1559793 0.1840915 0.2465545 0.2234977 0.2725284 0.5868569 0.9999999 101.2928 153.1241 220.8311 234.4059 291.5122 320.071 350.5358 306.9203 277.8231 331.3544 1465.113 84 
0.488934 0.5511629 0.4415113 0.08239426 0.09103707 0.0934515 0.1543333 0.1671592 0.2064296 0.268453 0.3062981 0.5302416 1 108.8655 162.0935 189.6273 195.7021 249.8719 263.3974 274.0352 283.8851 263.9191 279.2917 1321.275 85 
0.4546746 0.4900419 0.5018255 0.07350833 0.1103449 0.117887 0.128057 0.1719435 0.2326121 0.224687 0.332597 0.5238996 1 108.1568 157.3329 221.9571 243.8887 247.886 273.0978 303.8444 271.3323 276.217 286.2759 1471.354 86 
0.4338165 0.5672275 0.5975095 0.0694638 0.08073194 0.1243205 0.1635816 0.1589192 0.2488448 0.2572291 0.3571226 0.5215006 1 91.6762 131.4468 156.1702 208.1004 251.9934 240.7259 277.4956 254.7606 249.0934 238.1519 1319.769 87 
0.456932 0.5443258 0.4645377 0.05851207 0.1198316 0.124254 0.1315769 0.1579302 0.1814941 0.2444419 0.3054645 0.4317877 0.9999999 80.83678 117.7737 209.6799 238.0602 240.6947 247.4862 246.1494 259.1631 256.9206 253.3693 1381.54 88 
0.4662327 0.5820889 0.4606714 0.06751641 0.08341645 0.1066301 0.1346337 0.153193 0.1828932 0.2262588 0.3267134 0.5156146 1 84.18195 123.4303 154.5318 185.6803 214.7466 226.3317 233.119 237.6679 254.9139 271.9714 1246.837 89 
0.4588189 0.5596 0.4860453 0.08514327 0.09752859 0.09480214 0.1456913 0.1654418 0.1997266 0.2832607 0.3115343 0.5311256 1 114.3708 166.8463 196.4055 195.2549 235.8477 250.1024 257.7076 280.4935 256.5961 267.8535 1343.275 90 
0.5548576 0.4621452 0.479363 0.07491704 0.124582 0.130537 0.1462486 0.1789238 0.1841722 0.3433945 0.306981 0.5318302 1 106.0289 164.8598 254.5833 290.8718 307.1337 322.6419 307.6762 366.4194 318.1842 314.4667 1415.284 91 
0.5175164 0.5304853 0.443913 0.07463649 0.09673419 0.1009306 0.1609917 0.1661203 0.2134509 0.2367656 0.4156559 0.3214094 1 98.0273 148.758 194.5525 211.4858 268.3462 276.4379 290.4568 278.9132 316.6498 241.7285 1313.396 92 
0.811782 0.3186365 0.3687759 0.1271983 0.1128214 0.1034081 0.2382294 0.1858418 0.2520226 0.250768 0.4462477 0.9999969 0.9999778 172.626 312.7606 387.5321 423.2606 568.0567 594.5253 629.8964 620.9459 650.2096 709.1703 1357.14 93 
0.4434664 0.5227951 0.5300606 0.07003902 0.06971531 0.1329088 0.1403881 0.1692526 0.1867335 0.2430613 0.305979 0.5166978 1 97.55413 140.8161 152.7495 227.894 247.7468 261.8832 255.4664 260.7837 256.1913 278.3243 1392.854 94 
0.4627569 0.5695402 0.4533963 0.07185587 0.08244772 0.1045203 0.1284704 0.1437511 0.2036193 0.2407602 0.3147364 0.4374373 1 93.06101 136.1256 162.099 190.292 214.944 223.2042 253.3644 258.5633 259.9128 253.863 1295.107 95 
0.4968699 0.4690121 0.5210673 0.08916111 0.0862736 0.1041398 0.1198898 0.199658 0.2058813 0.2975673 0.3530648 0.4938886 1 132.196 197.8801 214.8304 235.2469 249.4198 318.1807 318.408 342.2099 323.3888 299.4642 1482.664 96 
0.7082079 0.5032693 0.3900049 0.09148231 0.113818 0.1030784 0.185179 0.1479867 0.2334322 0.2610647 0.3136606 0.4835581 1 111.2822 190.0931 260.4115 285.3769 364.77 364.2545 400.3215 405.5521 395.5642 394.786 1216.434 97 
0.5252173 0.5388091 0.466779 0.08092661 0.1153052 0.08271182 0.1366481 0.1672785 0.1900095 0.2586222 0.3024964 0.472073 1 107.649 164.1881 227.2014 208.7903 245.2328 272.0839 278.4318 295.6547 284.8502 290.6445 1330.205 98 
0.775928 0.3464887 0.3956677 0.06261032 0.1442461 0.1468176 0.2006963 0.1666687 0.1248798 0.3659096 0.3483279 0.9999998 0.999434 86.58842 153.7748 306.3167 400.5572 500.7644 514.6501 478.0625 572.8233 566.3297 667.4139 1382.974 99 
0.5640116 0.4599668 0.4814359 0.07796192 0.1002493 0.123183 0.1294282 0.1421623 0.1739213 0.2561552 0.2790411 0.5207229 1 110.8824 173.4213 229.2767 274.6603 288.8142 290.9355 298.4673 331.8302 319.6334 358.511 1422.263 100 
0.4030551 0.6025769 0.534211 0.06420339 0.09466412 0.1086173 0.1420511 0.1515337 0.1687905 0.2193662 0.3213245 0.500393 1 82.98075 116.4266 161.4213 183.9966 212.8106 212.6697 205.6451 212.4404 233.7653 250.788 1292.467 1 
0.4563182 0.4612034 0.54778 0.07145039 0.09122441 0.1212858 0.1334431 0.1332979 0.219741 0.1658769 0.3240066 0.5242142 0.9999997 110.5824 161.0432 204.5854 251.7553 268.02 254.8621 305.6933 251.0468 296.3098 333.9939 1547.681 2 
