NaN 0.04001994 0.03429239 0.03496514 0.0572411 0.07481675 0.09238044 0.0969051 NaN 0.1488014 0.2041033 NaN NaN 42.83167 68.33663 68.73829 71.85532 53.69371 53.69694 51.01228 62.19595 0 0 1 
1.043692e-07 0.09265347 0.03322072 0.03892958 0.03053838 0.03677569 0.04635199 0.05511888 0.06664406 0.08365405 0.1059951 0.1496632 3.168583e-05 42.18898 43.80612 47.67039 52.24155 48.34751 44.65441 38.78236 34.86114 33.45349 0.0006170332 2 
0.0006261908 0.1459544 0.02006493 0.01952312 0.0187367 0.01984497 0.0229624 0.02672303 0.03177278 0.03716934 0.04859214 0.07308098 7.872129e-11 18.70162 26.43059 27.73497 26.85619 23.29873 19.35153 20.35212 18.05199 17.36192 2.549704 3 
3.319844e-11 0.1479211 0.02619585 0.0274851 0.02191212 0.02524296 0.02956651 0.0336129 0.04090726 0.05676269 0.07457175 0.1030912 3.768125e-05 27.47716 35.22564 39.37059 40.73452 33.7459 35.36716 36.88222 26.01029 24.82337 2.730544e-06 4 
7.868661e-14 0.05525756 0.02416528 0.02425823 0.02713432 0.03681919 0.04516231 0.05411417 0.06465874 0.07898475 0.1166202 5.946064e-15 2.585539e-13 25.37211 28.53884 37.28816 37.44658 35.63395 32.20125 33.53108 30.94651 1.021552e-05 1.03077e-05 5 
0.0005568864 0.1785553 0.0177061 0.02344303 0.01540704 0.01631843 0.02054386 0.02360283 0.02750141 0.03460238 0.04568797 0.06909852 1.387234e-05 22.36013 25.93061 24.64303 27.31242 26.98458 23.05997 22.45407 19.99333 14.68218 2.25606 6 
9.336842e-05 0.0558872 0.02408554 0.02756766 0.03119206 0.04240324 0.05151977 0.0566014 0.06295068 0.08298253 0.1193095 4.566181e-08 2.490632e-07 28.82414 33.37612 42.17971 37.41584 32.83691 33.90756 33.98673 33.4275 0.4318853 0.5318216 7 
4.998217e-15 0.1008925 0.02749716 0.02574873 0.02258147 0.02902514 0.03252863 0.03852486 0.04666953 0.06133192 0.08528253 0.111816 7.061704e-15 26.5116 30.78345 36.88785 34.38351 35.03884 32.90872 33.64794 27.32869 25.08312 2.498753e-06 8 
0.0009677882 0.1456488 0.02869709 0.02914761 0.02894145 0.02679645 0.03348823 0.03952215 0.0429241 0.0497933 0.06635453 0.08302866 1.047363e-05 30.31217 44.93935 39.51128 43.04225 33.1964 27.81938 25.88495 23.88592 24.17984 4.611717 9 
0.006751596 0.2295712 0.03311021 0.03362567 0.03447626 0.02600818 0.0285849 0.03804624 0.04511581 0.05980381 0.0655926 0.1063356 1.577867e-08 34.19824 56.95379 57.71816 51.33075 53.01759 39.21823 28.28047 33.44786 32.1948 29.96475 10 
5.147469e-13 0.0645834 0.02577985 0.02564027 0.03112965 0.0399888 0.04924885 0.06168011 0.06007297 0.08321293 0.1270086 9.218567e-17 1.392956e-11 26.43208 35.43809 41.74664 42.65821 32.8856 33.75369 37.61949 34.47952 1.969785e-05 1.969875e-05 11 
2.121823e-14 0.09689048 0.03559458 0.03393946 0.03317941 0.03658969 0.05115024 0.05822419 0.07121186 0.09245145 0.1264314 0.169664 1.020069e-17 37.74879 50.29092 51.19776 62.22107 52.1708 54.74588 48.07125 38.83528 34.81639 1.288661e-06 12 
0.0009578839 0.1009787 0.03060729 0.03274752 0.03225225 0.03397755 0.04445561 0.05181484 0.05750725 0.07168341 0.09528458 0.1530187 1.39851e-07 35.48614 47.7946 43.66623 51.06025 41.62891 38.41429 35.5712 32.71738 29.70084 5.339908 13 
0.001611263 0.1195632 0.03188785 0.03600777 0.03017457 0.03344426 0.03947789 0.05114776 0.07327281 0.06387846 0.08733055 0.1390257 1.995072e-05 38.31523 48.26096 49.42521 48.73643 51.29848 33.36625 34.15709 33.3992 29.52788 8.669397 14 
0.0003084032 0.06026452 0.02609989 0.03075036 0.04357492 0.04964135 0.053658 0.06619394 0.08744523 0.1098041 0.1547921 1.487513e-09 3.896929e-08 33.39333 51.7964 45.69863 41.93488 47.13474 42.39873 38.63626 32.97971 1.586979 1.9247 15 
9.367103e-10 0.1597661 0.0351664 0.04053846 0.02295129 0.04212986 0.03792186 0.03995758 0.0479075 0.0593446 0.09244337 0.1357233 5.380551e-05 42.43283 43.38996 62.73777 49.3644 46.27795 42.303 34.0929 40.48782 28.22014 9.487557e-06 16 
0.0005872259 0.06478788 0.02625985 0.02780593 0.03654705 0.04362337 0.05213734 0.05494463 0.06393395 0.07600149 9.934565e-06 0.104817 1.335601e-08 31.46014 46.13193 47.81475 40.44079 37.11864 39.07005 29.84503 29.88079 37.01965 3.448778 17 
0.0005543659 0.05063207 0.03725484 0.03461378 0.05070368 0.06200781 0.06934362 0.09248776 0.1338382 0.1332337 0.1649824 1.611379e-09 6.868523e-12 43.7787 66.32539 59.11041 65.73037 70.2542 56.95543 53.2695 52.67479 3.346251 4.046664 18 
1.133429e-21 0.1084025 0.03681387 0.0313288 0.03269264 0.03715396 0.04740214 0.05580658 0.06485639 0.0784391 0.09470548 0.1192013 0 34.84112 49.94242 55.22354 60.29467 50.94186 42.98044 35.91569 32.94489 35.31655 1.050218e-12 19 
0.0008896613 0.1714665 0.01348581 0.01568952 0.01138766 0.01456772 0.01546606 0.01701698 0.02049988 0.02443137 0.03079109 0.04177156 1.881066e-07 14.44987 17.00172 20.32236 18.45474 17.02555 17.60405 16.19338 14.68662 12.22642 3.175103 20 
3.685979e-08 0.1178557 0.0326996 0.0363334 0.02973676 0.03718912 0.04176637 0.04825469 0.05845355 0.07322934 0.09429689 0.1206855 1.274092e-05 38.25727 46.77976 53.66661 43.92446 46.74116 42.17677 35.01862 29.34329 31.74947 0.0001943218 21 
7.009003e-07 0.07302447 0.04106719 0.03243345 0.03790965 0.04454984 0.05242526 0.06291449 0.07841431 0.09942413 0.1395644 0.2518306 5.943066e-05 39.71182 55.74754 59.81284 58.66658 60.6616 59.39095 54.67409 59.25415 50.68348 0.004338878 22 
0.0001419437 0.05963664 0.03114756 0.03266446 0.04138477 0.0496623 0.05954572 0.07222727 0.08819412 0.1170496 0.1977741 NaN 0.0258659 36.46227 50.77228 52.31947 52.76579 50.73009 45.47036 52.24093 44.94117 0.7169946 0.8966935 23 
9.257679e-05 0.0498818 0.03108314 0.03754398 0.04143602 0.05323837 0.06736967 0.08051563 0.09384871 0.1192004 0.173358 4.638691e-06 9.249232e-05 43.02477 43.5986 54.96962 53.75563 49.65476 47.89286 47.90824 46.11575 0.5323083 0.647113 24 
1.158743e-13 0.06107086 0.01724141 0.02125603 0.02581349 0.03061226 0.03472446 0.0367352 0.0464267 0.06049968 0.07049952 1.077003e-23 6.445873e-17 20.93797 27.36936 28.23776 24.23431 24.91106 26.36304 22.60853 24.18997 1.191185e-05 1.19119e-05 25 
2.620441e-13 0.09481876 0.03544859 0.03058767 0.03691961 0.03794158 0.04556497 0.05512229 0.06734497 0.08306732 0.09915514 0.1660496 9.680788e-21 34.07667 52.88403 50.95351 52.77709 50.48303 44.07505 36.7434 37.56263 34.02731 1.627278e-05 26 
6.53927e-07 0.1587877 0.01440328 0.01454598 0.01111549 0.01259113 0.01649955 0.01806997 0.02126846 0.02766278 0.03334831 0.0434496 3.047651e-05 13.45385 16.22794 17.76141 20.66746 19.90203 17.05627 17.68267 14.29555 11.5277 0.002351372 27 
8.560398e-05 0.05496718 0.03580446 0.03558268 0.05051858 0.05943661 0.06115838 0.07266125 0.0771256 NaN 0.14365 0.2414533 4.530124e-05 43.08874 65.97316 56.45174 55.92301 57.09138 52.60938 52.60516 52.63647 50.54924 0.5996762 28 
0.000395181 0.05905287 0.03305168 0.03495549 0.04664903 0.06101813 0.08121721 0.07376471 0.09128942 0.1174521 0.1360887 3.524558e-07 2.998903e-05 42.03197 61.10473 69.91077 52.62141 52.20754 50.10412 44.43817 47.38074 2.238209 2.719414 29 
7.084932e-07 0.2210137 0.01793559 0.01839545 0.01607165 0.01413035 0.02217442 0.02093485 0.02464318 0.02972152 0.03896924 0.05531432 1.507098e-05 16.92858 25.01129 24.06688 30.12844 26.32484 22.18114 18.394 14.75635 13.88688 0.002569831 30 
8.071085e-05 0.06195635 0.01984687 0.0229197 0.0290754 0.0327535 0.03920055 0.05010426 0.06655578 0.06704452 0.0976025 5.63212e-08 7.741198e-11 23.6415 32.75968 28.23281 34.96604 36.1885 27.61638 30.21003 27.62948 0.3361771 0.4162486 31 
2.83184e-13 0.05892164 0.02474507 0.02605999 0.03305527 0.03972489 0.04635329 0.05238021 0.06440618 0.08885005 0.1208771 8.800506e-19 1.616659e-14 28.17857 38.36635 39.34421 36.62436 33.95394 37.81572 34.43028 29.85065 3.001875e-05 3.001876e-05 32 
0.0001806816 0.06463228 0.02424316 0.02862562 0.03119033 0.0417248 0.05205131 0.06419465 0.07442601 0.07771369 0.1140705 5.418924e-07 5.468995e-11 30.43236 35.98587 44.58035 45.95453 39.28623 31.5382 34.91296 32.99861 0.8320069 1.02049 33 
0.0001444083 0.03397283 0.02508187 0.03798024 0.04199205 NaN 0.06094051 0.08976313 0.1273159 0.2383282 NaN 0.0004818071 0 42.18718 39.44142 39.44163 48.07666 49.50563 55.47383 52.0352 0.7222297 0.9413935 1.140334 34 
NaN 0.1571014 0.02592831 0.02945102 0.01770823 0.02023111 0.02815013 0.03276325 0.05111162 0.04134126 0.0539426 0.07252447 2.62789e-05 28.63097 28.8498 29.00346 34.28605 33.95257 18.53308 17.16781 5.911916 0 0 35 
9.287442e-18 0.06688957 0.02451837 0.03760157 0.03771149 0.05576598 0.0734786 0.07097056 0.09849378 0.1035116 0.1212889 0 0 42.73243 47.98904 63.88249 45.21562 54.41851 42.84092 37.79312 38.05675 1.857509e-10 NaN 36 
7.449805e-14 0.06263809 0.02528115 0.03010215 0.03102651 0.03765239 0.05030067 0.06205881 0.05646179 1.011019e-13 0.1077273 0.2347475 2.761316e-14 32.69358 36.65655 40.79849 48.6026 41.01327 35.39097 35.39097 38.84054 33.03617 7.905259e-06 37 
0.002085527 0.1416345 0.02862139 0.01860954 0.02675282 0.02325439 0.02803538 0.03394217 0.04752499 0.04959056 0.06847936 0.08027412 1.373235e-11 19.35209 36.74131 35.11583 36.99696 37.06821 25.17974 30.55077 24.62409 25.02117 8.461334 38 
3.201862e-07 0.08000281 0.03322667 0.03252442 0.03627224 0.04505265 0.05354842 0.06377403 0.07698692 0.1014498 0.1367922 0.1734173 3.860167e-05 36.22942 50.54803 58.65546 57.81229 50.6346 51.46493 45.56392 38.27795 37.0298 0.001906722 39 
0.0005679267 0.2084419 0.01662716 0.01529793 0.01597806 0.01359148 0.01520419 0.01885587 0.02191833 0.02910422 0.03661881 0.05096193 4.116023e-05 14.15628 23.07905 22.71004 21.91182 23.18627 22.27394 22.05867 18.71472 12.69671 1.935326 40 
0.001743476 0.1869299 0.02135598 0.02734425 0.02034414 0.0197523 0.02364498 0.02872552 0.033414 0.04096702 0.052921 0.07784927 5.469308e-05 26.2112 34.39872 33.76342 34.30051 34.23993 30.09313 25.45306 20.22546 19.32112 7.425283 41 
1.156325e-07 0.164528 0.02819606 0.02854667 0.02205008 0.02469921 0.02697022 0.03397792 0.03903171 0.04836491 0.07727149 0.08920887 3.398586e-05 28.74601 37.14913 40.65172 35.3932 38.15584 32.34003 29.95787 21.24061 23.75903 0.000512057 42 
NaN 0.05066478 0.02296627 0.02640352 0.03311466 0.03957393 0.03814134 NaN 0.05413492 0.08227511 0.1278643 NaN NaN 28.12814 35.8022 35.25429 29.67432 29.67427 32.32422 34.8489 30.80707 0 0 43 
0.0006950474 0.1820749 0.02354365 0.03301703 0.01953753 0.02080642 0.03026448 0.03291259 0.03519761 0.04114521 0.05619856 0.08805677 1.516809e-05 32.19022 36.04949 33.66666 39.7706 29.27689 22.77426 23.83707 23.18645 17.434 3.191757 44 
8.571342e-06 0.2130818 0.02898578 0.0320272 0.02132638 0.0204252 0.0255658 0.02772808 0.03604462 0.0413176 0.0516683 0.07417615 1.673503e-05 31.2031 39.50978 33.37119 37.51973 30.45608 33.6748 26.63067 22.96094 19.48798 0.03581832 45 
0.0004397045 0.05732355 0.02640989 0.02512402 0.0292571 0.0366443 0.04607179 0.05660831 0.06572866 0.08240647 0.100748 3.422544e-14 2.305561e-08 26.91237 32.56693 37.18513 40.17174 36.40832 34.73471 31.29238 31.68589 1.97714 2.436109 46 
0.0001666565 0.05867942 0.03071559 0.03936469 0.04025095 0.04713703 0.05731503 0.07002747 0.08419065 0.1134378 0.1533649 1.316993e-08 2.568783e-13 47.28442 48.29384 51.16897 53.79475 50.3661 52.11577 48.81398 44.82993 0.972897 1.179728 47 
0.001715311 0.1320481 0.02050661 0.02018728 0.01586691 0.02141313 0.02287051 0.03083807 0.0352615 0.0422276 0.05504032 0.07093124 5.300717e-09 19.81283 22.71338 28.59381 27.06825 30.88613 25.84042 22.51217 19.48453 18.63344 7.157874 48 
0.0001468973 0.05550246 0.03019776 0.02672511 0.03943745 0.04917029 0.05960621 0.06668743 0.08197153 0.08714947 0.1187778 7.77926e-08 6.108905e-06 30.4357 47.35293 51.01042 45.8113 44.18372 38.05345 38.83334 40.14815 0.709263 0.8703437 49 
NaN 0.1360055 0.0324603 0.03998505 0.02466067 0.02950335 0.04139153 0.05345023 0.0483834 0.06027745 0.07940354 0.1125495 2.710553e-05 42.17086 42.41873 44.94929 53.11204 34.43234 37.19021 33.61282 28.83937 26.05195 0 50 
7.228779e-05 0.06275485 0.03180899 0.02925519 0.04367688 0.04908186 0.0425138 NaN 0.06301716 0.09377482 0.128565 0.2565642 5.994604e-05 33.47859 55.41368 46.2731 41.18317 41.17916 46.72661 43.40156 48.47579 41.36229 0.4337075 51 
2.90597e-06 0.1225834 0.03606231 0.04860127 0.03402512 0.03732009 0.04780296 0.05804239 0.08008954 0.08125319 0.1097121 0.1587896 2.815903e-05 54.55723 61.86796 57.71037 64.62192 64.99548 44.18359 49.39144 42.2304 37.45087 0.01741597 52 
0.0003769925 0.1505143 0.02800062 0.03591278 0.03117504 0.02954997 0.0418494 0.04467545 0.06347654 0.06203981 0.08356448 0.1100386 2.933516e-05 37.18184 51.82935 50.48928 57.44241 49.57184 31.86591 34.6195 26.63779 26.02509 1.924299 53 
0.001093708 0.1908495 0.02807391 0.03969694 0.02954147 0.02686495 0.04224878 0.03850079 0.04648053 0.06588632 0.07296428 0.08996002 2.453851e-14 40.21753 53.78063 43.61782 56.87626 47.50276 42.15634 27.83042 22.67213 22.70762 5.329188 54 
1.096854e-11 3.079783e-05 0.005581602 0.007312007 0.009560892 0.01113929 0.0130646 0.01481908 0.01786504 0.02098713 0.0255189 0.0334795 2.998627e-18 6.536934 10.08363 12.48182 14.07052 14.82295 14.87677 14.22995 12.93691 9.821516 2.720718e-05 55 
4.753734e-19 0.111222 0.03208444 0.02798907 0.02234153 0.03097806 0.03365117 0.03986201 0.04797319 0.06002395 0.08116217 0.1094254 1.380442e-05 28.65379 31.05657 40.16665 37.29694 37.81534 34.64827 33.77495 28.37139 28.53738 6.766565e-07 56 
4.928108e-05 1.77276e-05 0.006037015 0.007050139 0.009416224 0.01042705 0.01233546 0.01439766 0.01778814 0.02185848 0.02721209 0.03534828 2.427133e-05 6.472027 10.14019 12.39214 14.03142 14.94503 15.09108 14.2471 12.50704 9.356891 0.1604076 57 
9.378459e-05 0.06216414 0.02022344 0.02347022 0.03060849 0.03652243 0.0424667 0.04829639 0.06099098 0.07967738 0.1001597 2.88685e-12 2.06457e-12 24.86475 35.5387 37.21928 33.55726 34.44273 34.53824 30.836 28.41617 0.4071123 0.5013346 58 
1.108583e-06 0.09956449 0.03386539 0.02711012 0.02935138 0.03622307 0.04329584 0.05144369 0.06175481 0.07502717 0.100525 0.143342 2.994512e-05 29.08523 41.6529 50.02254 52.43715 48.69764 42.18911 39.66814 34.91968 32.46941 0.005611883 59 
1.099018e-16 0.1242017 0.02935778 0.02960922 0.02217896 0.02484893 0.02795326 0.03810177 0.04411582 0.05197535 0.06807626 0.0956969 2.450133e-17 30.25943 33.92659 33.13704 28.2085 36.26158 27.65896 30.887 26.29418 23.67936 3.288582e-08 60 
0.000187194 0.05073637 0.03164445 0.03171075 0.04030608 0.04837245 0.05945714 0.07873899 0.0884791 0.1087473 0.1258584 4.81978e-07 1.693319e-11 37.566 48.0753 43.58165 55.30582 48.92741 45.77924 41.73566 42.96236 1.01849 1.238803 61 
0.001582096 0.06548165 0.02763592 0.03665932 0.03771225 0.04483219 0.05419095 0.06603449 0.08127623 0.08313201 0.09033301 1.289006e-16 6.419961e-18 41.57654 48.65256 49.48373 51.40271 48.2001 39.76747 39.12478 35.55644 35.90409 10.38353 62 
8.215152e-16 0.1136949 0.02645677 0.02127704 0.02685502 0.03159043 0.03405249 0.03853003 0.04595051 0.06035038 0.08372385 0.106149 4.995297e-05 21.83053 36.24523 44.18244 37.76354 36.60526 32.37428 33.96088 26.40072 25.09137 6.344171e-06 63 
NaN 0.04477895 0.03202945 0.02891778 0.04044827 0.04357815 0.0006272352 0.06218594 0.06939185 NaN 0.1268657 0.2789295 7.025257e-05 35.42045 49.61994 48.34396 48.33752 50.48244 44.04284 44.04095 53.61728 49.0698 0 64 
1.210867e-05 0.115464 0.03407457 0.03515449 0.02772953 0.03368836 0.03785529 0.04504008 0.05645838 0.07465163 0.101949 0.1542375 3.155253e-05 37.58376 43.90686 48.95012 42.25791 46.15303 46.69248 45.40286 37.34618 30.7181 0.06314718 65 
0.0001911034 0.04260131 0.03684991 0.04127824 0.05148025 0.06289447 0.07776592 0.08707868 0.0001754933 0.110659 0.1432368 4.616115e-08 1.189478e-06 55.67236 62.73538 63.84222 71.42027 50.37809 50.38215 53.93126 60.00845 1.362033 1.635735 66 
1.609903e-06 0.1035322 0.03567385 0.03452457 0.02822115 0.03865386 0.04236979 0.05061266 0.06269221 0.07212522 0.1053731 0.1830871 2.836147e-05 37.69895 42.9298 53.75156 47.73302 50.02833 39.91405 41.87349 42.5267 33.44455 0.008718606 67 
1.355508e-09 0.06945236 0.034761 0.03616328 0.03433368 0.0417992 0.04945333 0.05835585 0.07781567 0.1094887 0.1818871 0.1814521 8.848169e-05 39.38443 42.75108 47.5998 47.00602 46.27618 51.89542 50.51676 38.04822 39.02117 2.375314e-05 68 
0.0001502639 0.04623632 0.02208918 0.02445217 0.03331844 0.03998682 0.04678743 0.04825993 1.343742e-05 0.07133844 0.1114709 NaN 3.587402e-09 26.5927 35.81096 33.88429 37.74902 29.29141 29.29238 32.44911 30.40473 0.7156988 0.8751228 69 
1.718782e-06 0.1711198 0.02816265 0.0342256 0.0208479 0.02942171 0.03077799 0.04372154 0.04588008 0.05281531 0.06721305 0.09998134 2.50875e-05 34.73587 38.75502 47.54488 46.21121 29.3751 36.96057 27.33185 28.82903 22.07301 0.008060553 70 
3.474231e-21 0.1872082 0.03278101 0.02989376 0.02617951 0.02378156 0.02672555 0.03149341 0.03744446 0.0536078 0.06984297 0.09384716 0 29.90867 43.53149 43.25484 38.70208 37.74007 34.27611 36.47645 25.4508 20.94838 7.430687e-12 71 
9.268544e-05 0.05226517 0.02937669 0.03114934 0.03804802 0.04971616 0.06401696 0.08423241 0.08357319 0.09622702 0.1368486 NaN NaN 36.23974 44.79309 52.23564 54.56088 43.90088 40.16515 40.90739 38.1769 0.5439637 0.6077604 72 
0.0004501353 0.1941871 0.01551392 0.01617243 0.01092944 0.01608818 0.01548718 0.02054453 0.02325849 0.02819954 0.03541342 0.04750563 2.822882e-07 14.75237 17.15852 22.88731 21.71708 23.898 22.30166 18.21321 14.77305 12.16391 1.57435 73 
0.0004686549 0.0598288 0.03702794 0.03713872 0.0551731 0.06391641 0.06738414 0.07885571 0.1003607 0.1508692 0.2770564 7.930464e-08 1.361982e-06 45.54995 73.68935 63.47714 60.69813 54.15428 66.39054 62.23585 47.65341 2.771161 3.344572 74 
9.11097e-13 0.0619678 0.02929773 0.03480449 0.03865824 0.04795985 0.05789813 0.06155387 0.07828656 0.1059041 0.1290354 2.008114e-19 1.962654e-14 37.57208 45.62222 48.99777 41.0576 41.51231 42.29471 36.92163 35.16999 0.0001773965 0.0001773962 75 
5.163884e-14 0.1628591 0.02847305 0.03213283 0.02058124 0.02594412 0.02735794 0.0350028 0.04506461 0.05302645 0.07988896 0.1269335 3.118066e-15 32.23264 36.76116 42.41589 38.98878 41.72708 42.99322 34.70517 34.12763 21.43705 5.99367e-06 76 
0.0009668485 0.1430427 0.02661952 0.02573473 0.02236589 0.02267915 0.02645766 0.03139054 0.04081574 0.05015549 0.06772209 0.08684873 1.493313e-10 26.17813 34.88074 32.16438 33.50876 33.36441 35.17416 30.3929 23.96819 22.37726 4.246115 77 
4.071488e-13 0.06695495 0.02668518 0.03498498 0.03521927 0.04340132 0.05402081 0.06598942 0.07613457 0.1014216 0.1515425 5.110499e-15 3.519734e-12 37.21848 41.37435 46.18397 48.97496 43.16096 42.25782 42.65464 36.80026 4.087708e-05 4.092739e-05 78 
0.0001230447 0.05933874 0.02752601 0.02637907 0.03662804 0.04546393 0.05523818 0.06571878 0.07641619 0.09136479 0.1384366 1.963922e-08 1.963591e-07 29.72955 44.53941 49.12619 48.06105 43.88931 39.37636 42.64119 38.56894 0.5778994 0.7108462 79 
0.0003626637 0.05700724 0.02459153 0.02803843 0.03420935 0.04153371 0.04871727 0.05042603 0.07039281 0.1038199 0.1174494 5.272807e-10 1.182909e-05 29.87902 38.68876 40.23185 33.70053 34.57521 41.83502 34.17958 33.54129 1.711972 2.104128 80 
0.0007690434 0.1429032 0.02673587 0.02395209 0.02512309 0.0299079 0.0333856 0.03159591 0.04284551 0.05089646 0.06579199 0.09044031 2.17609e-06 24.27139 37.15559 45.22171 32.98149 29.70416 34.32723 29.2511 24.46178 22.38271 3.382537 81 
0.00209083 0.05000467 0.0308495 0.0337955 0.04086958 0.06036932 0.06229882 NaN 0.08998156 0.1235406 0.1504922 2.221694e-09 3.777243e-06 37.40606 45.69064 61.04181 46.74057 46.85746 43.47789 39.32008 44.21499 11.68827 14.18196 82 
1.165234e-08 0.08985058 0.02825573 0.02793212 0.03074098 0.0334771 0.04624976 0.05620251 0.07619177 0.07583727 0.1074446 0.1413342 5.224848e-05 28.48213 40.38275 41.03052 48.90818 47.89104 33.75633 34.56854 28.22367 27.86406 6.134166e-05 83 
0.0009261192 0.1919005 0.02332729 0.0271781 0.02766115 0.02197519 0.02719185 0.03594624 0.03855372 0.04378611 0.0577482 0.08538591 2.285581e-09 26.33193 42.04866 36.0103 38.60205 25.4441 31.0063 28.51489 22.13795 18.22676 3.891741 84 
0.0001831001 0.05993585 0.02767837 0.03509423 0.03747232 0.04870066 0.05999195 0.06384789 0.0793135 0.1187802 0.1087421 NaN NaN 40.27628 44.99942 53.09757 45.04827 43.84514 45.32073 35.81792 39.2467 0.9831327 1.206181 85 
9.607079e-05 0.04492478 0.02367 0.02542079 0.03396049 0.03603259 NaN 0.05521962 0.06874231 NaN 0.1013907 NaN 3.450815e-08 27.21393 35.22646 33.35687 33.35601 40.39183 28.4111 28.41203 35.99995 0.4529261 0.5566337 86 
0.001055376 0.1251105 0.02642906 0.02167902 0.02910602 0.02700807 0.03091903 0.03604846 0.04298909 0.05284597 0.07088079 0.1029623 2.133082e-05 21.28348 37.63063 37.6627 34.64902 32.39265 27.44542 27.72337 23.84726 21.53576 4.603966 87 
NaN 0.06476031 0.026121 0.02901608 0.03593902 0.04848403 0.06335423 0.08018229 0.08858444 0.119364 0.1550439 NaN NaN 31.11667 43.77357 54.58556 59.61938 48.94753 46.36976 37.66583 42.88714 0 0 88 
0 0.1279922 0.02955698 0.03415326 0.0261165 0.02975594 0.03409384 0.04071125 0.04905335 0.06302826 0.07178457 0.1084623 0 35.21229 41.98181 43.50223 40.54483 39.28683 33.98013 26.20234 27.69557 25.03524 7.987511e-15 89 
4.511021e-14 0.09719263 0.03430161 0.03515249 0.04021968 0.04091444 0.04558614 0.0549655 0.05977092 0.07370372 0.09348463 0.1367859 9.451169e-21 41.65471 62.50839 53.82163 53.94484 44.37793 42.29688 39.41989 38.96457 38.26777 9.023936e-06 90 
1.574925e-05 0.08388316 0.03813763 0.0405817 0.03761204 0.04305071 0.05528995 0.06707628 0.08406948 0.09279747 0.1275705 0.2048596 2.241614e-05 46.44835 55.97323 55.16296 62.41106 58.66025 47.20842 46.21155 43.2749 38.8839 0.1012553 91 
2.598456e-14 0.1383782 0.02699664 0.02560878 0.01916594 0.02944441 0.03070009 0.03082305 0.03678614 0.04698831 0.06205923 0.08665347 7.777123e-16 26.08209 29.76259 40.7724 30.96318 29.92101 28.61943 28.75569 24.83056 22.73631 2.942906e-06 92 
0.0006360738 0.06054397 0.02870808 0.02543841 0.03153876 0.04207863 0.0502703 0.05650043 0.07684812 0.09794669 1.714544e-25 0.1327276 6.048883e-18 29.69303 40.22702 50.00174 46.15698 40.19999 54.7434 35.42106 35.45598 40.00299 3.69463 93 
0.0008172131 0.1701445 0.01831088 0.01777154 0.01545545 0.01927164 0.01983672 0.02405945 0.02827111 0.0335945 0.04212246 0.05561117 7.152678e-06 16.88097 23.08872 28.31557 24.94978 25.61999 21.46347 18.50386 16.4918 15.05943 3.116849 94 
0.0004492681 0.05663337 0.02869012 0.03557865 0.05030196 0.06019522 0.06377451 0.08116907 0.07075942 NaN 0.1323097 2.149354e-08 1.125117e-11 40.09349 60.43905 50.01257 54.18476 46.25457 38.63028 38.64496 39.31615 2.519122 3.035644 95 
0.0005507771 0.1814238 0.02678173 0.03539605 0.02406719 0.02879019 0.0356414 0.03015066 0.04296358 0.05341309 0.06835034 0.09613184 1.984662e-05 34.78262 43.05621 48.62638 32.7537 31.96436 37.33968 36.93311 27.90182 22.34404 2.474143 96 
2.398603e-12 0.2200887 0.01903997 0.01920154 0.01661439 0.01461157 0.01626266 0.01927208 0.02276791 0.02766981 0.03557286 0.04961009 1.924752e-17 18.02878 26.38439 24.01806 22.80702 22.77387 21.28479 18.57819 16.9272 13.43853 1.62713e-05 97 
NaN 0.0732654 0.04006352 0.04634913 0.03946891 0.0560749 0.06495825 0.07131441 0.08481987 0.1137767 0.142606 0.2237018 1.642546e-05 56.24679 52.47287 72.0741 62.18732 55.65336 57.92502 51.39298 48.06125 45.70752 0 98 
1.003375e-08 0.06053915 0.03446532 0.03157197 0.04032683 0.04711537 0.06212892 0.0829805 0.06543339 NaN 0.0990613 0.1778376 3.640042e-05 39.34666 55.89249 54.14427 66.8466 52.05698 40.95614 40.95612 48.90383 50.89533 6.638955e-05 99 
0.001645154 0.2410089 0.0217826 0.02822585 0.01742671 0.0164501 0.02364529 0.02458432 0.02929329 0.03580332 0.04413833 0.09927801 3.579049e-14 26.89312 33.43382 29.21795 34.49687 32.65026 25.45865 19.66089 17.6751 17.57958 6.86611 100 
