0.5005025 0.1948862 0.9338408 0.04688113 0.05747503 0.06387368 0.1122501 0.1364445 0.1634343 0.1894879 0.3389827 0.3779083 1 107.7564 161.6888 206.8389 235.4119 334.7975 401.7019 443.2357 456.7399 569.1938 535.8745 2298.503 1 
0.4612987 0.2705478 0.9395435 0.04330942 0.08722145 0.09013594 0.09900988 0.1332244 0.1915686 0.2943314 0.1870752 0.3813865 1 70.23007 102.6271 182.6535 211.8945 225.312 258.589 312.0416 383.3645 284.2299 309.0823 1621.589 2 
0.4731996 0.2096102 0.887666 0.05999007 0.05467648 0.09096014 0.1011758 0.165811 0.171701 0.2210869 0.348074 0.529494 1 124.0434 182.7407 192.7469 258.3393 291.2384 386.7444 398.0389 417.6917 478.8915 505.5217 2067.732 3 
0.4718034 0.2277844 0.8896758 0.02725917 0.08320008 0.1004255 0.1311731 0.1432485 0.187248 0.2810043 0.3469752 0.5585369 1 52.68292 77.5389 192.998 264.1474 328.0068 347.7246 380.1659 442.9512 442.9972 454.999 1932.667 4 
0.7615745 0.08819817 0.855164 0.08666586 0.07213024 0.09194104 0.08106224 0.2437286 0.1393616 0.2969667 0.3490219 0.9999954 0.9999968 249.4501 439.4248 524.2741 623.5388 654.4211 994.4785 971.8922 1133.59 1188.385 1511.349 2878.297 5 
1 0.04324286 0.8233649 0.1900355 0.9999997 0.5304922 0.01933607 0.4486953 0.8569819 0.9817225 0.9908594 0.9890866 0.9753388 370.0975 740.1949 2317.614 2317.614 2317.614 2317.614 2317.614 2317.614 2317.614 2317.614 1947.517 6 
0.6482466 0.1478998 0.8441774 0.05165992 0.1012933 0.08326866 0.1345396 0.1251944 0.3530822 4.285511e-07 0.3950759 0.5547427 1 114.9439 189.4559 336.5498 376.0723 477.6749 498.0111 787.5535 510.5293 667.3401 718.3314 2225.011 7 
0.5808734 0.1698061 0.8546079 0.03825191 0.08688065 0.08627493 0.1092301 0.1035722 0.1572573 0.2677259 0.3745798 0.4876907 1 88.339 139.6528 274.0879 334.1841 396.5352 401.3038 465.8062 604.4388 693.1588 681.166 2309.401 8 
0.5264928 0.1606448 0.887744 0.05333923 0.04754683 0.09879108 0.1320019 0.1338238 0.2048776 0.11258 0.3785985 0.5752897 0.9999999 130.7235 199.5485 215.3729 331.6967 437.5118 461.6718 549.8205 423.5031 622.9506 705.6533 2450.795 9 
0.391111 0.2362214 0.8681766 0.04380292 0.0844796 0.1014028 0.08822274 0.1339593 0.2141668 0.2457276 0.2804574 0.6132942 1 88.90082 123.6709 212.3155 263.203 243.7938 290.355 383.5601 393.4561 363.4582 471.9097 2029.564 10 
0.5486071 0.1362793 0.9208967 0.03731258 0.08129901 0.1173497 0.151808 0.1101159 0.231115 0.2652723 0.3096304 0.5455654 1 102.7333 159.0936 302.7696 451.8591 574.1794 515.7457 657.8802 691.8089 663.2991 709.0726 2753.316 11 
0.4557014 0.199287 0.8955931 0.05460128 0.06796393 0.0658373 0.1679582 0.1183669 0.2675566 0.1579276 0.3621467 0.5048566 1 120.4333 175.3149 221.6132 228.9462 409.2716 365.3146 522.8127 392.3027 476.2509 481.5487 2205.686 12 
0.3640478 0.2935096 0.9280942 0.0301983 0.06464555 0.07545363 0.1270803 0.1609806 0.1563695 0.2904779 0.3303837 0.4938522 1 51.10795 69.71368 131.4821 163.7022 239.9687 286.8135 266.9658 351.9332 333.6986 327.2518 1692.411 13 
0.3573015 0.3049957 0.8671753 0.03867046 0.07247617 0.08418001 0.09194795 0.1130013 0.2031213 0.2559857 0.3304816 0.4584251 1 65.57454 89.00442 149.9486 180.8575 191.9432 210.6697 301.8166 335.3519 338.3552 323.8506 1695.727 14 
0.5291384 0.1786265 0.8947518 0.04355669 0.06369757 0.1125645 0.1299035 0.1220645 0.1681508 0.2423565 0.3655395 0.4743051 1 100.7702 154.0915 222.4839 350.9385 424.5368 419.9135 458.3589 525.6866 601.7271 584.7705 2313.541 15 
1 0.03695358 0.8405411 0.189872 1 0.7282763 0.0004762595 0.01746215 0.9370893 0.9761873 0.9931823 0.9963145 0.9808925 433.0711 866.1421 2713.929 2713.929 2713.929 2713.929 2713.929 2713.929 2713.929 2713.929 2280.858 17 
0.4592256 0.2149353 0.8547815 0.04298474 0.06181812 0.1035703 0.09245837 0.149449 0.1778675 0.2289134 0.31524 0.6298106 1 88.39951 128.9948 180.904 274.315 279.0121 352.63 389.1958 419.1857 447.8362 554.9734 2056.532 18 
0.5583086 0.1784517 0.9122197 0.04729754 0.09858158 0.0851113 0.1169959 0.1206517 0.2041376 0.2492635 0.3914603 0.5598289 1 100.8734 157.1919 288.0663 316.7166 372.8729 386.6978 481.502 526.9401 598.5127 598.9947 2132.741 19 
0.4910814 0.2502191 0.8243998 0.04455249 0.07609379 0.061253 0.1307574 0.1261903 0.1820417 0.2396496 0.4065445 0.5028833 1 79.92987 119.1819 188.9627 189.8022 287.604 304.312 355.007 395.6907 479.8329 445.2308 1794.061 20 
0.4428761 0.2039222 0.9179325 0.03215278 0.08320549 0.09550192 0.09734662 0.1859842 0.1513092 0.2236158 0.2991602 0.4824291 1 68.65534 99.06115 215.8267 276.5295 289.2941 415.821 374.6864 404.9122 427.5398 469.8741 2135.285 21 
0.478224 0.2158662 0.9182806 0.03826786 0.08572607 0.1046457 0.1361757 0.1261938 0.2007723 0.1901762 0.4104223 0.4169569 0.9999999 78.75466 116.417 225.345 297.1279 362.7249 350.0801 412.9508 383.3639 508.1967 437.6133 2057.985 22 
0.4399507 0.1923919 0.9625105 0.03913736 0.06020215 0.07771125 0.08711016 0.1246582 0.2166931 0.1657206 0.2838276 0.5156274 1 93.56162 134.7241 197.5584 254.6749 285.4798 352.17 499.692 426.3652 482.6754 596.292 2390.596 23 
1 0.05215784 0.790084 0.1868757 0.2147732 1 0.01304798 0.01762567 0.7946092 0.9698306 0.9985503 0.99606 0.9877167 326.0274 652.0548 956.7309 2070.649 2070.649 2070.649 2070.649 2070.649 2070.649 2070.649 1744.622 24 
0.4060227 0.2865152 0.9116848 0.03192944 0.07180084 0.1001631 0.1149042 0.1187028 0.1838976 0.258184 0.3342432 0.5833707 1 52.3545 73.61162 143.8603 205.9875 235.9745 235.103 285.6366 333.877 344.8239 383.1643 1639.694 25 
0.5002654 0.2126376 0.9175045 0.0423156 0.05869335 0.06725498 0.1147192 0.1261436 0.1791815 0.2503196 0.2943945 0.6068921 1 84.65293 127.0019 175.9829 209.3266 297.6907 336.7713 401.6447 468.3042 470.0157 578.0392 2000.513 26 
0.4943953 0.2327252 0.8865819 0.04191762 0.06847551 0.1088691 0.1292355 0.1692878 0.1641427 0.2655113 0.2985117 0.5655629 1 77.34684 115.5868 178.2009 267.3883 321.8515 375.4491 359.8641 413.502 398.9759 455.8077 1845.211 27 
0.444417 0.2224989 0.9411633 0.04805312 0.04221343 0.08628034 0.1322727 0.1516616 0.2235863 0.2366703 0.2804447 0.4684092 1 98.88005 142.824 146.1629 226.8325 327.5606 371.1741 447.1055 430.5853 401.1019 430.331 2057.724 28 
0.660806 0.1233885 0.9037507 0.05596107 0.09357928 0.09723218 0.1062897 0.251063 3.073346e-36 0.4148256 1.437236e-13 0.5076817 1 153.9935 255.7533 412.1039 501.2736 557.19 845.165 558.4901 959.2816 633.899 841.5831 2751.797 29 
0.9999999 0.1000552 0.6381647 0.1172806 0.1793757 0.273991 4.295215e-09 0.414341 2.027602e-09 0.2358985 0.9126846 0.9999974 0.9999912 159.9704 319.9407 535.9138 806.6315 806.6314 1103.853 1103.853 1202.957 1495.937 1523.966 1363.997 30 
0.4916288 0.205444 0.8725629 0.0559072 0.05829314 0.06841093 0.1090318 0.1291317 0.2094489 0.2337028 0.3684607 0.5427187 1 116.8221 174.2552 200.6667 225.7441 299.6794 346.4475 451.5816 470.107 530.8585 539.8087 2089.572 31 
0.685336 0.1570993 0.795725 0.06972044 0.07075468 0.1044323 0.1531618 0.1466575 0.2762589 0.1561279 0.383724 0.9999982 1 146.4097 246.7495 307.3287 400.2017 523.2745 560.5283 708.708 618.4547 699.18 921.3644 2099.954 32 
0.4642505 0.2076046 0.9011532 0.04493554 0.06973363 0.04903111 0.1485456 0.1529873 0.1503595 0.2212633 0.3680432 0.462261 1 96.33896 141.0644 208.2757 190.0871 357.326 401.847 382.9844 423.3927 514.6827 491.4468 2143.937 33 
0.5149229 0.1876094 0.9158723 0.0338395 0.07291043 0.1008121 0.1507922 0.1409354 0.1962937 0.2292509 0.4036894 0.3463046 1 74.62621 113.053 213.5618 309.1045 427.0002 432.4524 477.0315 484.381 573.4496 461.0386 2205.299 34 
0.4994334 0.1990242 0.8938243 0.03913797 0.07475346 0.08752343 0.1458677 0.118277 0.2087587 0.2743124 0.3215552 0.5320048 1 85.41936 128.0806 220.7332 280.0662 398.1345 377.706 466.9946 522.6403 507.2137 529.6597 2182.519 35 
0.5490208 0.1620455 0.9128391 0.04266304 0.07141192 0.1164327 0.109162 0.1744454 0.1425256 0.3582873 0.350938 0.4450532 1 98.74048 152.9511 242.1997 372.5283 402.9718 503.7469 467.1173 667.1981 624.4768 555.3588 2314.427 36 
0.635595 0.1525038 0.8504924 0.05507085 0.07902906 0.07863063 0.1150865 0.1445015 0.1718333 0.3303272 1.021723e-10 0.6739488 0.9999999 124.5941 203.7854 298.4763 344.5249 427.7535 503.8458 556.2254 729.2302 463.495 807.9077 2262.432 38 
0.4094283 0.2247463 0.9356217 0.0327643 0.07393433 0.0532756 0.126956 0.1042387 0.2426768 0.2251153 0.2983647 0.4374988 1 71.19216 100.3402 196.4673 184.1285 309.3154 294.3273 470.1978 438.1775 431.7057 436.3282 2172.857 39 
0.4027901 0.254138 0.888556 0.02790593 0.05541428 0.09418377 0.09879258 0.1376833 0.1586533 0.2639605 0.3424874 0.6032511 1 51.15443 71.75893 127.6492 209.9462 235.1906 283.9156 302.3408 384.917 406.3386 454.7049 1833.103 40 
0.4543131 0.1995845 0.9285914 0.03064725 0.06302871 0.1132825 0.09933706 0.1294986 0.1550669 0.1857647 0.3202319 0.5088273 1 70.14579 102.0139 186.1859 320.0813 328.5283 364.2509 389.5903 403.8366 501.8676 571.9102 2288.812 41 
1 0.07190758 0.6982522 0.1584755 0.08528364 0.1282856 0.2010651 0.140097 0.3637869 1.58673e-07 0.07961755 0.8137055 0.9999999 292.1187 584.2373 716.5282 898.5521 1147.244 1285.685 1594.809 1594.809 1637.851 2042.729 1843.305 42 
0.4351431 0.2232498 0.9358272 0.05712705 0.04943054 0.1075225 0.08171342 0.124963 0.182533 0.2397251 0.2655762 0.51161 1 116.4647 167.1436 167.7483 269.4612 250.5082 296.1383 368.047 416.9415 397.7119 479.0593 2038.697 43 
0.5288302 0.2099447 0.9005105 0.04586412 0.08086195 0.1005471 0.1180428 0.1557844 0.1877393 0.2259019 0.3699542 0.3168223 1 95.26593 145.6454 237.2794 308.6382 356.6247 413.7093 447.8107 460.6622 527.3871 432.0119 2077.134 44 
1 0.03945967 0.8686708 0.3146661 2.722024e-11 1 0.7307568 0.1872229 0.8846976 0.9946476 0.9950833 0.9972216 0.9991086 672.2992 1344.598 1344.598 2808.847 2808.847 2808.847 2808.847 2808.847 2808.847 2808.847 2136.548 45 
0.9999998 0.09786938 0.6650222 0.1076096 0.1256947 0.1871474 0.04223331 0.1612802 0.2282347 0.2394724 0.2700566 0.1643216 1 183.9693 367.9386 559.7021 809.3316 855.1224 1022.603 1221.387 1382.356 1520.412 1581.729 1709.599 46 
0.4705375 0.2145817 0.9000002 0.04859134 0.06284286 0.08494646 0.1283722 0.12366 0.2088255 0.1984933 0.3803671 0.5144187 1 93.20593 137.0628 179.1785 229.5914 308.9321 314.047 397.4016 374.7219 464.6553 460.2645 1918.159 47 
0.4099527 0.2987696 0.892044 0.01958271 0.08214318 0.1073944 0.1150176 0.1275888 0.1620347 0.2557809 0.3174912 0.5839012 0.9999999 33.47117 47.19277 156.9982 229.5449 252.0119 258.334 277.659 341.0193 349.6754 406.7856 1709.22 48 
1 0.04377259 0.8047579 0.2567399 0.2820432 1 4.928151e-05 0.009564956 0.9860911 0.9936915 0.999775 0.999131 0.9902289 502.7222 1005.444 1415.924 2460.821 2460.821 2460.821 2460.821 2460.821 2460.821 2460.821 1958.099 49 
1 0.0892536 0.6313992 0.08743637 0.1442922 0.238775 0.2162454 0.1220319 0.3024786 0.3565799 0.3755194 6.333636e-08 1 134.4881 268.9762 471.5101 758.3036 956.0189 1043.466 1233.77 1390.253 1496.285 1496.285 1538.125 50 
0.4643171 0.2296005 0.9552433 0.03098661 0.07079012 0.1084584 0.1092137 0.1533314 0.2032683 0.2891915 0.3233437 0.4227142 0.9999999 60.97649 89.28893 176.445 274.1006 299.7942 354.9632 406.991 463.4829 433.3703 394.2137 1967.833 51 
0.4827006 0.2218928 0.9093394 0.0616566 0.07996701 0.08160373 0.1219703 0.1130535 0.216697 0.2877952 0.2772553 0.407775 1 121.6822 180.4182 235.176 252.5541 312.76 306.2925 411.9073 473.5304 417.0528 401.6617 1973.547 52 
0.6026293 0.1383537 0.9376058 0.04736806 0.08825244 0.1018519 0.1071509 0.2923748 7.82627e-12 0.3466345 0.2923436 0.5436263 1 122.8767 196.9258 336.7633 432.4276 477.4276 815.9743 491.7301 739.5157 689.8634 737.0922 2594.083 53 
0.5030192 0.2020296 0.8615273 0.04287744 0.05668223 0.1186176 0.1171031 0.142786 0.1942334 0.2331321 0.4204832 0.464626 0.9999999 89.09668 133.914 180.0933 313.13 351.1486 385.0923 436.7869 454.8017 553.9364 486.8601 2077.938 54 
0.5273176 0.170178 0.885688 0.04087488 0.06658523 0.0741853 0.1556416 0.106753 0.2173382 0.2372159 0.3216818 0.6066834 1 94.02185 143.6012 222.6247 270.1646 439.1996 403.4492 525.2679 543.9531 562.9873 650.1506 2300.235 55 
0.681266 0.1382843 0.8460859 0.06687938 0.0458848 0.1302612 0.150359 0.1335638 0.2244008 7.975147e-07 0.4836168 0.1049491 0.9999999 159.1028 267.4941 284.0919 469.4342 596.7858 615.6137 723.7019 493.0344 844.5426 632.3579 2378.951 56 
0.5486484 0.2007729 0.902429 0.0391197 0.05271643 0.06475071 0.1442675 0.1711747 0.1603086 0.2639161 0.3916577 0.5474901 0.9999997 74.71365 115.7052 160.2245 200.4706 344.5455 427.1887 419.2348 485.5577 545.5493 536.6999 1909.873 57 
0.4697657 0.1861622 0.8811504 0.05513239 0.05471463 0.1318084 0.1074119 0.1271721 0.1443076 0.2966292 0.273308 0.4008989 1 134.2929 197.379 218.6494 389.4769 385.8469 395.6644 398.2256 560.5867 505.4081 495.4489 2435.825 58 
0.5174059 0.19175 0.9173407 0.04204581 0.07918155 0.1013482 0.1090291 0.158446 0.1669231 0.2050745 0.3801284 0.4621443 1 93.87427 142.4454 243.055 325.3571 361.3057 436.7915 447.5099 458.2572 571.1626 547.2735 2232.666 59 
0.4801849 0.2133973 0.8203657 0.02455049 0.1026066 0.06499389 0.1128391 0.1293775 0.144133 0.3029765 0.2721276 0.5337765 1 51.54911 76.30221 246.7948 237.9668 308.1882 345.2406 357.0987 515.6732 463.1057 530.0313 2099.718 60 
0.5288426 0.1948652 0.9153147 0.05914532 0.08324514 0.103195 0.1561353 0.1296605 0.2399861 0.1692862 0.2839275 0.380169 1 123.1646 188.2992 262.678 324.2685 422.9884 399.9405 495.4195 414.2091 431.1223 431.3286 2082.406 61 
1 0.0412462 0.8015052 0.1322388 1 0.97009 0.006215728 0.4379819 0.8984887 0.9891342 0.9822733 0.9967719 0.983883 266.7571 533.5143 2283.994 2283.994 2283.994 2283.994 2283.994 2283.994 2283.994 2283.994 2017.237 62 
1 0.0468771 0.83663 0.2228003 0.1997742 1 0.2799731 0.06584156 0.9089032 0.9784112 0.9972461 0.9990986 0.9970572 426.7613 853.5226 1150.923 2342.204 2342.204 2342.204 2342.204 2342.204 2342.204 2342.204 1915.443 63 
0.6326735 0.1507792 0.8641056 0.05288057 0.07236191 0.0644333 0.0933537 0.2100559 0.3816667 3.155506e-07 0.3698205 0.4484567 1 119.3869 194.9199 278.051 303.7224 365.398 584.5979 877.1275 554.9356 655.0182 646.6651 2257.671 64 
0.4682155 0.1848194 0.945492 0.0496357 0.04416347 0.09113861 0.1340725 0.1402054 0.2286027 0.2523354 0.2914392 0.5644714 1 119.0378 174.7731 182.4885 283.9925 398.4314 426.9374 536.8908 538.323 499.834 574.0796 2398.229 65 
0.5320864 0.2314003 0.9093318 0.04798361 0.06339225 0.1042618 0.08727712 0.1577419 0.188139 0.2488259 0.3626031 0.3460711 1 90.75335 139.042 188.1256 275.9308 278.6609 365.7615 413.0989 454.397 498.5761 421.5049 1891.341 66 
0.6513511 0.1227285 0.8722876 0.04820963 0.07911417 0.1456286 0.1109807 0.1655252 0.2438161 0.2120416 0.5021317 0.9999995 1 122.2242 201.8351 322.3712 533.5833 558.2501 642.9951 762.2185 722.3063 891.8705 998.7383 2535.265 67 
0.4867961 0.1881271 0.903868 0.05202136 0.08090617 0.08048725 0.1045372 0.1414596 0.2112272 0.2318599 0.2618066 0.5251653 1 122.2616 181.7781 268.7445 295.6377 340.7472 404.3833 502.6137 509.4049 477.5943 572.501 2350.22 68 
0.5132124 0.2057392 0.9193952 0.06758752 0.05043814 0.1104407 0.1289602 0.1498042 0.2040203 0.2931137 0.3473087 0.4998899 1 140.9598 213.3022 207.5528 310.4525 371.1597 404.8207 455.9382 517.8048 503.4603 481.701 2085.589 69 
0.4801171 0.2203506 0.8930043 0.05885772 0.08242611 0.08527554 0.05633677 0.1784959 0.1799321 0.2368961 0.2934659 0.5857094 0.9999999 117.9965 174.6486 239.3716 262.5604 215.2761 370.1036 398.589 429.8685 431.8476 525.2648 2004.775 70 
1 0.06659793 0.6979237 0.2638073 1.872915e-24 5.52393e-14 0.4344291 0.02633503 0.1850504 0.6087088 0.5593257 0.9999976 0.9999383 481.9716 963.9432 963.9432 963.9432 1548.255 1568.288 1705.349 2072.769 2204.874 2308.955 1826.983 71 
0.7054152 0.1378632 0.7906405 0.09074517 0.06597584 0.1065663 0.1841067 0.1671311 0.2763202 0.2236874 0.2697559 0.9999976 1 188.601 321.6431 351.5703 436.101 597.9652 636.8528 745.3531 699.2534 655.6657 902.1459 2078.359 72 
0.4676913 0.2188664 0.9401586 0.0537447 0.07239713 0.1004672 0.121275 0.1247241 0.1579487 0.2739283 0.3596882 0.4457257 0.9999999 114.2295 167.6537 224.0139 292.1985 340.1762 343.0194 364.2929 468.0935 502.7624 460.3568 2125.41 73 
0.4686624 0.1788917 0.8669127 0.05500367 0.07703631 0.08729794 0.1242093 0.1648306 0.1634395 0.2590741 0.3711422 0.4985098 0.9999999 134.1603 197.0363 269.9088 312.2129 387.4964 461.8994 448.5926 518.0413 569.4973 542.8641 2439.116 74 
0.5326175 0.1792062 0.8755544 0.04426863 0.05694928 0.1361183 0.08989064 0.1788004 0.1765507 0.2371781 0.4135326 0.4592613 1 100.446 153.9453 205.4922 387.8198 365.3691 482.0927 489.8878 518.8016 619.3069 553.2459 2269.011 75 
0.5153839 0.2062311 0.8719658 0.03794537 0.06767696 0.07427615 0.1451467 0.1208883 0.1589346 0.2177228 0.3749453 0.5519696 1 77.58533 117.5716 193.72 236.0588 368.0807 365.1492 390.9708 435.1349 539.0091 567.416 2044.659 76 
1 0.04120892 0.8141439 0.2382849 0.9999998 0.9983507 0.02073729 0.1655721 0.8327205 0.9763908 0.9911401 0.9957004 0.9853581 485.4512 970.9025 2522.724 2522.724 2522.724 2522.724 2522.724 2522.724 2522.724 2522.724 2037.273 77 
0.4788799 0.2366227 0.882112 0.02486542 0.0787674 0.08079637 0.118217 0.1585363 0.1893192 0.1797025 0.3614076 0.4265714 1 46.48889 68.75148 176.527 220.235 287.9729 353.7233 386.2566 351.8489 443.7987 420.0333 1869.62 78 
0.4897398 0.2152099 0.872057 0.04636571 0.06234647 0.08283891 0.1317474 0.1465069 0.1414805 0.2845797 0.3327578 0.5818962 1 97.58021 145.3691 196.3222 252.0387 350.8263 391.3664 372.6256 494.9787 503.8197 551.7556 2104.577 79 
0.5207036 0.2221395 0.8930276 0.05732 0.07417933 0.05528879 0.1605304 0.1851156 0.1600116 0.197822 0.4050715 0.5464958 1 108.0444 164.3035 217.3619 204.1357 355.7787 426.7649 392.3316 380.9472 488.5377 487.2906 1884.934 80 
0.4654263 0.2040975 0.855591 0.04916017 0.04978363 0.1078588 0.1037891 0.1186905 0.1760737 0.2920424 0.3926634 0.5857975 1 102.8937 150.7831 169.2546 282.7431 306.6978 322.2042 384.5861 499.6322 537.7483 526.8172 2093.03 81 
0.4572011 0.224174 0.9004044 0.05352752 0.05534254 0.1113774 0.1042443 0.1591392 0.14839 0.2141906 0.3311526 0.4233966 1 107.0645 156.0145 176.0996 279.6938 293.5373 360.7403 342.5486 374.9483 436.6843 426.4895 2000.176 82 
0.4864359 0.226409 0.8910052 0.0444568 0.06391265 0.1039507 0.09791196 0.122748 0.1929117 0.2155821 0.3170435 0.4641399 1 88.33819 131.3091 185.2256 274.8589 289.6367 317.2384 397.4474 412.6212 453.6842 473.6139 1987.057 83 
0.5751606 0.1844795 0.9519903 0.04760956 0.06074522 0.09521243 0.1022162 0.1577065 0.1933557 0.187824 0.3800855 0.443256 1 102.9971 162.2369 218.47 309.9118 357.2253 453.3736 516.7791 497.8371 616.0404 592.6801 2163.369 84 
0.6510642 0.134264 0.8092521 0.06398366 0.05779389 0.05450122 0.1494009 0.1601338 0.1771894 0.4032076 2.110482e-21 0.4021039 1 163.8631 270.5485 314.6851 327.9773 532.5818 637.6226 685.4514 952.4074 620.0784 704.9412 2561.015 85 
0.501998 0.1868194 0.8453459 0.0560494 0.07967044 0.05606586 0.1209987 0.1500832 0.1350437 0.2550658 0.2940935 0.5004205 0.9999997 128.4709 192.9631 269.2445 246.8016 351.3244 424.3289 402.643 511.9253 523.0774 582.1999 2292.102 86 
0.6533721 0.142855 0.8832854 0.06049501 0.06374689 0.1225591 0.1109754 0.1874358 0.1356236 0.316817 0.346505 1 1 140.0035 231.4779 289.8458 438.8697 484.9693 614.5086 576.5021 730.0265 741.0074 982.1008 2314.299 87 
0.5741977 0.179284 0.9190863 0.03409869 0.04853409 0.09614916 0.1509145 0.1505468 0.1821272 0.2258066 0.3404426 0.4662102 1 72.5157 114.154 165.2421 282.7985 428.9748 472.1246 503.1434 524.2084 575.654 578.611 2126.642 88 
0.4942394 0.1831112 0.9088362 0.0498685 0.0837813 0.1065065 0.1202622 0.1282951 0.2387506 0.2493726 0.243111 0.4744876 0.9999999 114.6856 171.3678 267.7652 345.567 385.9156 392.6273 521.5617 518.185 446.6693 502.2679 2299.761 89 
0.4815493 0.1943707 0.9459707 0.03857926 0.0552453 0.1108356 0.09911841 0.1150523 0.1730946 0.2475046 0.213183 0.4424196 0.9999999 87.46433 129.5827 182.8169 316.2739 333.7887 350.5175 421.4654 501.712 435.2365 525.7754 2267.133 90 
0.5488007 0.1751722 0.8701267 0.03534346 0.09856463 0.07862806 0.1157189 0.1095553 0.1968747 0.1846154 0.2985767 0.595326 0.9999999 79.92287 123.7846 282.9417 309.8919 379.7254 383.9141 491.5534 481.2855 543.0651 688.1404 2261.32 91 
0.4234211 0.226108 0.9084186 0.04616959 0.03914431 0.1209227 0.07035995 0.1585896 0.2011608 0.2312565 0.286333 0.4770698 1 97.3 138.4989 137.3292 291.7056 242.9788 353.2065 416.72 421.7997 412.1318 452.1915 2107.448 92 
0.4756816 0.1499704 0.968764 0.05547867 0.05797122 0.1004693 0.1048265 0.16416 0.2428471 0.2181792 0.2712558 0.5442688 1 153.3677 226.3219 259.0245 370.3384 408.1006 519.269 649.041 582.2179 542.7779 646.8851 2764.445 93 
1 0.07672617 0.6879027 0.1163039 0.1494499 0.2337899 0.04099231 0.2028143 0.3754934 3.282199e-08 0.3742895 0.000353541 1 221.625 443.2501 694.9153 1029.768 1074.754 1288.204 1603.239 1603.239 1799.35 1799.466 1905.569 94 
0.4904702 0.2200428 0.9364462 0.05879574 0.0686496 0.08619567 0.1029594 0.09756568 0.2395808 0.2155371 0.3820576 0.5078488 1 122.7072 182.8915 224.5513 267.8267 303.4847 295.1635 468.9996 451.8383 530.0432 513.3141 2087.009 95 
0.5027877 0.1444788 0.917428 0.06561448 0.05351995 0.08750528 0.1628443 0.1063066 0.2157755 0.2125459 0.3154266 0.6174405 0.9999998 179.9617 270.4443 273.1344 349.5808 536.195 466.5689 591.8952 573.615 610.964 739.4241 2742.714 96 
0.4906692 0.1696842 0.8984716 0.05158244 0.07920071 0.07865515 0.1406281 0.1312371 0.2033977 0.2293721 0.3230802 0.5746924 1 129.6556 193.2736 283.6404 311.8293 437.4172 442.7212 524.3472 533.174 561.0833 635.8995 2513.561 97 
0.5137802 0.1615416 0.8755573 0.0574181 0.08036126 0.05770098 0.1704619 0.1472046 0.1950954 0.2210173 0.3158273 0.5028977 0.9999999 148.5737 224.9079 311.5545 289.4939 509.0207 519.6176 558.676 553.0297 580.224 620.6724 2587.576 98 
0.4877879 0.2126416 0.8789973 0.04020732 0.07235008 0.08381016 0.1001289 0.1426491 0.1344626 0.2477686 0.329025 0.432908 0.9999999 84.65065 125.9422 207.6312 258.3826 297.9976 365.8155 356.6013 458.0929 507.2946 498.0345 2105.355 99 
0.4845969 0.2370099 0.8996116 0.04712635 0.05236467 0.08178155 0.09400283 0.1288823 0.1957343 0.236309 0.2991046 0.4825154 1 88.60871 131.5482 157.5659 215.2055 250.8346 303.5889 387.9456 421.8372 430.4577 464.1747 1880.237 100 
0.48124 0.2344537 0.9299525 0.06649753 0.06873606 0.07461476 0.1151457 0.1202962 0.162456 0.2491321 0.3380134 0.4036544 1 127.9604 189.5401 214.6868 228.1356 288.0376 303.3953 341.7664 415.9071 456.3012 422.0877 1924.289 1 
0.513737 0.2129975 0.9194761 0.04045588 0.05239594 0.06720962 0.1263765 0.1019495 0.2337472 0.2959932 0.2915287 0.4495373 0.9999999 79.81423 120.8177 161.257 203.4089 315.9648 311.3563 466.8193 537.5736 482.6285 473.4909 1972.871 2 
