0.0008485622 0.04353061 0.04700623 0.02816979 0.04253634 0.06199097 0.0814984 0.08690807 0.1154823 0.1864747 0.2609403 NaN 0.3717002 27.38421 38.1752 52.84494 48.5043 50.09494 61.81251 59.30309 58.16605 3.149475 4.04723 1 
8.949934e-08 0.04796285 0.050557 0.02765027 0.04906635 0.07038113 0.09050644 0.1105424 0.1219791 NaN 0.2094486 0.3690528 4.588306e-05 26.60426 47.20125 61.88151 60.89287 68.23121 56.24378 56.24378 61.17946 59.44379 0.0004321297 2 
0.1093394 0.03558917 0.08162123 0.03261893 0.04491831 0.05665719 0.08862899 0.1063324 0.1186478 9.815857e-05 0.1404733 1.684297e-08 0 47.81275 85.9745 122.0268 187.3047 207.8996 216.0787 283.9409 344.8504 374.2009 445.0362 3 
NaN 0.02631583 0.05070293 0.0356815 0.05261741 0.0714128 0.08430229 NaN 0.1142354 0.1440477 NaN NaN 1.590202e-05 45.15082 51.83246 72.67498 59.79393 59.77851 86.26423 70.99586 70.99586 70.99512 4.89789e-06 4 
0.0005477345 0.04572737 0.04542586 0.02711766 0.03779955 0.04538329 0.05701449 0.0786048 0.1084821 0.1201375 0.1999485 6.136107e-08 5.778711e-08 26.97773 33.69923 34.96589 45.17636 52.44776 46.93948 52.96196 49.08394 2.002946 2.50244 5 
0.001228966 0.03776249 0.05321358 0.02732903 0.0471306 0.06833089 0.09160092 0.1134469 0.1392182 0.1861866 0.2257557 1.505529e-05 4.341105e-09 29.69865 47.68998 61.39766 64.33539 64.64865 65.71222 62.17573 71.2672 5.302835 6.645561 6 
0.001212489 0.03297873 0.04525243 0.03068002 0.04384925 0.05609593 0.07673941 0.08446481 NaN 0.1392667 0.2048757 1.012777e-09 0 33.04328 37.82263 48.05898 57.86496 50.00515 50.04459 58.30019 57.91062 5.435852 6.636487 7 
0.02055038 0.02977663 0.0557101 0.03239155 0.06038133 0.0847553 0.1012601 0.1110643 0.1378491 0.1894407 0.5203062 NaN 0.2353452 39.1797 68.32891 74.4637 76.19691 85.53116 95.55078 122.7893 124.4928 104.8335 129.1746 8 
0.002252302 0.04070586 0.04469501 0.02754855 0.04350988 0.05896708 0.077902 0.1030841 0.1252389 0.1355773 0.202178 5.08789e-08 4.226486e-08 26.37091 38.01335 45.55647 52.38567 51.4308 47.53717 50.54724 48.75784 8.475188 10.4028 9 
NaN 0.04782484 0.05264179 0.0303624 0.04499702 0.05595037 0.06891409 0.09196702 0.1244874 0.1179335 0.1657972 0.2248858 4.452831e-05 32.43216 45.86345 46.80055 58.14755 62.81638 53.80411 59.12884 60.47334 62.62724 0 10 
2.456193e-10 0.03680302 0.06123721 0.02309414 0.04889794 0.06727667 0.08351893 0.1065511 0.1316784 0.1750231 0.2275095 0.3021883 5.343111e-06 29.92524 61.14866 68.2675 77.60599 81.18669 86.64424 88.11986 88.72662 88.76305 1.518415e-06 11 
0.001518059 0.03333155 0.0620712 0.03616539 0.06195225 0.09135499 0.1284077 0.1325575 0.1682546 0.2076945 0.333824 NaN NaN 46.12018 70.67674 88.46752 81.42118 85.12016 85.77756 92.14056 91.91983 8.789852 10.72558 12 
0.1187975 0.01859491 0.09233832 0.03918345 0.0557712 0.05687243 0.07778969 0.0917458 0.1208278 0.1331916 0.1955216 NaN 0.1288415 106.1411 207.8211 207.863 345.876 403.741 420.2729 529.9185 597.9605 593.5321 724.9204 13 
NaN 0.04625289 0.05382614 0.02268498 0.03101401 0.04826393 0.06527882 0.06846263 NaN 0.0933365 0.1452581 0.2091512 NaN 26.11938 31.09107 52.07734 58.89363 48.09176 48.09176 61.78651 65.60114 68.59858 0 14 
0.1129204 0.02068167 0.07975494 0.0308891 0.05122676 0.06206712 0.07681588 0.09313566 0.1146639 0.1444262 0.1848295 NaN 0.05051542 77.18045 165.9243 226.7627 281.4656 314.853 350.5877 379.0663 402.0289 446.6946 508.9786 15 
0.0004853656 0.04832985 0.04675098 0.02683618 0.03871179 0.06059621 0.06755534 7.641452e-06 0.09135267 0.1550151 0.1619456 5.275627e-08 3.52696e-09 27.95286 37.30777 57.8139 44.02537 44.02869 57.73454 51.27888 58.19545 1.864135 2.335716 16 
0.001102258 0.03536148 0.05110675 0.0320098 0.0479233 0.06412449 0.08531619 0.1105304 0.1190166 0.1738643 0.2064898 2.439463e-12 0 37.06496 47.00105 58.44937 64.95818 60.73716 67.92691 66.1509 67.77587 5.266357 6.456945 17 
0 0.0501942 0.04637899 0.02730067 0.04461124 0.05550517 0.06206681 0.07353496 0.09648244 0.1313247 0.1199651 0.0005589728 3.785624e-12 25.90396 41.83661 41.83887 41.96805 48.06652 51.70722 46.41181 46.49536 46.49466 6.601773e-11 18 
0.002935316 0.03243106 0.05828024 0.03510513 0.06087838 0.08400411 0.09958501 0.1257045 0.1360179 0.2051848 0.3585014 NaN 0.2759337 45.79056 71.33534 74.47082 80.32066 76.02297 87.01108 94.98031 96.33884 16.75266 21.12888 19 
0.1047634 0.03328301 0.08344503 0.01848489 0.0256909 0.03793414 0.04585051 0.06113834 0.08210323 0.08077635 0.1040193 NaN NaN 36.82519 61.53874 97.04992 115.3725 148.7867 138.4479 161.8225 210.2805 185.7877 223.5509 20 
1.171734e-06 0.03653862 0.05179993 0.03622974 0.05489112 0.06946541 0.06667658 0.0003504545 0.110167 0.1811572 0.2975202 NaN 0 39.46609 51.72775 52.29779 51.28033 51.27894 68.07646 73.01403 76.18236 0.005109712 0.006919676 21 
0 0.04039614 0.05608707 0.02538531 0.05283041 0.0702901 0.08464263 0.1067929 0.1391763 0.1471686 0.216683 0.4125461 8.67261e-06 29.50764 60.20064 63.90665 69.91445 74.42064 68.48453 74.35515 80.70727 77.12801 8.528782e-07 22 
0.0002970485 0.01755612 0.06487767 0.03618526 0.06572894 0.07167442 NaN 0.007457602 0.1408847 NaN NaN 0.2536344 0 59.58936 87.53052 82.31588 84.08668 79.25028 109.0278 108.9836 0 2.410594 2.969037 23 
3.863449e-15 0.03821676 0.04947914 0.03022492 0.04529113 0.05737934 0.07887024 0.1131431 0.1231166 0.1278707 0.1537318 0.3322611 0.0001320055 31.86246 42.87612 47.00699 64.95616 60.37965 56.05681 54.56473 68.18035 71.30591 8.762851e-05 24 
NaN 0.04530289 0.06328877 0.02133452 0.03986583 0.05943791 0.0803266 0.1034542 0.1117933 0.1570184 0.2522345 0.3566662 8.799528e-06 25.37917 46.46929 65.58282 75.65474 69.11428 76.41122 85.46086 82.41651 79.95357 0 25 
0.1009622 0.08726648 0.09598503 0.008693393 0.01296867 0.01459319 0.01672173 0.02300628 0.02586837 0.03266083 0.04171634 0.05710658 5.246037e-06 18.26155 30.06733 31.13045 35.47408 49.30292 43.06129 56.74149 53.04836 59.01507 59.2792 26 
0.0003514583 0.0368604 0.04795494 0.03311075 0.0474297 0.06547582 0.08906029 0.1011628 0.102681 NaN 0.1723767 2.887315e-10 0 35.01499 41.67967 57.00828 55.72837 58.7285 48.51238 48.51708 61.4674 1.573854 1.931257 27 
2.224809e-15 0.02492995 0.05401398 0.02939595 0.05225489 0.08023098 0.09994993 NaN 0.1284175 0.2730471 0.2633523 3.361005e-16 0 39.9942 61.4704 83.68705 63.00861 63.00861 97.40296 90.77588 101.8962 1.78747e-09 1.88051e-09 28 
2.496391e-08 0.03826874 0.06571321 0.02867236 0.04797455 0.07067243 0.09369284 0.1060421 0.1489737 0.1957922 0.2528893 0.3731149 2.962165e-05 37.24126 58.50845 79.6674 75.61448 90.44934 93.49846 93.28071 94.5633 93.17204 0.0001549717 29 
0.1065362 0.03434815 0.1035437 0.01433242 0.02426177 0.02721535 0.02864332 3.229424e-27 0.0417954 0.05784883 0.07452836 0.1066585 7.750218e-06 34.82348 68.73782 75.42632 76.34532 90.24146 144.5418 132.4067 147.1385 155.2845 174.4921 30 
3.384904e-12 0.03641745 0.0546886 0.03480307 0.0509986 0.07228431 0.09935362 0.1125273 0.1414352 0.1850163 0.3112457 6.091356e-14 0 39.00088 48.80961 66.84744 65.02691 67.58313 69.16061 74.87009 73.75904 0.0001343271 0.000135083 31 
1.864134e-22 0.04688178 0.04688972 0.02560013 0.03732826 0.05523768 0.07108073 0.08190425 0.0992357 0.1189051 0.1705113 0.3192743 1.160321e-13 24.95906 34.30148 49.57076 49.05379 50.59368 49.963 52.88687 58.54829 55.88158 7.509439e-07 32 
4.347294e-14 0.06345231 0.04883325 0.03271301 0.03567783 0.04630917 0.05941946 0.07334531 0.08819218 0.1149925 0.181718 0.3430574 2.783169e-05 31.95153 32.02759 44.44911 51.14014 51.64413 50.74135 58.08224 60.06979 52.56458 4.040035e-06 33 
NaN 0.03325791 0.05041618 0.03735608 0.0545734 0.06629666 0.07445569 0.08483028 NaN 0.1984779 0.483969 NaN 0 42.19588 50.6219 51.65501 55.1715 65.95521 65.95521 82.98655 76.19224 0 0 34 
0.1018742 0.1057204 0.09316456 0.01003228 0.01328828 0.01520769 0.01832529 0.02163877 0.02525233 0.0301345 0.03865116 0.05346697 6.333972e-06 15.40306 23.154 24.72111 29.83753 32.61048 34.19975 37.39979 41.12985 38.77386 47.03177 35 
3.640086e-08 0.0333177 0.05722907 0.03564566 0.05008496 0.06877304 0.09273796 0.1117478 0.1623214 0.2007542 0.3768698 0.5584582 2.909249e-05 43.50335 50.5119 71.28719 71.73094 86.56071 84.7152 96.43254 92.56769 87.61728 0.0002918575 36 
0.0805006 0.1380381 0.09582129 0.009271502 0.01102785 0.01292125 0.01622686 0.01850599 0.0216031 0.02575937 0.0353187 0.04794145 1.834538e-05 12.57227 15.92539 17.72417 21.477 21.6203 23.84084 25.00802 30.41371 27.33866 28.94459 37 
NaN 0.03699394 0.04768997 0.02590703 0.0386328 0.05361725 0.06948794 0.08254961 0.1118252 0.1891361 0.1558198 0.003052427 NaN 25.83544 34.16515 45.99875 48.61329 51.72876 64.97275 58.14955 52.69507 52.69253 0 38 
1.573403e-14 0.04375637 0.04904929 0.03144427 0.044012 0.0537614 0.06705176 0.08938317 0.09410623 0.1284541 0.1321704 0.2061105 7.524922e-05 34.03307 43.3627 44.43445 56.4849 51.1375 56.58178 52.64683 57.01645 65.5909 3.906197e-05 39 
0 0.02600893 0.05201948 0.03505846 0.059668 0.08271201 0.1045322 0.1171839 NaN 0.1337251 NaN NaN 0 43.96204 63.00121 70.14116 80.0946 62.95111 62.95111 74.36699 74.35506 6.18831e-11 1.486976e-12 40 
NaN 0.02660307 0.0556995 0.04043797 0.06279058 0.07961253 0.0754252 NaN 0.124017 0.188488 0.2849048 0.344571 3.558693e-06 57.48466 72.23213 72.73328 74.61953 74.62313 95.59363 103.1359 101.9969 100.2817 0 41 
1.69227e-10 0.03908063 0.05355782 0.02164938 0.04989762 0.06674146 0.08004294 0.1181874 0.1178694 0.1649023 0.2462831 7.682421e-12 1.628479e-12 23.37708 52.25176 48.05028 66.80763 58.541 64.3719 67.48246 69.86381 0.0002103146 0.000212328 42 
0.000166289 0.01736781 0.05445298 0.04150639 0.07338016 0.1025226 0.112107 0.1320592 0.1647971 NaN NaN 0.002875441 0 60.83876 81.23266 82.42891 86.02385 103.9393 87.45691 87.45735 0 1.217856 1.507495 43 
1.506533e-11 0.08982573 0.05352205 0.02619792 0.04072569 0.04461315 0.05448231 0.06796363 0.08566843 0.1139964 0.1380265 0.2586204 1.885104e-05 25.81887 46.19559 46.36452 53.45344 56.97431 57.58088 47.81655 57.15734 49.70519 2.553216e-06 44 
0.0006984683 0.04926251 0.04575499 0.0239526 0.03618675 0.05552259 0.07488343 0.09789215 0.1325765 0.1995923 0.1785214 4.216441e-11 2.57222e-05 22.05299 31.32381 47.32609 52.37319 56.33627 55.80829 46.18988 46.62545 2.355 2.923563 45 
NaN 0.02701304 0.0570442 0.03437488 0.05416031 0.06190898 NaN 0.0957432 0.1520447 0.296194 0.3785322 0.3910985 2.511338e-05 45.73261 60.93082 65.5997 65.5997 83.40023 108.8666 105.3126 100.5236 104.3524 0 46 
NaN 0.03113095 0.05315622 0.03519619 0.05126187 0.07201506 0.1032122 0.09425436 0.0009160346 0.1627383 0.2650555 NaN 0 42.61873 49.05779 71.52371 70.19771 63.5305 63.52684 77.96121 85.11807 0 0 47 
0.1396429 0.03921612 0.0772555 0.03947379 0.03862417 0.05017666 0.06965314 0.08350143 0.1111509 0.1590792 0.1873097 NaN 0 53.84314 83.36804 127.519 181.9151 222.9292 275.4661 297.2455 374.1958 379.5539 456.3972 48 
0.1047709 0.07253898 0.09966994 0.01058021 0.01023016 0.01896995 0.0195134 0.02419365 0.02772855 0.03139914 0.03929953 0.05868699 2.346524e-05 28.40128 29.52487 58.68603 48.35082 64.50636 56.50763 68.10628 69.86728 84.62876 66.77706 49 
0.0004071198 0.0444645 0.05292675 0.02481946 0.05043198 0.06614021 0.08167076 0.1102239 0.135761 0.1130274 3.002433e-06 7.285509e-10 0 27.12995 54.0356 55.06137 66.32173 64.73827 58.24885 51.52305 51.53115 1.691666 2.081129 50 
NaN 0.03107889 0.0518874 0.03205542 0.05073185 0.071868 0.09862006 0.1126702 0.1482132 0.1155543 NaN NaN NaN 39.78923 53.33123 69.84999 69.46646 73.47599 66.49254 66.67732 66.67655 0 0 51 
NaN 0.02153523 0.06093124 0.03476027 0.05998505 0.08706109 0.1207154 0.1240645 NaN 0.4019359 0.5791229 0.001436867 NaN 52.67324 75.71444 96.20445 93.70701 113.7713 113.7713 126.5247 130.9569 0.08627017 0 52 
0.1424589 0.06552672 0.09955228 0.01124478 0.01686467 0.01743239 0.02191773 0.02511251 0.03660321 0.04295513 0.05398799 0.07885318 0 22.50171 42.21449 43.16501 59.70199 64.81496 92.04892 74.26565 111.6491 107.9284 104.4225 53 
7.538668e-12 0.03186305 0.05114225 0.0329289 0.05389401 0.07520855 0.09922931 0.1236906 0.1669217 0.1785452 0.2183739 3.44769e-14 0 39.22888 55.85453 66.91799 70.61723 74.66725 70.04477 70.21314 74.98209 2.019725e-05 2.027263e-05 54 
0.002838939 0.03675021 0.05788554 0.03243509 0.05990231 0.08147623 0.08642654 0.114976 0.1615604 0.2259374 0.3110333 7.455326e-06 0.0005484169 37.43713 64.6483 59.36625 68.17101 77.4687 80.26126 79.13475 79.19061 14.04829 17.32448 55 
0.0004306148 0.03609738 0.05393375 0.03453076 0.04868456 0.06005897 0.08708532 0.1332772 0.1432098 0.197815 0.1916562 NaN NaN 41.03285 46.84375 55.45125 78.07488 71.8661 73.13137 65.9401 77.98216 2.16474 2.686023 56 
0.1192922 0.06107198 0.09088449 0.01099316 0.01245284 0.01889749 0.01962165 0.02275836 0.02847213 0.03736895 0.0482171 0.06785004 2.40707e-05 24.50175 32.10086 51.0356 43.40256 58.67585 68.70237 80.16622 79.70823 93.74046 95.62081 57 
0 0.04551246 0.0424937 0.02430668 0.03936906 0.05215883 0.06491027 0.07850514 0.09412298 0.1029586 0.1331705 NaN 0 22.49872 35.22436 41.36174 44.03332 44.47989 39.99131 48.16564 42.38442 42.38455 1.920398e-14 58 
0 0.04782317 0.05486413 0.02298589 0.03864553 0.05988707 0.08219405 0.1087369 0.1117236 0.1339929 0.2075114 0.3571144 4.01611e-18 25.53895 42.18814 63.0923 72.91789 64.01041 61.78585 69.96271 72.25726 68.43859 1.273619e-11 59 
0 0.03621921 0.05137315 0.03529312 0.04702094 0.06638163 0.09487688 0.1211516 0.1388982 0.1554849 0.01976665 1.868067e-12 0 38.4812 39.38207 63.11632 68.16335 65.46666 69.13966 61.79001 61.76347 5.827188e-10 2.128264e-14 60 
NaN 0.03347478 0.0511106 0.02359444 0.03922893 0.05713322 0.0636184 NaN 0.08238819 0.1232683 0.147064 0.00113453 1.423687e-05 28.44354 42.59215 57.98938 48.24202 48.24242 64.01898 72.07313 64.32691 64.32758 0 61 
NaN 0.01626798 0.07198364 0.04820723 0.06917986 0.000131923 0.1253044 0.2571491 0.2307437 0.0001322841 0.001626312 0.002069632 0 97.54047 95.7396 95.57953 169.1098 170.9412 143.3937 142.7903 0 0 0 62 
NaN 0.06626187 0.04854481 0.03200682 0.03439659 0.0390546 0.04653165 0.05319095 0.067407 0.08850348 0.1027923 0.1678618 1.666049e-05 31.57208 28.44764 35.34903 34.4382 38.32323 42.96872 40.07108 46.63926 47.36934 0 63 
0.140156 0.0440112 0.07703069 0.03662193 0.0423506 0.05012841 0.06032846 0.07310509 0.09252824 0.1428121 0.2389116 NaN 0.1821523 48.88816 85.51748 122.7277 164.7632 212.3439 247.6526 358.5401 375.4165 442.2762 537.6999 64 
NaN 0.03065527 0.05679738 0.02186404 0.04214471 0.05752944 0.06997047 0.08905335 0.1035644 0.1387986 0.1353628 NaN NaN 31.05946 55.48836 60.90429 72.20693 74.09766 83.52384 84.79005 82.61553 82.61555 0 65 
0.0003067947 0.05446488 0.0435057 0.02626545 0.04442514 0.05623576 0.06608933 0.07206167 0.1024329 0.1723931 0.1811769 7.988311e-10 2.680494e-06 23.97902 40.70846 43.35954 40.04436 41.20921 54.94369 45.79201 44.2548 1.051613 1.310178 66 
0.130466 0.03577233 0.0838617 0.03454607 0.03305185 0.04015185 0.05817879 0.06873395 0.08462362 0.1060977 0.1662916 NaN NaN 48.53217 68.59937 101.7385 154.9254 187.413 224.1443 259.4263 344.7634 335.5279 417.7314 67 
0.07549489 0.02631307 0.09605458 0.04990273 0.05771354 0.1062265 0.1184624 7.844414e-07 0.1900953 0.5109664 0.05862211 NaN NaN 92.69423 122.437 238.3028 214.4154 281.9628 420.2136 490.7813 414.2726 537.2294 654.9154 68 
NaN 0.04320856 0.05183991 0.0252311 0.04671611 0.06599784 0.07775116 0.09609652 0.1563908 0.1724666 0.3857029 NaN NaN 27.67076 25.53102 0 0 0 0 0 0 0 0 69 
NaN 0.02305396 0.06189145 0.03295714 0.05609581 0.07426899 0.08615023 0.09887835 NaN 0.1552116 0.004012492 NaN 0 49.74296 70.05535 71.14912 89.71635 85.28771 85.28765 98.12314 98.12039 0 0 70 
0.06835007 0.02622373 0.07218765 0.03295013 0.04442695 0.05581702 0.0001559739 0.08445943 0.1239245 0.2067383 NaN NaN NaN 50.09513 71.12502 104.5631 123.4174 154.2553 204.8196 214.3789 225.1331 275.1625 342.4407 71 
0.1018833 0.06981348 0.08038851 0.01170017 0.01289531 0.01604777 0.02097436 0.02549184 0.02958549 0.03815025 0.04863536 0.07305646 1.060159e-05 19.0623 23.98545 31.02287 39.18392 43.62196 44.91036 57.30162 53.95174 67.80077 54.38875 72 
0.0001350638 0.04010937 0.04317026 0.02761557 0.04252245 0.05307791 0.07236885 0.1048945 0.1272402 0.1080086 NaN 1.846376e-09 1.835784e-08 24.80113 34.476 35.31158 51.09487 49.54948 45.13336 39.39573 39.396 0.4797542 0.5910507 73 
NaN 0.05272526 0.0428851 0.02557375 0.03604295 0.0435442 0.0561582 0.07215879 0.06726375 NaN 0.09719499 0.009256024 3.039829e-05 24.81994 33.47521 34.60356 45.88383 43.04567 40.24491 40.25363 42.18338 42.12784 0 74 
5.385459e-05 0.03380349 0.05252368 0.03074118 0.04949192 0.06743996 0.08681511 0.1083891 0.1221754 0.2202124 0.2602812 1.25195e-05 0 35.23035 49.70568 59.03256 63.76588 59.14621 76.19046 71.99668 71.87727 0.2544246 0.3114153 75 
NaN 0.02462463 0.04820119 0.03979263 0.06379224 0.08491316 0.1137897 0.1517277 0.1917386 0.1584958 NaN NaN NaN 48.97031 59.94587 69.64671 75.28721 74.69633 68.63462 51.34538 42.13277 0 0 76 
0.000179947 0.03731824 0.05026432 0.02859568 0.04833164 0.0649691 0.06436274 0.0003255926 0.08835289 0.1211252 0.1593145 4.745674e-06 0 34.42347 52.83209 56.66674 47.82521 47.82603 58.65969 61.79462 71.6842 0.8086011 1.010946 77 
0.2723972 0.07927899 0.09389654 0.04612855 0.05253489 0.04762319 0.07370631 0.08744196 0.1389929 0.1704627 0.3475631 NaN 0.6348079 40.29613 88.29073 121.7493 220.5335 313.4122 392.2333 576.6709 681.3616 874.5964 1084.927 78 
4.372902e-06 0.03227375 0.05337999 0.02581275 0.04043355 0.06289653 0.08729054 0.1156992 0.1900891 0.2099169 0.226389 0.3415833 3.406139e-06 32.7394 45.11781 70.3769 73.51653 95.1806 88.46741 84.05718 87.80054 87.81603 0.02599924 79 
0.0002911675 0.02814136 0.06849489 0.04241622 0.06542081 0.08641915 0.1161387 0.1457674 0.1493786 NaN 0.3640399 2.078837e-06 0 58.451 71.05599 86.95205 93.36027 97.96844 91.1705 91.17275 103.0756 2.00798 2.419898 81 
0.0007730406 0.05099189 0.04347338 0.02463707 0.03732323 0.05353352 0.07184416 0.09609919 0.09081312 0.1274812 0.1581382 NaN NaN 22.76832 32.82275 44.63416 49.99245 40.26516 45.77647 44.23992 45.04947 2.549719 3.183974 82 
NaN 0.02904735 0.0544189 0.03907921 0.06051834 0.07822519 0.0964518 0.1272095 0.2014478 0.2412932 0.8088205 NaN NaN 45.18767 57.0723 63.31704 69.74581 83.27519 78.59386 94.37623 85.59749 0 0 83 
7.739768e-12 0.03596178 0.05259654 0.02870233 0.04857423 0.07096106 0.09596287 0.1082194 0.1306066 0.1692927 0.2054739 5.248118e-14 0 32.58843 50.18709 65.19277 63.42336 64.34925 66.09422 63.82504 76.43709 0.0001346353 0.0001348215 84 
0.0003512882 0.02688765 0.05835628 0.03349751 0.05623169 0.07617359 0.1205963 0.2254367 NaN 0.2476325 1.359162e-06 NaN 0 45.492 64.36238 71.7753 116.03 80.25711 80.47864 98.56067 1.790514 2.253213 2.792438 85 
NaN 0.0278708 0.05498368 0.0282274 0.04964858 0.07158593 0.09545828 0.1014464 0.001243529 0.1373827 0.3840986 NaN 0.03016696 36.74666 56.49647 69.56921 73.96228 53.76668 53.47339 93.09886 88.31099 0 0 86 
0.1001743 0.02412474 0.08865594 0.02008356 0.03059978 0.03964946 0.0464085 0.05717242 0.07180481 0.07984983 0.114776 NaN 0.2303578 51.14915 93.40184 127.2903 140.0704 179.9702 179.5094 211.655 265.3341 225.6028 281.9261 87 
0.09594309 0.01726453 0.123451 0.02455479 0.02763273 0.03390218 0.0390937 0.05642151 0.06831064 0.08504216 0.1129581 NaN 0.178786 115.1404 157.5867 203.6392 217.7494 315.4024 294.1583 294.9977 379.1736 279.0112 350.2179 88 
4.389951e-13 0.04991401 0.05777611 0.03114834 0.0423892 0.05535181 0.07535937 0.1057297 0.1469132 0.2057618 0.1980599 0.3607762 3.176653e-05 33.1805 42.38548 53.37278 67.83499 80.15686 79.24739 67.45993 73.79905 77.20511 4.890638e-06 89 
0.000384924 0.02502658 0.05137179 0.03051908 0.04832902 0.06112214 0.07321495 0.0951221 0.1476774 0.160564 0.1700504 NaN NaN 40.02281 50.31998 55.64775 62.06344 77.94541 75.15948 73.17783 85.57682 1.914466 2.396857 90 
5.811358e-09 0.0306734 0.05515997 0.03408005 0.05742292 0.0791968 0.09894438 0.09841069 NaN 0.1819971 0.2486514 NaN 3.24441e-05 43.84615 66.63433 76.49483 78.2519 79.72069 79.72069 96.1961 82.02521 82.02521 4.269677e-05 91 
0.06858337 0.02153204 0.07449773 0.04082536 0.06316589 0.08246847 0.1159693 0.1585747 0.149435 NaN NaN NaN 0.2212801 70.22675 123.1766 161.9896 228.7607 257.6425 288.1926 359.4644 365.6334 451.9172 562.043 92 
0.1418402 0.0733843 0.08787208 0.01017833 0.02083316 0.01814832 0.02270382 0.03238971 0.0353136 0.0433702 0.05018776 0.07822822 0 16.69985 40.79169 29.17533 53.38203 69.61256 65.16931 70.81526 91.7009 99.19474 87.0902 93 
0.1086182 0.08592024 0.08778906 0.01223272 0.01307017 0.01688042 0.02064632 0.02283713 0.02609104 0.03352878 0.04455503 0.063024 4.053997e-06 23.25863 29.35721 38.5524 43.4303 40.84145 49.22168 56.43957 57.7897 56.60714 59.72479 94 
0.1102733 0.02920144 0.07273638 0.03437555 0.03078827 0.04911784 0.05209847 0.07316921 0.09482514 0.09999484 0.1285682 9.831704e-05 0.0558137 58.02507 55.95509 127.7425 138.7219 196.7312 196.3936 229.4949 281.287 279.5607 333.9394 95 
1.154176e-08 0.04433476 0.05738152 0.02518326 0.04351991 0.05747758 0.0755372 0.08352038 1.917641e-11 0.1379782 0.2300871 0.2539233 2.828762e-05 29.75416 49.88602 57.52542 71.59057 66.6689 66.6689 77.3984 73.35984 76.07755 6.171711e-05 96 
0.06877119 0.1125106 0.08239242 0.01014259 0.009901754 0.01440729 0.01518898 0.01987938 0.02281721 0.02774482 0.03797867 0.05244754 0 17.81963 17.6234 26.38997 22.94064 31.14428 28.56702 32.03692 37.1174 31.03763 34.09688 97 
0.1240234 0.0970519 0.1056053 0.009830558 0.01319522 0.01525766 0.01892711 0.02124256 0.02567556 0.03175376 0.04039524 0.05260484 0 14.75133 23.38585 26.14531 33.45044 33.384 44.09025 45.86107 45.96412 56.34921 59.81586 98 
0 0.04022401 0.05214008 0.03495426 0.06325921 0.08498146 0.08967549 0.1231222 0.1481675 0.2598582 0.4194124 0 2.035347e-22 36.1577 62.28791 54.20326 66.92559 62.36999 77.15447 74.85531 73.97218 1.257701e-14 NaN 99 
0.000357712 0.04356573 0.04623504 0.02316502 0.03529838 0.04571451 0.05832508 0.08169911 0.1206588 0.1287123 0.1612307 7.798341e-09 4.691539e-08 23.30285 32.14022 37.93619 45.18995 57.48259 51.33851 50.43834 55.40697 1.192942 1.519303 100 
0.08812765 0.101018 0.08320511 0.01091468 0.01155709 0.01369994 0.01807596 0.02027684 0.02559302 0.03138538 0.03993978 0.054647 2.703276e-05 18.35224 21.01776 24.85677 31.19062 29.5613 37.6523 37.12379 39.16732 41.49892 41.79362 1 
