1 0.01254425 0.4763982 0.2784979 1 0.9999999 0.9972788 1 1 1 1 1 1 1753.929 3507.859 8051.749 8051.749 8051.749 8051.749 8051.749 8051.749 8051.749 8051.749 6297.82 1 
0.9999962 0.1621841 0.1452305 0.08308959 0.1514456 3.369547e-15 0.2212949 0.1842963 0.262958 6.32719e-18 0.4056783 0.04750515 1 111.0266 222.0527 407.6032 407.6016 637.6692 786.8695 960.5181 960.5145 1157.965 1171.703 1336.227 2 
0.9999783 0.1739824 0.1007802 0.09460616 0.1446792 0.2276527 2.284007e-10 0.159656 0.2937933 0.3056404 0.4649191 0.9999949 0.9997782 109.2516 218.5008 369.7659 573.3437 573.3313 683.5928 854.1024 979.3655 1111.668 1263.936 1154.804 3 
0.9999995 0.2933899 0.07377165 0.04266743 0.109648 0.05901744 0.1198423 0.2729121 2.864019e-12 0.3061493 0.3864079 0.7356643 0.9999996 40.92055 81.84109 182.513 230.7577 322.9428 507.7139 507.7137 658.4199 790.4003 944.5786 959.0584 4 
0.9999969 0.1642985 0.1639452 0.1196222 0.1109396 0.1677404 0.226435 0.06699982 0.1824894 0.5050824 0.421962 0.9999585 0.998858 140.0494 280.0983 394.4445 548.1552 720.8454 760.3707 860.8172 1088.095 1182.066 1310.79 1170.764 5 
1 0.1270122 0.1637724 0.1003618 0.1505152 0.1892972 1.356277e-88 0.1585075 0.3008402 0.4217853 6.916329e-31 0.6639294 0.9999998 141.7702 283.5404 474.8181 679.1725 679.1725 817.8964 1039.455 1256.634 1256.634 1454.304 1412.591 6 
0.9999978 0.1257472 0.1535133 0.07539079 0.2024496 0.1380987 0.08930417 0.2809368 7.774021e-151 2.464697e-54 0.4432232 1.249701e-188 1 111.3738 222.7474 499.2754 649.7168 733.5668 973.7916 973.7894 973.7873 1246.307 1246.304 1477.287 7 
1 0.198966 0.1189757 0.1348633 0.02599522 0.1444005 0.2193226 0.08132536 0.05483964 0.4000379 0.3011869 0.2442098 1 155.8679 311.7359 337.728 478.3579 661.1102 714.0128 746.7851 972.7388 1074.804 1132.636 1155.748 8 
1 0.1743022 0.1166939 0.09070887 0.1066442 0.2019357 4.255206e-201 0.2305654 0.1729722 0.401898 2.662989e-95 0.411909 0.9999999 109.0519 218.1037 334.6836 531.8913 531.8913 711.5891 815.3173 1014.64 1014.64 1136.825 1202.218 9 
0.9999908 0.1913459 0.1153939 0.09861404 0.08751742 0.1255331 0.1092808 0.1596953 0.1127902 0.1899365 0.3490853 0.4862209 0.9999999 120.2531 240.505 336.7001 462.6044 558.4474 683.2005 757.2374 867.8542 1032.545 1181.855 1219.432 10 
1 0.1344254 0.1680784 0.1255517 0.1367724 0.146506 0.1528743 0.2363567 0.3763651 0.1925695 0.7677557 0.9999968 0.9999948 163.7212 327.4423 483.4029 627.6136 756.0466 924.259 1128.805 1194.072 1404.179 1467.735 1304.014 11 
0.9999783 0.08464559 0.1721101 0.1222535 0.1364129 0.1107542 0.266252 0.09011546 0.1860006 0.3092489 0.5221423 0.9994924 0.9988967 224.5322 449.0594 668.9581 823.1323 1152.73 1234.562 1388.267 1596.292 1838.909 2060.827 1836.612 12 
1 0.0162693 0.4555593 0.2449907 0.999997 0.9700056 0.64723 0.1985841 0.9887319 0.9967522 0.9970934 0.9991712 0.9979844 1229.424 2458.847 6247.658 6247.669 6247.669 6247.669 6247.668 6247.668 6247.668 6247.668 5018.246 13 
0.9999971 0.1705662 0.1212026 0.0662964 0.1020503 0.1570904 0.1244053 0.1399596 0.1159852 0.245523 0.3568168 8.171448e-06 0.9999998 87.97722 175.9542 302.3992 477.178 593.8472 708.7741 790.684 943.9654 1112.035 1112.034 1327.029 14 
0.9999974 0.2677336 0.0713097 0.07563901 0.09593007 0.13237 0.1443635 0.08443909 0.2232268 0.3589993 7.100653e-12 0.4081044 0.9999999 78.47702 156.9538 248.9545 363.7243 472.3239 526.6737 658.2245 822.5612 822.5591 942.307 1037.52 15 
0.9999787 0.1705845 0.1168831 0.09479703 0.1284094 0.1489436 0.08658348 0.1664401 0.2069518 0.3848128 0.7079357 0.9996633 0.9972627 105.5676 211.133 340.5715 471.4271 536.1594 649.8268 767.6353 941.3621 1137.976 1219.048 1113.617 16 
1 0.1976154 0.1503863 0.07919405 0.1459779 0.08892109 0.1613382 0.09836174 0.4490472 1.729876e-20 0.4902947 0.5654885 1 91.13299 182.266 336.9474 417.4158 550.4347 618.4473 898.4018 898.4018 1066.812 1165.816 1150.755 17 
1 0.1148428 0.1384524 0.1117168 0.0541631 0.2090528 0.2740848 0.1584762 7.328448e-10 0.5080689 9.800464e-28 0.9999816 0.9993868 165.4931 330.9861 402.2577 662.4443 932.2564 1045.503 1045.503 1351.031 1351.031 1646.85 1481.362 18 
0.9999987 0.08584211 0.1845935 0.09150858 0.1496635 0.1349608 0.1852475 0.08588695 0.4035005 3.183442e-09 0.1549817 0.5707214 0.9999998 174.7848 349.5693 609.2727 808.4131 1044.863 1134.18 1517.762 1517.76 1605.641 1879.112 1910.037 19 
0.9999938 0.9999999 0.01739995 0.02029757 0.05110461 0.07714627 0.09779188 0.1503502 0.1934167 0.2397959 0.3020144 0.5240397 0.9999999 14.9999 29.99971 66.99927 119.9984 181.9978 267.9971 361.996 455.9937 545.9911 654.9877 739 20 
0.9999991 0.08349247 0.1998984 0.19433 0.1033009 0.1322458 0.2049343 0.2074443 0.1740582 0.4740459 1.699863e-06 0.9999984 0.9999982 347.4382 694.8762 843.6742 1014.488 1244.183 1429.041 1551.972 1828.5 1828.499 2135.306 1787.878 21 
0.9999992 0.04313036 0.2188337 0.1448009 0.140983 0.2848745 0.2882227 2.449181e-08 0.0004003707 0.5466287 2.074221e-07 0.999722 0.9989897 440.6169 881.2336 1248.113 1884.925 2345.678 2345.676 2346.13 2967.861 2967.859 3483.375 3042.915 22 
0.9999997 0.2333731 0.1040518 0.07625224 0.09722512 0.1024502 0.07339747 0.1064945 0.2586415 0.4395561 0.4349715 0.9999997 0.9999448 77.16766 154.3353 245.2249 331.6874 387.2848 462.0319 624.2363 828.6016 941.9421 1089.171 1012.005 23 
0.9999963 0.1566863 0.1450796 0.05902459 0.1927865 0.02178731 0.1240402 0.2842929 0.1495401 0.1405277 0.4767855 0.3075853 1 76.61514 153.23 388.6999 410.1794 529.8089 769.9841 860.4001 932.66 1143.379 1214.501 1298.021 24 
0.9999941 1 0.02485882 0.0353461 0.05038209 0.07556241 0.1252162 0.1272364 0.1708418 0.2252751 0.2943254 0.5075365 0.9999986 24 47.99986 80.99984 127.9992 199.9977 263.9965 338.9946 420.993 503.9904 604.9875 679 25 
0.9999933 0.9999991 0.01544862 0.02584978 0.06983141 0.0705712 0.1179313 0.1318679 0.1983123 0.2394719 0.2906571 0.4926888 0.9999996 18.99959 37.99905 87.99813 134.998 207.9967 279.9953 373.9937 464.9907 548.9879 649.986 735.0001 26 
0.9999978 0.1883352 0.1364692 0.1096626 0.04783371 0.08097631 0.2225808 0.04027458 0.2569762 0.2051099 0.4720903 0.5256238 0.9999999 132.7963 265.5924 317.1641 400.2924 610.2867 639.8251 820.7146 927.9914 1124.261 1239.622 1210.953 27 
0.9999994 0.2668992 0.06876651 0.1092741 0.1004359 0.0658897 0.1890154 0.1068783 0.1993507 0.2548127 0.3552097 1 1 108.7078 217.4156 306.4127 358.9341 499.673 564.2114 671.7235 781.7515 896.0477 1103.523 994.8179 28 
0.08795974 1 0.2125661 0.02341588 0.03667114 0.08052667 0.1003181 0.1345131 0.1799593 0.2294266 0.2880259 0.4863656 1 16.99993 18.49524 27.62667 57.42977 68.05134 81.98575 95.21166 100.375 97.82906 115.6056 726 29 
0.7830158 0.1972173 0.1741569 0.06202471 0.0708484 0.06628345 0.0985425 0.168857 0.2913626 3.159629e-25 0.491575 0.3032784 1 101.423 180.8389 250.2656 290.4235 358.5321 483.2849 668.9021 523.761 757.4091 702.0011 1635.204 31 
1 0.1724317 0.08541355 0.1126638 0.1031537 0.1249772 0.1595647 0.1943805 0.04285562 0.2026208 2.661547e-79 0.6783318 1 145.0421 290.0842 407.9214 535.9616 679.0063 825.4572 851.4694 969.1841 969.1841 1283.419 1287.388 32 
0.9999954 0.1328002 0.156683 0.09926148 0.1432031 0.1370423 0.240457 0.07586652 0.1246194 0.4810341 0.2894048 0.4341969 0.9999999 135.5909 271.1811 447.3779 591.8469 810.5968 863.0156 942.5888 1211.475 1295.424 1384.923 1365.997 33 
0.9999932 0.3069065 0.07432272 0.07627971 0.1041596 0.08044266 0.155077 0.1557037 0.1425844 0.4023922 0.3681877 0.4855374 0.9999999 71.7235 143.4465 233.9129 296.5021 407.4557 501.5809 574.3532 750.4476 846.7348 926.9583 940.2696 34 
0.9999878 0.1414345 0.1411823 0.1376512 0.07580986 0.09653101 0.2308795 3.526019e-06 0.3761284 0.1665792 0.283653 0.4804682 0.9999999 190.9604 381.9185 472.6064 579.3277 809.9456 809.9384 1098.897 1178.725 1292.018 1429.49 1387.278 35 
0.9999999 0.1183961 0.1345079 0.1160998 0.190688 0.1713464 1.305064e-13 0.1323825 0.2546983 0.3114011 0.442266 2.745624e-05 1 177.4275 354.855 612.4372 799.7569 799.7569 919.6825 1119.869 1302.285 1480.684 1480.69 1528.232 36 
0.9999943 0.1740424 0.1116961 0.08925934 0.0954704 0.1890191 5.339048e-17 0.1330366 0.255364 0.2583753 0.1494126 0.4374035 1 114.9556 229.9106 341.8891 542.4266 542.4235 656.8862 847.3693 990.8805 1052.424 1205.68 1287.883 37 
0.1500225 1 0.161275 0.02040859 0.05357127 0.0833336 0.09605396 0.1309303 0.1899548 0.2183288 0.2724148 0.4454993 0.9999999 14.00029 16.10065 38.41533 58.76332 64.81525 78.72405 98.80968 95.82381 93.37616 108.0089 686 38 
0.9999587 0.169642 0.1235061 0.1097348 0.08254425 0.2051809 0.1409765 0.140491 0.1809408 0.4095849 0.05280157 0.9999064 0.9987114 129.7404 259.4754 346.3481 544.4737 652.6569 745.2611 847.7708 1037.852 1052.279 1311.792 1182.308 39 
0.9999991 0.3308178 0.05078351 0.04218898 0.1100091 0.1219639 0.1230485 0.1330632 0.2728713 0.3011566 0.3456393 1 1 36.29413 72.58823 163.2336 252.6739 331.904 407.0398 540.6178 647.8142 733.7926 896.5666 860.2752 40 
0.9999998 0.1004192 0.158892 0.09082566 0.103298 0.2147445 0.1373987 0.1691323 0.0967215 0.2386252 0.4458822 0.5452979 1 149.4059 298.8117 453.3009 741.2902 885.9832 1039.622 1112.623 1275.307 1506.752 1663.594 1644.974 41 
0.9999961 0.1966708 0.09070839 0.07642475 0.07954881 0.2057023 0.1690307 0.1918972 0.0764965 0.2678618 0.1892464 0.5992157 0.9999998 86.47875 172.9572 256.091 453.9634 583.1125 704.9489 744.1948 871.1127 936.7605 1105.291 1131.554 42 
0.9796139 0.1065297 0.1666422 0.09847644 0.1228555 0.06567057 0.2155806 0.2087021 0.1533453 0.2960818 6.694525e-81 0.699025 1 169.0125 334.5795 517.8482 596.4175 857.6248 1047.733 1147.07 1320.992 1294.062 1595.583 1716.274 43 
0.9999954 0.1142687 0.1633595 0.1279373 0.1194522 0.1156762 0.2734526 0.1266656 0.29691 0.7257554 0.9988885 0.995086 0.985948 175.0913 350.1818 492.744 614.3077 868.4381 953.9609 1129.041 1429.938 1543.508 1543.627 1368.571 44 
0.9999998 0.1276479 0.1460266 0.09783506 0.146388 0.07132465 0.1728595 0.1278458 0.2389469 0.2556472 0.2136372 0.7447028 1 141.06 282.1201 472.5349 551.7294 729.9726 839.0124 1016.756 1161.482 1251.507 1498.277 1441.815 45 
0.9999926 0.1433635 0.1115267 0.1297006 0.07726206 0.1596986 0.1077776 0.1463961 0.2572512 0.3059624 0.3478056 0.425944 0.9999996 167.4685 334.9357 421.7544 587.3432 681.2467 795.0504 965.7549 1116.552 1235.521 1330.541 1291.192 46 
0.9999977 0.1347528 0.1298185 0.1154426 0.1853784 0.1485182 0.09156597 0.1922175 0.3781496 0.2317382 0.4514707 0.2953108 1 155.9016 311.8028 533.249 677.7738 753.6432 898.328 1128.255 1215.874 1347.017 1394.069 1350.468 47 
0.9999999 0.01355909 0.4028971 0.2859347 1 0.8847292 0.1324614 0.670747 0.9896573 0.9989083 0.9997788 0.999865 0.9982029 1770.171 3540.342 7960.992 7960.991 7960.991 7960.991 7960.99 7960.99 7960.989 7960.989 6190.821 48 
0.9999999 0.4540319 0.06217832 0.05966596 0.07110842 0.09723345 0.0833149 0.1749911 0.176051 0.3111604 0.238642 0.4994562 0.9999999 52.88962 105.7792 165.0509 240.3356 298.5713 410.6963 503.7607 639.289 710.8885 824.9791 886.4288 49 
1 0.01229753 0.4265511 0.2400296 1 0.9994698 0.9216007 0.8388969 0.9955559 0.9998244 0.9999603 0.9999971 0.9999962 1626.452 3252.903 8402.498 8402.498 8402.498 8402.498 8402.498 8402.498 8402.498 8402.498 6776.046 50 
0.999998 0.1540051 0.163579 0.1360911 0.04760092 0.1885209 0.1870322 0.1973212 0.3031447 3.892248e-06 0.2488392 0.9999968 0.9999999 175.3869 350.7735 403.7698 603.6695 764.6025 902.6327 1072.846 1072.845 1170.209 1464.12 1288.747 51 
1 0.1767619 0.1104567 0.124234 0.1450979 0.213704 0.09656685 0.006658764 0.3762352 0.4071691 0.1763021 0.3937299 0.9999999 147.1555 294.3109 444.8278 634.347 701.6841 705.8789 941.319 1100.253 1141.05 1216.098 1184.503 52 
0.9999974 0.1234796 0.1719382 0.1054397 0.1088537 0.1021413 0.2268922 0.151418 0.2667081 0.2829827 0.05018966 0.3396879 0.9999999 162.0188 324.0372 473.6648 598.7819 848.3246 977.0718 1169.51 1319.234 1338.271 1460.669 1536.602 53 
0.9999912 0.1870018 0.1050127 0.05169126 0.1691864 0.06445343 0.1657037 0.1744384 0.2508727 6.351282e-09 0.3503576 0.4459229 1 64.19534 128.3901 327.6405 390.7022 542.382 675.5966 833.7623 833.7549 999.2263 1136.042 1241.899 54 
0.9999883 0.2846806 0.07526907 0.08498057 0.04191351 0.1614392 0.1111723 0.1668418 0.1899532 0.3147443 0.1343725 0.5093474 0.9999999 84.34986 168.6987 206.7638 347.2395 428.356 536.5584 639.1943 776.9545 817.2498 949.4876 992.5782 55 
0.9999807 0.4675518 0.04579381 0.05466261 0.06120566 0.09900996 0.1002098 0.1537477 0.1836562 0.2559921 0.2509893 0.4629875 0.9999999 47.08032 94.15973 143.9921 219.67 288.6797 383.9485 480.2515 589.8313 669.7616 780.2011 861.2892 56 
0.9999941 0.1864875 0.1138466 0.1050254 0.1392375 0.07032968 0.2681126 0.1621308 0.2339369 0.2030943 0.3972257 0.4769491 0.9999999 112.6572 225.3137 358.9816 417.0956 623.0635 714.2183 824.4205 897.7099 1011.944 1094.619 1072.666 57 
0.9999894 0.1137305 0.1801981 0.1355914 0.09968209 0.2195367 0.1147633 0.1414515 3.286965e-05 0.4165809 0.3066824 0.04604469 1 202.2991 404.5961 533.1496 788.0523 892.0438 1005.508 1005.52 1292.415 1415.629 1428.442 1491.977 58 
0.999987 0.1256463 0.1698939 0.1241469 0.1724479 0.1384219 0.1923653 0.02290721 0.4061134 2.234473e-09 0.3362402 1 0.9999999 175.1585 350.3147 563.4107 704.9588 874.4393 890.7286 1173.084 1173.069 1311.896 1585.961 1410.897 59 
0.9999998 0.162991 0.151521 0.1083239 0.1007936 0.0873682 0.06160497 0.1795196 0.1875403 0.2008207 0.2406733 0.2652025 1 147.2982 294.5965 416.8083 512.0643 573.3629 740.9855 884.6612 1009.658 1129.377 1229.547 1359.794 60 
0.9999922 0.2041397 0.1011619 0.082594 0.1334208 0.134885 0.1963477 0.05071577 0.2559586 0.2766418 0.3081672 0.9999997 0.9999994 88.21541 176.4301 307.1605 421.6908 565.9208 595.8563 739.2928 854.6374 947.5789 1156.239 1068.061 61 
0.9999877 0.1872284 0.09059545 0.05813872 0.1539952 0.1181706 0.2439746 7.723065e-07 0.2767433 5.524063e-15 0.3921741 0.2341589 1 69.46418 138.9275 312.2222 424.7215 629.542 629.5348 805.179 805.1692 985.1903 1050.515 1194.801 62 
0.9999999 0.08149318 0.1677478 0.2040469 0.2088846 0.07818216 0.298575 0.103471 0.3017293 0.133622 0.9999999 0.9999999 0.9999969 368.233 736.466 1036.511 1125.355 1438.12 1514.146 1712.906 1774.369 2172.881 2172.881 1804.649 63 
0.9999997 0.1252228 0.1594973 0.0955936 0.1585742 0.1472839 0.1888506 0.22998 0.2619097 0.275091 0.6030288 9.679653e-10 0.9999996 127.819 255.638 447.4 597.2653 761.1236 922.9841 1064.924 1174.961 1349.818 1349.818 1337.108 64 
0.9999914 0.2083504 0.08179234 0.08144844 0.1164738 0.1549566 0.1621621 1.347525e-07 0.2721542 0.2695178 0.2829747 0.5357685 0.9999986 91.23264 182.4645 302.3022 443.1638 567.7315 567.7267 742.8856 869.1364 965.9625 1097.413 1120.127 65 
0.9999549 0.1143651 0.1529178 0.1195831 0.1377843 0.2154137 0.1102068 0.1741624 0.2644128 0.1970554 0.4792847 0.9999482 0.9989582 174.9366 349.8653 527.3089 766.5002 862.4861 997.4676 1166.709 1259.459 1440.642 1637.473 1462.887 66 
0.9999572 0.114652 0.1767456 0.1537566 0.0644468 0.1519142 0.1593084 0.1826773 0.3988146 0.2536005 0.6402632 0.9998895 0.9981309 218.1241 436.2389 513.5892 684.1881 835.903 982.1506 1243.129 1342.86 1530.839 1636.412 1418.633 67 
1 0.3683182 0.06289923 0.0426131 0.09905498 0.06962898 0.1576949 0.093573 0.2133206 0.2585285 0.3289543 0.4580708 1 38.03213 76.06425 160.7034 214.3057 327.2507 383.7014 500.3513 611.565 716.4901 814.5358 892.4985 68 
0.9999945 0.1094108 0.119058 0.09764526 0.120052 0.1643533 0.1973603 0.08260478 0.1723365 0.2901193 0.3149031 0.2159704 1 155.4265 310.8521 483.2834 691.0046 899.4455 969.4662 1103.486 1290.22 1434.101 1501.7 1591.746 69 
0.8561803 0.08674587 0.2290892 0.09579484 0.09877949 0.1502974 0.197627 0.1471397 0.2826216 0.3380529 0.4358895 1 1 242.1072 449.3947 610.4981 832.2353 1058.385 1112.771 1291.179 1395.897 1443.014 1556.27 2527.351 70 
0.9999671 0.1020321 0.1625562 0.1247492 0.1214477 0.1182 0.2547632 0.2103645 0.2979955 0.137738 0.5133398 0.9995135 0.998623 196.0787 392.151 559.2143 702.0558 973.5513 1140.601 1327.457 1388.056 1582.891 1767.5 1571.783 71 
0.9999675 0.2297152 0.1188338 0.08324424 0.07864664 0.1266475 0.122409 0.08996395 0.182363 0.2700494 0.2158335 0.2963375 1 95.81187 191.6206 274.5993 397.714 501.6327 568.6504 692.2899 841.9906 929.3123 1023.327 1150.973 72 
0.9999917 0.259451 0.08693883 0.07168916 0.07287547 0.1416157 0.08952147 0.0858714 0.2534841 0.3045854 0.1884622 0.4129437 1 73.26732 146.534 215.6732 340.2374 407.8269 466.8556 626.1452 769.0278 830.5043 939.8249 1022.014 73 
1 0.02039943 0.4119605 0.3162998 6.94349e-30 0.9999996 0.605434 1 1 1 1 1 1 1386.883 2773.767 2773.767 5771.594 5771.595 5771.595 5771.595 5771.595 5771.595 5771.595 4384.712 74 
0.9999999 0.1210175 0.1686842 0.1919636 7.996082e-14 0.156889 0.2014527 0.2416265 0.2104402 0.6912886 4.485032e-88 0.999299 0.9977387 259.5651 519.1303 519.1302 690.5461 876.1197 1053.861 1171.258 1475.747 1475.746 1611.628 1352.158 75 
0.9999963 0.1454649 0.1423194 0.08935388 0.11239 0.1101982 0.2389067 0.1581784 0.1408232 0.206225 4.801621e-40 0.6750437 1 116.9113 233.8221 367.7335 484.276 709.095 822.3828 907.2861 1014.112 1014.108 1291.678 1308.407 76 
1 0.08278673 0.1803985 0.1110404 0.1519059 0.1241997 0.2968209 0.05392625 0.3912229 0.9999512 0.9954185 0.9991648 0.9981697 181.2475 362.4951 582.9134 735.7537 1055.656 1096.524 1377.027 1813.493 1813.514 1813.514 1632.267 77 
0.9455391 0.08951458 0.2163157 0.1195749 0.0806276 0.1171799 0.2225534 0.1218664 0.3188664 1.042451e-10 0.5968554 0.9999775 0.9995531 245.81 478.233 598.115 760.5241 1046.032 1128.242 1386.58 1311.066 1647.371 1833.033 2055.7 78 
0.9999982 0.1874036 0.09010372 0.07716303 0.1386271 0.1673727 3.357166e-06 0.1653439 0.2658954 0.1356345 0.574493 0.237328 0.9999995 90.75658 181.513 331.9799 488.4632 488.465 617.1771 789.9397 854.6332 1091.486 1133.119 1176.167 79 
1 0.01841583 0.416873 0.3040784 1.401775e-13 1 0.9997534 1 1 1 1 1 1 1479.888 2959.775 2959.775 6346.683 6346.683 6346.683 6346.683 6346.683 6346.683 6346.683 4866.796 80 
0.9999981 0.2108914 0.1309116 0.1057873 0.09181866 0.08263109 0.1609363 0.181379 0.3432455 0.1783932 0.6089553 0.9999978 0.9999558 109.1148 218.2294 302.917 372.1325 495.8009 612.7471 793.9175 855.7556 1029.189 1140.56 1031.454 81 
0.9999963 0.08390617 0.1299498 0.1664695 0.07821217 0.1820924 0.1487144 4.061099e-08 0.191545 0.4935485 1.475975e-08 0.9999841 0.9995542 309.9575 619.9139 741.2962 1001.796 1175.803 1175.799 1366.591 1764.039 1764.032 2171.863 1861.948 82 
0.9999993 0.2622084 0.07115762 0.0754356 0.1070664 0.1359231 0.1519221 0.2003869 0.2927971 0.2588819 0.4864307 0.9999995 0.9998747 76.31106 152.6221 252.7606 366.2773 475.9099 598.5475 741.8326 831.4266 956.1896 1087.913 1011.605 83 
1 0.1731073 0.1215384 0.07334852 0.1175933 0.05833026 0.1851516 0.2071949 2.434765e-14 0.1553852 0.5852416 0.4929186 1 92.46488 184.9298 322.2974 382.4237 562.1439 726.0236 726.0236 823.4602 1133.421 1241.699 1260.624 84 
0.9999487 0.1548512 0.1177317 0.09617353 0.1228988 0.1319476 0.1610741 0.1273325 0.3328014 0.2166618 0.4389568 0.9999683 0.999411 116.2844 232.5629 366.858 493.3135 627.309 716.158 918.8448 1006.853 1146.549 1325.101 1209.111 85 
0.9999846 0.1073043 0.229728 0.09878735 0.1794101 0.1226838 0.09673179 0.2015216 0.1880848 2.590814e-09 0.4589425 1 1 158.48 316.9576 576.3392 721.8809 822.5518 1012.001 1153.179 1153.162 1432.869 1762.621 1604.254 86 
1 0.5055063 0.04701836 0.05334745 0.05153896 0.06662836 0.1105898 0.1604493 0.199291 0.2298511 0.2859577 0.5104216 1 43.54788 87.09576 126.9229 175.757 251.4112 349.0355 450.8372 544.8502 634.9282 749.7354 816.3067 87 
1 0.01198147 0.4515811 0.9999998 0.99736 0.9498154 0.5846005 0.7902906 0.9793728 0.9994179 0.9998324 0.9985518 0.9985391 6472.527 12945.05 12945.05 12945.05 12945.05 12945.05 12945.05 12945.05 12945.05 12945.05 6472.528 88 
0.9999981 0.17269 0.1052382 0.09427091 0.08562808 0.09504188 0.2113076 0.04855723 0.1680575 0.2982655 0.3810431 0.4741461 1 115.8614 231.7226 327.0403 423.7777 618.4141 653.6884 769.8478 941.3594 1095.117 1213.539 1229.026 89 
0.9999982 0.1664148 0.1602285 0.08216335 0.0894994 0.1610812 0.09433043 0.07415868 0.2587103 0.1691451 0.2959937 0.4114445 1 108.2036 216.4071 324.5872 501.8644 588.956 650.9649 851.2491 948.3172 1089.449 1227.561 1316.933 90 
0.9999995 0.1523394 0.160724 0.07828384 0.1456476 0.08854251 0.06451337 0.2533801 0.2037511 0.3585327 0.4529068 0.3808154 1 105.0641 210.1281 390.298 483.8746 546.0188 774.3484 911.4329 1103.506 1259.146 1330.741 1342.091 91 
1 0.1042431 0.1571121 0.1286116 0.1559488 0.118854 0.2108922 0.2046872 0.163123 3.72802e-05 0.4001878 0.3920779 1 201.5166 403.0333 615.9573 752.9272 967.0781 1131.094 1235.05 1235.07 1448.494 1573.914 1566.862 92 
0.9999974 0.1406871 0.1275397 0.07450046 0.1780747 0.1052943 0.1275181 0.2919977 0.2146024 0.3813954 0.2139805 0.3766386 1 99.55073 199.1012 419.3243 526.3515 642.3203 874.0101 994.5668 1162.843 1221.244 1302.044 1336.243 93 
0.9999891 0.3683734 0.05696421 0.0742316 0.09368619 0.04804317 0.1095618 0.1905053 0.184815 0.1711483 0.3985061 0.3338621 0.9999989 67.90379 135.8068 215.1437 252.0151 332.0626 455.9998 553.3274 626.7981 768.5954 840.0453 914.7558 94 
0.9999978 0.1347377 0.1626414 0.1486759 0.2608668 9.351541e-07 0.0552111 0.3175216 0.1187747 0.3300765 0.5258771 0.9999978 0.9999944 185.6191 371.2377 648.5023 648.5016 691.8738 927.5438 987.7072 1135.046 1292.304 1434.085 1248.481 95 
1 0.1003248 0.1952901 0.126605 0.1812421 0.108994 0.06077913 0.2244367 0.2976485 0.200395 0.6741976 2.351969e-72 0.9999988 199.4192 398.8384 648.1748 770.9427 831.9409 1043.496 1261.093 1363.986 1640.786 1640.786 1575.128 96 
1 0.1718023 0.09913446 0.06879265 0.1287871 0.11622 0.3044221 0.1439274 0.09890446 0.2372766 0.4654723 4.565833e-11 1 81.51957 163.0391 305.1536 416.884 675.533 760.5927 810.6315 918.804 1080.658 1080.658 1185.004 98 
0.9999888 0.2550558 0.08820532 0.07767197 0.08463978 0.1054659 0.1619681 0.1885294 9.809249e-11 0.3844613 0.3376741 0.5239071 0.9999999 78.45274 156.9046 235.7532 325.6866 449.2343 569.7489 569.7425 769.1724 876.9852 987.7736 1010.052 99 
0.9999981 0.08525484 0.2265769 0.0973911 0.1864615 0.2193564 0.1924675 0.2223698 0.2814724 0.5983265 0.9999992 0.9979118 0.9924194 164.2629 328.5256 612.3882 884.0612 1070.143 1243.756 1414.645 1675.657 1850.881 1850.878 1686.632 100 
0.9999977 0.1447648 0.1370564 0.125645 0.1165966 0.1815812 0.1476582 0.05960886 0.2846804 0.06012415 0.5225149 0.999998 0.99999 165.8512 331.7021 466.271 651.4062 774.6169 817.0108 1007.413 1036.176 1271.13 1485.835 1319.999 1 
0.9999831 0.1007193 0.1568978 0.1030627 0.09944285 0.2703615 0.0961371 0.3312119 7.095375e-16 0.5184602 0.1156815 0.9994786 0.9982625 168.8406 337.6783 483.7931 841.5464 934.3535 1223.383 1223.362 1525.937 1558.423 1806.803 1638.232 2 
