0.01650606 0.05159187 0.02172704 0.009156813 0.011352 0.0112572 0.01403615 0.01589689 0.01753591 0.02172111 0.02725801 0.03576193 2.836152e-05 10.10835 11.61041 10.16191 11.63226 11.15153 10.43181 11.05832 11.00548 11.46716 11.14597 1 
0.01590813 0.05359709 0.02280385 0.009065024 0.01089046 0.01265499 0.01331724 0.01544841 0.01927469 0.02321676 0.02850471 0.03685252 3.177904e-05 9.972277 11.0923 11.47631 10.52346 10.83385 11.55575 11.02884 10.41938 10.13458 11.2739 2 
0.01577149 0.04903758 0.02315122 0.009381906 0.0109059 0.01248586 0.01348096 0.01653242 0.01919177 0.02344351 0.0292871 0.0382919 3.837242e-05 10.21683 10.93279 11.17691 10.57962 11.4391 10.89662 10.92323 10.49927 10.45558 10.2959 3 
0.01404446 0.02132369 0.0272051 0.009486721 0.01055668 0.01139521 0.01350464 0.01473624 0.01836414 0.02112553 0.02723522 0.03541491 6.96234e-05 9.646682 9.80767 9.537455 10.09053 9.473214 10.25967 9.430505 10.0835 9.682549 9.98261 4 
0.01540598 0.04643715 0.02556867 0.009343121 0.0109569 0.01177883 0.01327903 0.01527981 0.01938871 0.02287671 0.02862117 0.03736754 1.051393e-14 9.964794 10.74559 10.2987 10.38899 10.42646 11.40071 10.46579 10.36908 10.28884 10.22964 5 
0.01680647 0.05557051 0.02447977 0.01005692 0.01119085 0.01208308 0.01409869 0.01637113 0.0189232 0.0227138 0.02883049 0.0375968 3.961302e-05 11.28918 11.4374 11.0632 11.5085 11.45638 11.10156 10.98836 11.1592 11.63077 10.26425 6 
0.01720569 0.06108325 0.020202 0.01020262 0.01132115 0.01247554 0.01396995 0.01585231 0.0188799 0.02264388 0.02889016 0.03802614 3.79837e-05 11.98952 12.0733 11.88965 11.75031 11.54495 11.73357 11.49022 11.81215 11.6798 11.29952 7 
0.01509501 0.05497894 0.01971517 0.009009363 0.01121101 0.01118672 0.01267445 0.01529144 0.01857837 0.02172016 0.02782483 0.03633037 1.829366e-05 9.787856 11.25579 9.886126 10.23609 10.86402 11.20327 10.48982 11.01366 10.37245 10.88324 8 
0.0134622 0.02783675 0.02788055 0.009934437 0.009848371 0.01125604 0.01352763 0.01582963 0.01828535 0.02149298 0.02789153 0.03614022 1.794952e-14 10.15605 9.114751 9.548051 10.1872 10.24515 9.89805 9.518658 10.19472 10.06962 9.137338 9 
0.01338339 0.02679863 0.02706353 0.008855053 0.01103908 0.01128049 0.01313532 0.01496624 0.01851653 0.02130652 0.02691294 0.03500077 1.729763e-05 9.002222 10.34748 9.345299 9.822703 9.706299 10.33819 9.451531 9.759223 9.795827 10.02422 10 
0.01301842 0.02209819 0.01999499 0.008737754 0.01086664 0.01123669 0.01240043 0.01511499 0.01854423 0.02212283 0.02722122 0.03542762 3.248454e-14 8.873137 10.19968 9.359241 9.318955 10.04108 10.45217 9.954808 9.532208 9.848031 9.759581 11 
0.01533222 0.0432244 0.02385903 0.008968878 0.01099836 0.01268511 0.01392214 0.01583152 0.01816428 0.0227961 0.02734099 0.0358815 2.308508e-05 9.549473 10.84232 11.07526 10.60028 10.48348 10.1581 10.70164 9.660879 10.62673 10.38648 12 
0.01495687 0.04285201 0.0199549 0.009230358 0.01096072 0.01169505 0.01350278 0.01551113 0.01965565 0.01993093 0.02541675 0.03352629 3.670847e-05 9.788866 10.70077 10.1658 10.51926 10.46027 11.38487 8.717263 9.744671 10.42959 11.38357 13 
0.01416702 0.04922083 0.02269 0.009832356 0.01097007 0.01263135 0.01348556 0.01538869 0.01633802 0.02145612 0.02768673 0.03620523 8.135156e-15 10.39824 10.50803 10.79522 10.00671 10.01413 8.989244 10.42197 10.81526 10.43939 9.931005 14 
0.01453315 0.04042416 0.02556857 0.009243523 0.01020904 0.01116113 0.01281367 0.01610665 0.01765363 0.02195121 0.0267215 0.03484875 4.276378e-05 9.718356 9.872495 9.786433 10.0781 11.13259 9.924224 10.51154 9.802811 10.78382 10.00879 15 
0.01740692 0.05927048 0.01866125 0.009164966 0.0113817 0.01221654 0.01342365 0.01583354 0.01774258 0.02244123 0.02827176 0.03719714 6.95161e-15 10.83822 12.5004 11.79921 11.63457 12.07064 11.33447 12.31587 12.0087 12.1285 11.7746 16 
0.01323687 0.02889099 0.0247824 0.00901691 0.01022432 0.01179867 0.01345883 0.01427272 0.01740455 0.01993272 0.02526352 0.03277989 1.567284e-05 9.208163 9.60902 9.998303 10.05571 9.211792 9.839474 9.227737 9.766995 9.897739 10.85849 17 
0.01611693 0.05401657 0.02508166 0.008651105 0.01133914 0.01214142 0.01431347 0.01601668 0.01906569 0.02205962 0.02882194 0.03773911 1.671109e-15 9.541817 11.66732 10.92774 11.53971 10.96428 11.12151 10.32638 11.28948 10.19909 10.97604 18 
0.01327186 0.02433835 0.02543721 0.008981158 0.01076836 0.01161805 0.01354237 0.01502355 0.01802175 0.02103749 0.02803721 0.03706813 2.727094e-05 9.078637 10.02324 9.634124 10.01794 9.572037 9.881414 9.40339 10.72414 9.458262 9.469298 19 
0.01390446 0.03993613 0.01861609 0.009093811 0.01076107 0.01198118 0.01322429 0.01442655 0.01704525 0.02041919 0.02658341 0.03466215 2.530014e-05 9.464018 10.31078 10.23728 10.00143 9.538072 9.808494 9.85615 10.71963 10.22036 10.59617 20 
0.01510192 0.04894015 0.02167032 0.009703704 0.01082738 0.01203735 0.01325619 0.01566161 0.01703136 0.02133237 0.02701306 0.03519864 6.569734e-05 10.45118 10.63205 10.60063 10.32544 10.69673 9.737506 10.53789 10.67413 11.14481 10.32435 21 
0.01518485 0.05832184 0.02189451 0.009719656 0.01101402 0.01168574 0.01313011 0.01590255 0.01847796 0.02275243 0.0283978 0.03708007 3.593572e-05 10.66966 11.01074 10.41621 10.48419 11.13042 10.77735 11.01187 10.59238 10.75887 10.32946 22 
0.01294086 0.02792361 0.02317362 0.009501047 0.01019908 0.01258519 0.0141276 0.01596577 0.01894717 0.02167091 0.02816149 0.03666192 9.146429e-05 9.695724 9.481802 10.57936 10.22062 9.902166 9.913713 9.075486 9.855982 9.464398 9.572823 23 
0.01737594 0.06284096 0.02379378 0.009201721 0.01047509 0.01156903 0.01374752 0.01520149 0.01726622 0.02173419 0.02744509 0.03602999 5.860666e-05 10.50958 11.1013 11.09092 11.83388 11.22896 11.02378 11.85756 11.76247 11.9104 11.59715 24 
0.01397294 0.03493423 0.01957489 0.008398354 0.01087199 0.011913 0.01277987 0.0152091 0.01778798 0.0208383 0.0265066 0.03445511 1.549122e-14 8.789397 10.60494 10.26659 9.791555 10.29693 10.17114 9.808731 10.24185 10.08367 10.68011 25 
0.01874966 0.06397437 0.02535399 0.009746345 0.0110598 0.01208253 0.01356572 0.01645052 0.01942265 0.02428225 0.02966324 0.03890643 5.89817e-05 11.69586 12.23754 12.00283 12.05143 12.81562 12.54256 12.9261 11.51709 12.16426 11.70425 26 
0.01498777 0.0455722 0.02729164 0.008781046 0.01044693 0.01158702 0.01177276 0.01529658 0.01797079 0.02157448 0.02681999 0.03484534 1.687616e-05 9.137659 10.09676 10.0632 9.148637 10.76347 10.53521 10.41032 10.23584 10.14859 10.80976 27 
0.01805828 0.05972109 0.02599068 0.008862643 0.01088057 0.01204673 0.01452168 0.01556676 0.01826509 0.02205402 0.02767227 0.03638542 1.50393e-05 10.28183 11.80341 11.64681 12.56782 11.33611 11.62782 11.57695 11.59049 11.87598 11.89147 28 
0.01862986 0.06298313 0.02009825 0.009511971 0.01101415 0.01131024 0.0136458 0.01560515 0.01851197 0.02188328 0.02747608 0.03597987 2.571118e-05 11.61698 12.45093 11.45011 12.67476 12.42926 12.65715 12.24509 12.46365 12.30945 13.32646 29 
3.526685e-06 0.006057407 0.02589837 1.07641e-09 0 0 0 0 0 0 0 0 0 1.851147e-06 0.006064982 0.01819495 0.03032491 0.04245487 0.05458484 0.0667148 0.07884476 0.09097473 0.1031047 30 
0.01358568 0.02344115 0.02646669 0.009102561 0.01014368 0.01202332 0.01331219 0.01465025 0.01799977 0.02105525 0.02665609 0.03446271 1.918521e-05 9.213719 9.458786 10.13351 9.834866 9.440523 10.05413 9.532059 9.850764 10.43102 9.493462 31 
0.01646096 0.05785001 0.0213893 0.009505024 0.01071539 0.01185918 0.01254144 0.01627782 0.01825123 0.02222284 0.02897736 0.0384497 2.263102e-05 10.81427 11.21291 11.16975 10.51787 12.26844 11.12851 11.4431 12.11508 10.9137 11.0066 32 
0.018574 0.07500606 0.02717679 0.009967837 0.01146995 0.01248216 0.01504876 0.01626723 0.01823808 0.0234493 0.02892045 0.03781415 2.379002e-05 11.88881 12.52706 12.07382 12.98171 11.63028 11.24242 12.37829 11.40437 11.59383 12.07946 33 
0.01845877 0.06247459 0.03039787 0.009593743 0.01042054 0.01164308 0.0137917 0.01465897 0.01735074 0.0217562 0.02691573 0.03514964 1.378853e-05 11.00213 11.02695 11.23641 11.88701 10.82261 11.3221 11.94807 11.47133 11.6252 12.36871 34 
0.01687476 0.0594291 0.02400687 0.009525942 0.01055031 0.01256396 0.01292672 0.01513444 0.01851671 0.02291459 0.0285952 0.03743723 2.154653e-05 10.93061 11.13688 11.99716 10.69798 11.26007 11.77136 11.90773 11.35165 11.23765 11.30936 35 
0.01607796 0.05229956 0.02367403 0.009009613 0.01142426 0.01204738 0.0131586 0.01626997 0.01762084 0.02160423 0.02784921 0.03648686 5.224221e-15 9.886688 11.61766 10.73007 10.53733 11.48457 10.16808 10.72004 11.21256 10.73785 11.0002 36 
0.01611247 0.04831557 0.0174112 0.008832579 0.01054288 0.01203644 0.01382049 0.0160282 0.01917572 0.02177294 0.02714205 0.03566191 3.448795e-05 9.82849 10.94996 11.23943 11.44005 11.49516 11.61959 10.51649 10.78234 11.99165 10.74405 37 
0.01462301 0.03767996 0.02354572 0.009359867 0.009655887 0.01147504 0.01281692 0.01418262 0.01821705 0.02170885 0.02547023 0.03366012 2.534115e-15 9.720182 9.236971 10.07345 9.960065 9.694552 10.93263 10.3772 9.401768 10.5458 10.79601 38 
0.01467286 0.04449534 0.01967367 0.009020363 0.01024912 0.01209833 0.01308481 0.01490615 0.01695589 0.02171782 0.02718 0.03536618 2.363173e-05 9.728218 10.21623 10.88604 10.31199 10.3495 10.06118 11.04444 10.65757 10.34334 10.92643 39 
0.0128457 0.02458797 0.02187818 0.01002153 0.01082775 0.01173587 0.01421085 0.01584931 0.01866671 0.02249127 0.0286748 0.03726653 0.0001142042 10.12223 9.84199 9.571368 10.28691 9.709359 9.713373 9.571894 9.768939 9.632911 9.077409 40 
0.01601741 0.05604285 0.022853 0.01043726 0.01114049 0.01245578 0.01346259 0.01548939 0.01986861 0.02360257 0.02994761 0.03908237 1.234403e-14 11.4645 11.01021 11.08494 10.50974 10.622 11.77804 10.83056 10.92457 9.944979 10.74179 41 
0.01530074 0.05221803 0.02464793 0.009147612 0.01010658 0.01132336 0.01334329 0.01443318 0.01826698 0.02190063 0.02878594 0.03862686 5.389511e-05 9.940565 10.14215 10.32895 10.88359 10.15924 11.32712 10.86766 11.86012 10.05292 10.28731 42 
0.01576532 0.04940322 0.02063328 0.00927734 0.01026669 0.01221132 0.01353373 0.01490609 0.0185591 0.02124845 0.02572988 0.03408607 2.565042e-05 10.17792 10.39556 11.21065 10.86311 10.44841 11.31783 10.29893 10.14333 11.29117 11.40028 43 
0.01516305 0.05257025 0.02152532 0.009707928 0.01015957 0.01213246 0.01383327 0.01514378 0.01798692 0.02121902 0.02760484 0.03588449 3.206858e-05 10.53605 10.06577 10.96486 10.91509 10.29591 10.57503 10.2447 11.09849 11.20522 9.990919 44 
0.01596848 0.05967118 0.02010155 0.009216212 0.01055568 0.01200816 0.01378602 0.01524348 0.01826153 0.02250106 0.02801513 0.03665577 4.074315e-05 10.31069 10.9061 11.16656 11.33945 10.80943 11.195 11.36854 10.9511 11.13884 10.97768 45 
0.01640909 0.05856385 0.0225322 0.009091237 0.01064086 0.01202593 0.01290342 0.01443413 0.01704151 0.02126391 0.02614315 0.03427926 6.076664e-05 10.11828 10.97619 11.13139 10.57748 10.49891 10.76762 11.3787 10.94424 12.07047 11.1857 46 
0.0161961 0.05936666 0.02558692 0.009562368 0.01043068 0.01085752 0.01187359 0.01472276 0.01708887 0.01945954 0.02575728 0.03362531 5.361327e-05 10.45238 10.45219 9.876783 9.814938 10.89946 10.73784 10.19428 11.63395 11.10154 11.78892 47 
0.02164555 0.07358919 0.03353608 0.009382126 0.01156202 0.01265846 0.01352993 0.01556839 0.01925343 0.0232679 0.02871415 0.03764571 2.528724e-05 11.75214 13.55338 13.04162 12.46736 12.76941 13.53451 13.08979 12.61053 12.74013 13.39033 48 
0.01277534 0.02300968 0.01796216 0.008427826 0.01026615 0.01158012 0.01278826 0.01404453 0.01615227 0.02159527 0.02684846 0.03481241 1.493414e-14 8.580618 9.726614 9.846403 9.653205 9.309392 9.310886 10.85771 10.05943 10.2759 9.595555 49 
0.01643613 0.04905242 0.02446101 0.009873972 0.01070729 0.01224474 0.01377987 0.01650832 0.01951341 0.02169964 0.02889464 0.03790018 2.621578e-05 10.99884 10.89323 11.26927 11.14523 11.61223 11.3748 10.058 11.54421 10.23771 11.12021 50 
0.01706819 0.05780827 0.02305416 0.007713488 0.009835034 0.0121616 0.01268587 0.01467058 0.01776337 0.02073383 0.02628128 0.03452535 2.654428e-05 8.773892 10.63626 11.93128 10.85343 11.31447 11.77674 11.18798 11.69132 11.98763 11.88482 51 
0.01252825 7.925792e-06 0.02300414 0.008659306 0.01061182 0.01241058 0.01186954 0.01471474 0.01750654 0.02221195 0.02735272 0.03544463 0 8.676625 9.833177 10.23157 8.549566 9.568929 9.680004 10.31194 9.502278 9.870711 9.279863 52 
0.01423286 0.04502825 0.02276033 0.009612534 0.01072551 0.01115016 0.01300423 0.01516937 0.01801064 0.02252202 0.02721748 0.03553984 3.226721e-05 10.0589 10.22836 9.557092 10.05926 10.2272 10.35757 10.77358 9.720845 10.3186 10.3102 53 
0.01218803 1.199247e-05 0.02384492 0.00833353 0.01062266 0.0122935 0.01347683 0.01552038 0.01878753 0.02239281 0.02828215 0.03666997 7.591827e-10 8.275197 9.813044 10.09296 9.658234 9.671511 9.924875 9.487499 9.506352 9.528562 8.977997 54 
0.01714221 0.05533341 0.02465775 0.009104813 0.010561 0.01180979 0.0142688 0.01507053 0.01814015 0.02104468 0.02651546 0.03477014 9.283091e-16 10.23923 11.03178 11.11559 11.98892 10.69968 11.34931 10.6995 11.12377 11.38954 11.9818 55 
0.01308002 0.02909106 0.02284258 0.00846521 0.01040157 0.01141991 0.01297327 0.01500342 0.01769707 0.02094113 0.02466012 0.03277661 4.713006e-15 8.619983 9.845805 9.6778 9.818987 9.912463 9.957749 9.680311 8.987824 10.4374 10.46347 56 
0.01406542 0.02114075 0.02771116 0.009172259 0.01008804 0.01156916 0.0133842 0.01559811 0.01853075 0.0225413 0.02810442 0.03653489 2.709432e-05 9.241851 9.372578 9.749674 10.00173 10.09974 10.12551 10.02964 9.686261 9.72556 9.484964 57 
0.01687117 0.05669524 0.01972561 0.009234211 0.01001932 0.01138856 0.01367037 0.01488292 0.01830577 0.02215568 0.02790627 0.03655234 0.000108419 10.54807 10.61782 11.05825 11.88331 11.10244 11.99414 11.77534 11.73997 11.42372 11.85448 58 
0.01556814 0.04955576 0.0269898 0.009327323 0.009517227 0.01235406 0.01391206 0.01582122 0.0196606 0.02327501 0.02934344 0.03835707 3.406583e-05 10.03347 9.453174 11.308 10.96941 10.7965 11.44981 10.53672 10.49143 10.25445 9.968416 59 
0.02527584 0.03677338 0.02935736 0.01181646 0.01364366 0.01583455 0.01809675 0.01940467 0.02348599 NaN 0.03467239 0.05170775 2.749612e-05 24.43761 25.86024 27.58983 27.58226 25.18029 27.37703 14.40855 32.53524 25.52497 27.40764 60 
0.01749474 0.05640546 0.03128315 0.008811346 0.01096352 0.01204062 0.01337048 0.01604691 0.01812132 0.02168082 0.02811192 0.03685989 3.057527e-05 9.72498 11.29459 11.01367 10.93097 11.52019 10.79713 10.83523 11.5184 10.72393 11.25012 61 
0.01544549 0.05238735 0.01919388 0.009046408 0.01078536 0.01187899 0.01336877 0.01576856 0.01771339 0.02283863 0.02892137 0.03794276 5.779825e-05 9.883726 10.91284 10.73621 10.7721 11.10653 10.45301 11.57257 11.09916 10.50289 10.59747 62 
0.01873185 0.06307083 0.03107701 0.009197849 0.009958657 0.01120339 0.01369185 0.01590434 0.01801385 0.0220758 0.02772653 0.03572819 8.648528e-05 10.52333 10.60819 10.96991 12.0587 12.01049 11.46922 11.863 11.68702 10.8918 12.59961 63 
0.01533215 0.0525159 0.02340465 0.009681865 0.01078603 0.01185672 0.01343649 0.01555816 0.01938632 0.02241748 0.02776554 0.03627578 2.644423e-05 10.38313 10.56359 10.4366 10.51899 10.60304 11.3159 10.21209 10.17733 10.40072 10.73152 64 
0.01219944 1.26958e-05 0.02112024 0.008352866 0.01067481 0.01182237 0.0128428 0.01559807 0.01768359 0.02121961 0.02681509 0.03483497 1.474492e-11 8.327809 9.894635 9.727242 9.357313 10.00548 9.438781 9.431871 9.613895 9.640679 9.724286 65 
0.02493771 0.03193689 0.02291978 0.012657 0.01446554 0.01602863 0.01948872 0.02168873 0.02492275 0.03136474 0.04152228 NaN 0 27.24256 28.28524 29.0187 32.46626 29.17503 30.40324 32.09132 32.19223 29.92489 18.54636 66 
0.01425903 0.03986074 0.02282694 0.008977068 0.01001302 0.01151658 0.01230053 0.01468225 0.01849926 0.02096707 0.02705037 0.03523599 0 9.367092 9.665447 10.09452 9.582595 10.20024 11.06046 9.820004 10.60492 10.5607 10.03227 67 
0.01498955 0.04342215 0.02310717 0.009184428 0.01026174 0.01183048 0.01249972 0.01572579 0.01817434 0.02136722 0.02782483 0.03649297 2.889613e-15 9.804267 10.10999 10.54852 9.858987 11.08337 10.59988 10.25337 11.06461 10.3352 10.42768 68 
0.01401285 0.04316411 0.01861965 0.008951117 0.009928372 0.01184692 0.01314851 0.01491734 0.01591399 0.0209731 0.02650907 0.03447042 2.221818e-05 9.362594 9.606848 10.4223 10.1684 10.09961 9.184227 10.66961 10.60779 10.85532 10.14264 69 
0.01321291 0.02846752 0.02593892 0.009617656 0.01053446 0.01076915 0.01361179 0.01483001 0.01767855 0.02133665 0.02672962 0.03467134 0.0001210744 9.739353 9.698262 8.954524 10.24352 9.498489 9.813064 9.790299 9.795413 10.30358 9.617837 70 
0.0179226 0.07481501 0.02659456 0.009029357 0.01049806 0.01207391 0.01377218 0.0147462 0.01741894 0.02151499 0.02674075 0.03507869 9.649833e-24 10.52945 11.38618 11.79642 11.88737 10.97773 11.38952 11.79288 11.55776 12.00808 12.15724 71 
0.01326629 0.02298724 0.02225973 0.008693259 0.01096809 0.01172218 0.01302153 0.01566685 0.01868969 0.02192487 0.02794059 0.03632943 1.912047e-05 8.726991 10.1971 9.643125 9.570193 10.09231 10.10594 9.539584 9.849246 9.44306 9.736152 72 
0.01321528 3.475611e-06 0.03108961 0.008371586 0.009887205 0.01136998 0.01343517 0.0155396 0.01821499 0.0213348 0.02762518 0.03581581 8.812748e-10 8.379958 9.224078 9.605433 10.09006 10.04178 9.900263 9.408073 10.02461 9.064909 9.869899 73 
0.02643779 0.03398109 0.0338941 0.01272474 0.01505259 0.01669765 0.01986594 0.02279801 0.02618062 0.03255476 0.04258475 1.086774e-15 0 23.77915 25.94994 26.06145 28.58832 27.106 26.75246 28.04802 27.21428 25.92151 16.74935 74 
0.01471919 0.04579858 0.02643493 0.008662227 0.01070842 0.01147176 0.01260234 0.01585465 0.01791461 0.02141156 0.02649582 0.03461093 3.26111e-05 9.090713 10.44306 9.965009 9.838186 10.97483 10.19089 10.16096 10.00734 10.42055 10.65572 75 
0.01753674 0.05690815 0.02773645 0.009155771 0.01056626 0.01249397 0.01335766 0.01465385 0.01845755 0.02150973 0.02782433 0.03657499 1.328235e-05 10.354 11.10064 11.83116 11.0389 10.7404 11.82834 10.99873 11.86064 11.6914 11.10603 76 
0.01532091 0.05232673 0.02437904 0.009635637 0.01030533 0.01135895 0.01349229 0.01518012 0.01770513 0.02073382 0.02734475 0.03589111 1.710171e-05 10.43269 10.20136 10.22797 10.8637 10.52438 10.53413 10.20729 11.38797 10.76963 10.62825 77 
0.01570888 0.05672105 0.02456199 0.00933276 0.01061731 0.01200268 0.0122602 0.01556438 0.01841665 0.02272783 0.02736629 0.03563361 6.537315e-05 10.19101 10.66274 10.83153 9.776982 11.20943 11.0348 11.22666 10.11985 10.47942 11.20061 78 
0.0163719 0.0555522 0.02507857 0.009614968 0.0109592 0.01132476 0.01229863 0.01508845 0.01770608 0.02020213 0.02640355 0.0346147 1.167126e-05 10.70832 11.18042 10.34155 10.18808 11.12013 11.03358 10.37713 11.54975 11.4408 11.46367 79 
0.0123501 2.627028e-06 0.02154766 0.00901521 0.009999509 0.0120679 0.01392767 0.01491249 0.01830988 0.02167265 0.02690996 0.03498013 1.187635e-21 9.051271 9.234588 10.07963 10.14897 9.275286 9.867206 9.422929 9.316799 9.820511 9.488834 80 
0.01606415 0.05144257 0.02307392 0.009628542 0.01017 0.01164256 0.01263345 0.01510308 0.01771109 0.02120896 0.02736565 0.03590184 1.728794e-05 10.53339 10.21381 10.68885 10.29248 10.94049 10.89476 10.84102 11.46772 11.05136 10.99999 81 
0.01979051 0.07144706 0.0284508 0.008855842 0.01044 0.01130022 0.01275677 0.01506915 0.01756157 0.02155144 0.02652511 0.03495267 8.877069e-05 10.71549 11.85626 11.5903 11.88705 12.43135 12.35124 12.77695 12.29933 13.05381 13.10302 82 
0.01341451 0.02855024 0.02760536 0.009331151 0.01096751 0.0123819 0.01361528 0.01559431 0.01877541 0.0210472 0.02765806 0.0359452 2.399432e-05 9.478437 10.1762 10.19144 9.812493 9.761333 9.981702 8.933003 9.995774 9.428264 9.922626 83 
0.01369453 0.03682577 0.03385346 0.01009644 0.01082743 0.01233835 0.01279801 0.0148889 0.01927504 0.02226476 0.02866098 0.03692213 0.0001091192 10.26274 9.892756 10.11702 9.167814 9.46374 10.64817 9.505598 10.06826 8.772561 10.08663 84 
0.01234289 4.556689e-06 0.02030938 0.008698845 0.009793996 0.01176866 0.01261209 0.01528655 0.01796872 0.02199343 0.02735316 0.03544442 5.797815e-11 8.724941 9.09893 9.919778 9.341826 10.01616 9.882226 9.946362 9.569162 9.294512 9.83336 85 
0.01473408 0.04675016 0.01897115 0.009583273 0.01010689 0.01187274 0.01279184 0.01577808 0.01839715 0.02164368 0.02698623 0.03515681 4.410734e-05 10.30594 9.941772 10.6439 10.08407 11.04492 10.69976 10.28644 10.30599 10.35957 10.99439 86 
0.01482099 0.04092147 0.02093198 0.009231916 0.01002697 0.01071707 0.0131047 0.01558082 0.01807634 0.02163338 0.02686257 0.03478542 4.15726e-05 9.752303 9.783769 9.553998 10.57322 10.89187 10.61018 10.47224 10.30608 11.29633 9.905885 87 
0.0239838 0.03508801 0.02484273 0.01211331 0.01450457 0.01628537 0.01779674 0.02165485 0.02493218 0.02970745 0.03906365 NaN 0.3999972 23.24984 25.5825 25.6678 24.99185 27.4967 24.97621 25.55376 27.06435 25.68106 14.63249 88 
0.01444443 0.03951535 0.02542538 0.009338444 0.01037629 0.01153747 0.01326454 0.01502346 0.01840536 0.02265996 0.02864592 0.03744043 2.001574e-05 9.748597 9.943592 9.988773 10.22767 10.0622 10.6141 10.62872 10.38488 9.866188 9.852275 89 
0.01554566 0.04680494 0.01530125 0.009196275 0.0111736 0.0126778 0.01310681 0.01512258 0.01758136 0.02228218 0.0268649 0.03509814 2.037486e-05 10.11367 11.34675 11.38639 10.32413 10.62062 10.53377 11.3225 10.33112 10.85341 11.56288 90 
0.01536922 0.04914597 0.02190308 0.009400938 0.01013706 0.01085507 0.01284585 0.01448075 0.01724761 0.02132145 0.02623143 0.03423856 0 10.06937 9.988245 9.761536 10.44376 10.26904 10.61995 10.99255 10.53317 10.85108 11.23374 91 
0.01585891 0.05312498 0.0225242 0.009982219 0.009841704 0.01121392 0.01285582 0.01632209 0.0197123 0.02325239 0.02848469 0.03728978 3.663489e-05 10.96569 9.85224 10.39407 10.61296 11.89454 11.79701 10.90854 10.40336 10.82649 10.59772 92 
1.510967e-13 0.03727619 0.03157552 0.03947917 0.04683289 0.04692291 0.05800325 0.07207931 0.0904582 0.09107394 0.1091436 0.2117294 7.11633e-05 50.22944 42.04681 45.47715 47.22355 46.47258 40.86084 38.86872 44.04232 41.55832 2.650013e-05 93 
0.01419158 0.04381087 0.02472104 0.009162661 0.01043131 0.01161847 0.01403981 0.01505712 0.01878928 0.02199412 0.02851053 0.03737486 5.483812e-05 9.62012 10.07658 10.10284 10.86887 9.867221 10.75002 9.968487 10.6531 9.838335 9.921391 94 
0.01432114 0.04242401 0.02383565 0.009527461 0.01029006 0.01186856 0.01241147 0.01558202 0.0170541 0.02210239 0.02706362 0.03521248 1.177316e-05 9.975612 9.848418 10.29178 9.492329 10.66354 9.655792 10.86715 9.977026 10.14808 10.55103 95 
0.01403474 0.04319374 0.02118545 0.009653407 0.01083427 0.01197163 0.01288731 0.01521948 0.01706068 0.02155271 0.02694207 0.0350859 1.904103e-05 10.16973 10.37638 10.2511 9.761339 10.17275 9.637115 10.44728 10.23405 10.2333 10.51225 96 
0.0160953 0.04896719 0.02380596 0.009292006 0.01003518 0.01147715 0.0131175 0.01588883 0.01758657 0.02090409 0.02636028 0.03457085 1.875508e-05 10.1681 10.15225 10.60635 10.79227 11.45256 10.4986 10.56579 10.83064 11.46676 11.03372 97 
NaN 0.04022459 0.0276987 0.02998943 0.03638896 0.04381855 0.05008718 0.05495915 0.06607559 0.07558456 0.08944756 NaN NaN 35.34059 39.95874 39.16409 35.68987 35.62513 32.61912 34.86873 28.47503 28.47482 2.218329e-07 98 
0.01587145 0.04858864 0.02872567 0.009877638 0.009554655 0.01247652 0.01346972 0.01647204 0.01899493 0.02271986 0.02816603 0.03673642 8.848845e-05 10.58314 9.364888 11.31812 10.47147 11.30807 10.68938 10.46497 10.1725 10.81206 10.01136 99 
0.01768909 0.0632354 0.02540683 0.009979224 0.01020573 0.01166563 0.01328197 0.01545646 0.01817768 0.0217141 0.02743407 0.03604061 3.791081e-05 11.55785 10.79562 11.37098 11.45491 11.65358 11.66042 11.49159 11.70989 11.96414 11.62012 100 
