0.2133349 0.5753092 0.8772356 0.06577556 0.07967375 0.1161993 0.1427096 0.1574596 0.2409582 0.2701551 0.3391854 0.4515413 1 93.86229 113.8864 130.5127 170.4113 191.1035 187.1454 228.6518 209.389 191.8422 170.3957 1427.009 1 
0.2225928 0.4758926 0.8855738 0.06999922 0.08530312 0.102614 0.1193683 0.1607148 0.1989475 0.2495112 0.3172933 0.55364 1 117.6751 143.8687 165.3885 183.5576 194.0451 224.8205 238.7441 242.7199 234.9538 267.8262 1681.092 2 
0.1947291 0.4769252 0.8396381 0.05370492 0.09224731 0.1467232 0.1327102 0.1511687 0.1923544 0.2336538 0.3381585 0.5666102 1 92.25755 110.2228 171.4211 249.892 215.7612 207.0963 218.6311 217.4986 236.3631 261.177 1717.86 3 
0.1647363 0.6415651 0.9098262 0.0585694 0.08217986 0.1164854 0.1391478 0.1734832 0.1939112 0.2523641 0.2830311 0.4490902 1 77.9361 90.775 117.9028 153.3551 166.6158 179.1575 169.6694 174.9849 152.1127 165.3123 1330.662 4 
0.1932218 0.6431808 0.9023722 0.06648921 0.1006542 0.1022162 0.1506253 0.2003599 0.1833881 0.2754936 0.2936047 0.462516 1 87.06884 103.8924 143.1189 140.0306 175.7284 201.9276 161.9572 182.1107 151.639 158.8853 1309.518 5 
0.1970096 0.5772021 0.8433319 0.05822681 0.07084708 0.09715923 0.1470267 0.1593217 0.1861205 0.2870055 0.3219635 0.4893644 0.9999993 83.15979 99.54307 114.9034 144.062 194.2758 191.6107 188.3386 226.0997 195.7095 194.344 1428.205 6 
0.1807286 0.6164246 0.8895932 0.04890454 0.0882559 0.1232691 0.1443918 0.1396206 0.18539 0.2207038 0.2934953 0.4886778 1 68.13503 80.44898 131.4865 172.6901 184.1522 159.8161 173.4393 171.5329 176.28 202.7579 1393.225 7 
0.222857 0.308995 0.9442871 0.07799067 0.09450137 0.1337143 0.1557537 0.2156312 0.1967634 0.2209288 0.3351543 0.5005313 0.9999998 190.9406 233.4931 265.3544 332.4467 349.8779 400.3176 319.9275 279.3757 308.1815 312.856 2448.25 8 
0.156277 0.6616548 0.8592213 0.05986012 0.1043851 0.1262536 0.1421872 0.1640287 0.1810547 0.2007535 0.2625877 0.5271624 0.9999999 78.59149 90.87353 143.0469 161.926 162.6455 161.3271 150.6214 137.4165 140.5255 198.2037 1312.919 9 
0.1521536 0.6754083 0.8945748 0.0736633 0.09326554 0.1074649 0.1341332 0.1631178 0.157789 0.2840563 0.3224115 0.5545195 1 93.27689 107.4693 125.7507 133.4314 147.6329 156.5384 132.3577 184.7039 161.8315 180.4691 1266.26 10 
0.1938034 0.5324028 0.8436959 0.05981834 0.09094296 0.109341 0.143485 0.1651939 0.2044771 0.245232 0.3262374 0.5548342 1 93.9146 112.1156 155.9677 176.9455 205.7751 208.9793 215.2353 208.4241 207.7849 232.0789 1569.997 11 
0.1678615 0.5823053 0.8437923 0.05476876 0.1042643 0.0913624 0.1393204 0.1534504 0.1732153 0.2487626 0.3719989 0.5165942 1 78.99756 92.25821 157.6391 138.0364 177.7691 176.395 169.6556 194.7666 219.5015 199.7615 1442.384 12 
0.2007519 0.4708383 0.879629 0.07831997 0.09984755 0.1199027 0.1649806 0.1455697 0.1763594 0.2426421 0.2787216 0.5694879 1 135.9285 163.2164 192.4847 211.2904 251.49 204.5268 200.5137 220.9468 201.5538 272.1296 1735.554 13 
0.2074124 0.4413292 0.921655 0.06312921 0.1080894 0.1284839 0.1352153 0.1818112 0.1845051 0.2281081 0.3154403 0.5086734 1 113.2957 136.7946 210.1108 236.2579 225.7227 252.3064 222.9512 218.2644 228.8889 250.1721 1794.663 14 
0.2099822 0.5233159 0.8895906 0.06343175 0.09281982 0.1163671 0.1562081 0.1623492 0.2031903 0.2600038 0.326714 0.5006189 0.9999998 97.45674 117.9209 158.3241 185.149 219.0609 204.0129 208.4967 212.6857 201.7183 204.3887 1536.403 15 
0.1920209 0.6067144 0.9017009 0.06074654 0.06866806 0.1152225 0.106617 0.1813239 0.1990903 0.2475392 0.3047974 0.4762396 1 84.06052 100.2019 108.4908 160.3071 144.9698 201.3313 194.6121 192.6688 180.883 191.0287 1383.791 16 
0.2422725 0.4369683 0.8766006 0.06607219 0.08912973 0.1156367 0.1290204 0.1554824 0.1558475 0.2610491 0.3255191 0.4694759 1 121.2892 150.6743 189.3099 226.4444 233.0427 243.4821 217.3035 276.5001 273.2573 266.8532 1835.708 17 
0.1985603 0.5406305 0.8942403 0.06816186 0.09129361 0.1181 0.1497617 0.1818878 0.179291 0.2402794 0.366826 0.4530655 0.9999999 103.5831 124.1506 153.9305 182.5357 206.1985 216.442 184.505 192.3001 218.7291 184.6234 1519.664 18 
0.2035399 0.4111057 0.8870478 0.05705361 0.0940287 0.09403731 0.1604639 0.1544936 0.2093583 0.2042638 0.2832421 0.4722773 1 111.8943 134.6692 201.2996 198.5254 283.9723 254.6728 277.407 230.4693 238.9089 278.0898 1961.213 19 
0.1987119 0.5079206 0.9373724 0.06884177 0.07448572 0.1343127 0.1764984 0.2110589 0.2151966 0.2299219 0.3173853 0.4511112 1 112.2231 134.5231 139.7959 216.4711 257.6691 262.5829 222.2148 186.7332 188.6677 184.5394 1630.159 20 
0.1963369 0.5383103 0.9324591 0.06798203 0.08326238 0.1232505 0.1386699 0.1551806 0.1820632 0.2473421 0.2605542 0.5168988 1 104.0297 124.4546 143.1858 189.2593 196.1195 191.7254 189.5099 205.9639 174.2386 230.4872 1530.253 21 
0.2020906 0.487667 0.857786 0.05917917 0.08976536 0.1258489 0.1644921 0.1436727 0.1963972 0.2246543 0.3643775 0.5386957 1 100.4785 120.7843 167.7997 216.8952 252.9045 203.682 219.7603 208.5829 248.6098 244.2503 1697.87 22 
0.2096416 0.4393357 0.8955479 0.06948906 0.1025612 0.1109936 0.1382662 0.1585941 0.2119589 0.2475975 0.3477022 0.4755704 1 125.1898 151.4348 203.6792 209.6844 228.8853 230.7702 253.9273 242.4495 250.7534 230.9385 1801.575 23 
0.159193 0.6184289 0.9394571 0.06436281 0.1008841 0.1250557 0.160947 0.1506454 0.1668243 0.2440447 0.298135 0.5023175 0.9999999 88.93459 103.0924 146.8381 168.7414 190.5524 158.8883 146.2081 170.6502 163.268 186.9379 1381.77 24 
0.2200469 0.5408859 0.9046466 0.06852133 0.08320648 0.118965 0.126699 0.1549564 0.1910727 0.2405535 0.3088493 0.5465211 1 103.5358 126.3185 144.9062 185.3932 184.8327 194.5141 203.1061 207.9479 204.942 239.7815 1511.001 25 
0.1450667 0.6520842 0.940438 0.04699297 0.08750386 0.1125593 0.1562075 0.1796953 0.1972874 0.2225008 0.3476841 0.4743416 1 61.34084 70.23935 119.0423 145.038 178.3968 178.6204 163.4723 148.2478 172.8058 159.7174 1305.319 26 
0.1957947 0.4724686 0.9286226 0.06381872 0.0834141 0.1070871 0.1305932 0.1321076 0.1732936 0.2662921 0.3266267 0.4841581 1 110.0612 131.6106 160.4432 189.8873 209.7424 192.8341 210.5384 260.7184 248.582 245.8383 1724.591 27 
0.1375888 0.7086952 0.8855481 0.05646179 0.08552874 0.09363424 0.1312429 0.1480815 0.20177 0.2189525 0.3171236 0.5651986 0.9999999 69.1421 78.65527 109.6454 114.0215 141.3769 142.6545 162.6402 146.2558 160.2597 192.6056 1224.582 28 
0.1808189 0.6319683 0.9042527 0.06171686 0.09175795 0.108553 0.1444781 0.1487931 0.1805217 0.2225579 0.3331897 0.4949707 1 82.28289 97.1612 132.3531 147.266 172.9603 160.2035 162.1152 163.8324 186.191 188.7592 1333.232 29 
0.1579121 0.4818282 0.9199313 0.05418722 0.1009874 0.09659764 0.1581176 0.1680415 0.156445 0.259 0.3204288 0.4846339 0.9999998 93.3926 108.1404 181.6988 170.2565 236.2236 224.6017 180.539 231.1068 222.2254 225.99 1723.517 30 
0.1451773 0.6059226 0.918764 0.07990053 0.08059436 0.108574 0.1298075 0.144977 0.1928355 0.2528406 0.3024809 0.5659453 1 112.2257 128.5183 122.8134 146.8359 158.8068 156.6791 174.7135 186.1962 170.7909 212.4105 1404.568 31 
0.1701439 0.6342301 0.8499048 0.06716263 0.09730915 0.1222471 0.1443703 0.1316521 0.2111709 0.2231142 0.3213696 0.4250838 0.9999999 91.45058 107.0103 141.8071 164.2935 173.2496 142.8452 182.207 162.6044 174.9315 161.9551 1361.629 32 
0.2210827 0.4541857 0.9010015 0.05684742 0.09492999 0.1065351 0.1425673 0.1628538 0.1809863 0.2091945 0.3119494 0.5062223 0.9999999 101.2806 123.672 186.8565 203.3321 238.6744 242.5051 230.1379 217.9885 245.2558 274.2513 1781.622 33 
0.236805 0.4020908 0.8940728 0.06684525 0.1101488 0.1130031 0.1330218 0.1940701 0.199206 0.2487051 0.3321903 0.4608344 0.9999999 131.8115 163.0252 241.2877 242.1691 250.5432 303.697 274.0717 267.0112 266.0444 250.8936 1971.891 34 
0.174457 0.623119 0.907511 0.04669975 0.09352998 0.1132256 0.1388698 0.1833335 0.2313022 0.2663426 0.3353328 0.4728727 0.9999999 64.19391 75.39299 135.7159 158.1718 173.8736 196.6312 205.6477 187.5417 172.8102 161.4546 1374.609 35 
0.2137246 0.5405355 0.880507 0.06534457 0.08246688 0.08780091 0.1256427 0.1828552 0.1818632 0.2372975 0.3409888 0.3969416 0.9999998 99.9028 121.2545 143.7568 145.8416 181.4386 229.9952 204.5602 209.6164 226.6196 187.9166 1528.862 36 
0.1058915 0.9214781 0.8853758 0.05547502 0.07351634 0.1058392 0.1393874 0.1914187 0.1936343 0.2405744 0.3001465 0.5194123 0.9999998 54.26015 60.00584 74.27147 98.45492 117.1033 138.4791 117.7888 115.7878 110.1496 130.2185 978.1005 37 
0.2413096 0.4484965 0.9228565 0.0575963 0.0981556 0.1272175 0.1233744 0.1685885 0.1825559 0.257129 0.3176624 0.565034 1 102.5658 127.3159 195.4477 239.7045 220.813 248.5045 235.7219 259.2407 248.2736 285.3129 1780.771 38 
0.1538634 0.724415 0.9087098 0.06919866 0.09312793 0.1016661 0.134115 0.1642288 0.2001084 0.2732091 0.3425525 0.4636042 1 84.2065 97.1628 120.4334 122.9607 142.6751 153.172 157.1969 170.1229 159.1611 142.8165 1216.881 39 
0.2508193 0.4311582 0.8418082 0.06996335 0.08956516 0.1036282 0.1124429 0.1577344 0.2071757 0.2222367 0.3809493 0.4991815 1 125.2477 156.6622 188.4147 204.3399 204.033 241.3967 270.9831 246.9354 300.5376 268.9295 1790.19 40 
0.2155629 0.4175693 0.9084595 0.05735317 0.09288435 0.09690281 0.1412069 0.174508 0.2296082 0.2562687 0.3709344 0.4909116 0.9999999 110.1619 133.9088 197.0424 201.6307 252.9121 276.8107 301.1101 272.5089 282.2268 246.8958 1920.765 41 
0.1892802 0.49275 0.8752705 0.05184649 0.08503846 0.1100531 0.1573309 0.1640824 0.2117188 0.2697781 0.2612314 0.4875241 0.9999997 87.26641 103.7842 155.3574 190.1044 240.4332 225.1862 236.423 239.4124 182.9594 224.4036 1683.169 42 
0.5650417 0.173862 0.6450023 0.08920662 0.1168228 0.1240887 0.1439927 0.156261 0.1682861 0.4648941 2.454527e-09 0.4890568 1 270.3382 423.0905 561.5103 619.7661 657.6466 657.203 630.8678 952.7486 538.3427 639.8438 3030.472 43 
0.7030075 0.123583 0.6847117 0.1125067 0.1053043 0.07869186 0.2261144 0.1970781 0.4290228 4.533284e-23 5.160301e-50 0.5383546 1 380.3254 647.6971 771.264 753.4304 1088.846 1142.637 1462.537 1028.174 722.8142 980.4892 3380.47 44 
0.2065586 0.472439 0.920998 0.06014618 0.1066497 0.101633 0.112922 0.1550128 0.1907572 0.2476773 0.3308319 0.4778387 1 103.7185 125.1425 198.6989 188.1946 185.7532 217.229 230.8551 243.1016 246.5899 240.735 1724.441 45 
0.1988528 0.5266057 0.8895121 0.06050343 0.08409698 0.1454216 0.1442247 0.1533967 0.2058288 0.2393231 0.3129809 0.5108063 0.9999999 94.94872 113.8295 146.6248 225.5302 211.2826 193.5033 210.567 200.7793 198.0058 216.6235 1569.311 46 
0.2338122 0.3913003 0.916252 0.05653487 0.08271648 0.1387638 0.1264347 0.1667055 0.2325426 0.2779025 0.3457765 0.4725169 1 112.4461 138.7374 187.6579 282.7314 253.5391 275.1668 315.2811 303.8716 277.834 249.8314 1988.969 47 
0.2470835 0.3891906 0.8635344 0.06619046 0.09835129 0.1147854 0.1634744 0.1583238 0.1547888 0.23598 0.3298476 0.4405914 1 133.6121 166.6254 226.5614 251.0686 307.9835 275.3576 232.0041 268.6048 292.0006 274.1239 2018.601 48 
0.1987407 0.4730945 0.8946014 0.06566285 0.1066749 0.1380323 0.1469185 0.1815654 0.1936796 0.2161995 0.299025 0.5071774 0.9999999 112.0303 134.2953 196.7419 235.6673 227.1786 235.2765 212.7477 191.6838 200.0581 232.3214 1706.145 49 
0.161759 0.6763591 0.9440977 0.07640011 0.08332748 0.09331385 0.1354428 0.1821744 0.2251979 0.2334233 0.2942418 0.5382523 0.9999999 99.0603 115.0842 118.4038 121.5882 154.4762 181.7503 187.8815 157.6686 148.4932 182.8029 1296.599 50 
0.1739214 0.5898662 0.9097643 0.05804261 0.08803408 0.1157434 0.1337355 0.1892876 0.1868556 0.2202336 0.300818 0.4873917 1 84.76492 99.50735 138.4085 169.2751 177.7962 212.8215 182.5872 171.2724 178.3852 199.3603 1460.391 51 
0.2013868 0.5068524 0.9584588 0.05797215 0.07637782 0.1130469 0.1557711 0.1353142 0.2252045 0.2288309 0.3439537 0.4902604 0.9999999 92.72987 111.4044 137.5237 185.0275 229.5473 187.2419 240.6419 208.2262 227.1226 218.9106 1599.559 52 
0.2414409 0.409765 0.890003 0.05458905 0.07234112 0.1454044 0.1244399 0.1708554 0.1880728 0.2312221 0.2975577 0.5201514 0.9999999 104.9385 130.2749 162.9263 284.4779 247.9756 275.4043 263.2105 259.9137 257.0231 300.6026 1922.336 53 
0.2209753 0.4954608 0.8434489 0.06425747 0.0874253 0.1128329 0.1246378 0.1312033 0.1889151 0.2173254 0.3568876 0.5309589 0.9999999 104.9539 128.1461 161.9361 193.1587 196.9084 185.6261 218.7966 214.2263 260.5401 261.5618 1633.333 54 
0.2179189 0.4295508 0.8995447 0.05810075 0.1052048 0.1163288 0.167333 0.1237468 0.2196534 0.2239615 0.3411498 0.5206797 0.9999999 109.4158 133.2596 215.6513 231.6294 285.1688 206.6619 269.8147 237.6437 263.2013 269.9482 1883.209 55 
0.2231298 0.475521 0.9089945 0.06215495 0.09828347 0.1082459 0.1389377 0.1684655 0.2150613 0.2513936 0.378204 0.4937578 0.9999999 105.1479 128.6095 184.629 196.0556 220.9979 234.3729 248.7438 235.7524 255.6058 221.8256 1691.705 56 
0.1775029 0.4902564 0.9584448 0.06207313 0.09652817 0.1075113 0.1393382 0.1729554 0.2099529 0.2912444 0.3228427 0.4880913 0.9999999 104.0276 122.4928 173.4716 183.4719 209.1712 225.7963 229.4946 248.3244 207.1705 203.7412 1675.888 57 
0.1593576 0.633923 0.9578392 0.04973751 0.08916557 0.1062868 0.1473006 0.1707557 0.1734407 0.2592775 0.3074179 0.4726828 1 66.2545 76.81266 125.109 142.4815 174.4864 177.8377 154.7093 180.7997 165.9473 172.4816 1332.083 58 
0.1480488 0.66857 0.9189388 0.06138875 0.09798205 0.1135189 0.149283 0.1506499 0.1958201 0.2291797 0.3291751 0.5397994 0.9999999 79.27391 91.01031 132.2349 143.6884 165.9574 148.7825 159.1598 152.6298 165.4916 181.6933 1291.343 59 
0.2184155 0.464017 0.9284129 0.04823006 0.08891873 0.1204438 0.1444907 0.1445982 0.1455648 0.2180906 0.3187505 0.5231975 0.9999999 84.04958 102.4073 169.8507 219.1063 239.9045 216.8201 188.9433 222.5196 255.7359 287.4749 1742.68 60 
0.2065033 0.5261651 0.9163658 0.05765778 0.08069231 0.1169532 0.1241994 0.1728172 0.1879772 0.2202368 0.3354648 0.4405852 0.9999999 91.22668 110.0653 143.0397 189.8426 189.5301 222.3318 210.7396 200.3314 227.6215 209.5605 1582.209 61 
0.1408737 0.7644661 0.9313096 0.05819363 0.08639351 0.09889995 0.153709 0.1538117 0.1869034 0.2145331 0.3252527 0.5367333 1 66.71356 76.11174 104.0006 112.2073 152.4326 137.1759 138.2942 130.5159 150.6102 168.4445 1146.407 62 
0.2024493 0.4869733 0.9319123 0.05274286 0.09133248 0.1271258 0.1337493 0.1629162 0.2049458 0.2478103 0.3833245 0.4906116 0.9999997 88.30168 106.1783 166.339 216.8694 212.142 220.464 231.5638 226.5843 254.9617 216.6461 1674.192 63 
0.1934132 0.5020369 0.9404135 0.04880546 0.09639472 0.1198004 0.140538 0.1590428 0.1739302 0.2420881 0.3227668 0.4597909 0.9999998 79.676 95.0864 168.0771 200.6075 212.3732 209.8978 195.8585 216.3984 222.2446 217.0146 1632.522 64 
0.2059348 0.5209117 0.9054998 0.06434432 0.1035068 0.1065451 0.127831 0.1735107 0.2156005 0.2364857 0.3595762 0.5310905 0.9999999 101.7442 122.6969 178.406 178.0575 188.1538 218.0811 229.0821 205.6343 226.3051 220.6098 1581.246 65 
0.174896 0.5198934 0.8819996 0.06005412 0.07386268 0.1156154 0.1490367 0.1674821 0.1885118 0.2418146 0.3645697 0.4999935 1 96.17246 112.9926 130.9443 184.0781 215.9416 213.4814 201.9903 206.7216 232.0708 211.3229 1601.43 66 
0.1717331 0.7007466 0.9215562 0.04913707 0.08716267 0.1000766 0.1542567 0.1638147 0.1757072 0.2350361 0.3025137 0.486937 1 59.93663 70.22974 113.1562 125.389 168.5086 160.9438 146.0337 155.6229 155.2568 170.9646 1219.784 67 
0.2407014 0.4631029 0.9309176 0.06694572 0.08277964 0.1006768 0.1510633 0.1562361 0.1944058 0.2544308 0.3235512 0.5827018 1 114.4487 141.9967 166.2227 187.3085 243.8521 233.2139 239.3621 250.7968 243.5261 281.7513 1709.575 68 
0.225275 0.4413295 0.8546242 0.06917855 0.08388565 0.1110923 0.1550304 0.1588935 0.2081926 0.2485411 0.3915761 0.6185214 1 124.6233 152.6979 175.0627 210.0957 259.0277 241.6885 256.496 248.7721 282.1594 280.8729 1801.474 69 
0.2247049 0.4218659 0.8692866 0.04708589 0.08200324 0.1178038 0.15583 0.1879936 0.1553538 0.2481362 0.2988153 0.5301789 1 90.07561 110.316 174.2748 236.2986 283.1503 297.913 224.1553 262.464 251.013 295.3141 1913.007 70 
0.1990304 0.541987 0.9514117 0.0569661 0.09602604 0.1234083 0.1482954 0.1921168 0.2002968 0.2721816 0.3677018 0.5564994 1 86.71953 103.9794 158.5482 191.7063 206.8529 227.3082 202.0219 210.5837 209.4324 201.9921 1522.301 71 
0.1317115 0.7206973 0.9084912 0.06722398 0.09464138 0.1127974 0.147689 0.1636039 0.2211649 0.2477646 0.3382464 0.5053267 1 83.25282 94.21817 121.7381 134.0043 154.6888 149.7603 166.0175 149.5075 150.7724 149.4491 1238.439 72 
0.1921481 0.4245539 0.9511403 0.04987924 0.08638571 0.1289935 0.1286336 0.1716191 0.1952991 0.243925 0.2933105 0.5129536 1 96.57248 115.1287 181.0329 251.577 236.6404 264.3787 257.1609 256.8176 237.9092 278.7555 1936.126 73 
0.1925144 0.4986199 0.9411101 0.05574006 0.09311373 0.1140055 0.1030233 0.1690704 0.2103294 0.2566415 0.302493 0.4920767 1 92.25514 110.0156 166.7015 193.6746 166.6552 222.5188 239.692 235.8221 211.5887 229.3026 1655.096 74 
0.1977728 0.4680496 0.9001177 0.06764776 0.08734882 0.1148058 0.1646766 0.1611326 0.2286298 0.2436098 0.2608913 0.5247544 0.9999999 117.5104 140.7508 169.3053 203.1799 255.6491 226.6706 254.4466 222.6094 183.5866 243.7843 1737.092 75 
0.2001724 0.6891918 0.8123324 0.05899564 0.08337945 0.1013665 0.1134559 0.1581725 0.1996508 0.2708518 0.3112924 0.5219387 1 74.00057 88.81344 116.194 132.9295 136.9166 163.7428 177.6452 192.8543 170.4196 186.3265 1254.34 76 
0.2431443 0.4558281 0.9186654 0.06237886 0.07673458 0.09950527 0.1403536 0.17154 0.2026416 0.2315149 0.3426445 0.4624819 1 107.4978 133.6352 156.4809 186.4913 233.8917 254.9685 255.867 238.825 258.9419 241.1869 1723.305 77 
0.142335 0.6003248 0.9327773 0.05991193 0.09319551 0.1074556 0.1260187 0.1628528 0.1890995 0.2436953 0.2944529 0.4482179 1 86.62017 98.94925 140.7526 152.4734 160.3309 179.393 177.733 184.3487 171.5848 180.522 1445.792 78 
0.2097888 0.4739454 0.8141096 0.06145901 0.08136887 0.1067646 0.1638807 0.1748325 0.1730533 0.2640825 0.3216318 0.4460113 0.9999999 107.6082 130.1832 161.0233 194.9499 261.8757 252.0494 213.8713 248.0322 234.1286 220.4141 1750.894 79 
0.2191438 0.487003 0.8806259 0.06555379 0.07682654 0.1201587 0.1544371 0.2027368 0.2220242 0.2243254 0.3427225 0.4895109 1 108.8295 132.6789 148.2588 204.5745 239.4311 268.4777 247.434 202.4696 220.0518 213.1514 1660.156 80 
0.2262449 0.4402706 0.8872116 0.07361666 0.06666369 0.09528327 0.134484 0.1618806 0.1556583 0.2347617 0.3200982 0.466928 1 131.7378 161.5428 147.0615 180.6999 229.1374 247.972 214.165 249.7346 266.5184 268.5882 1789.511 81 
0.1186487 0.8013379 0.9356938 0.04704476 0.08071324 0.1131628 0.1446289 0.1927676 0.1782056 0.2367841 0.3199118 0.4800747 1 51.16501 57.23567 90.44347 118.5484 136.2693 155.4895 122.4176 128.0514 132.2571 135.1644 1087.581 82 
0.4661103 0.1974866 0.8558805 0.09518007 0.09906575 0.1002623 0.1416055 0.1855562 0.1859412 0.4065983 9.230333e-11 0.5444021 1 288.6261 423.1577 469.0544 466.4775 532.3794 602.4085 569.913 780.3138 363.7123 578.4451 3032.422 83 
0.2212681 0.5058356 0.8877519 0.05994364 0.08542496 0.1127459 0.1354946 0.147892 0.1875715 0.2612778 0.3199098 0.5550653 1 96.86908 118.3031 155.9486 191.1513 209.3221 203.9233 215.4523 240.4311 227.5487 256.0816 1616.002 84 
0.1691203 0.7034871 0.9348962 0.07151401 0.1047255 0.1039264 0.1433694 0.1657986 0.1899383 0.2241431 0.3526811 0.512882 0.9999999 86.71122 101.3758 135.0442 127.5857 151.0613 153.8201 148.5988 142.3148 167.1242 162.9305 1212.507 85 
0.2120444 0.4069235 0.8940885 0.05642518 0.08550011 0.1208973 0.09988926 0.1541574 0.2242826 0.231006 0.3413938 0.5286913 1 110.5862 134.0353 186.5356 244.012 200.2482 248.756 306.6157 267.8497 287.3088 296.0303 1959.873 86 
0.2027953 0.4787577 0.9304134 0.06527811 0.08090224 0.134647 0.1662106 0.1416077 0.2158008 0.2456432 0.3289429 0.4143836 1 110.7037 133.1539 155.2471 227.6547 255.7188 200.7176 235.4321 221.5667 220.5219 193.1569 1695.878 87 
0.1441349 0.665212 0.9395986 0.05077765 0.1019754 0.1067486 0.1333656 0.1583783 0.1878791 0.2569368 0.3854376 0.5342745 0.9999999 66.14466 75.67841 136.9993 138.2797 152.2114 158.0783 158.7046 173.8314 193.3247 171.2096 1302.633 88 
0.1543042 0.6131552 0.9652731 0.05663486 0.1002262 0.126557 0.1357021 0.1741297 0.1828921 0.2858114 0.3455077 0.4448693 0.9999999 78.28454 90.36418 144.6369 170.8062 165.4238 179.7582 161.5233 195.7577 177.6971 151.7118 1382.268 89 
0.7658706 0.1123226 0.5937866 0.1198814 0.1764973 0.1005826 0.1597324 0.3470501 1.616109e-05 0.4234851 7.539775e-07 0.9999964 0.9999916 365.0349 644.6043 966.6843 962.3339 1054.084 1386.134 1061.617 1274.25 975.9112 1375.262 3044.968 90 
0.2796919 0.3881864 0.8780127 0.0795835 0.1134596 0.1069098 0.1458615 0.1617678 0.2065689 0.2576059 0.3513098 0.5071662 1 154.5663 197.7973 258.1455 241.632 274.0306 272.2089 285.4628 286.9644 289.9608 277.4783 1942.191 91 
0.1899169 0.5678766 0.8956414 0.05762919 0.09817717 0.106454 0.1237469 0.1804751 0.1810199 0.2218677 0.3475997 0.4879078 0.9999996 84.52627 100.5792 154.8022 162.0945 168.6144 208.1619 184.3197 180.3398 211.4265 202.4015 1466.727 92 
0.180789 0.655396 0.8939747 0.06142267 0.07269161 0.09120157 0.1457171 0.1654477 0.2297974 0.2387078 0.3789584 0.5293289 1 79.34185 93.68598 105.0683 121.5297 170.8545 175.2988 199.0846 169.9175 192.5789 175.2246 1291.736 93 
0.4827932 0.1467818 0.8806541 0.07525146 0.1079146 0.1149558 0.1369533 0.1902984 0.2007216 0.271546 0.3834158 0.9999964 0.99955 286.1438 424.2921 584.3118 642.7057 690.5158 789.3437 770.5094 793.0774 815.9981 1090.448 3802.502 94 
0.241337 0.3940631 0.8909882 0.0536144 0.07939044 0.1135426 0.1260739 0.1588393 0.2019416 0.2811483 0.3260146 0.6069532 1 106.5829 132.3053 181.293 240.4093 251.5872 273.8452 294.0114 324.1953 289.3326 334.7016 1987.953 95 
0.2133916 0.4617821 0.9086317 0.06519285 0.07752123 0.1205831 0.1466858 0.1623305 0.2243353 0.2321871 0.3902911 0.4625697 0.9999993 114.7723 139.2638 157.2969 216.6295 242.0655 236.59 264.573 228.3293 270.5484 218.0282 1760.505 96 
0.1288176 0.8269518 0.8711881 0.05893917 0.09014135 0.09174475 0.1390725 0.1757911 0.1923354 0.279396 0.2805839 0.5012252 1 62.88083 70.98099 99.64514 96.64436 127.836 142.0351 131.5306 149.7957 115.4372 138.4248 1066.877 97 
0.222398 0.4241018 0.9001976 0.06026976 0.09466853 0.125651 0.1280012 0.117554 0.2100979 0.2375806 0.303485 0.5266304 1 113.1823 138.3538 197.8355 244.7483 233.2403 195.0672 269.2224 261.601 254.6436 294.0877 1877.928 98 
0.1563591 0.572938 0.9308428 0.06392037 0.09352323 0.1393277 0.112757 0.1915422 0.1830786 0.1955088 0.3368713 0.4631939 1 95.99648 111.0064 148.8334 200.8224 155.0711 210.6401 176.9681 153.3227 198.1496 189.7953 1501.814 99 
0.2211213 0.4786142 0.8714299 0.05468232 0.08798796 0.1278613 0.1302699 0.1836251 0.1994139 0.2811795 0.3460534 0.4682669 1 91.93262 112.2609 164.6608 221.7377 213.707 249.1398 234.0749 253.806 234.8663 210.1042 1681.213 100 
