0.0009193568 0.05866484 0.04043308 0.04465244 0.0439679 0.05494388 0.07637738 0.09743964 0.08931804 NaN 0.1578243 0.2771618 3.776315e-05 59.13305 62.20711 73.2003 88.31578 77.25893 64.17584 64.22408 64.26174 60.57397 7.430762 1 
0.1365365 0.04465809 0.06287488 0.05512776 0.04741197 0.06276368 0.07092717 0.07660745 0.09267714 0.09192446 0 0.1747053 0 93.96724 149.9943 231.428 267.382 365.792 428.5128 485.7879 579.9758 649.8008 721.0983 2 
0.001610539 0.04284717 0.04325466 0.05277279 0.06177799 0.07667989 0.1095385 0.09842977 0.1383765 0.1342483 0.2750629 NaN 0.1152958 72.07376 68.75818 84.88165 67.4522 70.47995 58.55702 71.8916 64.03756 13.26233 15.77825 3 
0.13293 0.05304473 0.06815664 0.03778759 0.03525425 0.04329082 0.04953682 0.05693007 0.07136343 0.1009295 0.1704767 2.352116e-19 0 62.3564 98.6204 149.8619 190.2512 245.601 305.8958 368.1374 396.7165 455.0256 516.469 4 
0.02724417 0.1876503 0.08044248 0.008295832 0.01025107 0.01190074 0.0140994 0.0172608 0.01907444 0.02389142 0.02955441 0.03831671 6.291131e-15 8.805565 10.45062 10.99409 11.73707 12.51858 11.07254 12.06776 10.95701 11.93364 10.16404 5 
2.281843e-16 0.03817322 0.04673563 0.04974938 0.07470477 0.0991927 0.1090926 0.1505752 0.2100027 0.3116609 0.498573 1.409388e-13 2.370978e-16 70.19776 99.51571 89.73573 99.83172 101.5067 98.94077 92.41585 84.53379 1.974663e-07 4.668842e-09 6 
0.05283968 0.1626898 0.08755776 0.009151311 0.009919029 0.01292126 0.01284783 0.01667384 0.01967963 0.02387492 0.03066367 0.04109269 8.565841e-06 14.84399 16.42939 20.40633 16.40179 23.0742 20.84306 21.70733 22.79066 20.17758 23.20769 7 
NaN 0.0977231 0.03954468 0.03143304 0.03670638 0.03755503 0.04579694 0.05562444 0.06770909 0.08745566 0.1266143 0.1589583 4.682543e-05 34.75337 53.39917 52.59693 55.76719 54.91584 46.82895 49.20359 38.24496 36.07598 0 8 
NaN 0.04413133 0.05276857 0.04053575 0.05095967 0.0693816 0.0924604 0.1222296 0.129865 0.1653944 0.2233667 0.4633478 7.580949e-05 61.12255 76.87991 95.47751 104.3856 91.87276 90.46962 87.38376 93.48629 85.66768 0 9 
NaN 0.04476385 0.04161465 0.05069323 0.05782702 0.06142056 2.633539e-05 0.09976481 0.1599377 0.2369261 0.2700502 2.417001e-05 0.03083603 64.92568 69.29438 70.47221 70.4588 78.99672 75.95091 64.41925 64.39924 0 0 10 
NaN 0.0704529 0.03832443 0.04279832 0.03697137 0.04407219 0.05658342 0.07518382 0.06835269 0.100476 0.1518856 0.2421827 8.109793e-05 50.52643 47.06254 54.92847 61.44581 44.64332 48.79149 56.72527 51.14097 43.98238 0 11 
0.05630436 0.1004399 0.06767052 0.009840708 0.01120813 0.01321215 0.01422188 0.01717946 0.02109707 0.0250059 0.03121997 0.04228884 3.133848e-16 20.43496 24.25228 26.62347 25.18353 29.94406 30.73246 28.78514 31.50937 32.06567 32.15214 12 
NaN 0.06597256 0.03985411 0.04135758 0.04357644 0.07022925 0.08189282 0.09995357 0.140885 0.1385824 0.2513795 NaN 0.1726713 49.00161 60.49136 86.23693 80.75181 76.88103 56.71546 62.40079 62.09775 0 0 13 
0.1067998 0.04152279 0.06703369 0.02850459 0.02587169 0.03518023 0.0401082 0.04771199 0.05819152 0.0728157 0.06520194 0 0 57.14367 77.74434 125.3603 147.416 182.4744 205.0804 219.0914 247.0426 267.1612 300.0236 14 
0.1523398 0.04496696 0.06418818 0.06955986 0.04989087 0.06497761 0.07180775 0.09636575 0.1258857 0.1375669 0.1825358 NaN NaN 101.3392 153.4461 243.8001 317.8355 439.5029 522.6136 636.7317 747.6581 893.8494 1044.25 15 
4.17982e-21 0.02819396 0.04829501 0.04369047 0.07312808 0.1048297 0.1120893 0.08991304 2.100241e-39 5.554691e-38 0.249902 2.476768e-16 7.786687e-17 69.88684 100.7605 94.41645 90.86491 76.80191 76.80191 76.80191 102.4648 7.172616e-10 8.578455e-13 16 
0.001125678 0.04000347 0.04159079 0.0410479 0.06605625 0.08868033 0.1014654 0.1086727 0.1426506 0.1504436 0.1723563 3.477498e-08 2.423581e-07 55.04808 83.71661 77.60637 68.89389 68.48204 60.64766 57.95101 60.15601 8.379337 9.968784 17 
0.002060931 0.04163966 0.04136431 0.04109412 0.06110443 0.07954564 0.09049797 0.1229684 0.1304855 0.184611 0.1987881 6.60543e-12 8.025074e-11 54.20171 77.39822 71.23 76.63366 66.96043 66.77918 59.74647 58.10667 14.96691 17.77464 18 
NaN 0.0379021 0.04034769 0.03918538 0.05305666 0.06937923 0.09553409 0.08484823 0.001600709 0.133704 0.1658325 NaN NaN 54.25833 54.75413 54.19734 0 0 0 0 0 0 0 19 
5.042067e-06 0.04040065 0.04536686 0.04029348 0.05160244 0.05511056 NaN 0.08693076 0.1089301 NaN 0.1919816 0.3546199 3.057173e-05 60.01795 72.7846 72.65366 72.65386 90.46539 76.72059 76.72091 83.45967 79.13571 0.04625339 20 
2.688311e-05 0.04292496 0.04174827 0.03831103 0.0535609 0.06726136 0.07969066 0.1075385 0.1185866 NaN 0.2207183 0.0002365611 0.06412331 49.77656 68.22937 66.91349 73.65278 80.54283 61.62643 61.62623 62.55203 0.2183517 0.2184212 21 
NaN 0.05591138 0.03574199 0.03492096 0.04101704 0.04874361 0.06083206 0.07717075 0.07842655 3.531896e-06 0.1216072 0.2347457 5.222581e-05 41.49447 52.66066 52.38451 60.30342 58.86748 43.55416 43.55387 50.17167 48.20627 0 22 
0.1366069 0.03909679 0.0772195 0.05079321 0.06591477 0.05567042 0.08018914 0.1011668 0.09278015 0.1121402 0.1239623 0 0 109.281 217.9636 261.3541 375.9741 405.6247 496.9389 578.0583 629.9773 738.9947 843.337 23 
NaN 0.03915107 0.04531323 0.05418879 0.06632501 0.07734549 0.09623867 0.1174427 0.1264628 NaN 0.3565041 NaN NaN 75.42307 75.58406 81.92408 82.71913 81.49431 78.11896 78.11397 72.22735 0 0 24 
NaN 0.04808915 0.04166134 0.04668662 0.05244688 0.06447601 0.08150521 0.106527 0.1084858 0.1613344 0.2762772 NaN NaN 59.92186 63.72325 70.31754 72.60479 59.29626 65.40886 65.93705 55.52741 0 0 25 
NaN 0.05580602 0.03659336 0.03905098 0.04680039 0.05644535 0.06658083 0.08646959 0.1173939 0.1150519 4.208905e-15 0.2067211 8.39547e-05 46.07786 60.67867 61.97782 59.26432 67.84188 59.28477 42.04832 41.99956 50.71765 0 26 
NaN 0.06097342 0.05184351 0.04845122 0.05267433 0.0719232 0.0785508 NaN 0.09119258 0.1394431 0.1825722 0.2125856 3.897891e-05 75.06126 93.11586 112.6849 78.95722 77.81874 86.22026 80.05536 74.76585 76.10171 0 27 
0.05641651 0.139313 0.0802508 0.009228115 0.01002231 0.01196612 0.0144767 0.01672172 0.01964623 0.02344766 0.02976883 0.03996177 0 15.90263 17.8754 20.29389 22.33052 22.56202 23.68189 23.68079 24.84825 24.67655 24.87397 28 
0.0715011 0.1092091 0.07666559 0.00936632 0.01224541 0.01419078 0.01549018 0.01859957 0.02215676 0.02626692 0.03373499 0.04618198 2.921057e-17 18.55208 26.818 28.01076 27.87296 34.01428 33.09687 32.08391 36.51239 32.50766 35.91632 29 
0.0009899956 0.04709527 0.04129164 0.03589196 0.0619793 0.07721946 0.08601823 0.1057815 0.1326936 0.145767 0.1865002 6.487318e-07 3.655988e-10 47.40175 82.68806 75.21595 74.26857 70.36329 61.65617 59.08704 58.99091 6.574846 7.910427 30 
0.0004677043 0.04792591 0.03448376 0.04111523 0.04564508 0.0581767 0.06192867 0.0003987366 0.07767918 0.122893 0.2289573 NaN NaN 49.3918 49.54729 61.20477 44.6869 44.6938 48.46926 56.53227 48.6813 2.997177 3.604675 31 
5.845682e-11 0.04212056 0.04422586 0.04520218 0.05754706 0.07254926 0.09964773 0.1184177 9.240838e-11 0.1768642 0.4794279 2.262209e-07 1.702416e-06 61.62552 74.33549 79.52744 97.0026 68.46051 68.46051 87.25595 73.44462 3.047231e-05 5.341856e-07 32 
1.139078e-05 0.01736579 0.0427611 0.04193026 0.07867426 0.128055 0.1486388 0.158045 0.005805498 NaN NaN NaN NaN 69.60522 98.00541 97.32426 94.0527 107.6143 2.32771 0.3309675 0.1003139 0.1244737 0.1480858 33 
2.110887e-07 0.08311457 0.03842218 0.03168059 0.04434702 0.04731162 0.0587611 0.06066459 0.08085424 0.08173633 0.096427 0.139225 2.865368e-05 36.30285 61.14795 62.51244 47.44662 51.41995 39.83251 36.44444 36.90453 38.47819 0.001261562 35 
6.869306e-21 0.04998085 0.04442097 0.06165685 0.06369168 0.07273395 0.09307854 0.1260827 0.2004324 0.1862096 0.3420186 3.853948e-15 1.115e-12 80.66988 72.0072 85.01296 86.58509 94.64945 73.68091 76.53875 75.11084 1.471577e-09 8.68739e-14 36 
7.281058e-11 0.1026858 0.0428123 0.04535921 0.0364599 0.04501177 0.05317391 0.06277754 0.07639681 0.1026997 0.1468139 0.1972911 9.747379e-05 50.59225 60.34437 67.73053 68.26396 62.08746 58.32735 56.56745 43.25732 40.97479 5.954707e-05 37 
NaN 0.0596008 0.046593 0.04642701 0.04527831 0.05288905 0.06898857 0.09380475 0.1252498 0.1665576 0.16634 0.2352252 0.0001046903 61.05251 62.9842 66.9572 79.40568 87.22593 78.21565 63.14674 60.89416 61.45623 0 38 
0.144608 0.04167264 0.07026715 0.06621157 0.04511643 0.07118565 0.07154473 0.09077748 0.1194709 0.12944 0.2013145 2.371316e-16 0 108.785 154.9297 259.9042 319.438 420.5097 483.881 591.0696 660.1035 747.5624 856.186 39 
0.03094131 0.2153926 0.08208708 0.007209738 0.01004235 0.01149171 0.01390317 0.01611232 0.0190013 0.02231514 0.02770124 0.03539719 0 7.803843 10.61254 10.97293 12.21303 12.21686 12.33498 11.72166 11.76665 10.94681 13.50811 40 
NaN 0.0775729 0.0399984 0.04532027 0.04113028 0.04718007 0.06375492 0.07902174 0.08167031 0.104618 0.1450037 0.2231553 5.94836e-05 52.83167 60.07819 56.43385 69.96985 55.61644 53.7331 52.54251 48.68039 43.96595 0 41 
0.0003110475 0.03132028 0.03970508 0.04339304 0.06473569 0.08816345 0.1172351 0.1341726 0.1951352 0.2048859 NaN 0.06442537 0.02442662 59.67834 74.71263 82.25788 77.43977 79.77328 71.57545 74.8424 1.986678 2.572252 3.104784 42 
4.060463e-07 0.1038645 0.03794023 0.03888953 0.03161146 0.05464286 0.05488737 0.06174216 0.06555905 0.07857544 0.1013975 0.1799738 2.577157e-05 43.794 51.16333 73.97197 60.39978 47.33869 41.18913 35.56186 40.48885 34.81045 0.002433417 43 
NaN 0.04280126 0.03445404 0.03342946 0.04349255 0.05372619 0.0617331 0.003038098 0.1096392 0.1430188 0.0127724 NaN 0.6298799 40.02 50.18315 52.99458 58.93416 58.73985 63.51687 43.95878 43.51803 0 0 44 
0.0002120109 0.03521638 0.03552902 0.03939869 0.05297381 0.06942934 0.09291013 0.1078331 0.141646 0.2775451 4.170827e-06 0.005540548 0.005241191 48.06123 54.19752 65.14643 62.00532 60.77856 68.51993 58.66558 1.180149 1.457253 1.773294 45 
0.04252895 0.1888835 0.07856786 0.008811569 0.01025072 0.01175965 0.0144621 0.01578153 0.01994782 0.02205664 0.02777251 0.03728096 9.829429e-05 11.59824 13.41284 14.09381 16.00703 14.70458 17.4247 13.94194 16.52481 17.87108 14.74948 46 
0.0005268782 0.0550136 0.03145622 0.03372569 0.0422339 0.05067995 0.05718347 0.06950382 0.07724978 0.1020326 0.1394364 1.052465e-08 5.449051e-11 38.18468 50.01667 46.10913 47.00784 41.40818 42.69281 41.54656 39.12571 2.838616 3.443189 47 
0.001176972 0.03488914 0.03693177 0.0405291 0.05635615 0.05938059 NaN 0.0882386 0.1041356 0.1237869 NaN 1.234207e-12 2.284754e-11 54.81197 65.35568 57.77733 57.81654 56.08329 62.36027 47.8446 48.05533 8.963889 10.6025 48 
7.162833e-19 0.05097517 0.04032455 0.04051988 0.04801296 0.06834647 0.08839525 0.08795239 0.09548855 0.1287771 0.2009998 0.3879298 1.697438e-17 51.18968 64.10447 80.99869 66.9217 59.02598 61.4501 64.6977 65.95396 59.12793 8.174227e-11 49 
0.08092321 0.02683432 0.08117115 0.03954203 0.04065548 0.04783239 0.05593224 0.06592922 0.06279862 NaN 0.1078361 NaN NaN 117.5441 161.4546 201.5116 242.3347 273.3232 286.8871 324.4535 351.6184 344.302 372.3126 50 
0 0.0374771 0.04814669 0.0553788 0.06714005 0.08192344 0.1112805 0.1508006 0.2160886 0.2969265 NaN 0 0 78.06683 77.82286 93.11329 100.48 100.0717 104.7479 72.82751 72.8275 1.72899e-14 NaN 51 
NaN 0.0493563 0.04779773 0.04632405 0.04985424 0.06219993 0.07816909 0.0954087 0.1120832 0.1562119 0.2800757 0.3037002 6.594173e-05 63.94164 66.9427 78.70814 80.39952 75.41438 76.44985 82.2958 70.13935 66.59094 0 52 
NaN 0.04395434 0.03966619 0.03892337 0.05265463 0.06583026 0.07559723 0.06925331 NaN 0.1180184 0.2165264 0.2454867 7.992196e-05 51.15973 68.72696 67.2392 62.18749 56.3296 56.32424 66.44398 60.28386 59.46267 0 53 
0.03252912 0.1690158 0.08015823 0.00718135 0.009284432 0.01166064 0.01267176 0.0149016 0.01840266 0.02078848 0.02716644 0.03546547 0 7.257983 9.173993 10.662 10.37668 11.2495 12.01182 10.80697 12.44508 12.17364 11.55591 54 
0.0575151 0.1958493 0.08698024 0.00996825 0.009637314 0.01275332 0.01344884 0.01678818 0.01927515 0.02349678 0.02977404 0.03933415 0 14.15416 14.0264 18.5673 15.67798 19.92839 17.776 19.50605 19.10078 17.53339 20.9106 55 
NaN 0.05984893 0.03854119 0.02191173 0.03883576 0.0469499 0.05691595 0.0672826 0.06529133 NaN 0.1069002 0.1625786 1.230247e-05 27.78904 53.07555 59.60517 58.769 55.68399 46.29821 46.25251 50.12121 51.40948 0 56 
0.1141698 0.03780333 0.06437921 0.0383951 0.03428679 0.04165432 0.05236116 0.06562443 0.08399649 0.09621629 0.1437548 9.615721e-16 0 74.56064 109.0152 157.408 207.9386 253.3191 276.6358 331.3031 348.4757 376.4462 417.7019 57 
0.05144436 0.1972762 0.08747473 0.007387945 0.01131045 0.01296548 0.01365209 0.01779233 0.0193628 0.02420906 0.03038492 0.04004925 8.005379e-06 10.38036 16.28181 16.32344 15.65853 20.45935 15.91854 19.8595 17.47303 17.60193 18.39167 58 
NaN 0.06317171 0.04479794 0.04836522 0.04864957 0.06427844 0.08284334 0.09416039 0.1234144 0.1631597 0.2971225 0.2765076 2.249766e-05 59.56289 70.02653 82.39403 62.27855 83.94269 75.85285 74.93506 56.8605 58.86954 0 59 
5.224182e-07 0.04206975 0.04122834 0.04170477 0.05436575 0.05897895 0.00244377 0.09569424 0.156531 0.177526 0.2651455 3.564628e-09 3.398707e-10 54.41291 67.53582 66.09236 66.07389 75.96619 67.06836 64.54855 58.37174 0.003784766 0.004513829 60 
0.05473399 0.1392134 0.07919502 0.008417477 0.01085838 0.01422566 0.01584417 0.01812633 0.02173764 0.02635593 0.03274175 0.0426587 5.374846e-06 13.30378 17.80945 21.3963 20.35016 22.11029 23.07849 21.84079 20.83727 19.77667 22.94465 61 
NaN 0.04120588 0.04166785 0.03104774 0.05448305 0.06968026 0.07885426 0.09689007 0.08007115 NaN 0.1353887 0.2322792 3.54879e-05 45.2831 78.96544 75.10618 75.20179 65.72638 58.68498 58.6218 69.24981 68.55317 0 62 
0.0003605656 0.0506552 0.03635683 0.03606318 0.05306212 0.06525961 0.0755587 0.1055223 0.1037179 0.120204 0.1644543 9.378207e-07 4.307135e-07 45.0589 68.42193 59.76477 70.25458 56.6785 51.98225 52.04321 51.92536 2.216096 2.677668 63 
4.605069e-18 0.08436394 0.04260304 0.04353124 0.03950544 0.04467369 0.06127387 0.07435788 0.07602872 0.1119313 0.1905675 0.1897426 0 51.4714 61.81382 59.4428 72.88205 57.32354 54.40342 63.86318 46.12239 47.40349 9.661963e-11 64 
0.1306866 0.05498433 0.06350903 0.03021944 0.03793654 0.03713408 0.04704811 0.05501626 0.06745442 0.08515835 0.1212904 2.604544e-15 2.587472e-13 47.14208 90.16984 110.1793 166.7153 199.8655 233.7331 295.7963 315.6115 340.1431 381.1514 65 
0.141016 0.04713634 0.06545961 0.05149528 0.04965836 0.05542177 0.06390033 0.0718289 0.08660179 0.1004671 0.1452518 NaN 0.02233213 81.102 138.9393 202.4295 259.8612 336.8019 408.9749 503.8823 594.9707 657.5949 770.5726 66 
2.332308e-11 0.0191656 0.04952886 0.04856347 0.08027732 0.1091436 0.09419542 2.206822e-11 NaN 1.004507e-09 0.001056098 0.001391272 0.2878752 89.0658 107.0098 122.8561 89.82228 89.82228 89.82231 89.82231 89.81702 0.4159909 0.0003426502 67 
0.05632818 0.1196184 0.07053878 0.009376603 0.01028833 0.01178281 0.01558023 0.01716221 0.01937831 0.02508194 0.03216463 0.04371881 2.135201e-05 18.99163 21.57279 23.2464 29.03831 25.86051 27.54204 32.05513 29.78377 30.36442 28.84409 68 
0.03655651 0.1729681 0.07667605 0.008333668 0.01030335 0.01236236 0.01336533 0.01569199 0.01981637 0.02375744 0.03033198 0.04013022 5.175108e-17 10.23326 12.42838 13.58505 13.03953 14.15634 15.38777 14.37929 15.07644 13.87071 14.20311 69 
NaN 0.05023316 0.05012448 0.04880381 0.0610492 0.07578103 0.09038635 0.1056005 0.1442945 0.1401581 0.2039818 0.3099122 NaN 70.60466 92.78862 93.04716 87.32439 88.52001 73.72634 77.476 75.3045 72.23666 0 70 
NaN 0.07944256 0.04494849 0.04698966 0.04767819 0.05398922 0.06733063 0.08421978 0.1118128 0.1543908 0.2051823 0.210776 3.214673e-05 58.56595 77.02269 77.76029 83.51756 83.0234 82.70353 66.47611 51.72031 51.90905 0 71 
0.1150918 0.0421379 0.07252324 0.03251411 0.02909027 0.03858084 0.04339259 0.0508151 0.05234097 1.24048e-05 0.07867789 0.1354249 1.471868e-05 70.44511 100.2979 155.5205 180.3893 228.3557 240.5606 288.9098 329.0935 360.5603 366.6782 72 
1.551941e-10 0.03373643 0.04849699 0.04321345 0.06121473 0.07905193 0.08459915 0.1183906 0.1031048 0.0002217697 0.1898413 0.4403963 0 71.67585 90.86711 80.30282 99.21775 91.85299 82.12323 82.12341 103.3977 97.43959 1.658834e-06 73 
0.0005035791 0.03909116 0.03949393 0.03702611 0.05283126 0.07140126 0.0959789 0.131755 0.1195636 NaN 0.1919814 NaN 0.1819045 47.53198 64.45808 73.98512 79.93054 71.37798 51.89379 51.91752 63.66609 3.359946 4.135361 74 
NaN 0.1067659 0.04423464 0.048534 0.03848931 0.05168466 0.05881081 0.06483722 0.07996293 0.0906744 0.1137197 0.122044 6.080224e-05 57.01771 66.46152 77.82728 64.1067 56.36473 43.99869 36.59593 34.04386 33.62242 0 75 
0.03992593 0.1356222 0.06705735 0.008078517 0.01085668 0.01191516 0.01363779 0.01671629 0.01846072 0.02205131 0.02867688 0.03835546 5.631026e-17 11.83857 15.85153 15.46554 16.67497 18.41565 16.47658 17.85823 18.9245 18.9719 18.05071 76 
0.0634464 0.1384264 0.08037617 0.01096596 0.01115198 0.01283455 0.01424734 0.01668832 0.02127125 0.02480007 0.03101294 0.04189585 1.352837e-05 19.69423 21.35734 23.57817 23.14327 25.13482 28.00591 23.89739 28.32248 27.52731 26.85771 77 
3.953571e-21 0.07365435 0.04001476 0.04034435 0.0420926 0.04864982 0.05706478 0.0721169 0.09256974 0.1091895 0.1430592 0.193772 0 48.27362 61.84673 61.46585 60.05151 64.17878 55.16167 50.23423 45.5264 43.78037 3.698749e-13 78 
NaN 0.05426384 0.03561257 0.03446372 0.03684984 0.06718135 0.08214654 0.08294811 0.08304644 NaN 0.1553294 0.288702 1.557314e-06 40.76309 45.17083 76.22552 62.26697 58.87112 49.76362 49.76362 48.79378 44.39218 0 79 
0.121647 0.03039444 0.07632081 0.05979329 0.04890762 0.05389857 0.07055454 0.08305513 0.1014127 0.1236168 0.1790256 0 0 139.4249 203.9569 270.4931 366.4381 423.2306 478.7739 565.1548 609.6675 644.4169 NaN 80 
0.06479069 0.1177018 0.08097091 0.0102616 0.01142831 0.01317326 0.01583999 0.01861929 0.02152075 0.02539061 0.03229508 0.04470476 1.653135e-05 21.28731 25.54557 27.27127 30.52157 31.22943 30.84244 31.42155 33.00773 34.48836 29.5797 81 
0 0.03340396 0.04711049 0.04537572 0.06652564 0.09027307 0.1180966 0.1542212 0.1999042 0.1905753 0.2946734 0 0 68.87911 89.70273 98.77472 101.7005 96.92252 84.55477 86.46579 95.07057 1.697922e-14 NaN 82 
0.09367254 0.0413981 0.06969702 0.05976089 0.1014623 0.1085959 0.1188062 0.1412883 0.1664728 0.3069711 NaN NaN NaN 88.16203 181.9609 210.0956 280.2858 356.0824 445.408 585.7641 611.9711 763.5529 919.2096 83 
0.09289514 0.03750623 0.07207314 0.03111803 0.03550895 1.891362e-38 0.04318237 0.05710744 0.07073733 0.07676205 0 0.130065 0 67.13933 108.0136 136.2052 185.2838 220.4712 262.0487 271.9067 318.997 361.3958 377.4992 84 
0.08260669 0.115053 0.09059049 0.009522041 0.01200583 0.01374254 0.01602432 0.01915169 0.02244442 0.02687961 0.03468392 0.04761143 0 20.82495 30.20647 31.48561 35.38644 39.36948 39.14405 40.45481 43.18758 39.99969 40.21152 85 
6.937345e-10 0.1354914 0.04341742 0.04185452 0.03249655 0.04062732 0.04456071 0.05101564 0.06687557 0.06480989 0.08822231 0.142062 2.132977e-05 46.65628 58.01483 66.85053 58.26527 50.95441 36.12146 37.34423 38.3618 35.10432 4.522864e-06 86 
0.0361337 0.1680298 0.07896709 0.008333999 0.009754244 0.01090869 0.01355656 0.01527063 0.01761924 0.02159455 0.02750772 0.03627492 1.01773e-05 10.20897 11.69488 12.03436 13.92689 13.46663 13.80392 14.42988 14.72769 15.06619 14.4349 87 
NaN 0.03360592 0.04777495 0.04833176 0.05712778 NaN 0.09340401 0.1476734 0.147798 7.171312e-06 0.1796224 0.5522409 2.449206e-05 74.15465 81.47564 81.47564 101.615 93.58605 67.88572 67.88582 96.90758 89.47525 0 88 
0.1139006 0.03166622 0.07417083 0.0394732 0.05197618 0.04893143 0.0589294 0.06955885 0.08522029 0.113535 0.143254 0 0 94.5538 180.5806 192.7788 277.2779 306.5275 381.0213 405.9124 470.4019 471.1875 543.4898 89 
8.186273e-11 0.1426534 0.03692865 0.03463092 0.02664244 0.04037282 0.0390916 0.0537131 0.05989966 0.06753921 0.08526272 0.1248255 0.0001029314 36.69274 46.11915 62.08954 50.42675 59.86821 45.57831 37.61543 31.90833 31.44517 3.108518e-05 90 
0.06308226 0.1612066 0.08621609 0.008051205 0.01073661 0.01214667 0.01445813 0.01662002 0.01939146 0.02290765 0.02907502 0.03935917 0 14.79121 20.91155 21.08893 24.30321 24.66668 25.70774 25.44613 27.24861 28.24748 26.28545 91 
NaN 0.0664937 0.04567864 0.03733826 0.04169455 0.05183255 0.06242791 0.07275365 0.09317097 NaN 0.09725283 0.1670941 NaN 49.98064 63.54641 69.62023 62.04193 68.82478 44.22378 44.17417 55.36779 57.3414 0 92 
0.001682722 0.05819415 0.03015535 0.03015996 0.04326158 0.04999312 0.06773791 0.09682634 0.08257416 0.1109219 0.1725603 NaN 0.07881787 33.05369 51.43804 43.28869 60.72353 43.50185 43.11342 44 38.22541 8.547465 10.42442 93 
0.0170116 5.848978e-06 0.08234663 0.008032139 0.009637003 0.01145274 0.01233546 0.01358236 0.01758493 0.02092319 0.02643462 0.03431575 2.925157e-12 7.309246 8.277979 9.03036 8.70863 8.589198 9.879073 9.571714 9.828126 9.97094 9.67901 94 
0.067224 0.1386624 0.08840329 0.009551922 0.01083693 0.01187238 0.0135659 0.01730821 0.0204381 0.02416589 0.03016445 0.04113367 3.724681e-19 16.90202 20.73111 20.80854 23.01865 27.12631 26.12121 26.45333 28.62723 30.30272 27.06284 95 
1.538645e-15 0.1222724 0.03871878 0.03206329 0.03489058 0.03459077 0.04051593 0.04793471 0.05891667 0.06721082 0.09060305 0.1312853 5.737448e-22 34.789 53.4066 54.23981 52.40955 48.36093 38.09656 38.25755 33.96755 30.94708 2.09577e-07 96 
0.0003442403 0.03224101 0.04434364 0.04205695 0.06262555 0.08267029 0.09264458 0.1215488 0.1562266 0.1982047 0.2096922 NaN NaN 62.7983 80.67438 76.95251 83.44684 83.97706 80.74553 74.93571 78.06689 2.868799 3.427558 97 
NaN 0.02534317 0.04921 0.05068311 0.07747978 0.09987895 0.1161883 0.0009478175 0.1370276 2.823033e-05 NaN 0.01160923 0.2670476 86.6364 94.884 113.1072 90.12203 90.00811 91.45506 91.26063 0 0 0 98 
2.089349e-15 0.04072891 0.0431807 0.04673865 0.0715257 0.09957229 0.1343537 0.1488699 0.2037477 0.2883534 0.2968801 4.825527e-11 4.720537e-11 62.19949 92.56695 102.6228 90.81561 89.49259 81.77614 68.7682 74.61 1.263889e-05 2.228843e-08 99 
0.1062696 0.04182773 0.06516469 0.02879027 0.02840318 0.03365227 0.04066106 0.04822475 0.0610314 0.08020836 0.1152184 NaN 0.1778872 58.307 85.81484 118.0693 150.1621 173.6271 207.4311 227.4303 250.3814 239.7074 273.4838 100 
4.880541e-09 0.07070202 0.04146106 0.03927285 0.03745331 0.06383166 0.07327323 0.0753936 0.0912529 0.1006344 0.1570976 0.2006436 6.159671e-05 46.54929 52.5784 78.75543 63.54531 55.54169 43.09108 54.89929 47.24187 46.26341 3.713492e-05 1 
