1 0.1696483 0.1159919 0.190816 0.1605249 0.2842494 0.03753027 0.2455896 0.1816839 0.2173162 0.3837412 1 1 265.3495 530.699 711.3304 979.839 1005.214 1165.029 1254.222 1341.525 1462.184 1655.954 1390.604 1 
1 0.9999999 0.01886818 0.06057264 0.09027069 0.1018034 0.1133434 0.1504855 0.2019043 0.2792385 0.3476812 0.4670041 1 54.99996 109.9999 187.0008 266.0002 345.0005 438.0004 544.0001 661.001 766.0004 858 908 2 
1 0.9999997 0.02200477 0.05960267 0.08802793 0.09652435 0.1438744 0.1564059 0.1656813 0.2978722 0.3569024 0.4921483 1 54.00002 108 182.9998 257.9993 358.9992 452.9993 536.9999 662.9999 769 863.0003 906 3 
1 0.2082776 0.0953313 0.2267441 0.1803536 0.1169537 0.1970956 0.2308708 0.09397085 0.3896122 0.1699777 1 1 283.39 566.78 741.0796 833.7224 971.5889 1101.251 1141.843 1294.326 1334.931 1533.213 1249.823 4 
0.9999981 0.1415416 0.1096524 0.1731132 0.2594118 0.07013889 0.05850393 0.2781924 0.1387979 0.2608845 8.928428e-10 0.1250537 1 289.7543 579.5081 938.5408 1010.431 1066.19 1315.822 1405.72 1551.242 1551.239 1602.794 1673.785 5 
1 0.1922191 0.1020079 0.1567853 0.2510445 0.1095276 0.1610362 0.1320871 0.4305005 0.3718975 3.463478e-05 1 1 197.7684 395.5369 662.5549 749.8057 864.0382 942.6468 1165.008 1274.404 1274.411 1459.165 1261.397 6 
0.9999952 0.1409572 0.1431792 0.2620435 0.1798003 0.2415167 0.1831482 0.2586921 0.3642746 0.1979637 0.9999991 0.9987197 0.9996922 369.0396 738.0775 924.9359 1130.803 1249.211 1385.827 1528.436 1577.7 1777.311 1777.303 1408.314 7 
1 0.9999998 0.02205861 0.0626416 0.09842067 0.1105124 0.136363 0.1666677 0.2084209 0.2606401 0.3381313 0.5217387 1 54.99933 109.9987 190.9989 272.9992 362.9987 457.9995 556.9994 655 749.0003 844.9997 878 8 
0.9999999 0.2623138 0.07911208 0.1254581 0.1961858 0.1173324 0.304118 6.140316e-08 0.2537097 0.3043385 0.2467915 0.4914401 0.9999998 144.9284 289.8567 488.0564 583.3379 801.3247 801.3246 927.8741 1041.163 1105.072 1200.927 1155.194 9 
1 0.1377372 0.1171028 0.2630487 0.1727124 0.2542348 0.2143394 1.011444e-18 0.5298993 1.039383e-06 0.06492321 1 1 377.6675 755.3349 938.0758 1160.614 1300.531 1300.531 1572.3 1572.3 1587.953 1813.4 1435.732 10 
0.9999969 0.1426307 0.09370153 0.2371619 0.1601385 0.2321232 0.1524221 0.1510947 0.2384725 7.54272e-08 0.4275378 0.9999982 0.9999994 357.7055 715.4098 899.6581 1123.96 1237.056 1332.078 1459.392 1459.387 1633.207 1865.949 1508.275 11 
0.9999993 0.2555259 0.09767268 0.1651647 0.1824514 0.193926 3.655857e-09 0.366506 5.30362e-10 0.3890983 0.4697058 1 0.9998954 187.9294 375.8587 549.1692 699.7699 699.7694 929.1978 929.1972 1083.498 1197.288 1325.755 1137.831 12 
0.9999998 0.1309145 0.1152725 0.257892 0.1802442 0.1548836 0.3181567 0.4081206 3.241815e-11 0.6883092 1 0.9999975 0.9998284 374.4223 748.8445 943.0456 1079.844 1317.327 1525.04 1525.04 1732.385 1826.277 1826.277 1451.857 13 
1 0.1190265 0.1547526 0.2458373 0.3276988 0.2631297 0.2724324 5.473071e-10 0.4632817 0.7375399 0.9999548 0.9999958 0.9999388 369.7983 739.5967 1111.352 1312.037 1465.145 1465.145 1654.578 1816.439 1874.036 1874.038 1504.24 14 
0.9999998 0.1541715 0.1010509 0.2012029 0.2123852 0.09040502 0.2489685 0.124438 0.4392853 1.196127e-13 0.3955627 0.4111586 0.9999997 291.9655 583.9309 830.1138 912.649 1119.396 1197.004 1436.88 1436.88 1557.995 1634.087 1451.1 15 
0.999998 0.1281111 0.1098497 0.2711587 0.151835 0.2210665 0.4434939 0.2447044 0.1250501 4.67405e-08 0.999986 0.9995162 0.9994005 390.4239 780.8471 940.1829 1136.947 1444.422 1538.834 1575.272 1575.269 1830.237 1830.237 1439.835 16 
0.9999995 0.125937 0.09560728 0.2951016 0.1516213 0.1934179 0.3283247 1.190915e-07 0.3373187 0.4050229 0.9999979 0.9999948 0.9999975 436.9134 873.8267 1032.064 1203.316 1437.788 1437.788 1599.591 1728.335 1917.461 1917.46 1480.553 17 
0.999998 0.1634373 0.1009535 0.2508813 0.06629522 0.2028554 0.1517905 0.2610973 0.3083132 2.566285e-08 0.3805073 0.9999991 0.9999932 355.0079 710.015 780.2889 981.0655 1100.823 1275.553 1428.008 1428.006 1558.148 1770.032 1415.043 18 
1 0.1853563 0.09912709 0.20266 0.1923276 0.09807133 0.2026366 0.2415893 0.03415423 0.3284479 0.586321 5.646986e-21 1 264.4717 528.9435 729.0662 811.4862 965.0823 1111.097 1126.752 1272.163 1446.483 1446.483 1305.002 19 
1 0.3151306 0.07654316 0.1556766 0.1217999 0.131008 0.1835597 0.1318908 0.2126337 0.4060738 1.432494e-22 0.3356091 1 174.6081 349.2162 464.5607 573.5142 706.1731 783.9944 892.91 1056.682 1056.682 1137.072 1121.608 20 
0.999998 0.1788832 0.06483614 0.2114065 0.2477 0.1531788 0.1154438 0.1815027 0.1252918 0.3768039 0.1723934 1 1 285.2086 570.4166 833.9415 956.5388 1034.781 1143.594 1205.073 1366.805 1412.916 1634.291 1349.1 21 
1 0.1108522 0.181092 0.2608279 0.2119394 0.1744731 0.1030679 0.5777339 2.290547e-271 0 1.233872e-223 0.527794 1 442.1625 884.325 1149.899 1322.189 1406.21 1828.637 1828.637 1828.637 1828.637 1991.595 1695.227 22 
0.9999987 0.1145808 0.133454 0.2765921 0.1608714 0.4402154 0.2142434 0.106516 0.2181856 0.3332042 0.9999929 0.999944 0.9998502 427.7881 855.5757 1035.566 1448.865 1561.46 1605.445 1685.948 1782.065 1974.412 1974.411 1546.639 23 
0.9999999 0.2847286 0.08357006 0.1435909 0.129862 0.1249973 0.2199343 3.11565e-08 0.3066352 0.1914091 0.3982881 0.2835537 1 172.165 344.33 477.6764 589.3595 761.3046 761.3045 948.3081 1029.246 1165.427 1223.763 1198.997 24 
0.9999985 0.1690678 0.08221592 0.2553924 0.1551726 0.2031215 0.1859089 0.1659337 0.1843078 0.3384796 1.554882e-09 0.3269183 1 355.0085 710.0165 870.6257 1048.24 1177.783 1271.911 1359.113 1489.743 1489.741 1573.203 1390.051 25 
0.9999976 0.08530399 0.1493926 0.297368 0.3534967 0.1387148 0.2282611 0.1111914 7.020494e-11 0.7740616 0.9999994 0.9998942 0.9999637 562.8467 1125.692 1595.81 1715.072 1884.102 1947.642 1947.638 2340.817 2455.576 2455.57 1892.762 26 
0.9999394 0.1154574 0.1004521 0.2817138 0.2178707 0.3565153 1.538642e-07 0.4266168 0.2479479 0.5704961 0.9998891 0.9994129 0.9910757 433.1987 866.3711 1106.963 1414.883 1414.798 1651.866 1730.798 1867.446 1970.278 1970.17 1537.726 27 
0.9999999 0.2541722 0.06110909 0.1862267 0.1370802 0.1729502 0.1127833 0.1955809 0.1116393 0.3252566 2.444868e-16 0.5470422 0.9999999 228.2828 456.5655 593.3098 742.1862 822.4799 946.0157 1002.739 1149.552 1149.552 1316.161 1225.833 28 
1 0.9999996 0.02071201 0.04101952 0.07398737 0.09862574 0.1398902 0.1642506 0.1868994 0.2227519 0.3567074 0.459717 1 36.99961 73.99922 137.9983 216.9977 317.9987 419.9985 516.9995 611.0008 728.0004 825.0004 902 29 
0.9999931 0.2794408 0.09682674 0.157784 0.1616388 0.1687146 0.1256033 0.2023944 0.3015005 0.3635159 0.4186823 0.9999989 0.9996465 171.8455 343.6897 491.9543 621.6935 701.9828 815.1104 949.525 1062.724 1145.704 1260.92 1089.119 30 
0.9999992 0.1351045 0.1122079 0.1995833 0.2255001 0.3986778 0.2344723 3.844211e-05 0.4509278 3.868092e-06 0.9999993 0.9999958 0.9999182 288.7792 577.5582 838.7166 1196.319 1322.785 1322.8 1508.981 1508.981 1735.683 1735.682 1446.911 31 
0.999992 0.1023052 0.1402172 0.3241111 0.2408801 0.3497494 0.0007355399 0.5090994 3.36982e-07 0.2197275 0.9997965 0.9896793 0.9994247 537.7678 1075.531 1345.655 1643.389 1643.783 1925.381 1925.366 1985.016 2196.836 2196.861 1659.208 32 
1 0.2465028 0.08329358 0.1910663 0.1938197 0.1191296 0.1736775 0.1858172 0.3791895 0.2190538 0.5598806 1 0.9999997 219.1547 438.3093 618.1457 707.2566 821.6939 922.8656 1090.959 1151.244 1271.573 1366.163 1147.008 33 
1 0.1324728 0.137691 0.2509299 0.1917303 0.1371276 0.2445309 0.3384854 7.268711e-15 0.2805634 0.5537073 1 1 377.5775 755.155 971.2609 1096.188 1288.415 1489.433 1489.433 1599.654 1756.152 1882.291 1504.713 34 
0.9999996 0.2139821 0.09714052 0.2000152 0.1662299 0.2224409 0.1326559 0.3878178 6.114817e-09 0.2614081 1 1 0.9999814 238.4484 476.8967 635.4305 812.3083 894.328 1102.303 1102.303 1188.121 1430.597 1430.597 1192.151 35 
1 0.2636606 0.07594083 0.1560623 0.1943121 0.1862996 0.1162246 0.1053935 0.3829799 1.338643e-11 0.3826778 0.5630866 0.9999998 178.3412 356.6825 544.0801 688.8383 762.3224 821.2137 1012.659 1012.659 1130.692 1237.907 1142.757 36 
0.9999974 0.2731343 0.08279731 0.1668354 0.1756144 0.1018167 0.1068674 0.2765027 0.1381842 0.3043937 0.2652151 0.4831005 0.9999998 194.1207 388.2409 558.485 639.8535 716.5624 893.8265 957.9187 1079.594 1153.338 1252.04 1163.546 37 
1 0.9999998 0.02207686 0.0539326 0.09026092 0.1227158 0.1577363 0.1572413 0.215934 0.2326166 0.3344944 0.5078488 1 48.00001 96.00003 171.9997 266.0001 371.9989 460.9976 563.9987 650.9976 746.9983 843.9983 890 38 
1 0.1454461 0.1317209 0.191758 0.1474933 0.232057 0.08452981 0.3050226 0.1937007 0.1194891 0.3624372 0.4999934 1 288.8614 577.7227 757.2992 998.162 1065.539 1288.116 1386.348 1435.207 1565.698 1680.471 1506.385 39 
0.9999995 0.2599523 0.09880496 0.1559974 0.1495286 0.1173391 0.1562128 0.1313249 0.1346062 0.3678943 2.549012e-11 0.2775886 1 196.2654 392.5308 551.3101 657.2773 781.7974 870.1261 948.7721 1134.788 1134.787 1223.506 1258.132 40 
0.9999322 0.2095203 0.1053857 0.1715894 0.2246587 0.06600892 0.05000211 0.2980221 0.2074488 0.268087 1.873282e-11 0.4976086 1 229.1789 458.3422 706.8836 763.4629 803.475 1030.269 1141.046 1254.5 1254.415 1408.566 1335.624 41 
0.9999913 0.254889 0.1178633 0.1727274 0.15376 0.1891365 0.128158 0.1420588 0.3387638 2.380493e-07 0.3388033 0.3783687 0.9999995 211.9355 423.8692 579.9409 742.4009 831.6588 917.9173 1094.401 1094.392 1211.099 1297.273 1226.994 42 
0.9999635 0.1715415 0.1016756 0.208229 0.1962104 0.2699533 4.589407e-06 0.4454316 1.49494e-05 0.392097 0.2686969 0.9998556 0.9971647 274.0928 548.1756 752.6483 978.7659 978.733 1251.111 1251.07 1384.005 1439.353 1590.053 1316.305 43 
1 0.09283363 0.1569544 0.2666894 0.2155993 0.1387423 0.1659455 7.341153e-05 0.3530508 0.2775247 1.304562e-13 0.5635784 0.9999991 538.7333 1077.467 1396.844 1558.058 1724.128 1724.189 2018.853 2168.705 2168.705 2388.56 2020.078 44 
1 0.9999997 0.02382835 0.06462226 0.09133397 0.1005155 0.1203429 0.1465788 0.2003787 0.2553708 0.3429497 0.4975752 1 59.00013 118.0003 195.9995 273.9996 357.999 447.9985 552.9973 659.9984 766.9993 869.0026 913 45 
0.9999953 0.1304455 0.1566411 0.2622475 0.1857615 0.2762817 0.07378573 0.223347 0.4810967 0.1420824 0.999995 0.9997493 0.9984411 391.1047 782.2076 986.5886 1234.096 1281.93 1416.047 1640.421 1674.799 1882.417 1882.409 1491.357 46 
0.9999974 0.1633501 0.1034868 0.2110783 0.1746261 0.1823219 0.1339867 0.3304464 3.222565e-25 0.3244414 1 1 1 287.8341 575.6675 763.5292 925.4181 1022.697 1230.468 1230.465 1367.049 1651.452 1651.448 1363.637 47 
0.9999392 0.07993505 0.1979098 0.2986868 0.207911 0.2032044 0.2142594 0.3548722 0.01041386 0.1002306 0.5295913 0.9999483 0.9991161 613.1512 1226.265 1525.514 1757.145 1951.72 2204.96 2209.622 2255.172 2472.222 2664.979 2052.824 48 
0.9999145 0.155775 0.1272305 0.2611903 0.168936 0.2318306 0.06825099 0.2420628 0.2205575 0.09763642 0.2493544 0.352842 0.9999992 378.8871 757.7417 938.7307 1145.136 1191.735 1345.947 1452.401 1489.047 1573.661 1663.536 1450.617 49 
0.9999979 0.2414581 0.101323 0.1641894 0.151922 0.09553033 0.1736688 0.2719803 0.1093158 0.2512293 0.2876285 1 1 194.7341 389.4678 540.0672 620.3783 752.4325 923.3247 973.328 1075.685 1163.431 1380.754 1186.033 50 
0.9999922 0.2307605 0.0925899 0.1830399 0.1335686 0.2057957 0.2013294 0.1917771 0.1596706 0.3172576 7.35939e-12 0.6108644 0.9999999 225.4336 450.8655 585.2555 764.6599 904.0491 1010.091 1081.444 1200.588 1200.578 1357.204 1231.61 51 
0.9999108 0.1664603 0.0974108 0.2425308 0.1406623 0.07891 0.3064184 0.1447769 0.3771126 1.496178e-06 0.4917646 0.9999241 0.9920142 330.5406 661.0517 806.2041 876.1355 1126.44 1208.39 1391.066 1390.942 1539.286 1692.577 1362.881 52 
1 0.2148954 0.07103402 0.1365339 0.2049224 0.1779091 1.850159e-10 0.4727081 1.267282e-06 0.1598702 0.6586425 8.9421e-07 1 172.2449 344.4899 567.7138 721.7983 721.7983 1058.367 1058.368 1118.388 1326.131 1326.132 1261.555 53 
1 0.215705 0.09564661 0.1684698 0.2118084 0.1069406 0.1822809 0.1798872 3.632781e-06 0.2825871 0.2298957 0.522792 0.9999998 217.975 435.95 663.8299 754.5152 892.5586 1003.957 1003.959 1147.476 1231.239 1377.928 1293.852 54 
0.9999976 0.1551008 0.1372965 0.2585801 0.2189697 0.0776222 0.2737172 0.1460164 0.4421507 5.982884e-08 0.6122083 0.9999409 0.9993256 354.7385 709.4761 932.1956 993.8572 1194.42 1272.125 1473.068 1473.064 1628.273 1726.579 1371.871 55 
0.9999996 0.2287757 0.1240366 0.219599 0.2026796 0.144341 0.1122247 0.2354389 0.09461075 0.3323458 0.5198696 1 0.9999941 258.0105 516.021 701.8589 807.3818 877.583 1008.332 1048.503 1176.264 1309.694 1432.924 1174.917 56 
0.9999987 0.1426971 0.120967 0.2554075 0.120124 0.3613797 0.078816 0.258724 0.1998135 3.353208e-07 0.3667208 0.9999985 0.9999985 371.5558 743.1112 873.2285 1217.652 1265.622 1410.684 1493.729 1493.727 1615.687 1826.298 1454.757 57 
0.9999993 0.1531106 0.1572964 0.2644156 0.1727091 0.1909886 0.2457909 0.3275247 1.993441e-07 0.4492973 0.9999997 0.9999971 0.9999737 359.334 718.6677 891.3142 1049.26 1213.705 1378.973 1378.972 1531.432 1718.302 1718.301 1358.974 58 
1 0.9999998 0.02770971 0.05567898 0.08844298 0.1073749 0.1478268 0.1734697 0.2078205 0.2493516 0.3529396 0.491978 1 49.99973 99.99945 174.9991 258 360.0004 462.0005 563.0011 659.0011 761.0002 852.9998 898 59 
0.9999975 0.1777291 0.1071692 0.2367207 0.1367356 0.1878023 0.0606699 0.2758956 0.1571399 0.1768032 0.4826422 1 0.9999998 320.8325 641.6642 783.114 950.8265 994.8293 1182.799 1260.32 1333.836 1499.042 1676.131 1355.321 60 
0.9999978 0.1418996 0.112293 0.1748449 0.3067019 0.2188784 0.2300631 3.898756e-06 0.3970399 0.3721675 0.4486464 0.9996223 0.994869 253.7914 507.5823 874.928 1056.679 1205.903 1205.903 1404.183 1516.247 1601.062 1705.254 1451.524 61 
0.9999997 0.3241168 0.07678617 0.1401519 0.1135558 0.1539099 0.1029925 0.2448904 0.1216051 0.2373652 0.4048933 0.3946336 0.9999997 157.421 314.8419 424.5134 556.2792 630.8825 790.0009 849.6645 951.962 1085.04 1162.228 1123.216 62 
0.9999442 0.1448159 0.1427036 0.2342421 0.25844 0.06031386 0.1280867 0.201619 0.4185402 0.4549005 4.249255e-29 0.248747 1 345.3865 690.7537 982.5195 1032.965 1133.685 1271.936 1501.1 1645.887 1645.795 1688.885 1474.485 63 
0.9999721 0.2419557 0.08529053 0.1797292 0.1217557 0.1722447 0.12889 0.1156709 0.3151982 0.3715338 0.2156673 0.9999846 0.9982027 210.8776 421.7493 538.9188 684.4933 774.6532 845.1307 1014.993 1152.096 1202.091 1383.991 1173.307 64 
0.9999786 0.1940648 0.09472413 0.2239794 0.2324132 0.152342 0.2534738 0.2571041 3.681543e-05 0.3387243 0.5161287 0.9999766 0.9995693 278.3686 556.7313 780.8731 893.6365 1052.679 1173.101 1173.089 1290.943 1409.692 1521.013 1242.831 65 
1 0.1675537 0.1039157 0.1801163 0.2672026 0.1102282 0.08421831 0.4088815 0.3814393 5.602587e-08 2.772738e-05 0.9999909 0.9997521 244.7868 489.5737 787.3073 877.3117 938.4983 1210.542 1360.56 1360.56 1360.566 1603.833 1359.048 66 
0.9999999 0.2037105 0.08681374 0.1770334 0.1917165 0.06931541 0.2066427 0.1168184 0.2574633 4.121301e-05 0.2673081 0.517768 0.9999988 235.7179 471.4359 681.5132 742.9054 913.2411 989.6363 1138.339 1138.357 1252.992 1415.682 1331.489 67 
1 0.2308098 0.06425832 0.2125562 0.1612732 0.1015136 0.2713458 6.805096e-14 0.3260012 0.2780873 1.418499e-74 0.625272 0.9999993 260.0635 520.127 675.5042 757.5337 954.54 954.54 1127.004 1226.16 1226.16 1387.11 1223.504 68 
0.9999999 0.2131879 0.1037095 0.1794738 0.1104328 0.2521127 0.1294128 0.2160821 0.330775 0.2445144 0.2500516 0.5681984 0.9999998 225.2435 450.487 564.2082 795.1577 883.8192 1012.7 1167.359 1243.869 1302.98 1403.712 1255.022 69 
0.999999 0.1862872 0.08133381 0.2107927 0.2046693 0.1593003 0.1549868 0.07505758 0.3606685 0.4477333 0.453705 0.9992854 0.9919983 268.5069 537.0134 742.7648 870.1305 974.3073 1016.938 1206.419 1356.802 1440.961 1542.222 1273.796 70 
1 0.3159368 0.06211288 0.1296025 0.11502 0.121307 0.2100888 2.399727e-14 0.3167128 0.2655571 0.2986186 0.3974609 1 145.6624 291.3249 403.8436 508.8633 668.6812 668.6812 858.9932 968.0271 1058.076 1142.14 1123.916 71 
0.999999 0.2826611 0.08880826 0.1721635 0.150778 0.2458371 0.1496268 0.229603 0.1726752 0.2650454 0.5041154 0.9999997 0.9998259 184.0494 368.0986 501.5351 686.2939 771.1006 881.7651 945.8819 1027.303 1141.121 1253.081 1069.038 72 
0.9999869 0.1022516 0.1151481 0.366355 0.02466499 0.3059074 0.0007607704 0.1977268 0.3514685 0.2557886 0.1458881 0.9999986 0.9999967 655.3878 1310.767 1338.709 1676.901 1677.463 1829.058 2045.252 2147.277 2190.565 2444.135 1788.942 73 
0.9999985 0.200066 0.09859611 0.1700459 0.2068637 0.1919448 0.1477247 0.1125148 0.2154436 0.2848341 0.3050287 1 1 210.0112 420.0222 632.06 788.1058 885.1494 948.1434 1055.194 1166.231 1251.271 1445.027 1235.027 74 
0.999999 0.2218064 0.06067366 0.1489112 0.1812213 0.1008916 0.2927744 0.076026 0.1199227 0.4199134 1.652524e-30 0.3014248 1 193.9356 387.871 588.7403 680.304 919.2036 963.0763 1027.02 1224.071 1224.07 1306.122 1302.357 75 
0.9999719 0.1705643 0.09451863 0.2392352 0.1409828 0.1814909 0.1766464 0.2467584 0.200992 0.3128667 0.3420632 0.9999694 0.9984148 316.7165 633.424 775.3977 932.3951 1057.46 1201.303 1289.541 1399.292 1481.732 1640.327 1323.871 76 
1 0.1906464 0.1285384 0.172189 0.1799401 0.2202684 2.594416e-14 0.3129498 0.4055288 0.1515127 2.688452e-05 0.9999938 0.9999962 225.633 451.266 646.4555 842.3969 842.3969 1059.464 1252.718 1295.641 1295.648 1536.012 1310.38 77 
0.9999994 0.1054078 0.1490918 0.3034899 0.2302775 0.1611078 0.306281 2.788486e-06 0.3203069 0.7679568 0.999995 0.9999952 0.9997378 493.4761 986.952 1247.747 1388.19 1612.169 1612.169 1774.663 2039.464 2119.474 2119.473 1626.005 78 
0.9999981 0.1981848 0.077401 0.219294 0.09141825 0.2095947 0.1297381 0.1752029 0.2599065 0.1448171 0.7832512 0.9997037 0.9949854 277.6265 555.2524 645.6068 833.8256 925.912 1034.135 1166.552 1221.156 1473.722 1543.591 1266.001 79 
1 0.1761062 0.1151036 0.1487177 0.2603556 0.1637507 0.1777312 0.1842279 5.478165e-40 0.3369439 0.6482736 1 1 198.823 397.6459 693.9546 831.7972 956.9094 1063.546 1063.546 1222.648 1425.616 1535.738 1336.915 80 
0.9999991 0.121634 0.1230028 0.2637689 0.1940818 0.3259198 3.579339e-07 0.3611273 4.625891e-14 3.035487e-15 1 1 1 411.1915 822.3826 1045.133 1346.596 1346.595 1571.757 1571.756 1571.755 1970.091 1970.089 1558.908 81 
0.9999827 0.0845541 0.189916 0.2330099 0.3541314 0.1081263 0.4500202 1.741788e-07 0.2319457 0.9994172 0.9987842 0.9998029 0.9979521 437.7245 875.4415 1385.673 1486.271 1859.75 1859.718 1965.561 2315.915 2316.079 2316.04 1878.566 82 
1 0.08320917 0.1745788 0.3882525 0.4002556 2.426661e-07 0.4201194 5.620313e-05 0.5266908 4.92647e-05 0.9996232 0.9979444 0.9993101 709.2506 1418.501 1865.797 1865.797 2147.374 2147.396 2352.084 2352.093 2535.958 2536.027 1826.776 83 
0.9999816 0.1768503 0.1137272 0.1663091 0.2098411 0.2162675 0.1609197 0.1601828 2.76411e-06 0.5060101 1.646689e-07 0.9998986 0.998453 226.2576 452.5111 690.506 884.313 997.3242 1091.711 1091.692 1342.122 1342.097 1586.548 1360.464 84 
0.9999902 0.1995806 0.08443819 0.2161259 0.2415694 3.831569e-08 0.2894679 0.22339 8.428045e-17 0.58651 3.79932e-07 1 0.9999725 270.6793 541.3559 778.5079 778.5003 994.0242 1112.198 1112.187 1353.152 1353.138 1523.013 1252.415 85 
0.9999946 0.2503114 0.08832899 0.1777551 0.1431317 0.1880939 0.09156992 0.2818713 0.13343 0.4341271 0.4101074 0.9999486 0.9952333 203.8355 407.67 542.6245 694.588 754.6507 922.6125 979.7062 1140.689 1226.741 1350.513 1146.721 86 
0.9999994 0.1354936 0.1398622 0.2503681 0.2483282 0.05324919 0.2893043 0.2432865 5.186954e-06 0.336038 0.1841185 1 1 376.4904 752.9806 1032.91 1078.029 1310.11 1448.814 1448.815 1593.788 1646.527 1880.232 1503.747 87 
1 0.2967646 0.07323381 0.1403757 0.2099763 1.304028e-13 0.1763268 0.1880118 0.1240956 0.2499272 0.164011 0.5801988 1 165.1826 330.3652 542.7635 542.7635 683.6726 807.4271 873.7529 990.7556 1048.347 1218.666 1176.717 88 
0.9999527 0.231851 0.06219874 0.2013205 0.2371792 0.04085514 0.2024686 0.271452 0.1355443 0.3591671 0.4557471 0.9999735 0.996708 237.3248 474.6383 697.9239 727.2334 866.6726 1015.765 1069.97 1194.193 1295.19 1415.804 1178.841 89 
1 0.05355067 0.2001869 0.4009596 0.3580061 0.1406013 0.3012071 3.530726e-11 1 0.001094011 1 1 0.9999999 1008.692 2017.385 2556.901 2692.931 2943.371 2943.371 3524.388 3524.388 3524.388 3524.387 2515.695 90 
1 0.1642553 0.09102405 0.1822544 0.2329596 0.1797049 0.1780618 0.185667 0.06838839 0.3059229 0.2520357 1 1 255.7867 511.5733 778.9347 937.131 1065.712 1175.912 1208.966 1346.717 1425.486 1659.246 1403.46 91 
0.999999 0.3560354 0.06625889 0.136238 0.145839 0.07416529 0.1941096 0.1173262 0.206823 0.2433677 0.4014459 1 0.9999999 143.3134 286.6267 419.1388 476.6987 616.1754 684.115 789.8279 888.4926 1011.636 1195.243 1051.934 92 
1 0.1077693 0.1556767 0.322852 0.2019624 0.1371297 0.2019379 0.220459 0.3909759 0.3237592 0.4262791 1 1 529.0527 1058.105 1282.209 1403.642 1557.942 1692.377 1878.231 1971.962 2055.417 2167.738 1638.685 93 
0.9999963 0.1805015 0.09199563 0.2090073 0.1586746 0.1935572 0.1407065 0.08544016 0.3683041 0.1590206 0.4199186 0.9999997 0.999997 277.1137 554.2265 720.6333 891.4128 991.5295 1043.767 1249.715 1305.883 1430.622 1602.939 1325.857 94 
1 0.2356864 0.08966864 0.1738876 0.1373156 0.0916351 0.2546003 0.2127271 0.1383299 0.5440297 0.2795201 0.9999981 0.999826 203.7465 407.493 540.41 616.9299 810.052 930.3297 991.9045 1200.57 1249.456 1375.46 1171.714 95 
0.9999521 0.3278788 0.05819257 0.1432564 0.1597497 0.1998449 0.08819387 0.1150669 0.2531468 0.2412108 0.3108891 0.3790933 0.9999999 155.6161 311.2247 459.8826 616.1368 671.2911 736.9078 864.6809 955.5929 1044.498 1119.192 1086.277 96 
0.999992 0.3378222 0.06306563 0.1427769 0.1331483 0.1355066 0.2192107 1.765139e-07 0.2641567 0.3825697 0.2753845 0.539492 0.9999997 153.9964 307.9916 431.0959 539.698 691.5786 691.5732 834.4731 986.7604 1054.439 1150.515 1078.581 97 
0.9999967 0.1941005 0.07836655 0.2321493 0.2124945 0.2201811 0.09327945 0.1814391 0.2461347 7.316139e-12 0.5258313 1 0.9999994 293.7875 587.574 794.058 962.5462 1018.207 1116.377 1225.389 1225.385 1400.953 1559.27 1265.511 98 
0.9999976 0.2552335 0.09462123 0.1314375 0.182743 0.1881072 4.903697e-08 0.1925412 0.193259 0.1918269 0.3352453 0.3343058 1 164.623 329.2456 528.0433 695.2806 695.279 834.2576 946.8949 1037.09 1164.482 1248.928 1252.481 99 
0.9999965 0.24644 0.0990737 0.1975118 0.1635807 0.1456479 0.1452611 0.2687881 0.1741483 0.3204994 0.6276454 0.9997916 0.9909523 223.2744 446.548 594.9406 705.4514 799.6151 948.5446 1019.098 1126.334 1269.031 1353.668 1130.436 100 
