0.9378411 0.08454253 0.3881739 0.1195018 0.2076955 0.191424 2.887262e-05 0.2819841 0.4153209 0.04480367 0.9999952 0.9992201 0.9996651 212.9486 412.6605 712.8885 906.5434 850.2227 1080.809 1313.368 1250.637 1575.96 1478.002 1781.969 1 
1 0.04867546 0.4787898 0.1584721 0.06147653 0.2577173 0.4653401 3.079146e-13 0.6021465 1.567387e-12 3.008879e-07 1 1 369.8751 739.7502 860.4983 1335.57 1972.301 1972.301 2412.821 2412.821 2412.821 2703.883 2334.008 2 
0.2547941 0.1386771 0.8081716 0.03875413 0.06170595 0.09306649 0.1227254 0.127381 0.2154128 0.2121279 0.3263785 0.4995599 1 144.2206 180.9672 266.8442 380.3653 470.5027 460.0534 619.2032 545.6137 609.1697 639.9642 3721.426 3 
0.5622422 0.05465857 0.8685629 0.06166143 0.09650014 0.04830985 0.1417406 0.0792458 0.2257765 0.3658849 1.449013e-10 0.5097717 1 402.5035 628.808 944.6189 798.4542 1195.431 1030.329 1518.975 2033.028 1143.054 1684.3 6527.639 4 
0.8025668 0.0331616 0.6583336 0.07325036 0.08620674 0.0996048 0.08797875 0.286913 0.09653852 0.2641504 0.344417 1 1 452.3502 815.3915 1147.771 1442.065 1571.626 2493.486 2296.824 2574.186 2767.152 3555.52 6175.399 5 
0.9999877 0.03229273 0.4296851 0.2704648 0.04048897 0.2363702 0.1243226 0.5678432 0.6853625 0.9196317 0.9832526 0.9834727 0.9829346 805.2489 1610.488 1698.411 2191.006 2388.835 3180.16 3592.887 3767.107 3782.035 3782.239 2977.278 6 
0.8817306 0.04525826 0.479086 0.1073463 0.1660054 0.1067474 0.2101689 0.2720868 0.3016297 8.213165e-229 0.6111391 1 1 397.7389 748.4374 1208.976 1360.443 1717.39 2043.784 2229.354 1965.69 2337.814 2446.025 3705.196 7 
0.1667884 0.2613609 0.9033653 0.02795205 0.05936073 0.08729484 0.1001486 0.1427189 0.175366 0.2073416 0.4198498 0.5828496 1 61.21795 71.42839 138.2858 197.8738 216.0453 270.7584 292.4148 289.8442 435.2809 384.2338 2190.106 8 
1 0.04970642 0.3331876 0.1510236 0.2756717 0.1259856 0.1652247 0.1306067 0.5914207 3.420251e-142 0.0002021209 0.9999887 0.9999534 362.2162 724.4325 1285.753 1471.565 1684.549 1825.092 2378.385 2378.385 2378.462 2760.619 2398.407 9 
0.8528086 0.0374088 0.6436487 0.1219699 0.08171211 0.1000528 0.222833 0.2123022 6.598344e-48 0.4595702 6.52159e-97 1 1 588.1214 1089.676 1275.233 1476.513 2038.832 2316.016 1975.118 2668.738 2275.923 3098.458 4821.855 10 
0.8228644 0.04610207 0.5541686 0.1288457 2.604209e-08 0.2448709 0.1274838 0.2802815 6.970113e-12 0.4775001 7.480914e-07 0.9999712 0.999508 534.7201 974.7223 802.0643 1545.287 1619.601 2000.349 1646.016 2173.069 1788.141 2367.139 4150.082 11 
0.9999994 0.09024996 0.270053 0.1170286 0.1003223 0.1858483 0.2263122 0.09273986 0.117831 0.1851908 0.416882 1.428179e-05 1 199.5021 399.004 550.0116 801.6905 1051.208 1130.317 1221.507 1347.94 1579.845 1579.849 1704.729 13 
0.1653675 0.3221212 0.8527633 0.02775098 0.05567045 0.07802171 0.1146518 0.1554336 0.1334623 0.2707243 0.3325295 0.5343172 1 49.6711 57.88509 106.4509 145.8194 197.8251 241.2139 191.0897 297.3724 287.2456 302.8333 1789.886 14 
0.9322315 0.03479043 0.5301067 0.1582731 0.2256862 0.0996643 0.2779345 0.09734477 0.561012 0.2458322 1 1 1 574.9138 1110.866 1725.621 1844.63 2312.043 2305.182 2928.36 2879.836 3144.62 2931.514 3632.416 15 
0.8381854 0.06067817 0.4150503 0.08817892 0.1059049 0.1387181 0.1624758 0.295998 9.897894e-06 0.2556301 0.6545249 0.9999026 0.9989135 280.1833 515.0287 738.5234 978.358 1182.543 1544.288 1294.413 1421.233 1832.168 1873.953 3177.44 16 
0.1267399 0.3905636 0.8818807 0.04305387 0.06491099 0.08480518 0.1206428 0.1274335 0.1768269 0.2486061 0.3536801 0.5303337 1 64.01055 72.12324 101.4926 125.6873 162.8204 157.076 185.1061 214.6481 231.579 227.4176 1486.755 17 
1 0.02780541 0.4742022 0.1240362 0.3633817 0.03897119 0.1301291 0.2348125 0.2073326 0.4910875 3.252817e-08 0.9999872 0.9999079 467.5979 935.1957 2135.173 2217.101 2480.007 2892.676 3171.49 3694.968 3694.968 4237.439 3769.849 18 
0.2636737 0.1810694 0.9245389 0.03720438 0.05928029 0.07073993 0.1390941 0.1423666 0.1876003 0.217983 0.3703037 0.4301644 1 110.4539 139.5777 206.249 244.598 412.0522 414.9017 455.5051 446.8192 551.8447 462.9952 2968.842 19 
0.1255161 0.3814879 0.8976479 0.03570211 0.0694906 0.08620031 0.1049774 0.1184717 0.1316906 0.2356674 0.3527378 0.4802269 1 57.66936 64.9078 116.3872 139.5457 156.5522 160.0872 157.7065 233.6295 273.9564 249.9558 1615.293 20 
0.2021003 0.2280761 0.9024444 0.03059765 0.04334948 0.09305024 0.1195961 0.1312918 0.1651244 0.2286831 0.3157757 0.4555634 1 74.53678 89.60068 120.4778 234.5606 292.4467 295.9368 318.5649 363.5637 392.1252 393.7923 2436.03 21 
0.9999942 0.02491351 0.4809432 0.1587175 0.1409519 0.1558453 0.3479087 0.1558943 7.260571e-07 0.08203021 0.4962561 2.329489e-05 1 722.5847 1445.165 1985.011 2497.763 3464.045 3746.373 3746.352 3871.738 4568.157 4568.146 4552.647 22 
0.2531967 0.1087323 0.9603308 0.02583132 0.07560541 0.08820359 0.1014983 0.1455483 0.1138105 0.2258406 0.354126 0.517797 1 119.5604 149.8327 378.8378 463.557 503.1062 624.3848 490.154 708.0414 888.1191 894.2925 4628.506 23 
0.2077668 0.2246967 0.9752982 0.04948666 0.04367723 0.1142276 0.1301496 0.1313919 0.1933462 0.276688 0.3260735 0.4796265 1 120.1614 145.1269 130.9594 279.331 312.4868 288.3715 345.519 401.4787 364.4476 354.3057 2428.157 24 
0.5156903 0.07652157 0.8626114 0.05780615 0.08233094 0.0970941 0.1201957 0.1546554 0.1544925 0.3162822 0.5728394 6.712994e-25 1 287.5091 435.7748 610.5414 732.389 844.3834 963.7609 943.1446 1258.622 1605.358 827.8674 4973.677 25 
0.1729912 0.2500411 0.8807899 0.04352761 0.05598753 0.07248334 0.1030175 0.1457064 0.2059738 0.2185862 0.3116412 0.5240086 1 99.98344 117.2797 143.2946 175.1208 228.4681 290.9418 353.9559 317.0803 339.8863 388.7074 2297.012 26 
0.6504374 0.04757535 0.7077731 0.05959749 0.08748787 0.08757678 0.08509046 0.07979446 0.3282783 2.610199e-15 0.5439289 0.4668533 1 378.3576 624.4556 928.4887 1081.031 1126.108 1095.352 2086.274 1356.99 2411.674 2167.177 6348.55 27 
1 0.04729296 0.4092502 0.1686303 0.2972858 7.239188e-155 0.1361187 0.3206023 0.6547816 4.954267e-69 0.5359532 0.9998933 0.9998718 380.6868 761.3736 1319.33 1319.33 1498.855 1864.135 2370.985 2370.985 2514.205 2638.197 2257.523 28 
0.1637297 0.2516024 0.9339197 0.03534461 0.0653001 0.09538248 0.08901305 0.1333529 0.1778157 0.2405978 0.3540702 0.4559657 1 83.46567 97.13148 164.658 230.0537 209.1207 268.2354 314.3256 352.2864 393.8652 344.1325 2361.483 29 
0.5295043 0.05976552 0.8988606 0.05530614 0.09073006 0.1213881 0.1313154 0.1050313 0.333396 2.468406e-11 0.2840519 0.5092367 1 351.3755 537.4303 829.1249 1101.483 1212.883 1079.709 1814.534 960.8035 1214.603 1549.117 6353.282 30 
0.7114614 0.04963638 0.5600167 0.1308586 0.09607787 0.05661591 0.2656497 1.173387e-07 0.2104282 0.2785908 0.4614189 1 1 705.1485 1206.834 1308.595 1170.698 1893.864 1347.411 1575.788 1766.246 2027.449 2342.189 5388.63 31 
0.5548166 0.05568984 0.7472436 0.04485034 0.1280069 0.09341629 0.1829191 2.419625e-11 0.2706349 0.1716975 0.2807137 0.5042791 1 287.3084 446.7119 1031.07 1070.468 1478.691 820.4022 1524.779 1340.908 1414.209 1650.684 6405.935 32 
0.2925824 0.1689255 0.9152796 0.03777837 0.05451193 0.09280249 0.1273021 0.1606494 0.1841994 0.1975683 0.2798859 0.4848386 1 112.4764 145.385 198.7025 309.5043 403.3699 462.5229 466.8743 426.7073 454.6327 544.4032 2977.27 33 
1 0.03468088 0.3956016 0.1606157 0.229865 0.1429044 0.1556446 0.4710255 1.451698e-17 1.244887e-26 1.588136e-24 0.9999824 0.9997797 519.1053 1038.211 1661.803 1960.37 2239.083 2951.271 2951.271 2951.271 2951.271 3751.062 3231.971 34 
0.1879752 0.242602 0.9129342 0.03794008 0.04457774 0.1069712 0.1141148 0.1708252 0.1729496 0.2757933 0.3638165 0.5429157 0.9999998 90.68284 107.729 122.7559 258.0877 272.4027 348.1111 314.685 387.8752 386.9548 370.8796 2390.16 35 
0.0783466 0.5759535 0.919689 0.02499736 0.06484711 0.08334203 0.1015763 0.12305 0.1992354 0.2196819 0.3396201 0.505663 1 27.77982 29.95628 72.61079 90.13651 101.4079 110.6269 154.4659 140.8338 166.3287 165.7241 1111.31 36 
0.1695828 0.2128255 0.9609685 0.04593808 0.03987077 0.09772026 0.108579 0.1421068 0.1902418 0.2821106 0.3641086 0.4783258 1 122.1655 142.8826 125.3899 259.313 282.6292 326.362 375.1209 447.5987 431.6862 370.4133 2659.351 37 
0.7249936 0.02313381 0.8923208 0.08176821 0.04217402 0.09544732 0.1446531 0.139317 0.1576432 0.2659376 0.4190419 7.932421e-35 1 951.0009 1640.47 1639.726 2165.126 2908.137 3210.975 3401.752 3992.164 4659.28 3377.948 11630.45 38 
1 0.0709801 0.3918538 0.1563973 0.1985417 0.1789499 0.1415642 0.08596279 0.5111105 0.4134407 3.113526e-07 0.9999999 0.9999997 267.759 535.518 822.2685 1029.409 1163.951 1234.083 1615.228 1765.958 1765.958 1979.802 1712.043 39 
0.7044231 0.02739728 0.9999953 0.03859472 0.1410994 0.07583637 0.1829226 0.09963666 0.1342034 0.3852716 0.4734601 1 1 365.0049 622.1227 1721.166 1804.669 2591.44 2413.03 2412.341 3470.367 3782.535 4152.428 9457.379 40 
0.8383617 0.02354318 0.601436 0.1014215 0.1082645 0.1392621 0.1988692 0.1350699 0.3352882 3.267484e-30 0.4404568 0.9999893 0.9998468 764.5601 1405.538 1911.72 2443.928 3082.876 3147.174 3846.416 3224.688 3758.245 4490.728 7538.445 41 
0.1294945 0.3006429 0.9611793 0.02226375 0.06449754 0.08342834 0.1259433 0.1636515 0.1428444 0.2013033 0.3466756 0.4795693 1 43.2411 48.84058 128.804 164.8898 226.4244 262.2323 203.9861 231.8002 312.5199 295.7868 1942.22 42 
0.8573499 0.04548266 0.4649028 0.1712391 2.795089e-07 0.2748702 2.269232e-07 0.3695592 4.533809e-13 0.3824738 0.5408238 0.9999838 0.9994311 665.0565 1235.243 1059.036 1792.698 1536.97 2180.271 1869.255 2165.396 2347.925 2430.221 3883.788 43 
0.7081526 0.027938 0.8062227 0.1123212 0.03071016 0.1594135 0.08476333 0.190256 0.1553718 0.1925199 0.390041 1 1 1038.023 1773.101 1507.558 2335.173 2220.217 2736.134 2707.245 2722.631 3245.766 4359.203 9241.553 44 
0.9999994 0.04283615 0.4340513 0.1212921 0.2182693 0.1821986 0.3309751 0.3152307 0.7659117 0.9999726 0.9449198 0.996553 0.9922381 303.5458 607.0915 1087.078 1400.289 1865.592 2162.082 2655.376 2806.137 2806.139 2806.138 2502.602 45 
0.9254928 0.0296758 0.5503889 0.125642 0.1423658 0.2184336 0.4221052 1.85909e-24 4.122466e-22 0.4577429 0.3977873 0.999935 0.999468 606.6065 1168.016 1681.981 2347.491 3366.988 3116.123 2883.949 3417.589 3515.677 3787.69 4828.056 46 
0.9999993 0.03966284 0.4931725 0.1412053 0.2193043 0.204997 0.1139993 4.503251e-13 0.2713445 0.4373287 6.4469e-05 2.275871e-11 0.9999998 428.679 857.3576 1429.122 1846.375 2030.842 2030.841 2419.863 2876.724 2876.76 2876.758 3035.856 47 
0.7550073 0.03527162 0.6994541 0.09025527 0.10631 0.1264302 0.1417503 0.2911932 1.992807e-08 0.3208428 0.401399 0.9999751 0.999629 567.0497 995.1764 1359 1671.866 1894.795 2545.77 1922.075 2322.118 2493.231 2985.955 6282.733 48 
0.2301815 0.1941464 0.9089807 0.03778673 0.07499703 0.07245301 0.1195241 0.1493039 0.1590107 0.2054822 0.281527 0.5184437 1 108.1661 133.064 237.1989 239.1951 337.5189 388.3546 370.8546 391.2494 423.0309 537.9291 2862.543 49 
0.7729078 0.03632301 0.6843629 0.06299972 0.1132077 0.084894 0.2127193 1.299349e-25 0.3991366 3.845386e-17 0.5389645 0.1555184 1 385.4385 683.3469 1177.145 1341.399 2026.37 1566.197 2672.369 2065.495 2782.52 2308.418 6118.099 50 
0.2399424 0.1765629 1 0.01857458 0.07385591 0.108102 0.09840219 0.1401087 0.1801567 0.2212567 0.3794979 0.5284205 1 56.6381 70.22798 237.871 356.6874 328.8303 391.162 439.1173 452.9985 573.0288 538.6793 3049.226 51 
0.9999997 0.02972641 0.4942534 0.2032631 0.2492685 0.3564512 4.045947e-18 0.3735395 0.9994141 0.7283503 0.948655 0.983795 0.9843066 639.2713 1278.542 1903.152 2573.694 2573.693 3025.906 3783.866 3784.188 3784.302 3784.306 3145.043 52 
0.999984 0.04920081 0.4631684 0.1444221 0.2558844 0.1787415 0.116321 0.5384059 1.81082e-06 0.9998959 0.9526809 0.9910886 0.9833033 304.9489 609.8929 1072.154 1312.418 1440.816 1966.057 1966.026 2416.274 2416.28 2416.243 2111.511 53 
0.8581369 0.05212082 0.5110479 0.1024496 0.1174238 0.2378521 7.361539e-14 0.196865 0.2217483 0.2348147 0.5040577 1 1 364.5681 677.4174 956.3619 1491.17 1279.628 1521.044 1687.884 1763.757 2031.478 2252.881 3558.512 54 
0.5894955 0.04714193 0.8590001 0.07218231 0.06327123 0.09849819 0.2108254 1.566516e-09 0.2302707 0.170588 0.4404165 0.3958811 1 509.1086 809.2258 891.081 1129.076 1830.639 1079.153 1640.389 1539.643 2133.831 1874.669 7053.094 55 
0.7171768 0.02703924 0.8860793 0.075221 0.05711719 0.1400247 0.1518254 1.029178e-07 0.2045812 0.3837002 1.153041e-39 0.5320615 1 739.6754 1270.153 1430.33 2226.411 2716.24 1948.025 2676.562 3828.352 2745.605 3600.327 9833.363 56 
0.6160526 0.06132225 0.7146361 0.07220935 0.02943886 0.1334588 0.06641964 0.1870425 0.1936016 0.2200602 0.5917926 1.589516e-27 1 375.0727 606.1373 515.2832 941.6682 849.3206 1230.97 1353.884 1379.941 1995.06 1229.062 5194.241 57 
0.6988223 0.03454018 0.9522763 0.07557329 0.08682989 0.1259727 0.123665 0.1858887 0.1747124 0.3245421 0.6733759 1 1 550.0987 934.5199 1237.334 1638.733 1809.336 2139.277 2164.395 2538.774 3212.409 2942.536 7279.009 58 
0.3012836 0.1553359 0.8414944 0.03804646 0.06112738 0.06706364 0.1006196 0.1154833 0.1893893 0.2140371 0.2812311 0.5802401 1 128.7528 167.5438 249.4686 280.1307 371.3036 408.0217 552.526 560.0223 575.1522 776.0042 3384.093 59 
0.855763 0.03110709 0.608597 0.09416251 0.1155988 0.2394836 0.1340384 6.916096e-07 0.2469517 0.3037558 0.4304532 1 1 546.5262 1014.223 1475.701 2376.397 2507.623 2145.933 2592.636 2919.148 3189.213 3643.646 5804.074 60 
0.2520698 0.1548777 0.899742 0.02901973 0.08329293 0.09870562 0.1043795 0.1380822 0.1923694 0.1896228 0.3252999 0.5131187 1 96.85214 121.2656 300.487 368.9672 372.4777 425.0103 504.735 443.7599 551.9038 607.4376 3337.459 61 
0.9974011 0.04416046 0.4408344 0.172744 0.2075564 0.1764958 0.2397861 0.3499953 0.1841825 0.9999974 0.9934924 0.9996978 0.998091 430.3451 859.5719 1285.088 1569.99 1888.397 2241.327 2357.904 2893.942 2886.422 2878.921 2491.231 62 
0.1815294 0.1461935 0.8383636 0.03423471 0.06540212 0.08605926 0.09699167 0.1425671 0.1625349 0.2238744 0.2737177 0.5101948 1 129.9653 153.5578 267.6613 343.4747 366.096 469.6253 479.3573 541.6265 529.7096 680.1501 3796.3 63 
0.9999998 0.02233416 0.5712508 0.210596 0.1150789 0.2287179 0.4433861 3.657771e-06 7.358525e-12 0.4674008 2.852658e-15 0.9998783 0.9995809 985.1731 1970.346 2395.315 3142.737 4260.273 4260.277 4260.276 4915.999 4915.998 5663.098 4678.024 64 
0.9999941 0.04776742 0.4304957 0.1774501 0.203299 0.2382757 0.3871534 2.136117e-07 2.426469e-05 0.1282499 0.9993982 0.9747138 0.9999324 397.8732 795.744 1170.683 1520.787 1954.096 1954.085 1954.09 2042.046 2639.613 2639.948 2242.17 65 
0.9999999 0.06278859 0.2970804 0.1652456 0.08441728 0.1364557 0.2576291 0.2743189 0.0796763 0.2458368 0.3373973 0.250914 1 350.4546 700.9093 850.3578 1071.54 1432.15 1717.199 1777.28 1947.887 2124.473 2211.488 2120.81 66 
0.3712202 0.09203265 0.8785082 0.05735755 0.08012548 0.08779177 0.09338988 0.1142768 0.120865 0.241535 0.3353108 0.5668042 1 282.5055 387.3772 515.8116 566.423 574.1036 616.7496 607.0657 889.6486 1029.716 1168.151 4925.34 68 
0.3958775 0.09676717 0.8732819 0.03836516 0.06787232 0.07674898 0.113509 0.1218755 0.1805696 0.2261365 0.3245617 0.6288742 1 175.682 245.2305 395.9587 471.7786 616.9223 653.6619 791.4554 859.9687 947.5974 1169.739 4579.206 69 
0.943064 0.02845192 0.556035 0.08859823 0.3174471 0.1405308 0.476585 8.092321e-26 1.432776e-14 0.440801 0.9996033 0.9986325 0.9941211 386.648 751.2818 1971.125 2240.409 3224.856 3041.246 2868.089 3243.131 3741.145 3528.409 4364.06 70 
1 0.07825444 0.3456349 0.08412631 0.2827477 0.1797798 0.1190029 0.1239895 0.2929378 0.3102172 4.579948e-07 0.2230827 1 140.61 281.2199 714.0514 911.4449 1018.616 1116.991 1320.592 1473.043 1473.043 1548.664 1671.415 71 
0.2085002 0.2257764 0.8438237 0.03172749 0.06388438 0.08918997 0.1251245 0.1175884 0.1644837 0.2279351 0.3519266 0.5336267 1 79.72626 96.3492 175.5271 239.7436 309.5615 277.9617 321.3825 372.0113 441.1434 449.2583 2512.845 72 
0.2323232 0.1739126 0.9275615 0.04151066 0.0625558 0.08208883 0.139943 0.1132238 0.1777336 0.3157867 0.3401984 0.5581222 1 126.5015 155.8907 218.9391 275.6421 415.777 341.3512 420.0102 595.3347 505.2095 514.5245 3047.446 73 
0.3312322 0.1043782 0.9728768 0.0455259 0.05625963 0.0837605 0.136447 0.1390589 0.1544549 0.2352851 0.3647283 0.4781847 1 201.1959 267.8384 326.0297 441.4306 643.8962 651.2791 634.5666 749.6744 887.8368 826.7279 4419.372 74 
0.2698439 0.138355 0.8364659 0.05059082 0.0626058 0.1161412 0.1027109 0.1075528 0.1916994 0.2064413 0.2772936 0.5267971 1 195.1529 247.8137 296.1538 478.6329 440.8144 411.7813 576.9146 561.1353 583.6029 750.8634 3857.477 76 
0.4570107 0.0725626 0.9182866 0.05404389 0.04849835 0.09042135 0.1168034 0.1712829 0.1935424 0.2212061 0.4700407 2.658368e-10 1 303.1931 441.7556 459.2646 666.4766 841.0615 1079.182 1143.827 1122.444 1505.392 687.9802 5610.128 77 
0.1907816 0.2531598 0.9098319 0.03265034 0.06091868 0.06947646 0.111844 0.1151498 0.1541566 0.2853655 0.309499 0.5429361 1 75.05216 89.37073 152.5098 174.1735 250.5503 246.5206 282.4339 422.4702 366.2808 415.9269 2298.664 78 
1 0.1008446 0.3024435 0.08652886 0.1698599 0.2392141 0 0 0.5130926 1.023186e-156 2.294119e-52 0.5601346 1 128.9532 257.9063 489.143 759.4791 759.4791 759.4791 1200.618 1200.618 1200.618 1435.105 1490.291 79 
0.2193133 0.1819814 0.8883956 0.03206327 0.04861706 0.07778304 0.1094594 0.1390931 0.182959 0.2323898 0.3502335 0.4467965 0.9999998 93.41558 113.9029 162.0835 244.2357 324.3962 377.6274 429.8835 454.4577 516.3452 458.6304 2913.476 80 
0.2748057 0.1357846 0.917588 0.05294776 0.08563978 0.08249016 0.1232239 0.1198246 0.225647 0.2434802 0.3966022 0.423768 1 191.4766 244.0955 360.3825 357.3572 452.2543 426.1415 617.4373 587.7276 676.6711 518.0915 3616.33 81 
0.2365799 0.2675551 0.9386219 0.0333661 0.05154805 0.1067569 0.131169 0.1516677 0.1807914 0.2162911 0.3533427 0.5259137 1 67.27729 83.19375 120.1522 225.7753 270.0054 281.4677 286.6233 283.4569 343.1541 346.9187 2016.337 82 
0.5421159 0.05755089 0.8824271 0.04417427 0.108873 0.0900022 0.187979 0.1225564 0.2362436 0.193123 0.421997 0.9999794 0.993306 260.6382 401.9343 831.8938 903.2969 1349.371 1186.641 1413.089 1246.679 1523.239 1986.411 5900.226 83 
0.9281577 0.02666189 0.6027515 0.1439203 0.09264918 0.1270923 0.2856109 1.174119e-06 0.3700435 0.2965607 8.221004e-11 8.498604e-17 1 825.1807 1591.079 1931.532 2358.792 3299.68 3062.627 3870.314 4111.114 3815.762 3541.629 5733.596 84 
0.8373062 0.05260727 0.551737 0.05442115 0.1845571 0.05195559 0.1278384 0.1393458 0.3012107 0.009626952 0.4226059 0.9999955 0.9999954 209.1059 384.1916 992.23 984.7299 1183.591 1332.386 1750.675 1480.034 1855.872 2396.413 3842.365 85 
0.1224331 0.324553 0.9318859 0.02749527 0.06584868 0.09544219 0.1403037 0.1802088 0.2261225 0.1974742 0.3501627 0.5060709 1 52.38001 58.79305 129.1944 180.9974 241.8054 272.1397 282.8041 203.2347 264.8224 257.7682 1905.055 86 
0.1174978 0.4139717 0.9226649 0.03047219 0.05904268 0.09221296 0.09336939 0.1632384 0.1876077 0.253141 0.3874059 0.5168304 1 45.8963 51.28901 92.24482 137.5443 132.6254 200.1871 201.0512 218.2257 248.0698 210.9274 1506.17 87 
0.9999994 0.07156545 0.2918544 0.1829413 0.03468506 0.2499299 0.03322232 0.3399508 0.1429795 0.3115748 0.164178 0.3163104 1 335.4449 670.8897 722.8536 1084.305 1120.342 1476.855 1575.826 1760.663 1827.712 1935.683 1833.621 88 
0.7235895 0.02902138 0.8025342 0.1021596 0.1213621 0.05817989 0.07978083 0.2699365 1.730368e-29 0.2271755 0.5184116 5.237321e-06 1 895.9241 1544.205 2072.967 1902.485 1896.456 2990.791 2164.105 2560.373 3606.446 2609.595 8769.851 89 
0.9292956 0.04529828 0.4678264 0.1431718 0.1023904 0.2921115 0.2709832 4.124258e-13 0.3913434 3.584664e-20 0.5710996 0.9999957 0.9999959 441.5612 851.902 1062.243 1680.026 2016.252 1873.694 2220.259 2063.277 2342.895 2496.796 3084.135 90 
0.2374486 0.1459595 0.8742162 0.06004216 0.04886336 0.08864234 0.1104635 0.1540447 0.1927212 0.1830982 0.3469394 0.4676978 1 212.3876 262.8187 224.8727 333.7229 397.6118 489.3453 534.1725 447.4151 602.4544 579.9059 3537.307 91 
1 0.05335448 0.4941106 0.1527726 0.119825 0.1769363 0.2611402 1.297602e-33 0.7188842 7.402004e-13 3.773565e-06 1 1 337.4428 674.8857 899.1201 1190.554 1544.577 1544.577 2264.653 2264.653 2264.654 2546.235 2208.792 92 
0.1514954 0.187233 0.9520869 0.04324279 0.04904701 0.1038264 0.1085071 0.1316321 0.1758693 0.26151 0.3079492 0.5465036 1 128.1851 147.6045 161.4649 304.4833 308.3895 330.3524 379.1169 460.6921 420.4784 494.3957 2964.31 93 
0.9182419 0.03647744 0.5754994 0.08240999 0.1600227 0.2819493 4.031468e-36 0.3805514 1.018668e-37 9.679836e-10 0.3457848 0.9999423 0.9999452 328.9985 631.0987 1165.699 1937.957 1779.514 2474.836 2272.498 2086.703 2389.354 3089.342 3992.216 94 
0.5443958 0.07603787 0.7171584 0.03548946 0.1286727 0.06771067 0.102294 0.2503165 2.315712e-06 0.2119509 0.4651961 0.506013 0.9999999 170.9691 264.044 741.6212 677.8699 755.1364 1259.259 685.5412 911.6039 1427.505 1318.852 4817.462 95 
0.9999951 0.02993928 0.4953733 0.1785727 0.2118302 0.1232911 0.4323786 1.988267e-33 0.2273243 1 0.1925389 0.9989652 0.9979516 601.3181 1202.633 1788.558 2057.337 2883.741 2883.727 3130.339 3968.604 3968.585 3968.565 3367.357 96 
0.8682311 0.06201667 0.4428221 0.1257717 0.06267075 0.09956101 0.1663699 0.2589545 0.2081655 0.3424311 8.503284e-10 1 1 387.0218 723.0462 796.3653 942.4784 1196.034 1528.575 1619.135 1786.104 1550.751 2076.738 3077.178 97 
0.7616602 0.05166377 0.7256767 0.08590416 0.1435678 0.09599229 0.102473 0.1603829 0.2272467 0.3571845 0.4889764 0.9999988 0.9999992 387.1303 681.9921 1110.86 1184.758 1229.204 1395.334 1608.938 1888.844 2022.43 2150.498 4506.538 98 
0.2050227 0.2419649 0.9496913 0.04754576 0.05325405 0.07590988 0.1207982 0.1395387 0.1883656 0.2680322 0.343306 0.4473562 1 111.5875 134.4654 146.6106 190.7081 275.3409 296.3779 339.4515 391.4523 382.008 336.5371 2346.949 99 
0.9615643 0.04064773 0.5441346 0.1155688 0.2154669 0.05699399 0.3651757 0.3172124 0.1692203 0.2036662 0.9999686 0.9987575 0.9992036 344.468 675.6961 1217.731 1288.799 1951.46 2269.191 2325.024 2378.695 2846.516 2737.126 2980.631 100 
0.2654388 0.1639496 0.9738796 0.02646266 0.05803822 0.07971923 0.1540751 0.1495083 0.1699062 0.2371813 0.3218659 0.4754473 1 85.39383 108.0607 211.0141 291.9189 497.083 476.3714 459.3448 507.6803 534.0812 541.7728 3226.955 1 
0.2526028 0.1534238 0.8628753 0.03333616 0.06351283 0.07587518 0.1093082 0.1649912 0.2057012 0.2121343 0.32325 0.4570925 1 117.3237 146.96 253.1988 305.698 399.0532 533.4815 585.1953 516.7922 573.5101 568.7718 3519.412 2 
0.1745538 0.2277641 0.9124907 0.04456372 0.04595216 0.109951 0.09867975 0.12641 0.2010383 0.1928482 0.3639181 0.4929401 1 109.763 128.9226 130.6429 269.6614 244.2621 270.3148 363.5041 305.8824 422.6528 391.9284 2463.058 3 
