0.9377709 0.08460566 0.388398 0.119565 0.2078233 0.1914658 0.0005210681 0.2822759 0.3996651 0.06770189 0.9998621 0.9950492 0.997193 212.7871 412.3327 712.3098 905.6411 849.8068 1080.068 1300.587 1248.913 1574.077 1476.179 1779.678 1 
1 0.04865092 0.4794752 0.1585584 0.06150944 0.2578898 0.4580315 7.228382e-09 0.6072939 2.706755e-10 6.037646e-06 1 1 370.0624 740.1248 860.9205 1336.227 1962.701 1962.701 2412.876 2412.876 2412.878 2703.981 2333.919 2 
0.2547941 0.1386771 0.8081716 0.03875413 0.06170595 0.09306649 0.1227254 0.127381 0.2154128 0.2121279 0.3263785 0.4995599 1 144.2206 180.9672 266.8442 380.3653 470.5027 460.0534 619.2032 545.6137 609.1697 639.9642 3721.426 3 
0.5593828 0.05524136 0.8698039 0.0617114 0.09678084 0.04881078 0.1423834 0.08018551 0.227258 0.3629623 1.436149e-10 0.5159841 1 398.2571 621.0353 933.4319 789.1041 1182.131 1019.017 1502.646 1991.577 1114.054 1665.558 6453.541 4 
0.8025668 0.0331616 0.6583336 0.07325036 0.08620674 0.0996048 0.08797875 0.286913 0.09653852 0.2641504 0.344417 1 1 452.3502 815.3915 1147.771 1442.065 1571.626 2493.486 2296.824 2574.186 2767.152 3555.52 6175.399 5 
0.9999977 0.03221619 0.4310654 0.2717452 0.04071946 0.2378732 0.1253749 0.5732867 0.648116 0.9955505 0.9980728 0.998652 0.9985642 807.2278 1614.454 1702.538 2196.172 2394.457 3187.472 3570.026 3776.799 3777.712 3777.705 2970.531 6 
0.8807341 0.04541142 0.4799926 0.1072819 0.1660286 0.1070209 0.2105399 0.26157 0.2955465 1.579468e-159 0.6167223 1 1 396.4078 745.5376 1204.283 1355.061 1710.647 2013.896 2196.948 1934.927 2326.319 2435.528 3695.01 7 
0.1667457 0.2623142 0.9033848 0.02803279 0.05954221 0.08758352 0.1005178 0.1432977 0.1762027 0.2052357 0.421646 0.579318 1 60.9959 71.1667 137.7914 197.1759 215.2936 269.81 291.3968 285.0255 433.5803 379.0658 2175.877 8 
1 0.04925962 0.335566 0.152035 0.2777588 0.1271673 0.1669148 0.1317801 0.5913274 9.130644e-234 0.002684208 0.9999653 0.9998845 365.4748 730.9496 1297.136 1484.355 1698.841 1839.914 2389.521 2389.521 2390.541 2769.347 2403.885 9 
0.5874299 0.04484259 0.9312381 0.06706161 0.06095692 0.07865819 0.1493862 0.2181207 9.462082e-08 0.3269678 0.2098189 0.5189336 1 490.608 778.8057 873.5352 1017.271 1479.701 1964.814 1154.191 1962.1 1707.187 2086.695 7315.78 10 
0.7932093 0.04666414 0.5741552 0.09727387 0.04782237 0.2141772 0.1271122 0.2739322 1.363745e-08 0.4792943 4.5593e-07 0.9999998 0.9999912 428.6098 768.5872 799.8691 1445.636 1525.005 1921.298 1523.991 2112.915 1675.984 2311.589 4406.217 11 
0.999997 0.09054399 0.2701844 0.1170451 0.1003698 0.1859746 0.2265367 0.09309241 0.1182163 0.1533029 0.4373933 1.46535e-05 1 198.8551 397.7097 548.2739 799.2526 1048.114 1127.212 1218.305 1322.471 1574.112 1574.112 1698.962 13 
0.1653672 0.3221237 0.8527629 0.02779914 0.05576986 0.07816929 0.1148867 0.1557944 0.1338285 0.2715833 0.3339771 0.5378111 1 49.67064 57.88454 106.4499 145.8182 197.8229 241.2125 191.0878 297.3705 287.2433 302.8314 1786.769 14 
0.9313667 0.03485 0.5304946 0.158658 0.226506 0.100512 0.2798294 0.09914303 0.5675133 0.2551907 0.9992783 0.9971048 0.9961638 573.9363 1108.481 1721.775 1840.223 2306.466 2299.356 2921.183 2872.312 3117.38 2903.742 3617.444 15 
0.04093792 1 0.8907661 0.02702705 0.05228666 0.07931024 0.110487 0.1557892 0.1720698 0.2108434 0.3587786 0.5416681 1 17.00002 17.69596 32.72387 47.33963 60.93811 76.49463 72.13161 72.95301 96.98666 94.97078 629 16 
0.1266728 0.3913931 0.8819859 0.04311608 0.06501556 0.08495396 0.1208723 0.1277177 0.1772746 0.2493609 0.355118 0.5268035 1 63.87435 71.96549 101.2806 125.4285 162.4839 156.7571 184.7298 214.2036 231.1016 224.4015 1481.451 17 
1 0.01646635 0.5944377 0.1530799 0.4617793 0.1336775 3.323307e-05 1 0.9999984 1 1 1 1 789.5613 1579.123 3596.303 3910.592 3910.659 5947.4 5947.4 5947.4 5947.4 5947.4 5157.839 18 
0.2634782 0.1815174 0.924492 0.03724781 0.05936381 0.07085268 0.1393161 0.142658 0.1880382 0.2186244 0.3716593 0.4252191 1 110.1813 139.2117 205.7403 244.0096 411.0516 413.9132 454.4169 445.7608 550.5264 456.3876 2958.062 19 
0.1255143 0.3815012 0.8976561 0.03576064 0.06960654 0.08635647 0.1051848 0.1187335 0.1320225 0.2363508 0.3540716 0.483047 1 57.66831 64.9065 116.3815 139.5409 156.5458 160.081 157.7021 233.6227 273.9443 249.9482 1612.619 20 
0.202133 0.2284212 0.9025246 0.03064282 0.04341683 0.09320085 0.1198102 0.1315632 0.1655138 0.2293319 0.3125758 0.4561065 1 74.42402 89.46758 120.3021 234.2163 292.0215 295.5172 318.1091 363.0451 387.1875 393.0341 2428.759 21 
0.9999942 0.02491351 0.4809432 0.1587175 0.1409519 0.1558453 0.3479087 0.1558943 7.260571e-07 0.08203021 0.4962561 2.329489e-05 1 722.5847 1445.165 1985.011 2497.763 3464.045 3746.373 3746.352 3871.738 4568.157 4568.146 4552.647 22 
0.7025137 0.02309529 0.9319931 0.05279374 0.1289621 0.1094391 0.1070631 0.177208 0.04807744 0.3161014 0.4914488 1 1 562.8842 958.3181 1975.628 2350.606 2490.062 2988.915 2376.469 3401.394 4230.994 4877.883 10661.95 23 
0.2076689 0.2255978 0.9752661 0.04971778 0.04390549 0.1148307 0.1309456 0.1323255 0.1949098 0.2794714 0.3254219 0.4793698 1 119.6822 144.5365 130.4518 278.2387 311.2878 287.2772 344.1933 399.939 358.6326 348.3189 2407.232 24 
0.1480332 0.3763096 0.9159517 0.03676655 0.06587588 0.0841509 0.112506 0.1450133 0.1620424 0.2705154 0.4048653 0.4531083 1 58.46283 67.11727 110.8341 136.8058 167.6739 193.4612 189.7554 253.4755 283.5938 205.8769 1590.109 25 
0.1730802 0.2503956 0.8806903 0.04359473 0.05607606 0.07260595 0.103203 0.1460023 0.2064594 0.2192397 0.3084383 0.5244159 0.9999999 99.84376 117.1247 143.1025 174.8881 228.159 290.5536 353.4797 316.6676 335.4402 388.0282 2290.271 26 
0.837758 0.04702735 0.5277661 0.09171162 0.1213296 0.09741911 0.09104139 0.06754593 0.3968576 1.363121e-21 0.7577955 1 1 382.777 703.4516 1049.274 1203.538 1281.987 1258.582 2065.649 1730.514 2614.416 2562.495 4173.702 27 
1 0.05000806 0.3989117 0.1582865 0.2767494 1.136815e-87 0.1251111 0.2872881 0.5380908 1.295476e-44 0.3805937 6.095768e-06 0.9999999 360.021 720.042 1249.87 1249.87 1423.104 1771.127 2235.706 2235.706 2387.488 2387.49 2274.49 28 
0.163898 0.2525785 0.9340666 0.03550124 0.06560068 0.09585268 0.08949995 0.1341513 0.1790474 0.2394223 0.3485924 0.4568308 1 83.14431 96.77149 164.0438 229.2011 208.3645 267.2479 313.1733 347.0391 384.3432 342.5397 2342.011 29 
0.5297152 0.05986798 0.8986808 0.05539217 0.09086825 0.1215879 0.1280524 0.1068055 0.3333917 3.743526e-07 0.2840358 0.5092524 1 350.7799 536.5933 827.8047 1099.734 1194.263 1077.503 1811.148 959.3936 1212.644 1546.618 6332.662 30 
0.7188244 0.0495984 0.5545886 0.1334223 0.0971557 0.0563869 0.2685909 1.996529e-07 0.2118515 0.2825263 0.4708188 1 1 705.7154 1213.001 1317.26 1180.224 1897.208 1363.76 1585.377 1775.587 2036.738 2318.719 5289.337 31 
0.8886714 0.04022223 0.535893 0.09278164 0.2451645 0.09018075 0.1611438 5.964167e-15 0.4490919 1.180837e-16 3.594786e-15 0.6625754 1 397.7893 751.2933 1621.24 1705.52 1946.098 1729.442 2543.218 2260.086 2008.473 2602.796 4287.371 32 
0.2925824 0.1689255 0.9152796 0.03777837 0.05451193 0.09280249 0.1273021 0.1606494 0.1841994 0.1975683 0.2798859 0.4848386 1 112.4764 145.385 198.7025 309.5043 403.3699 462.5229 466.8743 426.7073 454.6327 544.4032 2977.27 33 
1 0.0346739 0.3969358 0.1607659 0.2195263 0.1406122 0.1686844 0.4663745 3.830883e-14 8.887075e-27 7.213417e-05 0.9999986 0.9999739 519.1873 1038.375 1633.351 1930.788 2237.433 2942.226 2942.226 2942.226 2942.284 3748.648 3229.462 34 
0.1879764 0.2434012 0.9129036 0.0381131 0.04479453 0.1075078 0.1147691 0.1719282 0.1743062 0.274907 0.3675049 0.5429709 1 90.38591 107.3763 122.3665 257.2562 271.5491 347.0201 313.7102 382.5497 385.5652 365.5818 2371.518 35 
0.07850955 0.5768499 0.9195399 0.02507322 0.06504894 0.0836192 0.1019453 0.1214577 0.199758 0.2203124 0.3370594 0.5057596 1 27.73681 29.91442 72.50358 90.00887 101.2665 108.7389 154.1678 140.635 164.3606 165.4178 1106.233 36 
0.1696646 0.2130729 0.9609976 0.04609136 0.04000869 0.09807441 0.1090142 0.1427457 0.1912405 0.2804664 0.3662771 0.4819667 1 122.0243 142.7275 125.2546 259.021 282.3183 326.0024 374.7089 442.4118 431.0471 369.9847 2647.444 37 
0.6953536 0.02470706 0.9065497 0.07710653 0.04207859 0.09264059 0.1406717 0.1388529 0.1587393 0.3718726 4.199558e-322 0.4677466 1 890.441 1509.612 1498.178 1987.558 2685.167 2972.463 3155.08 4338.446 3016.754 3792.05 11548.19 38 
0.9999798 0.07140534 0.3908768 0.1561974 0.1983405 0.1788159 0.1416428 0.08625608 0.5107708 0.3946477 0.0002149229 0.9999562 0.999905 266.1612 532.317 817.4889 1023.586 1157.637 1227.695 1606.863 1750.167 1750.179 1969.951 1704.005 39 
0.7044604 0.02750045 0.9999992 0.03868641 0.1414483 0.07605267 0.1835017 0.09381116 0.1385718 0.3782474 0.4780563 1 1 363.6422 619.8137 1714.774 1798.004 2581.952 2367.924 2403.034 3420.921 3767.855 4136.922 9399.74 40 
0.8383617 0.02354318 0.601436 0.1014215 0.1082645 0.1392621 0.1988692 0.1350699 0.3352882 3.267484e-30 0.4404568 0.9999893 0.9998468 764.5601 1405.538 1911.72 2443.928 3082.876 3147.174 3846.416 3224.688 3758.245 4490.728 7538.445 41 
0.1294945 0.3006429 0.9611793 0.02226375 0.06449754 0.08342834 0.1259433 0.1636515 0.1428444 0.2013033 0.3466756 0.4795693 1 43.2411 48.84058 128.804 164.8898 226.4244 262.2323 203.9861 231.8002 312.5199 295.7868 1942.22 42 
0.8527297 0.04580221 0.4671735 0.170904 1.697131e-17 0.2720592 2.090413e-07 0.3749934 5.23462e-19 0.3894955 0.507126 0.9999647 0.9985561 662.1107 1226.712 1046.054 1765.871 1505.811 2160.855 1842.625 2140.463 2277.684 2381.966 3874.168 43 
0.7081526 0.027938 0.8062227 0.1123212 0.03071016 0.1594135 0.08476333 0.190256 0.1553718 0.1925199 0.390041 1 1 1038.023 1773.101 1507.558 2335.173 2220.217 2736.134 2707.245 2722.631 3245.766 4359.203 9241.553 44 
0.9999999 0.04317167 0.4329789 0.1217714 0.2193029 0.1834064 0.333652 0.3193609 0.7433449 0.9999992 0.9081401 0.997321 0.9934002 301.1842 602.3684 1078.732 1389.754 1851.791 2146.481 2613.345 2774.54 2774.539 2774.539 2473.357 45 
0.9195107 0.02989962 0.5538605 0.1248846 0.1422598 0.2188155 0.4205387 1.333918e-23 2.218458e-23 0.4815856 0.3923817 0.9998781 0.9990426 602.0509 1155.643 1662.793 2320.771 3322.763 3055.316 2809.396 3372.125 3433.908 3673.431 4820.858 46 
1 0.03993261 0.493056 0.142359 0.2214318 0.2076832 0.09991101 5.049328e-33 0.2882315 0.4401417 4.215526e-13 7.17863e-06 1 425.7944 851.5888 1419.605 1834.386 1992.485 1992.485 2403.013 2849.217 2849.217 2849.221 2990.991 47 
0.6366351 0.03947414 0.807646 0.06903075 0.08813002 0.1097108 0.1280471 0.2692458 1.015123e-24 0.2975416 0.344338 0.633233 1 506.6616 829.2202 1130.102 1403.049 1603.535 2323.183 1479.02 1993.284 2123.952 2383.051 7339.651 48 
0.229941 0.1953205 0.9090671 0.03793552 0.07532219 0.07281699 0.120149 0.1502075 0.1572326 0.2071637 0.2835397 0.5113349 1 107.5151 132.2372 235.7831 237.8069 335.5505 386.1039 363.601 388.7663 420.5326 524.5504 2834.154 49 
0.5867851 0.04492207 0.8371635 0.04381469 0.08560306 0.07855284 0.1995168 6.338501e-15 0.2749191 0.2152812 0.4166124 0.3426949 1 311.6546 494.5288 872.3994 1000.442 1730.398 1015.372 1856.93 1805.673 2146.933 1781.606 7113.015 50 
0.2399598 0.1768584 0.9999999 0.01860072 0.07396533 0.1082759 0.0985836 0.140393 0.1805838 0.2218985 0.376263 0.5291215 1 56.54201 70.10982 237.4793 356.1059 328.3075 390.5373 438.4195 452.2827 566.4635 537.5972 3039.775 51 
0.9999996 0.02980159 0.494026 0.2036607 0.2499067 0.3577104 3.756832e-18 0.3757104 0.9996731 0.7036355 0.9441909 0.983843 0.9843519 637.654 1275.308 1898.402 2567.396 2567.395 3018.705 3768.367 3768.538 3768.605 3768.608 3130.963 52 
0.9999939 0.04896434 0.4646538 0.1449381 0.2569128 0.1796051 0.116857 0.541914 8.382579e-06 0.9999031 0.9209248 0.9944587 0.9895439 306.4101 612.8183 1077.227 1318.476 1447.244 1974.638 1974.629 2420.39 2420.415 2420.404 2114.076 53 
0.8581311 0.05218713 0.5110379 0.1025287 0.1175391 0.2381495 2.200622e-06 0.1971712 0.2222039 0.2354452 0.4870795 1 1 364.0827 676.5133 955.1284 1489.387 1278.094 1519.23 1685.919 1761.745 2010.045 2249.553 3551.032 54 
0.6416188 0.04261749 0.8263988 0.07943343 0.06564068 0.1028507 0.1678244 0.08879972 0.2022563 0.1685519 0.5893923 1.488238e-08 1 563.1573 924.4896 1021.575 1282.657 1741.13 1521.426 1815.232 1722.497 2726.967 1749.673 7089.677 55 
0.1846395 0.1848048 0.9588871 0.03571301 0.0462755 0.09278199 0.107381 0.1109406 0.1583648 0.2528698 0.2727875 0.474231 1 108.2226 128.2047 158.8941 287.9118 324.6536 310.3177 375.0485 496.2705 435.8017 515.5778 3030.34 56 
0.1719511 0.2852946 0.8434056 0.04065278 0.03532484 0.09223937 0.08359393 0.1454342 0.1840837 0.2256717 0.3972267 0.4609594 1 80.61973 94.48239 83.45221 183.637 170.8455 251.4185 283.4069 288.9667 377.1208 293.8805 1983.13 57 
0.6943885 0.03504512 0.9530827 0.07510626 0.08662747 0.1258173 0.1186553 0.1891696 0.1755431 0.3249473 0.6736722 1 1 542.17 918.6466 1216.269 1611.818 1751.768 2105.196 2130.569 2500.049 3164.345 2889.174 7218.705 58 
0.3010358 0.1562745 0.8413894 0.03818812 0.06138385 0.06737972 0.1011164 0.1161356 0.1905704 0.2122061 0.283937 0.5730552 1 127.9781 166.5041 247.9808 278.5029 369.1461 405.6763 549.3265 550.4163 571.5708 758.6319 3351.254 59 
0.8556382 0.03113129 0.6090212 0.09421391 0.1156736 0.2396825 0.134288 8.234987e-06 0.2368612 0.3116719 0.4303848 1 1 546.1087 1013.38 1474.416 2374.421 2505.707 2144.003 2558.362 2915.921 3185.886 3640.39 5796.476 60 
0.7917416 0.03576645 0.6985048 0.07244302 0.169468 0.1279545 0.09183901 0.1723772 0.2993303 1.319668e-07 0.4740883 1 1 419.3983 751.4534 1504.993 1762.232 1752.417 1996.31 2455.57 1944.177 2510.319 3064.702 5789.354 61 
0.9938591 0.04417431 0.4424546 0.1707554 0.2053568 0.1752692 0.2381943 0.3473409 0.1880227 0.9999946 0.9930343 0.9995618 0.9970458 430.2173 857.7926 1281.572 1564.689 1881.226 2231.984 2346.281 2884.652 2866.941 2849.335 2519.494 62 
0.1815294 0.1461935 0.8383636 0.03423471 0.06540212 0.08605926 0.09699167 0.1425671 0.1625349 0.2238744 0.2737177 0.5101948 1 129.9653 153.5578 267.6613 343.4747 366.096 469.6253 479.3573 541.6265 529.7096 680.1501 3796.3 63 
0.9999981 0.02232573 0.5714229 0.2116119 0.1158344 0.2303172 0.447393 2.485598e-06 1.428949e-09 0.4750515 7.998078e-21 0.9996734 0.9991254 985.4802 1970.959 2396.245 3143.907 4261.748 4261.743 4261.735 4917.644 4917.634 5642.2 4657.016 64 
0.9999941 0.04776742 0.4304957 0.1774501 0.203299 0.2382757 0.3871534 2.136117e-07 2.426469e-05 0.1282499 0.9993982 0.9747138 0.9999324 397.8732 795.744 1170.683 1520.787 1954.096 1954.085 1954.09 2042.046 2639.613 2639.948 2242.17 65 
0.9999999 0.05405003 0.318581 0.1717068 0.08657131 0.130201 0.2753415 0.3016962 4.198736e-09 0.2818198 0.4175183 7.628633e-07 0.9999999 407.1279 814.2557 984.2762 1217.846 1647.474 1988.607 1988.607 2211.128 2447.887 2447.888 2371.065 66  
0.3709207 0.09225024 0.8785586 0.05741919 0.08023434 0.08793675 0.09356507 0.1145131 0.1211518 0.2421335 0.3364515 0.5618417 1 281.8493 386.3931 514.5476 565.0756 572.7552 615.3238 605.6602 887.5827 1027.34 1154.619 4908.626 68 
0.3955867 0.09701178 0.8732089 0.03849009 0.06811788 0.07706226 0.1140055 0.1224923 0.1815964 0.2277259 0.3275129 0.6290353 1 175.2377 244.5594 394.9347 470.5966 615.3933 652.0481 789.5047 857.8588 945.2772 1156.55 4552.8 69 
0.939964 0.02855027 0.5576473 0.08782223 0.3146925 0.1404228 0.4762854 3.988787e-21 2.2964e-12 0.4183551 0.9998413 0.9990916 0.9960517 385.3306 747.5276 1962.14 2229.492 3218.556 3025.327 2843.698 3189.531 3716.108 3493.122 4387.621 70 
1 0.07825444 0.3456349 0.08412631 0.2827477 0.1797798 0.1190029 0.1239895 0.2929378 0.3102172 4.579948e-07 0.2230827 1 140.61 281.2199 714.0514 911.4449 1018.616 1116.991 1320.592 1473.043 1473.043 1548.664 1671.415 71 
0.2085002 0.2257764 0.8438237 0.03172749 0.06388438 0.08918997 0.1251245 0.1175884 0.1644837 0.2279351 0.3519266 0.5336267 1 79.72626 96.3492 175.5271 239.7436 309.5615 277.9617 321.3825 372.0113 441.1434 449.2583 2512.845 72 
0.8661897 0.03919461 0.6218398 0.1363414 0.1269417 0.1318857 0.2885686 2.481399e-08 0.2976863 0.7911267 0.9998795 0.9999798 0.9970091 561.3113 1047.513 1358.705 1586.307 2151.698 1863.779 2185.115 2957.967 2843.372 2462.933 4116.954 73 
0.3312322 0.1043782 0.9728768 0.0455259 0.05625963 0.0837605 0.136447 0.1390589 0.1544549 0.2352851 0.3647283 0.4781847 1 201.1959 267.8384 326.0297 441.4306 643.8962 651.2791 634.5666 749.6744 887.8368 826.7279 4419.372 74 
0.8114177 0.04408373 0.5696069 0.1259568 0.09104564 0.2027672 0.04675305 0.08169925 0.2954498 0.1584864 0.2892691 0.9999893 0.9999445 612.4787 1109.455 1287.187 1827.771 1627.078 1560.097 2062.423 1974.526 2064.541 2811.244 4862.609 76 
0.6241392 0.04352792 0.8737419 0.07006354 0.0509151 0.1020628 0.1251186 0.1808679 0.3000438 1.456917e-09 0.4635552 1.694077e-15 1 505.4261 820.8823 853.9036 1182.772 1453.52 1811.849 2360.145 1473.059 2248.762 1403.541 7213.824 77 
0.1909741 0.2537482 0.9098322 0.0328044 0.06121499 0.06983732 0.1124647 0.113568 0.1552118 0.2869958 0.3076721 0.5467303 1 74.87808 89.17785 152.174 173.802 250.0011 242.0576 281.6329 421.5039 361.5706 414.845 2282.562 78 
1 0.1008446 0.3024435 0.08652886 0.1698599 0.2392141 0 0 0.5130926 1.023186e-156 2.294119e-52 0.5601346 1 128.9532 257.9063 489.143 759.4791 759.4791 759.4791 1200.618 1200.618 1200.618 1435.105 1490.291 79 
0.963564 0.03666183 0.5530464 0.1424259 0.1193792 0.1886887 0.2336186 0.2335964 0.3196648 0.321053 0.9997638 0.9993874 0.9993355 463.764 910.6304 1210.807 1630.687 2037.355 2320.285 2610.331 2771.173 3211.35 3094.469 3256.179 80 
0.274585 0.1361393 0.9175501 0.05301449 0.08576651 0.0826395 0.1234592 0.1201007 0.226198 0.2442821 0.3983029 0.4174498 1 190.982 243.4228 359.4299 356.4366 451.1055 425.0676 615.8685 586.2321 674.951 509.4585 3602.449 81 
0.2365799 0.2675551 0.9386219 0.0333661 0.05154805 0.1067569 0.131169 0.1516677 0.1807914 0.2162911 0.3533427 0.5259137 1 67.27729 83.19375 120.1522 225.7753 270.0054 281.4677 286.6233 283.4569 343.1541 346.9187 2016.337 82 
0.5310623 0.05952436 0.8861515 0.04367465 0.1081048 0.08712306 0.1889361 0.1246612 0.2372064 0.1901751 0.426616 0.999986 0.9932039 252.0084 385.8406 801.441 854.3988 1302.592 1146.016 1365.221 1187.728 1471.347 1911.137 5770.131 83 
1 0.02784927 0.5460473 0.1940917 0.1161768 0.1596732 0.348594 1.872813e-45 0.4966077 2.502997e-258 0 2.287714e-11 1 790.0644 1580.129 1961.248 2424.203 3273.529 3273.529 4061.699 4061.699 4061.699 4061.699 4070.573 84 
0.8373062 0.05260727 0.551737 0.05442115 0.1845571 0.05195559 0.1278384 0.1393458 0.3012107 0.009626952 0.4226059 0.9999955 0.9999954 209.1059 384.1916 992.23 984.7299 1183.591 1332.386 1750.675 1480.034 1855.872 2396.413 3842.365 85 
0.1225274 0.3248688 0.9318407 0.02753681 0.06595084 0.09559924 0.1405582 0.180589 0.2267045 0.1945073 0.3504063 0.5060682 1 52.32913 58.74089 129.0748 180.8316 241.5837 271.894 282.5513 199.9814 264.4589 257.5213 1900.334 86 
0.1175756 0.4143327 0.9227537 0.03051856 0.05913361 0.09236303 0.09353922 0.1635631 0.1880533 0.2507349 0.3875807 0.5168339 1 45.85738 51.24909 92.16844 137.4301 132.5224 200.0231 200.891 215.6411 247.7528 210.7523 1502.606 87 
0.9999998 0.07195951 0.2921214 0.182945 0.0348073 0.2500643 0.0334931 0.3137602 0.1741138 0.2882456 0.1909282 0.3168769 1 333.5904 667.1807 719.0384 1078.63 1114.749 1441.777 1566.313 1736.586 1816.861 1924.654 1823.446 88 
0.9073464 0.02624638 0.6480819 0.1807043 0.1868743 0.04423704 0.07777552 0.3672874 1.05534e-33 0.2254268 0.7709136 1 1 990.6526 1889.518 2553.797 2478.74 2520.56 3469.365 3147.916 3315.396 4224.434 4194.44 5482.175 89 
0.9292956 0.04529828 0.4678264 0.1431718 0.1023904 0.2921115 0.2709832 4.124258e-13 0.3913434 3.584664e-20 0.5710996 0.9999957 0.9999959 441.5612 851.902 1062.243 1680.026 2016.252 1873.694 2220.259 2063.277 2342.895 2496.796 3084.135 90 
0.2375299 0.1461476 0.8743158 0.06025385 0.04904514 0.08899039 0.1085504 0.1549173 0.1933319 0.1838152 0.3486102 0.4711541 1 212.1157 262.4995 224.6051 333.314 390.2811 488.5054 533.4619 446.8632 601.7087 579.2032 3520.367 91 
1 0.05335448 0.4941106 0.1527726 0.119825 0.1769363 0.2611402 1.297602e-33 0.7188842 7.402004e-13 3.773565e-06 1 1 337.4428 674.8857 899.1201 1190.554 1544.577 1544.577 2264.653 2264.653 2264.654 2546.235 2208.792 92 
0.1515915 0.1877958 0.9520973 0.04337897 0.04920982 0.1041866 0.1089308 0.1297162 0.1765982 0.2623106 0.3045011 0.5468854 1 127.7992 147.1725 160.9986 303.5867 307.5032 324.0724 377.8644 459.3412 413.9327 492.821 2946.11 93 
0.9182419 0.03647744 0.5754994 0.08240999 0.1600227 0.2819493 4.031468e-36 0.3805514 1.018668e-37 9.679836e-10 0.3457848 0.9999423 0.9999452 328.9985 631.0987 1165.699 1937.957 1779.514 2474.836 2272.498 2086.703 2389.354 3089.342 3992.216 94 
0.5443958 0.07603787 0.7171584 0.03548946 0.1286727 0.06771067 0.102294 0.2503165 2.315712e-06 0.2119509 0.4651961 0.506013 0.9999999 170.9691 264.044 741.6212 677.8699 755.1364 1259.259 685.5412 911.6039 1427.505 1318.852 4817.462 95 
0.5376962 0.03962734 0.9119066 0.04957326 0.0744828 0.07177613 0.1613225 0.09801168 0.1694975 0.3751795 4.600904e-12 0.5315564 1 454.2512 698.5003 1024.25 1129.273 1814.184 1590.483 1814.517 2739.179 1472.846 2353.098 9163.229 96 
0.8683385 0.06222216 0.4434446 0.1261144 0.0568663 0.09808144 0.1713715 0.2593236 0.1970927 0.3501469 6.529852e-09 1 1 385.7477 720.7072 777.8195 922.6704 1190.838 1522.631 1597.197 1779.226 1544.97 2069.677 3058.713 97 
0.7617676 0.0518383 0.7257466 0.08610507 0.1439321 0.09628286 0.09673558 0.1647439 0.2277739 0.3477337 0.4948819 1 1 385.8356 679.7527 1107.237 1180.999 1206.123 1390.235 1603.475 1863.33 2015.246 2143.294 4480.986 98 
0.2050691 0.2423179 0.9497386 0.04761409 0.05333659 0.07603502 0.1210117 0.1398221 0.1888082 0.2688131 0.3399536 0.4479735 0.9999999 111.4233 134.2727 146.4069 190.4451 274.9565 295.9722 338.9842 390.9182 377.3643 335.8822 2340.132 99 
0.9615643 0.04064773 0.5441346 0.1155688 0.2154669 0.05699399 0.3651757 0.3172124 0.1692203 0.2036662 0.9999686 0.9987575 0.9992036 344.468 675.6961 1217.731 1288.799 1951.46 2269.191 2325.024 2378.695 2846.516 2737.126 2980.631 100 
0.2656101 0.1644137 0.9738796 0.0265413 0.05821526 0.07790738 0.1547669 0.149818 0.1703174 0.2378771 0.318164 0.4762859 1 85.15284 107.7703 210.4405 285.0477 495.4693 475.0497 458.1245 506.3394 526.5891 540.0827 3208.314 1 
0.2527931 0.1535992 0.8627781 0.03338853 0.06361153 0.07599711 0.1095014 0.1628276 0.2062043 0.2121276 0.3232533 0.4570913 1 117.1886 146.813 252.9254 305.3688 398.6269 526.3986 584.3178 516.1995 572.9018 568.1869 3509.845 2 
0.9278401 0.0456255 0.4872214 0.17749 0.05059518 0.3146217 1.586075e-42 0.1648051 0.4000394 1.428971e-112 0.9999967 0.9985015 0.9983723 547.9992 1056.455 1108.707 1787.259 1658.29 1810.961 2232.384 2071.296 2749.846 2551.42 3087.494 3 
