0.01113684 0.01373878 0.008230048 0.01349429 0.01907277 0.02102704 0.0242852 0.03090338 0.03693783 0.04328151 0.05851198 0.08195091 1.487635e-15 14.84315 19.12907 18.92525 21.67768 24.30301 24.31222 27.32594 29.61257 31.73801 32.37126 1 
0.01155459 0.01391431 0.00874881 0.0125337 0.01849322 0.02288681 0.02835019 0.03244507 0.03824423 0.05058613 0.06269137 0.09746929 1.338772e-14 13.56067 18.54242 20.7804 23.47843 22.59614 26.6035 27.17007 30.71519 33.10449 33.11136 2 
0.01189482 0.01378794 0.00918388 0.01229524 0.01888472 0.02279976 0.02744894 0.03327514 0.04001867 0.04875159 0.05774329 0.08090737 2.468236e-15 13.25722 19.0135 20.32951 22.89686 24.00463 25.97493 27.4341 30.44501 35.02571 35.19129 3 
0.01192806 0.01394039 0.008988696 0.01356475 0.01862436 0.02283777 0.0268474 0.03169622 0.03738772 0.04590243 0.06302508 0.09083504 1.271979e-15 14.89081 18.58274 21.29251 22.81293 24.91497 26.24553 29.86808 32.47147 35.93464 35.90309 4 
0.0108261 0.01344451 0.008275242 0.01432552 0.01842817 0.02194765 0.02603527 0.03085536 0.03594287 0.04389367 0.05813418 0.0796986 1.136725e-15 15.44922 17.76291 20.31991 22.12441 23.9066 25.04431 28.30083 30.03705 34.37143 33.16542 5 
0.01132008 0.01413078 0.00813336 0.01321908 0.01700873 0.01995075 0.02376641 0.02905858 0.03533348 0.04246844 0.05380832 0.07596007 2.700767e-16 14.42948 16.91927 19.00269 21.09724 23.22382 24.48816 26.019 28.63965 30.8992 30.85695 6 
0.0117988 0.01388828 0.008995356 0.01293804 0.01956968 0.02338233 0.02579152 0.03154879 0.03937323 0.0465159 0.05855688 0.08483002 2.465908e-15 14.22831 19.86585 20.89833 21.79137 25.22776 26.18095 28.35076 31.25599 35.44999 34.71276 7 
0.01148018 0.01399853 0.008733449 0.01327334 0.01769702 0.0217802 0.02656831 0.03210455 0.03733566 0.04291604 0.05347211 0.0758424 8.739264e-16 14.50093 17.64267 20.40534 22.41042 23.84155 24.38452 26.59497 29.00153 33.03108 32.05543 8 
0.01194678 0.01417949 0.009087162 0.01373197 0.01843499 0.02196156 0.02529362 0.03000252 0.03634224 0.04366949 0.05624216 0.08407233 5.953686e-16 15.01069 18.26337 20.45742 21.9047 24.29865 26.11943 28.18057 31.93587 34.61516 34.86081 9 
0.01134042 0.01404537 0.008778605 0.01223586 0.0171911 0.0199149 0.02210451 0.02614453 0.03290298 0.04216933 0.05555332 0.08081705 2.657676e-16 13.05487 17.13116 18.36112 19.46861 21.62932 24.02971 25.79161 28.10326 30.56738 30.56731 10 
0.01068163 0.01349605 0.008310058 0.01135576 0.01783145 0.02100809 0.02529205 0.02938148 0.03468732 0.04267844 0.05178652 0.07575558 2.244747e-16 12.17514 18.05155 18.92922 21.58488 21.64312 24.04802 24.86649 27.73195 31.04023 30.16972 11 
0.01070448 0.01350887 0.007911014 0.01371997 0.01833164 0.02093501 0.02543724 0.03017425 0.0347851 0.04416084 0.06059477 0.08676934 1.061943e-15 14.56179 17.70073 18.83865 21.61534 22.23105 23.77701 26.62948 28.27025 31.43036 30.72256 12 
0.01207489 0.0144457 0.009075202 0.01262177 0.01757905 0.02230131 0.02563932 0.02873 0.03494201 0.04496249 0.05999299 0.08761689 1.757282e-16 13.5027 17.43263 20.45241 20.7503 22.05944 24.4717 26.59274 28.75229 31.4623 31.24054 13 
0.0113584 0.01380823 0.008637455 0.01358407 0.01892372 0.02327636 0.02711093 0.03118324 0.03682079 0.04599642 0.06274202 0.09476685 3.928346e-16 14.68453 18.62324 21.00643 22.02199 23.37389 25.08635 27.73461 30.37872 32.67816 32.57039 14 
0.01168232 0.01409108 0.008877525 0.01334991 0.01759657 0.02149083 0.02414814 0.02625432 0.03102811 0.03853954 0.05262985 0.08503517 2.146305e-16 14.44931 17.43468 20.08279 20.4987 21.7053 24.25579 26.55952 30.52009 32.341 32.25578 15 
0.01103733 0.01410031 0.007962915 0.01249852 0.01803081 0.02267504 0.02623722 0.02949795 0.03495627 0.04181279 0.0533556 0.08237826 1.217221e-23 14.08617 18.74053 21.22576 21.5615 22.36827 24.08795 24.8599 28.30562 29.57079 28.91913 16 
0.01177353 0.01456718 0.008574334 0.01244693 0.01881005 0.02104112 0.02419825 0.02879877 0.03615039 0.04429122 0.05164479 0.07944933 1.475841e-14 13.39669 18.82969 18.41214 20.80327 21.84567 24.57762 23.88528 27.73276 29.79667 29.14292 17 
0.01162 0.0138607 0.008763616 0.01259782 0.01706536 0.02164067 0.02755183 0.03114561 0.03501867 0.04505714 0.05948165 0.09108717 1.593995e-15 13.31329 16.70806 20.02666 22.79172 21.71209 24.92181 26.82193 30.0409 32.53369 32.79996 18 
0.01190213 0.01434437 0.009189954 0.01186617 0.01586627 0.01931642 0.02376609 0.02968067 0.03681986 0.04447624 0.05341888 0.07206754 4.096544e-16 12.76842 15.99275 18.53004 21.01599 23.14033 24.39819 25.53078 27.86854 31.40669 31.78481 19 
0.01071698 0.01361403 0.007833708 0.01290803 0.0173013 0.02082023 0.02381494 0.03021662 0.03720652 0.04149508 0.05400063 0.08351046 7.012959e-16 13.84507 17.11419 19.15792 20.00376 23.13092 22.72161 24.31818 27.45643 29.36065 29.23515 20 
0.01161336 0.01402769 0.008728449 0.01242481 0.01822289 0.02177162 0.0255815 0.03015438 0.03603277 0.04372693 0.05710338 0.09146462 1.042667e-16 13.66172 18.60965 19.92368 21.73073 22.78818 24.59511 25.93112 29.75468 30.9984 31.80103 21 
0.01161117 0.0140583 0.008949142 0.01192196 0.01815164 0.02087896 0.02526897 0.03131036 0.03582561 0.04225361 0.05663552 0.07927318 4.888825e-16 12.87397 18.34717 18.9044 22.30009 23.83754 24.12235 27.49235 29.77599 33.26022 32.77469 22 
0.009872212 0.01290684 0.00722449 0.01405886 0.01891473 0.02255925 0.02543114 0.02945047 0.03632798 0.04710172 0.06231644 0.07856575 1.148496e-16 14.89081 18.1065 19.99472 20.65668 22.46335 24.41328 26.64332 27.54294 31.05203 30.75544 23 
0.01137067 0.01420309 0.008411296 0.01240715 0.01706445 0.02166335 0.02536831 0.02848709 0.0330616 0.04204507 0.05572047 0.07481359 3.653736e-17 13.05593 16.72243 19.64757 20.2637 20.95889 22.44178 25.00194 26.02228 29.15096 28.53475 24 
0.0116753 0.01390478 0.00898248 0.01234625 0.01711098 0.02242343 0.02599303 0.02838989 0.03492121 0.04484902 0.05451788 0.06946642 5.394109e-17 13.62798 17.48936 21.47978 21.57141 22.81411 26.03098 27.67676 29.62439 33.5724 34.01835 25 
0.0110259 0.01350652 0.008745156 0.01326055 0.01789853 0.02127894 0.02567305 0.03052775 0.0352536 0.04207219 0.05289569 0.07278835 1.097368e-16 14.20967 17.57237 19.57362 21.89867 23.06711 24.3809 26.79063 29.14239 33.12915 32.76076 26 
0.01131545 0.01386336 0.008532007 0.01399011 0.01982744 0.02210741 0.02521492 0.02960585 0.03642049 0.04555259 0.05341868 0.07436563 2.002757e-16 15.24513 19.58437 19.31226 21.67634 22.66883 25.5514 26.21896 28.9322 32.17557 32.23475 27 
0.01130879 0.01381473 0.008637888 0.01255805 0.01771818 0.0229577 0.02709053 0.0306413 0.03647105 0.04464169 0.05677103 0.0851339 7.438063e-15 13.43495 17.57583 20.96988 21.4324 22.48436 24.36223 25.92965 28.88367 31.88898 31.41644 28 
0.01127872 0.01358853 0.008545888 0.01407689 0.02020627 0.0245163 0.02798511 0.03200498 0.03908895 0.04995125 0.06204192 0.08501204 9.723251e-16 14.87241 19.38976 21.25051 22.35841 24.00996 26.83561 28.93221 30.93966 36.53022 35.15684 29 
0.01123506 0.01390176 0.008450542 0.01255568 0.01820785 0.0213066 0.02571535 0.03285397 0.03903172 0.04312362 0.05613207 0.0790212 7.25588e-15 13.65122 18.32241 19.42051 22.22182 24.56635 23.80455 26.52699 28.94843 32.04342 31.64996 30 
0.01153557 0.01388006 0.008745726 0.01313206 0.01884195 0.02417896 0.02888146 0.03253972 0.03784065 0.04562514 0.05641899 0.08404542 4.096672e-16 14.18096 18.68349 21.77626 22.55664 23.10179 25.21049 26.58164 29.93471 33.01837 32.57418 31 
0.01155898 0.01418812 0.008570541 0.01223301 0.01804819 0.02301895 0.02554281 0.027994 0.03460023 0.04560381 0.06146428 0.08477691 2.081773e-15 13.01648 17.92223 20.65435 20.06234 21.62574 24.09229 26.44383 27.48971 31.19058 30.00518 32 
0.01160414 0.014161 0.008942188 0.01248486 0.01570655 0.0214293 0.02598688 0.0287375 0.03430151 0.0458815 0.06245339 0.07572034 2.309941e-05 13.60913 15.79004 20.87213 21.51942 21.96614 24.64005 27.35797 27.6529 31.41575 31.46941 33 
0.01190174 0.01388243 0.009287905 0.01356304 0.01812292 0.02294575 0.02829458 0.03342315 0.03663135 0.04380662 0.06048535 0.07494793 1.831089e-16 14.64899 17.8324 21.27366 23.133 24.13397 24.54759 29.14588 30.82302 34.21259 35.92945 34 
0.01152634 0.01358739 0.009173969 0.01242167 0.01882604 0.0228841 0.02754322 0.03211795 0.03628125 0.04543741 0.06179878 0.08948762 1.985054e-16 13.23245 18.70892 20.34725 22.79291 23.1971 25.17478 28.43051 31.19768 34.87128 35.40681 35 
0.01151577 0.01390993 0.008749879 0.01224157 0.01810946 0.02330747 0.02747049 0.03070537 0.03530127 0.04257978 0.05296564 0.07561301 3.134369e-16 13.69354 18.81586 21.73986 22.1888 22.79433 24.48565 26.45675 28.74334 32.81112 31.63302 36 
0.01086687 0.01357206 0.008250959 0.01229243 0.01611803 0.0209742 0.0257914 0.02984995 0.03529116 0.04443767 0.05843101 0.08251217 5.618647e-15 13.2554 16.14471 20.07666 21.70067 22.40322 24.3319 26.32376 28.67846 31.11454 31.71548 37 
0.01177167 0.01446015 0.008544041 0.01286963 0.01564103 0.01934655 0.02451207 0.02770592 0.0321163 0.04071674 0.0541389 0.08348075 4.088496e-15 13.67605 15.35776 18.48017 21.05314 20.61284 23.1367 24.8334 27.51819 29.63365 29.29103 38 
0.0117653 0.01408052 0.008569179 0.01313844 0.01961571 0.02511301 0.02921612 0.03196554 0.03692061 0.04609643 0.05956875 0.08267542 1.068697e-16 14.65075 20.04926 22.94007 23.22112 23.91445 26.27188 28.73358 31.04946 34.37771 33.61741 39 
0.01153909 0.0140706 0.008519705 0.01248956 0.0179438 0.02288254 0.02725461 0.03303713 0.03900406 0.04251037 0.05297792 0.07586982 5.682896e-17 13.95967 18.52882 21.57047 22.54995 24.75213 24.22985 26.51668 29.09385 32.98874 31.8134 40 
0.01109878 0.01374756 0.008408669 0.01346849 0.01835491 0.0234256 0.02744536 0.03280574 0.03963249 0.04502646 0.05949411 0.0966653 6.691282e-15 14.24784 17.73373 21.0533 21.45147 23.93017 24.1305 26.19063 29.82444 32.26422 31.66548 41 
0.01130761 0.01403427 0.00849431 0.01194902 0.01819609 0.02318854 0.02757232 0.03178939 0.03680651 0.04461164 0.05389675 0.06651443 4.715894e-16 13.11219 18.63847 21.21062 22.21745 22.9314 24.15825 26.24247 27.07062 31.36448 30.95498 42 
0.0115396 0.01405258 0.008780463 0.01481056 0.01926138 0.02072892 0.02493406 0.03119755 0.03607981 0.04221452 0.05564004 0.07786288 2.409461e-16 15.96171 18.46554 18.65694 22.10376 23.98461 24.40549 27.50812 29.76567 32.99583 32.75155 43 
0.01190276 0.01387851 0.00952242 0.01399821 0.01892832 0.02141236 0.02469017 0.0308095 0.03782814 0.04359272 0.05603538 0.09336604 1.092047e-14 14.71173 18.0986 19.09117 21.38789 24.31412 25.64997 27.39928 32.34121 35.29104 35.49953 44 
0.01143226 0.01384261 0.008712595 0.0140632 0.01818696 0.02152358 0.02394285 0.02680605 0.0347846 0.04571515 0.05689336 0.08580346 4.49571e-16 14.99107 17.53343 19.68208 20.26459 21.97547 25.80217 26.68493 29.4948 33.00805 32.23246 45 
0.01250592 0.01464814 0.009387397 0.01178952 0.01772064 0.02141171 0.02501099 0.02960545 0.03522759 0.04206132 0.05279717 0.07549482 1.542719e-16 13.11651 18.4623 20.09275 21.85232 23.41571 24.99445 26.71411 29.81474 32.76911 32.79172 46 
0.01149304 0.0140492 0.008271312 0.0136535 0.01815486 0.02005687 0.02411983 0.03001042 0.03514328 0.04055611 0.05329461 0.08350386 5.617855e-16 14.73865 17.82128 18.40562 21.49349 23.40241 23.95115 26.13192 29.48316 32.45764 31.11048 47 
0.01200536 0.01366173 0.009573238 0.01580188 0.0210803 0.02489701 0.03142562 0.0384629 0.04446558 0.05869658 0.07771986 0.0002472821 9.347952 16.28049 19.00649 20.99922 24.58506 24.49057 27.58775 29.87914 32.23301 31.9998 37.12285 48 
0.01185214 0.01366196 0.00949393 0.01449865 0.01938645 0.02408997 0.02844661 0.03344267 0.04211096 0.05326905 0.06329952 NaN NaN 15.19193 18.18572 21.11444 21.98311 23.95688 26.40158 27.04054 31.43143 29.75073 34.72577 49 
0.01177425 0.01392062 0.008871812 0.01304636 0.0188964 0.02206027 0.02518441 0.0306639 0.03704501 0.04633533 0.06446548 0.08791787 2.895027e-05 14.0446 18.76272 19.74152 21.55267 23.98018 25.1501 28.57257 30.44729 33.42126 34.35772 50 
0.0118384 0.01430062 0.008749819 0.01257646 0.01815448 0.02116952 0.02536616 0.03034014 0.03501225 0.0433747 0.0599185 0.09056092 5.897033e-16 13.74456 18.37798 19.33164 21.91021 22.81011 23.9194 26.83356 29.09954 31.47886 30.99553 51 
0.01095165 0.01375502 0.00821076 0.01328625 0.01651537 0.02176878 0.02590641 0.02880492 0.03391895 0.04303863 0.05918812 0.09084337 3.407636e-05 14.17625 16.09924 20.47171 20.8643 21.69158 23.61345 25.89402 28.47285 29.80714 30.40122 52 
0.01151457 0.01386687 0.008496382 0.01337057 0.0183764 0.02115801 0.02488313 0.02879474 0.03586553 0.04527306 0.0568035 0.09688102 1.483573e-14 14.28787 17.99854 19.19715 21.57905 22.50578 26.09705 26.38737 31.43176 32.58538 33.59977 53 
0.01092966 0.01372967 0.007826957 0.01512236 0.01742961 0.02192603 0.02708144 0.03179163 0.03607528 0.04259706 0.05925133 0.09473995 5.618843e-16 16.20566 16.25048 20.83666 22.3465 23.7064 24.348 27.41287 30.74958 32.59761 32.22798 54 
0.01150524 0.01371453 0.00905525 0.01343843 0.01757562 0.0217809 0.0262223 0.03087168 0.0374025 0.04585788 0.05651468 0.07997926 2.243482e-16 14.2904 17.11189 20.14865 21.78379 23.21829 25.39456 26.96906 30.2717 33.43404 34.65379 55 
0.011048 0.0139034 0.008248623 0.01313129 0.01581458 0.02130129 0.02645819 0.02892204 0.03347515 0.04167742 0.05033356 0.06858014 4.77481e-17 14.3379 15.72933 20.77661 21.96528 21.55921 24.40128 25.58306 27.85255 31.06828 30.75004 56 
0.01205464 0.01420541 0.009775738 0.01152979 0.01732835 0.0210417 0.02605049 0.03206186 0.03846911 0.04781037 0.06291504 0.08314437 7.531439e-16 12.20126 17.29877 19.19431 22.13592 23.43245 24.8252 27.24872 29.42224 32.52718 34.10047 57 
0.01203403 0.01396167 0.009381281 0.01329329 0.01900361 0.02440749 0.0278872 0.03204734 0.03760773 0.04694341 0.07073489 0.1050761 5.019533e-16 13.98404 18.39959 21.65427 21.50365 24.17152 24.69063 29.64 31.56547 34.75642 35.16605 58 
0.01101715 0.01367841 0.008467592 0.01297083 0.01819193 0.02275958 0.02638414 0.03106394 0.03743739 0.04667427 0.06412075 0.09275778 1.934229e-15 13.76338 17.77491 20.52527 21.24734 23.30201 24.38003 27.21725 28.99111 32.29257 31.41855 59 
0.01139115 0.01363693 0.008653096 0.01333536 0.02128084 0.0247201 0.02579867 0.03138036 0.03937226 0.04738157 0.06050503 0.09032289 5.341014e-16 14.15195 20.84662 20.25709 21.21503 24.53719 26.02282 28.04184 31.41875 34.73422 34.59149 60 
0.01128278 0.01405136 0.008578718 0.01196494 0.01782803 0.01996573 0.02212799 0.02739418 0.03324927 0.040806 0.05341085 0.0738108 1.15007e-16 12.83142 17.90637 18.04017 19.70098 22.3631 23.3455 25.7638 27.50346 30.6268 29.91002 61 
0.01132838 0.01374319 0.008621151 0.01353315 0.01765327 0.02087214 0.02589746 0.03247414 0.03912879 0.04454103 0.05420228 0.08507615 3.663425e-15 14.75373 17.44085 19.73811 22.81005 24.88031 25.6494 27.09615 30.72144 35.40734 33.30659 62 
0.01160559 0.01391428 0.008828648 0.01393988 0.01754028 0.02156557 0.02465751 0.02898484 0.03604946 0.04389742 0.05626248 0.08632888 2.652759e-16 14.93958 16.93664 20.30911 20.96394 23.74711 25.89529 27.53883 31.48508 33.9592 34.31575 63 
0.01146794 0.01429019 0.008631171 0.01272536 0.01674813 0.02040876 0.02302793 0.02802504 0.03445122 0.04194441 0.05496119 0.07830284 5.205597e-05 13.49623 16.44992 18.91583 19.46974 22.21145 23.09879 25.03194 27.1644 29.40072 29.4832 64 
0.01146227 0.01389592 0.008551243 0.01326213 0.01852572 0.02271745 0.02659363 0.03219066 0.03831989 0.04503029 0.06163553 0.09149095 3.363473e-16 14.27263 18.29256 20.51215 21.68277 23.87345 24.19911 27.11008 29.98714 31.62265 33.11252 65 
0.01151369 0.01380235 0.008833611 0.01368293 0.01777707 0.0211593 0.02422245 0.02883285 0.03566514 0.04456598 0.05681433 0.07719826 4.024928e-16 14.95554 17.67018 19.86667 20.94403 23.28047 25.18927 27.29136 29.48937 33.02497 33.63522 66 
0.01107292 0.01369927 0.008550335 0.01331663 0.01716207 0.01988752 0.02384911 0.0287866 0.0350042 0.04431138 0.0572521 0.07322078 3.931434e-17 14.14096 16.7222 18.53863 20.84723 22.51697 24.35024 26.60359 28.18079 31.55253 32.34813 67 
0.01181337 0.01412257 0.008967974 0.01243603 0.01755963 0.02153628 0.02462609 0.03004035 0.03784599 0.04603586 0.05693848 0.07882602 9.20604e-16 13.26259 17.45415 19.62857 20.40053 23.04032 24.31579 25.65741 28.30912 31.08196 32.16462 68 
0.01136273 0.01388453 0.008313728 0.01037925 0.01649898 0.02143936 0.0248676 0.02986579 0.03743905 0.04411737 0.05309744 0.08061509 1.721431e-16 11.19255 16.99809 20.03139 20.52906 22.77223 23.938 24.20273 27.9745 30.218 30.52548 69 
0.01138627 0.01389528 0.008528728 0.01373711 0.01657633 0.02122556 0.02524483 0.02936261 0.03474624 0.04307943 0.05419404 0.06587165 1.094417e-17 14.99554 16.31199 20.60111 21.43788 23.35547 24.69582 27.7133 28.213 33.47557 32.93116 70 
0.0114004 0.01356798 0.008686731 0.01344648 0.02008731 0.02344139 0.0268865 0.03349766 0.04206511 0.05115996 0.06212877 0.08519321 4.7465e-15 14.84479 20.3028 20.65075 22.89589 25.38046 26.83614 28.41579 31.26488 34.98495 35.67582 71 
0.01154709 0.01389418 0.008842393 0.01257432 0.01600145 0.02061743 0.02605207 0.02998667 0.03511021 0.043133 0.05341927 0.0801122 2.585883e-05 13.09682 15.55286 19.16036 21.28401 21.1624 23.54684 24.598 27.87888 30.72628 31.15243 72 
0.01237246 0.01425588 0.009671958 0.0139 0.017838 0.0208573 0.02394708 0.02775681 0.03301365 0.04091402 0.05516965 0.08253472 2.691981e-15 14.89102 17.36732 19.43346 20.94369 22.86883 25.08479 27.91674 31.44372 33.71247 35.26925 73 
0.01099025 0.013841 0.008021162 0.01360591 0.01848902 0.02289619 0.02824896 0.03464028 0.0394364 0.04370136 0.05817258 0.08167858 1.518163e-16 14.93919 18.38385 21.07729 23.1376 24.35529 23.65808 26.62513 28.93964 31.14068 31.08062 74 
0.0117394 0.01411553 0.009250422 0.01170102 0.01718917 0.0202577 0.02368929 0.02823942 0.03394941 0.04052159 0.05214252 0.08046107 1.817949e-17 12.61376 17.43673 18.73122 20.64357 22.16176 23.80683 25.15654 28.88614 31.05873 31.36316 75 
0.01196039 0.01391088 0.009081521 0.01322007 0.01945354 0.02322992 0.02769433 0.0325642 0.03694995 0.04568261 0.06382859 0.1017466 4.860607e-16 14.36419 19.44094 20.81435 23.47889 24.22724 26.09824 29.51829 33.19241 35.55742 36.11749 76 
0.01088421 0.01324084 0.008590141 0.01161643 0.01835896 0.02220405 0.02640308 0.03023365 0.0357237 0.04587578 0.0569835 0.08042334 4.131922e-16 12.76894 18.95605 20.32481 22.75806 22.88162 26.02362 27.66947 30.15596 34.64282 33.7314 77 
0.01059292 0.01340798 0.007681654 0.01332297 0.01859315 0.02272157 0.0280581 0.03281183 0.03815567 0.04903266 0.06062354 0.07530081 6.849649e-16 14.79378 18.76 21.13736 23.78255 23.65673 26.27511 27.98297 28.91778 33.2571 32.26494 78 
0.01144351 0.01385859 0.0085143 0.01350448 0.01824206 0.0223003 0.0252967 0.03037705 0.03464636 0.04039729 0.05807503 0.08996737 1.907152e-15 14.40562 17.78924 20.21438 20.73778 23.51247 22.93562 27.17723 29.89426 32.19012 32.13467 79 
0.01244574 0.0138698 0.009963044 0.01444841 0.01970473 0.02341895 0.02757625 0.03171591 0.03600485 0.04302937 0.05646297 0.08912904 9.365745e-16 15.39511 18.9587 20.96624 23.15368 24.45259 26.91034 30.13857 34.69667 39.26232 39.40944 80 
0.01109589 0.01399773 0.00839666 0.01212772 0.01619105 0.02004728 0.0242724 0.02831071 0.03297383 0.04034652 0.05156681 0.06982779 7.417513e-17 12.99913 16.21295 18.95158 20.74775 21.57766 22.95587 24.95412 26.90238 29.61155 29.73681 81 
0.01187325 0.01449086 0.00863157 0.01196551 0.01645193 0.01995485 0.02281491 0.02817266 0.03514983 0.04237591 0.05279897 0.07207733 8.934757e-16 13.29164 17.0337 19.32229 20.36365 23.35406 24.43782 25.86275 28.11191 30.81499 31.03682 82 
0.01105264 0.01368277 0.008635546 0.01386681 0.01879931 0.02149495 0.02479499 0.0300309 0.0359461 0.04263364 0.05334181 0.07683891 4.758093e-16 14.57772 17.99474 19.00245 20.8775 22.86886 24.07926 26.07254 28.63458 32.4884 31.80367 83 
0.01120424 0.01375009 0.008469626 0.01527379 0.01933385 0.02185432 0.02676654 0.03233961 0.03726154 0.04572424 0.06259473 0.09215243 5.069406e-15 16.57085 18.39111 20.01604 23.15162 24.24951 25.68735 28.79021 31.4553 33.86861 34.15182 84 
0.01033289 0.01345853 0.007898578 0.01250231 0.01600627 0.02147441 0.02438242 0.02620223 0.03269871 0.04072108 0.05113927 0.07859033 3.440544e-16 13.35877 15.85173 20.32345 19.72471 20.91016 23.6535 24.3066 27.38402 29.78792 28.59749 85 
0.01043849 0.01336689 0.00790243 0.01365633 0.01818783 0.02172562 0.02582831 0.02917633 0.03563046 0.04645797 0.05800074 0.08161428 2.836726e-17 14.78524 17.86732 19.97079 21.7455 22.06571 25.33829 26.36328 28.65158 31.38968 31.16916 86 
0.01164188 0.01377748 0.009059335 0.0135999 0.01904925 0.02129863 0.02466817 0.03049903 0.03722047 0.04561969 0.06091806 0.0938646 5.921221e-15 14.25284 18.28534 18.76896 21.51041 23.95706 25.71083 28.23462 31.84035 34.625 35.36967 87 
0.01191654 0.01359651 0.009393758 0.01173868 0.01867705 0.02407491 0.02936585 0.03427754 0.03965464 0.04997522 0.06656668 NaN 10.68061 12.25729 18.32665 20.85374 22.32777 22.5193 24.38244 26.79826 29.16509 28.53358 33.44455 88 
0.01152943 0.01385865 0.009015538 0.0124515 0.01723411 0.02066545 0.02478196 0.02901679 0.03353147 0.04286015 0.05900695 0.08033401 1.522581e-16 13.69441 17.51845 19.70776 22.10941 23.28236 25.03683 28.76931 30.35797 34.25318 33.56494 89 
0.01180314 0.0141737 0.008476343 0.01237844 0.01804002 0.02184812 0.02741037 0.03134505 0.03365 0.04355202 0.0610775 0.09015255 2.735685e-16 13.46917 18.23521 20.0783 23.31634 22.05806 24.39581 27.75736 30.03174 32.28206 32.24777 90 
0.01143198 0.01396788 0.008253211 0.01205028 0.01704882 0.02104378 0.02555484 0.02978737 0.03462827 0.04297407 0.05910667 0.09546249 1.175147e-15 13.00656 17.20213 19.57529 21.51866 22.02689 23.65529 25.78064 29.01045 29.8079 31.14963 91 
0.01185911 0.01417415 0.008792333 0.01235353 0.01779343 0.02173658 0.02590043 0.03037443 0.03703534 0.04649208 0.05800584 0.08627308 2.961639e-16 13.35276 17.88395 20.02799 21.94057 23.04145 25.58882 26.73609 29.8883 32.94931 32.75247 92 
0.01188518 0.01432061 0.008829353 0.01245905 0.0170137 0.021747 0.0243227 0.0282283 0.03486884 0.0410963 0.05082465 0.07508089 1.174367e-15 14.08782 17.7419 21.22462 20.80843 23.72298 25.20863 26.37475 29.82343 32.73394 32.07244 93 
0.01139942 0.0139364 0.008328233 0.01390817 0.01758361 0.02111895 0.02647043 0.03155081 0.03530437 0.04418097 0.06269151 0.08471769 7.237985e-17 15.33727 17.33533 20.3516 23.43333 24.26756 25.33488 29.60066 31.3916 33.52419 34.19368 94 
0.01164072 0.01383654 0.009040732 0.01148567 0.01867135 0.02285111 0.0292929 0.03516176 0.0364861 0.04548432 0.06114314 0.08430102 2.489097e-16 12.44366 19.06461 20.39149 24.26886 22.60942 24.3296 27.53321 29.46314 33.27923 33.02719 95 
0.01159215 0.01391255 0.009120593 0.01358181 0.01742186 0.02163165 0.0257233 0.02844912 0.03422036 0.04417925 0.05611468 0.07934298 1.330407e-15 14.74556 17.17003 20.51657 21.8742 22.4699 25.90415 27.81619 30.37782 34.15724 33.88583 96 
0.01174759 0.01425937 0.00855591 0.01149857 0.01598546 0.01992611 0.02527314 0.03102735 0.03670047 0.04221688 0.04908941 0.06911232 1.290024e-14 12.61009 16.43006 19.29911 22.33866 23.43664 24.4302 25.30353 28.05585 32.13443 31.21475 97 
0.01036235 0.01307204 0.008169821 0.01202805 0.01783668 0.02231363 0.02636783 0.03142619 0.03740679 0.04696136 0.06613398 0.09426479 1.85294e-15 12.69049 17.60762 20.06067 21.40655 23.01991 23.90998 26.98361 28.41982 32.26469 31.41617 98 
0.01169655 0.01424277 0.008572131 0.01233975 0.0174925 0.02083248 0.02281252 0.02660506 0.03141258 0.04012654 0.05582731 0.07863583 6.365812e-16 13.41489 17.69818 19.322 19.76769 22.0804 23.19854 26.80236 28.23952 31.14153 30.51201 99 
0.01157134 0.0141455 0.008273545 0.01181643 0.0162021 0.02034108 0.02520821 0.03064228 0.03624857 0.04555565 0.06304326 0.08203098 2.392217e-17 12.91289 16.50764 19.60271 22.03728 23.47922 24.35672 27.52035 28.49949 31.52186 31.63055 100 
