0.01090097 0.01333978 0.007894514 0.01208668 0.01695756 0.01864724 0.02160333 0.02769201 0.03266356 0.03777606 0.05169211 0.07495807 8.441889e-16 14.9681 19.34149 19.45075 22.32695 25.55 25.16415 28.60207 31.5279 33.32708 33.72517 1 
0.01122383 0.01334348 0.008429732 0.0111755 0.01658896 0.02042392 0.02537269 0.02920879 0.03436785 0.04438708 0.05662102 0.08803067 3.188053e-15 13.68305 18.97918 21.39264 24.58477 24.08635 27.8725 29.04937 32.8682 35.52542 35.13762 2 
0.01168061 0.0132227 0.008977629 0.01026307 0.01584816 0.01878841 0.02257184 0.02693951 0.03230204 0.03969419 0.04841033 0.06797993 5.15647e-16 13.16272 19.26399 20.69769 23.73096 25.0787 27.6105 29.59702 32.65085 37.99472 37.72987 3 
0.01170223 0.0134635 0.008762426 0.01185514 0.01630043 0.01980402 0.02321296 0.02756269 0.03299176 0.0408516 0.05438481 0.0788023 6.092116e-17 14.88645 18.85509 21.61336 23.54192 25.96988 27.89587 31.24255 34.14819 38.47939 37.6246 4 
0.0107238 0.01314135 0.008141264 0.01271233 0.01625807 0.01912869 0.02288674 0.02723797 0.03208329 0.03963327 0.05180861 0.07205736 8.175247e-17 15.4698 17.93764 20.45289 22.8907 24.75212 26.45627 29.51587 31.65959 35.94552 34.64866 5 
0.0109774 0.01362965 0.00771219 0.01160952 0.01497895 0.01753674 0.0210588 0.0251792 0.03026815 0.03731024 0.04793678 0.06732893 1.05878e-16 14.58155 17.34264 19.56552 22.11132 23.89051 25.80588 27.79743 30.19481 33.00793 32.01466 6 
0.01151686 0.01349488 0.008597704 0.0113057 0.01720783 0.02046678 0.02236585 0.02744098 0.03373505 0.03977145 0.05163766 0.07613306 2.071981e-16 14.20371 20.18765 21.45464 22.28222 26.13909 26.99408 29.58459 32.96596 36.5334 35.80746 7 
0.01122786 0.01354678 0.008435933 0.01149946 0.01514413 0.01857151 0.02284276 0.02759298 0.03195749 0.03673943 0.04587489 0.067882 6.800546e-16 14.34128 17.51299 20.49029 23.05068 24.60082 25.35514 27.4018 30.41573 34.81936 33.02111 8 
0.01176111 0.01362486 0.00892426 0.01198251 0.01620686 0.01925413 0.02207019 0.02631401 0.03209067 0.03867321 0.04961562 0.07317585 4.845895e-16 15.15887 18.83202 21.20345 22.91652 25.78574 28.04489 30.22954 34.51494 37.47921 37.81107 9 
0.01100791 0.01347742 0.008495007 0.01076318 0.0150318 0.01750536 0.0192896 0.02286574 0.02903512 0.03729239 0.04851495 0.06824389 7.681641e-16 13.18406 17.36015 19.0344 20.14413 22.74618 25.63118 27.65653 29.92822 33.03934 32.58871 10 
0.01042394 0.01312435 0.007932374 0.01030929 0.01629345 0.01903375 0.02286517 0.02665345 0.03154527 0.03895903 0.04833344 0.0695908 8.18337e-16 12.25396 18.39578 19.31706 22.17236 22.58541 24.89243 26.20179 28.69898 32.40023 30.92406 11 
0.01047015 0.01304988 0.007648484 0.01209136 0.01600345 0.01868247 0.02275822 0.02696626 0.03144849 0.03953852 0.05415151 0.08139935 1.561197e-16 14.74987 17.96975 19.86686 22.67995 23.68495 25.35571 28.18578 30.64417 33.24974 32.58558 12 
0.01148796 0.01373909 0.008575045 0.0108306 0.01512217 0.01918164 0.02204195 0.02500183 0.03064568 0.03869488 0.05107638 0.07803668 2.255521e-15 13.52569 17.72558 21.06174 21.73262 23.30268 25.94937 27.7315 30.90129 33.22663 32.72658 13 
0.01098291 0.01324648 0.008194933 0.01153517 0.01587628 0.01935202 0.02234703 0.02575751 0.03134859 0.03978081 0.05274861 0.07840916 4.530291e-17 14.61737 18.61394 21.26162 22.58782 24.3167 26.9021 29.18673 32.01369 34.90154 34.05967 14 
0.0111568 0.01338031 0.008388695 0.01144459 0.01517981 0.01835967 0.02084152 0.02341943 0.02715926 0.03348309 0.04628604 0.07251116 1.160265e-16 14.66594 18.04508 20.78342 21.87751 23.49594 25.54785 28.60849 32.78288 34.68023 34.2976 15 
0.0106104 0.01350108 0.007647643 0.01119859 0.01613265 0.0202829 0.02324304 0.02605624 0.03166997 0.03913121 0.05075355 0.07823948 1.212985e-15 14.04411 18.84634 21.64912 22.05578 23.10185 25.49117 26.35287 29.84297 30.67435 30.41183 16 
0.01141531 0.01400271 0.008186576 0.01058658 0.01599935 0.0177026 0.02026947 0.02412167 0.03086836 0.03774111 0.04488551 0.06908388 3.138347e-16 13.29993 18.958 18.81017 21.19892 22.76064 25.9903 25.22858 29.26375 31.79619 30.39837 17 
0.01118703 0.01328749 0.008315752 0.01091784 0.01465825 0.01854974 0.02340486 0.02660704 0.03075835 0.03904955 0.05143225 0.07753451 3.600797e-16 13.30156 16.74365 20.3161 23.31637 23.09631 26.08017 28.28663 31.46962 34.75612 34.02922 18 
0.01136766 0.01365179 0.008690339 0.01060723 0.01430965 0.01714057 0.02113786 0.027047 0.03402487 0.04058249 0.04826085 0.06786106 5.117789e-17 12.99509 16.52042 18.95169 21.94646 24.92805 26.19906 26.96861 29.94721 33.759 33.49994 19 
0.01046196 0.01321344 0.007416524 0.01118303 0.01499843 0.01785104 0.02043513 0.02606559 0.03170064 0.03574332 0.04636138 0.06969746 1.08303e-16 14.0024 17.5365 19.65319 20.91033 24.38026 24.18318 25.69284 29.08475 30.8851 30.50869 20 
0.01115311 0.01349983 0.008194237 0.01081228 0.01571608 0.01866848 0.0221908 0.02634028 0.03173305 0.03812612 0.0495415 0.07937677 1.805906e-16 13.52491 18.4907 20.12273 22.37148 23.65984 25.60559 26.6211 30.96227 32.26044 32.64242 21 
0.01136834 0.01365969 0.008598137 0.01041167 0.01591809 0.01834491 0.02204593 0.02746858 0.03182112 0.03754093 0.05010662 0.06988425 1.734118e-16 12.86394 18.58522 19.48073 22.7769 25.06565 25.25366 28.68192 31.25153 34.35606 34.03009 22 
0.009744192 0.0126013 0.0070374 0.01262898 0.01692434 0.0200614 0.02241685 0.02612794 0.03230189 0.04102911 0.05283629 0.07162149 1.012006e-15 15.02923 18.41537 20.46608 21.26337 23.46163 25.60876 27.70836 29.31974 32.87851 31.87508 23 
0.01083732 0.01359005 0.007882268 0.01098012 0.01498785 0.01904735 0.0220929 0.02526194 0.02942879 0.0377093 0.05073887 0.06828961 1.316796e-16 13.04409 16.76066 19.99811 20.74621 22.02881 23.23585 26.37154 27.08581 30.60367 29.36852 24 
0.01111395 0.01340774 0.008408737 0.01064771 0.0146917 0.01926628 0.02239182 0.0247825 0.03014768 0.03808024 0.04662884 0.06166977 3.850576e-16 13.5085 17.48187 21.71972 22.30744 23.52555 26.55109 28.37851 30.2561 34.58934 33.86864 25 
0.01094992 0.01313758 0.008648249 0.01161778 0.01552679 0.0186241 0.02228421 0.0264542 0.03037447 0.03642879 0.04691393 0.06515774 5.673061e-17 14.24642 17.67583 20.19502 22.52125 24.25866 25.43463 28.57761 31.07075 35.41265 34.70004 26 
0.01077986 0.01316065 0.008064093 0.01217757 0.01710643 0.01911297 0.02207517 0.02569691 0.03185006 0.03972408 0.04624569 0.06339729 1.308256e-16 15.45801 19.94691 20.25638 22.88899 23.98994 27.42507 28.00779 30.85641 34.58538 34.37307 27 
0.01101691 0.01332648 0.008273352 0.01092329 0.0154594 0.01995356 0.02342216 0.02670625 0.03174026 0.03882975 0.04959674 0.07267535 1.122079e-15 13.53381 17.95724 21.60587 22.44042 23.78628 25.70882 27.63782 30.46258 34.0511 32.94541 28 
0.01090071 0.01293765 0.008260201 0.01217624 0.01749155 0.02101938 0.02369929 0.02730525 0.0334796 0.04244147 0.0534646 0.07550149 2.228948e-16 14.91791 19.73992 21.79884 23.09179 25.36024 28.33057 30.96915 33.23138 39.61682 37.32678 29 
0.0107466 0.01335037 0.00790924 0.01079687 0.01557712 0.01801981 0.02193077 0.02791754 0.03321253 0.03787313 0.04806709 0.06830505 3.743242e-16 13.41773 18.17094 19.40971 22.55182 25.081 24.91676 27.07653 29.56946 33.08523 31.8858 30 
0.01080447 0.01314316 0.008053676 0.01161025 0.01662005 0.02145267 0.02587113 0.02982789 0.03488294 0.04113402 0.05036483 0.07540983 6.982007e-16 14.13304 18.77617 22.33032 23.58192 24.43136 26.14041 27.37081 30.90182 34.48449 33.33465 31 
0.01093703 0.0135386 0.008032463 0.01060579 0.01568552 0.01981972 0.02212203 0.02434038 0.03010388 0.04000442 0.05390148 0.07451776 1.924273e-16 12.84721 17.9533 20.80734 20.84591 22.11809 24.99746 27.52162 28.52047 32.23628 30.81046 32 
0.0112367 0.01369167 0.008565836 0.01099685 0.01388844 0.0190528 0.02262859 0.02495295 0.03015157 0.04042606 0.05459463 0.06629569 7.4728e-17 13.51422 15.9509 21.24955 21.81437 22.6429 25.4663 28.51957 28.52226 32.64495 32.31928 33 
0.01131528 0.01321196 0.008679841 0.01147253 0.01530102 0.01922006 0.02336963 0.02781174 0.03072076 0.03694296 0.05102867 0.06673044 6.442354e-17 14.58635 18.03594 21.611 23.76271 25.50721 25.60128 30.58274 32.69297 35.94456 37.31371 34 
0.01132334 0.01316939 0.008958858 0.01086102 0.01642308 0.01981756 0.02368236 0.02699088 0.03110501 0.03964272 0.05292566 0.0763481 2.653143e-16 13.16966 18.78509 20.68068 23.26627 23.75486 26.52043 29.71487 32.66119 36.81582 36.86355 35 
0.01077554 0.01309616 0.008007812 0.01049169 0.0156991 0.01994531 0.02329484 0.02683311 0.03136154 0.03796464 0.04747067 0.06581854 2.920665e-16 13.66973 19.23798 22.22827 23.11826 24.49302 25.79307 28.21303 29.90982 34.85785 33.03288 36 
0.01073764 0.01319965 0.008023422 0.01098483 0.0143061 0.01871247 0.0229702 0.0264227 0.03060276 0.03836493 0.05124878 0.07315821 1.094052e-15 13.36845 16.31039 20.60816 22.54206 23.38107 25.19476 28.01056 30.36366 33.56254 33.06964 37 
0.01142504 0.01398524 0.008113511 0.01114451 0.01347552 0.01662564 0.02095391 0.02360673 0.0276887 0.03474439 0.04648088 0.07094557 4.083365e-05 13.70127 15.52846 18.78036 21.6293 21.54949 24.15931 25.96776 29.10776 30.76906 30.49507 38 
0.01132457 0.01347268 0.008146873 0.0111769 0.01651026 0.02097339 0.02422529 0.02701317 0.03145394 0.03984545 0.05309455 0.07197368 5.19121e-16 14.41822 19.80127 23.02337 23.72159 24.97229 27.11657 30.55173 32.32232 36.04836 34.96139 39 
0.01125089 0.01353547 0.008267596 0.01066991 0.01543546 0.01936887 0.0228463 0.02769116 0.03209198 0.03535875 0.04486648 0.06651583 1.584256e-16 13.95766 18.90702 21.93427 23.40782 25.92215 25.60708 28.0107 31.40726 35.49969 33.5989 40 
0.01069657 0.01331591 0.008031144 0.01178461 0.01588758 0.02027988 0.02362548 0.02832508 0.03392555 0.03930204 0.05148901 0.07981602 3.12748e-16 14.10844 17.61682 21.22016 21.89752 24.50361 24.9352 27.02607 30.38628 33.29889 32.06261 41 
0.01105945 0.0134768 0.008467977 0.01045704 0.01598098 0.0201019 0.02401543 0.02786428 0.03219385 0.03897631 0.04725939 0.06022272 4.474385e-17 13.00146 18.76 21.42379 23.13061 23.98759 25.42982 27.73046 29.02543 33.63172 33.12599 42 
0.01130617 0.01359119 0.00853083 0.01283623 0.01661679 0.01804273 0.02166432 0.02641292 0.03022772 0.03703497 0.04901843 0.06659659 6.632148e-16 15.97966 18.7481 19.36336 22.79039 24.65005 25.58042 29.35851 31.00039 35.1339 34.21172 43 
0.01154666 0.01345682 0.009065864 0.01238297 0.01665897 0.01889698 0.02218123 0.02738975 0.03350332 0.03897547 0.04948184 0.08151694 2.547451e-15 14.69874 18.22194 19.51334 22.1778 24.87588 26.69653 28.01515 33.22737 36.54026 35.90442 44 
0.01099218 0.01335137 0.008229076 0.01233036 0.01573693 0.01849071 0.02059652 0.02378052 0.03082728 0.03955928 0.0492972 0.07425303 2.393479e-16 14.8068 17.38925 19.65042 20.5628 22.75376 26.34386 27.29223 30.17704 34.02925 32.62204 45 
0.01222946 0.01397809 0.009195014 0.01021479 0.01527451 0.01831928 0.02173671 0.0264637 0.03145612 0.03614234 0.0455671 0.06780343 1.472629e-16 13.31451 18.80313 20.73793 23.27906 25.64164 26.85228 28.56062 33.0013 36.22619 35.85691 46 
0.01105944 0.0134709 0.007759834 0.01187555 0.01564348 0.0175319 0.02132126 0.026072 0.03039151 0.03568349 0.0471268 0.07310392 9.03141e-17 14.97813 18.14553 19.3371 22.69167 24.55833 25.58981 27.81681 31.60292 34.43877 32.73347 47 
0.01180012 0.01345041 0.009066941 0.01323307 0.01738822 0.02057616 0.02589522 0.03088711 0.03605271 0.04703664 0.06331426 0.08452103 1.498219e-15 16.24484 19.20405 21.72353 25.61496 26.04511 29.224 32.50392 34.27415 39.46646 38.97557 48 
0.01164124 0.0134279 0.009053723 0.01233451 0.01640928 0.02031824 0.02365982 0.02801147 0.03541202 0.04406992 0.05360368 0.08505655 2.143052e-16 15.22784 18.56418 21.84146 23.03791 25.66076 28.52519 29.44738 33.75627 37.97811 37.05331 49 
0.011237 0.01330435 0.008341333 0.01108185 0.01597673 0.01855311 0.02125567 0.02606955 0.03151159 0.03870468 0.05192105 0.07395222 1.742463e-16 14.07411 18.9642 20.28546 22.35759 25.2512 26.55727 29.62676 32.38084 35.22929 35.52004 50 
0.01122385 0.01355048 0.00819222 0.01063015 0.01521672 0.01770431 0.02162511 0.02590296 0.02961904 0.03633361 0.0493153 0.07162117 1.675147e-05 13.83262 18.56984 19.98456 23.23362 24.36664 25.40851 28.61114 31.19018 33.60101 33.09211 51 
0.01077558 0.01341185 0.007956221 0.01165198 0.01458832 0.01918131 0.0226295 0.02556598 0.03010934 0.03785933 0.05127653 0.07397707 3.505658e-16 14.2279 16.50122 20.98029 21.64646 22.87718 24.62264 27.18263 29.58838 31.22464 31.59887 52 
0.01108049 0.01336194 0.007948944 0.01184701 0.01615982 0.01852563 0.02170568 0.02512584 0.03193788 0.04059157 0.05080896 0.08104667 8.170817e-16 14.44541 18.231 19.66165 22.16811 23.46615 27.56508 27.8782 32.60386 34.35495 34.52359 53 
0.01062143 0.01329957 0.007434243 0.01306401 0.01505467 0.01876192 0.02295831 0.02687497 0.03142995 0.03793434 0.05060672 0.07842351 2.12988e-05 16.14902 16.58162 20.95253 22.89876 24.37057 25.95434 28.20202 31.77994 33.95102 32.96615 54 
0.01094513 0.01306671 0.008526219 0.01139525 0.01487833 0.01854051 0.02179408 0.02564552 0.03088732 0.03723691 0.04667548 0.06622759 2.886876e-16 14.23047 17.31539 20.72869 22.21124 24.32926 26.29989 28.3561 31.61979 35.46439 35.64336 55 
0.01080698 0.01332523 0.008077187 0.01152423 0.01392105 0.01870375 0.02325898 0.02535625 0.02956475 0.03700735 0.04582753 0.06478565 1.850078e-16 14.44991 16.11253 21.33723 23.13489 22.66948 26.00731 27.42505 30.18527 33.69779 32.84014 56 
0.01159863 0.01366895 0.009117621 0.01002949 0.01517884 0.01831476 0.02275711 0.02765184 0.03307362 0.04090775 0.0528178 0.07302044 1.81343e-16 12.39656 17.8221 19.87226 23.28876 24.61575 26.51243 28.64371 31.506 34.24482 35.34346 57 
0.01167987 0.01332597 0.009048912 0.01127701 0.01603761 0.02028583 0.02351431 0.02742034 0.03188725 0.04030927 0.05831017 0.08667625 2.351398e-15 13.87714 18.44556 21.78769 22.80649 25.17644 26.31042 31.17871 33.61816 37.33144 37.40415 58 
0.01071093 0.01322653 0.008209866 0.01159182 0.0161362 0.02021687 0.02339164 0.02753534 0.03366989 0.04243972 0.05635177 0.08080622 5.48425e-16 13.68735 17.73045 20.80093 21.74108 23.93561 25.66512 28.07816 30.04101 33.68056 32.49875 59 
0.01106157 0.01313515 0.008315062 0.01151434 0.01837974 0.02127387 0.02280027 0.02746727 0.03419002 0.04155937 0.05267214 0.07887966 3.105862e-16 14.16156 21.11755 21.05988 22.36494 25.45115 27.50198 29.32115 33.00948 36.55957 35.8346 60 
0.01084075 0.01346099 0.008108079 0.01064955 0.01588478 0.01774803 0.01993698 0.0246711 0.03015876 0.03740215 0.0490666 0.06882494 1.048574e-15 13.05938 18.36577 18.7201 20.76342 23.60782 25.06142 27.497 29.54969 32.59894 31.50116 61 
0.01100017 0.01324846 0.00820617 0.01185138 0.01550448 0.01820416 0.02274176 0.02825302 0.0332773 0.0393491 0.05059933 0.07376512 5.075606e-16 14.94336 17.91801 20.26647 23.91182 26.00748 26.86321 29.616 32.27401 37.10361 34.9191 62 
0.01118804 0.01338369 0.00845072 0.01202602 0.015015 0.01848979 0.02107691 0.0249211 0.03058427 0.03688137 0.04765909 0.07243226 7.938345e-17 14.76926 16.92442 20.48223 21.4425 24.37723 26.55354 28.50286 32.59128 35.70818 35.07767 63 
0.01132742 0.01393111 0.008425593 0.01122331 0.01473392 0.01802758 0.02025694 0.02487112 0.03059766 0.03666692 0.04659167 0.06592672 1.509497e-16 13.60321 16.71818 19.51025 20.19439 23.37876 24.46557 26.14737 28.67586 31.40454 31.0101 64 
0.01099704 0.01332898 0.008007545 0.01145106 0.01592964 0.01962527 0.02292848 0.02758909 0.03238694 0.03856224 0.05221934 0.07426719 9.78103e-16 14.42931 18.6424 21.36782 22.72963 25.12548 25.54281 28.76342 31.49734 33.57317 34.3563 65 
0.01122296 0.01335349 0.008479223 0.01178521 0.01518252 0.01843914 0.02105715 0.02475439 0.03069709 0.03868495 0.04913414 0.06576056 1.260255e-16 14.97234 17.83236 20.70646 21.71481 24.08669 26.46965 28.54878 30.71684 34.11009 34.81255 66 
0.01078405 0.01318367 0.008192866 0.01154958 0.01481887 0.01731495 0.02084445 0.02498852 0.02997952 0.03762723 0.04860455 0.06383051 9.722105e-17 14.3353 17.08861 19.3257 21.92675 23.78562 25.72519 28.39609 30.21679 33.77996 34.04884 67 
0.01144105 0.01354323 0.008591305 0.01070769 0.01515483 0.0184945 0.02106548 0.02555115 0.03153836 0.03836965 0.04859808 0.06790664 5.043893e-17 13.35031 17.8288 20.26548 21.34271 24.16239 25.67768 27.57903 30.29478 33.56741 34.03397 68 
0.01118537 0.01346028 0.008107872 0.009196292 0.01466408 0.01914176 0.02186884 0.02620811 0.03250883 0.03817505 0.04693937 0.0701118 4.569067e-16 11.35822 17.40031 20.89013 21.33224 24.11165 25.41743 26.20113 29.94223 33.01893 32.44877 69 
0.01118768 0.01336964 0.008316266 0.01198606 0.01464686 0.01873919 0.0219202 0.02574616 0.03047352 0.03782214 0.04793019 0.05992478 4.070074e-16 15.10171 16.90812 21.3289 22.26358 24.81256 26.14254 29.72276 30.35243 36.17473 35.27153 70 
0.01095848 0.01301357 0.008294639 0.01161845 0.0171772 0.01973449 0.02293946 0.02870537 0.03593706 0.04371128 0.05324194 0.0746208 1.286427e-14 14.6676 20.14102 20.76125 23.46746 26.21707 27.92448 29.40189 32.50146 36.48523 36.704 71 
0.0109381 0.0132268 0.008150139 0.01072072 0.01376385 0.01741934 0.02180104 0.02551235 0.03039326 0.03649524 0.04532777 0.06694738 2.394153e-16 13.24617 16.06689 19.5998 22.17983 22.85044 25.01436 25.96462 29.50903 32.33613 32.37173 72 
0.01194003 0.01369911 0.009078016 0.01229249 0.01579163 0.01856938 0.02126904 0.02490278 0.02958868 0.03630488 0.04968205 0.07752711 1.948277e-15 15.11227 17.84475 20.21348 21.80988 24.1384 26.21595 29.21226 33.42678 35.4165 36.45473 73 
0.01075204 0.01342859 0.007714907 0.01204333 0.01630306 0.01998012 0.02444723 0.02990587 0.03364777 0.03821374 0.0512402 0.0707363 5.113031e-16 14.98371 18.59596 21.36459 23.74494 25.42486 24.58997 28.22212 30.28007 33.01788 32.33995 74 
0.01117116 0.01346537 0.008604945 0.0102038 0.01497491 0.01771861 0.02069202 0.02436703 0.02958317 0.03610928 0.04650671 0.06966588 3.034969e-16 12.62818 17.61391 19.32492 21.35016 22.96415 25.1878 26.67485 30.21645 32.79844 32.62494 75 
0.01168812 0.01338659 0.008949572 0.01169901 0.01719038 0.02083971 0.024707 0.02867808 0.03298107 0.04087909 0.05550592 0.08298949 1.884444e-15 14.3953 19.65003 21.77341 24.21047 25.38686 27.59986 31.13345 34.80923 38.1308 38.36734 76 
0.01076269 0.01289756 0.00843924 0.0100338 0.01582536 0.01888626 0.02242078 0.02545979 0.03040552 0.03857358 0.04822394 0.06859221 1.826293e-16 12.66662 18.97041 20.51568 23.24356 23.67049 27.10251 28.95164 31.85348 36.33345 35.22009 77 
0.01026328 0.01289527 0.007471614 0.01144988 0.01588063 0.0193101 0.02382595 0.02754263 0.03283292 0.04200306 0.05111195 0.06797915 1.827086e-16 14.59543 18.6902 21.29989 24.28201 24.39205 27.65781 28.93583 30.77616 34.82293 33.53438 78 
0.01108253 0.0133508 0.008176602 0.01184882 0.01584493 0.01927443 0.02194025 0.02636883 0.03005834 0.03591446 0.05057848 0.07823878 1.365845e-16 14.40613 17.85157 20.52362 21.48347 24.30256 24.21667 28.35642 31.31611 34.21955 33.27317 79 
0.0118332 0.01331227 0.009259379 0.01218732 0.01654561 0.01962785 0.02277065 0.02656543 0.03134231 0.03716181 0.04768529 0.07377459 4.102669e-17 15.33767 19.13896 21.42113 23.46657 25.61456 28.01664 30.60012 35.40813 39.90706 39.44422 80 
0.01076946 0.01354185 0.007933164 0.01071118 0.0141953 0.01755668 0.02121712 0.02467015 0.02864927 0.03567719 0.04660382 0.06312432 1.145138e-16 13.11794 16.39022 19.37954 21.4642 22.51703 23.99168 26.57847 28.34185 31.13954 30.76903 81 
0.01147822 0.01401508 0.008189334 0.01044831 0.01449977 0.01745118 0.0196776 0.02442349 0.03074528 0.0371375 0.04544345 0.06291785 3.156883e-16 13.25925 17.34422 19.649 20.71031 24.09312 25.684 26.6933 29.15732 32.26408 31.72328 82 
0.01065357 0.01313737 0.00824058 0.01211566 0.01633708 0.01883053 0.02161636 0.02591154 0.03087993 0.03696533 0.04719288 0.0679086 2.719995e-16 14.61704 18.20779 19.71013 21.54639 23.77541 25.23922 27.47858 30.37265 33.92763 33.25224 83 
0.01100038 0.01332834 0.008282987 0.01355718 0.01702608 0.01934925 0.02364115 0.02829692 0.03268376 0.04084227 0.0561726 0.080934 4.868835e-15 16.59913 18.58317 20.54042 23.78176 25.15192 26.81096 30.45586 32.88832 35.98366 35.66804 84 
0.01021072 0.01309025 0.007713294 0.01109267 0.01407782 0.01890771 0.02145289 0.02314303 0.02932484 0.03656626 0.04685103 0.07440211 5.991692e-16 13.41432 15.95096 20.69008 20.52479 21.67324 25.09345 25.52291 29.46312 31.1797 30.11403 85 
0.0102029 0.01296048 0.007613359 0.01205389 0.01588679 0.01874475 0.02200263 0.02499009 0.03171194 0.0413586 0.05144922 0.07444341 5.36646e-05 14.79156 17.93048 20.10529 22.03137 22.94643 26.85168 27.52695 30.28063 32.90633 32.34765 86 
0.01126794 0.01330531 0.008744708 0.01204849 0.01672819 0.01860234 0.02193771 0.02732125 0.0331884 0.04068086 0.05420529 0.08124538 3.701048e-16 14.20169 18.26837 18.99078 22.13844 24.82708 26.53795 29.32377 32.75172 36.1177 36.1721 87 
0.0115115 0.01290912 0.009046672 0.01024018 0.01639477 0.02099899 0.02512193 0.02904604 0.03414869 0.04285807 0.0568929 NaN 3.620105 12.36591 18.76185 21.58436 23.12451 23.96041 26.05457 28.65422 31.59244 29.92655 35.79637 88 
0.01144887 0.01346787 0.008969599 0.01105094 0.01526858 0.01840074 0.02226842 0.02573903 0.03024318 0.03902348 0.05244434 0.07286059 5.318128e-16 13.62868 17.59733 20.12462 22.89055 23.90287 26.57847 29.99929 32.13635 36.2718 35.57294 89 
0.0113433 0.01354789 0.008167824 0.01098508 0.01610024 0.01947997 0.02441674 0.02770491 0.03031832 0.03905222 0.0542422 0.08204897 5.105165e-16 13.55667 18.62004 20.7229 24.25824 23.23982 25.84732 29.26181 32.11377 34.65691 33.98095 90 
0.01108832 0.01347477 0.007975165 0.01040825 0.01467473 0.01832616 0.02204149 0.02543616 0.02995974 0.03706201 0.0502871 0.07960635 4.878356e-17 12.94173 17.27137 20.18787 22.08415 22.90091 24.83978 26.83364 30.42889 31.63389 32.16565 91 
0.01136876 0.0136661 0.008190766 0.01058339 0.01518985 0.0186889 0.02205094 0.02560527 0.03125186 0.03896616 0.04927232 0.07223044 1.819625e-16 13.29812 17.95951 20.58958 22.41336 23.79253 26.47173 27.87198 30.90981 34.17738 33.19642 92 
0.01122009 0.01351872 0.008347136 0.01064222 0.01463273 0.01886639 0.02072357 0.02413689 0.03008024 0.03561566 0.04447791 0.06666835 9.684615e-16 13.92635 17.93104 21.8378 21.31256 24.59118 26.5651 27.55553 31.61016 34.50591 33.53439 93 
0.01100679 0.01341353 0.007885955 0.01241143 0.01554926 0.01862542 0.02350261 0.0279811 0.03165402 0.04045353 0.05727105 0.07601545 2.608292e-16 15.36359 17.40038 20.56259 24.11881 25.12593 26.55221 31.13858 32.68506 35.09138 35.38661 94 
0.0113257 0.01341484 0.008726992 0.009923173 0.01601807 0.01943559 0.02470531 0.02932302 0.03245785 0.03969709 0.05144052 0.07301566 3.257994e-17 12.30092 18.90288 20.56941 24.45425 23.85953 25.59533 28.12098 30.74815 34.4241 34.023 95 
0.01137178 0.01353341 0.008842646 0.01208244 0.01535608 0.01930925 0.02299617 0.02495767 0.03045175 0.03925844 0.04901439 0.06935748 4.863877e-05 14.8254 17.29394 21.15069 22.7019 23.02296 27.27084 28.86852 31.84497 35.64178 35.19646 96 
0.01123815 0.01364029 0.008089215 0.0102707 0.01422112 0.01790674 0.02285045 0.02771416 0.03262228 0.03792244 0.04534893 0.06548052 4.969611e-15 12.79446 16.69153 20.03231 23.45979 24.53504 25.94737 26.83753 30.11222 34.10864 32.58769 97 
0.01008973 0.01259021 0.007939811 0.01067886 0.01584213 0.0196785 0.02292591 0.0275451 0.03324754 0.04171032 0.05681486 0.08018346 2.328011e-16 12.74327 17.84408 20.48915 21.95248 24.26897 25.43822 28.51581 30.11383 34.5379 33.13472 98 
0.01120994 0.01367573 0.008064756 0.01105956 0.01584998 0.01859806 0.02052844 0.02419714 0.02881672 0.03668985 0.05000813 0.07113668 1.036286e-15 13.604 18.27649 19.77497 20.72989 23.16055 24.58734 28.05126 29.69756 33.00335 31.53664 99 
0.01139133 0.01374807 0.008008444 0.01026384 0.0140766 0.01783399 0.02166065 0.0259478 0.03073679 0.03884321 0.0525288 0.06820651 8.976564e-17 13.08158 16.86682 20.43309 22.70306 24.62624 25.94058 29.3899 30.61188 33.46802 33.55033 100 
