0.9999957 0.5111006 0.1744838 0.04895632 0.05882101 0.1003021 0.1116268 0.1368332 0.1359239 0.2594343 0.3615628 0.4127633 1 111.5486 223.0968 350.5601 555.1268 759.9544 983.006 1174.256 1489.675 1815.216 2052.482 2278.534 1 
0.9999995 0.5357454 0.1584544 0.03938286 0.04781159 0.07973014 0.09691902 0.1451717 0.1470583 0.216703 0.3133584 0.4899089 1 85.88026 171.7605 271.9147 430.9456 608.8485 849.4966 1057.883 1319.8 1616.465 1934.936 2180.651 2 
0.9999995 0.4372484 0.2143104 0.04951837 0.0613308 0.06664577 0.1149584 0.1317998 0.1698935 0.208836 0.29902 0.5271871 1 114.3785 228.757 363.4051 500.7481 721.8646 946.2315 1197.328 1453.542 1743.786 2102.489 2309.82 3 
1 0.5052943 0.1943485 0.03742008 0.0442973 0.08616618 0.1103434 0.1188058 0.2069356 0.2248248 0.3543431 0.5616434 0.9999998 81.16008 162.3202 254.801 426.7241 627.9163 820.6352 1116.432 1371.298 1682.678 2001.339 2168.891 4 
1 0.4088912 0.1964966 0.05222055 0.06574271 0.07887849 0.1140904 0.119962 0.1900169 0.2306126 0.3431732 0.5526746 1 124.7529 249.5058 398.361 565.2169 787.5218 994.5992 1283.257 1567.016 1891.897 2235.56 2388.962 5 
0.9999989 0.4853231 0.1733991 0.03809946 0.0636674 0.07863942 0.09600462 0.1459566 0.1612207 0.2237765 0.2862845 0.4520276 1 84.49696 168.9938 304.8155 461.8958 638.5822 881.4115 1110.486 1377.183 1642.026 1940.482 2217.799 6 
0.9999998 0.5796407 0.1518513 0.03502226 0.0660117 0.07492936 0.1073141 0.1240633 0.1558505 0.2208312 0.3247711 0.5336413 1 79.37577 158.7515 303.1232 456.1806 658.9647 868.2406 1098.521 1373.962 1689.59 2039.777 2266.438 7 
0.9999017 0.5505152 0.171383 0.04285089 0.06510328 0.08150603 0.1044929 0.117874 0.1529953 0.2377533 0.3284435 0.4701074 0.9999987 94.48365 188.958 326.3371 487.1212 676.4397 867.6682 1086.608 1374.791 1678.225 1969.854 2204.94 8 
0.9999998 0.5865949 0.1588943 0.03548425 0.05997032 0.07243713 0.1006569 0.1452779 0.1689639 0.2178851 0.3126591 0.4795883 1 78.43571 156.8714 284.7281 429.9026 617.0206 859.9036 1101.348 1360.091 1650.483 1956.646 2210.437 9 
0.9999317 0.5387471 0.1683309 0.04063421 0.04789107 0.09262428 0.1004131 0.1227377 0.1765159 0.2389831 0.2823202 0.4723078 0.9999996 90.96998 181.9338 284.781 474.1711 660.4566 865.2849 1123.702 1411.802 1670.782 1981.727 2238.753 10 
0.9998576 0.5176447 0.1814566 0.04281042 0.04595405 0.07249399 0.1021264 0.110731 0.181998 0.2383969 0.3113265 0.4225658 0.9999999 98.54574 197.0774 298.3029 450.6509 649.7046 843.4581 1126.665 1430.086 1731.822 2013.811 2301.91 11 
1 0.5237063 0.168628 0.04953646 0.05874361 0.07895648 0.1186902 0.1266063 0.1764391 0.2669463 0.3053016 0.4905402 1 110.7746 221.5491 346.4056 504.3653 723.0676 928.6673 1178.916 1490.731 1752.151 2043.947 2236.223 12 
0.9999997 0.4566589 0.1685341 0.04783507 0.06726228 0.0853748 0.1174715 0.1248859 0.1581224 0.2440775 0.2810172 0.408127 1 111.7083 223.4166 372.9791 550.0471 772.8836 981.9554 1213.61 1514.649 1776.652 2050.233 2335.281 13 
0.9999939 0.4532848 0.1917092 0.04158196 0.0713625 0.06529073 0.1162432 0.127289 0.181411 0.208353 0.3150098 0.4552162 1 103.7089 207.4171 377.999 522.9285 764.1137 997.5152 1287.815 1560.741 1887.405 2210.757 2494.083 14 
0.9999989 0.4581029 0.1791746 0.05020087 0.05259464 0.09300352 0.1137314 0.145555 0.1922723 0.2382596 0.3500607 0.4876366 0.9999999 117.9025 235.8049 353.1281 549.6804 767.6842 1014.957 1294.05 1573.4 1886.042 2169.098 2348.615 15 
0.9999985 0.5285527 0.1566371 0.04203969 0.0621037 0.07226191 0.103896 0.124078 0.1613883 0.2276157 0.307942 0.4320178 1 100.3012 200.6022 342.5441 497.446 704.0656 925.1842 1177.107 1475.068 1786.425 2088.721 2385.869 16 
0.9999997 0.4278389 0.1898615 0.05132299 0.06267871 0.0682668 0.1385942 0.1167707 0.1979662 0.238389 0.3294468 0.4918031 1 121.5694 243.1389 383.9869 527.7768 799.7684 997.1708 1292.756 1578.233 1878.704 2179.479 2368.713 17 
0.9999646 0.5520031 0.1807774 0.04225007 0.06430201 0.07894849 0.09847756 0.132222 0.1693627 0.2262025 0.310494 0.4674226 1 96.03767 192.0719 332.0531 492.8635 677.6125 901.2371 1149.798 1425.548 1718.427 2022.425 2273.077 18 
0.9999998 0.4545644 0.1918296 0.04294395 0.07290711 0.1095354 0.08631728 0.1393495 0.1712717 0.2311864 0.2793098 0.5404167 1 103.4152 206.8305 374.8616 608.9056 773.1374 1015.385 1271.637 1558.29 1824.547 2195.819 2408.144 19 
0.9999837 0.464498 0.1849295 0.05479292 0.07910231 0.07548484 0.1268535 0.1377726 0.182024 0.2171439 0.3435516 0.4257843 0.9999997 129.1981 258.3941 434.688 589.6089 830.3051 1058.554 1318.565 1572.279 1886.527 2142.182 2357.934 20 
0.9999994 0.4897602 0.1685576 0.04375147 0.05550819 0.08830215 0.1279692 0.1428404 0.173094 0.2876643 0.3087832 0.5047115 0.9999999 95.98634 191.9726 308.4239 483.3911 714.5665 939.5853 1173.314 1494.511 1740.108 2017.585 2193.9 21 
0.9999997 0.4774661 0.1770812 0.04125332 0.05878464 0.09202666 0.1135065 0.1352079 0.1810361 0.1789095 0.3506313 0.5039315 1 94.27241 188.5448 317.3381 507.11 719.636 944.0597 1203.922 1414.24 1752.683 2068.544 2285.208 22 
0.9999991 0.466129 0.1989032 0.04183115 0.04977162 0.08378556 0.08422667 0.1477501 0.1727605 0.2155637 0.2733418 0.5173503 1 98.70925 197.4184 309.9518 489.9618 655.7576 922.1 1187.514 1461.473 1733.977 2108.762 2359.707 23 
0.9999974 0.443189 0.1999951 0.0538834 0.05778519 0.07555008 0.1117839 0.1390743 0.1540063 0.2455725 0.3136826 0.468987 1 126.3867 252.7731 381.0078 538.9773 755.0505 993.8242 1221.461 1528.541 1824.463 2128.113 2345.56 24 
0.9999932 0.5222141 0.1739155 0.03883863 0.06330998 0.07865127 0.1215315 0.1130373 0.1963048 0.2121401 0.3539144 0.4447956 1 86.18875 172.3769 307.4135 464.5506 688.2608 871.0455 1152.596 1397.127 1718.538 1979.517 2219.15 25 
0.999987 0.4574155 0.1942693 0.05346543 0.07550781 0.09043801 0.1092537 0.1392817 0.1600533 0.2326232 0.3410534 0.4254542 0.9999998 126.8274 253.6531 423.1883 610.9115 817.1794 1051.408 1283.076 1565.894 1884.081 2145.628 2372.138 26 
0.999834 0.5275531 0.1734564 0.0312904 0.06418488 0.08117353 0.1122821 0.134674 0.1876803 0.2497861 0.2967394 0.4509951 0.9999988 70.15155 140.2915 279.6649 444.5958 654.2004 877.3472 1146.427 1437.304 1696.475 1973.46 2241.951 27 
0.9999999 0.6014421 0.1616855 0.04488781 0.07134824 0.08027023 0.1236281 0.1149813 0.165385 0.2191813 0.3453682 0.52388 1 99.78129 199.5626 351.0436 509.3077 733.4921 916.2196 1148.828 1406.115 1722.669 2037.005 2222.904 28 
0.9999735 0.5414822 0.1627241 0.03756454 0.05507417 0.09030421 0.09851946 0.1213261 0.1903121 0.2229673 0.3100555 0.4674416 0.9999999 84.97107 169.9399 289.8335 475.5936 659.9469 864.6064 1146.687 1414.266 1703.389 2004.119 2262.002 29 
0.9999998 0.495842 0.1764618 0.04144993 0.05715951 0.07941232 0.08501648 0.1685721 0.1702811 0.2102909 0.3118154 0.522215 1 92.79389 185.5878 308.2466 468.9171 627.2666 914.5513 1155.829 1403.06 1692.559 2026.218 2238.698 30 
0.9999751 0.5497908 0.18116 0.04997326 0.08241377 0.07620132 0.101573 0.1121157 0.2047215 0.1980461 0.2906829 0.5056863 0.9999998 107.3392 214.6757 382.8433 525.5146 701.1964 875.4116 1157.867 1375.161 1630.931 1946.544 2147.932 31 
0.9999978 0.4793981 0.1867052 0.03825234 0.08536047 0.07422443 0.1066167 0.1378756 0.1981908 0.1993849 0.382689 0.4525429 0.9999999 87.62791 175.2556 363.3178 512.8863 711.7815 941.5675 1226.334 1456.038 1809.014 2066.682 2290.786 32 
0.9999972 0.4774297 0.2002609 0.04667317 0.05372851 0.08865091 0.111399 0.1185481 0.1731716 0.2606935 0.3560362 0.4402406 1 104.7491 209.498 324.4529 503.9352 709.4787 903.8456 1154.112 1465.622 1780.15 2030.596 2244.311 33 
0.9999997 0.463848 0.1911293 0.04082264 0.07648647 0.06319699 0.127612 0.1560006 0.159621 0.2435149 0.2899124 0.539372 1 97.03437 194.0687 368.4532 501.5179 753.2313 1021.673 1253.496 1550.709 1818.384 2172.008 2376.975 34 
0.9999941 0.5168811 0.1888226 0.05134833 0.05774455 0.07283174 0.1027795 0.1204693 0.1852232 0.2077639 0.3467407 0.4603363 1 116.1099 232.2192 356.0863 503.2948 695.9039 898.4592 1172.373 1422.71 1753.699 2040.754 2261.221 35 
0.9999982 0.4330271 0.1969146 0.04091273 0.06113454 0.07813441 0.09697166 0.1779322 0.1343474 0.2585412 0.3340943 0.4847501 0.9999999 94.70125 189.4023 325.1214 487.9758 674.3 983.0312 1174.66 1493.892 1799.758 2095.281 2314.713 36 
0.9999988 0.5837531 0.1539144 0.04044821 0.05932035 0.06615321 0.09554298 0.1476941 0.1514573 0.2358953 0.2890063 0.507291 1 87.388 174.7759 297.7529 426.7596 600.7542 844.0239 1056.647 1337.651 1600.71 1929.008 2160.491 37 
0.9999969 0.4441317 0.1949647 0.04684789 0.0629546 0.06098716 0.1123079 0.135059 0.1525106 0.2334794 0.2971793 0.5055778 0.9999999 110.3537 220.7071 362.0535 490.3617 712.2317 949.0817 1180.413 1480.549 1773.375 2123.501 2355.575 38 
0.9999997 0.5037945 0.1801576 0.04791395 0.06618458 0.06036355 0.09729237 0.1199308 0.1582138 0.2674256 0.323614 0.4867725 1 105.2249 210.4497 348.8348 466.6952 645.1926 843.8161 1074.417 1402.529 1693.398 1989.329 2196.122 39 
0.9999885 0.4947669 0.1832362 0.05610042 0.05819482 0.07692391 0.08902068 0.1533016 0.1986377 0.2060269 0.3215654 0.4622773 0.9999999 129.379 258.7565 385.4335 543.1343 711.5943 975.8741 1265.811 1506.794 1805.428 2096.683 2306.204 40 
0.9999995 0.4319588 0.2002638 0.06262511 0.06176654 0.1001137 0.0959297 0.1360464 0.1980257 0.20627 0.3471166 0.4874487 0.9999999 155.1345 310.269 453.6944 671.8053 859.8773 1101.012 1404.251 1657.566 1995.92 2306.134 2477.194 41 
0.9999494 0.4750138 0.1918194 0.03861609 0.05350966 0.07987675 0.1131119 0.1248824 0.1758773 0.25913 0.3181937 0.4454522 0.9999998 88.43867 176.8729 294.6796 461.1237 677.9913 890.3318 1152.031 1469.791 1758.847 2034.729 2290.203 42 
0.9999999 0.6058514 0.145613 0.04290009 0.06966042 0.07431196 0.1051568 0.1253466 0.1815259 0.1999933 0.3403478 0.4721692 1 95.75425 191.5085 340.3223 488.0144 681.4786 887.8372 1149.225 1384.929 1705.827 1999.496 2232.029 43 
0.9999731 0.6411535 0.1341368 0.03155612 0.04649195 0.07492437 0.09964836 0.1260379 0.162761 0.2388734 0.276247 0.5032416 0.9999999 65.52426 131.0468 224.5344 368.1899 544.9322 746.2009 973.3502 1252.46 1498.126 1822.031 2076.436 44 
0.9999973 0.4724282 0.1926671 0.052087 0.06521016 0.09274487 0.1118457 0.1215592 0.1919769 0.1702602 0.4183964 0.4761527 1 118.5611 237.1219 377.822 564.8828 769.5465 967.1053 1241.181 1437.587 1838.062 2103.13 2276.212 45 
1 0.4098826 0.2012462 0.04747372 0.06051824 0.09113373 0.09955385 0.1157408 0.1910782 0.1910972 0.3371936 0.5434526 1 112.2517 224.5033 360.8055 553.6397 745.093 945.5168 1238.103 1474.805 1812.656 2173.561 2364.501 46 
0.9999912 0.5441505 0.1641985 0.04137466 0.05197008 0.09575381 0.1236683 0.1209941 0.1933786 0.2412706 0.2633632 0.485948 1 91.90823 183.8157 294.4821 487.7863 713.5363 907.0876 1179.003 1452.653 1679.287 1987.334 2221.365 47 
0.9999988 0.4657436 0.1869012 0.03560205 0.07810611 0.08646558 0.1190128 0.1345434 0.1601273 0.204322 0.3394908 0.4745518 1 85.90108 171.802 353.5479 539.0304 772.2572 1004.539 1243.796 1500.201 1839.183 2152.159 2412.813 48 
0.9999835 0.4462609 0.1950965 0.05474686 0.05726436 0.08393837 0.09260362 0.1587535 0.1810958 0.1775949 0.3286681 0.4254606 1 132.2316 264.4609 395.1965 575.8552 758.4313 1042.445 1314.991 1533.858 1866.979 2156.466 2415.327 49 
1 0.4886238 0.1952586 0.0599038 0.0587124 0.07770624 0.1112669 0.1234021 0.1960104 0.217468 0.333517 0.4892173 1 137.1521 274.3042 400.676 558.11 766.0212 970.9513 1256.291 1510.816 1816.276 2114.901 2289.539 50 
0.999999 0.4552912 0.1851256 0.03945315 0.07150991 0.07763256 0.1271702 0.1477728 0.1843187 0.2352418 0.32777 0.4260684 1 92.26867 184.5372 345.1784 507.1025 751.7591 999.8982 1263.668 1538.261 1830.858 2086.537 2338.69 51 
0.9999997 0.4612416 0.1884275 0.05182511 0.05105171 0.09043694 0.1058791 0.1206973 0.1691173 0.1872681 0.3771963 0.4427453 1 119.2683 238.5365 349.936 537.203 736.6183 939.8736 1190.295 1420.696 1797.866 2073.59 2301.361 52 
0.99998 0.4292781 0.2021568 0.05167485 0.05526412 0.1121582 0.1125509 0.1248798 0.1569199 0.2278718 0.3550966 0.4282819 1 123.4886 246.9747 372.2113 612.3338 826.2654 1036.911 1268.545 1552.129 1893.343 2158.732 2389.723 53 
0.9999996 0.4875913 0.1890132 0.03662988 0.064903 0.07177322 0.1143361 0.1362134 0.1676317 0.2101086 0.3303883 0.5378195 1 84.10946 168.2189 311.79 460.254 679.7852 911.4188 1157.65 1414.54 1733.617 2081.418 2296.198 54 
1 0.5254237 0.1786123 0.0436293 0.06958634 0.08546098 0.0954363 0.1578962 0.1724866 0.2393346 0.3224875 0.5470793 1 98.99395 197.9879 348.9892 521.5334 697.7507 961.4724 1204.075 1482.636 1768.146 2096.298 2268.978 55 
0.9999804 0.3910966 0.2205174 0.05109224 0.0555256 0.08331415 0.1108298 0.130309 0.1777014 0.2429027 0.2528298 0.5149198 0.9999994 127.8656 255.7286 387.5845 574.4435 802.3036 1040.516 1323.032 1640.58 1890.809 2271.595 2502.642 56 
0.9999825 0.5468744 0.1639402 0.04649023 0.04633994 0.08947478 0.09788991 0.1463893 0.16272 0.2259197 0.3348166 0.4576277 0.9999999 104.2499 208.4979 307.5762 490.0163 671.7528 916.9258 1149.55 1419.968 1730.191 2012.229 2242.404 57 
0.9999925 0.4517951 0.2034308 0.04342741 0.06886762 0.07623262 0.09181684 0.1476474 0.175579 0.2383259 0.3354595 0.5110113 0.9999996 101.8384 203.6761 358.1576 517.3824 694.5371 953.2573 1215.494 1508.947 1823.559 2142.041 2345.027 58 
0.999999 0.5257929 0.1691294 0.04092746 0.05088726 0.09560409 0.1010995 0.1189439 0.1754615 0.2643572 0.287808 0.5048278 1 91.31072 182.6213 291.506 485.6626 671.3502 867.7257 1122.955 1440.021 1693.96 2011.184 2231.038 59 
0.9999956 0.6462866 0.1577921 0.03184498 0.04553556 0.07481412 0.1051994 0.1203216 0.1746887 0.2401152 0.3207022 0.5242198 1 65.00267 130.0051 219.9928 361.1085 544.6919 732.5753 972.5321 1244.743 1521.012 1827.776 2041.222 60 
0.9998939 0.5847851 0.1664163 0.03587751 0.05169473 0.08150282 0.1068377 0.1235741 0.1833566 0.2183149 0.3279755 0.4734081 0.9999995 78.67812 157.3479 266.6287 430.0127 626.7168 829.9083 1094.142 1351.036 1652.708 1945.299 2192.965 61 
1 0.465426 0.2066111 0.03459304 0.05649247 0.07740523 0.1144147 0.1316186 0.1940415 0.200196 0.339037 0.5204502 1 77.36443 154.7289 276.699 434.3798 649.411 868.4729 1148.923 1382.123 1697.989 2018.478 2236.416 62 
0.9999994 0.4343239 0.1876619 0.04824564 0.05475487 0.08526013 0.1118166 0.1450758 0.1674801 0.2171361 0.3372105 0.4461887 1 110.5399 221.0797 340.4807 516.2228 727.0533 970.0076 1209.792 1468.603 1783.261 2059.212 2291.189 63 
1 0.6588647 0.1301123 0.03943051 0.04868852 0.07872393 0.09451795 0.1251978 0.1532462 0.2027903 0.3289329 0.5619143 0.9999999 83.49834 166.9967 266.0344 418.3708 586.8713 788.9698 1005.374 1247.857 1561.412 1920.865 2117.607 64 
0.9999771 0.4895837 0.1744961 0.04971811 0.07033129 0.07258129 0.1072682 0.1314225 0.1651197 0.2314374 0.2893035 0.4738003 0.9999998 112.3622 224.7218 375.7618 520.6674 719.2801 936.5102 1173.566 1450.967 1717.466 2027.65 2259.985 65 
0.9999956 0.4078406 0.1997575 0.04671017 0.06790955 0.0801324 0.1075462 0.1228564 0.1660542 0.2185965 0.2710424 0.4897476 1 112.8152 225.6298 381.9839 553.95 766.2521 982.6939 1239.298 1521.002 1793.938 2153.438 2415.216 66 
0.9999996 0.4544012 0.194097 0.0508471 0.07196312 0.0794797 0.1080854 0.1061453 0.1801902 0.2054108 0.3227465 0.4741251 1 118.8605 237.7209 397.3887 561.0434 765.9107 945.3549 1217.642 1472.109 1789.806 2105.884 2337.606 67 
0.9999625 0.4161393 0.2046189 0.05331144 0.0553071 0.08271253 0.1162107 0.1485356 0.1758278 0.2342093 0.2928774 0.420593 0.9999998 127.3909 254.7771 379.8816 556.6287 784.415 1041.722 1301.055 1585.753 1858.372 2135.201 2389.561 68 
0.9999989 0.5759946 0.1708381 0.03620409 0.06246599 0.08387515 0.07312476 0.14336 0.1861648 0.2084342 0.2954831 0.5248054 1 79.88052 159.7609 292.5956 459.8155 593.3744 836.0678 1106.044 1352.043 1628.09 1973.505 2206.395 69 
0.9999855 0.584104 0.1423777 0.03716932 0.05230757 0.07608133 0.1175859 0.1302614 0.202055 0.2297723 0.3168379 0.5122564 0.9999987 82.19497 164.3887 275.7581 429.271 648.478 862.7576 1151.841 1414.152 1692.745 2000.455 2211.366 70 
0.9999979 0.5119335 0.1900897 0.04124964 0.056267 0.08192507 0.1095111 0.144586 0.1450431 0.2622356 0.2747344 0.5166073 1 95.73724 191.4743 316.6784 488.7188 699.8486 948.0738 1161.08 1490.334 1744.822 2091.889 2320.923 71 
0.9999997 0.5250986 0.1719717 0.04072196 0.05324407 0.08087883 0.09976671 0.1196271 0.1693295 0.2353832 0.3037066 0.4895402 1 91.43176 182.8635 297.5425 462.4672 649.4532 851.2935 1102.817 1393.252 1679.783 2001.37 2245.269 72 
1 0.5483208 0.1584508 0.03540685 0.04659337 0.06677379 0.1009512 0.1477439 0.1628517 0.2225989 0.3118583 0.5670088 0.9999999 78.43636 156.8727 256.4358 392.4733 584.4069 836.9481 1074.187 1345.654 1641.318 2011.238 2215.288 73 
0.9999995 0.4817541 0.197735 0.04391543 0.073684 0.06992958 0.09602086 0.1350762 0.1864915 0.2176692 0.3290203 0.5292256 1 101.736 203.4719 366.6743 510.1483 693.3771 926.382 1204.624 1468.819 1781.239 2118.422 2316.634 74 
0.9999992 0.5039822 0.1782832 0.04181802 0.05899664 0.08251553 0.1071331 0.1515541 0.2158563 0.1914574 0.3075196 0.517026 1 91.29427 182.5885 305.9997 468.4252 661.9073 906.2904 1201.61 1407.007 1673.754 1984.314 2183.132 75 
0.9999986 0.5542786 0.156723 0.03641236 0.07504549 0.08849199 0.08786379 0.1475656 0.1733217 0.2305685 0.3650334 0.436364 1 79.40446 158.8088 316.5014 488.4943 644.154 882.6118 1121.36 1383.916 1703.751 1946.518 2180.701 76 
0.9999978 0.5145719 0.1700589 0.04938113 0.06045362 0.1070576 0.09697996 0.1358246 0.1855702 0.2218623 0.3679257 0.4870187 0.9999995 110.7927 221.5851 350.5219 565.0532 738.5841 958.0519 1217.173 1469.48 1795.064 2067.469 2243.624 77 
0.999976 0.5115046 0.1670445 0.04342793 0.05409197 0.07387843 0.112315 0.1189863 0.1797266 0.198866 0.3149849 0.5037496 0.9999985 97.77507 195.5478 312.0387 462.5336 674.4227 873.6799 1138.843 1379.504 1684.884 2019.435 2251.433 78 
0.6376523 0.619936 0.2411358 0.03162527 0.04740394 0.06778617 0.0958029 0.1188601 0.1659233 0.2040671 0.3083326 0.4484615 1 79.0441 129.4467 197.2763 282.0827 385.7827 476.9901 588.2846 666.5884 775.5717 847.1724 2499.397 79 
1 0.4235986 0.2027327 0.05409156 0.05281621 0.106282 0.117333 0.1231332 0.1567982 0.203734 0.3289355 0.5324079 1 132.2277 264.4553 386.5816 619.3563 849.0224 1061.762 1299.308 1559.565 1894.151 2257.568 2444.515 80 
0.9999988 0.5653143 0.1603503 0.03824656 0.0647347 0.07880538 0.1111897 0.1371738 0.1457093 0.2749453 0.3037083 0.5164487 1 84.92807 169.856 308.1041 465.5069 670.0911 894.4212 1100.023 1431.452 1696.896 2011.188 2220.541 81 
0.9999965 0.4807854 0.1904338 0.04900672 0.05977948 0.09181934 0.09440163 0.1415321 0.1557093 0.2308018 0.3301523 0.4656237 1 110.2611 220.5217 348.4285 533.1447 705.6176 939.7881 1160.952 1437.729 1742.268 2029.967 2249.917 82 
1 0.432116 0.1980353 0.03974814 0.06533814 0.06484003 0.1288275 0.1606835 0.1533319 0.2349625 0.3119122 0.475325 1 94.9013 189.8026 339.601 478.5445 736.7048 1017.22 1241.889 1533.378 1829.411 2139.825 2387.566 83 
0.9999978 0.563176 0.172182 0.04478951 0.05624349 0.06927183 0.1109693 0.1396437 0.196222 0.2230527 0.321238 0.5382488 1 97.68534 195.3705 312.5422 448.7389 651.8041 878.9842 1153.631 1404.571 1685.36 2004.7 2180.987 84 
0.9999991 0.5443707 0.1519468 0.04260231 0.05931046 0.08790063 0.07846072 0.1410223 0.1639913 0.2399576 0.2894951 0.5155239 1 95.54275 191.0854 318.4321 495.9714 640.5142 879.9262 1119.071 1411.611 1679.854 2019.248 2242.666 85 
0.9999985 0.5003237 0.1763326 0.04227397 0.07703577 0.0790855 0.09861252 0.1640776 0.1435695 0.2481017 0.3201661 0.464553 1 97.95872 195.9173 366.8807 528.872 714.8861 993.8672 1197.925 1499.928 1792.961 2082.015 2317.235 86 
1 0.4293013 0.1812404 0.04994396 0.07410547 0.09837799 0.1144244 0.1304606 0.1672001 0.2701565 0.4007343 0.5223593 0.9999998 118.821 237.6421 405.1401 611.0224 826.9281 1044.925 1287.864 1614.765 1968.671 2245.123 2379.087 87 
0.9999985 0.6153074 0.1564784 0.02788717 0.0686463 0.06804704 0.1162286 0.1224007 0.1588659 0.2084617 0.3158745 0.4497137 1 58.52347 117.0469 257.089 386.379 592.1873 783.7331 1001.913 1242.724 1531.55 1812.865 2098.58 88 
0.9999932 0.4790179 0.1831661 0.05097017 0.06435131 0.08856401 0.09013771 0.152721 0.1743923 0.2546522 0.2827849 0.5148352 0.9999997 119.0236 238.0464 380.6562 564.2935 734.6397 997.2442 1251.314 1557.614 1811.132 2142.166 2335.162 89 
0.9999898 0.4704085 0.1889442 0.03038922 0.0718991 0.0726602 0.1310279 0.1361198 0.1866067 0.2417841 0.3056755 0.4612219 1 72.29189 144.583 310.4222 465.9652 726.0754 960.8845 1238.966 1532.036 1812.961 2107.267 2378.866 90 
0.9999914 0.5680599 0.145997 0.03686318 0.05920324 0.07689033 0.09590847 0.1563587 0.1799909 0.2232455 0.3295148 0.4665267 1 82.75489 165.5091 293.5148 449.9194 630.0077 895.446 1153.224 1415.4 1715.986 2001.32 2244.92 91 
0.999998 0.5388728 0.1600165 0.04538911 0.05203792 0.09034453 0.0942342 0.1482726 0.1805252 0.209876 0.3253818 0.4860915 1 100.2308 200.4614 310.1583 490.6958 661.9929 906.1214 1159.281 1400.469 1695.916 1993.674 2208.257 92 
1 0.4414411 0.1968498 0.04994824 0.07372312 0.08251203 0.1217812 0.1344755 0.2084878 0.1885157 0.3185361 0.5307229 1 115.5546 231.1091 393.1475 561.1331 788.609 1009.207 1305.225 1517.082 1807.573 2137.4 2313.486 93 
0.9999993 0.4813382 0.1680864 0.0416206 0.07189644 0.08659747 0.1179956 0.1290517 0.1774396 0.2526358 0.3081652 0.4961862 1 95.58106 191.1621 349.399 526.2885 746.4416 958.8115 1213.127 1510.968 1782.489 2084.95 2296.484 94 
0.9999942 0.4438321 0.1864687 0.05029959 0.056485 0.1007973 0.107739 0.1173491 0.1849561 0.215256 0.2966262 0.4962941 0.9999997 119.4392 238.8776 366.2565 580.7244 786.8543 987.1802 1265.867 1530.218 1816.083 2152.499 2374.555 95 
1 0.45309 0.1872105 0.04477966 0.06013815 0.1018408 0.08482557 0.1342228 0.1495335 0.2043184 0.319204 0.4916225 1 103.7566 207.5133 340.6165 552.4646 710.9476 940.4493 1161.812 1419.047 1738.812 2074.095 2317.048 96 
1 0.4209709 0.2049431 0.04772772 0.07643523 0.09443124 0.08086584 0.130237 0.1783361 0.2398521 0.3238115 0.5479491 1 114.0472 228.0943 402.0219 600.4751 754.3716 982.1839 1253.504 1553.339 1861.039 2213.121 2389.537 97 
1 0.4627031 0.1890532 0.05506016 0.0661372 0.07410566 0.112678 0.1230335 0.1832706 0.2299637 0.3463825 0.5236471 1 125.3813 250.7626 393.0759 541.9893 751.6338 954.7518 1220.091 1492.014 1807.408 2119.053 2277.169 98 
0.7574459 0.5963005 0.2161839 0.02978716 0.06108582 0.07440184 0.09068178 0.1344005 0.1817218 0.2105718 0.2858203 0.4466949 1 73.79404 129.689 245.0573 353.5246 457.1966 601.5862 754.4462 854.7489 950.9879 1059.145 2477.378 99 
0.9999999 0.4136851 0.202983 0.06256737 0.0509724 0.1025662 0.1147416 0.1284791 0.2125257 0.1586327 0.33035 0.5023544 1 145.0697 290.1394 400.9302 612.4992 824.9074 1035.456 1338.991 1517.405 1830.008 2148.338 2318.616 100 
