0.9999996 0.113448 0.2496347 0.06925469 0.08721278 0.1005553 0.1593992 0.02297152 0.2340332 0.391767 0.3232784 0.4346181 1 149.889 299.778 475.4616 660.3567 923.9784 955.9136 1273.798 1681.394 1885.967 2072.085 2164.316 1 
0.9999969 0.1127216 0.2816082 0.08971467 0.1252203 0.03926438 0.1965731 0.09134282 0.3494836 0.02678623 0.2928917 0.9999923 0.9999971 168.6058 337.211 551.4306 610.1892 892.814 998.3252 1365.15 1383.436 1578.061 2047.933 1879.355 2 
0.9999996 0.3399786 0.1241385 0.06334819 0.06087134 0.09580675 0.09894896 0.1018282 0.1948661 0.2672331 0.3723263 0.4772949 1 73.56455 147.1291 213.3393 311.2056 402.5979 487.3432 633.0043 793.8337 958.0304 1090.148 1161.273 3 
0.9999998 0.1875258 0.1930702 0.07798481 0.04160941 0.09832803 0.1633275 0.07025341 0.22771 0.2670055 0.1842432 0.3947042 1 122.686 245.372 305.7271 442.4189 647.1451 720.8228 942.855 1143.919 1245.615 1423.34 1573.204 4 
0.9999968 0.2299457 0.1490438 0.04322513 0.07665275 0.1027724 0.09742198 0.1602603 0.1346837 0.257493 0.3862922 0.4382965 1 65.25398 130.5077 241.2228 378.2856 494.8593 667.9425 790.0901 992.1651 1217.259 1373.996 1509.631 5 
0.9999995 0.1634097 0.1587473 0.1016883 0.09251632 0.1872453 0.07233176 0.1607469 0.1241671 0.3264422 0.5329006 1 1 159.1581 318.3162 448.3938 687.3036 762.3121 916.9505 1017.198 1248.03 1501.84 1724.311 1565.156 6 
1 0.1693492 0.1675955 0.0561356 0.1290277 0.1075288 0.1496082 0.1112547 0.1646445 0.3077326 0.1612152 0.5537449 1 88.60115 177.2023 369.4201 508.9412 682.1877 791.7464 935.8426 1160.826 1242.42 1477.497 1578.342 7 
1 0.2275338 0.1941392 0.04583723 0.1102073 0.03767524 0.1176867 0.123972 0.2246757 0.1735082 0.3132615 0.5621926 1 65.94741 131.8948 283.1855 329.2055 467.5429 596.1186 800.2497 922.4737 1104.856 1329.633 1438.73 8 
0.9999983 0.203161 0.1634614 0.0752348 0.1053014 0.06752513 0.149705 0.1326164 0.2732814 0.2494626 0.4361018 1 1 108.3236 216.647 356.8537 437.2942 603.5911 728.8513 952.743 1101.267 1296.141 1548.121 1439.807 9 
0.9999992 0.1199672 0.2301159 0.07104615 0.07215484 0.1683558 0.1308179 0.1961169 0.1221065 0.2945946 0.3001821 1 1 141.7411 283.4822 417.2077 706.7103 893.7908 1137.565 1259.577 1518 1703.75 2136.792 1995.057 10 
1 0.3068515 0.09440905 0.07510564 0.05571946 0.06012111 0.09379621 0.2030906 0.1629561 0.2617037 0.3135837 0.5170003 1 94.54566 189.0913 253.9649 320.063 416.9844 607.1577 728.7594 892.2252 1036.836 1200.49 1258.836 11 
1 0.174771 0.1977496 0.05434295 0.09432826 0.1457898 0.1602416 0.1947869 0.1624036 0.1562977 0.4217117 0.4040958 0.9999995 85.85528 171.7106 312.6392 509.9066 695.1182 884.1815 1011.108 1113.425 1346.34 1475.406 1579.879 12 
1 0.2237889 0.1638972 0.06374268 0.0628961 0.09302512 0.1186997 0.1529911 0.1915219 0.2805659 0.3461164 0.4622714 1 89.40142 178.8028 261.3939 375.8654 508.3429 658.8241 818.3836 1007.36 1175.08 1321.554 1402.536 13 
1 0.1284066 0.2526605 0.06094313 0.06917679 0.1088575 0.1499996 0.1769497 0.1779211 0.2476322 0.2718151 0.3270507 1 124.6353 249.2707 382.1229 576.7188 815.6721 1055.275 1253.562 1480.439 1667.802 1831.963 2045.109 14 
0.9999999 0.2455377 0.1579491 0.04695971 0.06445167 0.092506 0.152393 0.1118466 0.1956646 0.1993202 0.3815501 0.4916162 0.9999998 65.18568 130.3713 215.6366 330.1283 501.2925 607.7717 773.2125 908.7685 1116.536 1282.097 1388.119 15 
1 0.330618 0.1116219 0.04562208 0.05297872 0.06612628 0.1677864 0.1531065 0.1706879 0.1509341 0.49246 0.2891552 1 54.46759 108.9352 169.3001 240.654 409.7324 538.1308 659.3573 748.257 994.5348 1067.928 1193.887 16 
1 0.1824461 0.17212 0.05945546 0.05718454 0.09929065 0.1922321 0.07804081 0.1835273 0.279915 0.2755112 0.4206718 1 98.69084 197.3817 286.6594 432.8096 687.6696 771.2461 952.4531 1178.107 1338.04 1514.959 1659.912 17 
0.4019721 0.3236873 0.3218925 0.02335544 0.06101903 0.05685347 0.1050482 0.1104843 0.1300248 0.2134708 0.2746653 0.4090305 1 52.52228 73.63477 163.6153 183.0169 277.8904 304.0258 323.5393 417.6125 458.8777 498.7941 2248.824 18 
0.9999999 0.1173953 0.2306062 0.09875844 0.1087522 0.1756303 0.02912725 0.1806107 0.2231594 0.2783187 0.424152 1 1 204.4856 408.9712 611.9113 904.0086 943.9432 1184.355 1427.753 1663.571 1922.93 2275.048 2070.563 19 
0.9998249 0.2022319 0.1670709 0.04548912 0.09225072 0.08853822 0.06811151 0.09870144 0.2979847 0.2103327 0.2780327 0.1842675 0.9999999 74.19508 148.3772 291.9723 417.0465 504.7086 623.0989 945.3782 1104.962 1271.521 1351.087 1631.051 20 
1 0.168346 0.2226301 0.04747653 0.08671565 0.0392064 0.1409279 0.1815817 0.1326704 0.3338012 0.2769096 0.615583 1 83.18836 166.3767 311.1061 370.8678 577.2596 805.7127 942.3202 1240.427 1405.178 1670.008 1752.2 21 
1 0.1234306 0.2139526 0.08985267 0.03275411 0.1257981 0.05734498 0.2291688 0.03999355 0.3616401 6.038271e-13 0.5665953 1 194.4829 388.9659 453.4909 693.1937 788.7163 1148.564 1196.972 1617.189 1617.189 2037.466 2164.465 22 
1 0.2045032 0.1593719 0.06161139 0.04953218 0.09443302 0.1587893 0.1495002 0.1292525 0.300377 0.1994286 0.3822596 1 97.83122 195.6624 269.4676 403.2073 606.8545 768.1432 886.7405 1126.732 1238.207 1409.268 1587.876 23 
0.9999997 0.1577801 0.1804401 0.08232047 0.04832135 0.1192827 0.1021702 0.2040128 0.1928286 0.2481837 0.36423 1 1 133.1405 266.281 337.9996 506.4845 633.5841 861.4458 1032.877 1210.975 1407.48 1750.482 1617.344 24 
0.9999997 0.2199538 0.170836 0.06965167 0.07772306 0.1431643 0.05768295 0.1917481 0.2594945 0.1786238 0.47164 0.2855952 1 100.0548 200.1096 303.9823 480.443 541.3626 732.1891 940.9179 1047.313 1278.059 1351.884 1436.502 25 
1 0.2119294 0.182547 0.06071471 0.09194665 0.07081841 0.1653971 0.1322672 0.1308312 0.2264205 0.4928949 0.2964309 1 89.68119 179.3624 306.9301 396.1502 589.7678 718.9935 829.9095 996.7504 1277.712 1363.398 1477.092 26 
0.9999693 0.2377474 0.151835 0.06727056 0.09554921 0.08117027 0.09912015 0.09681903 0.2575997 0.1832928 0.3045665 0.4253205 0.9999999 96.774 193.545 321.7475 420.2456 530.7604 628.0047 861.7057 985.1416 1152.659 1315.338 1438.579 27 
0.9641227 0.1500405 0.2522664 0.05740218 0.0795004 0.1080838 0.1147231 0.1542589 0.2695026 0.2507411 0.2172614 0.9999102 0.9989144 106.6611 209.4954 341.2223 503.2363 650.1507 823.1977 1083.819 1242.137 1325.6 1739.249 1858.136 28 
0.9999937 0.2929538 0.1371819 0.04471032 0.06326035 0.1036101 0.08057691 0.152005 0.16134 0.2701636 0.2398463 0.4006468 1 58.05498 116.1096 194.5779 314.966 398.8894 544.4515 675.4668 859.4568 978.6677 1130.041 1298.469 29 
0.9999991 0.4438638 0.08489403 0.04534046 0.07083662 0.08053291 0.1278619 0.09260521 0.1816051 0.247741 0.2532032 0.5225793 1 47.33434 94.66863 165.2673 239.844 348.7138 417.4817 539.8519 676.4699 781.5077 943.4021 1043.976 30 
0.9999996 0.3301094 0.1149488 0.03075933 0.0617398 0.06302353 0.1652588 0.08994696 0.1829443 0.2817564 0.3419223 0.5318838 1 39.39761 78.79521 155.4413 228.8504 409.2107 491.1542 642.829 833.6912 1000.05 1170.349 1280.835 31 
0.9999996 0.2035284 0.1499079 0.06104917 0.0890913 0.1147593 0.1308519 0.199329 0.0859332 0.2248591 0.4685593 1 1 88.46745 176.9349 298.1569 440.3928 583.9624 774.0468 839.6598 996.5942 1250.08 1537.583 1449.118 32 
1 0.2203068 0.1926192 0.082472 0.06307829 0.08105307 0.1542691 0.1237534 0.2350517 0.1401396 0.2574685 0.6432864 1 122.5983 245.1966 331.232 434.8106 615.9738 738.8819 943.4382 1036.73 1184.108 1457.527 1486.545 33 
0.9999995 0.1494198 0.2381997 0.06959737 0.09844352 0.1190486 0.1246285 0.1556872 0.15796 0.2323547 0.3897742 1 1 120.502 241.0038 399.5877 572.4853 731.9386 906.3045 1055.673 1240.683 1478.925 1851.914 1731.415 34 
0.9999994 0.1487971 0.1733698 0.07338177 0.1284844 0.0621388 0.1829983 0.1001827 0.2125948 0.3816621 0.3061945 1 1 127.7302 255.4603 462.6921 550.0381 791.2877 899.1907 1105.229 1396.485 1540.967 1868.352 1740.626 35 
0.9999992 0.1914359 0.2025251 0.08477645 0.07178678 0.08012728 0.1562963 0.1733801 0.2579876 0.1748609 0.451309 1 1 125.4017 250.8033 347.9882 448.6773 629.3442 798.4345 1006.416 1111.015 1333.775 1604.601 1479.204 36 
0.9999993 0.1131033 0.2899867 0.06645107 0.08812434 0.1212221 0.1067041 0.1782849 0.1442072 0.2128956 0.4216595 1 1 141.4979 282.9957 458.1741 677.9105 847.8834 1101.577 1270.194 1483.228 1815.335 2270.847 2129.355 37 
0.9999998 0.2151453 0.1378063 0.06925689 0.08331808 0.08738578 0.1296868 0.1397034 0.1951459 0.2245256 0.3634147 1 1 97.64635 195.2927 304.6284 409.7476 552.1195 685.5979 846.0006 994.5377 1180.978 1507.561 1409.915 38 
0.9999999 0.2613076 0.1490782 0.06561119 0.0427673 0.1247087 0.07725089 0.1204675 0.1701692 0.2345136 0.417374 0.4806606 0.9999999 88.0539 176.1078 229.7381 379.4349 460.6004 577.3948 722.5005 888.4444 1114.521 1266.212 1342.056 39 
0.9999999 0.1893126 0.1553692 0.04915479 0.08905626 0.09153581 0.1849565 0.1014192 0.1900225 0.297996 0.2261124 0.5328098 1 79.25728 158.5146 295.0507 422.8903 657.5573 762.435 939.0084 1163.295 1282.765 1500.627 1612.402 40 
1 0.3266561 0.1395504 0.05854857 0.06087048 0.1019565 0.09914698 0.1014974 0.1471636 0.2929275 0.342718 0.570617 0.9999998 70.44056 140.8811 209.8275 318.2813 412.9937 500.3384 614.1275 807.2917 967.0881 1141.963 1203.113 41 
0.9999991 0.1347596 0.2039577 0.05218977 0.08789761 0.1314865 0.08845339 0.1922 0.1305951 0.3491928 0.5481029 1 1 96.49192 192.9837 347.0131 557.1735 679.9626 923.1709 1056.663 1366.987 1683.991 1945.352 1848.866 42 
0.9999999 0.2553642 0.1603635 0.03694669 0.08946887 0.08172867 0.1025041 0.2040035 0.1608431 0.2124845 0.2850768 0.5665088 0.9999999 50.92742 101.8548 220.6225 319.4086 433.1801 636.3981 763.9357 905.3216 1054.704 1266.933 1378.403 43 
0.9999998 0.1769343 0.1898427 0.07797562 0.1075976 0.08928246 0.2274856 0.07231608 0.2447598 0.2374257 0.4822207 1 1 118.7249 237.4497 388.5022 500.3563 759.9077 823.6474 1023.779 1170.398 1397.483 1641.313 1522.59 44 
0.9999998 0.2195271 0.1853924 0.08872965 0.08048873 0.1394688 0.09582382 0.1269763 0.1731398 0.2204002 0.4158543 0.3757831 1 127.593 255.186 360.6587 528.709 628.0668 747.1099 888.8212 1037.981 1257.389 1373.205 1437.997 45 
0.9999989 0.1987562 0.1820232 0.06008505 0.102201 0.08736549 0.119068 0.1111405 0.1837807 0.3214206 0.2053346 0.4734938 1 100.6563 201.3125 362.2352 485.7391 639.3538 765.6678 951.3253 1216.354 1331.243 1541.775 1675.23 46 
1 0.1674241 0.2300112 0.0645277 0.09585512 0.08772145 0.1395701 0.06780196 0.2986357 0.05850851 0.3077003 1 1 107.5442 215.0884 364.5353 488.1914 667.677 742.7 1050.737 1093.064 1302.644 1774.18 1666.636 47 
1 0.2571291 0.1499477 0.06217906 0.07732552 0.06140339 0.1700253 0.09271646 0.1206669 0.3738836 0.2139172 0.6076836 0.9999996 85.59109 171.1822 271.0044 344.1427 534.2266 620.2573 721.842 998.6187 1097.769 1319.177 1376.526 48 
0.9999985 0.1678271 0.1909059 0.07218041 0.05900764 0.0521476 0.1554593 0.08724786 0.2499033 0.2157269 0.3277531 0.3792722 1 131.1347 262.2692 361.7338 444.4479 678.1722 788.9519 1078.574 1266.108 1489.563 1663.392 1816.763 49 
0.9999991 0.1870122 0.1908874 0.06706663 0.04938916 0.1119654 0.1366764 0.124358 0.2324493 0.3224911 0.07847282 1 1 106.976 213.952 287.4475 445.8335 617.5278 752.3958 973.1405 1208.205 1246.957 1702.042 1595.071 50 
0.9999996 0.1949358 0.1857258 0.07245792 0.08589275 0.1619729 0.08756701 0.121428 0.2505983 0.2526294 0.4130721 1 1 107.7657 215.5314 334.0222 538.2748 630.8134 747.8988 960.1936 1120.577 1316.569 1595.05 1487.287 51 
0.9999241 0.2398071 0.1635244 0.06160579 0.07244867 0.08954438 0.03940479 0.1855221 0.1730104 0.1427938 0.236659 0.3987358 1 91.77155 183.5361 284.7972 400.8799 447.3671 657.7134 817.4575 926.4635 1081.345 1280.549 1489.658 52 
0.9999849 0.1991397 0.2237283 0.07990307 0.07073473 0.09116907 0.1176582 0.1942255 0.1830979 0.1926935 0.3652086 0.3332344 0.9999999 130.602 261.202 367.5762 494.9816 644.4135 862.0673 1027.394 1169.523 1386.996 1512.95 1634.505 53 
0.9999979 0.2641423 0.154385 0.04759307 0.0572935 0.08872036 0.1701817 0.07523279 0.1824794 0.2669483 0.1990646 0.382449 1 64.382 128.7639 202.5793 310.3352 498.6927 567.789 722.7767 908.1338 1009.456 1165.37 1352.76 54 
0.9999952 0.2748526 0.1461436 0.04536731 0.1164937 0.02798003 0.1210738 0.1547768 0.2008499 0.2101678 0.3280843 0.4557002 1 61.8729 123.7455 275.4137 307.5972 442.9677 595.0683 761.8954 901.399 1073.404 1233.93 1363.821 55 
0.9999983 0.1987802 0.2413775 0.07447302 0.08182134 0.07947915 0.209177 0.05406764 0.3257248 0.1136764 0.2909116 1 1 110.7168 221.4334 334.0154 434.4265 677.6901 727.4147 1010.784 1077.465 1228.713 1597.377 1486.67 56 
0.999998 0.214298 0.1843409 0.07617159 0.09022833 0.06914013 0.1363058 0.116913 0.1422603 0.2606465 0.3439006 0.2499643 1 116.6974 233.3946 361.0975 450.1238 613.4998 734.5303 864.5827 1068.965 1268.342 1363.421 1532.033 57 
0.9999979 0.1676429 0.1703124 0.0797716 0.05222154 0.09755744 0.06044689 0.1902062 0.178112 0.3272151 0.3592062 0.3809733 1 137.2368 274.4733 357.1465 503.5269 585.3758 827.3607 1010.858 1287.924 1492.553 1631.622 1720.372 58 
0.9999987 0.2554771 0.1449113 0.04163366 0.0979876 0.07865038 0.1143803 0.1078735 0.2402284 0.185123 0.3519663 0.4645538 0.9999999 58.73302 117.466 249.9428 345.8566 474.3723 581.7133 794.97 919.829 1113.272 1278.729 1410.71 59 
0.9999394 0.2422262 0.1426371 0.06266923 0.06077814 0.120273 0.08100687 0.1529425 0.2491091 0.2395826 0.1845189 0.3944654 0.9999999 86.72211 173.439 252.2629 398.7701 485.5633 636.1685 843.9556 993.991 1081.829 1234.999 1383.807 60 
0.999994 0.2355736 0.1690341 0.04293617 0.0842724 0.1179841 0.137301 0.1992002 0.1146993 0.2516698 0.4189112 0.1532972 0.9999998 59.45055 118.9007 230.5758 373.748 520.7027 704.635 789.4433 954.1869 1159.395 1203.025 1384.626 61 
1 0.1874622 0.2281972 0.07850058 0.06410946 0.1256676 0.04719701 0.1627022 0.2187772 0.1951216 0.3084663 0.4256523 1 122.7335 245.4669 337.8319 507.2787 562.9205 745.6814 951.4465 1094.814 1277.238 1451.316 1563.472 62 
1 0.1785264 0.2464323 0.04880677 0.09599146 0.04038466 0.1901103 0.09006495 0.244295 0.2059346 0.2310991 1 1 72.84299 145.686 281.9587 333.7869 567.9141 657.7454 879.4613 1020.703 1146.564 1565.32 1492.477 63 
0.9999998 0.1374383 0.279193 0.09323523 0.08405064 0.1067623 0.1168497 0.1952626 0.03261657 0.4048501 0.4457115 0.4380378 1 181.9419 363.8838 512.6103 685.6464 854.8125 1104.467 1138.026 1540.991 1805.021 1948.85 1951.429 64 
1 0.1472961 0.2368248 0.06132191 0.09416124 0.07527786 0.1675031 0.1586061 0.2311202 0.1735971 0.1321841 0.5473849 1 115.4461 230.8922 397.2919 517.7951 765.7458 961.2 1200.842 1339.238 1426.325 1739.29 1882.624 65 
0.9999995 0.1680362 0.1746896 0.07239251 0.1106672 0.02878093 0.1327928 0.2192685 0.1087557 0.3840657 0.2695552 0.4689852 0.9999999 119.0608 238.1216 406.9549 446.0036 620.9863 871.5508 968.5786 1273.963 1405.978 1573.751 1644.657 66 
1 0.1010889 0.2655843 0.07022825 0.09650006 0.09707231 0.1707935 0.1115409 0.1914344 0.2707618 0.3703587 0.4630674 0.9999996 168.204 336.4079 551.3039 746.6138 1056.893 1224.92 1481.134 1774.145 2066.419 2296.512 2395.104 67 
0.9999948 0.1564183 0.2386319 0.09417579 0.1160826 0.1066284 0.08433917 0.1492498 0.2048026 0.06762713 0.7267703 0.2962158 0.9999996 159.8703 319.7397 498.2386 643.1655 745.5729 911.5142 1105.236 1156.098 1665.793 1722.545 1697.573 68 
1 0.1136717 0.2093289 0.08424045 0.1112049 0.1034982 0.1309645 0.1059815 0.1674369 0.333645 0.4136788 0.4020722 0.9999999 184.783 369.566 592.9474 777.7284 987.3467 1134.762 1342.977 1688.408 1973.802 2136.44 2193.519 69 
0.9999996 0.1616498 0.2159645 0.05601066 0.1356778 0.07328974 0.06268037 0.2496184 2.165597e-05 0.3249018 0.2995524 0.4802627 0.9999996 99.00733 198.0146 424.4125 530.1141 613.889 926.6031 926.6231 1232.042 1422.142 1635.625 1767.652 70 
0.9999982 0.1391969 0.2755878 0.05734036 0.1127418 0.1532244 0.08621319 0.1376245 0.2305112 0.4024398 0.1292367 1 1 100.607 201.2138 387.6828 612.5361 719.6659 875.9369 1101.658 1404.895 1463.083 1855.153 1754.558 71 
0.9999999 0.3321323 0.1187215 0.04411837 0.04865948 0.07626629 0.1175108 0.1628178 0.1996425 0.2937301 0.164197 0.6369174 1 54.21866 108.4373 165.5984 250.8303 372.1395 520.469 672.7334 852.0323 922.8212 1152.324 1228.936 72 
1 0.1704554 0.2145066 0.09041605 0.06112059 0.08488766 0.1594238 0.1375233 0.2316526 0.1624116 0.4250935 0.1551995 1 158.4455 316.891 414.3147 541.3521 759.6826 917.9949 1147.992 1271.889 1543.507 1600.519 1752.404 73 
0.999999 0.1989561 0.214725 0.05595503 0.07764297 0.09839748 0.08923815 0.1510077 0.1224265 0.2631591 0.3110269 0.5316721 0.9999999 90.50035 181.0006 299.5516 438.1269 551.4366 726.0672 846.2658 1073.005 1270.465 1503.021 1617.376 74 
0.9999453 0.1085773 0.2768892 0.06817533 0.09331225 0.06382017 0.1643603 0.1402704 0.08134601 0.2715857 0.2028338 0.2888735 0.9999996 165.8085 331.608 543.0617 674.1703 990.3087 1215.739 1328.093 1672.823 1860.31 2073.169 2432.09 75 
0.9999988 0.1535786 0.1822768 0.09405873 0.06578076 0.1141869 0.114159 0.3100201 9.687462e-11 0.4229845 7.347484e-29 1 1 162.8291 325.658 428.8225 596.1229 744.2833 1100.709 1100.707 1436.243 1436.241 1893.964 1731.143 76 
1 0.1247403 0.2564016 0.09412048 0.0897627 0.05453456 0.1193535 0.07069739 0.284508 0.1958528 0.4455796 1 1 184.428 368.8559 528.1901 616.303 798.6289 893.7371 1249.423 1424.612 1745.119 2143.916 1959.488 77 
0.9999966 0.09792126 0.2668266 0.06142663 0.1291241 0.08691658 0.1176706 0.0614464 0.2660747 0.2307344 0.1301418 0.2622138 1 163.4258 326.851 649.2827 838.2932 1071.941 1179.59 1617.1 1895.549 2016.361 2228.102 2660.503 78 
1 0.2395704 0.1478256 0.06144887 0.05933952 0.09740257 0.09700396 0.1485521 0.1448235 0.1646512 0.3136787 0.4401863 1 87.68251 175.365 254.8346 377.5391 487.8385 640.3662 766.9759 890.0732 1085.974 1274.65 1426.918 79 
1 0.1843345 0.191297 0.07660135 0.08316641 0.1043545 0.08123752 0.1198588 0.1998485 0.3127253 0.1430952 0.5085308 1 119.3865 238.773 358.4625 496.1549 592.1594 722.2985 913.28 1152.405 1227.605 1456.609 1558.543 80 
0.9999998 0.1554161 0.2559117 0.08405087 0.1453302 0.1401016 2.782182e-07 0.2005318 0.2086695 0.1351578 0.6436215 1 1 135.1703 270.3405 484.4155 660.7963 660.7965 877.8859 1058.485 1151.052 1532.277 1743.365 1608.196 81 
0.999985 0.1727339 0.2025329 0.05764998 0.07174543 0.162338 0.05597231 0.1818355 0.2181842 0.2212545 0.1123733 0.3514299 1 98.44456 196.8876 312.336 554.8204 624.8468 839.6226 1050.468 1217.623 1283.725 1467.247 1707.625 82 
0.9999977 0.2708023 0.1243784 0.04808587 0.06419288 0.04828697 0.1495791 0.1335421 0.2029781 0.1620122 0.2592885 0.5005025 1 62.80106 125.602 205.4074 261.5846 427.2031 552.9474 718.5499 823.8994 965.1878 1167.201 1306.019 83 
1 0.1802626 0.1822987 0.0616397 0.09213294 0.1254575 0.1081899 0.1427586 0.235805 0.2153812 0.2469347 0.6680658 0.9999999 99.88438 199.7688 339.8634 513.0545 643.6705 797.3743 1015.014 1166.928 1303.585 1582.004 1620.455 84 
1 0.3189925 0.1131306 0.04468507 0.09028126 0.04568524 0.1146758 0.1171475 0.1856432 0.3314926 0.3679046 0.3954176 1 56.44994 112.8999 221.8544 272.0113 392.1597 500.8228 652.848 873.9159 1037.934 1149.363 1263.284 85 
0.9999996 0.1191683 0.2467747 0.06726919 0.1393262 0.05427566 0.2102093 0.2087834 0.1254114 0.2877894 0.2886732 1 1 134.2903 268.5805 528.0089 614.9905 933.5858 1183.502 1302.279 1540.661 1710.96 2130.599 1996.312 86 
0.9999994 0.1747825 0.2124805 0.06131324 0.1093928 0.03612131 0.1354376 0.2113959 0.1342454 0.3391159 0.1562805 0.4603952 1 103.016 206.0318 378.5597 429.296 612.6617 860.1028 984.0203 1255.025 1337.563 1542.718 1680.158 87 
1 0.2083264 0.2040192 0.07980303 0.0562273 0.1378312 0.05862351 0.1483204 0.2164668 0.186599 0.2881881 0.5254436 1 120.0439 240.0878 317.9181 497.9778 564.0066 721.2691 916.7446 1048.773 1214.632 1429.888 1504.253 88 
0.9999997 0.1243069 0.26913 0.08805978 0.05063276 0.119421 0.1730874 0.09041354 0.2645344 0.3085582 0.2063797 1 1 160.9322 321.8643 406.2488 595.1985 836.3552 940.5213 1217.738 1455.552 1565.534 1988.463 1827.533 89 
0.9999993 0.1718694 0.1921396 0.07214921 0.08741821 0.08134764 0.1160662 0.1559136 0.2040597 0.2211507 0.1682597 0.5753242 0.9999996 122.2224 244.4448 381.8486 498.5331 651.4745 833.0776 1033.702 1206.761 1309.311 1600.96 1694.023 90 
0.9999999 0.1896674 0.1952493 0.04588457 0.09789629 0.09028679 0.1075728 0.2147472 0.2007364 0.2629465 0.3161263 1 1 68.56631 137.1326 276.7088 392.8338 518.6998 742.9363 907.5304 1079.854 1232.554 1562.888 1494.322 91 
0.9999992 0.1476802 0.2415695 0.07343019 0.1085762 0.09337898 0.1624868 0.1240971 0.209811 0.2501832 0.4311642 1 1 121.9192 243.8382 410.8741 538.9324 740.9562 870.1783 1061.542 1241.852 1474.854 1782.255 1660.341 92 
1 0.136571 0.2314186 0.08639694 0.1074857 0.1493521 0.1269412 0.1180186 0.1996679 0.3050459 0.2352637 0.4483576 0.9999999 161.1318 322.2637 505.4071 732.5333 896.7465 1030.037 1228.929 1472.118 1602.461 1792.425 1865.018 93 
1 0.2050122 0.1941481 0.06072326 0.06496569 0.09120093 0.1379803 0.1253369 0.2010878 0.203143 0.3091525 0.5836765 1 97.58808 195.1762 293.2423 421.9671 598.9568 737.5452 932.0249 1088.985 1279.33 1527.599 1607.096 94 
0.9999577 0.2417455 0.174164 0.06405279 0.03832118 0.1261921 0.09901946 0.1177111 0.2529109 0.3087444 0.2489207 0.3020369 1 91.03657 182.0693 233.0379 394.4607 505.1308 623.6612 848.3689 1053.295 1167.479 1271.531 1421.274 95 
0.999995 0.389779 0.1026367 0.04383069 0.06600065 0.08094266 0.07904345 0.1401365 0.1965949 0.2251726 0.3496616 0.3679571 1 51.33236 102.6645 176.5727 261.2305 337.2098 461.2668 610.9149 748.6186 914.3036 1027.691 1171.151 96 
0.9999999 0.245145 0.1678631 0.04187731 0.1039578 0.08624618 0.08967292 0.1315613 0.09260847 0.3611578 5.364484e-30 0.5909322 1 61.21013 122.4203 268.0073 376.2339 479.0555 616.3803 700.3283 997.3934 997.3933 1307.911 1461.654 97 
0.9999993 0.174208 0.1987906 0.063084 0.1276992 0.1523873 0.122632 0.07586142 0.2546613 0.1534908 0.5554781 1 1 103.3526 206.7052 402.7208 606.7618 745.9392 821.4774 1055.818 1161.091 1483.596 1741.681 1638.333 98 
0.9999886 0.2602866 0.1428657 0.05963848 0.0859685 0.06757848 0.03825357 0.2616528 0.0903752 0.2112589 0.5000334 0.2933309 1 80.71111 161.4213 270.8254 349.4311 390.9175 663.8492 733.4474 881.4431 1157.74 1238.766 1353.339 99 
0.9999978 0.4233538 0.08051304 0.03802319 0.06874294 0.08182085 0.1003561 0.1476452 0.1996108 0.1339937 0.291143 0.5364278 0.9999997 44.89914 89.79819 167.8856 254.4394 351.9142 480.9287 629.5986 709.4753 859.7778 1056.082 1180.836 100 
