0.9999988 0.1067127 0.2665538 0.1115278 0.1315461 0.1404777 0.2309582 5.274196e-08 0.2518504 0.4987622 9.395707e-15 0.7287158 0.9999987 159.3583 318.7165 485.7149 640.5923 859.4548 859.4538 1042.993 1314.931 1314.929 1514.077 1428.866 1 
0.9999949 0.1827732 0.2082608 0.1097899 0.1458531 0.037589 0.2098829 0.1022643 0.3922596 0.05135601 0.4173449 1 0.9999774 104.0135 208.0265 331.0341 358.1102 503.6175 559.6331 752.5278 767.8723 886.1915 1051.378 947.3871 2 
0.9999999 0.2331694 0.1716005 0.1249094 0.1075182 0.12065 0.1469202 0.08775942 0.2392476 0.4254573 0.5358577 0.9999999 0.9999969 107.2775 214.5549 295.3618 376.2887 462.9467 507.1049 616.923 765.4911 872.9993 966.1193 858.8422 3 
0.9999916 0.201925 0.1959961 0.1120246 0.04193086 0.1388364 0.186727 0.06477416 0.2177675 0.3188945 0.1536667 0.2471502 1 113.9596 227.9183 265.7931 385.9449 525.106 564.3624 687.8007 829.1973 875.5995 938.7644 1017.273 4 
1 0.2321531 0.1611504 0.06747964 0.1084564 0.1617596 0.09682965 0.2153631 5.777025e-08 0.4097098 0.442275 0.3187355 0.9999999 64.64585 129.2917 226.1822 355.0187 419.6653 549.5262 549.5262 743.3701 866.8891 916.536 958.0053 5 
0.9999908 0.2155401 0.1360954 0.1348573 0.1235295 0.2109339 0.03970839 0.20437 0.1022215 0.3024875 0.6033504 0.9999801 0.9998207 120.6958 241.3905 337.0363 480.1825 501.4418 606.5308 648.348 759.4505 914.0263 1015.64 894.989 6 
0.9999928 0.2260486 0.1262283 0.07104 0.1600312 0.1136177 0.1626472 0.06925868 0.1766882 0.3594848 1.110605e-23 0.611241 0.9999998 66.39452 132.7886 271.7288 354.585 459.7198 497.2046 586.2145 735.3154 735.3101 897.6929 934.6075 7 
0.9999996 0.2050686 0.1912648 0.07660026 0.1773686 0.03377311 0.1822848 0.1182012 0.2731357 0.1271853 0.5681723 0.9999999 0.9999985 73.18979 146.3795 302.8695 327.3818 455.2153 522.9977 661.1137 707.8607 890.133 1028.665 955.477 8 
0.8257797 0.2023297 0.1974957 0.08372879 0.1184192 0.08799342 0.1552013 0.1395447 0.2167763 0.2955779 0.4418971 0.9999996 0.9944955 108.7458 198.5459 304.8789 344.0781 432.6295 470.0513 538.9289 606.0496 670.0312 767.4571 1298.786 9 
0.9999828 0.115266 0.2339058 0.1127638 0.0968981 0.2254029 0.2030101 0.1808989 0.1013013 0.3088208 0.3424278 1 1 147.54 295.0774 407.5573 643.8569 808.7037 925.7693 979.4562 1126.57 1239.311 1455.826 1308.399 10 
1 0.1739238 0.1595199 0.1633495 0.07437502 0.09518562 0.1310572 0.3596172 0.1457445 0.2771925 0.3723525 0.9999999 1 166.8144 333.6289 397.1747 472.4524 566.2335 789.8409 847.8743 942.1618 1033.71 1188.026 1021.212 11 
0.9999999 0.1942643 0.1840569 0.08448885 0.1471322 0.1875292 0.2280317 0.2430205 1.401722e-06 0.2987819 0.6630646 1 0.9999866 77.25537 154.5107 277.6795 411.568 543.843 652.667 652.6674 753.9464 911.553 991.6405 914.3854 12 
1 0.2832756 0.1485676 0.08344925 0.08497109 0.1062023 0.1266191 0.1885165 0.2477517 0.2708666 0.4695943 0.4952575 0.9999997 70.64535 141.2907 207.2216 282.6242 362.9751 467.4579 578.8852 670.5266 786.3687 851.1698 846.5666 13 
0.9999985 0.1364349 0.2503748 0.09890407 0.09729142 0.196226 0.2251965 0.1969674 0.2142762 0.2830907 0.1399418 0.9999981 0.9999933 117.3229 234.6456 338.6407 527.9808 702.6357 820.9953 924.3939 1031.728 1069.765 1303.543 1186.229 14 
0.9999882 0.3051498 0.1370242 0.06188468 0.08197495 0.1008716 0.1919473 0.1116065 0.2445104 0.1447648 0.3981294 0.3676566 1 52.46397 104.9273 170.1212 243.7666 369.7701 428.9682 544.1898 595.7236 716.942 784.311 847.7699 15 
0.999998 0.3906476 0.09561417 0.05986771 0.07086597 0.08419037 0.1954806 0.14535 0.1942677 0.1327444 0.5278798 0.2393956 1 46.10737 92.21465 143.5248 200.1624 320.5973 392.6413 474.936 520.2438 676.5028 709.958 770.1543 16 
1 0.2145983 0.1415528 0.08589658 0.07236991 0.1407398 0.2497889 6.89797e-162 0.2680387 0.3742778 0 0.5592007 1 83.9217 167.8434 232.476 349.0725 526.8867 526.8867 670.0311 816.336 816.336 953.1133 977.0086 17 
0.34915 0.360762 0.3657979 0.03260667 0.07971642 0.08010069 0.1276671 0.1140849 0.1311567 0.2214976 0.273475 0.4291648 1 47.12335 63.57647 133.6479 149.7233 203.3791 188.7989 185.8856 240.9291 253.3157 281.3509 1445.206 18 
0.9999106 0.1203971 0.1874246 0.1496274 0.1458303 0.1883375 0.0526883 0.2204127 0.334778 0.0001080616 0.38667 0.9999994 0.9999948 199.4162 398.8146 564.0536 746.3253 787.6578 951.6492 1145.828 1145.768 1294.909 1531.521 1332.752 19 
0.9999937 0.2017476 0.1583579 0.07128079 0.1433945 0.1079576 0.06754542 0.122709 0.3151374 0.3085784 1.161157e-65 0.2908449 1 74.38609 148.7717 287.7456 377.3706 427.3908 512.1253 703.0377 831.0629 831.0577 914.4876 1043.564 20 
0.9999999 0.2159072 0.1461843 0.06628246 0.1218064 0.06094758 0.1918596 0.1458419 0.1288522 0.3830682 0.3386187 0.7179234 0.9999999 64.87752 129.755 241.077 289.9938 434.5959 523.426 590.462 764.0757 858.7552 991.5176 978.8037 21 
0.9999979 0.1440851 0.1845907 0.136042 0.03581317 0.1343724 0.1025913 0.3170085 1.558014e-11 0.4269152 1.956687e-13 0.7314743 0.9999999 166.6343 333.2682 371.1664 508.2712 598.8823 850.1492 850.1474 1081.258 1081.256 1308.188 1224.874 22 
0.9999996 0.1572373 0.1980081 0.1166228 0.08014789 0.1259984 0.308714 0.203899 1.452171e-05 0.5020453 1.938363e-06 1 1 127.2634 254.5268 331.7873 443.5118 682.762 791.9986 792.0045 1006.125 1006.125 1218.5 1091.239 23 
0.9999996 0.2172747 0.1541376 0.1065296 0.06565629 0.1220592 0.1254464 0.2064318 0.2826614 0.1721168 0.4080505 1 1 96.70058 193.4011 246.6506 339.145 422.6032 542.7116 673.2227 730.2296 842.1188 1004.434 907.7347 24 
1 0.3484951 0.1049793 0.07827456 0.08749615 0.1518391 0.08932794 0.1909432 0.224003 0.1559745 0.3554883 0.4470678 1 63.16748 126.335 191.4173 294.478 345.903 446.0075 541.0203 592.3587 691.116 771.1636 806.9988 25 
1 0.275528 0.147732 0.0787582 0.1225407 0.08356635 0.1716335 0.1596293 0.1309312 0.2354638 0.476523 0.03752741 1 68.99921 137.9984 236.8998 296.0805 407.472 493.2913 552.4456 644.8987 787.9459 793.8431 876.0892 26 
0.9999988 0.2187275 0.163871 0.1035024 0.1407008 0.06461802 0.1703667 0.03764584 0.3835007 0.1791766 0.2134854 0.3285138 0.9999999 105.2062 210.4123 338.6264 389.2246 514.0079 536.8832 761.1471 825.7427 888.9167 965.3761 1016.462 27 
0.999855 0.2065652 0.1419285 0.08205397 0.1022833 0.1394504 0.120874 0.1411702 0.2624582 0.3701448 0.3131675 0.9999967 0.9998519 77.49638 154.9815 243.6346 352.1313 433.0359 516.0936 648.7375 786.6916 860.1434 1021.361 944.4561 28 
0.9999975 0.3969167 0.1148516 0.05381078 0.08278166 0.1199639 0.1012645 0.1366033 0.1783939 0.2897932 0.228157 0.3315723 1 42.85861 85.71711 148.102 231.0236 292.6226 367.3033 451.5082 563.8936 626.7334 697.2202 796.4688 29 
0.9999959 0.9999998 0.03924066 0.03529416 0.06620233 0.08582082 0.1142846 0.1198153 0.1649219 0.2382441 0.2921789 0.4767383 0.999999 21.00003 41.99997 79.99993 125.9996 181.9985 233.9976 296.997 372.9957 443.9937 525.9913 595 30 
0.9999966 0.2404449 0.1553973 0.06029098 0.1042619 0.1182041 0.2425415 0.05405597 0.2346493 0.3850321 0.5121291 0.9999968 0.9996755 54.09778 108.1954 196.1066 285.3818 446.9118 474.1794 586.1508 726.7701 841.7911 951.3629 897.2781 31 
0.9999762 0.2459966 0.1321334 0.08683755 0.1237836 0.1212074 0.1702303 0.284404 5.179913e-10 0.4309901 0.2116238 0.9997738 0.9967156 73.21246 146.4232 241.7188 323.4777 424.386 564.2756 564.2621 715.9593 758.3293 916.1827 843.0968 32 
0.9999995 0.1838419 0.2061169 0.1428485 0.1108829 0.09269389 0.2483531 0.1411746 0.2021453 0.1305098 0.271206 1 1 146.9361 293.8722 391.6352 464.2992 640.9405 716.4135 809.2255 857.0339 943.4168 1175.548 1028.615 33 
0.9999949 0.1468656 0.245608 0.1111245 0.1364373 0.1780609 0.1432427 0.2474411 0.1603942 0.353893 0.3888361 0.9999793 0.9999839 122.6168 245.2331 379.0498 529.8627 629.5811 777.1638 849.1548 982.5212 1077.197 1226.004 1103.419 34 
1 0.1578158 0.1787293 0.1041341 0.1651741 0.08636589 0.1650512 0.09246949 0.2500994 0.2941293 0.3050896 0.7358847 0.9999976 120.4445 240.8891 412.0399 486.7494 617.1934 678.2122 827.9872 960.0768 1056.789 1218.893 1156.629 35 
1 0.375576 0.1019812 0.08207689 0.0745633 0.08110253 0.1260679 0.1937905 0.1829174 0.2067559 0.4009513 0.4332295 1 63.9428 127.8856 181.2071 234.8804 311.5451 414.5365 492.9104 565.294 676.6416 748.714 779.0597 36 
0.9999993 0.1137722 0.3114413 0.09733348 0.1133729 0.1712237 0.1163559 0.2334207 0.05827551 0.227891 0.312008 0.9999998 1 140.6773 281.3546 429.2647 627.3231 738.8692 936.604 974.4466 1113.811 1261.133 1585.985 1445.313 37 
0.9999998 0.232284 0.1359204 0.1024999 0.1135402 0.1263556 0.1009826 0.17248 0.2963841 0.2596098 0.4091522 1 0.9999998 90.4571 180.9142 270.8439 359.561 421.5041 516.6202 651.8737 735.2323 832.5013 972.9655 882.5091 38 
0.9999995 0.2251327 0.1602591 0.1152331 0.05763292 0.2061319 0.06515478 0.1757499 0.2059098 0.2663454 0.57135 1 0.9999986 102.2193 204.4385 249.6713 402.1291 440.3849 536.8536 630.0132 725.7029 876.2993 989.2826 887.0653 39 
0.999995 0.1457915 0.1862911 0.09207026 0.1567538 0.1463024 0.2549099 0.05117108 0.400961 0.4419518 0 1 1 102.9338 205.867 364.9801 490.2048 676.4694 704.326 911.4549 1048.216 1048.21 1220.897 1117.991 40 
1 0.4050637 0.1177 0.07640263 0.08026668 0.1117729 0.1155884 0.102958 0.1491374 0.2667511 0.3805558 0.3969806 1 56.81855 113.6371 168.7686 239.3781 304.2363 355.3297 421.7199 522.7576 628.4507 696.7475 743.6727 41 
0.9999995 0.09144621 0.2150794 0.09493937 0.1629085 0.2113468 0.1303451 0.1997564 0.2640654 0.2591395 0.9091531 0.9997547 0.9983197 142.2074 284.4147 505.2645 745.1046 861.7603 1017.235 1181.707 1300.489 1609.23 1640.072 1497.876 42 
1 0.2422023 0.1708024 0.0600807 0.1433376 0.0943877 0.1783717 0.1948495 0.1789715 0.2208402 0.3319607 1 1 53.70227 107.4045 227.8273 295.7591 412.018 516.3638 593.5317 671.7105 763.2743 947.5379 893.8357 43 
0.9999997 0.1892465 0.1863026 0.1147317 0.1109153 0.1431601 0.2290383 0.1246992 0.2482556 0.2106897 0.5261189 1 0.9999997 111.0265 222.0529 317.0716 426.1109 575.5859 638.3276 747.6601 817.4131 954.8971 1078.73 967.7052 44 
0.9999965 0.1966274 0.2050623 0.1538769 0.1201931 0.2219222 0.1270199 0.1910861 0.06143957 0.2976835 0.5822663 0.9999874 0.9999589 142.4803 284.9602 379.1253 532.093 600.2147 689.6788 712.9456 818.7586 964.1171 1068.399 925.9374 45 
0.9999995 0.1936883 0.1877567 0.1060484 0.1772043 0.1435214 0.1518574 0.09327489 0.2278303 0.4614401 0.111576 0.9999971 0.9999798 103.3082 206.6163 360.9351 463.7729 556.967 605.5164 713.0411 881.2019 903.1001 1077.466 974.161 46 
0.999999 0.1707597 0.2336391 0.09726606 0.1381185 0.1075776 0.1169278 0.07246287 0.4090074 0.0137417 0.1217957 0.9999999 0.9999989 105.46 210.9199 346.1077 436.8592 524.887 573.0609 825.2707 830.2778 874.053 1189.698 1084.243 47 
0.9999997 0.2699084 0.1409121 0.09513273 0.1048342 0.07611398 0.2215155 0.1530584 0.1154183 0.463209 2.28754e-11 1 1 81.55697 163.1139 244.4379 297.2926 439.4082 515.8523 564.6742 737.9971 737.9968 938.8524 857.2967 48 
0.9999938 0.173974 0.1658385 0.1147939 0.08739812 0.07584214 0.2011762 0.110349 0.304463 0.3172828 0.1415329 0.5130382 0.9999999 126.5157 253.0307 338.2944 405.817 571.3435 643.8699 821.9 950.9381 990.2317 1112.519 1102.112 49 
0.9999998 0.2219345 0.1839234 0.09644456 0.06104604 0.1363686 0.1841825 0.1128314 0.3180699 0.3019324 0.2011496 1 0.9999997 90.16546 180.3309 231.8982 340.0605 466.2253 529.2793 686.9719 789.0514 836.5241 1025.059 934.8942 50 
1 0.145315 0.217978 0.1365167 0.1584968 0.2654189 0.05060955 0.1466047 0.49402 0.1887182 0.6767735 0.9999993 0.9999131 144.5795 289.159 434.1014 638.3515 666.9605 745.6403 971.9015 1015.635 1142.872 1203.64 1059.061 51 
0.9999997 0.1708356 0.208859 0.1089218 0.1153349 0.09838951 0.05013678 0.1835823 0.205978 0.1129541 0.4203101 8.923209e-08 1 128.8312 257.6623 379.22 470.958 513.1058 659.6981 793.9788 852.4479 1045.441 1045.44 1182.786 52 
1 0.1889761 0.2617973 0.1267277 0.09440097 0.1305409 0.1263737 0.2624091 0.1683803 0.05696046 0.4099988 0.2437878 0.9999999 137.6461 275.2922 364.8325 476.9632 571.344 742.555 823.5876 846.384 1001.125 1055.411 1086.156 53 
0.9999938 0.229562 0.1653768 0.07906404 0.08535116 0.1318883 0.2212648 0.08410483 0.1865601 0.3724702 2.455801e-19 0.3906379 1 74.09668 148.1929 221.8565 325.9693 477.5996 522.4804 613.6642 761.7525 761.7477 859.208 937.173 54 
1 0.279583 0.143368 0.07064845 0.164349 0.04119099 0.1619758 0.1716514 0.251567 0.2325237 0.3130539 0.4353348 1 60.84159 121.6832 253.2193 280.7683 384.6371 476.8812 588.8659 666.3343 746.3807 822.8467 861.1879 55 
0.9999691 0.3060329 0.1796687 0.08205925 0.09237445 0.08788301 0.2065441 0.03493123 0.3329738 1.431489e-05 0.2972818 0.519029 0.9999999 71.92851 143.8548 218.1762 282.3495 419.9217 438.3709 608.196 608.1821 709.3053 833.3732 876.5436 56 
1 0.2130412 0.1722647 0.118137 0.1142839 0.08914998 0.1794631 0.06981872 0.2312581 0.2666411 0.5104262 0.0001965225 0.9999995 117.4029 234.8058 334.9624 404.163 531.0482 571.5529 696.3483 806.962 962.2477 962.2769 993.7866 57 
1 0.1240063 0.2230949 0.1490897 0.06745118 0.1682407 0.04619781 0.3251976 0.210643 0.6268318 0.2215884 1 1 185.5437 371.0875 442.5161 608.6603 646.6069 901.3824 1012.744 1274.328 1308.835 1430.055 1244.511 58 
1 0.2855859 0.1342349 0.05966421 0.1365592 0.0944538 0.1475848 0.1268698 0.2803182 0.2653785 0.3278612 0.4410326 1 52.5533 105.1066 218.2138 285.7631 381.3402 451.3763 586.4882 678.5435 762.0916 837.6315 880.8179 59 
0.9999987 0.2440065 0.1339596 0.09412877 0.08473041 0.1678761 0.1082659 0.1704531 0.3125923 0.2728911 1.219169e-12 0.4252879 1 86.11033 172.2206 242.4368 369.7684 438.1006 534.0349 679.9798 767.5612 767.5603 866.8045 914.8142 60 
0.9999999 0.1981552 0.1909045 0.07111641 0.1190725 0.177164 0.1803003 0.2620776 0.08040693 0.4255013 1.575039e-05 0.1226562 0.9999997 70.68796 141.3759 251.314 395.4102 516.0767 659.8489 692.3988 850.7977 850.801 877.0325 993.9753 61 
1 0.2053078 0.1996847 0.1107872 0.09058635 0.155984 0.05706193 0.1906361 0.2825409 0.1164442 0.370572 0.2422069 0.9999995 112.0805 224.1611 305.6519 433.2628 472.6635 596.7849 745.6753 789.7004 913.4914 964.4185 1011.674 62 
1 0.2053485 0.2118664 0.06199117 0.1203306 0.02301167 0.197366 0.1025171 0.2489759 0.197003 0.1283725 0.640324 0.9999998 63.33783 126.6757 241.9987 261.399 423.9619 491.7359 639.4597 727.2445 773.1784 972.8845 1021.723 63 
0.9999984 0.1542183 0.2712174 0.1553354 0.1313637 0.11869 0.1561476 0.2577738 0.0581964 0.5166932 0.7451909 0.999559 0.9942123 162.1767 324.3531 440.1976 531.1158 636.5304 783.3794 807.9856 1013.746 1157.168 1206.187 1044.042 64 
0.9999984 0.1236771 0.2484108 0.1089286 0.1661556 0.1008526 0.2548371 0.1951212 0.2883461 0.2053758 0.2833934 0.9999977 0.9999917 137.5056 275.0109 461.9089 556.5021 771.4175 894.0366 1039.884 1113.81 1194.868 1399.84 1262.346 65 
1 0.1654569 0.1998824 0.1126695 0.1606777 0.03744313 0.162033 0.299483 0.05000132 0.4545221 0.4579041 0.3917954 0.9999999 120.9348 241.8696 394.9029 424.8346 549.5124 742.6135 765.1981 960.2316 1067.41 1117.122 1073.359 66 
0.9999987 0.1150742 0.2397626 0.107691 0.1416643 0.1325826 0.2327068 0.156546 0.1792461 0.1908414 0.3741382 0.3110656 1 147.7885 295.5767 469.0512 608.4048 820.5674 930.0791 1035.841 1128.26 1274.869 1351.156 1372.338 67 
0.9999972 0.1232261 0.278289 0.1648136 0.1901214 0.11372 0.1144699 0.1726314 0.1165333 0.04694882 0.7870585 0.9999985 0.9999578 202.9485 405.8965 601.4226 696.139 780.6374 893.4822 956.5057 978.9359 1337.345 1434.311 1231.382 68 
0.999976 0.108978 0.2280997 0.1493553 0.1946998 0.1098191 0.2243122 0.1767853 0.1881406 0.396593 0.7352696 0.9998611 0.9994225 192.7819 385.5593 599.3262 696.4142 872.9536 980.8678 1075.405 1237.208 1418.216 1483.355 1290.761 69 
0.9999999 0.1574148 0.2102172 0.09012215 0.2136827 0.0594842 0.08835768 0.3030819 6.06672e-07 0.316953 0.256127 1 1 101.6895 203.379 422.7589 470.7794 537.8659 747.6516 747.6518 900.5464 984.9387 1230.041 1128.352 70 
1 0.1751258 0.2424377 0.07691284 0.1276891 0.1758898 0.1265232 0.1074146 0.270875 0.4243199 0.1501904 0.5116051 0.9999999 79.97617 159.9523 282.5151 429.7858 517.0892 581.8296 727.5537 893.9936 927.9083 1026.083 1039.829 71 
0.9999999 0.2217897 0.1535323 0.08842601 0.08616998 0.1277097 0.195925 0.2202257 0.1925306 0.4388889 7.42108e-12 1 1 81.20412 162.4082 234.5432 332.2398 462.9791 581.1419 661.6948 809.9679 809.9679 999.5323 918.3284 72 
1 0.1582646 0.2317935 0.1509482 0.08740132 0.08439564 0.2021177 0.1940912 0.3460772 0.2048001 0.3169957 0.3262128 1 170.6744 341.3487 425.2546 499.1937 661.3249 785.5494 964.0583 1033.137 1118.161 1177.922 1130.682 73 
1 0.2163104 0.1901796 0.08042251 0.1160857 0.1001575 0.1000821 0.1336039 0.1207489 0.3728322 0.2685542 0.421122 0.9999999 83.25288 166.5058 277.0125 361.2884 437.0664 528.1015 599.385 792.9079 880.3327 980.6077 1035.194 74 
1 0.135068 0.2534489 0.1022658 0.1229663 0.07018069 0.2592392 0.1066936 0.1210098 0.1661854 0.2217715 0.3783361 1 133.3203 266.6407 410.5536 482.5893 730.0062 805.4364 881.86 974.1137 1076.765 1213.05 1303.665 75 
0.935388 0.1845409 0.1852303 0.1162431 0.06802823 0.1218997 0.1537257 0.2916358 1.455374e-07 0.4409224 4.854193e-08 1 0.9999998 135.5082 262.261 315.4001 412.062 515.0437 689.8456 645.2734 826.4287 773.0315 1005.649 1165.731 76 
0.9999995 0.1481749 0.2449642 0.136152 0.1192878 0.06600421 0.1243426 0.1451854 0.3054601 0.1164005 0.5379597 1 0.9999998 155.2907 310.5813 428.1127 485.3874 586.1633 689.2003 874.5097 923.5544 1123.838 1295.856 1140.568 77 
1 0.09412224 0.2919738 0.1000888 0.2120637 0.09911858 0.114168 1.601961e-75 0.4602921 2.172977e-236 5.535638e-55 0.3318469 1 170.0403 340.0806 664.295 783.6971 907.5964 907.5964 1350.092 1350.092 1350.092 1522.268 1698.894 78 
0.9999995 0.3731272 0.1132121 0.06959248 0.07065066 0.1085082 0.1043988 0.160908 0.173766 0.1747307 0.3061591 0.2566344 1 56.31594 112.6318 165.8253 241.75 306.8729 396.7668 478.2234 545.8993 643.7598 700.6757 809.2245 79 
0.9999994 0.1400494 0.2377866 0.1377021 0.1094444 0.1611169 0.07636647 0.1367679 0.3513968 0.2028164 0.3718796 0.9999998 0.9999996 157.1602 314.3203 422.0293 563.2377 619.3841 712.2602 918.2501 995.3631 1108.079 1298.462 1141.305 80 
0.9999999 0.1932145 0.2306739 0.1166902 0.1827869 0.1403789 3.947452e-06 0.2504852 0.2074668 0.09548675 0.6996236 1 0.9999998 108.7467 217.4935 367.96 462.3947 462.3969 607.2466 697.1681 729.9682 947.3446 1040.673 931.9268 81 
0.9999972 0.1471371 0.2446692 0.0982905 0.1122209 0.2160727 2.310324e-05 0.1878381 0.2736594 0.2555531 1.635669e-11 0.2587659 0.9999997 115.5874 231.1745 350.1718 553.58 553.5955 692.212 856.2272 967.4749 967.4722 1051.331 1175.977 82 
0.9999978 0.1894425 0.1619338 0.08981228 0.1173697 0.04891966 0.2394632 0.1630675 0.2723391 0.09475626 0.3733438 0.3511493 1 89.78204 179.5639 286.3559 325.6421 508.5438 603.2686 735.6713 769.1916 888.7524 959.221 999.6633 83 
0.9999977 0.1430354 0.225988 0.1107223 0.149248 0.2137626 0.1478822 0.1595697 0.2272089 0.1975797 0.432948 0.9999983 0.9999931 125.8963 251.7923 402.7037 586.5893 686.6082 778.5716 888.622 962.5767 1092.613 1262.928 1137.046 84 
1 0.328091 0.10295 0.06609322 0.1254439 0.06040407 0.1344906 0.0978549 0.247384 0.3304939 0.3589349 0.325974 1 54.89565 109.7913 207.096 248.0729 333.7974 387.7818 510.903 634.6967 724.7097 777.115 830.5792 85 
0.9392471 0.1059616 0.2802176 0.08921829 0.1871281 0.05311637 0.2549641 0.2402703 5.801223e-05 0.2708236 0.2733128 0.9999917 0.999539 151.0273 292.8793 563.592 595.9203 862.2778 1022.32 960.2501 1083.812 1151.823 1437.742 1692.784 86 
1 0.1866962 0.2119733 0.09053487 0.1347207 0.05932449 0.1743014 0.2540791 9.325279e-07 0.489192 1.320267e-10 0.1763022 1 96.45983 192.9197 323.4618 373.202 510.6738 676.1377 676.1382 913.7708 913.7708 957.5172 1065.444 87 
0.9999992 0.15882 0.272543 0.1487245 0.08364666 0.2001422 0.03407315 0.2347597 0.2105292 0.06992991 0.3893536 0.9999935 0.9999969 157.4847 314.9693 390.3697 555.6903 578.2019 728.0214 830.8358 857.7966 997.4134 1216.382 1058.903 88 
0.9999999 0.1347115 0.2699234 0.1276276 0.05628245 0.1656268 0.2303201 0.06460002 0.373526 0.3299271 2.991611e-08 1 1 148.5293 297.0587 354.199 512.8863 697.0074 736.7553 951.7364 1070.696 1070.696 1312.3 1163.771 89 
0.9999998 0.1255983 0.2312325 0.1275033 0.1296789 0.1411023 0.1143376 0.1790089 0.1061205 0.3654636 1.93484e-27 0.7531487 0.9999996 167.2692 334.5384 482.9705 623.5338 721.3629 857.0136 923.0349 1126.275 1126.275 1392.042 1311.882 90 
0.9999997 0.2740059 0.1545748 0.05732527 0.1242714 0.1381566 0.1131134 0.2190455 0.2571131 0.1107343 0.3336831 1 1 47.46959 94.93917 191.946 286.3895 353.0307 467.4848 572.402 605.97 695.922 875.5433 828.0745 91 
0.9999996 0.2098625 0.1983399 0.09491945 0.1385517 0.10127 0.1463144 0.1546491 0.2273293 0.3332933 0.4410059 1 1 85.81663 171.6332 285.0076 356.3936 449.0869 532.7254 636.6579 754.3959 858.2609 989.9144 904.0995 92 
0.9999987 0.1549603 0.2238054 0.1310011 0.1672283 0.1700405 0.1866678 0.06565079 0.2818906 0.4787379 5.837002e-45 0.3667762 0.9999998 142.0435 284.0869 441.6572 575.0838 696.6508 731.4241 870.9336 1041.076 1041.074 1109.02 1084.293 93 
0.9999994 0.288474 0.1531532 0.07476926 0.08391978 0.1062841 0.1388525 0.1557348 0.1545664 0.2035148 0.3679554 0.3116474 1 69.36817 138.7363 210.7725 294.3498 391.9326 486.1828 565.1579 653.0703 779.6686 847.4393 927.7633 94 
1 0.2115153 0.1898611 0.1064869 0.05771576 0.1720226 0.1249739 0.1545774 0.2905818 0.324904 0.314281 0.325883 0.9999998 104.0629 208.1259 258.5218 400.0583 485.1957 577.34 723.7816 839.9407 915.7953 969.7305 977.2372 95 
0.9999995 0.4300584 0.09288539 0.06029895 0.08855562 0.09776143 0.09559846 0.141467 0.1964355 0.2829779 0.303882 0.3451998 1 46.53599 93.07196 157.2941 221.914 278.9265 355.2285 446.1901 551.4859 632.5625 696.6751 771.7546 96 
0.9999975 0.1709391 0.2223484 0.0802122 0.1777114 0.1297431 0.09937699 0.205167 0.03367649 0.4848136 1.497178e-07 0.9999981 1 87.78617 175.5721 354.4627 461.8563 533.4417 666.5457 683.9097 925.4882 925.486 1182.198 1094.424 97 
0.9999989 0.2069251 0.1711295 0.09066981 0.1812722 0.2078701 0.05186465 0.1028294 0.2430867 0.1152874 0.6964719 0.9999997 0.9999916 87.03628 174.0725 332.3028 480.8587 510.2189 565.4112 682.4687 724.4891 949.0794 1046.957 959.9257 98 
1 0.3249648 0.1307156 0.0769384 0.09853065 0.07341798 0.06639455 0.2645276 0.106031 0.2303057 0.5232011 0.2066451 0.9999999 64.66045 129.3209 205.7568 257.0997 300.1219 460.1497 507.326 598.9308 759.1078 789.272 840.4184 99 
1 0.2142226 0.1461815 0.09335386 0.1250179 0.1123653 0.1554628 0.1888319 0.3055071 0.03237873 0.4059241 1 1 88.74023 177.4805 285.2258 369.9597 474.0203 580.7668 720.8578 731.1692 856.2548 1039.319 950.5792 100 
