1026 26 0 1 0 1 2 3 2 6 6 5 0 1 1 2 3 3 3 7 9 7 49 73 106 129 136 133 136 139 149 156 49 113 199 302 410 506 603 709 818 924 
1019 19 0 0 0 3 1 4 2 4 3 2 0 0 1 3 1 5 6 4 6 3 44 79 104 121 136 143 142 152 158 165 44 116 202 290 390 496 593 702 807 922 
1031 31 0 0 1 4 3 4 5 4 6 4 0 0 1 5 5 6 8 9 9 5 57 90 115 133 125 146 147 155 149 147 57 132 222 326 419 531 634 738 845 941 
1020 20 0 0 0 3 1 6 2 1 2 5 0 0 1 3 1 6 2 2 3 5 50 75 116 130 146 132 147 136 145 134 50 119 209 305 415 504 612 709 809 905 
1017 17 0 2 1 2 2 1 1 4 3 1 0 2 2 2 4 1 1 4 6 2 56 99 102 116 137 133 142 166 148 138 56 140 223 316 420 514 611 729 816 916 
1024 24 0 0 4 5 3 3 1 2 4 2 0 0 4 7 5 4 3 4 5 6 54 97 111 125 147 132 138 132 138 153 54 138 224 313 425 522 624 714 812 929 
1022 22 0 0 0 3 3 2 4 4 2 4 1 0 0 4 3 4 5 6 3 6 57 92 121 117 138 147 142 157 146 155 57 140 232 316 416 517 617 727 828 929 
1030 30 0 1 1 1 4 3 7 5 5 3 0 1 1 2 4 5 10 9 9 4 58 82 129 133 146 176 157 141 153 143 58 126 230 326 427 547 650 737 836 940 
1019 19 0 1 0 0 4 3 4 4 2 1 0 1 0 1 5 3 4 5 4 4 52 92 116 133 157 126 141 153 135 149 52 129 215 302 417 513 606 725 824 928 
1026 26 0 0 1 3 2 4 5 3 2 6 0 0 1 3 3 4 6 3 5 8 55 78 106 124 123 146 151 156 153 155 55 116 199 292 385 496 607 723 822 930 
1033 33 0 0 1 7 3 2 4 5 4 7 0 0 1 7 5 5 7 5 5 9 49 109 119 144 152 135 138 126 157 147 49 148 232 337 443 527 624 716 838 940 
1022 22 0 1 0 1 1 2 6 3 7 1 0 1 0 1 1 2 8 6 9 3 49 86 115 150 143 137 158 157 149 153 49 124 214 320 421 511 624 732 827 934 
1025 25 0 1 1 1 4 2 4 2 6 4 0 1 1 1 4 6 5 3 8 7 48 83 134 123 144 134 121 133 170 151 48 125 229 312 414 506 585 685 813 913 
1021 21 0 0 0 2 2 7 2 2 6 0 0 0 1 3 3 8 3 4 7 1 51 81 94 125 145 130 148 160 151 140 51 123 199 294 402 496 602 709 814 913 
1021 21 0 1 2 3 4 2 3 3 1 2 0 1 2 4 7 3 4 4 3 2 49 73 108 134 128 140 142 141 161 152 49 114 201 298 391 493 591 698 815 911 
1034 34 0 1 2 2 4 6 7 5 5 2 0 1 2 3 5 9 8 6 7 4 53 86 108 119 150 145 159 154 164 133 53 128 213 296 414 512 622 735 841 926 
1021 21 0 0 3 4 0 1 5 2 3 3 0 0 3 5 2 1 5 3 5 3 47 105 121 142 129 120 141 134 133 160 47 138 233 339 417 502 608 698 787 902 
1025 25 0 1 1 0 6 1 2 5 3 6 1 1 1 1 6 2 3 5 3 9 48 90 112 130 133 139 147 140 144 159 48 123 208 305 406 505 616 718 830 939 
1032 32 0 0 3 3 4 5 4 3 4 6 0 0 3 6 5 6 6 6 6 8 44 66 112 129 127 139 157 154 174 151 44 103 200 296 383 485 598 698 820 932 
1021 21 0 0 2 0 3 3 4 2 2 5 0 0 2 0 3 4 4 6 2 5 38 90 112 122 128 149 135 157 144 157 38 123 210 301 396 509 604 710 807 922 
1017 17 0 1 2 2 1 1 1 3 3 3 0 1 2 3 3 2 1 5 5 6 55 99 104 107 139 140 148 156 163 146 55 143 223 304 395 494 600 709 824 923 
1019 19 0 0 1 0 0 4 7 1 4 2 0 0 2 0 0 4 7 3 5 2 53 87 97 120 144 149 138 153 134 149 53 124 202 292 398 499 607 718 809 918 
1023 23 0 1 2 2 3 4 3 2 5 1 0 1 2 2 3 6 5 4 7 1 50 91 130 116 136 143 132 133 146 166 50 129 232 314 415 521 609 696 803 916 
1031 31 0 0 4 4 4 3 3 2 7 4 0 0 4 6 5 6 6 5 8 7 52 99 111 123 118 140 151 138 142 155 52 138 217 305 391 495 607 707 811 925 
1022 22 0 1 2 3 1 4 7 1 1 2 0 1 3 4 3 4 8 4 1 3 52 76 106 122 156 143 159 138 133 163 52 119 202 300 415 510 622 722 810 920 
1035 35 0 1 4 4 7 3 6 0 5 5 0 1 4 4 7 6 8 2 6 8 62 80 116 124 129 144 153 170 158 160 62 128 217 312 401 508 618 728 838 950 
1021 21 0 1 0 4 1 4 2 4 1 4 0 1 0 4 3 4 2 5 2 5 50 81 113 122 112 142 159 156 158 136 50 125 214 304 380 496 608 719 821 911 
1019 19 0 0 1 2 1 2 2 5 4 2 0 0 1 2 1 3 4 6 4 4 45 82 108 137 146 146 138 161 149 132 45 116 205 305 398 502 605 713 818 913 
1026 26 0 0 2 1 3 4 4 4 3 5 0 0 2 1 3 4 4 5 4 10 38 91 136 123 140 150 134 146 149 169 38 115 226 311 407 510 602 705 811 928 
1026 26 0 2 0 4 4 4 3 5 3 1 0 2 0 4 6 4 5 6 7 3 43 95 109 119 140 157 153 151 152 141 43 130 214 308 414 520 622 730 824 922 
1032 32 0 0 3 3 4 4 5 6 4 3 0 0 3 3 4 6 6 7 6 3 59 93 120 135 137 172 149 137 135 148 59 140 230 329 435 567 654 746 839 936 
1016 16 0 0 1 1 3 2 2 2 3 2 1 0 1 1 3 3 3 3 3 2 45 101 116 128 143 138 158 126 145 146 45 131 220 318 424 516 626 714 815 917 
1016 16 0 0 2 1 3 0 2 2 3 3 0 0 2 1 4 0 4 3 4 7 61 95 121 122 141 128 144 126 141 147 61 140 231 316 422 517 610 703 808 915 
1022 22 0 0 0 2 5 2 3 4 5 1 0 0 0 2 6 3 7 5 8 2 47 93 112 133 138 149 164 156 131 135 47 134 224 316 414 524 637 738 818 918 
1034 34 0 3 3 3 6 2 0 3 6 8 0 3 5 6 8 4 2 4 6 8 52 87 101 124 139 130 153 153 132 158 52 125 211 302 407 500 617 718 810 924 
1030 30 0 4 0 4 1 5 6 5 3 2 0 4 1 4 2 7 10 9 7 5 53 76 112 113 136 126 143 155 137 177 53 112 204 294 391 481 585 698 790 914 
1023 23 0 0 3 2 2 3 3 2 2 6 0 0 3 2 4 3 6 4 6 10 53 81 118 158 150 135 149 157 134 135 53 122 218 355 448 535 637 747 836 925 
1024 24 0 0 1 2 4 1 6 3 3 4 0 0 1 2 4 2 7 7 5 4 60 82 98 131 142 132 150 130 144 138 60 129 209 307 416 507 614 707 807 899 
1032 32 0 1 1 5 2 5 4 9 1 4 0 1 3 5 5 6 5 12 2 6 41 96 109 116 131 143 157 159 161 153 41 130 218 306 395 508 622 727 844 942 
1033 33 0 1 1 1 1 6 4 9 3 7 0 2 2 2 1 7 7 10 5 8 55 91 109 131 158 146 162 151 134 135 55 135 224 331 443 547 656 766 845 945 
1023 23 0 1 2 2 1 2 4 5 4 2 0 1 2 2 2 2 5 7 4 4 43 104 118 118 128 143 139 150 142 154 43 136 229 315 410 504 609 716 816 919 
1026 26 0 1 2 3 0 2 3 4 7 4 0 1 2 6 2 3 5 6 8 7 43 98 127 148 126 130 149 150 152 142 43 126 226 337 421 516 618 723 828 927 
1031 31 0 2 1 2 3 5 6 5 4 3 0 2 2 2 5 6 6 8 4 3 61 93 116 121 136 133 149 147 139 134 61 135 226 318 420 511 625 739 844 932 
1026 26 0 0 2 5 4 2 2 0 4 7 0 0 2 5 6 2 2 0 4 9 52 92 132 136 137 122 123 143 171 142 52 129 237 332 428 517 607 703 831 928 
1026 26 0 1 1 0 5 4 3 8 4 0 1 2 2 0 6 4 3 10 6 2 61 103 114 127 147 143 139 140 146 124 61 142 232 318 426 540 645 747 849 935 
1028 28 0 1 2 4 2 2 4 4 4 5 0 1 2 5 3 3 5 6 6 7 47 95 107 145 148 137 119 162 148 143 47 130 221 327 434 528 612 729 823 925 
1020 20 0 0 0 0 3 4 3 2 3 5 0 0 0 1 3 4 4 4 4 6 45 95 104 130 140 146 168 171 148 144 45 127 210 312 409 512 628 734 831 926 
1026 26 0 0 3 3 0 2 6 6 3 3 0 0 3 4 1 6 7 8 5 5 61 79 106 114 138 152 123 152 133 152 61 129 216 300 414 520 608 718 815 922 
1034 34 0 2 1 3 1 8 5 3 5 6 0 2 1 5 1 9 7 6 6 8 52 99 120 132 147 145 146 125 150 145 52 136 234 334 440 540 643 735 840 939 
1023 23 0 0 2 0 1 3 4 6 3 4 1 0 2 0 1 4 4 8 6 5 43 87 112 124 128 144 148 159 159 172 43 119 207 298 392 489 599 701 808 930 
1027 27 0 1 0 4 2 2 1 3 4 10 0 1 0 4 3 4 2 4 5 13 48 85 128 132 103 143 148 150 154 159 48 121 225 328 396 508 620 731 827 935 
1024 24 0 0 0 2 3 3 3 4 7 2 0 0 1 2 5 5 3 6 8 6 43 89 94 117 140 165 126 166 133 151 43 122 198 288 386 501 587 695 795 909 
1029 29 0 0 2 3 4 4 2 4 6 4 0 0 2 3 6 5 3 5 7 5 57 82 124 130 139 138 142 139 136 156 57 129 227 320 419 516 617 721 811 918 
1021 21 0 1 2 1 3 4 1 4 3 2 0 1 3 2 3 6 4 5 5 2 52 112 120 132 121 134 145 140 140 135 52 150 235 333 414 514 618 715 819 909 
1028 28 0 0 1 6 2 3 3 6 2 5 0 0 1 6 3 4 4 6 5 6 56 87 111 138 144 142 150 156 138 140 56 128 213 318 423 521 620 725 816 921 
1018 18 0 1 0 3 2 4 3 1 4 0 0 1 1 4 2 6 4 3 4 1 54 79 103 137 135 138 164 127 147 154 54 125 206 309 407 497 617 698 812 916 
1022 22 0 2 1 1 4 6 2 3 3 0 0 2 1 2 7 10 6 3 6 1 56 92 109 155 157 136 146 147 158 153 56 136 224 342 444 541 633 728 846 945 
1029 29 0 1 2 1 4 2 6 2 8 3 0 1 3 1 5 4 6 2 9 5 47 97 123 121 139 157 155 158 144 138 47 130 224 317 418 527 630 733 838 933 
1032 32 0 0 3 6 4 2 3 5 3 6 0 0 3 6 8 6 6 7 6 6 51 76 120 122 132 160 127 143 159 155 51 121 219 313 401 520 605 712 822 931 
1023 23 0 0 3 2 2 6 1 2 4 3 0 0 4 5 3 8 4 4 4 5 41 85 99 153 134 149 136 142 146 168 41 118 203 326 422 532 623 723 830 944 
1026 26 0 2 0 3 1 6 3 2 3 6 0 2 0 3 2 6 5 2 5 8 47 99 120 138 134 147 163 135 139 140 47 135 222 334 430 532 651 739 834 937 
1024 24 0 0 3 1 1 3 5 4 4 3 0 0 3 2 3 5 7 7 8 4 46 74 114 118 138 183 143 169 148 132 46 109 201 291 393 529 614 727 824 920 
1022 22 0 0 0 1 4 5 2 1 5 4 0 0 1 1 4 5 4 2 5 5 52 101 125 125 132 136 141 149 132 123 52 138 238 335 430 536 628 733 829 915 
1025 25 0 0 1 4 2 3 5 3 1 6 0 0 1 4 4 5 8 6 3 9 50 80 112 152 132 152 154 154 139 151 50 118 213 330 415 523 630 738 828 930 
1026 26 0 0 0 1 4 2 9 2 2 6 0 0 1 2 5 3 10 2 3 6 45 75 111 129 163 157 161 137 154 152 45 108 200 293 404 506 622 717 825 931 
1034 34 0 0 2 7 2 6 3 4 10 0 0 0 2 7 2 6 5 5 11 3 48 87 102 135 145 125 117 157 194 154 48 121 196 300 405 502 579 701 841 942 
1022 22 0 1 1 0 4 1 3 2 6 4 0 1 1 0 4 2 3 6 7 6 59 95 124 127 127 132 135 136 153 148 59 139 239 332 430 524 613 702 821 920 
1029 29 0 0 3 1 4 3 4 3 3 8 0 0 3 3 5 4 4 4 4 11 44 87 100 128 139 149 145 147 148 139 44 118 194 288 398 504 609 705 820 922 
1021 21 0 1 1 1 3 2 2 6 5 0 0 1 1 1 3 3 2 7 6 2 65 93 104 136 124 124 120 135 150 153 65 142 220 320 412 504 598 699 806 914 
1024 24 0 0 1 2 5 3 5 4 3 1 0 0 1 3 5 5 7 6 6 2 59 90 103 135 144 138 150 134 142 138 59 136 211 317 413 519 626 724 810 912 
1026 26 0 1 2 3 4 2 2 3 4 5 0 1 3 3 5 3 5 4 7 6 43 74 102 117 150 145 132 145 147 145 43 109 191 285 398 508 596 704 802 902 
1026 26 0 2 3 2 2 3 2 8 1 3 0 2 5 3 2 4 3 9 2 5 47 89 114 136 121 134 137 169 128 135 47 123 215 317 404 502 609 739 823 917 
1020 20 0 0 2 3 3 0 5 1 4 2 0 0 2 4 5 1 6 4 5 3 37 90 103 140 123 136 151 139 137 154 37 120 206 314 396 495 602 709 811 918 
1023 23 0 0 2 2 3 1 4 4 5 2 0 0 2 2 5 2 5 5 6 6 41 83 116 117 139 146 149 142 163 155 41 113 215 302 403 508 614 706 818 921 
1024 24 0 0 5 3 3 2 2 3 4 2 0 1 6 4 3 3 3 4 5 4 54 94 106 102 140 127 139 128 140 160 54 138 222 306 415 505 604 694 793 911 
1027 27 0 2 2 2 2 2 5 1 6 5 0 2 2 4 6 4 5 2 7 8 45 82 109 141 166 146 126 155 154 153 45 117 193 300 419 521 601 719 829 928 
1026 26 0 0 3 1 5 2 1 5 1 8 0 0 3 2 5 2 1 5 3 10 48 85 110 122 144 136 162 149 154 145 48 119 211 303 411 517 623 723 835 932 
1032 32 0 0 0 3 4 3 4 5 5 8 0 0 0 3 6 3 5 7 8 9 48 78 102 135 142 133 143 150 173 152 48 119 200 302 407 495 591 702 826 931 
1022 22 0 0 0 0 0 2 6 3 3 8 0 0 0 0 1 2 7 4 4 8 58 81 111 137 127 143 133 132 125 154 58 127 223 320 419 521 620 717 815 925 
1024 24 0 1 0 1 2 3 4 3 5 5 0 1 0 1 3 3 5 4 5 5 45 85 115 136 142 136 153 151 146 141 45 121 215 320 421 511 624 731 836 938 
1032 32 0 0 0 4 2 5 4 10 5 2 0 0 0 4 3 6 5 11 7 5 52 85 110 130 127 145 156 151 149 147 52 127 209 300 390 496 620 731 840 940 
1024 24 0 0 2 3 1 4 2 5 5 2 0 1 2 3 2 4 3 6 9 5 50 74 99 143 131 149 130 172 147 138 50 113 194 312 402 512 605 731 830 925 
1029 29 0 1 4 4 4 8 1 1 3 3 0 1 4 4 5 10 5 2 4 6 40 79 113 137 124 138 158 148 136 173 40 112 207 310 393 502 615 721 813 931 
1033 33 0 1 3 4 3 4 6 5 3 4 0 1 3 5 5 4 7 8 3 6 49 78 110 142 134 142 138 143 141 152 49 117 206 306 406 514 604 706 814 917 
1031 31 0 2 0 1 4 3 5 4 2 10 0 2 0 1 4 4 5 4 5 11 47 95 110 113 132 128 151 156 159 156 47 131 215 294 385 471 585 698 813 920 
1024 24 0 0 3 5 1 2 3 4 4 2 0 0 3 5 3 2 4 6 5 2 52 98 126 138 151 124 125 143 139 131 52 138 228 342 448 530 623 732 830 921 
1026 26 0 0 3 0 4 6 3 2 4 4 1 0 4 1 5 9 3 4 6 5 50 78 104 134 153 154 154 155 168 146 50 116 201 302 411 518 623 721 835 923 
1023 23 0 0 1 5 1 3 5 2 0 6 0 0 1 5 3 4 7 2 5 6 58 78 107 123 144 141 151 139 172 146 58 116 204 294 406 502 609 705 819 917 
1016 16 0 1 0 0 5 3 1 2 3 1 0 1 0 0 5 4 3 4 3 1 64 82 111 136 140 131 156 148 127 149 64 136 220 319 417 507 610 715 810 916 
1025 25 0 0 2 1 2 6 4 3 4 3 0 0 2 1 2 6 6 6 4 4 53 77 105 131 117 130 141 145 162 159 53 115 198 298 389 482 587 695 813 928 
1021 21 0 1 2 2 0 2 5 1 4 4 0 1 2 2 0 2 7 2 7 6 61 63 99 133 142 143 147 150 135 152 61 116 198 305 407 511 614 720 816 929 
1032 32 0 0 1 5 2 3 9 4 4 4 0 0 1 5 4 4 12 7 5 6 71 108 97 134 136 128 159 136 142 139 71 159 228 334 429 520 642 732 834 935 
1026 26 0 1 1 2 5 3 5 2 2 5 0 1 1 2 6 4 6 6 5 8 48 77 110 139 141 148 146 145 145 127 48 113 202 309 413 521 624 718 817 909 
1026 26 0 0 2 3 4 4 4 2 5 2 0 0 2 5 6 6 6 5 7 5 51 90 123 120 137 146 153 145 151 142 51 132 230 318 410 511 622 720 823 921 
1027 27 0 1 1 5 0 2 6 2 6 4 0 1 1 5 0 2 6 5 8 6 36 77 123 140 141 157 141 128 137 141 36 106 206 315 422 543 642 724 827 925 
1027 27 0 0 2 2 3 4 5 4 4 3 0 0 2 3 3 5 6 7 7 3 56 78 115 142 136 156 137 134 139 133 56 120 221 327 431 548 636 728 828 924 
1019 19 0 0 1 1 3 6 1 2 3 2 0 0 1 1 4 7 4 2 4 4 42 72 115 128 135 147 137 162 165 152 42 108 205 311 409 516 605 712 815 912 
1029 29 0 0 2 2 5 3 3 6 4 4 0 0 2 3 5 4 6 8 9 4 53 92 101 125 132 153 158 153 151 150 53 129 214 308 399 503 622 733 829 935 
1024 24 0 0 3 0 3 2 5 5 3 3 0 0 3 0 3 2 6 8 6 5 50 102 125 115 144 139 141 147 140 127 50 135 230 315 427 534 630 730 831 920 
1016 16 0 1 0 0 6 2 3 2 2 0 0 1 0 0 6 3 6 4 2 0 48 76 107 123 139 143 133 141 177 172 48 112 194 295 394 498 588 689 813 927 
1027 27 0 0 1 3 0 6 5 6 5 1 0 0 1 3 1 6 7 7 5 4 67 83 119 132 134 143 139 138 145 157 67 138 235 325 423 524 621 716 824 930 
