1279 279 0 2 6 10 15 28 42 59 52 65 0 3 6 11 16 28 42 61 56 67 17 36 53 81 74 100 138 149 154 167 17 52 104 180 251 350 484 626 773 931 
1236 236 0 3 7 14 18 26 28 30 42 68 0 4 7 14 18 27 28 31 43 72 19 42 45 73 76 109 108 112 142 155 19 60 103 173 247 354 451 559 696 840 
1266 266 0 1 11 13 21 32 34 44 51 59 0 1 11 14 22 35 37 47 53 60 25 42 63 74 78 101 126 149 143 144 25 64 123 193 268 367 487 622 756 894 
1267 267 0 4 5 15 19 33 37 41 55 58 0 4 5 16 21 33 39 44 55 61 23 30 53 81 82 110 130 125 138 167 23 53 103 182 260 365 488 607 737 894 
1310 310 0 3 4 15 23 43 36 51 64 71 0 3 4 15 23 46 36 54 68 72 15 38 61 75 99 108 132 156 159 170 15 52 112 185 281 383 508 656 806 968 
1289 289 0 2 12 21 23 30 42 47 58 54 0 2 12 21 25 30 42 49 60 56 26 44 77 78 93 93 115 139 150 142 26 69 144 219 307 397 510 646 789 922 
1259 259 0 2 9 16 27 30 36 43 45 51 0 2 9 16 28 30 37 46 48 54 15 45 62 81 89 100 121 118 139 148 15 60 121 201 286 381 498 609 741 883 
1270 270 0 2 6 9 21 33 42 35 54 68 0 2 6 9 23 34 45 40 58 72 15 46 48 69 85 112 120 140 159 170 15 61 107 174 255 364 476 604 754 910 
1299 299 0 3 6 15 23 42 41 49 54 66 0 3 7 15 23 43 44 53 56 70 22 48 55 76 87 123 128 146 162 139 22 68 121 197 283 397 518 654 810 941 
1292 292 0 3 10 12 26 31 41 45 58 66 0 3 11 12 26 32 44 48 61 68 17 33 63 78 102 104 124 134 159 162 17 48 110 187 284 384 503 630 783 938 
1282 282 0 5 6 12 21 31 45 49 57 56 0 5 6 13 21 31 45 52 60 58 29 41 51 65 104 114 129 137 149 148 29 69 117 180 282 390 515 646 787 932 
1292 292 0 1 10 16 26 46 37 42 48 66 0 1 10 16 27 46 38 46 50 70 15 37 68 90 109 113 110 138 138 147 15 52 117 203 307 415 522 651 780 920 
1259 259 0 1 7 15 19 23 39 40 51 64 0 1 7 15 19 23 41 42 54 65 20 34 55 74 95 106 128 143 143 151 20 54 106 176 264 368 491 624 760 904 
1287 287 0 3 2 9 23 32 43 57 46 72 0 3 2 10 23 33 44 58 49 75 16 33 53 77 103 116 129 138 145 173 16 47 99 175 272 382 507 640 777 940 
1286 286 0 2 9 13 22 26 42 50 63 59 0 2 10 13 23 27 42 52 67 63 16 35 56 85 91 112 118 142 154 164 16 49 102 184 272 379 493 630 774 925 
1270 270 0 1 4 14 28 31 37 49 50 56 0 1 4 14 28 31 38 53 56 58 18 33 45 86 103 111 110 158 137 148 18 50 95 181 281 388 489 638 762 905 
1299 299 0 3 5 18 25 28 34 62 55 69 0 3 7 18 25 32 34 65 58 71 18 33 56 91 89 113 131 141 148 165 18 49 101 190 278 383 510 643 784 944 
1292 292 0 4 4 15 27 32 41 48 49 72 0 4 5 16 29 32 43 51 51 73 17 48 53 84 93 89 122 136 146 190 17 65 116 196 280 368 485 611 747 931 
1302 302 0 4 16 14 21 22 51 56 60 58 0 4 17 15 22 24 54 60 63 61 24 46 76 72 91 113 129 148 165 157 24 69 143 213 303 411 534 673 833 982 
1308 308 0 1 8 14 18 41 44 60 51 71 0 1 8 14 18 41 47 63 58 73 15 43 61 67 77 126 135 151 138 179 15 56 114 178 253 378 510 649 776 949 
1300 300 0 1 2 7 28 35 45 49 61 72 0 1 2 8 28 36 49 54 65 79 14 36 41 71 98 105 141 151 169 176 14 50 90 158 253 355 490 630 791 953 
1280 280 0 3 13 11 19 24 39 40 54 77 0 3 13 12 19 25 41 41 59 78 24 30 57 63 99 95 133 125 161 178 24 53 108 168 265 356 485 603 756 930 
1294 294 0 2 10 10 20 37 43 50 52 70 0 2 10 10 21 37 47 51 56 71 20 31 53 88 104 105 138 133 148 169 20 51 103 186 285 388 519 646 782 947 
1268 268 0 1 9 12 23 22 39 44 50 68 0 1 10 12 24 24 41 45 50 69 21 29 51 65 95 109 121 132 155 153 21 50 101 164 253 355 469 596 745 893 
1296 296 0 3 10 11 23 40 47 62 47 53 0 3 10 12 23 40 49 66 54 57 22 42 73 69 100 123 124 150 140 147 22 62 132 200 295 415 532 674 801 941 
1289 289 0 1 6 18 22 29 37 54 65 57 0 1 6 18 22 30 39 57 68 63 19 45 54 86 101 101 117 154 140 157 19 61 113 195 287 383 494 641 775 924 
1265 265 0 2 13 8 23 23 31 48 57 60 0 2 13 9 23 26 34 51 59 61 23 48 61 77 84 121 125 138 146 160 23 71 131 203 281 396 513 642 779 936 
1284 284 0 3 7 15 26 39 35 35 63 61 0 3 7 15 31 39 39 41 67 66 16 34 55 72 95 119 128 130 171 150 16 50 104 173 259 373 496 616 781 921 
1271 271 0 0 6 10 26 30 38 46 57 58 0 0 6 10 26 32 41 48 59 59 17 36 63 68 98 107 135 130 141 167 17 52 112 179 269 371 497 621 753 913 
1274 274 0 5 11 24 23 33 38 39 51 50 0 5 12 25 24 35 39 41 53 54 21 44 58 83 80 106 118 116 139 147 21 64 121 201 276 372 486 596 729 869 
1312 312 0 3 2 18 26 35 46 50 60 72 0 3 3 19 27 36 51 52 63 72 13 34 51 93 93 113 144 153 167 159 13 47 94 185 273 382 518 664 818 971 
1303 303 0 2 12 16 18 34 23 63 63 72 0 2 12 16 21 35 26 63 67 74 18 39 61 81 106 101 112 138 165 149 18 57 117 194 294 387 493 629 784 929 
1288 288 0 0 8 12 20 41 41 46 55 65 0 0 8 13 21 41 43 49 61 72 27 41 57 84 95 123 118 128 165 165 27 67 121 203 294 410 521 640 793 946 
1282 282 0 4 7 15 17 26 30 47 71 65 0 4 8 15 17 27 33 48 73 71 18 40 62 78 92 100 118 137 163 168 18 57 116 190 279 377 488 618 771 926 
1285 285 0 4 5 20 24 28 47 47 55 55 0 4 5 20 26 29 49 47 56 59 19 49 55 82 90 109 135 138 155 156 19 66 119 200 285 388 519 652 805 952 
1297 297 0 3 8 20 20 40 39 46 67 54 0 3 10 20 22 41 42 51 73 57 24 38 55 79 95 120 119 144 160 152 24 62 112 187 280 395 508 642 791 932 
1262 262 0 3 5 11 16 29 34 51 55 58 0 4 5 11 16 30 35 52 57 62 16 34 59 73 92 102 114 145 165 178 16 50 105 173 262 360 471 607 764 932 
1285 285 0 3 5 21 24 23 32 44 66 67 0 3 6 21 25 24 33 47 68 69 21 43 59 75 90 107 116 133 163 154 21 61 115 188 274 376 488 616 773 921 
1287 287 0 3 6 15 18 28 40 52 56 69 0 3 6 15 19 30 41 57 61 71 23 32 65 69 84 105 121 152 154 159 23 54 116 183 263 360 475 619 765 916 
1297 297 0 2 6 20 29 24 38 50 56 72 0 2 6 20 29 25 40 53 61 74 15 39 59 91 94 112 135 135 152 160 15 53 108 197 289 397 527 655 800 954 
1297 297 0 2 11 16 23 30 47 47 68 53 0 2 11 16 25 34 49 51 70 57 23 38 61 74 83 96 130 149 159 153 23 61 122 194 271 360 483 618 766 909 
1280 280 0 0 5 8 23 20 45 50 62 67 0 0 5 9 23 23 48 52 65 74 13 32 57 67 90 98 128 154 166 164 13 45 101 166 255 350 474 624 779 932 
1290 290 0 1 9 7 31 36 43 47 51 65 0 1 10 7 32 37 44 51 52 70 13 42 60 74 107 115 124 140 151 162 13 53 108 178 282 392 510 636 784 936 
1291 291 0 9 7 24 20 32 40 48 51 60 0 9 7 24 22 33 43 50 53 64 21 46 58 95 91 109 121 141 150 150 21 65 121 213 300 407 521 655 798 935 
1290 290 0 4 9 14 18 39 41 50 51 64 0 4 9 14 19 39 43 52 55 69 28 47 74 82 89 106 117 137 142 158 28 73 145 223 310 409 519 653 783 927 
1348 348 0 2 6 17 29 39 51 59 63 82 0 2 6 17 29 40 54 61 67 87 20 48 66 84 94 115 152 138 157 179 20 68 131 212 302 411 551 686 836 1003 
1286 286 0 2 7 21 22 27 29 52 55 71 0 2 7 23 23 28 31 53 59 76 18 40 54 85 78 121 106 126 176 174 18 58 112 187 262 376 478 598 762 926 
1293 293 0 4 8 17 15 25 43 60 54 67 0 4 9 17 17 26 45 62 57 70 22 45 55 88 95 94 146 135 156 157 22 64 114 200 286 376 514 642 794 944 
1308 308 0 2 4 14 18 33 37 62 60 78 0 2 4 14 20 33 42 64 64 82 22 35 45 75 84 117 139 151 158 181 22 57 100 175 256 372 500 644 793 965 
1305 305 0 3 9 13 24 28 47 38 71 72 0 3 10 15 24 29 48 41 73 73 20 31 59 82 88 121 140 127 174 165 20 50 104 180 267 379 514 631 802 958 
1303 303 0 1 9 18 23 24 40 48 73 67 0 1 9 18 26 29 42 49 74 75 21 41 74 77 88 120 128 138 160 151 21 61 133 209 293 402 521 655 808 948 
1276 276 0 2 11 9 29 33 36 27 61 68 0 2 11 10 30 34 40 30 63 72 22 43 60 60 97 115 117 128 144 188 22 63 122 178 271 380 489 609 748 926 
1317 317 0 4 7 17 24 36 52 55 58 64 0 4 7 18 24 37 55 58 61 66 26 43 62 86 108 126 133 146 151 170 26 68 127 204 309 426 548 689 827 988 
1279 279 0 2 5 17 18 31 41 44 53 68 0 2 5 18 20 33 44 45 55 73 17 35 53 88 91 110 133 124 132 172 17 49 101 189 272 374 498 616 744 905 
1310 310 0 5 5 12 25 33 41 55 63 71 0 5 5 13 26 37 45 57 64 75 17 55 54 77 101 119 131 141 147 164 17 71 119 191 285 399 520 655 797 953 
1287 287 0 2 6 16 25 30 48 44 63 53 0 2 6 17 25 32 51 49 67 57 22 41 56 97 85 128 120 131 164 165 22 62 114 204 286 408 519 638 791 942 
1284 284 0 6 9 15 29 24 39 41 51 70 0 6 9 15 29 30 41 43 56 73 25 47 61 81 93 106 125 144 134 174 25 72 128 207 295 392 512 649 777 939 
1279 279 0 4 6 12 17 28 34 54 53 71 0 4 6 13 17 28 37 57 54 73 23 33 52 59 90 107 139 154 152 164 23 56 108 165 253 357 490 635 779 937 
1290 290 0 2 8 13 19 32 32 52 62 70 0 3 8 13 19 32 35 53 67 73 15 45 60 79 87 123 123 147 155 168 15 60 118 194 278 395 514 652 797 954 
1269 269 0 2 6 9 20 30 39 49 51 63 0 2 6 9 21 31 40 51 57 66 21 36 66 73 92 119 127 122 139 157 21 56 118 186 274 391 516 632 757 909 
1276 276 0 4 7 14 23 28 37 54 52 57 0 4 7 14 24 29 38 56 57 61 14 41 62 84 111 107 123 145 126 153 14 51 113 195 301 402 518 655 770 915 
1252 252 0 1 7 9 17 23 38 41 57 59 0 1 7 10 19 24 41 44 58 65 23 38 63 65 90 109 121 134 140 168 23 59 120 180 263 369 482 608 743 897 
1234 234 0 1 7 15 16 24 29 39 54 49 0 1 8 16 17 28 32 42 58 51 13 36 38 77 83 111 116 118 165 162 13 48 86 159 235 337 446 558 711 862 
1340 340 0 3 13 19 29 27 48 57 68 76 0 3 14 20 30 29 51 59 72 78 25 44 63 78 106 93 139 162 161 166 25 67 127 202 301 391 524 675 825 980 
1282 282 0 1 6 14 24 36 40 35 56 70 0 1 6 14 26 39 42 37 58 75 17 39 51 82 102 126 126 128 151 170 17 56 107 187 284 402 523 639 784 946 
1267 267 0 3 4 12 20 29 43 40 53 63 1 3 4 12 21 29 44 42 54 64 20 45 44 68 99 101 137 140 143 158 20 65 109 175 272 369 501 633 771 918 
1305 305 0 2 6 13 17 30 47 56 66 68 0 2 6 13 18 33 47 56 72 70 17 40 54 82 93 113 126 144 159 165 17 54 107 186 274 379 503 644 794 956 
1296 296 0 3 12 14 22 39 36 64 50 56 0 3 12 14 22 40 38 69 57 59 25 49 68 71 91 109 100 168 153 150 25 74 138 208 293 395 489 648 791 933 
1315 315 0 2 12 15 18 29 47 54 61 77 0 3 12 16 20 29 50 54 62 78 21 45 63 80 91 99 131 150 153 162 21 65 125 202 287 386 513 658 805 963 
1285 285 0 2 11 12 25 25 44 54 48 64 0 2 11 14 25 26 44 58 50 70 16 50 60 68 104 97 128 141 153 169 16 66 125 188 290 378 500 633 779 939 
1278 278 0 5 11 11 22 27 39 39 66 58 0 5 11 11 22 27 41 42 68 64 14 38 66 73 84 110 136 129 159 158 14 52 116 186 268 370 500 620 770 914 
1286 286 0 1 4 9 22 39 39 48 66 58 0 1 4 10 23 41 42 52 69 62 18 31 50 80 100 121 144 124 158 160 18 49 98 171 269 385 522 637 790 936 
1306 306 0 3 12 21 24 30 34 60 49 73 0 3 12 22 25 31 35 64 54 75 27 43 54 83 100 125 126 154 137 171 27 66 120 202 297 415 534 679 809 970 
1287 287 0 0 10 15 28 32 30 46 63 63 0 0 10 16 31 33 32 47 66 71 18 38 62 71 97 100 129 145 163 183 18 56 114 183 273 369 491 628 784 950 
1308 308 0 4 9 10 25 26 50 53 54 77 0 4 9 10 26 27 53 54 57 78 18 39 51 81 100 101 130 134 146 188 18 57 106 184 278 374 497 627 766 947 
1305 305 0 5 11 12 27 38 44 45 58 65 0 5 11 12 27 39 46 47 61 67 25 37 61 75 119 102 140 114 164 157 25 62 119 190 307 402 537 649 804 956 
1276 276 0 3 6 14 10 27 40 47 59 70 0 3 6 14 10 29 40 48 62 73 23 40 51 67 70 106 114 144 168 173 23 63 109 172 239 342 454 592 749 912 
1315 315 0 1 8 23 22 24 47 60 55 75 0 1 8 23 24 24 48 61 56 80 16 46 61 78 87 117 133 133 146 195 16 62 122 199 279 394 525 655 793 976 
1274 274 0 2 7 14 21 25 33 45 69 58 0 2 7 14 24 25 34 47 69 60 21 37 57 71 96 101 111 130 148 174 21 56 112 181 270 368 472 598 739 904 
1259 259 0 6 9 15 21 21 47 33 46 61 0 6 9 15 22 21 49 36 49 64 22 40 60 69 79 104 129 122 144 161 22 62 120 185 262 360 484 599 735 887 
1286 286 0 5 15 15 20 30 36 50 55 60 0 5 15 16 22 30 38 51 58 64 21 53 77 61 88 102 108 147 148 157 21 72 143 202 286 385 483 625 764 907 
1313 313 0 2 15 19 33 38 42 44 54 66 0 2 15 20 35 39 43 46 56 70 17 35 72 72 99 120 133 122 132 171 17 51 121 191 286 401 525 639 765 928 
1264 264 0 0 5 11 19 28 36 36 61 68 0 0 5 12 19 31 36 41 62 71 17 35 41 78 91 114 116 124 143 163 17 51 91 165 253 362 470 587 727 884 
1293 293 0 3 6 12 22 39 46 41 64 60 0 3 6 13 22 39 48 42 69 63 18 40 67 78 95 117 126 128 160 158 18 58 122 198 288 401 521 644 795 944 
1299 299 0 3 5 14 27 27 49 57 58 59 0 3 5 14 27 30 50 61 63 63 18 48 51 73 86 109 146 158 148 156 18 65 113 184 267 372 514 663 800 948 
1283 283 0 1 6 13 21 37 44 48 46 67 0 1 6 16 24 40 46 51 47 67 16 45 51 87 108 109 126 133 155 160 16 61 111 193 295 399 519 645 794 948 
1296 296 0 6 5 11 24 39 40 44 67 60 0 6 5 11 25 40 43 46 71 63 18 46 48 76 106 109 143 134 146 163 18 63 109 179 280 385 519 644 783 940 
1301 301 0 3 12 17 20 37 49 48 52 63 0 3 13 19 20 38 51 50 54 67 25 36 70 75 88 115 120 132 152 162 25 61 127 193 278 386 499 623 766 920 
1243 243 0 3 5 10 17 21 32 44 56 55 0 3 5 10 17 21 33 44 61 58 20 29 50 74 82 104 126 118 157 155 20 48 96 168 244 345 463 580 726 871 
1284 284 0 4 4 15 24 43 36 45 50 63 0 4 4 15 25 46 37 47 56 66 21 41 54 72 91 119 126 123 159 165 21 62 116 187 277 386 506 623 770 929 
1291 291 0 1 0 10 24 28 53 53 53 69 0 1 0 10 26 28 55 57 57 70 13 38 52 70 98 114 132 136 160 158 13 50 102 168 264 373 494 621 773 921 
1274 274 0 2 8 20 22 29 31 44 55 63 0 2 8 20 23 30 33 47 57 64 18 41 56 77 89 108 119 135 153 148 18 58 111 186 269 368 479 608 752 896 
1293 293 0 1 12 15 27 30 34 49 59 66 0 1 13 15 29 31 36 49 62 68 22 45 69 85 93 109 134 128 143 153 22 66 135 217 306 410 533 657 790 937 
1304 304 0 1 6 17 20 39 44 44 74 59 0 1 6 17 22 40 45 49 75 63 20 36 57 83 102 119 129 144 168 172 20 56 111 191 283 396 518 654 813 976 
1285 285 0 1 9 14 18 35 49 46 46 67 0 1 9 16 18 37 53 50 49 70 22 31 61 78 88 125 147 142 138 162 22 51 112 185 269 387 526 659 785 939 
1284 284 0 2 8 12 25 37 34 54 53 59 0 2 8 12 25 39 34 55 55 69 20 42 60 66 95 119 125 144 140 167 20 61 119 184 272 384 506 645 774 929 
1275 275 0 4 8 15 18 26 40 35 61 68 0 4 8 16 18 29 41 37 62 75 15 47 64 76 91 93 143 115 162 185 15 62 124 196 284 371 508 614 769 939 
1325 325 0 2 8 27 26 40 45 49 62 66 0 2 9 28 26 41 48 52 63 73 18 50 77 90 89 117 119 153 162 162 18 67 143 230 315 426 536 683 838 987 
1275 275 0 5 10 7 27 28 34 50 55 59 0 5 10 8 27 28 34 53 57 62 21 44 59 54 112 103 118 158 141 162 21 65 118 168 276 374 485 639 774 925 
1308 308 0 6 14 17 29 35 34 42 59 72 0 6 16 17 31 37 39 42 60 73 19 46 63 82 101 125 114 126 161 167 19 63 125 202 301 421 524 647 801 962 
