1194 194 0 1 7 9 18 24 29 43 35 28 0 1 8 14 27 43 60 95 109 121 87 168 248 325 353 414 482 518 535 586 87 191 306 427 529 656 784 911 1043 1181 
1196 196 0 4 12 20 18 24 28 31 33 26 0 4 15 30 41 55 72 89 110 111 103 170 241 288 362 426 481 519 546 576 103 198 307 420 540 669 808 935 1066 1183 
1179 179 0 7 7 10 16 18 28 28 21 44 0 7 12 20 32 45 67 86 88 115 87 166 231 293 371 418 470 533 558 604 87 190 293 400 530 638 762 882 1008 1166 
1173 173 0 3 7 6 15 24 25 35 30 28 0 3 10 15 26 43 57 83 100 116 79 171 223 282 338 431 468 516 574 619 79 186 272 370 483 630 768 901 1046 1168 
1206 206 0 6 11 13 15 27 35 38 31 30 0 6 14 25 32 57 81 99 110 127 89 170 247 335 401 457 510 531 559 577 89 194 308 437 557 697 836 976 1077 1192 
1205 205 0 2 8 22 24 22 26 33 34 34 1 2 9 29 46 58 76 88 111 129 89 169 265 337 377 425 473 512 563 600 89 189 310 438 554 676 804 932 1062 1188 
1195 195 0 2 7 17 26 31 17 31 33 31 0 2 7 23 39 68 71 84 98 110 89 179 234 303 378 420 467 532 549 602 89 193 293 400 545 656 770 899 1025 1183 
1201 201 0 4 10 7 14 22 25 44 34 41 0 4 12 17 31 41 56 88 109 127 83 169 233 311 383 423 481 529 571 587 83 191 293 401 522 645 767 906 1053 1189 
1186 186 0 5 8 6 16 18 23 35 30 45 0 6 9 12 22 41 56 80 94 119 76 167 237 287 362 421 465 504 536 591 76 185 290 396 519 642 760 904 1020 1178 
1207 207 0 5 8 21 19 21 19 25 39 50 0 5 11 31 44 57 62 72 104 119 80 173 251 299 350 421 462 496 548 600 80 197 308 426 523 652 765 878 1020 1194 
1184 184 0 4 10 12 25 28 22 26 28 29 0 4 14 22 43 63 70 89 90 106 109 185 242 315 387 449 464 518 541 591 109 209 305 426 556 677 791 911 1027 1171 
1193 193 0 4 5 12 18 21 26 29 24 54 1 4 9 18 32 48 64 81 98 125 69 153 234 302 379 439 490 535 579 619 69 169 274 384 516 646 768 896 1026 1179 
1192 192 0 5 8 11 23 23 21 31 36 34 0 5 11 22 41 58 68 80 100 115 108 169 246 316 361 433 485 504 567 588 108 201 309 415 543 662 790 918 1060 1184 
1188 188 0 6 12 20 20 23 22 22 29 34 0 6 15 32 45 58 64 79 91 118 99 181 242 314 375 432 471 492 538 592 99 213 313 436 565 685 802 905 1034 1174 
1177 177 0 5 8 10 10 15 20 30 43 36 0 5 13 21 23 33 43 61 93 106 85 151 233 312 371 438 480 522 565 610 85 170 279 399 517 639 745 878 1019 1167 
1197 197 0 6 7 13 21 20 27 29 35 39 0 6 12 22 36 50 61 89 105 128 86 173 254 316 373 416 473 523 561 570 86 195 307 420 535 656 793 918 1058 1188 
1180 180 0 1 6 15 15 14 39 26 23 41 0 1 7 19 31 39 75 84 95 129 88 161 248 316 353 428 475 509 553 602 88 184 297 407 508 625 764 898 1027 1172 
1188 188 0 3 7 14 20 22 21 34 31 36 1 4 10 23 41 54 60 85 100 120 92 183 246 309 375 428 484 525 548 603 92 205 299 404 529 647 780 905 1027 1176 
1191 191 0 3 10 16 20 22 21 27 30 42 0 3 12 26 41 52 63 82 97 125 89 159 242 323 386 433 472 532 571 596 89 179 299 426 550 669 780 911 1041 1183 
1186 186 0 5 5 10 17 19 29 43 30 28 0 5 10 19 34 44 67 92 102 114 99 206 267 315 358 421 478 522 538 566 99 232 331 426 535 663 803 936 1054 1172 
1198 198 0 4 8 16 16 23 33 32 24 42 0 4 11 22 33 50 66 93 98 126 72 161 237 313 374 447 494 557 587 631 72 176 287 398 503 637 781 920 1046 1187 
1202 202 0 1 7 15 27 27 29 27 38 31 0 2 9 23 46 65 78 89 107 111 86 158 228 293 375 443 471 492 530 579 86 178 288 401 538 676 809 915 1053 1192 
1198 198 0 4 6 13 19 23 30 37 33 33 0 4 10 21 38 51 73 97 109 128 85 167 249 329 373 430 472 520 563 595 85 190 300 423 534 660 783 916 1063 1188 
1176 176 0 3 9 9 24 17 28 25 28 33 1 4 12 18 41 49 67 79 91 106 94 176 249 321 362 406 483 502 545 573 94 198 298 411 529 642 782 897 1030 1160 
1204 204 0 6 8 11 25 26 19 36 34 39 0 6 13 21 44 63 75 99 120 136 103 172 249 314 393 447 496 538 573 581 103 201 315 429 564 684 801 942 1066 1187 
1190 190 0 5 7 7 21 29 21 37 26 37 0 5 11 18 35 63 70 91 106 123 83 177 240 327 382 443 505 538 557 595 83 193 289 413 531 661 795 929 1050 1177 
1180 180 0 0 3 15 12 20 32 39 31 28 0 0 3 18 27 41 63 86 102 108 81 162 239 310 352 418 463 493 533 575 81 179 294 407 514 632 766 894 1035 1169 
1159 159 0 5 6 6 18 20 25 33 17 29 0 5 11 13 28 39 52 83 83 97 82 146 219 262 332 400 478 539 588 625 82 163 264 355 475 607 744 880 1012 1148 
1193 193 0 3 10 13 22 17 26 35 40 27 0 3 11 22 40 52 66 91 109 118 97 168 237 326 389 436 437 498 542 578 97 190 293 429 563 672 774 911 1047 1185 
1209 209 0 8 7 11 19 26 33 28 35 42 0 8 13 21 37 60 78 97 112 132 87 172 255 330 382 452 480 552 566 605 87 195 299 422 527 665 791 924 1058 1194 
1191 191 0 7 12 18 13 24 27 27 31 32 0 7 18 34 42 58 74 89 108 130 98 189 264 312 398 439 495 547 564 600 98 217 322 426 555 662 791 924 1048 1178 
1189 189 0 6 5 8 22 28 22 27 41 30 0 6 11 18 38 56 66 81 103 120 92 181 247 302 360 415 471 504 553 597 92 205 311 406 518 650 772 891 1050 1175 
1210 210 0 1 3 12 24 24 36 36 33 41 0 1 4 16 37 57 77 99 109 132 90 181 256 332 385 450 500 528 573 612 90 197 297 414 545 663 799 928 1070 1200 
1165 165 0 7 4 11 14 16 25 26 40 22 0 7 9 19 27 39 59 75 101 108 80 165 254 325 372 420 482 532 568 601 80 186 298 405 510 628 748 875 1020 1148 
1214 214 0 9 18 13 20 32 20 27 34 41 0 9 24 28 42 69 73 85 103 125 96 188 257 315 366 447 475 518 554 577 96 211 332 440 563 703 817 944 1067 1200 
1182 182 0 4 9 13 21 22 20 25 27 41 0 4 13 21 38 55 68 84 94 122 94 160 244 303 365 411 481 551 581 596 94 186 302 412 518 643 781 924 1045 1168 
1196 196 0 2 11 22 13 18 24 27 28 51 0 2 14 35 40 52 70 80 95 124 99 185 265 324 375 402 468 510 541 580 99 211 331 442 545 641 782 914 1032 1184 
1181 181 0 3 8 13 15 23 17 29 32 41 0 3 11 21 33 48 52 78 91 109 88 168 225 290 355 409 457 507 547 603 88 187 288 394 519 641 768 893 1022 1173 
1186 186 0 1 12 11 15 31 26 27 29 34 0 2 13 19 30 58 68 83 92 111 86 159 224 300 347 426 470 531 526 574 86 175 288 397 502 652 787 917 1025 1177 
1193 193 0 7 9 14 18 21 30 26 30 38 0 7 14 26 38 56 68 83 88 123 92 178 236 295 357 426 487 529 563 606 92 205 302 411 521 645 793 921 1050 1185 
1194 194 0 3 9 13 17 23 22 37 29 41 1 4 12 24 33 53 61 94 110 126 95 181 248 319 374 420 468 515 560 574 95 199 313 434 544 658 789 923 1050 1183 
1185 185 0 6 4 12 14 32 28 26 26 37 0 6 8 20 29 59 73 84 101 125 71 158 234 307 380 443 489 523 571 628 71 170 281 402 526 661 794 911 1037 1176 
1175 175 0 3 8 8 20 23 22 25 39 27 0 3 10 15 33 53 65 83 103 109 81 187 249 313 369 406 454 499 554 584 81 208 313 423 538 653 771 889 1035 1165 
1175 175 0 3 10 11 16 19 29 29 26 32 1 4 14 22 35 46 65 76 86 104 96 166 264 301 353 389 465 501 556 606 96 180 307 400 504 614 760 893 1030 1164 
1185 185 0 6 12 14 21 28 17 28 31 28 0 6 16 27 42 56 59 78 96 108 88 183 254 328 378 428 471 517 547 568 88 203 314 435 562 691 814 925 1061 1181 
1199 199 0 7 7 12 22 25 32 29 29 36 0 7 12 22 41 55 76 94 106 125 86 157 258 306 385 444 509 553 545 573 86 182 316 411 547 684 812 944 1053 1181 
1190 190 0 2 10 11 17 25 19 26 40 40 0 2 11 19 31 50 62 74 102 119 95 151 255 347 406 434 489 515 573 603 95 174 301 447 561 664 792 910 1054 1181 
1183 183 0 5 9 14 19 14 25 31 30 36 0 5 14 26 37 45 65 81 99 120 86 183 274 325 374 427 456 491 532 585 86 205 328 437 540 656 769 903 1034 1165 
1180 180 0 6 3 11 13 28 21 23 30 45 0 6 8 18 26 46 58 71 91 124 80 161 242 314 374 441 466 519 553 592 80 179 299 419 538 660 771 899 1026 1168 
1212 212 0 4 5 13 24 21 35 27 36 47 0 4 6 18 37 47 73 86 110 133 84 178 249 327 385 441 486 529 563 592 84 197 302 432 559 670 805 932 1053 1199 
1169 169 0 4 8 13 21 28 13 25 28 29 0 4 11 22 38 58 61 70 83 97 90 173 242 311 368 418 463 493 523 592 90 187 289 397 521 652 764 887 1014 1160 
1173 173 0 1 12 18 18 16 23 24 24 37 0 1 12 29 37 43 61 64 80 109 81 174 252 323 377 426 462 508 544 598 81 193 311 432 551 671 785 921 1039 1164 
1198 198 0 5 8 17 15 24 33 30 28 38 0 5 11 26 35 53 74 86 98 121 92 166 257 326 379 427 477 517 562 597 92 190 301 426 551 674 799 927 1054 1189 
1184 184 0 2 5 13 10 23 30 26 34 41 0 2 6 18 24 40 62 80 94 122 78 152 243 314 377 445 475 506 544 584 78 170 294 416 521 663 778 899 1027 1173 
1199 199 0 5 14 15 17 17 25 36 41 29 0 5 19 33 42 50 63 93 112 123 90 180 233 296 350 426 472 509 556 596 90 204 300 409 515 645 769 908 1050 1190 
1195 195 0 4 12 13 18 23 32 31 40 22 0 4 16 27 41 51 74 93 120 127 89 170 235 297 360 417 465 509 566 620 89 185 287 399 527 653 784 911 1064 1189 
1191 191 0 2 7 9 26 23 37 32 23 32 0 2 9 16 41 55 76 96 103 123 80 156 233 315 377 421 502 531 574 580 80 176 281 404 520 646 810 938 1053 1178 
1184 184 0 2 8 10 21 20 22 25 41 35 0 2 9 19 40 49 66 75 99 125 103 172 231 290 367 420 481 503 531 596 103 191 286 390 521 649 780 896 1030 1173 
1185 185 0 1 10 11 21 33 21 29 26 33 0 1 11 20 37 60 71 88 103 120 92 149 234 308 385 415 432 508 547 605 92 168 281 394 527 645 751 887 1025 1167 
1190 190 0 0 5 10 22 21 23 38 28 43 0 0 5 15 32 49 63 85 94 115 101 178 245 299 358 430 492 523 540 567 101 195 293 401 524 650 792 918 1039 1183 
1225 225 0 2 4 20 25 27 35 31 43 38 0 2 6 26 43 64 84 95 117 139 81 172 241 308 357 438 487 501 572 602 81 189 290 406 528 665 803 922 1080 1215 
1186 186 0 2 6 15 17 15 30 31 29 41 0 2 8 22 37 42 65 84 95 122 75 157 247 303 357 410 467 517 542 597 75 172 296 404 531 648 774 898 1033 1178 
1207 207 0 8 9 6 17 32 22 26 44 43 0 9 14 19 32 49 69 87 109 127 97 174 232 307 363 432 482 529 564 601 97 198 302 421 528 659 789 923 1051 1194 
1189 189 0 3 11 10 15 26 22 24 37 41 0 3 13 20 32 48 58 68 88 120 96 181 242 305 349 422 484 519 569 589 96 200 296 400 500 650 781 908 1048 1181 
1174 174 0 2 7 14 14 20 22 33 30 32 0 3 7 19 31 48 62 80 94 107 70 171 247 322 356 431 484 501 530 566 70 191 303 425 525 651 784 920 1041 1170 
1199 199 0 4 8 14 19 30 24 38 27 35 0 4 12 24 41 58 71 100 110 129 84 172 264 310 361 421 492 534 569 591 84 194 314 419 536 673 810 939 1062 1188 
1213 213 0 3 3 14 25 30 31 40 32 35 0 3 5 18 39 62 84 107 116 139 82 159 252 320 374 427 499 540 563 582 82 180 298 420 536 672 815 946 1080 1202 
1202 202 0 2 4 13 21 17 30 33 41 41 0 2 6 17 34 49 68 93 117 131 89 189 260 314 393 438 487 535 571 597 89 209 314 416 541 647 783 913 1050 1192 
1167 167 0 2 8 9 13 21 21 29 33 31 0 2 10 13 26 39 56 73 97 114 102 180 252 314 393 448 498 556 585 609 102 200 307 416 533 660 782 906 1029 1152 
1178 178 0 3 6 10 18 16 31 19 38 37 0 3 8 18 36 41 71 75 100 118 82 162 237 306 377 438 500 531 557 599 82 186 292 402 524 653 785 899 1027 1168 
1167 167 0 6 8 15 15 16 23 25 28 31 0 6 13 25 34 41 52 70 84 95 95 189 267 335 379 398 438 494 536 552 95 210 324 431 539 636 753 897 1030 1157 
1184 184 0 8 6 17 20 18 23 30 29 33 1 9 11 28 44 52 65 84 94 113 92 189 259 325 385 423 456 485 542 571 92 213 326 447 558 671 786 905 1045 1172 
1186 186 0 2 10 10 15 15 21 29 48 36 0 2 12 21 34 44 55 72 104 121 91 179 249 321 378 429 483 533 534 583 91 200 308 426 544 652 781 915 1041 1178 
1182 182 0 2 7 12 12 24 34 21 39 31 0 2 8 20 29 49 71 82 111 120 82 165 255 307 363 421 487 526 575 605 82 180 300 404 502 637 788 901 1046 1173 
1198 198 0 4 7 10 20 26 30 32 36 33 0 4 9 17 33 51 72 93 114 125 79 162 225 278 342 404 466 518 557 590 79 177 280 388 510 645 780 913 1048 1189 
1191 191 0 5 6 17 23 21 35 22 33 29 0 5 10 26 47 55 78 79 100 110 92 174 253 331 369 432 471 496 546 591 92 198 310 431 545 669 793 909 1042 1177 
1223 223 0 5 12 14 17 31 37 35 33 39 0 5 15 26 34 55 72 94 111 128 101 176 258 333 380 456 511 536 551 582 101 194 314 436 542 691 828 964 1073 1213 
1211 211 0 4 15 11 18 15 31 39 41 37 0 4 18 25 41 44 69 91 110 125 94 186 257 327 381 408 462 504 560 604 94 208 323 438 545 657 777 915 1074 1204 
1202 202 0 0 13 9 13 24 26 34 47 36 0 0 13 21 32 46 68 84 111 133 68 154 237 321 367 430 482 519 565 594 68 164 289 403 514 636 775 905 1048 1189 
1174 174 0 2 8 9 7 28 28 30 28 34 0 2 9 16 21 43 61 79 100 110 85 170 265 311 359 440 497 530 570 610 85 189 309 414 510 645 772 912 1031 1168 
1199 199 0 3 9 11 19 27 21 32 29 48 0 3 13 21 39 53 64 85 101 131 89 168 249 328 381 439 480 520 569 609 89 186 303 421 542 678 786 914 1048 1192 
1178 178 0 4 6 13 18 20 32 35 21 29 0 4 10 20 35 48 77 96 97 111 98 174 243 313 372 425 450 493 549 601 98 203 302 420 549 661 777 908 1032 1168 
1201 201 0 7 5 20 30 17 23 27 34 38 0 7 9 29 48 60 68 77 104 128 85 178 263 310 367 421 453 494 548 598 85 209 323 431 547 664 780 906 1048 1183 
1213 213 0 3 10 15 20 26 25 29 41 44 0 3 13 25 40 60 71 91 112 136 81 171 243 318 387 429 478 533 548 590 81 190 304 419 541 667 789 927 1053 1198 
1201 201 0 3 5 16 17 31 16 30 51 32 0 3 8 23 34 61 60 77 116 123 84 165 244 298 371 431 485 541 576 626 84 193 289 406 529 657 777 905 1054 1194 
1187 187 0 2 13 14 15 25 28 25 26 39 0 2 16 25 37 52 72 90 90 122 86 155 226 289 375 418 467 526 562 613 86 172 272 382 509 632 762 891 1023 1174 
1219 219 0 3 10 21 21 21 32 26 37 48 0 3 13 29 45 54 76 87 111 137 88 181 253 319 385 441 474 513 568 617 88 197 307 436 547 673 796 919 1053 1203 
1179 179 0 5 4 10 13 18 24 32 32 41 0 5 8 15 25 36 61 77 98 125 80 158 252 311 375 400 466 498 578 612 80 182 297 402 513 605 752 886 1030 1173 
1208 208 0 5 9 14 14 21 24 37 38 46 0 5 12 26 35 48 62 88 110 132 94 172 252 314 370 421 483 521 550 570 94 193 310 416 534 650 779 918 1052 1193 
1179 179 0 3 8 12 18 15 29 28 31 35 0 3 10 17 29 37 59 75 89 106 74 159 258 314 379 439 464 520 530 541 74 178 308 423 547 662 778 923 1037 1163 
1200 200 0 0 7 18 16 28 25 39 31 36 1 1 8 22 35 57 75 92 106 128 103 214 264 331 389 458 518 518 555 576 103 237 332 443 559 708 825 949 1067 1189 
1200 200 0 7 12 17 16 22 31 22 27 46 0 8 19 30 36 54 77 84 99 127 96 182 271 316 386 431 482 552 589 607 96 214 334 434 558 666 793 937 1071 1192 
1188 188 0 1 8 11 14 30 20 37 25 42 0 2 9 19 31 56 62 83 91 117 75 170 242 322 348 419 472 521 544 585 75 187 300 421 513 638 773 916 1032 1179 
1176 176 0 1 7 12 15 23 26 22 39 31 0 1 8 19 30 50 65 70 91 110 82 170 226 295 351 441 494 527 560 584 82 182 277 392 506 658 786 907 1046 1171 
1201 201 0 6 8 13 18 25 35 28 40 28 0 6 13 24 38 60 87 98 120 127 77 139 234 307 373 430 496 512 575 594 77 157 280 397 517 642 797 915 1060 1192 
1166 166 0 6 9 8 15 16 26 32 25 29 0 6 13 21 31 37 57 82 89 104 87 167 233 290 355 432 473 505 536 602 87 187 291 385 512 647 770 889 1012 1153 
1182 182 0 5 11 11 11 24 34 25 28 33 0 5 13 21 27 44 73 83 98 124 86 161 243 286 342 408 456 509 554 614 86 189 300 392 505 631 756 896 1028 1172 
1207 207 0 5 14 14 18 25 28 35 32 36 0 5 18 31 42 57 74 93 110 138 95 181 252 302 373 436 482 534 586 624 95 199 308 414 540 662 788 924 1064 1199 
1200 200 0 1 12 13 15 34 22 33 29 41 0 1 13 23 34 61 63 86 102 118 89 173 252 303 339 405 455 515 568 577 89 193 309 412 512 646 775 908 1047 1189 
1183 183 0 3 3 17 24 19 24 41 26 26 0 3 5 21 42 51 63 84 98 107 82 174 266 313 377 454 506 539 580 610 82 192 317 418 536 674 797 930 1053 1177 
