1156 156 0 7 8 11 19 22 22 22 27 18 1 7 9 12 20 24 25 26 30 24 62 87 96 121 141 145 141 144 154 142 62 133 221 329 448 568 684 801 935 1050 
1148 148 0 2 9 12 12 18 17 21 26 31 0 2 10 12 16 18 22 27 28 36 59 95 110 124 103 134 140 156 143 159 59 142 240 344 427 543 662 797 924 1050 
1161 161 0 4 14 16 14 31 15 30 17 20 0 4 15 18 15 33 18 35 23 27 52 75 100 127 143 153 146 149 122 166 52 120 205 316 442 570 694 819 914 1061 
1150 150 0 0 9 20 22 17 18 19 22 23 0 0 9 21 26 20 23 26 28 30 43 91 107 116 144 134 154 160 145 170 43 123 213 318 442 550 678 805 923 1057 
1142 142 0 4 15 13 17 17 18 24 17 17 0 4 17 16 19 23 21 26 23 23 51 85 131 118 125 154 152 120 135 141 51 130 239 340 441 568 697 792 907 1025 
1156 156 0 7 9 9 16 12 20 26 33 24 0 7 9 10 18 16 28 28 36 30 37 84 114 120 116 142 175 140 151 158 37 116 221 320 418 536 679 791 916 1045 
1173 173 0 1 9 16 21 24 22 35 19 26 0 1 9 16 24 30 29 42 26 31 42 81 107 121 128 155 153 164 162 161 42 116 211 317 421 554 684 822 950 1077 
1157 157 0 9 5 15 19 20 14 25 27 23 0 9 7 17 25 21 21 29 34 32 50 82 124 145 141 134 146 126 144 159 50 122 231 351 460 578 697 803 933 1058 
1164 164 0 5 9 8 15 19 26 27 21 34 0 5 9 8 15 22 27 31 25 38 44 96 93 120 143 138 149 145 148 144 44 134 218 317 437 555 684 806 926 1048 
1168 168 0 8 8 12 20 21 25 20 24 30 0 8 10 13 22 27 31 27 31 33 57 90 104 121 132 154 136 162 156 154 57 137 226 326 436 562 680 812 934 1056 
1177 177 0 7 15 16 14 30 29 21 19 26 0 7 16 23 16 32 38 32 23 29 51 81 123 140 147 147 155 154 137 138 51 125 238 354 477 604 720 843 952 1073 
1165 165 0 8 14 18 22 24 21 21 18 19 0 8 14 21 31 26 28 24 19 22 48 86 102 141 139 132 156 157 142 142 48 127 220 336 449 564 691 823 939 1051 
1158 158 0 6 9 12 21 20 21 27 20 22 0 6 9 14 25 27 22 28 26 26 46 84 122 118 156 156 139 131 149 148 46 125 231 328 458 585 697 809 932 1062 
1160 160 0 8 15 13 13 23 20 26 22 20 0 8 16 14 17 26 29 27 25 28 50 95 117 126 137 144 145 151 162 152 50 138 237 345 457 579 691 814 944 1063 
1167 167 0 7 10 17 21 29 19 21 17 26 0 8 11 17 23 35 25 29 23 28 58 81 115 133 133 128 146 168 145 178 58 129 231 346 452 559 681 806 920 1069 
1157 157 0 2 9 18 23 14 18 27 17 29 0 2 10 18 26 20 23 28 22 31 54 81 126 130 139 129 137 158 147 158 54 127 237 343 462 569 682 820 939 1064 
1158 158 0 5 11 14 17 18 18 26 25 24 0 5 13 15 21 20 22 30 32 29 50 85 100 126 132 134 153 172 167 165 50 129 216 319 432 541 673 806 933 1067 
1147 147 0 7 9 22 15 22 17 16 18 21 0 7 11 23 18 27 20 17 19 27 69 84 117 117 125 136 130 119 141 153 69 146 249 351 464 576 687 786 916 1041 
1173 173 0 6 11 15 27 19 20 25 26 24 0 6 12 17 30 21 23 25 31 31 54 78 102 117 163 142 143 140 152 164 54 122 210 308 451 571 693 811 937 1070 
1171 171 0 4 10 16 22 20 21 21 24 33 0 4 10 17 25 25 26 29 27 37 55 96 118 125 135 133 139 156 154 141 55 139 240 349 462 571 690 821 949 1072 
1164 164 0 6 8 11 23 28 21 22 23 22 0 6 9 14 28 34 23 28 29 25 39 89 107 115 145 138 145 154 158 151 39 125 217 320 443 561 686 814 942 1070 
1155 155 0 4 14 13 24 14 22 19 23 22 0 4 15 15 26 15 26 23 28 23 47 103 129 120 145 134 142 131 151 145 47 142 255 351 476 595 711 819 943 1062 
1151 151 0 4 6 13 18 21 24 21 26 18 0 4 7 15 20 22 28 23 29 22 47 74 97 134 130 154 151 134 155 148 47 113 196 307 425 560 681 791 925 1047 
1167 167 0 3 16 5 19 27 23 24 25 25 0 3 16 10 22 28 27 30 29 28 52 91 116 115 134 132 126 157 158 157 52 136 232 327 440 556 665 804 931 1062 
1158 158 0 3 9 11 14 26 18 30 24 23 0 3 9 13 18 28 23 34 34 29 41 83 113 124 138 150 154 154 161 147 41 117 217 325 440 561 690 821 954 1067 
1162 162 0 4 9 12 20 20 31 19 27 20 0 4 10 13 23 22 33 23 33 24 57 63 106 136 154 130 146 141 158 147 57 115 198 316 444 547 674 792 924 1046 
1171 171 0 4 13 13 20 27 25 30 11 28 0 4 13 16 23 28 28 35 20 32 45 87 103 134 149 154 147 135 145 172 45 126 218 329 448 587 709 819 943 1083 
1170 170 0 3 9 10 20 21 31 27 25 24 0 3 10 10 21 26 36 35 33 28 39 83 107 130 138 148 179 159 131 123 39 118 209 320 436 559 712 838 947 1056 
1148 148 0 3 8 12 18 26 15 23 17 26 0 3 10 12 19 28 18 25 23 30 46 95 110 120 135 149 151 152 144 155 46 132 226 324 433 561 677 802 917 1040 
1164 164 0 3 14 19 22 27 16 24 18 21 0 3 16 22 23 33 24 29 23 24 56 97 126 163 131 134 128 129 136 141 56 139 254 390 503 615 714 824 941 1064 
1158 158 0 4 8 18 16 24 22 20 21 25 0 4 9 19 20 27 28 23 24 30 45 78 94 134 151 145 138 144 150 154 45 114 195 313 442 558 670 791 916 1047 
1173 173 0 3 11 23 17 21 24 22 24 28 0 3 12 25 20 26 30 27 29 34 42 80 127 129 148 153 161 149 152 130 42 115 228 343 470 598 721 840 963 1068 
1165 165 0 4 10 20 20 15 19 24 26 27 0 4 11 21 22 21 21 28 27 30 49 92 113 130 139 140 130 142 170 147 49 134 234 344 454 564 675 792 929 1055 
1161 161 0 6 8 17 19 18 25 27 19 22 0 6 11 21 25 21 29 30 27 30 44 105 100 139 137 132 150 159 137 168 44 140 223 339 451 559 681 817 929 1068 
1177 177 0 3 10 16 20 30 26 24 24 24 0 4 10 16 22 38 29 30 30 27 43 95 109 142 152 158 144 140 153 163 43 131 226 343 467 597 713 829 951 1088 
1173 173 0 2 10 17 24 19 16 25 31 29 0 2 10 21 27 25 16 28 36 33 43 67 119 143 132 128 142 160 160 159 43 104 215 338 449 553 678 810 943 1076 
1164 164 0 6 16 12 17 24 23 17 21 28 0 6 19 15 20 25 26 25 26 32 61 85 113 130 137 135 132 137 174 155 61 135 229 336 451 566 678 787 932 1057 
1151 151 0 3 13 15 10 21 20 27 17 25 0 3 13 16 12 26 27 27 22 29 51 89 97 104 140 148 169 142 148 154 51 134 219 310 428 557 691 815 937 1060 
1191 191 0 4 14 23 27 25 22 24 28 24 0 4 14 24 34 31 30 29 29 29 57 81 123 144 162 145 135 147 136 150 57 133 241 358 489 612 720 848 966 1086 
1177 177 0 4 11 22 17 22 21 27 18 35 1 4 11 24 20 25 27 34 24 38 52 79 117 134 127 146 142 143 146 152 52 120 227 346 457 587 699 815 932 1064 
1168 168 0 4 10 19 24 11 25 23 28 24 0 4 13 22 26 16 27 26 34 27 48 94 102 126 130 132 151 146 159 156 48 139 229 337 451 561 687 811 940 1066 
1140 140 0 5 9 14 12 18 22 21 17 22 0 5 9 15 16 21 25 24 22 27 46 90 102 127 127 143 126 137 167 147 46 131 220 334 441 564 673 789 920 1040 
1156 156 0 4 6 20 17 25 22 16 17 29 0 5 7 21 20 32 26 21 20 32 48 101 117 133 139 137 137 140 148 133 48 142 243 358 478 590 698 816 933 1044 
1140 140 0 1 13 11 23 20 22 15 22 13 0 1 13 11 25 24 27 21 26 17 46 97 122 129 157 150 142 126 126 128 46 138 247 359 495 615 736 836 941 1046 
1165 165 0 7 11 15 10 22 25 24 17 34 0 7 12 15 14 24 28 29 21 37 53 93 130 112 138 132 155 146 145 177 53 140 252 352 467 578 708 825 943 1090 
1154 154 0 5 8 16 22 27 15 18 19 24 0 5 9 19 23 30 23 22 23 29 61 90 119 124 147 134 137 134 145 157 61 139 241 343 474 590 702 817 942 1071 
1165 165 0 4 14 12 17 21 21 24 23 29 0 5 15 16 19 30 26 30 28 35 39 91 112 117 139 158 151 143 168 162 39 123 220 317 438 558 682 795 928 1062 
1148 148 0 5 9 10 14 17 23 19 18 33 0 5 10 12 14 18 24 26 25 35 43 75 94 115 137 138 153 147 148 182 43 115 195 292 411 529 663 775 901 1050 
1175 175 0 3 7 13 21 34 33 21 20 23 0 3 7 15 22 37 39 26 25 25 41 84 101 124 149 168 166 164 142 119 41 116 202 308 440 587 725 864 978 1077 
1177 177 0 0 6 11 22 24 26 34 24 30 0 0 6 12 26 32 31 42 31 34 46 82 108 114 152 157 147 180 142 170 46 119 216 312 436 560 686 835 946 1082 
1155 155 0 3 9 14 12 18 27 24 24 24 0 4 10 16 14 19 32 27 29 34 49 91 103 113 118 142 151 135 153 165 49 129 222 317 414 541 664 774 901 1027 
1162 162 0 5 8 22 21 20 23 22 12 29 0 5 9 24 26 21 32 26 15 32 33 79 118 158 149 152 145 164 139 154 33 106 207 340 458 580 695 829 938 1073 
1146 146 0 6 6 19 13 23 23 16 19 21 0 6 7 21 17 23 30 19 25 24 64 83 106 134 140 150 144 136 147 137 64 142 231 348 464 591 702 815 935 1049 
1176 176 0 4 8 20 20 23 20 29 28 24 1 5 8 21 21 28 25 34 35 28 51 83 109 131 125 155 156 159 150 140 51 122 221 333 447 579 703 828 951 1071 
1162 162 0 7 12 16 16 20 10 29 21 31 0 7 14 18 19 26 14 31 28 38 51 91 102 129 104 136 164 153 167 166 51 135 223 334 424 537 679 809 947 1077 
1165 165 0 9 17 4 28 20 25 18 22 22 0 9 20 7 30 29 28 25 26 24 47 99 124 129 133 158 157 131 146 150 47 138 244 348 466 597 726 821 947 1071 
1165 165 0 5 7 18 22 24 20 21 27 21 0 5 8 19 26 25 25 26 31 25 45 100 127 143 132 125 140 140 158 140 45 140 249 367 475 578 693 811 945 1057 
1170 170 0 9 9 14 16 24 26 19 24 29 1 9 11 16 20 25 30 24 28 33 53 84 105 130 132 149 162 149 136 142 53 127 221 330 438 564 700 822 937 1064 
1127 127 0 3 6 13 11 17 19 18 15 25 0 3 7 16 14 21 20 21 17 30 55 78 114 131 132 140 144 162 143 148 55 124 219 322 429 545 666 799 911 1034 
1138 138 0 8 10 12 18 20 18 21 17 14 0 8 10 15 22 22 23 25 19 19 53 92 125 123 156 126 142 161 129 129 53 134 245 344 471 572 684 820 924 1036 
1163 163 0 12 13 13 15 18 14 23 26 29 1 12 16 18 18 21 18 25 30 36 62 98 107 126 132 150 124 139 156 171 62 153 242 351 457 579 685 808 940 1078 
1160 160 0 3 12 14 20 20 18 21 21 31 0 3 13 16 22 29 20 25 29 33 56 90 102 128 141 142 143 148 170 171 56 128 216 323 436 548 672 794 933 1070 
1150 150 0 4 10 10 18 15 19 19 27 28 0 4 10 13 19 22 26 21 28 31 53 64 105 143 134 161 153 160 144 143 53 109 209 328 430 558 679 804 921 1046 
1154 154 0 4 8 16 16 20 23 18 25 24 0 4 11 18 21 22 25 23 28 30 47 79 121 128 147 146 152 128 160 155 47 119 219 323 442 562 690 793 927 1057 
1162 162 0 1 13 22 16 20 21 21 24 24 0 1 14 26 20 28 23 25 32 29 60 79 106 145 147 140 150 145 158 137 60 132 227 359 484 586 716 836 959 1071 
1150 150 0 3 9 14 17 13 26 22 28 18 0 3 9 17 20 15 29 25 33 23 42 87 110 135 149 138 139 135 157 146 42 120 213 332 454 564 675 788 925 1046 
1159 159 0 7 8 14 11 20 26 20 30 23 0 7 10 16 16 22 28 24 35 27 44 86 102 132 134 151 139 149 172 147 44 119 212 328 435 559 676 806 947 1070 
1179 179 0 4 17 14 26 16 24 20 27 31 0 4 18 18 33 19 29 25 32 35 59 86 118 142 125 125 164 154 138 164 59 135 241 363 463 565 707 825 938 1078 
1143 143 0 4 12 15 16 17 20 20 15 24 0 4 14 16 18 18 25 21 20 28 61 91 107 116 132 140 138 129 148 162 61 144 233 330 448 569 681 793 915 1044 
1154 154 0 3 6 17 25 18 21 15 16 33 0 3 7 19 30 24 24 21 16 39 47 76 116 136 136 154 158 158 152 152 47 114 214 333 450 577 708 823 936 1057 
1158 158 0 3 7 17 23 15 19 22 21 31 0 3 8 19 26 17 24 26 24 36 35 75 116 121 151 153 145 146 165 149 35 104 199 299 434 559 680 800 939 1055 
1154 154 0 6 13 9 17 17 25 20 20 27 0 6 14 10 19 20 30 26 24 30 46 80 111 119 131 130 161 144 153 156 46 120 215 312 422 538 668 783 915 1050 
1140 140 0 6 3 12 11 24 23 26 22 13 0 6 4 12 14 27 27 30 27 18 44 88 96 131 124 146 150 153 149 131 44 126 209 322 424 544 676 805 935 1034 
1177 177 0 10 11 17 21 25 21 32 18 22 1 10 12 19 26 28 28 35 23 26 52 95 114 142 145 137 139 147 147 146 52 140 234 350 468 590 706 831 949 1074 
1188 188 0 9 7 22 16 19 30 27 30 28 0 9 8 22 20 22 39 33 34 35 49 78 115 131 139 139 159 149 145 150 49 123 223 342 459 574 709 838 962 1081 
1150 150 0 4 8 18 14 20 23 18 24 21 0 4 9 21 22 23 28 26 29 22 47 96 103 127 152 164 132 150 137 141 47 137 223 333 458 593 696 818 933 1056 
1169 169 0 3 12 19 16 25 22 19 24 29 0 3 12 20 17 31 27 28 25 32 52 96 126 127 148 156 132 137 141 153 52 139 251 358 473 601 708 813 938 1065 
1163 163 0 3 11 16 19 22 31 22 21 18 0 3 11 18 22 26 37 29 26 22 52 89 109 118 144 137 148 151 157 128 52 134 228 329 452 576 699 822 952 1053 
1183 183 0 6 13 17 25 16 23 27 25 31 0 6 13 20 28 20 26 31 30 35 60 82 132 131 128 161 151 156 151 148 60 134 258 358 460 596 719 844 965 1088 
1166 166 0 7 13 13 20 27 24 22 17 23 0 7 14 14 24 28 31 30 18 28 52 90 118 130 141 152 136 163 149 147 52 136 238 349 465 594 707 841 961 1080 
1165 165 0 2 6 18 16 15 21 23 32 32 0 2 7 20 18 16 24 28 42 38 43 87 94 132 138 129 146 151 165 159 43 123 201 319 437 548 670 791 923 1056 
1166 166 0 6 8 15 19 25 21 22 23 27 0 6 9 16 21 31 24 28 29 30 42 87 114 116 137 156 152 163 159 152 42 125 229 322 437 563 696 830 956 1075 
1199 199 0 10 13 14 17 23 34 29 33 26 0 10 13 15 18 27 39 33 40 37 57 95 123 141 140 135 162 152 156 121 57 145 255 372 492 604 739 874 1012 1107 
1145 145 0 6 9 9 14 27 20 31 16 13 0 6 9 9 18 31 26 35 20 16 47 92 102 127 151 170 144 138 151 126 47 132 219 329 450 593 704 816 942 1047 
1167 167 0 8 9 12 18 18 31 25 19 27 0 8 9 13 20 21 33 28 27 32 60 92 91 129 147 147 156 138 149 143 60 142 224 337 455 575 711 828 950 1073 
1179 179 0 8 15 20 14 22 30 30 19 21 0 8 16 21 17 28 35 38 28 24 53 101 121 116 130 156 150 152 152 138 53 147 252 360 473 606 727 853 973 1089 
1172 172 0 4 16 19 16 20 31 23 20 23 0 4 19 23 21 20 35 32 27 26 52 84 126 151 134 160 158 158 138 138 52 122 230 358 469 605 734 854 966 1074 
1148 148 0 5 15 16 18 21 27 14 12 20 0 5 16 17 21 22 32 22 15 24 44 109 132 126 129 127 147 133 129 162 44 143 255 363 475 588 714 824 930 1067 
1141 141 0 2 12 12 18 23 22 13 19 20 0 2 13 13 20 25 24 16 25 26 49 74 105 120 123 132 135 144 158 151 49 117 208 310 419 534 649 764 892 1017 
1184 184 0 7 12 16 21 30 24 24 26 24 0 7 14 17 29 38 30 29 30 27 64 99 102 128 147 160 161 146 154 141 64 151 238 351 471 601 736 854 983 1102 
1195 195 0 9 7 20 21 28 29 33 27 21 0 9 10 20 27 30 36 39 31 24 49 104 128 141 146 135 167 149 139 128 49 148 251 367 487 604 750 871 988 1092 
1176 176 0 7 15 21 18 18 24 25 28 20 0 7 16 27 22 23 28 31 34 27 52 90 108 143 140 149 135 168 123 146 52 134 226 350 466 586 703 842 939 1063 
1185 185 0 3 15 13 16 28 23 39 24 24 0 3 16 16 19 30 29 43 31 30 55 82 103 144 145 159 148 153 136 127 55 131 221 347 468 601 717 854 972 1076 
1176 176 0 2 10 15 24 22 27 27 23 26 0 2 10 16 24 28 29 30 26 31 51 69 122 133 138 144 147 140 152 149 51 111 217 329 453 569 693 814 943 1072 
1171 171 0 6 9 14 17 23 26 25 25 26 0 6 10 15 18 24 29 29 32 28 53 84 103 123 123 149 150 145 140 159 53 126 214 316 421 547 674 799 920 1063 
1171 171 0 7 13 17 16 17 26 30 25 20 0 8 14 20 22 22 28 33 31 28 62 90 107 115 149 148 164 163 140 144 62 140 232 332 461 583 723 855 972 1083 
1171 171 0 10 13 12 19 18 27 20 28 24 0 10 13 15 21 18 29 27 30 31 56 105 116 142 134 154 150 144 133 148 56 149 242 364 475 597 722 831 948 1065 
1170 170 0 9 10 14 21 20 27 25 17 27 0 9 11 15 25 27 31 28 23 33 58 103 98 126 148 141 166 144 141 162 58 157 237 341 461 578 709 829 945 1081 
1166 166 0 6 9 13 25 24 15 26 26 22 0 7 10 13 27 32 22 30 32 25 30 87 121 142 149 135 146 149 172 130 30 116 222 350 477 580 705 829 969 1071 
1168 168 0 5 9 16 16 21 21 30 24 26 0 6 12 16 20 26 25 33 30 32 51 87 118 119 129 143 150 144 163 155 51 132 231 336 438 547 670 792 926 1061 
1136 136 0 2 7 18 16 13 22 19 17 22 0 2 8 18 20 15 26 26 22 24 50 86 110 128 128 122 139 148 151 162 50 129 220 335 443 543 657 780 908 1042 
1169 169 0 5 15 19 16 15 21 22 29 27 0 5 15 22 23 19 26 24 36 34 51 83 120 131 119 144 126 145 176 165 51 129 235 347 447 570 669 794 940 1079 
