1103 103 0 0 3 4 12 6 12 24 18 24 1 0 3 4 16 12 22 35 36 46 56 107 141 173 239 242 288 292 329 337 56 142 217 313 438 535 651 778 884 1014 
1111 111 0 2 3 8 12 9 16 20 21 20 0 3 4 11 15 19 29 39 42 49 43 91 138 198 203 241 267 328 312 342 43 120 211 328 423 546 657 783 899 1010 
1162 162 0 3 3 8 10 18 26 25 35 34 0 3 5 10 14 27 43 49 67 68 44 107 141 207 237 275 297 310 344 345 44 132 223 338 453 578 694 803 939 1069 
1122 122 0 2 2 6 10 18 15 17 29 23 0 2 3 6 13 27 28 38 52 47 50 91 138 178 211 233 266 312 334 349 50 123 212 309 418 528 651 773 905 1028 
1105 105 0 1 0 7 8 16 14 19 17 23 0 1 0 7 12 21 24 30 33 49 58 95 134 173 215 239 272 300 339 365 58 127 210 308 413 518 637 748 877 1004 
1122 122 0 2 3 8 3 12 21 19 28 26 0 2 5 9 8 17 31 30 48 56 53 97 126 163 204 237 280 304 326 363 53 120 199 296 402 516 634 755 878 1017 
1116 116 0 3 5 4 10 9 16 26 17 26 0 3 6 7 14 14 26 44 34 53 47 107 135 178 228 242 276 294 320 345 47 136 227 314 433 542 654 775 901 1026 
1124 124 0 0 2 9 11 14 12 22 32 22 0 0 2 12 18 24 22 37 57 51 53 95 143 184 238 250 272 283 328 352 53 124 216 328 446 551 653 762 902 1027 
1128 128 0 3 4 6 11 16 16 21 20 31 0 3 6 8 15 25 26 42 42 57 53 99 136 176 205 244 243 296 331 362 53 127 213 304 412 526 636 765 885 1025 
1121 121 0 0 4 3 8 15 19 16 24 32 0 0 4 4 12 20 30 39 45 63 47 100 127 154 194 248 297 310 347 392 47 121 201 281 380 503 632 759 886 1021 
1090 90 0 2 2 4 9 8 17 12 19 17 0 2 3 5 12 13 27 29 36 38 40 97 139 188 215 256 291 296 332 374 40 125 208 316 415 529 636 745 873 996 
1123 123 0 0 8 8 13 15 14 28 16 21 0 0 8 11 17 27 25 37 40 53 57 96 139 191 220 246 286 311 366 351 57 133 218 326 432 540 664 792 914 1024 
1140 140 0 2 5 9 13 18 13 30 24 26 0 2 5 12 19 30 33 46 51 62 47 93 154 176 209 241 280 313 329 344 47 121 221 317 418 537 656 789 913 1030 
1145 145 0 0 2 5 10 24 21 23 31 29 0 0 2 5 13 34 39 46 57 67 52 100 142 176 208 242 301 323 337 351 52 129 223 320 423 541 665 795 922 1043 
1150 150 0 3 3 11 17 10 21 26 24 35 1 3 6 13 25 27 41 39 54 66 56 101 143 179 224 251 274 319 342 376 56 132 226 319 415 516 633 784 918 1057 
1103 103 0 1 4 4 7 18 20 22 9 18 0 1 6 6 12 22 38 41 37 48 50 102 149 183 219 250 267 312 309 345 50 134 240 340 440 557 663 794 900 1021 
1142 142 0 2 4 4 11 21 19 24 32 25 0 2 6 6 16 25 35 45 56 60 47 107 139 173 199 260 276 298 315 346 47 137 214 309 412 547 644 769 901 1026 
1129 129 0 0 2 4 15 14 19 19 32 24 1 0 3 5 17 25 32 42 56 61 45 86 147 192 216 266 278 324 348 337 45 109 199 314 409 523 641 769 899 1018 
1117 117 0 2 0 5 17 18 11 20 24 20 0 2 0 5 18 33 26 37 49 51 44 79 123 169 238 274 289 294 324 358 44 108 186 288 418 548 656 765 885 1014 
1131 131 0 2 2 7 12 16 16 22 20 34 0 2 3 7 18 25 26 38 44 54 55 104 146 178 249 255 286 325 342 356 55 133 224 319 453 564 668 796 913 1040 
1122 122 0 0 3 9 13 17 12 23 23 22 0 0 3 11 21 28 31 43 43 57 49 107 155 192 234 269 271 323 318 340 49 134 226 335 447 567 671 809 921 1039 
1114 114 0 2 5 4 14 13 15 20 13 28 0 2 8 10 18 23 30 33 30 47 40 92 125 175 214 241 266 281 332 365 40 118 194 296 414 513 631 751 869 1007 
1100 100 0 1 2 3 8 11 8 21 24 22 0 2 2 5 10 18 19 31 40 43 60 113 139 190 230 259 298 324 342 355 60 141 233 321 423 537 657 763 881 1001 
1111 111 0 0 3 4 13 10 22 17 24 18 0 0 4 6 16 17 33 38 49 54 48 92 152 184 208 232 292 304 334 332 48 120 219 316 417 517 645 751 875 991 
1127 127 0 1 4 10 11 11 16 18 30 26 0 1 4 15 19 20 27 36 51 58 46 95 150 182 210 245 285 279 328 383 46 116 221 320 418 538 657 762 887 1034 
1120 120 0 0 5 4 11 8 19 21 25 27 0 0 5 5 14 17 30 33 46 55 53 95 137 174 216 234 284 317 368 355 53 126 214 317 426 526 640 750 880 1018 
1135 135 0 0 6 9 10 19 17 17 22 35 0 0 6 11 18 29 34 42 46 70 62 125 145 194 233 280 285 305 307 352 62 157 242 346 447 576 681 785 902 1041 
1128 128 0 2 4 8 12 13 19 17 26 27 0 2 4 12 18 23 32 36 46 52 47 101 152 192 232 243 260 312 345 342 47 123 229 333 439 551 662 778 907 1027 
1135 135 0 2 3 4 11 13 20 22 34 26 0 2 4 8 14 25 33 46 63 58 51 104 145 180 202 268 290 296 344 350 51 133 224 315 415 530 649 753 901 1021 
1124 124 0 1 2 7 11 20 15 17 27 24 0 1 3 7 13 32 30 49 55 55 46 95 129 171 239 271 271 292 335 366 46 124 204 311 441 548 657 768 893 1022 
1112 112 0 1 6 12 17 13 10 13 22 18 0 1 7 14 25 28 28 33 55 48 49 96 154 194 216 254 254 299 347 322 49 129 238 351 459 568 662 769 890 1005 
1121 121 0 2 3 10 7 15 21 20 21 22 0 3 5 15 16 25 39 41 42 64 44 97 148 184 192 246 294 305 345 347 44 124 226 316 408 524 658 772 902 1012 
1108 108 0 2 5 3 8 12 20 14 20 24 0 2 7 6 13 22 29 31 43 48 48 78 153 174 207 258 302 302 323 340 48 107 213 314 410 527 669 770 885 1012 
1151 151 0 2 3 6 17 13 22 30 26 32 0 2 3 7 21 23 41 57 61 73 54 96 141 213 258 234 298 305 323 362 54 128 229 343 462 552 680 797 903 1046 
1116 116 0 1 3 4 4 16 17 19 26 26 1 2 4 6 5 20 30 40 45 54 44 107 138 194 223 258 305 307 329 353 44 127 218 327 423 531 653 774 901 1022 
1148 148 0 4 4 9 21 17 25 14 28 26 0 5 6 11 26 36 44 41 64 65 48 103 159 203 232 266 284 297 362 355 48 137 250 362 477 588 705 807 947 1074 
1108 108 0 0 3 6 7 4 17 18 32 21 0 0 3 8 13 10 20 31 49 46 47 78 136 193 238 265 311 302 343 356 47 109 206 315 419 527 650 772 895 1019 
1125 125 0 1 2 5 10 13 16 27 18 33 0 2 3 6 14 18 25 41 48 57 54 85 131 186 218 250 275 300 342 354 54 114 199 310 404 517 634 773 897 1021 
1137 137 0 0 3 7 14 13 28 21 24 27 0 0 3 8 20 21 43 45 60 57 46 98 154 180 213 233 277 266 345 336 46 127 231 331 430 535 660 775 898 1032 
1144 144 0 3 2 7 11 13 15 28 33 32 0 3 3 8 15 18 30 40 60 66 47 104 152 198 252 258 271 270 328 352 47 127 229 337 464 564 665 780 920 1057 
1108 108 0 0 3 6 9 13 16 14 23 24 1 0 3 8 12 16 23 32 48 54 51 91 154 170 226 225 250 318 339 354 51 123 224 321 439 542 645 765 890 999 
1118 118 0 2 2 10 11 13 15 18 21 26 0 2 3 12 19 21 24 38 47 59 43 108 157 192 236 254 271 256 303 365 43 127 230 343 452 559 670 758 872 1013 
1127 127 0 2 6 6 5 12 25 15 28 28 0 2 6 10 11 19 34 30 51 54 65 107 129 171 234 230 261 288 333 347 65 145 219 320 429 526 648 757 885 1017 
1106 106 0 1 4 9 7 15 10 16 25 19 0 1 5 11 13 23 22 35 42 41 55 100 132 170 216 265 267 317 321 334 55 131 208 302 414 527 621 751 885 997 
1110 110 0 0 1 5 13 13 14 17 26 21 0 0 1 5 17 22 32 36 54 51 60 101 145 158 192 267 301 322 357 337 60 133 219 302 397 526 641 761 901 1012 
1143 143 0 0 2 10 20 14 10 27 29 31 1 1 3 12 22 26 24 42 53 60 42 94 135 182 214 248 271 289 324 352 42 120 207 311 430 543 646 773 903 1047 
1133 133 0 0 6 9 8 15 17 25 22 31 0 0 6 9 11 21 27 45 41 64 56 100 123 178 218 241 269 334 334 350 56 130 205 307 419 524 632 765 904 1032 
1132 132 0 1 5 7 12 13 27 19 20 28 0 1 5 8 17 24 39 34 46 54 58 94 131 186 215 256 270 268 325 325 58 131 217 333 436 552 679 783 903 1009 
1132 132 0 2 4 6 13 18 21 17 26 25 0 2 6 8 19 25 35 30 52 57 56 101 150 177 211 256 283 286 353 327 56 131 229 327 440 569 674 794 928 1031 
1146 146 0 1 4 7 14 17 13 28 28 34 0 1 5 9 16 25 30 48 54 72 49 109 139 182 230 236 285 313 344 360 49 131 215 310 427 540 667 796 914 1046 
1153 153 0 0 4 12 15 14 19 24 22 43 0 0 4 14 25 25 33 47 47 81 48 93 124 188 220 238 279 322 338 368 48 128 212 324 437 543 669 802 927 1060 
1113 113 0 3 4 7 13 11 16 13 17 29 0 3 4 9 15 19 28 29 36 50 55 95 147 195 217 246 292 318 313 348 55 120 225 326 428 535 656 783 888 1012 
1113 113 0 0 2 3 8 17 19 15 24 25 0 0 2 4 9 20 32 36 45 51 52 101 124 170 213 266 270 334 324 346 52 127 205 299 393 524 630 769 885 1010 
1124 124 0 3 1 6 8 23 14 18 24 27 0 3 3 7 11 32 29 34 49 55 65 81 141 178 220 233 279 306 340 359 65 123 215 318 424 530 640 772 896 1017 
1147 147 0 2 6 3 13 11 20 22 36 34 0 2 7 7 21 21 32 45 62 79 55 94 152 190 244 289 282 321 334 373 55 127 225 327 440 557 669 786 911 1047 
1130 130 0 2 3 10 8 15 18 25 28 21 1 3 6 11 11 20 31 46 59 51 55 82 150 198 213 239 291 312 325 372 55 114 219 335 426 543 653 767 894 1032 
1129 129 0 2 3 8 8 16 13 26 22 31 0 2 5 11 12 23 27 39 41 57 38 84 130 178 231 253 273 296 309 371 38 111 194 306 421 541 661 781 885 1017 
1144 144 0 1 1 14 11 18 19 24 29 27 0 2 2 16 21 31 43 47 56 58 47 91 151 194 223 236 287 323 341 337 47 123 223 321 431 530 666 797 924 1033 
1095 95 0 0 3 5 7 17 12 13 18 20 0 0 3 5 11 23 29 31 38 45 47 94 139 160 222 239 290 311 335 341 47 119 213 306 413 525 646 759 882 989 
1129 129 0 2 7 11 9 17 15 20 24 24 0 3 8 16 16 28 30 39 49 45 47 119 134 174 217 255 278 302 337 348 47 146 232 319 428 543 651 771 895 1016 
1117 117 0 1 3 7 9 16 17 22 19 23 0 1 3 9 13 22 29 40 42 52 44 102 125 157 198 226 271 315 350 380 44 125 198 283 392 504 628 750 876 1010 
1123 123 0 2 2 8 8 9 30 18 16 30 0 2 3 11 9 14 44 38 38 51 52 93 119 181 224 238 273 310 346 364 52 119 198 306 426 535 651 766 909 1034 
1124 124 0 1 3 6 9 10 15 20 32 28 0 1 4 8 15 16 29 36 55 65 55 88 131 161 217 238 280 307 341 373 55 118 206 291 396 509 618 750 882 1016 
1111 111 0 1 4 5 11 14 9 14 23 30 0 1 5 6 15 25 19 23 37 50 51 95 135 155 215 250 262 311 312 356 51 120 209 294 409 522 633 749 867 998 
1136 136 0 1 6 8 11 13 20 19 26 32 0 1 6 12 16 25 34 38 48 61 53 105 147 178 251 267 269 294 321 359 53 134 234 338 459 562 681 805 909 1037 
1133 133 0 1 9 8 9 18 20 20 16 32 0 1 10 14 12 29 33 43 47 46 62 106 160 192 224 273 286 321 336 343 62 140 239 336 448 573 698 811 924 1056 
1135 135 0 1 5 8 10 11 18 23 26 33 0 1 6 11 16 18 32 44 51 57 56 96 135 181 231 267 302 328 332 372 56 126 208 309 419 535 663 776 892 1033 
1141 141 0 2 4 7 9 12 22 24 31 30 0 2 6 11 13 19 35 42 54 68 49 102 155 183 238 256 290 326 318 346 49 129 225 321 441 562 679 795 911 1039 
1119 119 0 1 5 3 9 10 18 17 30 26 0 1 6 7 12 18 31 28 45 52 34 87 157 181 232 258 293 322 336 349 34 109 212 308 429 551 653 774 899 1027 
1131 131 0 4 5 5 13 12 20 19 26 27 0 4 7 8 17 20 34 34 50 57 59 88 144 187 233 265 307 271 331 365 59 123 223 320 433 540 669 760 892 1035 
1128 128 0 0 2 8 13 18 17 21 25 24 0 0 2 8 19 29 37 47 51 57 53 120 148 194 239 274 313 308 307 348 53 146 233 339 466 594 706 815 930 1050 
1148 148 0 3 1 6 19 18 17 24 24 36 0 3 3 8 27 29 35 52 56 68 51 91 156 215 231 274 301 328 336 349 51 117 212 330 441 564 668 790 912 1040 
1122 122 0 2 5 6 12 11 14 28 24 20 1 3 6 9 17 24 25 44 44 45 60 99 146 172 210 239 273 315 319 350 60 134 221 312 414 519 634 776 893 1020 
1108 108 0 1 1 4 10 8 19 16 23 26 0 2 2 5 12 16 30 31 42 46 54 92 141 181 232 229 256 312 312 343 54 130 225 338 460 548 658 767 877 1005 
1127 127 0 1 5 6 7 17 21 19 24 27 0 1 5 10 15 23 36 42 50 63 44 95 135 183 217 253 271 317 352 379 44 123 209 308 414 533 645 777 903 1034 
1109 109 0 1 8 5 9 13 14 11 21 27 1 2 9 7 14 22 26 27 39 51 47 103 139 184 213 233 274 305 310 351 47 128 219 324 425 528 645 772 891 1013 
1124 124 0 1 2 5 8 13 16 23 23 33 0 2 3 5 12 17 25 42 44 63 40 102 138 186 208 274 291 317 372 381 40 124 212 320 416 538 657 776 914 1052 
1130 130 0 1 3 7 9 20 14 26 23 27 0 1 4 8 13 24 30 44 54 66 50 87 143 187 218 268 287 295 342 371 50 125 216 331 432 558 676 781 902 1038 
1120 120 0 0 2 7 8 15 16 20 31 21 0 0 2 7 11 19 28 44 57 55 55 105 147 174 231 242 275 302 359 343 55 131 225 317 431 519 638 771 905 1019 
1144 144 0 2 5 4 17 21 15 22 25 33 0 2 5 7 25 29 40 38 53 62 57 97 146 184 225 238 273 303 354 345 57 137 228 327 432 540 644 771 913 1043 
1116 116 0 0 2 5 8 10 22 21 22 26 0 0 2 6 11 18 33 39 46 49 48 88 133 183 204 255 287 301 332 382 48 115 204 308 412 518 640 756 873 1013 
1119 119 0 3 3 3 9 18 13 17 26 27 0 3 6 6 11 27 23 35 45 51 46 90 132 166 218 286 270 292 319 345 46 118 204 291 410 536 650 765 887 1029 
1120 120 0 1 6 5 8 12 17 24 17 30 0 1 7 7 12 21 27 46 40 64 58 109 147 177 210 252 277 307 340 363 58 139 224 318 426 532 640 754 880 1009 
1109 109 0 1 4 5 8 11 20 16 24 20 0 1 4 7 12 20 27 36 42 46 66 100 127 187 220 242 270 315 313 340 66 139 220 325 430 532 655 776 893 1009 
1111 111 0 0 2 7 6 17 13 30 15 21 0 0 2 9 9 21 20 42 44 50 50 87 159 164 208 251 278 328 368 374 50 112 217 306 395 519 624 764 892 1016 
1114 114 0 0 0 1 9 21 16 24 21 22 0 1 1 1 10 24 23 41 46 56 57 102 142 187 207 285 295 307 327 379 57 132 219 317 411 544 661 783 900 1023 
1104 104 0 0 2 7 11 11 16 14 23 20 0 0 2 8 16 18 30 31 44 48 50 93 117 164 224 246 262 316 337 355 50 125 195 287 397 507 624 750 871 989 
1136 136 0 2 4 3 11 15 18 27 34 22 0 3 6 6 14 23 29 47 67 55 38 96 165 206 230 267 278 305 350 328 38 121 225 337 444 557 676 795 939 1040 
1106 106 0 1 4 8 5 17 13 18 19 21 0 1 6 13 9 23 23 33 33 49 45 82 124 177 196 242 276 315 322 382 45 113 195 296 393 503 634 756 887 1018 
1116 116 0 2 4 7 9 13 14 22 25 20 0 2 5 11 11 19 27 35 48 57 44 98 136 209 210 229 266 303 336 341 44 121 209 328 418 519 642 774 897 1015 
1131 131 0 1 7 6 10 16 15 23 30 23 0 1 8 8 14 24 29 41 53 59 46 96 154 192 219 267 288 325 334 352 46 121 218 328 434 548 665 808 920 1039 
1131 131 0 1 6 5 9 13 19 21 27 30 1 1 6 7 14 22 32 37 53 58 44 89 131 171 201 260 288 306 335 357 44 118 209 310 414 536 651 774 903 1030 
1144 144 0 3 8 5 11 19 16 27 26 29 0 3 11 10 17 32 30 55 57 71 49 92 147 165 213 248 266 334 340 383 49 123 229 315 428 550 656 787 922 1065 
1103 103 0 0 1 6 8 13 20 16 17 22 0 0 2 7 11 19 33 41 36 47 53 84 125 187 207 230 278 300 315 351 53 113 192 298 401 500 635 758 863 999 
1121 121 0 0 3 3 17 20 11 21 20 26 0 0 3 4 20 28 24 37 49 53 38 100 142 214 244 242 278 304 326 334 38 123 215 346 453 560 673 785 905 1026 
1103 103 0 0 5 7 3 15 11 17 17 28 0 0 6 9 7 19 24 30 32 48 55 88 133 177 188 245 293 292 334 358 55 121 216 316 401 521 635 751 876 1009 
1113 113 0 0 4 8 7 13 14 23 22 22 0 0 4 10 11 19 22 37 47 52 40 78 131 184 215 263 271 286 331 351 40 102 187 302 418 534 633 742 872 1011 
1110 110 0 1 2 2 11 15 15 15 24 25 0 1 3 3 13 19 28 40 47 53 42 96 138 171 235 254 295 346 368 376 42 118 211 309 424 535 666 780 915 1022 
1108 108 0 3 1 7 9 14 13 16 24 21 0 3 1 7 10 21 21 30 48 48 48 99 141 162 196 234 284 313 340 348 48 128 213 297 398 500 630 754 888 1013 
1125 125 0 1 5 2 7 13 18 22 18 39 0 1 6 5 11 17 27 31 40 57 41 73 130 175 215 255 312 303 301 361 41 103 190 292 405 517 654 774 886 1028 
