1044 44 0 2 5 5 7 5 3 5 7 5 0 2 5 5 8 5 3 7 7 6 53 67 88 116 109 127 108 113 105 120 53 116 200 309 416 537 639 747 850 959 
1048 48 0 5 3 5 4 3 5 6 6 11 0 5 3 6 4 3 5 6 8 11 52 83 105 98 111 108 127 100 106 113 52 132 233 325 430 533 648 742 839 948 
1033 33 0 4 4 2 4 3 2 5 3 6 0 4 4 2 4 3 4 5 3 6 68 79 105 95 100 86 116 108 116 119 68 142 243 327 424 506 615 716 825 938 
1037 37 0 2 3 2 6 2 1 5 5 11 0 2 3 2 6 3 2 5 5 11 46 71 86 89 102 106 120 109 135 112 46 114 200 286 381 483 598 697 821 922 
1033 33 0 2 6 1 4 4 4 6 3 3 0 2 6 2 4 4 4 7 4 3 57 87 102 110 132 103 112 99 116 83 57 140 238 343 466 560 665 758 863 941 
1028 28 0 0 4 4 3 4 4 3 3 3 1 0 4 4 3 5 4 3 3 3 48 81 82 100 110 118 117 112 87 112 48 127 207 303 407 517 627 732 816 922 
1056 56 0 2 2 7 7 7 11 5 8 7 0 2 2 8 7 7 12 7 9 7 56 70 106 89 119 123 124 119 103 119 56 124 224 302 415 530 646 760 856 968 
1036 36 0 4 2 2 6 6 4 2 5 5 0 4 3 2 7 7 4 2 6 6 43 81 92 103 116 111 122 114 114 115 43 122 205 301 409 513 629 730 835 939 
1036 36 0 2 4 4 6 5 2 4 1 8 0 3 4 4 6 5 2 4 2 8 42 65 91 109 106 112 108 127 112 120 42 104 191 294 394 498 601 719 824 940 
1050 50 0 1 7 10 4 10 4 4 7 3 0 1 7 10 5 10 4 4 9 3 61 77 114 99 115 123 114 114 112 95 61 133 241 336 444 562 664 772 877 966 
1052 52 0 3 3 4 4 10 7 13 4 4 0 3 4 5 4 10 7 13 6 5 64 75 93 107 93 107 126 134 121 117 64 131 216 320 403 506 629 756 861 966 
1036 36 0 2 5 4 2 6 4 3 5 5 0 2 5 4 3 7 4 4 5 5 54 82 97 88 106 121 108 110 119 126 54 128 219 301 398 512 612 714 825 943 
1039 39 0 1 4 3 7 1 8 6 5 4 0 1 4 3 7 1 9 7 7 5 45 64 106 110 118 94 118 125 117 97 45 108 210 314 427 517 630 750 856 944 
1031 31 0 3 2 1 3 7 2 3 3 7 0 3 3 1 3 7 2 3 5 8 54 74 100 108 117 112 93 123 107 121 54 124 220 318 425 532 617 733 826 938 
1037 37 0 2 2 1 7 4 5 5 7 4 0 2 2 2 7 6 5 5 8 4 51 72 94 93 119 111 107 95 132 114 51 120 207 295 406 507 606 698 822 929 
1045 45 0 0 6 3 3 7 8 6 7 5 0 0 6 3 4 7 9 6 7 5 44 81 86 87 123 105 102 119 112 119 44 121 203 283 402 503 599 714 817 931 
1039 39 0 2 4 2 7 4 4 7 3 6 0 2 4 2 7 5 4 8 4 7 52 99 102 97 113 100 98 108 119 118 52 149 248 340 443 535 624 723 832 942 
1041 41 0 3 4 3 2 2 7 8 4 8 0 3 4 3 2 2 8 10 5 9 51 90 96 108 103 106 107 99 119 122 51 140 229 332 427 528 625 719 830 938 
1040 40 0 1 3 4 3 8 4 7 6 4 0 1 3 4 3 8 4 7 7 5 55 73 102 99 121 104 93 128 121 120 55 122 219 315 428 522 609 729 842 955 
1043 43 0 0 1 5 2 5 8 10 9 3 0 0 1 5 2 5 8 10 9 6 46 66 87 92 107 123 115 120 112 120 46 109 194 279 381 499 609 724 826 939 
1039 39 0 1 4 2 1 6 4 5 4 12 0 2 4 2 1 6 4 5 4 13 43 71 81 93 112 129 112 114 116 109 43 113 190 280 386 508 610 713 824 927 
1040 40 0 1 2 7 3 4 9 6 4 4 0 1 2 7 5 5 9 6 4 4 51 76 84 112 117 119 101 120 118 108 51 125 205 310 416 530 623 732 836 938 
1035 35 0 2 5 3 3 2 5 8 4 3 0 2 6 3 3 4 5 9 4 3 39 80 92 111 95 108 107 119 103 118 39 117 204 310 405 501 603 716 813 928 
1045 45 0 2 3 3 8 7 4 7 6 5 0 2 3 3 8 7 4 8 7 5 59 67 81 91 101 130 121 107 114 101 59 125 204 290 386 509 620 719 829 926 
1040 40 0 3 4 3 5 4 7 4 3 7 0 3 5 3 5 4 8 4 3 7 59 79 92 103 95 111 122 113 121 110 59 131 219 317 406 511 629 734 845 947 
1038 38 0 0 3 6 5 7 6 2 4 5 0 0 3 6 6 7 9 4 4 5 54 86 95 102 124 120 122 93 113 100 54 134 225 321 437 548 658 740 845 940 
1039 39 0 0 0 5 4 5 3 5 7 10 0 0 0 5 4 5 3 6 8 12 49 71 97 105 90 107 109 106 120 133 49 118 211 310 396 500 605 708 820 951 
1030 30 0 3 5 5 3 2 4 1 3 4 0 3 5 5 4 2 4 2 3 5 54 72 94 111 113 110 108 111 119 118 54 122 208 312 416 519 620 724 833 946 
1040 40 0 4 4 6 2 5 5 5 5 4 0 4 4 7 3 5 6 6 5 4 44 87 101 97 108 117 110 116 107 116 44 127 225 317 419 526 622 730 829 937 
1046 46 0 1 6 5 5 4 5 3 8 9 1 1 6 6 6 4 5 3 8 10 42 93 101 107 112 102 107 108 120 122 42 133 228 329 433 530 629 730 845 958 
1044 44 0 1 3 6 8 4 7 2 8 5 0 1 3 6 8 4 8 2 8 5 62 70 99 115 83 101 132 113 118 116 62 130 226 337 416 509 630 734 841 950 
1042 42 0 4 1 2 7 9 3 6 7 3 0 4 3 2 7 9 3 6 8 4 47 69 81 108 117 97 120 114 112 109 47 115 191 294 404 498 615 722 823 928 
1030 30 0 0 1 4 4 4 2 5 3 7 0 0 1 4 4 6 3 6 3 7 41 76 84 83 108 146 117 105 100 124 41 116 195 276 379 515 625 720 809 928 
1043 43 0 5 4 2 9 6 3 5 5 4 0 5 5 3 9 8 3 5 6 5 44 95 86 101 121 121 126 114 118 104 44 136 216 310 419 532 647 746 860 958 
1040 40 0 1 4 5 7 3 2 7 6 5 0 1 4 5 7 3 3 8 6 6 47 98 117 105 116 99 94 104 115 122 47 140 248 341 452 544 631 728 834 946 
1047 47 0 2 5 2 7 4 8 6 6 7 0 2 5 2 7 6 8 7 7 7 67 69 93 97 119 109 119 127 108 99 67 133 221 315 431 529 642 759 862 958 
1043 43 0 1 3 1 6 4 7 8 9 4 0 1 3 1 6 5 7 8 9 5 55 75 99 110 109 110 122 109 118 106 55 128 219 317 421 527 643 748 857 952 
1033 33 0 2 1 4 1 5 8 4 3 5 0 2 1 4 1 6 9 4 4 6 54 67 77 102 116 119 115 104 112 118 54 117 189 285 396 510 614 715 819 929 
1040 40 0 4 2 5 4 5 9 3 4 4 0 4 2 5 4 5 9 4 5 4 53 73 99 108 111 108 123 100 115 107 53 123 217 315 423 523 634 730 839 939 
1044 44 0 1 5 5 9 4 5 3 8 4 0 1 5 5 10 5 5 3 8 5 41 79 99 116 122 113 100 100 88 132 41 119 210 319 432 538 633 725 811 938 
1044 44 0 2 3 5 5 2 8 6 7 6 0 2 3 6 5 3 8 7 8 6 58 78 86 114 103 104 117 113 102 113 58 133 211 317 412 509 618 725 823 929 
1027 27 0 3 3 3 3 4 1 3 5 2 0 4 4 3 3 5 1 3 5 2 51 80 101 99 108 106 111 125 98 108 51 128 221 314 417 514 619 736 827 930 
1044 44 0 2 2 2 7 5 9 4 5 8 0 2 3 2 8 5 9 4 5 8 54 74 118 116 107 105 102 115 104 119 54 126 239 344 444 540 635 745 841 954 
1028 28 0 2 1 5 4 1 4 6 4 1 0 2 1 5 5 1 4 6 4 2 44 70 78 127 107 117 133 106 110 100 44 109 182 305 405 519 643 739 841 930 
1034 34 0 2 1 6 6 1 3 3 9 3 0 2 1 7 7 2 3 3 10 4 51 68 92 103 106 119 118 129 99 101 51 117 205 299 397 512 616 734 825 921 
1050 50 0 5 4 5 5 6 6 7 5 7 0 5 4 5 7 6 7 7 5 7 55 78 92 115 102 122 89 105 131 110 55 132 217 324 417 533 616 714 842 940 
1032 32 0 0 2 4 2 1 4 5 6 8 0 0 2 5 2 1 4 6 6 9 55 87 90 104 97 106 109 109 129 112 55 138 222 317 404 500 603 705 824 929 
1049 49 0 3 4 4 3 3 8 5 9 10 0 4 4 4 3 3 8 5 9 10 59 87 109 105 88 107 117 98 127 126 59 142 249 338 421 521 630 720 840 958 
1047 47 0 4 4 5 4 4 5 8 8 5 0 4 4 5 4 4 6 8 8 8 52 81 110 104 96 110 117 124 115 113 52 129 235 330 418 515 624 744 853 954 
1042 42 0 1 1 4 5 3 6 9 5 8 0 1 1 5 5 4 6 9 5 8 59 84 91 97 105 118 103 102 120 106 59 140 227 321 417 526 620 721 838 937 
1045 45 0 3 4 6 9 4 5 6 1 7 0 3 4 7 9 5 8 6 2 7 58 70 93 108 115 127 127 111 104 101 58 123 209 311 423 543 662 767 863 958 
1032 32 0 0 4 6 7 3 2 3 3 4 0 0 4 7 7 3 2 3 4 4 56 67 91 107 107 112 123 112 105 117 56 120 207 305 405 509 627 732 827 937 
1034 34 0 2 2 7 1 5 3 4 6 4 0 2 2 7 3 6 3 4 7 4 53 88 93 96 119 99 114 114 109 115 53 137 225 316 424 517 627 727 824 932 
1039 39 0 1 3 7 6 2 4 4 7 5 0 1 3 8 6 3 4 4 8 5 40 68 95 99 104 118 101 119 132 112 40 105 198 289 388 499 589 702 822 924 
1036 36 0 0 4 5 3 3 3 0 13 5 0 1 4 5 3 3 4 1 13 5 69 71 107 96 121 107 113 108 101 123 69 133 236 326 438 540 645 746 843 960 
1044 44 0 0 5 4 3 5 7 7 7 6 0 0 5 4 4 5 9 8 9 6 27 67 94 98 106 129 107 117 114 130 27 94 183 278 375 497 593 698 804 930 
1040 40 0 1 6 4 5 5 4 6 5 4 0 1 6 4 5 5 4 6 8 4 50 75 91 110 123 107 114 111 117 105 50 119 208 310 423 525 634 733 846 940 
1041 41 0 2 3 6 7 5 5 2 6 5 0 2 3 6 8 5 5 2 6 5 38 94 107 100 126 99 112 104 100 111 38 128 232 321 445 536 644 741 836 939 
1043 43 0 4 3 3 4 3 7 5 7 7 0 4 3 4 5 3 7 5 7 8 54 75 100 84 120 116 124 100 117 105 54 128 221 298 408 516 635 732 839 938 
1037 37 0 3 1 5 0 6 5 3 7 7 0 3 1 5 1 6 5 3 8 8 51 78 109 98 114 112 110 105 120 103 51 126 229 317 422 527 633 728 839 941 
1041 41 0 2 1 5 8 7 8 3 4 3 0 2 2 5 8 8 9 3 5 4 46 82 122 124 117 117 117 96 84 116 46 125 241 354 464 575 679 766 844 951 
1043 43 0 2 4 6 5 1 4 5 8 8 0 2 4 6 6 2 5 5 10 10 40 94 98 108 102 120 106 114 108 137 40 130 224 327 420 529 625 732 833 960 
1035 35 0 2 3 1 6 5 9 4 1 4 0 2 3 2 6 5 9 4 1 4 47 91 88 112 104 102 107 111 115 115 47 134 217 322 419 513 617 721 831 939 
1056 56 0 2 6 7 7 8 8 6 8 4 0 2 6 7 7 8 8 6 11 6 54 78 87 111 106 108 132 108 125 113 54 128 210 318 415 517 642 744 857 962 
1037 37 0 2 3 4 4 8 3 3 4 6 0 3 3 5 5 8 4 3 4 6 49 96 95 116 114 102 122 114 114 92 49 140 229 338 443 536 649 751 860 944 
1034 34 0 0 5 4 0 3 4 7 5 6 0 0 5 4 0 3 5 8 5 7 49 78 101 101 101 95 108 126 128 118 49 125 221 315 407 499 602 718 840 946 
1035 35 0 2 4 1 7 3 6 3 4 5 0 2 4 1 7 4 7 3 5 5 46 67 87 125 119 121 101 87 120 97 46 111 195 313 424 540 638 721 833 926 
1034 34 0 3 3 1 4 6 7 4 2 4 0 3 3 1 4 6 8 4 3 4 50 66 75 111 109 104 125 120 119 106 50 115 189 295 394 488 606 721 829 927 
1042 42 0 1 3 7 6 1 5 4 7 8 0 1 4 9 6 1 5 4 7 8 52 81 105 101 105 120 120 115 102 104 52 129 226 318 417 532 639 746 841 939 
1025 25 0 2 3 3 3 2 3 4 2 3 0 2 3 3 4 2 3 5 2 3 55 85 101 103 110 96 108 110 96 120 55 139 232 327 431 523 626 730 820 932 
1044 44 0 2 1 5 2 4 7 5 11 7 0 2 1 5 2 4 8 5 12 7 49 75 83 102 110 126 116 102 115 115 49 123 204 303 408 525 637 733 840 947 
1042 42 0 2 2 8 2 4 6 7 6 5 0 2 2 8 3 4 6 7 6 5 49 71 98 103 107 117 101 106 118 121 49 116 206 302 402 514 608 709 826 938 
1030 30 0 0 2 1 3 6 3 4 4 7 0 0 2 1 4 6 3 4 4 7 51 77 74 98 104 117 108 119 107 128 51 125 195 289 382 492 594 708 808 932 
1044 44 0 2 3 6 8 5 3 5 6 6 0 2 3 6 8 5 4 6 7 6 44 74 97 122 116 113 97 121 116 101 44 116 208 319 427 534 625 734 843 939 
1044 44 0 2 4 5 3 8 8 5 2 7 0 2 4 5 4 8 8 5 5 7 58 81 109 105 108 103 100 92 105 124 58 136 239 339 439 538 633 716 812 933 
1044 44 0 1 7 8 4 2 3 8 4 7 0 1 7 9 4 3 3 8 4 9 46 86 98 107 117 94 107 124 126 120 46 128 217 313 423 512 606 722 840 949 
1043 43 0 3 5 9 1 6 7 4 5 3 0 3 5 9 1 6 8 5 6 3 67 78 92 98 95 130 106 111 118 110 67 144 232 323 414 532 630 732 840 945 
1037 37 0 0 3 2 3 3 5 5 7 9 1 0 3 2 3 4 5 5 7 9 55 86 94 100 114 113 119 106 106 117 55 134 223 317 427 532 638 739 835 947 
1034 34 0 2 2 5 4 5 4 7 0 5 0 2 2 6 4 6 5 7 0 6 49 64 120 118 113 138 114 108 87 105 49 110 227 332 437 564 663 767 848 944 
1047 47 0 5 7 6 3 1 3 4 7 11 0 5 8 6 3 1 3 6 9 11 50 77 91 103 102 100 114 116 122 119 50 124 208 307 406 501 608 714 829 943 
1043 43 0 2 0 5 6 6 4 8 5 7 0 2 0 5 7 6 4 8 5 7 54 78 83 109 114 108 102 108 120 108 54 128 210 312 420 520 612 715 830 929 
1034 34 0 2 1 7 8 1 6 1 5 3 0 2 1 7 8 1 6 2 5 4 47 76 89 107 111 99 110 119 113 111 47 120 207 310 416 506 608 722 827 933 
1036 36 0 1 2 5 4 1 3 4 11 5 0 1 2 5 4 1 3 5 12 5 41 89 92 97 101 94 126 123 113 98 41 127 213 305 397 489 612 729 834 928 
1041 41 0 4 4 2 7 5 5 3 6 5 0 4 4 3 7 6 6 4 6 5 47 109 89 101 106 117 119 94 108 117 47 152 233 321 420 527 638 729 835 946 
1053 53 0 2 5 5 9 9 5 4 5 9 0 2 5 5 11 9 5 5 5 10 43 80 98 109 124 120 108 112 113 109 43 120 214 317 433 544 645 752 855 959 
1038 38 0 0 4 1 2 6 8 6 6 5 0 0 4 2 2 6 9 8 8 5 50 75 97 103 102 92 101 117 113 128 50 120 214 306 401 488 588 698 802 923 
1040 40 0 2 5 4 5 5 3 4 3 9 0 2 7 5 5 5 4 5 3 10 54 75 88 108 108 108 120 119 121 121 54 126 206 309 409 507 611 723 839 951 
1032 32 0 1 2 5 10 3 4 1 2 4 0 1 2 6 10 3 5 2 2 4 56 93 87 111 109 97 95 113 102 116 56 145 223 328 434 523 606 716 813 922 
1033 33 0 1 5 1 4 3 5 4 5 5 0 1 5 1 4 4 6 4 5 6 41 84 85 98 101 117 112 121 121 118 41 121 202 297 393 502 608 722 837 946 
1040 40 0 0 3 6 1 5 3 6 8 8 0 1 3 6 1 5 3 6 8 8 46 65 98 99 125 118 106 109 117 116 46 110 207 300 412 518 619 721 834 943 
1039 39 0 0 5 6 2 4 6 3 8 5 0 0 5 6 2 4 6 3 10 6 40 74 92 107 104 111 104 109 129 123 40 113 201 304 404 505 603 707 830 942 
1044 44 0 5 0 7 2 4 5 10 6 5 0 5 1 7 2 4 5 10 8 5 48 78 95 95 114 117 79 113 112 136 48 123 209 301 407 514 592 701 806 936 
1041 41 0 1 2 1 10 4 6 7 4 6 0 1 3 1 10 4 6 7 4 6 46 89 84 124 111 110 118 109 113 102 46 132 209 328 428 528 640 743 850 941 
1047 47 0 3 6 6 4 6 6 5 7 4 0 3 6 7 4 6 6 8 7 6 57 80 100 93 87 121 123 123 121 116 57 134 230 318 400 515 623 734 851 957 
1047 47 0 1 4 7 4 8 4 9 5 5 0 1 4 7 5 8 4 9 5 6 51 75 80 88 116 124 108 113 125 122 51 122 198 284 393 508 608 715 834 943 
1029 29 0 1 3 4 5 2 3 7 2 2 0 1 3 4 5 2 3 7 3 2 45 83 97 106 110 100 112 119 106 115 45 124 215 314 418 511 615 723 822 931 
1034 34 0 1 6 2 4 3 4 5 4 5 0 1 6 5 4 3 4 5 4 5 50 78 86 102 106 109 98 113 121 126 50 126 208 300 401 502 598 703 811 930 
1034 34 0 1 1 3 1 2 4 6 4 12 0 1 2 3 1 2 4 6 4 13 52 68 90 105 86 129 102 124 105 124 52 116 202 307 387 509 606 724 825 941 
1047 47 0 4 10 6 8 3 8 1 4 3 0 4 10 7 8 4 8 2 4 3 49 92 115 109 119 115 103 111 96 105 49 138 251 355 467 572 670 775 865 960 
1052 52 0 5 2 6 14 2 5 6 7 5 1 5 2 6 14 2 6 6 8 6 49 79 87 104 114 112 126 126 117 97 49 123 207 306 415 523 636 752 865 949 
1047 47 0 3 3 3 9 7 5 7 1 9 0 3 3 3 9 7 6 7 3 10 53 73 118 112 109 93 119 112 116 114 53 122 235 336 439 524 636 741 841 950 
