1146 146 0 15 9 18 17 16 16 14 18 23 0 16 11 19 19 17 16 14 19 24 95 108 110 126 117 119 135 119 134 130 95 200 303 424 535 644 769 883 1010 1132 
1134 134 0 9 17 19 19 14 16 16 9 15 0 9 18 20 20 16 17 17 9 15 94 108 129 125 123 108 123 113 128 125 94 194 315 432 550 653 772 880 1004 1123 
1141 141 0 9 13 14 16 17 19 16 20 17 0 9 13 15 16 18 20 16 20 18 83 115 118 112 120 123 122 121 128 145 83 197 311 417 533 648 762 876 997 1135 
1135 135 0 15 18 14 9 12 17 20 11 19 0 16 19 14 9 13 17 21 13 20 95 134 128 118 109 116 124 138 101 118 95 222 346 459 563 671 785 918 1015 1126 
1144 144 0 23 14 13 16 8 19 18 18 15 0 23 14 14 16 8 19 20 18 16 108 112 118 111 120 103 118 137 132 131 108 216 330 434 553 651 762 894 1020 1140 
1123 123 0 8 12 13 20 11 10 18 21 10 0 8 12 13 22 11 11 20 22 11 74 91 118 139 126 116 128 132 126 119 74 159 273 404 519 630 746 875 996 1108 
1154 154 0 14 16 30 18 14 9 18 26 9 0 14 16 30 20 16 10 19 27 12 97 115 131 132 125 100 129 132 112 118 97 208 333 460 573 671 796 921 1029 1139 
1117 117 0 12 16 7 12 9 16 14 11 20 0 12 17 9 13 10 17 14 13 20 102 113 121 104 124 131 103 123 113 125 102 214 329 428 542 667 768 880 981 1101 
1169 169 0 8 17 19 20 22 24 24 17 18 1 8 17 21 22 24 25 25 18 18 82 116 129 131 140 120 129 132 121 116 82 193 317 441 573 688 810 934 1051 1162 
1149 149 0 8 16 20 20 17 14 19 22 13 0 8 18 20 21 17 14 19 22 15 88 114 109 136 135 119 125 125 107 127 88 191 297 429 561 673 794 916 1017 1136 
1148 148 0 10 13 17 20 19 25 21 14 9 0 10 14 18 21 19 25 21 15 10 76 112 125 128 106 140 144 126 120 117 76 183 303 419 519 654 793 913 1028 1141 
1135 135 0 7 13 19 14 18 18 14 13 19 0 7 15 19 16 18 20 16 16 19 88 132 120 131 116 126 106 119 110 120 88 215 325 450 558 680 783 895 1002 1117 
1142 142 0 18 14 16 18 16 17 11 16 16 0 19 15 17 19 17 18 12 16 17 105 121 126 112 141 132 117 118 112 111 105 221 345 448 582 705 808 918 1024 1126 
1125 125 0 10 15 14 10 18 14 16 15 13 0 10 17 15 11 18 15 18 16 13 94 124 122 111 129 113 112 109 111 129 94 212 328 428 552 663 770 876 983 1111 
1149 149 0 9 14 29 16 18 14 15 17 17 0 9 14 29 16 19 14 16 18 18 92 105 125 127 124 130 123 126 115 118 92 191 314 438 555 679 795 916 1027 1136 
1131 131 0 13 12 16 11 21 16 12 15 15 1 14 12 17 12 21 18 13 15 15 80 121 106 123 129 123 124 114 111 133 80 198 299 417 535 655 770 877 985 1114 
1123 123 0 9 16 16 19 10 12 7 21 13 0 9 17 18 20 10 13 9 21 14 89 113 117 121 115 131 134 117 120 131 89 198 307 422 528 652 774 876 991 1115 
1147 147 0 18 13 11 23 16 16 15 18 17 0 18 15 12 23 16 17 18 18 18 92 132 115 130 128 116 130 99 126 126 92 219 325 449 570 681 804 897 1020 1136 
1129 129 0 9 17 7 8 18 18 21 19 12 0 9 18 9 9 20 18 22 24 14 102 119 120 106 119 131 114 114 124 130 102 219 334 433 543 666 776 885 999 1121 
1136 136 0 8 13 18 17 17 10 15 17 21 0 9 14 18 17 17 11 15 18 21 103 113 116 128 125 113 96 136 128 113 103 210 320 442 561 670 762 892 1013 1122 
1145 145 0 15 15 18 10 16 15 20 20 16 0 15 15 20 11 19 15 21 22 20 83 122 120 110 133 120 115 123 137 125 83 201 317 420 544 657 768 887 1019 1137 
1131 131 0 12 12 17 19 9 13 18 13 18 0 12 12 17 21 10 14 20 16 19 94 107 113 133 129 114 108 114 133 122 94 199 307 436 561 670 774 881 1005 1120 
1152 152 0 11 14 10 18 26 20 23 14 16 0 12 16 11 19 28 20 26 14 20 87 118 106 110 127 136 132 121 126 128 87 203 302 407 527 660 791 904 1027 1146 
1130 130 0 15 14 19 10 15 16 13 10 18 0 15 16 19 10 18 17 16 11 19 92 122 101 106 116 129 131 113 133 112 92 209 305 411 524 647 771 876 1005 1112 
1147 147 0 8 20 14 19 14 23 18 20 11 0 9 20 16 19 15 25 18 23 13 87 117 140 120 130 109 124 141 119 109 87 198 335 447 574 677 791 928 1032 1133 
1122 122 0 14 15 19 14 8 14 14 14 10 1 14 15 20 15 8 14 14 14 11 89 102 126 107 129 125 110 137 120 110 89 189 310 412 535 654 758 891 1008 1109 
1130 130 0 9 15 15 13 12 12 19 13 22 1 9 16 17 13 13 12 19 13 25 82 119 97 138 110 111 112 114 126 145 82 198 292 426 534 640 750 859 980 1115 
1156 156 0 15 9 14 17 20 22 23 20 16 0 15 11 15 20 20 22 24 23 16 107 118 108 106 119 133 136 118 133 119 107 222 326 427 541 667 797 906 1031 1142 
1145 145 0 10 13 24 19 14 13 14 20 18 0 10 13 24 19 14 15 15 21 18 86 113 112 129 115 113 116 116 131 143 86 197 303 426 538 648 758 870 996 1132 
1131 131 0 4 16 16 16 16 16 15 17 15 0 4 16 16 16 17 19 17 17 17 105 104 120 127 127 120 118 124 109 119 105 205 320 441 564 677 785 900 1003 1118 
1146 146 0 12 13 21 11 11 11 28 17 22 0 12 14 21 12 12 12 28 18 24 97 122 123 120 116 108 114 135 144 113 97 216 331 444 553 653 760 893 1029 1136 
1129 129 0 11 18 11 15 10 17 15 20 12 0 11 19 13 16 11 17 17 23 14 67 122 119 108 123 117 156 122 116 121 67 186 296 397 516 631 782 898 1009 1117 
1125 125 0 6 13 14 15 13 19 21 16 8 0 6 14 14 16 14 20 22 16 9 97 124 132 114 106 125 136 119 105 105 97 213 338 446 544 668 799 911 1014 1111 
1125 125 0 11 17 9 14 5 19 15 22 13 0 11 18 10 14 6 20 16 23 14 94 117 111 127 108 115 131 124 140 103 94 208 312 431 532 640 765 881 1014 1112 
1135 135 0 7 19 15 18 14 15 17 16 14 0 7 20 15 20 15 15 17 17 14 93 108 128 142 120 118 118 111 120 112 93 197 318 455 566 678 791 898 1016 1123 
1165 165 0 10 17 17 19 23 18 19 19 23 0 10 17 19 19 26 21 19 20 24 78 99 124 145 143 126 112 120 132 132 78 176 295 432 567 683 790 905 1030 1156 
1140 140 0 8 16 22 10 17 23 17 17 10 0 8 17 23 11 17 23 20 17 10 88 97 138 126 112 128 134 122 132 100 88 183 316 434 539 664 791 907 1032 1130 
1134 134 0 11 15 20 13 16 13 14 17 15 0 11 17 21 14 16 14 14 18 17 91 98 126 122 136 114 121 111 123 131 91 187 308 425 551 659 777 883 998 1121 
1149 149 0 10 19 17 18 20 21 10 17 17 0 10 20 20 19 20 22 11 17 17 100 113 128 121 114 113 125 116 138 113 100 205 327 440 548 658 776 885 1020 1130 
1153 153 0 18 22 13 17 22 18 16 6 21 0 19 25 13 18 22 21 16 7 21 73 132 150 117 126 116 135 110 115 115 73 199 338 452 575 687 816 924 1033 1141 
1133 133 0 9 14 20 11 14 14 23 15 13 0 9 14 21 12 15 15 23 16 14 89 95 123 131 122 126 134 142 102 106 89 182 300 424 539 661 792 930 1024 1124 
1139 139 0 10 22 12 19 14 11 18 14 19 0 10 22 15 20 14 11 18 14 19 102 114 129 128 124 96 111 124 120 126 102 211 336 451 570 659 768 887 1003 1126 
1141 141 0 9 15 18 24 14 19 12 15 15 0 9 15 18 24 14 20 14 15 17 68 95 127 135 136 126 124 126 117 132 68 160 285 414 542 661 777 896 1003 1127 
1157 157 0 9 13 16 19 22 20 28 13 17 0 9 14 16 19 22 21 30 15 18 87 89 128 107 132 128 138 132 134 116 87 172 293 395 523 648 779 905 1033 1145 
1154 154 0 15 16 18 17 14 14 27 15 18 0 15 18 18 18 16 15 27 17 19 114 108 121 109 115 133 127 130 123 123 114 220 339 438 547 674 795 917 1035 1150 
1160 160 0 11 13 15 19 23 21 25 15 18 0 11 13 15 20 23 21 26 17 19 81 118 114 114 141 121 135 138 116 128 81 196 301 410 546 660 787 920 1028 1149 
1140 140 0 11 11 21 14 10 18 19 19 17 0 11 11 22 16 11 19 20 21 19 97 98 109 134 112 120 141 119 128 109 97 191 297 426 535 648 787 900 1025 1128 
1131 131 0 7 13 13 17 17 17 15 16 16 0 7 13 13 18 17 17 15 17 16 102 127 117 120 108 143 118 115 112 111 102 219 330 446 547 687 797 907 1013 1117 
1135 135 0 9 11 16 18 17 12 17 17 18 0 9 11 16 19 19 13 18 18 19 80 102 118 121 124 137 114 142 120 118 80 179 296 413 525 658 761 893 1008 1125 
1146 146 0 5 16 25 18 14 12 25 14 17 0 5 16 26 21 14 14 25 16 17 91 109 126 121 119 122 133 129 122 112 91 194 316 431 545 666 788 914 1032 1138 
1153 153 0 14 17 14 27 16 25 13 15 12 0 14 18 15 29 17 28 13 17 13 111 110 128 144 120 134 122 122 107 104 111 218 340 479 586 711 824 941 1041 1140 
1148 148 0 8 12 17 16 19 16 23 23 14 0 8 12 17 17 22 17 24 24 15 86 121 113 115 118 126 118 134 124 132 86 199 304 416 530 653 767 895 1014 1139 
1149 149 0 7 22 13 15 20 19 15 17 21 0 7 22 15 18 20 20 18 17 23 84 107 122 132 126 114 135 110 131 128 84 190 305 427 544 657 787 888 1016 1138 
1146 146 0 15 15 14 14 18 12 19 25 14 0 15 16 16 15 19 13 21 27 15 79 112 111 126 130 129 119 132 122 122 79 190 295 417 539 659 773 899 1018 1132 
1145 145 0 10 15 20 14 20 17 17 15 17 0 10 16 22 16 21 17 17 15 19 78 115 143 128 120 133 117 106 137 117 78 187 323 445 557 682 793 894 1023 1134 
1151 151 0 10 17 15 16 23 12 21 21 16 0 10 18 15 16 23 12 22 23 16 89 108 125 114 134 117 122 138 119 118 89 192 309 421 551 664 778 913 1025 1139 
1111 111 0 12 12 12 10 12 16 13 11 13 1 12 14 12 10 13 17 13 12 14 91 101 125 121 122 116 123 120 115 123 91 187 308 426 537 649 764 878 985 1102 
1157 157 0 9 15 27 13 21 20 19 18 15 1 9 15 28 14 21 20 19 18 16 80 107 116 134 144 131 121 114 129 109 80 185 299 429 567 692 806 915 1041 1146 
1144 144 0 17 11 14 19 18 15 17 16 17 0 17 11 16 20 19 15 17 17 17 97 124 118 130 117 105 113 118 121 127 97 219 332 456 570 667 777 894 1010 1133 
1132 132 0 7 9 13 19 17 13 19 18 17 0 7 10 13 19 18 13 19 21 17 95 108 108 105 127 125 120 127 129 116 95 199 306 408 530 650 765 888 1009 1117 
1131 131 0 10 10 15 13 16 18 17 15 17 0 10 10 16 14 18 18 18 15 17 123 100 116 124 103 118 123 131 107 124 123 219 328 445 547 657 775 899 1000 1121 
1150 150 0 10 15 19 13 17 24 15 18 19 0 10 16 20 14 18 25 19 18 19 86 114 121 102 134 132 136 136 117 132 86 195 307 402 525 649 777 905 1013 1142 
1133 133 0 12 17 15 18 13 16 14 18 10 0 12 18 15 18 13 17 14 21 11 100 115 124 138 129 104 119 114 123 96 100 211 331 461 587 688 801 912 1026 1120 
1145 145 0 7 12 16 17 13 18 23 17 22 0 7 12 17 17 16 19 24 18 22 80 112 122 116 103 127 132 124 140 120 80 190 309 418 516 637 764 883 1018 1135 
1139 139 0 11 22 16 13 15 15 9 18 20 0 11 23 16 16 17 15 11 19 22 100 122 128 106 116 136 115 112 109 136 100 216 338 441 549 681 792 899 1003 1131 
1148 148 0 8 18 15 15 17 23 16 22 14 0 8 18 16 15 17 24 20 23 16 84 115 109 105 117 133 147 132 115 134 84 193 295 394 509 640 783 902 1011 1137 
1141 141 0 14 16 18 15 16 19 13 13 17 0 14 16 20 16 17 21 13 14 17 85 105 113 144 124 111 114 114 134 139 85 183 291 423 538 645 754 864 993 1126 
1148 148 0 12 9 22 16 22 18 18 19 12 0 12 9 22 16 24 18 19 19 15 73 108 118 143 137 136 121 109 125 120 73 175 289 428 560 692 805 905 1023 1137 
1166 166 0 9 19 22 20 18 22 21 21 14 0 9 21 24 22 20 22 24 21 16 88 119 134 139 133 113 126 130 118 111 88 204 333 457 582 687 808 932 1045 1150 
1136 136 0 16 19 16 14 16 14 18 12 11 1 16 19 17 15 17 16 18 12 12 97 123 116 116 114 127 122 113 120 119 97 217 330 439 548 669 784 895 1009 1122 
1149 149 0 11 16 12 16 17 16 11 34 16 1 11 18 13 16 17 17 11 34 21 89 126 119 106 109 120 118 141 131 129 89 210 324 424 532 645 759 895 1017 1138 
1143 143 0 13 9 19 20 13 17 12 23 17 0 13 9 20 20 14 17 13 23 19 88 114 108 125 132 124 118 138 134 103 88 197 301 418 545 663 774 907 1034 1131 
1142 142 0 7 16 20 21 17 24 10 11 16 0 7 17 20 22 19 24 11 12 17 106 132 114 135 114 126 110 116 112 129 106 227 334 464 571 690 791 900 1008 1129 
1144 144 0 8 11 15 19 18 18 16 17 22 0 9 11 15 22 19 19 16 18 22 95 102 105 105 128 148 128 117 113 129 95 194 297 401 523 661 783 900 1011 1138 
1142 142 0 9 16 14 20 11 14 20 22 16 0 9 17 16 20 11 15 23 24 18 70 119 139 126 121 121 129 130 118 112 70 186 317 436 554 670 792 915 1026 1130 
1123 123 0 10 8 14 15 17 16 12 12 19 0 10 9 14 15 17 18 14 12 20 103 101 111 119 105 139 114 106 130 128 103 197 306 416 517 649 757 858 987 1111 
1140 140 0 9 19 14 13 16 17 16 18 18 0 9 19 15 13 16 19 19 18 18 88 110 121 110 135 112 120 130 118 120 88 193 309 416 549 655 772 894 1010 1128 
1123 123 0 13 9 15 13 17 14 13 15 14 0 13 11 16 14 17 15 14 16 14 85 97 120 139 121 105 122 132 132 116 85 177 293 424 537 638 755 880 1005 1117 
1163 163 0 14 12 19 22 23 21 15 17 20 0 14 15 20 24 23 22 16 20 21 94 120 128 100 133 149 99 114 139 131 94 206 329 426 557 702 797 906 1030 1154 
1144 144 0 13 20 17 16 21 12 13 16 16 0 13 21 17 18 24 13 14 16 16 88 119 124 123 126 122 110 121 127 120 88 205 325 444 562 678 781 896 1018 1133 
1126 126 0 10 14 13 11 12 11 15 14 26 1 10 14 15 12 12 11 15 16 26 94 117 112 111 139 113 98 92 139 146 94 207 314 420 549 656 751 841 975 1118 
1135 135 0 18 15 10 9 23 19 14 12 15 0 18 15 12 9 24 19 15 14 17 96 98 110 118 139 136 118 127 110 120 96 189 294 407 536 669 779 903 1007 1120 
1121 121 0 11 14 12 20 11 8 12 16 17 1 11 17 12 21 11 9 13 18 18 97 108 122 113 131 116 125 107 128 121 97 201 316 423 548 659 778 881 1003 1115 
1140 140 0 15 14 22 17 15 14 14 12 17 0 15 14 23 21 17 17 15 15 17 85 115 128 140 138 129 115 109 109 126 85 195 317 451 577 697 799 905 1006 1128 
1138 138 0 16 16 15 13 19 15 17 14 13 0 16 17 16 14 20 16 18 16 14 83 110 136 109 133 128 140 124 124 105 83 187 315 412 537 660 796 911 1028 1129 
1115 115 0 12 13 13 15 12 14 12 13 11 1 12 14 14 16 13 16 12 13 12 91 109 137 128 101 113 125 118 118 115 91 197 328 445 543 651 769 882 995 1102 
1146 146 0 15 13 9 16 18 24 21 14 16 0 15 14 9 17 19 24 23 14 17 88 115 117 120 128 134 133 121 110 130 88 197 307 424 541 666 794 911 1018 1142 
1143 143 0 19 17 19 10 15 19 19 15 10 0 19 18 20 10 15 22 19 16 12 102 117 132 147 114 112 139 123 100 94 102 215 340 479 587 695 829 946 1044 1134 
1160 160 0 11 13 21 22 15 18 19 24 17 0 11 14 21 25 19 20 23 25 18 86 118 123 129 135 115 126 143 128 119 86 200 316 437 561 666 785 919 1038 1150 
1126 126 0 9 17 16 17 19 16 14 6 12 0 9 17 16 17 19 18 15 7 12 84 120 116 136 128 120 106 115 110 129 84 200 312 438 557 676 774 884 985 1110 
1130 130 0 12 17 23 16 14 7 15 14 12 0 13 17 23 16 14 7 16 14 13 107 130 118 123 126 111 95 120 111 116 107 230 342 459 581 690 779 893 1003 1115 
1150 150 0 10 12 13 15 23 26 18 17 16 0 10 12 15 17 23 29 19 18 18 96 104 98 125 141 132 126 131 125 118 96 194 289 410 543 668 787 911 1028 1138 
1131 131 0 8 18 19 14 20 21 12 9 10 0 8 19 21 16 20 21 13 9 10 79 120 122 135 135 113 140 115 108 113 79 197 310 438 566 673 804 912 1014 1121 
1136 136 0 6 13 15 18 21 17 15 15 16 0 6 15 16 18 21 17 16 17 17 84 108 120 137 141 114 117 123 116 117 84 186 301 431 567 675 788 903 1012 1126 
1133 133 0 17 15 14 14 15 10 14 14 20 0 17 18 17 14 16 11 15 15 21 104 116 113 119 125 121 111 121 119 123 104 215 320 433 554 665 772 887 1001 1121 
1132 132 0 11 14 19 17 20 10 9 16 16 0 11 15 19 17 21 11 11 16 16 107 117 118 125 126 117 108 121 123 112 107 216 328 447 569 680 784 896 1011 1121 
1136 136 0 6 13 19 19 18 17 20 12 12 0 7 14 19 21 19 18 21 13 14 89 109 119 121 119 128 121 127 134 118 89 190 300 419 528 650 766 883 1012 1123 
1131 131 0 16 14 16 20 16 11 8 14 16 0 16 15 16 20 18 12 8 14 17 96 129 107 125 133 121 88 130 114 131 96 220 318 437 565 677 763 890 994 1120 
1120 120 0 15 14 10 15 12 22 14 9 9 0 15 16 12 17 13 22 17 9 10 82 115 119 125 126 130 123 122 108 100 82 197 306 425 548 669 788 904 1009 1103 
1151 151 0 12 21 15 13 19 16 16 16 23 1 12 22 17 14 19 18 16 17 23 88 122 129 111 121 137 118 123 125 125 88 207 329 435 548 679 789 907 1022 1142 
1133 133 0 11 10 14 13 12 15 15 23 20 0 11 11 15 14 12 16 16 23 21 84 102 103 120 118 133 129 143 124 118 84 180 273 391 502 628 751 885 1004 1120 
