1022 22 0 0 1 3 2 3 4 4 4 1 0 0 1 3 2 3 4 4 5 1 19 38 40 61 91 85 97 78 89 81 19 57 97 157 244 329 425 502 590 670 
1020 20 0 0 3 2 2 0 3 4 4 2 0 0 3 2 2 0 3 4 4 3 19 36 61 61 68 72 102 90 82 103 19 55 115 176 244 316 418 507 589 690 
1016 16 0 1 1 1 0 3 1 3 2 4 0 1 1 1 0 3 2 3 2 4 24 41 43 60 71 74 84 75 89 96 24 65 106 165 235 308 392 467 555 649 
1020 20 0 1 1 1 2 2 4 2 5 2 0 1 1 1 2 3 4 2 5 3 27 43 44 70 68 76 80 77 74 95 27 70 114 184 249 324 402 479 553 648 
1025 25 0 1 1 3 2 5 4 2 4 3 0 2 1 3 2 5 4 2 4 3 18 44 51 64 67 88 72 93 93 88 18 62 112 174 241 328 399 492 583 670 
1018 18 0 0 0 1 1 3 3 3 3 4 0 0 0 1 2 4 3 3 3 4 24 35 40 76 84 80 82 82 77 98 24 59 98 173 257 336 418 500 576 673 
1025 25 0 0 0 3 1 5 4 4 4 4 0 0 0 3 2 5 4 5 4 4 23 32 56 58 74 84 95 92 83 82 23 55 111 169 241 325 420 512 595 677 
1021 21 0 1 2 3 4 3 2 0 3 3 0 1 2 3 4 3 3 0 3 3 23 43 46 68 71 79 82 78 82 102 23 66 111 178 249 328 410 485 567 669 
1024 24 0 0 1 2 2 5 2 1 3 8 0 0 1 2 2 5 2 1 4 8 19 25 61 58 63 87 92 106 91 88 19 44 104 162 224 311 403 508 598 685 
1020 20 0 1 1 2 1 0 6 3 3 3 0 1 1 3 1 0 6 3 3 3 30 34 44 61 63 81 81 96 85 103 30 63 107 168 231 312 391 487 571 674 
1021 21 0 0 0 1 5 1 4 1 8 1 1 0 0 1 5 1 4 1 8 2 18 25 44 55 79 77 85 99 94 80 18 43 87 142 221 297 380 477 570 648 
1023 23 0 0 1 1 6 6 3 0 2 4 0 0 2 1 6 6 3 0 2 4 16 35 58 66 81 77 79 90 79 88 16 51 107 173 254 328 407 497 575 661 
1023 23 0 1 2 1 2 5 3 2 4 3 0 1 2 1 3 5 3 2 4 3 17 37 62 56 64 101 83 85 86 82 17 54 115 171 233 334 416 499 585 667 
1010 10 0 0 1 1 2 1 1 2 1 1 0 1 1 1 2 1 1 2 1 1 23 38 50 56 65 71 92 95 85 80 23 61 111 166 231 302 392 485 570 649 
1022 22 0 0 1 1 5 2 2 5 3 3 0 0 2 1 5 2 2 5 3 3 23 36 45 60 55 76 77 87 95 95 23 59 103 163 218 294 371 455 549 643 
1018 18 0 0 1 4 4 0 1 2 3 3 0 1 1 4 4 0 1 2 3 3 19 20 76 68 83 57 84 87 93 107 19 37 113 179 262 318 402 488 580 687 
1025 25 0 1 0 1 6 3 3 4 5 2 0 1 0 1 6 4 3 4 5 2 17 33 44 62 83 81 92 96 74 102 17 50 94 153 236 317 409 505 577 676 
1023 23 0 1 1 2 4 3 3 3 2 4 0 1 1 2 4 4 4 3 2 4 21 53 45 68 69 78 80 81 83 93 21 74 118 185 253 330 409 490 573 665 
1015 15 0 0 0 5 1 2 2 1 2 2 0 0 0 6 1 2 2 1 2 2 12 39 52 55 75 70 83 88 70 96 12 51 103 158 233 303 386 474 544 638 
1019 19 0 0 0 3 2 3 3 2 3 3 0 0 0 3 2 3 3 2 3 4 20 41 51 66 63 73 100 82 87 101 20 61 112 178 241 313 412 492 578 677 
1022 22 0 0 1 3 4 3 1 4 4 2 0 1 1 3 4 3 1 4 4 2 27 25 46 75 80 66 66 98 85 81 27 52 98 173 253 319 384 482 567 648 
1021 21 0 0 2 1 2 3 2 3 4 4 0 0 3 1 2 3 2 3 4 4 17 42 53 66 67 70 84 100 95 93 17 59 112 177 244 311 394 492 585 677 
1022 22 0 2 2 1 0 3 2 4 5 3 0 2 2 2 0 3 2 4 5 3 19 42 61 53 66 78 67 98 91 108 19 61 122 175 240 316 380 476 567 675 
1021 21 0 1 1 2 0 2 6 1 6 2 0 1 1 2 0 3 6 1 6 2 19 34 53 67 63 85 77 84 112 86 19 53 105 171 231 316 392 476 586 670 
1014 14 0 0 1 3 0 2 3 3 1 1 0 0 1 3 1 2 3 3 1 1 10 34 52 63 76 82 77 91 109 91 10 44 96 159 235 317 393 484 591 680 
1026 26 0 3 0 3 3 2 2 5 4 4 0 3 0 3 4 2 2 5 4 4 24 38 42 57 72 67 74 97 108 104 24 62 104 160 231 297 371 468 574 676 
1022 22 0 0 4 3 5 1 2 4 2 1 0 0 4 3 5 1 2 4 2 2 25 30 61 59 67 69 82 75 79 104 25 55 116 175 242 310 391 466 544 648 
1016 16 0 1 1 3 1 1 2 5 0 2 0 1 1 3 1 2 2 5 0 2 16 29 53 58 61 78 96 85 87 93 16 44 96 154 215 291 386 469 556 649 
1017 17 0 0 1 3 4 3 1 1 2 2 0 0 1 3 4 3 1 1 2 3 17 27 55 58 81 83 71 71 85 95 17 44 99 157 237 319 389 459 543 638 
1020 20 0 1 0 1 0 1 5 8 2 2 0 1 0 1 0 1 5 8 3 2 21 38 52 63 53 98 70 84 84 113 21 59 111 172 224 322 391 474 556 669 
1017 17 0 0 1 0 3 2 4 2 2 3 0 0 1 0 3 3 4 2 2 3 18 26 49 42 79 82 96 90 98 80 18 44 93 135 214 296 392 481 578 657 
1016 16 0 1 2 0 1 0 1 4 5 2 0 1 2 0 1 0 1 4 5 3 15 32 44 67 68 68 89 77 99 96 15 46 90 157 225 293 382 458 557 652 
1035 35 0 3 0 3 1 3 8 3 6 8 0 3 0 3 3 3 8 3 6 8 21 47 55 65 77 77 86 96 83 103 21 68 122 187 262 338 424 520 603 705 
1017 17 0 2 0 1 2 1 3 2 3 3 0 2 0 1 3 1 3 2 3 3 26 40 55 44 57 82 83 79 96 91 26 65 120 162 219 300 383 461 557 648 
1025 25 0 0 3 4 2 1 3 3 4 5 0 0 3 4 3 1 3 3 4 5 19 30 61 63 57 79 81 92 83 106 19 49 109 172 229 308 387 479 562 668 
1022 22 0 0 0 2 2 1 3 3 5 6 0 0 0 2 3 1 3 3 5 6 20 40 50 51 58 72 84 86 105 94 20 60 109 160 217 289 373 457 560 654 
1015 15 0 0 1 1 2 3 1 1 5 1 0 0 1 1 3 3 1 1 5 1 25 40 48 56 73 58 71 96 84 99 25 65 112 168 241 299 370 465 546 644 
1014 14 0 0 1 2 0 2 5 2 1 1 0 1 1 2 0 2 5 2 1 1 18 27 49 63 80 60 85 82 81 101 18 45 93 156 236 294 378 458 538 638 
1022 22 0 0 2 3 3 2 3 3 5 1 0 0 2 3 3 2 4 3 5 2 25 33 49 63 68 78 91 76 91 84 25 56 105 168 236 312 402 477 568 652 
1021 21 0 0 5 5 0 0 4 1 2 4 0 0 5 6 1 0 4 1 3 4 20 33 62 80 60 85 91 87 90 104 20 52 114 194 253 338 427 514 602 703 
1023 23 0 0 0 2 4 2 2 4 5 4 0 0 0 3 4 2 2 4 5 4 17 35 51 67 69 79 87 84 87 103 17 52 102 169 238 317 403 486 573 675 
1014 14 0 1 1 0 1 3 4 2 0 2 0 1 1 0 1 3 5 2 0 3 22 46 43 59 69 84 79 96 88 94 22 68 111 170 238 322 398 492 579 671 
1022 22 0 0 1 0 1 5 4 4 6 1 0 0 1 1 1 5 4 4 6 1 19 32 52 69 85 74 85 94 76 82 19 51 103 171 253 327 412 503 578 659 
1020 20 0 0 2 4 2 1 0 2 5 4 0 0 2 4 2 1 0 3 6 5 20 47 54 53 64 82 82 76 84 107 20 67 119 171 234 314 396 471 553 658 
1016 16 0 0 2 0 1 2 3 3 3 2 0 0 2 0 1 2 4 3 3 2 11 39 34 53 78 82 88 87 96 92 11 50 84 137 215 296 384 471 564 656 
1024 24 0 2 4 0 3 3 1 0 6 5 0 2 4 0 3 3 1 1 6 5 21 45 59 76 79 70 73 86 79 108 21 66 125 201 278 347 418 503 580 687 
1021 21 0 1 0 4 3 1 3 1 4 4 0 1 0 4 3 2 3 2 4 4 22 38 51 56 58 71 83 97 102 80 22 59 108 164 222 293 375 470 572 652 
1017 17 0 0 1 2 3 2 2 3 1 3 0 0 2 2 3 2 2 3 1 3 23 41 41 62 82 74 86 72 101 89 23 64 105 166 247 320 406 477 578 665 
1013 13 0 0 1 2 0 0 3 2 3 2 0 0 1 2 0 0 3 3 3 2 19 31 63 46 65 71 71 100 79 102 19 50 112 157 222 293 364 464 543 645 
1019 19 0 0 3 4 1 2 3 4 2 0 0 0 3 4 1 2 3 4 3 0 16 28 51 74 66 74 108 89 101 88 16 44 95 168 234 308 416 503 600 688 
1026 26 0 0 0 1 2 5 6 4 4 4 0 0 0 1 2 6 6 4 5 4 15 32 43 55 64 82 106 92 91 104 15 45 88 143 207 288 392 482 573 674 
1020 20 0 0 0 7 3 0 4 1 1 4 0 0 0 7 3 0 4 2 1 4 24 32 57 79 71 79 73 77 103 98 24 56 113 192 262 340 413 489 591 689 
1019 19 0 1 1 0 2 1 2 6 3 3 0 1 1 0 2 1 2 7 4 3 19 35 46 48 73 66 90 94 82 117 19 54 100 148 219 285 373 466 547 663 
1016 16 0 1 0 2 0 0 4 2 2 5 0 1 0 2 0 0 5 2 2 5 25 48 45 47 58 86 75 92 91 88 25 73 116 163 220 306 380 471 562 648 
1021 21 0 0 2 2 3 1 2 2 5 4 0 0 2 2 3 1 3 2 5 4 23 27 59 69 67 68 87 87 94 103 23 50 109 177 244 312 397 484 577 680 
1018 18 0 0 0 3 3 3 2 2 2 3 0 0 0 4 3 3 2 2 2 3 23 25 49 64 78 82 74 74 102 81 23 47 95 159 237 319 393 467 569 649 
1018 18 0 1 0 1 4 2 5 1 2 2 0 1 0 2 4 2 5 1 2 2 19 39 54 68 68 71 84 77 93 91 19 58 111 179 246 317 401 477 568 659 
1020 20 0 0 2 3 0 2 3 3 5 2 0 0 2 3 0 2 3 4 5 2 9 34 41 60 60 85 97 89 86 93 9 43 84 143 203 287 382 467 553 645 
1018 18 0 0 0 3 1 2 4 2 3 3 0 0 0 3 2 2 4 2 3 3 19 42 61 54 67 92 77 93 90 115 19 61 122 176 243 334 411 504 593 706 
1016 16 0 0 1 2 0 4 2 3 0 4 0 0 1 2 0 5 2 3 0 4 22 43 43 53 81 78 72 85 80 96 22 65 108 160 241 319 388 473 552 647 
1019 19 0 1 3 1 2 1 2 6 2 1 0 1 3 2 2 1 2 6 2 1 25 35 56 52 67 66 96 86 84 85 25 60 116 168 235 301 397 483 566 650 
1022 22 0 1 0 1 3 2 6 1 5 3 0 1 0 1 3 2 7 1 5 3 17 36 44 61 70 80 81 93 94 95 17 52 96 157 227 307 387 479 572 664 
1016 16 0 0 2 1 1 0 3 3 3 3 0 0 2 1 1 0 3 4 3 3 13 42 43 55 72 59 94 86 95 77 13 55 98 153 225 282 376 462 556 631 
1025 25 0 1 1 3 4 4 4 2 3 3 0 1 1 3 5 4 4 2 3 3 20 34 48 57 70 76 84 72 79 105 20 54 102 155 224 299 382 454 533 637 
1021 21 0 1 2 1 3 2 3 2 2 5 0 1 2 1 3 2 3 2 2 6 27 33 49 55 81 72 77 104 93 100 27 60 108 162 241 310 386 488 580 679 
1024 24 0 0 3 3 1 3 3 6 2 3 1 0 3 3 1 3 3 6 2 3 23 31 53 57 70 84 79 94 99 96 23 52 104 160 230 314 391 484 583 679 
1011 11 0 0 1 0 1 0 1 3 1 4 0 0 1 0 1 1 1 3 1 4 30 49 59 60 58 71 73 72 81 94 30 79 136 196 254 325 396 468 548 640 
1021 21 0 0 2 2 3 2 7 0 1 4 0 0 2 2 4 2 7 0 1 4 13 36 51 57 80 83 80 97 88 94 13 49 100 157 237 320 399 494 581 673 
1015 15 0 0 0 0 1 1 4 2 1 6 0 0 0 0 1 1 5 2 1 6 17 39 46 65 86 68 67 91 79 106 17 56 101 166 252 318 385 476 554 657 
1012 12 0 0 1 2 1 4 0 1 2 1 0 0 1 2 1 5 0 1 2 1 27 43 43 56 63 69 80 86 100 93 27 69 112 168 231 298 378 464 563 655 
1029 29 0 2 1 1 3 3 2 5 10 2 0 3 1 1 3 3 2 5 10 2 22 30 50 59 66 78 76 103 103 99 22 52 102 159 225 302 377 480 581 680 
1010 10 0 0 0 2 0 1 2 2 2 1 0 0 1 2 0 1 2 2 2 1 25 36 51 66 65 73 76 89 89 83 25 61 112 177 242 312 387 473 561 642 
1021 21 0 2 1 0 3 5 0 2 4 4 0 2 2 0 3 5 0 3 4 4 22 32 54 54 70 85 80 95 91 98 22 54 107 161 231 316 395 489 580 677 
1010 10 0 1 0 0 4 0 2 3 0 0 0 1 0 0 4 0 2 3 1 0 20 36 66 63 68 72 78 88 86 102 20 56 122 184 250 322 399 486 571 672 
1025 25 0 0 3 5 3 1 3 5 2 3 0 0 3 5 3 1 3 5 3 3 16 52 50 64 52 81 88 80 78 80 16 68 118 182 234 315 403 482 559 638 
1015 15 0 1 2 0 1 3 2 1 2 3 0 1 3 0 1 3 3 1 2 3 13 40 51 56 59 95 84 87 85 88 13 53 103 157 216 309 390 477 561 649 
1027 27 0 0 0 2 5 8 2 4 2 4 0 0 0 2 6 8 2 4 2 4 26 39 52 60 77 67 72 72 86 122 26 65 117 177 254 318 390 461 546 667 
1025 25 0 0 4 1 4 1 3 2 8 2 0 0 4 1 4 3 3 2 8 2 21 33 48 63 73 85 68 95 95 104 21 54 102 164 236 320 388 483 578 681 
1015 15 0 1 4 0 1 2 3 0 3 1 0 1 4 0 1 2 3 0 4 2 20 43 42 63 79 80 75 84 92 93 20 63 104 166 244 324 398 482 573 665 
1013 13 0 0 2 1 2 0 0 2 4 2 0 0 2 1 2 0 0 2 4 3 21 34 45 59 71 77 71 88 90 96 21 55 100 157 228 305 375 462 550 645 
1013 13 0 0 1 1 1 2 0 3 3 2 0 0 1 2 1 2 0 3 3 3 21 34 42 69 66 76 85 77 87 87 21 55 96 164 229 304 389 465 551 638 
1029 29 0 2 3 2 1 5 1 6 5 4 0 2 3 2 1 5 1 6 5 5 25 38 51 67 77 76 87 79 91 112 25 63 114 179 254 328 415 494 583 694 
1026 26 0 3 0 5 3 4 1 3 0 7 0 3 1 5 3 4 1 3 0 8 24 38 61 50 70 69 83 100 97 107 24 61 121 171 241 310 393 491 587 694 
1012 12 0 1 0 2 2 1 1 1 1 3 0 1 0 2 2 2 1 1 1 3 29 38 50 69 69 80 68 97 83 100 29 66 116 185 251 331 399 495 578 677 
1024 24 0 0 3 2 2 4 3 1 6 3 0 0 3 3 2 4 3 1 6 3 23 41 48 63 80 81 80 93 76 110 23 64 112 175 253 333 412 505 580 689 
1020 20 0 0 0 2 1 2 1 6 5 3 0 0 1 2 1 2 1 6 5 3 17 31 52 58 70 76 89 91 90 94 17 48 100 157 227 302 389 480 569 663 
1017 17 0 0 3 0 2 0 2 4 3 3 0 0 3 0 3 0 2 4 3 3 18 42 43 48 68 63 79 78 96 101 18 60 102 150 217 279 358 436 532 633 
1018 18 0 0 0 4 1 4 3 0 1 5 0 0 0 5 1 4 3 0 1 5 19 44 45 70 74 79 76 106 85 77 19 62 107 175 248 327 400 505 590 666 
1016 16 0 1 0 0 0 4 0 5 5 1 0 1 0 0 0 4 0 5 5 2 15 31 46 43 67 83 95 101 92 95 15 46 92 134 201 283 376 477 569 664 
1023 23 0 0 2 0 3 3 2 6 3 4 0 0 2 1 3 3 2 6 3 4 25 37 46 58 73 86 84 94 75 95 25 62 107 165 238 323 406 499 574 666 
1013 13 0 0 1 0 1 1 2 2 5 1 0 0 1 0 1 1 3 2 5 1 21 52 61 52 64 68 81 78 86 90 21 72 133 185 249 317 398 475 561 651 
1016 16 0 0 0 2 4 2 2 1 2 3 0 0 1 2 4 2 2 1 2 3 8 42 49 69 58 73 98 93 88 98 8 50 98 166 223 295 391 482 568 664 
1018 18 0 0 2 1 1 3 2 4 2 3 0 0 2 1 1 3 2 5 2 3 15 50 50 60 80 75 85 95 94 84 15 65 113 173 253 326 411 503 596 679 
1016 16 0 1 2 1 1 3 3 1 3 1 0 1 2 2 2 3 3 1 3 1 24 30 50 52 70 84 85 89 95 94 24 54 104 155 222 305 389 478 571 664 
1018 18 0 0 1 1 2 3 3 2 6 0 0 0 1 1 2 3 4 2 6 0 22 41 40 66 58 77 92 87 95 90 22 63 103 167 224 299 391 477 569 656 
1019 19 0 0 1 3 1 2 2 4 2 4 1 0 1 3 1 2 2 4 2 4 19 37 49 62 61 85 99 85 89 86 19 56 105 167 228 311 410 495 584 669 
1015 15 0 1 0 1 2 1 1 0 2 7 0 1 0 1 3 1 1 0 2 7 22 32 45 67 84 73 77 89 85 107 22 54 98 164 248 320 397 485 568 673 
1020 20 0 1 0 1 2 1 1 6 5 3 0 1 0 1 3 1 1 6 6 3 22 35 47 51 63 102 84 98 80 93 22 57 104 155 217 319 403 501 580 673 
1023 23 0 1 4 3 1 3 0 7 3 1 0 1 4 3 1 3 1 7 3 1 22 30 50 53 56 79 92 93 87 104 22 52 102 154 210 286 378 470 556 660 
1021 21 0 1 1 1 4 1 2 4 5 2 0 1 1 1 5 1 2 4 5 2 24 38 43 63 77 78 92 88 86 83 24 62 105 168 244 322 413 501 587 668 
1019 19 0 1 2 2 1 2 2 5 0 4 0 1 2 2 1 2 3 5 0 4 23 38 48 63 70 76 81 87 97 94 23 61 109 172 241 317 397 482 579 672 
1020 20 0 0 1 2 3 3 2 4 2 3 0 0 1 3 3 3 2 4 2 4 21 42 58 51 70 82 84 85 90 92 21 63 118 167 237 318 402 487 576 668 
1019 19 0 0 0 1 0 4 2 6 5 1 0 0 1 1 0 4 2 6 5 1 9 36 45 59 71 68 79 105 85 99 9 45 90 147 218 286 362 467 552 650 
1020 20 0 1 1 3 3 2 2 3 3 2 0 1 1 3 3 2 2 4 3 2 23 46 48 66 70 82 89 83 76 90 23 69 116 182 251 332 419 500 576 666 
1014 14 0 1 1 0 3 2 1 2 2 2 0 1 1 0 3 2 1 2 2 3 14 38 57 53 89 77 82 100 82 69 14 52 109 162 251 328 409 507 589 658 
1018 18 0 0 2 0 2 0 2 3 6 3 0 0 2 0 2 1 2 3 6 3 20 46 54 44 71 74 90 95 96 95 20 65 118 162 233 306 395 490 584 678 
