0.900416 0.899002 0.8996429 0.08281248 0.09626165 0.1100382 0.1288231 0.1553668 0.1893585 0.2415913 0.3219884 0.4971146 1 10013.35 19029.54 27810.18 36069.53 43968.37 51662.98 58946.57 65930.51 72357.69 78752.57 120916 1 
0.9009913 0.8995158 0.899809 0.0842693 0.09310873 0.1106019 0.127653 0.1548169 0.1879902 0.2392635 0.3220983 0.4989405 1 10179.94 19351.98 27735.89 36085.66 43902.92 51606.58 58864.25 65817.42 72390.3 78968.07 120802.5 2 
0.8986429 0.8994472 0.9007586 0.08308563 0.09440496 0.1110425 0.1295281 0.1533323 0.1909605 0.2417538 0.3303719 0.4958171 1 10033.88 19050.75 27573.44 35913.79 43820.18 51276.73 58625.26 65533.01 72205.66 78268.13 120765.5 3 
0.9019013 0.9001373 0.8998175 0.08345031 0.09467241 0.1101205 0.1311477 0.1537315 0.1877023 0.2394312 0.3244447 0.4940236 1 10050.89 19115.8 27691.52 35980.43 44114.34 51665.74 58871.6 65814.4 72465.54 78839.75 120441.6 4 
0.899304 0.8999852 0.9008 0.08297036 0.09573107 0.1085205 0.131237 0.1554202 0.1888936 0.240596 0.3236389 0.4960581 1 10006.88 19006.1 27680.21 35746.38 43847.9 51471.2 58645.66 65506.9 71951.93 78226.5 120607.8 5 
0.8978321 0.8996922 0.9019441 0.08297237 0.09538537 0.1119026 0.129447 0.1532785 0.1899282 0.2388668 0.3252664 0.4914815 1 10000.08 18978.48 27581.76 35951.89 43772.7 51148.76 58353.88 65056.6 71536.01 77609.8 120523 6 
0.9005517 0.9004006 0.8995387 0.08314747 0.0946586 0.107868 0.1283233 0.1526526 0.1894154 0.2400755 0.3261218 0.4919217 1 10034.47 19071.04 27648.28 35704.33 43621.71 51175.37 58589.2 65608.07 72343.72 78628.01 120682.9 7 
0.8997018 0.900681 0.9002233 0.08342712 0.09420259 0.1106826 0.1296596 0.1568719 0.1886955 0.2411838 0.3244347 0.4963145 1 10083.45 19155.55 27670.23 36001.51 43961.37 51736.16 58903.77 65809.44 72288.26 78555 120865.4 8 
0.8999979 0.9002086 0.9006205 0.08290951 0.09381169 0.1085168 0.1307031 0.1562319 0.1889278 0.239525 0.3223687 0.4930089 1 10002.26 19004.28 27482.99 35614.45 43735.1 51500.29 58735.97 65598.44 72073.91 78375.32 120640.7 9 
0.8997143 0.9005312 0.8992561 0.08268872 0.0958136 0.1116354 0.1310245 0.1532211 0.1880647 0.2383913 0.3305097 0.4946213 1 9981.018 18961.08 27668.51 36070.24 44106.16 51524.82 58665.39 65449.39 72261.24 78415.63 120705.9 10 
0.9006829 0.9003207 0.9001555 0.08155111 0.09521655 0.1098332 0.1287287 0.1549558 0.184843 0.2408133 0.3234348 0.4975935 1 9857.585 18736.14 27446.13 35752.76 43712.21 51442.67 58502.33 65615.14 72275.57 78813.1 120876.2 11 
0.8993443 0.8989133 0.900723 0.08366167 0.09414961 0.1105314 0.1295266 0.1538769 0.189027 0.2385023 0.3260705 0.4941194 1 10111.08 19204.42 27698.05 35998.49 43932.78 51462.76 58705.75 65508.34 72148.5 78401.61 120856.8 12 
0.9013209 0.9005256 0.8998411 0.08230333 0.09516968 0.1119163 0.1272901 0.1549858 0.1893849 0.2359148 0.3246437 0.4951764 1 9932.012 18883.94 27559.93 36054.84 43824.5 51536.48 58879.43 65619.26 72339.86 78794.68 120675.7 13 
0.9006547 0.8986803 0.8995671 0.08244898 0.09632277 0.1096512 0.1299009 0.1523849 0.1872091 0.2437536 0.3246312 0.4968393 1 9961.301 18932.99 27730.09 35959.92 43973.83 51431.43 58636.8 65844.13 72428.89 78800.95 120817.8 14 
0.8987841 0.8979927 0.9006943 0.08410448 0.09623149 0.1087738 0.1288642 0.1559525 0.1891609 0.2445794 0.323725 0.4858444 1 10160.39 19292.38 27987.34 36031.82 43869.39 51536.77 58715.99 65768.4 72105.34 77995.13 120806.7 15 
0.9003665 0.8998043 0.8994063 0.08217448 0.09596236 0.1109587 0.1306538 0.1541578 0.187917 0.2364062 0.3262338 0.4981274 1 9895.73 18805.51 27538.35 35881.73 43913.22 51443.22 58592.93 65295.78 72004.72 78425.47 120423.4 16 
0.8991376 0.8994901 0.8998591 0.08295797 0.09656237 0.1088318 0.1297242 0.1536729 0.1867092 0.2426003 0.3223231 0.4940097 1 10017.94 19025.45 27799.93 35884.35 43831.11 51334.19 58417.56 65482.29 71916 78204.66 120759.2 17 
0.9007475 0.9000618 0.9005519 0.08238865 0.0964996 0.1113437 0.1275411 0.1543216 0.1875083 0.2419139 0.3282404 0.4931718 1 9917.23 18850.15 27638 36006.43 43743.53 51342.18 58515.49 65568.66 72289.7 78466.69 120371.3 18 
0.9003414 0.8993471 0.8992306 0.0828149 0.09481971 0.1095085 0.1297042 0.1551374 0.1870637 0.2421634 0.3295782 0.4961488 1 10008.38 19019.34 27634.1 35867.53 43881.63 51571.6 58721.15 65801.96 72583.15 78812.02 120852.4 19 
0.9001917 0.9003676 0.9005334 0.08377861 0.09741901 0.1091716 0.1311109 0.1540623 0.1897058 0.2396381 0.3266947 0.5021916 1 10103.89 19199.33 28047.72 36136.41 44178.33 51662.12 58894.33 65696.71 72284.13 78674.1 120602.3 20 
0.8992855 0.9005433 0.9007019 0.08355659 0.09528613 0.1115581 0.1285718 0.1520555 0.1913469 0.2388978 0.3243096 0.495996 1 10095.04 19173.36 27792.57 36168.4 43968.17 51332.47 58745.82 65533.44 72059.42 78366.49 120816.8 21 
0.9000044 0.8999236 0.9005742 0.08257944 0.09552868 0.1110555 0.1297014 0.1561463 0.1889177 0.2411137 0.3250076 0.4909334 1 9977.614 18957.51 27650.89 36020.11 43977.71 51691.48 58887.75 65799.38 72313.46 78432.74 120824.4 22 
0.9003309 0.8986802 0.8997038 0.08391972 0.09465793 0.1123425 0.1293773 0.1558034 0.1901988 0.2420706 0.3269559 0.4905013 1 10116.05 19223.85 27760.74 36225.34 44096.25 51738.98 58987.87 65894.54 72415.96 78414.43 120544.4 23 
0.8991302 0.8996886 0.9001879 0.08379675 0.09534963 0.1101014 0.1315059 0.1531972 0.1906109 0.2433958 0.3266069 0.5000364 1 10109.16 19198.61 27801.03 36005.89 44075.61 51468.81 58750.93 65716.74 72176.76 78390.48 120639 24 
0.8994062 0.8999043 0.8999549 0.08145593 0.09528643 0.1107079 0.1282859 0.1527839 0.1876509 0.2384707 0.3285238 0.4950716 1 9826.639 18664.78 27345.99 35693.85 43540.39 51034.3 58255.96 65150.88 71978.52 78278.41 120637.5 25 
0.8984594 0.9012796 0.9000251 0.08383462 0.09409956 0.110295 0.1301051 0.1546042 0.1898321 0.242904 0.3233461 0.4958165 1 10124.55 19221.04 27680.83 35925.2 43879.71 51417.49 58645.95 65596.93 71943.06 78133.54 120768.1 26 
0.8989907 0.9007251 0.8998586 0.08328409 0.09563467 0.1100878 0.1324453 0.1507931 0.1915067 0.2425558 0.3307972 0.4947357 1 10052.99 19090.53 27744.58 35958.8 44121.56 51315.17 58696.59 65634.1 72295.46 78295.27 120707.1 27 
0.8995244 0.8994514 0.9005554 0.08290453 0.09566781 0.1077015 0.1293929 0.1553709 0.1884821 0.2372826 0.3301513 0.4946948 1 10023.89 19040.62 27735.62 35748.83 43734.61 51443.61 58676.13 65450.21 72319.45 78548.16 120908.8 28 
0.9003098 0.9000354 0.8998967 0.08308381 0.09355578 0.109693 0.1295164 0.1513568 0.1899139 0.2391873 0.323024 0.4946366 1 10032.94 19065.7 27523.9 35789.38 43794.56 51201.61 58633.48 65578.5 72182.67 78609.89 120756.9 29 
0.8989941 0.9002043 0.9007143 0.08433689 0.09488015 0.109606 0.1295932 0.1526427 0.1881323 0.238368 0.3258329 0.4991434 1 10195.47 19361.14 27908.25 36070.96 43988.6 51398.05 58584.98 65400.7 72051.31 78464.41 120889.8 30 
0.8997853 0.9012717 0.9008435 0.0831414 0.09466044 0.1109506 0.1273495 0.1559337 0.1892286 0.2374313 0.3278983 0.4934114 1 10007.06 19011.26 27552.29 35876.07 43592.42 51310.56 58548.82 65275.91 71997.93 78196.96 120361.9 31 
0.9009592 0.8997548 0.8997919 0.08374093 0.0947171 0.111949 0.1286675 0.1553443 0.1882886 0.239286 0.3209684 0.4909607 1 10125.09 19247.38 27834.29 36305.08 44169.02 51849.86 59056.71 65939.31 72399.87 78722.84 120909.6 32 
0.9010537 0.8995284 0.9000725 0.08384472 0.09570061 0.1105843 0.1293723 0.1567976 0.1876495 0.2442045 0.3251231 0.4921957 1 10118.68 19236.15 27913.93 36208.59 44130.59 51903.69 59018.29 66129.42 72617.65 78746.41 120683.6 33 
0.8999366 0.8998654 0.8999309 0.08193846 0.09528798 0.1118969 0.1292765 0.154723 0.1897671 0.2390399 0.3208426 0.4979434 1 9898.096 18805.76 27491.52 35967.64 43887.97 51500.9 58792.97 65611.85 72019.87 78487.8 120799.2 34 
0.8989592 0.9001536 0.9011648 0.08255434 0.09576426 0.1106277 0.1302412 0.1548074 0.1863871 0.2411775 0.3266567 0.4994039 1 9954.909 18903.97 27588.41 35867.69 43831.14 51381.76 58380.38 65315.28 71905.84 78218.67 120586.1 35 
0.8989225 0.9006852 0.8998106 0.08165409 0.09582214 0.1093098 0.1280656 0.1535412 0.1898421 0.2427605 0.3289568 0.4971256 1 9874.702 18751.29 27497.84 35694.96 43541.22 51114.25 58479.6 65551.48 72247.54 78454.53 120933.3 36 
0.8972879 0.9006305 0.9003555 0.0830476 0.09452634 0.1096396 0.1309308 0.1542144 0.1850833 0.2404301 0.3257882 0.4918963 1 10055.16 19077.53 27612.53 35798.17 43840.3 51333.19 58237.41 65146.14 71722.1 77861.03 121077 37 
0.9020167 0.8984442 0.8984517 0.08298776 0.09497896 0.1098943 0.1294665 0.1524774 0.1878942 0.2399097 0.3225574 0.4971308 1 10025.11 19067.92 27721.08 36022.39 44046.14 51575.52 58892.86 65950.01 72597.08 79170.78 120802.2 38 
0.9002079 0.9000854 0.8987938 0.08481696 0.09401527 0.1099393 0.128144 0.1527927 0.1854654 0.2390129 0.3263985 0.498118 1 10250.06 19477.25 27931.58 36160.27 43980.29 51472.04 58553.23 65535.09 72323.09 78806.7 120849.2 39 
0.899083 0.8994888 0.9005382 0.0819985 0.09533101 0.1093298 0.1301304 0.1541418 0.1877391 0.2402561 0.3294766 0.494826 1 9908.984 18817.98 27494.43 35692.01 43722.01 51294.99 58465.98 65400.74 72173.18 78356.17 120843.5 40 
0.9006109 0.9005529 0.8999975 0.08303202 0.0955533 0.1090581 0.1316519 0.1530204 0.1878729 0.2421649 0.3296266 0.494437 1 10029.43 19062.05 27751.02 35917.98 44098.3 51574.75 58781.2 65848.79 72621.09 78794.27 120790 41 
0.9001106 0.9006081 0.8994014 0.08398826 0.09578041 0.112516 0.1286156 0.1557208 0.1920911 0.2403183 0.3268292 0.4968391 1 10152.24 19290.38 27968.73 36439.98 44228.07 51867.04 59242.96 66017.04 72535.26 78708.44 120876.9 42 
0.9008302 0.9003254 0.9002926 0.08233305 0.09518955 0.1108281 0.1291236 0.1524316 0.1895428 0.239269 0.3239732 0.4909347 1 9932.036 18879.12 27544.4 35913.69 43852.14 51326.24 58696.6 65623.62 72246.62 78533.5 120632.4 43 
0.8995961 0.902077 0.9000535 0.08286464 0.09451756 0.1091895 0.128555 0.1529064 0.1880541 0.2392406 0.3274696 0.4957453 1 9994.698 18985.89 27535.17 35707.45 43592.93 51105.57 58361.01 65296.11 72063.56 78392.97 120614.7 44 
0.8993755 0.8994903 0.900587 0.08317472 0.09504629 0.1095645 0.1284767 0.1532036 0.1941547 0.2397955 0.3234807 0.4998833 1 10047.95 19084.82 27691.5 35886.74 43742.02 51257.02 58887.44 65689.68 72132.08 78519.35 120805.3 45 
0.9008535 0.8997848 0.9007429 0.08308879 0.09550066 0.1097251 0.129238 0.1548115 0.1880673 0.2376213 0.3268441 0.4919316 1 9999.083 19006.79 27660.17 35868.9 43795.94 51431.61 58630.61 65434 72176.52 78424.69 120342.1 46 
0.9013589 0.901036 0.9006264 0.08215066 0.09550366 0.1104283 0.129721 0.1555126 0.1892899 0.2425285 0.3244401 0.49191 1 9923.102 18867.38 27594.62 35946.41 43972.55 51708.18 59017.71 66086.81 72630.06 78844.9 120791.5 47 
0.8997972 0.8996 0.900235 0.0814323 0.09607973 0.1127992 0.1279245 0.1528473 0.1929795 0.239603 0.3263944 0.4922368 1 9805.478 18628.42 27388.9 35922.13 43669.84 51117.53 58641.67 65437.11 72005.71 78124.39 120412.6 48 
0.899649 0.8991677 0.9001454 0.08151327 0.09516381 0.1115339 0.1285463 0.1517433 0.1925951 0.2395678 0.3265998 0.4933722 1 9831.241 18675.91 27343.8 35779.51 43636.83 51034.37 58591.89 65445.85 72079.18 78274.69 120609.1 49 
0.8998977 0.9002371 0.9008344 0.08229734 0.09352841 0.1081198 0.1288291 0.1529664 0.1890962 0.2451823 0.3248245 0.4900885 1 9926.278 18858.91 27323.62 35436.77 43418.09 50996.96 58378.82 65663.79 72219.57 78364.5 120614.8 50 
0.9005105 0.8990746 0.899092 0.0823308 0.09522881 0.1095012 0.1301243 0.1535362 0.1885967 0.2427301 0.3237784 0.4945561 1 9945.869 18902.23 27578.52 35817.83 43876.77 51440.56 58726.09 65836.29 72370.24 78684.54 120803.7 51 
0.8998688 0.8994778 0.8998818 0.08269938 0.09603783 0.1094095 0.1289663 0.1537466 0.1896012 0.2425832 0.3248278 0.4962145 1 9989.148 18978.07 27718.72 35901.51 43810.48 51369.24 58692.03 65741.03 72267.87 78552.92 120788.7 52 
0.8995807 0.9002413 0.900018 0.08252519 0.09430461 0.1109872 0.1309539 0.1538906 0.1892694 0.2432134 0.3232863 0.4938802 1 9960.658 18921.07 27464.11 35837.61 43915.09 51429.68 58674.11 65709.74 72115.67 78317.97 120698.4 53 
0.8984986 0.8991457 0.9003825 0.08302799 0.09490128 0.1097917 0.1313151 0.1576095 0.1899404 0.2451915 0.3259536 0.4998725 1 9998.342 18981.84 27534.44 35712.65 43770.97 51509.4 58647.44 65626.03 71940.65 78051.56 120421.3 54 
0.8996747 0.8997657 0.900393 0.0826494 0.09649963 0.1089638 0.1306375 0.1554777 0.1875011 0.2426478 0.3244967 0.4928302 1 9979.308 18957.44 27744.15 35865.24 43916.02 51562.95 58665.28 65686.84 72169.41 78340.49 120742.7 55 
0.8999488 0.8983652 0.8997296 0.08265307 0.09448654 0.1117157 0.1250142 0.1536661 0.1884465 0.2391787 0.3231006 0.4939989 1 9991.361 18983.07 27561.57 36021.82 43568.58 51202.42 58526.9 65492.41 72117.12 78539.34 120883.1 56 
0.9003082 0.9001405 0.9000177 0.08275065 0.09561701 0.1112198 0.1293304 0.1548424 0.1882344 0.2415605 0.3240736 0.4927447 1 9983.951 18972.58 27662.83 36036.55 43948.46 51559.62 58740.81 65720.33 72228.81 78450.56 120651 57 
0.8990943 0.8998391 0.8999263 0.08311263 0.09491754 0.112138 0.1279927 0.1546063 0.1871256 0.2394213 0.3229749 0.4947978 1 10055.03 19095.44 27697.4 36160.89 43921.14 51506.72 58605.81 65480.99 71995.03 78339.91 120980.7 58 
0.9001498 0.899482 0.8996218 0.08283129 0.09408308 0.1104185 0.129297 0.1542734 0.1868785 0.2403973 0.3260643 0.4914561 1 10012.46 19025.17 27556.06 35894.43 43862.39 51484.1 58638.42 65643.78 72339.21 78575.19 120877.8 59 
0.898488 0.8994416 0.9003262 0.08376467 0.09438693 0.1083842 0.1284922 0.1543371 0.1908133 0.23855 0.3269478 0.4993903 1 10115.16 19203.52 27697.27 35745.61 43596.32 51187.36 58554.9 65320.6 71953.84 78285.66 120756.9 60 
0.9006594 0.9002802 0.8991751 0.08219916 0.09610975 0.1100237 0.1280522 0.1532944 0.1893034 0.2414441 0.3261533 0.4998108 1 9925.825 18865.61 27643.1 35918.74 43766.95 51335.88 58696.29 65749.04 72419.28 78857.67 120753.4 61 
0.9020569 0.9010529 0.8994536 0.08283104 0.09480231 0.1110167 0.1294182 0.1529214 0.189293 0.2415786 0.3233487 0.492708 1 10005.92 19031.82 27671.24 36094.87 44098.03 51648.3 59035.37 66130 72724.63 79079.35 120799.1 62 
0.9004682 0.8999956 0.8996656 0.08415278 0.09482 0.1113446 0.128451 0.1548792 0.187879 0.2367201 0.3263381 0.4926135 1 10155.67 19300.53 27859.56 36226.19 44040.61 51658.15 58819.78 65554.54 72276.69 78553.72 120681.4 63 
0.8989749 0.9008279 0.9001261 0.08275631 0.09573024 0.1081736 0.1291719 0.1536044 0.1883359 0.2385272 0.3267688 0.4955467 1 9991.939 18974.44 27659.42 35698.22 43628.45 51167.58 58396.34 65241.61 71945.59 78250.94 120739.3 64 
0.8999675 0.9000696 0.9003471 0.08180051 0.09508503 0.1109217 0.1301345 0.1558211 0.189433 0.2382695 0.3269889 0.4915243 1 9870.368 18753.38 27412.24 35790.99 43810.63 51510.2 58757.01 65521.11 72182.02 78330.69 120663.9 65 
0.9004168 0.9007672 0.9007409 0.08077495 0.09610189 0.1113608 0.1310666 0.1540446 0.1903616 0.2444975 0.3240687 0.4908452 1 9730.597 18492.19 27292.51 35721.09 43821.8 51363.8 58695.2 65792.97 72201.77 78280.67 120465.5 66 
0.8995208 0.899982 0.9001919 0.08302906 0.09437559 0.1105959 0.1300433 0.1546691 0.1866905 0.2425833 0.322752 0.4983084 1 10032.41 19056.77 27598.56 35922.79 43918.85 51514.16 58590.55 65651.91 72103.81 78502.79 120830.1 67 
0.9005537 0.8991091 0.8995927 0.0831688 0.09450695 0.1123747 0.1279933 0.1536861 0.1893499 0.240021 0.3237212 0.4978168 1 10051.14 19102.73 27674.51 36196.89 43995.7 51555.24 58872.7 65805.74 72369 78803.57 120852.3 68 
0.9003305 0.9001965 0.8991228 0.0834463 0.09471155 0.109926 0.1273072 0.1512217 0.1918652 0.2400138 0.3247517 0.4918054 1 10079.98 19155.29 27732.18 35986 43756.63 51168.75 58747.51 65709.56 72340.47 78608.33 120796 69 
0.8996037 0.8999428 0.8994771 0.08148441 0.09612904 0.110352 0.1306824 0.1527251 0.1865951 0.2403032 0.3275105 0.491726 1 9837.338 18687.04 27470.61 35773.2 43834.53 51272.38 58379.93 65356.39 72086.81 78270.19 120726.6 70 
0.9008135 0.9000502 0.89898 0.08226907 0.097055 0.1108659 0.1290388 0.1545542 0.1906389 0.2450542 0.3261712 0.495063 1 9951.723 18916.37 27814.57 36168.87 44082.15 51707.14 59089.78 66245.38 72754.32 78915.06 120965.5 71 
0.8997331 0.8992978 0.9001743 0.08177729 0.09606688 0.1106021 0.1271104 0.1523084 0.1902408 0.2392906 0.3255967 0.4971029 1 9893.226 18794.49 27581.56 35921.92 43671.99 51166.36 58607.55 65535.7 72218.36 78623.82 120977.7 72 
0.8995913 0.9004908 0.8997922 0.08252347 0.09546909 0.1109686 0.1296961 0.153806 0.1890638 0.2401949 0.327652 0.4935301 1 9941.289 18884.39 27539.94 35868.58 43794.36 51294.23 58518.98 65392.64 72040.92 78189.91 120466.2 73 
0.899746 0.8991335 0.899513 0.08305125 0.09467762 0.1098041 0.127643 0.15229 0.1878036 0.2433088 0.3262275 0.4923834 1 10020.71 19036.81 27603.07 35833.89 43622.48 51094.61 58355.34 65535.06 72184.81 78391.87 120657 74 
0.8995067 0.900593 0.9006465 0.08343215 0.09319645 0.1113867 0.1277824 0.1530435 0.1892946 0.2404491 0.3271627 0.494765 1 10068.92 19125.98 27512.87 35920.77 43700.65 51207.18 58525.4 65479.48 72164.31 78409.83 120683.9 75 
0.8992066 0.8999018 0.8996234 0.0824993 0.09512342 0.1095521 0.1288336 0.1571732 0.1896036 0.2417478 0.3318236 0.4973753 1 9962.343 18920.55 27552.62 35758.66 43655.66 51478.95 58718.22 65641.28 72390.21 78479.47 120756.7 76 
0.9010459 0.8993872 0.8985824 0.08385242 0.09547202 0.110279 0.1288144 0.1561396 0.1903494 0.2378214 0.3265906 0.4961549 1 10141.4 19279.26 27949.99 36236.78 44137.51 51899.54 59242.2 66002.67 72683.26 79007.19 120943.4 77 
0.9008344 0.8991207 0.8996035 0.08248403 0.09292849 0.1118599 0.1293385 0.1521916 0.187833 0.2407636 0.3236703 0.494219 1 9973.049 18957.11 27386.32 35926.63 43923 51409.61 58702.75 65781.11 72424.29 78839.26 120908.8 78 
0.8988751 0.9002756 0.9008264 0.08237611 0.09573925 0.1096769 0.1291466 0.1553515 0.1880119 0.2388944 0.3278586 0.5001908 1 9939.162 18873.23 27564.61 35757.63 43653.3 51297.96 58437.56 65246.43 71933.24 78281.81 120655.9 79 
0.8999736 0.8997123 0.900853 0.08278526 0.09375273 0.1134858 0.1303374 0.1546473 0.1896466 0.2381585 0.3262579 0.4931386 1 9987.605 18976.19 27452.47 36087.16 44064.75 51613.63 58845.88 65573.4 72178.71 78365.03 120644.7 80 
0.899927 0.8993736 0.8990588 0.08357392 0.09619403 0.1100661 0.1287382 0.157095 0.1886487 0.2394548 0.323496 0.4911624 1 10103.83 19196.54 27933.12 36159.29 44013.09 51805.66 58967.33 65780.98 72262.07 78449.03 120896.9 81 
0.9012195 0.9003869 0.8987928 0.08352463 0.09542292 0.1093932 0.1293444 0.1537529 0.1885012 0.2408374 0.327609 0.4980847 1 10074.72 19154.25 27810.71 36002.49 43965.24 51544.1 58821.37 65835.04 72575.01 78944.25 120619.7 82 
0.9013371 0.9007149 0.8991527 0.08230091 0.09380837 0.1095152 0.1291776 0.1537113 0.1884917 0.2367901 0.3243604 0.4917444 1 9937.713 18894.94 27425.7 35716.86 43743.83 51397.11 58747.49 65614.19 72379.09 78798.23 120748.5 83 
0.8983225 0.9004247 0.900509 0.081414 0.09371336 0.1106823 0.1272389 0.1534536 0.1893162 0.2407411 0.3253219 0.4938865 1 9826.5 18653.86 27147.32 35508.54 43268.16 50836.56 58166.65 65137.57 71734.89 77982.15 120697.9 84 
0.8995958 0.8995506 0.9000305 0.08284759 0.0965397 0.1106354 0.1297149 0.1553526 0.1874921 0.2430209 0.3240505 0.496254 1 10005.24 19005.91 27790.52 36071.36 43993.95 51609.33 58693.39 65718.06 72158.53 78410.74 120766.8 85 
0.8991975 0.9002551 0.9010417 0.08233579 0.09610937 0.110376 0.1299811 0.1531997 0.1887175 0.2415752 0.32429 0.4963113 1 9936.075 18870.57 27611.65 35876.76 43835.07 51285.52 58496.77 65457.95 71950.24 78235.07 120677.5 86 
0.89938 0.8991775 0.9002864 0.08471556 0.09358266 0.1112899 0.1297927 0.154468 0.1870664 0.241073 0.3203478 0.492677 1 10207.23 19387.41 27757.04 36088.74 43987.75 51502.97 58548.25 65467.02 71798.42 78077.56 120488.3 87 
0.9006125 0.8995987 0.8989537 0.08351182 0.09467729 0.1102943 0.1297239 0.155958 0.190934 0.2409799 0.3236655 0.4969365 1 10106.93 19209.36 27801.51 36113.66 44114 51855.48 59231.74 66139.65 72609.95 78938.11 121024 88 
0.9004185 0.8986448 0.9004176 0.08165371 0.09669801 0.1105077 0.1276293 0.1516557 0.1906167 0.2402956 0.3260734 0.4906126 1 9857.147 18732.7 27587.38 35906.62 43699.59 51132.56 58606.53 65591.65 72277.28 78482.13 120718.9 89 
0.9013303 0.8998978 0.8995871 0.08289374 0.09529252 0.1108365 0.127907 0.1538398 0.1890119 0.236278 0.3215232 0.497231 1 10027.85 19066.26 27757.18 36143.31 43992.43 51625.37 58979.53 65779.74 72404.41 79021.42 120972.4 90 
0.9001741 0.8999905 0.9001101 0.0825019 0.09486461 0.1127521 0.1285038 0.1535753 0.1881716 0.2373783 0.3244134 0.4931692 1 9961.218 18928.05 27547.45 36103.06 43931.19 51452.63 58664.99 65455.23 72101.79 78440.98 120739.3 91 
0.9002809 0.8997046 0.8991942 0.08340079 0.0948137 0.1113645 0.1283575 0.1568042 0.1864396 0.2420291 0.326896 0.4967512 1 10071.19 19138.09 27724.15 36117.23 43943.73 51730.5 58771.9 65795.97 72425.64 78695.6 120756.6 92 
0.899413 0.8992026 0.9012768 0.0839408 0.09618344 0.1087589 0.1297 0.1553921 0.1901068 0.2401325 0.3272232 0.4898668 1 10120.23 19222.5 27911.82 35960.66 43882.16 51499.53 58751.27 65559.66 72134.13 78141.78 120563.9 93 
0.8996916 0.9001137 0.9009164 0.08231172 0.09404748 0.1106451 0.1275053 0.1546137 0.190704 0.2407698 0.3273964 0.4947644 1 9937.657 18878.48 27404.74 35761.75 43556.75 51229.92 58647.84 65594.93 72260.78 78475.8 120732 94 
0.8992416 0.8997001 0.9013954 0.08414316 0.09430768 0.1105566 0.1298513 0.1541284 0.1891048 0.2385572 0.3283482 0.4961473 1 10163.42 19302.79 27790.55 36067.21 44004.75 51522.44 58734.74 65505.01 72202.7 78423.6 120787.2 95 
0.8987493 0.8999376 0.9000099 0.08337054 0.0954229 0.110248 0.129763 0.1531543 0.1878997 0.2426798 0.3283589 0.4987684 1 10084.02 19147.02 27787.92 36031.21 43962.26 51404.18 58556.02 65587.46 72227.02 78462.65 120954.2 96 
0.9004667 0.8995873 0.8997543 0.08253951 0.09394198 0.1101193 0.1286877 0.1532544 0.1872677 0.241365 0.3258482 0.4967555 1 9957.964 18924.78 27439.28 35751.88 43678.11 51247.78 58477.22 65572.92 72274.61 78676.26 120644.8 97 
0.8999595 0.8990505 0.8992109 0.0822196 0.09464772 0.1102046 0.1290993 0.1536585 0.1884483 0.2446006 0.3216748 0.4990589 1 9941.546 18888.54 27502.26 35823.14 43780.53 51363.99 58642.93 65856.43 72262.31 78707.98 120914.6 98 
0.9004087 0.9002759 0.8994803 0.08324669 0.09636958 0.1105217 0.1294763 0.1551076 0.1886378 0.2421678 0.3225413 0.4941206 1 10059.18 19116.55 27888.21 36174.13 44099.78 51730.14 58931.63 65929.85 72351.43 78624.93 120835.8 99 
0.8999409 0.8998102 0.8998977 0.08390704 0.09739306 0.1079762 0.1281826 0.1539514 0.1850459 0.2407888 0.3269786 0.5019665 1 10135.49 19256.83 28107.41 36079.82 43890.33 51457.02 58469.06 65514.59 72254.52 78761.46 120794.3 100 
