0.9004378 0.89878 0.8993253 0.09914801 0.1121327 0.1251055 0.1430207 0.1684544 0.2008573 0.2513144 0.3306948 0.5029626 1 10015.87 19034.55 27343.9 34729.89 41382.33 47467.26 52859.58 57713.96 61934.95 65914.74 101019.4 1 
0.9011006 0.900051 0.8997507 0.1007366 0.1087839 0.1254468 0.141685 0.1671008 0.1992607 0.2488044 0.327518 0.504941 1 10173.77 19341.36 27308.26 34761.18 41352.71 47415.52 52809.66 57668.63 61934.64 66145.41 100993.8 2 
0.8985267 0.8996996 0.9004004 0.09933461 0.1097361 0.1255928 0.1426808 0.1651224 0.2030391 0.250572 0.3378136 0.5007884 1 10031.1 19044.32 27092.53 34512.76 41112.68 46963.72 52487.54 57281.41 61693.65 65470.55 100983 3 
0.9016464 0.9001359 0.8999085 0.09952375 0.1104676 0.1248044 0.1446624 0.1656524 0.1978124 0.2484057 0.3312213 0.4971464 1 10050.68 19112.83 27278.61 34691.28 41520.76 47468.02 52793.52 57668.77 62086.35 66107.81 100987.7 4 
0.8988606 0.8997822 0.9006636 0.09909906 0.1117062 0.1223473 0.1453029 0.1676906 0.1991249 0.250562 0.3312867 0.5043337 1 10009.14 19005.96 27248.1 34381.31 41211.61 47210.76 52484.5 57302.77 61541.46 65532.2 101001.3 5 
0.8972864 0.9002439 0.902291 0.09892309 0.1109988 0.1266413 0.1428229 0.165813 0.199381 0.2500141 0.3322222 0.49658 1 9994.04 18961.56 27118.65 34582.22 41124.97 46946.79 52201.41 56955.99 61187.72 64966.07 101028.4 6 
0.9003625 0.9006085 0.8998993 0.09938314 0.1101474 0.1221216 0.1421353 0.1649991 0.2019178 0.2497291 0.332319 0.4998425 1 10032.21 19064.83 27179.04 34350.47 41022.22 46987.43 52577.75 57478.12 61873.99 65875.02 100944.7 7 
0.899912 0.900606 0.9001525 0.09989791 0.1099899 0.1254845 0.1440052 0.1696954 0.1986817 0.2510911 0.3330313 0.4973019 1 10084.46 19159.58 27235.97 34657.8 41373.2 47505.11 52736.99 57572 61855.39 65669.44 100947.6 8 
0.8991353 0.9001951 0.9009087 0.09904222 0.109343 0.1224203 0.1450141 0.1681534 0.19973 0.2498268 0.3323071 0.4995295 1 10002.37 18995.85 27028.81 34223.45 41084.73 47165.39 52510.58 57326.69 61635.21 65546.35 100991 9 
0.8997541 0.9005186 0.8996806 0.0988666 0.1112324 0.127485 0.1446391 0.1658706 0.1995381 0.2481617 0.3391914 0.5003604 1 9981.029 18961.5 27179.88 34762.92 41481.87 47332.57 52631.16 57353.58 61878.81 65691.43 100954.5 10 
0.9001972 0.900596 0.9004167 0.0976092 0.1111636 0.1250228 0.1413658 0.1699205 0.1950206 0.249287 0.3295022 0.5042533 1 9854.666 18725.81 26984.57 34415.54 40997.11 47243.05 52376.62 57283.19 61621.8 65789.8 100960.4 11 
0.8991839 0.8992798 0.9007489 0.1000665 0.1095635 0.1257436 0.1439639 0.1660526 0.199712 0.2480701 0.3348162 0.4981716 1 10107.05 19195.15 27218.89 34652.15 41345.55 47235.58 52561.88 57291.38 61693.17 65546.6 101003.4 12 
0.9012758 0.9003446 0.8998763 0.09836526 0.1107146 0.126389 0.1410638 0.1663735 0.2014415 0.2447147 0.3312046 0.5026221 1 9934.051 18887.37 27104.12 34662.76 41219.78 47259.66 52797.64 57483.84 61927.41 66083.42 100991.5 13 
0.9006197 0.8984083 0.8996196 0.09869125 0.112028 0.1249911 0.143841 0.1651294 0.1984624 0.2535976 0.3334357 0.5025249 1 9964.408 18938.55 27251.1 34642.95 41370.59 47255.41 52589.36 57636.1 61990.06 65957.58 100965.5 14 
0.8987561 0.8979254 0.9004395 0.1005397 0.1122324 0.1232028 0.1422282 0.1674362 0.1983832 0.2527359 0.3322804 0.4942819 1 10161 19293.27 27542.27 34696.4 41247.48 47233.92 52476.52 57401.29 61647.82 65396.65 101064.6 15 
0.9005147 0.8995277 0.8992196 0.09802615 0.111639 0.1258766 0.1440657 0.1671207 0.2008914 0.2458823 0.3354695 0.5044428 1 9898.459 18812.17 27108.63 34596.56 41343.96 47347.86 52766.42 57423.83 61904.01 65930.82 100977.7 16 
0.8987915 0.8993182 0.8998323 0.09924273 0.1124096 0.1235689 0.1433172 0.1661915 0.1967254 0.2527064 0.330226 0.4993417 1 10019.8 19025.51 27322.81 34531.98 41176.09 47080.99 52257.35 57226.52 61452.03 65377.89 100962.6 17 
0.9010791 0.9002799 0.9005031 0.09824378 0.1122536 0.1263031 0.1401607 0.1658768 0.1982229 0.2524669 0.3379563 0.4970207 1 9914.829 18848.87 27200.06 34713.45 41172.96 47167.6 52536.81 57587.48 62145.29 65981.99 100920.7 18 
0.9005632 0.8996389 0.8992391 0.0990505 0.1106802 0.1236034 0.1435167 0.1679284 0.1972026 0.2525009 0.3358997 0.502465 1 10005 19015.13 27196.67 34495.75 41245 47345.19 52605.42 57620.82 62080.04 66028.74 101009 19 
0.8999913 0.9004958 0.9008338 0.100049 0.1134489 0.1232012 0.1448029 0.1660675 0.2011832 0.2508679 0.336616 0.5056746 1 10102.18 19194.06 27583.62 34750.24 41503.19 47384.24 52780.18 57596.89 61984.29 65897.95 100972.4 20 
0.8990789 0.9004132 0.9009606 0.09993162 0.1110139 0.1264999 0.1424755 0.1651766 0.2021552 0.2480284 0.330431 0.4999311 1 10096.57 19174.19 27334.52 34802.51 41351.28 47180.36 52638.39 57329.88 61565.91 65505.06 101034.8 21 
0.8999897 0.8999961 0.9007538 0.09873283 0.1113769 0.1264032 0.1437071 0.1676339 0.2008017 0.2504339 0.3320531 0.4989956 1 9976.787 18955.79 27203.29 34712.27 41400.59 47408.46 52785.61 57591.96 61855.69 65730.72 101048.3 22 
0.9002532 0.8983543 0.8995495 0.1001886 0.1097518 0.1274048 0.1429444 0.1685159 0.2016837 0.2508665 0.3349318 0.4992695 1 10119.76 19230.11 27287.02 34873.84 41487.69 47546.54 52951.47 57746.19 62064.35 65865.01 101007.1 23 
0.8991589 0.9001996 0.9000007 0.1000003 0.1108032 0.1248982 0.1440556 0.1644467 0.2026706 0.2519966 0.3313144 0.5005205 1 10103.42 19188 27328.44 34671.27 41367.85 47155.75 52656.47 57514.13 61713.59 65591.48 101033.9 24 
0.8993631 0.8999556 0.9001304 0.0972724 0.1111329 0.125334 0.1413237 0.165617 0.1991599 0.2498275 0.3351795 0.502857 1 9826.15 18663.43 26919.48 34369.51 40930.13 46893.46 52290.65 57191.02 61663.92 65660.14 101016.8 25 
0.898894 0.900977 0.9001601 0.1003067 0.1099101 0.1255016 0.1443842 0.1680467 0.2010115 0.2519952 0.3311113 0.499127 1 10127.99 19231.99 27272 34662.41 41367.24 47351.69 52681.79 57489.59 61637.46 65448.66 100970.2 26 
0.8994113 0.9006684 0.899058 0.09955834 0.1115815 0.1247889 0.1459727 0.1616155 0.2007911 0.2527138 0.3380605 0.5020267 1 10053.47 19095.68 27320.68 34653.16 41487.83 47073.04 52502.48 57445.51 61887.86 65709.54 100980.7 27 
0.8996593 0.899168 0.9007378 0.09930392 0.1116231 0.1219391 0.1431181 0.1683084 0.1991643 0.2476854 0.3410847 0.5003968 1 10027.13 19048.13 27288.62 34402.56 41103.84 47210.9 52543.16 57299.48 61939.62 65767.96 100974.2 28 
0.9007156 0.9000139 0.899664 0.09932929 0.1089363 0.124716 0.1435694 0.1643479 0.2012919 0.2490672 0.3315451 0.5006123 1 10033.29 19070.44 27087.76 34508.64 41269.6 47159.43 52699.19 57569.1 61951.48 65992.93 101010.4 29 
0.8988862 0.9004697 0.9005996 0.1009033 0.1102197 0.1239302 0.1437264 0.1638183 0.1992506 0.2471535 0.3362409 0.5025476 1 10192.53 19354.45 27407.64 34651.16 41322.61 47075.02 52415 57146.97 61643.38 65603.54 101012.9 30 
0.8992522 0.9011894 0.9009076 0.09906997 0.1096176 0.125102 0.1403763 0.1679138 0.199863 0.2482724 0.3347711 0.4995894 1 10007.95 19007.62 27069.06 34479.5 40958.04 47065.07 52458.69 57247.49 61691.16 65613.02 101019 31 
0.9013858 0.8997226 0.8993196 0.1002866 0.1102851 0.1276992 0.142711 0.1687231 0.2005682 0.2479747 0.3307582 0.4962183 1 10125.35 19252.2 27371.83 34993.31 41603.58 47698.3 53071.39 57797.59 62088.4 65996.31 100964.2 32 
0.9010888 0.8994284 0.8999811 0.1001376 0.1114159 0.1256353 0.1419184 0.1679526 0.2000664 0.2546527 0.3329279 0.4957513 1 10119.93 19238.89 27468.15 34903.59 41478.58 47558.58 52947 57986 62264.06 66052.02 101060.2 33 
0.9003485 0.8998953 0.8994741 0.09802757 0.1108551 0.1271523 0.1435026 0.1680349 0.2001685 0.2494652 0.3287626 0.50533 1 9897.964 18809.58 27031.11 34633.88 41325.45 47379.8 52739.92 57533.74 61740.38 65843.28 100971.2 34 
0.8994301 0.9003796 0.9012651 0.09851799 0.1117974 0.125011 0.1444018 0.1665243 0.1957231 0.2518393 0.3345305 0.5035463 1 9952.547 18904.17 27184.37 34562.42 41306.76 47236.66 52364.67 57321.45 61716.53 65686.74 101022.6 35 
0.8992476 0.900823 0.8993787 0.09782475 0.1121842 0.1246116 0.1407594 0.1659105 0.2010657 0.2526571 0.335623 0.5024851 1 9873.307 18751.85 27077.51 34423.03 40915.89 46881.79 52355.85 57318.48 61706.89 65599.16 100928.5 36 
0.8976902 0.9005665 0.9003696 0.099546 0.1100208 0.1245223 0.1459171 0.1664296 0.1947793 0.2499945 0.3357919 0.4998188 1 10055.99 19083.16 27138.54 34442.67 41260.59 47113.61 52121.6 56946.28 61352.56 65192 101018.5 37 
0.9019983 0.8985072 0.8977932 0.09922276 0.1104994 0.124595 0.1429791 0.164719 0.1981643 0.2504149 0.3296174 0.5007697 1 10024.51 19066.6 27254.13 34669.11 41403.52 47349.58 52761.74 57776.77 62164.52 66307.95 101030.3 38 
0.8999285 0.9004243 0.8987929 0.1014312 0.1093354 0.1236476 0.1413887 0.1647753 0.196632 0.2470279 0.3341747 0.501569 1 10246.3 19467.23 27443.59 34693.75 41239.28 47136.11 52409.78 57248.3 61790.24 65870.97 101017.2 39 
0.8987588 0.8995191 0.9007509 0.09812505 0.1112803 0.1241827 0.14492 0.1674303 0.1983323 0.2486568 0.3390081 0.501065 1 9908.649 18814.13 27043.8 34356.79 41151.24 47133.5 52370.4 57127.98 61648.83 65474.65 100979.8 40 
0.9005433 0.900619 0.9000836 0.09930631 0.1109846 0.1243086 0.1457402 0.1650304 0.1991272 0.2508315 0.3376616 0.5005749 1 10028.57 19059.73 27259.02 34599.87 41478.66 47336.16 52685.78 57592.09 62096.75 65968.18 100986.2 41 
0.9001144 0.9006217 0.8994936 0.1005195 0.1117309 0.1271468 0.1415462 0.168654 0.2039662 0.2495911 0.3345339 0.5021529 1 10151.8 19289.59 27512.64 35024.22 41495.2 47547.69 53050.8 57738.66 62016.13 65855.29 100993.3 42 
0.900831 0.9001377 0.9001491 0.09837981 0.110976 0.1260346 0.1422685 0.1652066 0.2000497 0.2484133 0.333144 0.4979148 1 9934.105 18883.05 27114.03 34626.32 41256.28 47188.74 52641.72 57486.48 61930.76 65900.6 100977.1 43 
0.8991412 0.9022351 0.9001151 0.0989846 0.1100476 0.1241614 0.1428013 0.1646688 0.1988919 0.2479255 0.3363507 0.501609 1 9992.941 18978.01 27074.01 34394.4 41050.1 46917.71 52282.97 57093.04 61622.76 65589.84 100954.5 44 
0.8996666 0.8997386 0.9004404 0.09944249 0.1107147 0.1245716 0.1425113 0.1659264 0.20627 0.2504118 0.3327178 0.5063355 1 10045.02 19082.19 27239.14 34583.59 41206.26 47148.08 52865.25 57628.39 61873 65846.95 101013.4 45 
0.9005154 0.8998632 0.900882 0.09896524 0.1104778 0.1235265 0.1420695 0.1664091 0.197947 0.2459065 0.3347748 0.498103 1 9998.289 19001.9 27168.3 34467.81 41121.59 47162.95 52517.91 57303.75 61879.91 65895.69 101028.3 46 
0.9018476 0.9008769 0.9002822 0.0983162 0.1113511 0.1255176 0.1443118 0.1678983 0.1998638 0.2511849 0.3347945 0.4948935 1 9924.686 18875.24 27157.98 34645.04 41452.28 47545.87 52945.04 57870.6 62293.13 66112.93 100946.6 47 
0.8997619 0.8996798 0.9003239 0.09709948 0.111952 0.1279374 0.140225 0.1650631 0.2036661 0.2475092 0.3351774 0.4963182 1 9804.708 18626.61 26966.31 34621.63 41051.95 46957.19 52573.13 57293.33 61730.44 65564.43 100975.9 48 
0.8991592 0.8993078 0.900488 0.09731835 0.1109275 0.1259516 0.1422264 0.1631855 0.2039869 0.2480418 0.3341758 0.4987797 1 9829.874 18668.5 26900.04 34397.49 41006.04 46788.75 52444.97 57198.09 61603.24 65500.97 101007.4 49 
0.8999514 0.9002945 0.9006807 0.09827777 0.1090392 0.122611 0.1419921 0.165412 0.2008983 0.2557556 0.3340396 0.4965257 1 9925.738 18858.42 26901.97 34159.21 40850.33 46867.22 52419.89 57594.25 61959.71 65786.14 100996.8 50 
0.9007299 0.8992201 0.898839 0.09842811 0.111301 0.1241056 0.1438139 0.1651672 0.2002478 0.2517318 0.331579 0.4978848 1 9944.283 18901.4 27163.09 34512.78 41283.45 47211.82 52673.47 57647.44 61980.85 65921.01 101030.9 51 
0.8998941 0.8994402 0.9001918 0.09889229 0.1121498 0.1233791 0.1422361 0.1666028 0.2000446 0.2508326 0.3348036 0.501746 1 9989.658 18979.29 27287.89 34527.39 41147.88 47153.06 52564.01 57464.2 61873.51 65809.73 101015.5 52 
0.8998538 0.9001379 0.8996362 0.09863236 0.1101109 0.1260733 0.1440208 0.1660471 0.2001556 0.2530286 0.3315995 0.4946919 1 9961.853 18926.06 27054.97 34559.19 41294.89 47222.37 52609.17 57569.09 61816.7 65610.33 100999.8 53 
0.8987435 0.898934 0.9000142 0.09906468 0.110317 0.1248632 0.1448663 0.1708325 0.1992833 0.2556202 0.3340613 0.5028468 1 10000.79 18988.93 27099.65 34459.29 41228.66 47398.85 52605.56 57556 61725.69 65497.22 100952.1 54 
0.899439 0.8999127 0.9004948 0.0988261 0.1124575 0.1237562 0.1447029 0.167227 0.1984451 0.2524182 0.3330976 0.4980654 1 9977.588 18951.82 27277.78 34528.22 41294.94 47262.74 52511.35 57427.8 61712.47 65537.99 100961.1 55 
0.9001137 0.8984714 0.899587 0.0987981 0.1101257 0.1264198 0.1387297 0.166582 0.198044 0.2476105 0.3329997 0.5028238 1 9990.419 18982.93 27122.46 34665.11 41030.38 47095.81 52462.12 57319.29 61810.99 65927.17 101119.5 56 
0.8999545 0.9000893 0.8999347 0.09889839 0.1114982 0.1260042 0.1427067 0.1671532 0.2001095 0.2512966 0.3310026 0.4998709 1 9984.615 18970.31 27215.82 34677.96 41290.15 47282.69 52645.87 57517.89 61762.33 65685.13 100958.3 57 
0.8993782 0.8996781 0.8997417 0.09955854 0.110732 0.1278736 0.1417583 0.1673309 0.197506 0.2485913 0.3311411 0.49909 1 10057.04 19102.12 27252.14 34853.31 41346.49 47316.96 52512.68 57285.77 61587.92 65538.65 101016.3 58 
0.8998079 0.8992071 0.8998774 0.09913188 0.1099688 0.1251121 0.1433185 0.1684123 0.1972091 0.2506776 0.3355128 0.4965421 1 10015.61 19027.73 27130.38 34547.27 41243.36 47336.4 52550.86 57446.48 61881.18 65702.47 101033.1 59 
0.8986876 0.8991558 0.9001927 0.1001095 0.109883 0.123178 0.1413575 0.1667596 0.2022568 0.2493911 0.3349589 0.503847 1 10118.35 19211.58 27259.55 34470.32 41012.67 47022.07 52530.46 57312.84 61693.03 65633.1 101072.7 60 
0.9006893 0.8998697 0.8992275 0.09827848 0.1123813 0.1250178 0.1414143 0.1663499 0.2013971 0.2501114 0.3360715 0.5066842 1 9930.428 18874.66 27239.63 34645.12 41211.42 47225.48 52736.15 57615.6 62087.51 66125.34 101043.8 61 
0.9018297 0.9012312 0.8993471 0.09908838 0.1107671 0.1254941 0.1433618 0.1648258 0.2006499 0.2517961 0.3301749 0.4983422 1 10004.05 19025.99 27233.23 34709.92 41442.65 47361.23 52865.52 57861 62173.61 66172.62 100960.9 62 
0.9004583 0.9000112 0.8999025 0.1005131 0.1108656 0.1259311 0.1420252 0.1666504 0.1993712 0.2455444 0.3347097 0.4971254 1 10155.42 19299.96 27454.32 34897.33 41454.69 47426.9 52774.05 57448.48 61939.79 65862.72 101035.9 63 
0.8992453 0.900978 0.9001148 0.09892743 0.111197 0.1221754 0.1427401 0.167111 0.2013219 0.2466581 0.3342038 0.5018897 1 9990.342 18974.11 27180.88 34323.55 40999.33 47039.24 52505.15 57201.29 61631.22 65613.36 100986.6 64 
0.8994451 0.900288 0.900415 0.09775545 0.1108622 0.1262621 0.1435124 0.1681896 0.2003492 0.247457 0.335494 0.4983369 1 9867.988 18743.7 26956 34470.22 41158.41 47212.27 52564.24 57253.53 61673.51 65517.19 100945.7 65 
0.900184 0.9007191 0.9010492 0.09640221 0.1123069 0.126209 0.144674 0.1659399 0.2012924 0.2552312 0.3299485 0.4962013 1 9731.127 18490.93 26888.96 34423.92 41223.43 47150.31 52603.59 57641.88 61794.48 65608.6 100943 66 
0.8995043 0.9002152 0.9004448 0.09928476 0.1097587 0.1257404 0.1435239 0.1670261 0.1972508 0.2536168 0.3303129 0.501984 1 10029.96 19051.94 27124.48 34584.19 41272.9 47256.13 52473.01 57485.94 61708.07 65683.26 101022.1 67 
0.9002679 0.8988054 0.8996604 0.09947726 0.1103267 0.1283624 0.1407476 0.1658517 0.2007335 0.2510166 0.3309177 0.5005743 1 10054.62 19106.47 27242.88 34920.42 41372.19 47304.8 52742.16 57631.95 61906.12 65875.38 101074.5 68 
0.900494 0.9005864 0.8991958 0.09972741 0.1105763 0.1251706 0.1412286 0.1640105 0.2030303 0.2495712 0.334089 0.4972285 1 10075.58 19148.58 27300.72 34710.2 41251.36 47114.67 52742.23 57599.99 62020.49 65910.6 101031.2 69 
0.8992362 0.9000915 0.8995261 0.09737431 0.1122489 0.1256214 0.1443768 0.1643342 0.1978786 0.2503533 0.3364031 0.4965209 1 9835.739 18680.39 27032.25 34476.13 41220.02 47017.64 52293.21 57185.72 61659.53 65472.19 101009.6 70 
0.900985 0.8999739 0.8987574 0.09858162 0.1135724 0.1262651 0.142491 0.1673663 0.2011634 0.2558712 0.3316001 0.5047325 1 9952.572 18919.69 27382.02 34856.53 41448.5 47460.16 52884.39 57934.38 62117.79 66059.38 100957.7 71 
0.8993813 0.8990514 0.9001557 0.09798636 0.1126501 0.1246075 0.1400357 0.1645604 0.2025431 0.2493209 0.3355468 0.5019393 1 9896.088 18796.44 27167.42 34506.66 40944.05 46838.47 52422.91 57256.29 61707.43 65648.87 100994.5 72 
0.8997529 0.8999087 0.8997847 0.09859485 0.1110624 0.1258854 0.1427747 0.166026 0.1986591 0.2497113 0.335767 0.4980571 1 9947.752 18898.27 27104.62 34564.87 41189.62 47118.25 52431.38 57284.88 61741.33 65600.95 100895.2 73 
0.899703 0.8992642 0.8996653 0.09924363 0.1105004 0.124386 0.1411611 0.1646693 0.1991615 0.2548427 0.3358801 0.5017145 1 10019.37 19033.83 27173.48 34509.56 41046.49 46946.42 52357.81 57476.77 61896.78 65792.18 100957.3 74 
0.899863 0.9004135 0.900342 0.0996848 0.1086014 0.126047 0.1406104 0.1645838 0.2000802 0.2504209 0.3335034 0.4992332 1 10071.02 19133.55 27095.69 34602.23 41100.87 47007.65 52479.23 57414.93 61838.74 65796.19 101028.6 75 
0.8985628 0.8997252 0.8996915 0.09866261 0.1109055 0.1242931 0.1418469 0.1697413 0.1999512 0.2527891 0.3379562 0.5033487 1 9964.252 18917.76 27094.4 34405.48 40968.72 47136.75 52452.24 57344.3 61729.44 65527.36 100993.2 76 
0.9009761 0.8994119 0.8983313 0.1004234 0.111418 0.1253965 0.1426082 0.1702435 0.2022912 0.2460096 0.334483 0.504903 1 10141.15 19278.09 27490.62 34890.55 41503.56 47698.74 53135.72 57730.57 62118.33 66118.07 100983.9 77 
0.9012294 0.8990653 0.8993125 0.09870074 0.1086455 0.127453 0.1433989 0.1644698 0.1987861 0.2519941 0.3316469 0.5009493 1 9973.759 18962.4 26984.55 34666.12 41399.75 47290.24 52697.33 57728.29 62103.1 66141.94 101050.5 78 
0.8989684 0.900289 0.9007979 0.09838169 0.1113231 0.1241817 0.143155 0.1664591 0.1992005 0.2476531 0.335223 0.5041063 1 9939.071 18873.98 27107.15 34420.54 41091.87 47051.94 52384.51 57133.75 61587.7 65588.47 101025.6 79 
0.9001983 0.8996101 0.900789 0.09889821 0.1092745 0.1288379 0.1438018 0.1667328 0.2009232 0.2474139 0.3360244 0.4978438 1 9988.864 18980.82 27031.87 34778.58 41463.29 47407.02 52799.28 57491.11 61935.06 65769.8 101001.5 80 
0.8996772 0.8995044 0.8989575 0.100015 0.1125282 0.1246364 0.1414781 0.1681317 0.1976124 0.2484455 0.3333424 0.4944461 1 10102.35 19191.21 27495.37 34792.19 41293.1 47344.27 52561.35 57342.67 61728.46 65561.23 101008.3 81 
0.9008647 0.9003219 0.8990983 0.09985013 0.1110423 0.1241146 0.142966 0.1651455 0.2006134 0.2519189 0.3371603 0.5047001 1 10075.24 19151.67 27338.85 34649.93 41325.64 47238.36 52706.6 57671.57 62156.64 66117.65 100903.6 82 
0.9013246 0.9004319 0.8987318 0.09846735 0.1098407 0.1248926 0.1436145 0.1656803 0.1997678 0.2457147 0.3318108 0.4959254 1 9940.834 18900.75 27032.84 34483.86 41263.3 47251.24 52708.42 57468.1 61943.18 65963.27 100955.6 83 
0.8988491 0.9007205 0.9000237 0.09727195 0.1088554 0.1254388 0.1409057 0.1663641 0.2001022 0.2516752 0.3319435 0.4960094 1 9823.187 18652.75 26689.66 34180.63 40734.49 46768.7 52219.91 57181.41 61507.81 65378.89 100986.8 84 
0.899511 0.8996664 0.9000637 0.09904493 0.1125679 0.1255821 0.1431454 0.1683629 0.1974457 0.2551234 0.332907 0.5036164 1 10003.82 19002.36 27336.4 34730.83 41348.83 47380.68 52554.71 57576.37 61804.71 65699.96 101002.8 85 
0.8991222 0.8996794 0.9014041 0.09843964 0.1118504 0.124747 0.1439794 0.1645987 0.1984063 0.2488212 0.3304956 0.5014936 1 9942.526 18882.07 27162.25 34510.94 41221.13 47036.43 52334.79 57151.67 61459.92 65493.78 101001.2 86 
0.899423 0.8991838 0.9003085 0.1010218 0.1088214 0.1261879 0.1436332 0.1651497 0.1973118 0.2507757 0.3264169 0.500177 1 10206.95 19387.32 27321.67 34788.12 41448.63 47283.31 52505.49 57403.84 61557.21 65611.99 101037.1 87 
0.9006656 0.899364 0.8991307 0.1001236 0.1107476 0.1258616 0.1429745 0.1676675 0.2034295 0.2514257 0.3311184 0.5001992 1 10109.48 19214.75 27368.65 34819.36 41458.69 47489.41 53021.16 57844.66 62046.19 65934.17 100970 88 
0.8999452 0.8991161 0.9006744 0.09748556 0.1124644 0.1252153 0.1414139 0.1636493 0.2016679 0.2491964 0.3341087 0.4918352 1 9851.85 18717.97 27102.78 34527.2 41086.66 46925.59 52485.27 57350.04 61795.2 65594.43 101059.6 89 
0.9011546 0.8997844 0.8999887 0.09927485 0.1110471 0.1265425 0.1419047 0.1658627 0.2001798 0.2482493 0.330797 0.5048439 1 10029.15 19066.96 27287 34825.85 41409.63 47372.39 52813.35 57634.32 61996.05 66140.89 101024 90 
0.9001435 0.8999481 0.9002846 0.09870321 0.1108995 0.1273972 0.1419519 0.165512 0.1975546 0.2470441 0.3325299 0.4987143 1 9961.787 18928.82 27126.62 34721.34 41272.22 47173.56 52445.95 57226.47 61664.9 65670.72 100926.7 91 
0.8995954 0.8995559 0.8997384 0.09973402 0.1108354 0.1261721 0.1423954 0.1698387 0.1971624 0.2520958 0.3317107 0.5032061 1 10072.71 19134.07 27290.41 34750.77 41321.17 47462.1 52613.12 57509.99 61753.34 65708.86 100995.7 92 
0.8999354 0.8990099 0.9012296 0.1002375 0.1121988 0.1233426 0.1436015 0.1686295 0.1999094 0.2499189 0.3352971 0.4968713 1 10122.33 19231.77 27501.87 34699.54 41382.42 47454.03 52770.89 57558.15 61930.06 65712.66 100983.5 93 
0.8997034 0.8999063 0.9011043 0.09839036 0.1094738 0.125285 0.1411898 0.166774 0.2021893 0.2512458 0.3375855 0.5007414 1 9940.056 18883.16 26960.84 34419.27 40984.91 47036.6 52584.64 57487.74 61960.76 65806.6 101026.7 94 
0.8994713 0.8995611 0.9016242 0.1006446 0.1101433 0.1253487 0.1431107 0.1656169 0.1983952 0.2481495 0.3386358 0.5032138 1 10165.04 19308.2 27371.96 34752.17 41376.18 47249.77 52528.08 57302.2 61857.89 65778.05 100999.4 95 
0.8986025 0.8999598 0.8998939 0.09985771 0.1114513 0.125167 0.1425211 0.1652358 0.1999857 0.2513483 0.3373493 0.5052386 1 10083.78 19145.09 27334.49 34672.21 41226.74 47057.67 52400.66 57257.35 61670.49 65558.83 100981.5 96 
0.9001907 0.8998979 0.8996636 0.09858521 0.1089485 0.1247531 0.1413199 0.1666256 0.1980402 0.2514928 0.3344541 0.5037996 1 9954.585 18915.61 26944.14 34372.76 40973.69 47040.6 52405.43 57420.05 61887.25 65934.43 100974.4 97 
0.9000928 0.8993332 0.8990288 0.09836958 0.1104452 0.1251668 0.142586 0.1661675 0.2006529 0.2551704 0.3311676 0.5031592 1 9938.619 18884.3 27058.6 34498 41159.48 47147.51 52606.8 57688.77 61918.37 65887.2 101033.5 98 
0.9002665 0.9001673 0.8996538 0.09962937 0.112476 0.125538 0.1429924 0.1661982 0.2000198 0.2514158 0.3310153 0.4999311 1 10060.29 19117.24 27436.58 34830.01 41446 47362.69 52724.28 57607 61856.61 65785.99 100977.2 99 
0.9001782 0.899731 0.9001171 0.1003858 0.1131881 0.1228859 0.1413967 0.165672 0.1965178 0.2512109 0.3334184 0.5111345 1 10136.4 19260.97 27620.1 34762.24 41282.89 47212.68 52446.71 57427.83 61848.65 66050.31 100974.5 100 
