0.0007675575 0.0006698186 0.0006401509 0.0008411643 0.000978194 0.001097186 0.001245775 0.001444117 0.001703367 0.002072981 0.002618607 0.003499435 1.997672e-17 101.7102 130.746 146.6336 157.0024 165.561 174.4063 185.6426 200.2809 219.0113 237.0027 1 
0.0007680177 0.0006687866 0.0006406493 0.0008480911 0.0009663982 0.001096825 0.001240647 0.001439681 0.001695815 0.002060651 0.002606817 0.003485616 4.49326e-17 102.4515 129.9391 146.5004 156.8609 165.6486 174.6074 185.9695 200.7418 219.4062 237.3692 2 
0.0007688963 0.0006701491 0.0006375303 0.0008427274 0.0009707491 0.001099305 0.001248424 0.001437535 0.001705519 0.002073694 0.002635304 0.003523234 1.987773e-17 101.7724 129.9676 146.3264 156.6656 164.8596 173.8511 184.8265 199.278 217.5143 235.575 3 
0.0007639983 0.0006654024 0.0006383008 0.000845216 0.0009730362 0.00109705 0.001254784 0.001441908 0.001698552 0.002065428 0.00261763 0.003497713 1.0016e-17 101.7992 130.0995 146.321 157.1466 165.3184 174.1725 185.4352 200.0886 218.597 236.5973 4 
0.0007667476 0.000668083 0.0006374649 0.0008424588 0.0009763384 0.001090769 0.001252812 0.00144599 0.001702758 0.002070297 0.00261987 0.003500616 1.437238e-17 101.6071 130.3078 145.8548 156.7492 164.9832 173.6204 184.6769 199.1216 217.4642 235.1627 5 
0.0007671752 0.0006702536 0.0006329708 0.000842909 0.0009754588 0.001104467 0.001250665 0.001439682 0.001704975 0.002067336 0.002621286 0.003501654 1.107869e-17 101.59 130.0832 146.3579 156.3939 164.4271 173.2379 184.0714 198.4157 216.4083 233.7694 6 
0.0007674413 0.0006674059 0.0006396899 0.0008428213 0.0009713603 0.001086334 0.001239649 0.001430278 0.00169468 0.002059579 0.002611866 0.003488609 1.367844e-17 101.7141 130.0696 145.7698 156.5117 165.0077 174.093 185.1564 199.6452 217.9954 235.9582 7 
0.000768418 0.0006653715 0.0006390937 0.0008433393 0.0009686629 0.001096012 0.001246418 0.001447274 0.001700582 0.002068929 0.002618929 0.003498791 1.95357e-17 101.9305 130.0104 146.368 156.862 165.456 174.1034 185.372 200.0388 218.662 236.7791 8 
0.0007648956 0.0006673156 0.0006358556 0.0008419475 0.0009678717 0.001088243 0.001248954 0.001446017 0.001701102 0.002064897 0.002611739 0.003488341 2.432983e-17 101.5731 129.6855 145.6885 156.6847 165.1064 173.6465 184.6043 199.0336 217.3654 234.9797 9 
0.0007678514 0.0006665942 0.0006411153 0.0008405198 0.0009754659 0.001101963 0.001254337 0.001439135 0.001697743 0.002061019 0.002625241 0.003510345 1.374973e-17 101.4557 130.3159 146.6048 157.018 164.9981 173.8661 185.0751 199.778 218.0003 236.1109 10 
0.0007689806 0.0006670028 0.0006399686 0.0008346859 0.0009713826 0.00109301 0.001241943 0.001438685 0.001683681 0.002056713 0.002604138 0.00348024 2.011974e-17 100.8936 130.0242 146.2444 156.7582 165.306 173.9136 185.3679 199.874 218.3635 236.3078 11 
0.0007694861 0.0006715451 0.0006390753 0.0008453864 0.0009704823 0.001097667 0.001248377 0.001439674 0.00170058 0.002062621 0.002617988 0.003500065 1.355494e-17 102.1707 130.1324 146.4255 156.9153 165.2741 174.2403 185.4254 200.1512 218.5492 236.4303 12 
0.0007668549 0.000665266 0.0006404897 0.000838822 0.0009725854 0.001102375 0.001240278 0.001440181 0.00170045 0.002053996 0.002607112 0.003485771 2.136173e-17 101.2254 130.086 146.7142 156.6925 165.3435 174.2108 185.2852 200.1568 218.6263 236.6158 13 
0.0007675802 0.000671073 0.0006414977 0.0008399692 0.0009788085 0.001096337 0.001250118 0.001435704 0.001693907 0.002073386 0.002623332 0.003505547 1.853823e-17 101.4832 130.6677 146.502 157.0982 165.2653 174.2463 185.6405 200.0491 218.6236 236.6553 14 
0.0007704064 0.0006749602 0.0006381189 0.0008481063 0.0009807952 0.001094583 0.001247148 0.001448281 0.001706232 0.00208472 0.002633858 0.003513017 4.134399e-18 102.4569 130.9358 146.3103 156.7869 165.4429 174.2676 185.6056 200.081 218.797 236.7936 15 
0.0007671779 0.0006689959 0.0006390816 0.0008394617 0.0009774723 0.001101347 0.001254462 0.001444006 0.001700788 0.002059119 0.002617084 0.003501422 4.837502e-17 101.0908 130.1827 146.3629 156.8408 164.9547 173.6848 184.7877 199.5071 217.7292 235.5064 16 
0.0007718189 0.000671112 0.0006421258 0.000842137 0.000979677 0.001092846 0.001248069 0.001438763 0.001692652 0.002069108 0.002614605 0.003491632 1.314461e-17 101.6958 130.6945 146.1564 156.7696 165.1002 173.986 185.4477 199.9448 218.5496 236.4236 17 
0.0007638527 0.0006667478 0.0006354409 0.0008405156 0.0009799111 0.001103552 0.001243743 0.001441339 0.001697517 0.002071195 0.002629543 0.003513054 1.138103e-17 101.174 130.3842 146.5208 156.4348 164.8754 173.5625 184.6862 198.9666 217.1367 235.0362 18 
0.0007694921 0.0006698778 0.0006424334 0.0008412216 0.0009720604 0.001093348 0.001247205 0.001442655 0.001694522 0.002068643 0.002628899 0.003514743 7.305946e-18 101.6637 130.1991 146.2738 156.9731 165.48 174.2449 185.6706 200.2815 218.7946 237.1567 19 
0.0007625533 0.0006644291 0.0006346243 0.00084605 0.0009838701 0.001095373 0.001254472 0.001443123 0.001705496 0.002069968 0.002626363 0.003513364 1.352961e-17 102.0355 131.0659 146.359 156.9997 165.0798 173.911 184.9359 199.4689 217.6898 235.5137 20 
0.0007670163 0.0006662778 0.0006360348 0.0008441758 0.000973666 0.001101096 0.001244692 0.001431309 0.001703242 0.002063018 0.002612933 0.003491865 1.8779e-17 101.9906 130.3621 146.6318 156.7046 164.891 174.0799 185.0211 199.6187 217.9604 235.7229 21 
0.0007655265 0.0006669172 0.0006354022 0.0008399037 0.0009743157 0.001099516 0.00124872 0.001447072 0.001702914 0.002071553 0.002623657 0.003503221 1.088465e-17 101.4809 130.314 146.5677 156.9117 165.3204 173.9288 185.0492 199.572 218.0481 235.9984 22 
0.0007687798 0.0006714444 0.000641016 0.0008478024 0.0009744425 0.001107303 0.001252552 0.001450678 0.001712235 0.002083099 0.002640593 0.00352681 1.712326e-17 102.1978 130.2619 146.8533 157.027 165.5233 174.4116 185.7019 200.4722 219.2279 237.5711 23 
0.0007666665 0.0006681597 0.0006386817 0.0008463638 0.0009757468 0.001097393 0.001256185 0.001440565 0.00170737 0.002081047 0.00263525 0.003522605 1.779815e-17 102.1045 130.3847 146.2677 156.9563 164.9279 173.9036 184.9757 199.376 217.7756 235.7482 24 
0.0007696619 0.0006704565 0.0006408339 0.0008352726 0.000972884 0.00109799 0.001243012 0.001433248 0.001692139 0.002055731 0.002614827 0.003496382 1.783957e-17 100.7652 129.8547 146.1684 156.3847 164.6584 173.5035 184.5657 199.0244 217.0807 234.8655 25 
0.0007712495 0.0006652559 0.0006408281 0.0008452587 0.0009683633 0.001094267 0.001247397 0.001439418 0.001700553 0.002072295 0.002618233 0.00349562 1.31659e-17 102.0803 129.9058 146.0788 156.6406 164.9788 173.8957 185.115 199.6467 218.2653 236.3006 26 
0.0007715254 0.0006667638 0.0006416753 0.0008431964 0.0009750857 0.001095743 0.001257682 0.00143104 0.001704878 0.002075013 0.002636466 0.003522798 2.092057e-17 101.7798 130.3356 146.2237 157.0772 164.7844 174.1233 185.2779 199.9272 218.4398 236.9032 27 
0.0007690574 0.0006703042 0.0006392056 0.0008413852 0.0009753389 0.00108668 0.0012441 0.001441692 0.001697538 0.002055862 0.002619286 0.003503832 6.250453e-17 101.7309 130.4839 145.9139 156.7356 165.3097 174.0743 185.1933 199.9271 218.1238 236.1399 28 
0.0007676574 0.0006680068 0.0006388224 0.0008424559 0.0009666932 0.001092479 0.00124553 0.00142804 0.001696379 0.002058818 0.002605586 0.003481484 1.128132e-17 101.7323 129.7311 146.0736 156.7823 164.9549 174.1509 185.1778 199.7228 218.1363 235.9072 29 
0.0007688453 0.000668079 0.0006380594 0.0008477298 0.0009727975 0.00109349 0.001246512 0.001433414 0.001693603 0.002056196 0.002609795 0.003490395 1.887073e-17 102.4819 130.4433 146.2793 156.83 165.0899 174.1463 185.3886 200.0469 218.3062 236.0737 30 
0.0007646774 0.0006645239 0.0006346962 0.0008434514 0.0009717357 0.001098974 0.001239991 0.001443479 0.001701349 0.002059045 0.002617966 0.003498715 1.17533e-17 101.5194 129.7942 146.0957 156.1149 164.7599 173.366 184.229 198.7025 216.6992 234.3975 31 
0.0007661889 0.0006666311 0.0006386549 0.00084513 0.0009719824 0.001102784 0.001246013 0.001443861 0.001699724 0.002064525 0.002609237 0.003484198 1.395676e-17 102.1844 130.406 146.9766 157.1508 165.724 174.5767 185.9201 200.7271 219.4861 237.4388 32 
0.0007641409 0.0006666421 0.000637419 0.000846519 0.0009773594 0.001099857 0.001249287 0.001451206 0.001702282 0.002081506 0.002633471 0.003515859 1.328994e-17 102.1609 130.6547 146.683 157.0629 165.6667 174.2778 185.6749 200.1718 218.8627 237.0604 33 
0.0007691643 0.0006685025 0.0006407496 0.0008370067 0.0009728031 0.001102332 0.001247726 0.001441848 0.001703304 0.002065359 0.002609422 0.003487917 2.362079e-17 101.1097 130.0794 146.6485 156.8553 165.1928 174.0312 185.1285 199.8353 218.4642 236.2915 34 
0.0007669233 0.0006677024 0.0006359646 0.0008404928 0.0009759463 0.0010988 0.001251197 0.001443876 0.001694269 0.00206722 0.002622653 0.003506496 7.603017e-18 101.3518 130.1859 146.2161 156.6164 164.7899 173.326 184.5333 198.8494 216.9574 234.6403 35 
0.0007703255 0.0006674448 0.0006394145 0.0008347825 0.0009733274 0.001090825 0.001238393 0.001431904 0.001695608 0.002066528 0.002622554 0.003504594 2.263992e-17 100.953 130.163 146.0209 156.3753 164.808 173.7365 184.77 199.1193 217.4176 235.5534 36 
0.0007719088 0.0006691206 0.0006389851 0.0008408554 0.0009687164 0.001090935 0.001248695 0.001437438 0.001683767 0.002055534 0.002607735 0.003482462 2.608531e-18 101.8083 130.0216 145.9953 156.7203 164.8749 173.4968 184.9009 199.3253 217.4974 235.1565 37 
0.0007705406 0.0006721506 0.0006449523 0.0008426873 0.0009741156 0.00109662 0.00124869 0.001435634 0.001695998 0.002064092 0.00261172 0.003492095 3.08296e-17 101.7985 130.4176 146.6351 157.3389 165.7502 174.9758 186.5029 201.432 220.3652 238.6522 38 
0.0007750586 0.0006699749 0.0006468617 0.0008501696 0.0009699957 0.001094593 0.001241647 0.001432574 0.001684452 0.002052569 0.002607007 0.003486372 1.623968e-17 102.7423 130.3171 146.4587 156.9406 165.6069 174.8373 186.6495 201.6692 220.3912 238.7632 39 
0.0007685238 0.0006701315 0.0006380058 0.0008373289 0.0009731979 0.001092461 0.001248155 0.001439094 0.001694845 0.002062914 0.002623477 0.003507552 1.780366e-17 101.1857 130.108 146.0354 156.7106 164.9398 173.6446 184.7561 199.1804 217.3064 235.2019 40 
0.0007649317 0.000664587 0.0006381769 0.0008418232 0.0009744145 0.001091338 0.001253258 0.001436651 0.001694551 0.002067923 0.002627542 0.003510961 1.003334e-16 101.6838 130.3947 146.1846 157.1422 165.1636 174.0404 185.2882 199.7399 218.0757 236.2856 41 
0.0007670032 0.0006644371 0.0006393096 0.0008459431 0.0009759013 0.00110537 0.001246303 0.001445306 0.001712344 0.002074486 0.002630149 0.003515206 1.253789e-17 102.255 130.6964 147.0803 157.0248 165.56 174.5521 185.6769 200.5603 219.2681 237.6387 42 
0.0007650152 0.0006662423 0.0006365295 0.0008392077 0.0009730519 0.001098532 0.001246373 0.001433305 0.001698694 0.00206208 0.002611678 0.003487688 2.915065e-18 101.2357 130.0597 146.3985 156.7574 164.937 173.9267 184.9155 199.4093 217.767 235.5569 43 
0.0007698346 0.0006634973 0.0006408571 0.0008408629 0.000969015 0.001089514 0.001239729 0.001429845 0.001688961 0.002052914 0.002607527 0.003484078 1.138416e-17 101.4205 129.7642 145.7613 156.3 164.7002 173.6604 184.8072 199.3244 217.5358 235.5223 44 
0.0007680913 0.0006696082 0.0006374494 0.0008429927 0.0009733784 0.001094029 0.001243066 0.001434793 0.001713169 0.002071387 0.002619185 0.003502115 1.259701e-17 101.838 130.2656 146.195 156.6051 165.0029 174.2256 184.9515 199.5527 218.0421 235.888 45 
0.0007639062 0.0006678419 0.0006365435 0.0008440556 0.0009768584 0.00109697 0.001248493 0.001444281 0.001700712 0.002061829 0.002620095 0.003501886 1.448896e-17 101.5755 130.2097 146.1314 156.6117 165.015 173.7028 184.7327 199.271 217.4114 235.1313 46 
0.0007615278 0.0006617809 0.0006337521 0.0008374318 0.0009728528 0.001095622 0.001246452 0.001442515 0.001700329 0.002071745 0.002620629 0.00349786 9.837425e-18 101.1547 130.1932 146.4293 156.9259 165.293 173.919 184.9412 199.3009 217.7887 235.8135 47 
0.000767822 0.0006696261 0.0006387613 0.0008360889 0.0009774194 0.001108495 0.001246335 0.001437278 0.001713578 0.002073897 0.002629304 0.003512877 1.192075e-17 100.6757 130.0358 146.6441 156.4137 164.6033 173.6647 184.3755 198.8928 217.2269 235.1278 48 
0.0007702572 0.0006718673 0.0006392164 0.0008360189 0.0009732913 0.001102189 0.001246121 0.001431969 0.001708795 0.002069361 0.002624339 0.003507329 1.128151e-17 100.8315 129.8707 146.4044 156.557 164.6996 173.9193 184.7216 199.2978 217.6922 235.6695 49 
0.0007683974 0.0006685437 0.0006373216 0.000839155 0.0009661104 0.001086023 0.001240964 0.001431295 0.001693771 0.002072692 0.002619866 0.003495051 2.680261e-17 101.2145 129.4344 145.4785 156.3209 164.7307 173.6556 184.7145 198.8143 217.2339 235.1864 50 
0.0007698221 0.000671066 0.0006420622 0.0008392604 0.0009737606 0.001094029 0.00124939 0.001438364 0.001698299 0.002072396 0.00262069 0.003500739 1.629522e-17 101.3858 130.2324 146.2789 157.0283 165.3262 174.2936 185.6076 200.1737 218.8979 237.0459 51 
0.0007689458 0.0006700315 0.0006390148 0.0008408345 0.0009771499 0.001094326 0.001245268 0.001437793 0.00170084 0.002072896 0.002622955 0.003504544 3.45318e-17 101.5633 130.5171 146.2845 156.7607 165.1608 174.1381 185.3162 199.8097 218.3742 236.4239 52 
0.0007699545 0.00066754 0.0006409299 0.0008399244 0.0009692709 0.001098033 0.001252521 0.001439995 0.001700905 0.002075139 0.002621926 0.003500459 1.542967e-17 101.3775 129.7762 146.2635 156.8989 165.0237 173.907 185.128 199.6235 218.2926 236.3675 53 
0.0007705252 0.0006718236 0.0006401317 0.0008438169 0.0009744631 0.001096768 0.001256085 0.001456497 0.001712734 0.002091484 0.00264524 0.003535062 1.165736e-17 101.6136 129.9493 145.898 156.6388 165.0263 173.5331 184.6854 199.0771 217.6515 235.7441 54 
0.0007691634 0.0006689967 0.0006389343 0.0008406051 0.0009789131 0.001092873 0.001251104 0.001445741 0.001698202 0.002073277 0.00262372 0.003503486 5.814422e-17 101.4969 130.6073 146.1681 156.9084 165.2548 173.9328 185.2826 199.8005 218.3904 236.4337 55 
0.0007733569 0.0006749391 0.0006437832 0.0008408744 0.0009713451 0.001102655 0.001233023 0.001434332 0.001695319 0.002059699 0.00260787 0.003485745 2.716779e-17 101.6475 130.1127 146.7635 156.4746 165.3821 174.497 185.8203 200.5821 219.226 237.1762 56 
0.0007685701 0.0006671365 0.0006408316 0.0008412065 0.0009753595 0.001100927 0.001248339 0.001443133 0.001699659 0.002070936 0.002620798 0.003499741 2.032524e-17 101.4924 130.2928 146.5629 156.854 165.2506 174.0598 185.3679 199.9833 218.6212 236.7141 57 
0.0007705471 0.0006696307 0.0006410473 0.0008419064 0.0009717056 0.001102781 0.001242779 0.001439496 0.001693123 0.002059704 0.002607671 0.003484399 7.567132e-18 101.8545 130.2669 146.8078 156.7753 165.2953 174.1235 185.4941 200.1756 218.6837 236.497 58 
0.0007701005 0.0006703675 0.0006422544 0.0008411448 0.0009687298 0.001095881 0.001245925 0.001438983 0.00169202 0.002061712 0.00261552 0.003493942 1.970613e-17 101.6757 129.9483 146.3752 156.9248 165.3839 174.2251 185.625 200.2818 218.8139 236.9123 59 
0.0007717969 0.0006720171 0.0006398721 0.0008459405 0.0009714035 0.001089182 0.001241887 0.001437976 0.001703604 0.002062491 0.002618308 0.00350268 3.903438e-17 102.1532 130.1014 145.7978 156.415 165.0099 174.0351 185.0344 199.7084 218.0087 235.8809 60 
0.0007683572 0.0006669365 0.0006415335 0.0008381891 0.000976308 0.001095758 0.001241393 0.001434174 0.001697238 0.00206628 0.002618638 0.003500919 1.017027e-17 101.2142 130.4031 146.3913 156.6814 165.1389 174.1565 185.3318 199.8859 218.3941 236.5643 61 
0.0007632957 0.0006623072 0.0006375378 0.0008405975 0.0009705962 0.001097619 0.001245975 0.001433585 0.001696752 0.002066181 0.002612696 0.003487971 8.481016e-17 101.5434 130.1507 146.6453 157.1123 165.3838 174.4056 185.5824 200.1395 218.7997 236.9528 62 
0.0007691842 0.0006678591 0.0006408043 0.0008477249 0.000973489 0.001101498 0.001245621 0.001442766 0.001698457 0.00205699 0.002614203 0.003494448 1.160107e-17 102.3046 130.3677 146.6996 156.9024 165.5051 174.4389 185.81 200.7813 219.2993 237.3947 63 
0.0007722802 0.0006678832 0.0006420749 0.000840572 0.0009747238 0.001087611 0.001242703 0.001434335 0.00169306 0.002055033 0.002609769 0.003488232 2.085837e-17 101.4901 130.2656 145.7681 156.4619 164.8829 173.8323 185.0225 199.6823 217.9941 235.9531 64 
0.0007669634 0.0006675116 0.0006377233 0.0008367198 0.0009721462 0.001098548 0.001249936 0.001446148 0.001704066 0.00206423 0.002621693 0.003503063 3.939696e-18 100.9619 129.8933 146.2874 156.7607 165.079 173.6891 184.6617 199.288 217.6006 235.5355 65 
0.0007644039 0.0006642085 0.0006366895 0.0008321721 0.0009754956 0.001100823 0.001254044 0.001441676 0.00170582 0.002082197 0.002630292 0.003509014 2.479902e-17 100.248 129.8832 146.2715 156.7368 164.6665 173.3386 184.2272 198.4037 216.8687 234.8269 66 
0.0007690812 0.0006684101 0.0006385469 0.0008419713 0.0009698167 0.001096596 0.001248748 0.001441251 0.001692648 0.002068504 0.002614544 0.003493388 2.506183e-17 101.7355 129.997 146.3309 156.8806 165.2135 173.9363 185.3323 199.7929 218.339 236.224 67 
0.0007684391 0.000670009 0.0006400763 0.0008430016 0.0009713615 0.001104859 0.001244598 0.001438283 0.001701164 0.002066973 0.002616591 0.003498376 3.212623e-17 101.8787 130.1977 146.9488 156.9733 165.4541 174.5047 185.758 200.4987 219.1457 237.1843 68 
0.0007725289 0.0006686966 0.0006437989 0.0008439364 0.000971634 0.001094536 0.001238188 0.001425587 0.001701091 0.00206296 0.002612247 0.003488635 1.670343e-17 101.9441 130.2205 146.35 156.6574 165.1642 174.6979 185.8495 200.6757 219.4369 237.7377 69 
0.0007714465 0.0006700714 0.0006428232 0.0008350791 0.0009760568 0.001097091 0.001251674 0.001436002 0.001690934 0.00206147 0.002618335 0.003497956 4.690269e-18 100.8163 130.2058 146.282 156.8729 164.9052 173.7609 185.1081 199.6825 218.06 236.1206 70 
0.0007662012 0.000665567 0.0006414509 0.0008378977 0.0009796941 0.001099497 0.001246075 0.001440513 0.001705054 0.002082031 0.002633622 0.003516744 1.901301e-18 101.3568 130.8737 146.8573 157.0906 165.4799 174.4248 185.6284 200.1443 218.936 237.3856 71 
0.0007675933 0.0006701953 0.0006380204 0.0008359285 0.0009757389 0.001097847 0.001238378 0.001429817 0.001698157 0.002060235 0.002612309 0.003492998 1.037061e-17 101.1287 130.431 146.5568 156.5793 164.9693 174.0488 184.9793 199.46 217.7203 235.4818 72 
0.0007690992 0.0006675504 0.0006406372 0.0008405986 0.0009748555 0.001099986 0.001249534 0.00143994 0.001701046 0.002067658 0.002625095 0.003507402 4.699243e-18 101.2637 130.0296 146.2405 156.5828 164.7924 173.6503 184.7615 199.3121 217.6358 235.6568 73 
0.0007723549 0.0006728331 0.0006433039 0.0008431219 0.0009726847 0.001095639 0.001241168 0.001431841 0.001692673 0.00206957 0.002621874 0.00350158 1.684257e-17 101.7285 130.0806 146.1847 156.5203 165.0197 174.1492 185.5382 199.9934 218.5378 236.6622 74 
0.0007681174 0.0006670395 0.0006380035 0.0008440431 0.0009652049 0.00109862 0.001240541 0.00143257 0.001696069 0.002062293 0.002616875 0.003496649 1.730041e-17 101.8624 129.5655 146.2689 156.4281 164.8639 173.8663 184.9357 199.3919 217.6439 235.5583 75 
0.0007685484 0.0006687528 0.0006398454 0.0008397731 0.0009727706 0.001093327 0.001243632 0.00144811 0.001704157 0.002072802 0.00263748 0.00352724 4.340857e-18 101.4082 130.0794 146.0481 156.5063 165.1812 173.7457 184.8013 199.2978 217.5671 235.8237 76 
0.0007700204 0.000668866 0.0006452356 0.0008457311 0.0009754994 0.001097388 0.001245526 0.001446427 0.001707197 0.002064834 0.002621798 0.003506398 1.389545e-17 102.2856 130.7347 146.7855 157.2266 165.9937 175.011 186.3585 201.5284 220.3932 238.8948 77 
0.0007678767 0.0006700347 0.0006410674 0.0008395895 0.0009637451 0.001100416 0.001247115 0.001432271 0.001692557 0.00206245 0.002610805 0.003488497 7.437708e-18 101.5138 129.5515 146.6278 157.0752 165.2954 174.328 185.6033 200.1598 218.7129 236.6637 78 
0.0007693093 0.0006684603 0.0006380469 0.0008393544 0.0009752506 0.001094412 0.001245305 0.001442728 0.001697299 0.002060944 0.002619077 0.003503594 1.99161e-17 101.273 130.1661 146.0178 156.4352 164.8685 173.5069 184.5981 199.1237 217.2572 235.0715 79 
0.0007651902 0.0006672948 0.0006371832 0.0008416018 0.0009679676 0.001108307 0.001254041 0.001444967 0.00170618 0.002066644 0.002623442 0.003506369 5.863661e-18 101.5348 129.6685 146.8051 156.9731 165.091 173.8273 184.8149 199.4526 217.747 235.5685 80 
0.0007714923 0.0006702221 0.0006430308 0.0008446015 0.000978377 0.001097324 0.001245512 0.001450014 0.001703673 0.002068096 0.002618495 0.003497447 4.130725e-17 102.1097 130.8315 146.6417 156.9942 165.7903 174.5794 186.0155 200.988 219.844 238.0639 81 
0.0007681361 0.0006664264 0.0006427918 0.0008448128 0.0009752589 0.001093861 0.001246476 0.00143809 0.001697486 0.002066301 0.002622778 0.003506504 1.565564e-17 101.9011 130.4148 146.2928 156.9233 165.3809 174.4092 185.7612 200.4903 219.083 237.4493 82 
0.0007678517 0.000665986 0.0006432335 0.0008384657 0.0009663684 0.001090836 0.001242891 0.001434342 0.001693233 0.002050138 0.002601027 0.003475172 1.43659e-17 101.2435 129.6538 146.0522 156.7988 165.264 174.1963 185.3237 200.0927 218.5654 236.5559 83 
0.0007731529 0.0006701778 0.0006413979 0.0008345926 0.0009653877 0.001095167 0.001236743 0.00143162 0.001694236 0.00206065 0.002610718 0.003487199 1.62284e-17 100.7336 129.2492 145.8508 156.0059 164.4992 173.3867 184.3629 198.7141 216.965 234.7436 84 
0.0007673086 0.0006689662 0.0006379463 0.0008415578 0.0009793946 0.001099831 0.001249988 0.001445918 0.001699087 0.002075497 0.002625171 0.003507057 2.863257e-17 101.6322 130.6847 146.5757 156.8936 165.2414 173.9047 185.2271 199.6671 218.184 236.0963 85 
0.0007698179 0.0006681326 0.000637535 0.0008391016 0.0009767094 0.001097526 0.001249448 0.001437147 0.00169814 0.002068913 0.00261839 0.003498148 2.697541e-17 101.2607 130.3142 146.2716 156.7003 164.834 173.7416 184.9207 199.3922 217.8301 235.7153 86 
0.000769437 0.0006716552 0.0006396343 0.0008514369 0.0009703975 0.00110209 0.001252125 0.0014449 0.001698794 0.002071303 0.002615036 0.003492132 2.114809e-17 102.5882 129.9596 146.402 156.8126 165.1839 174.0233 185.4412 200.0164 218.6099 236.2728 87 
0.0007671429 0.0006675345 0.0006414063 0.0008437479 0.0009712493 0.001095699 0.001247374 0.001445231 0.001707599 0.002072818 0.002621588 0.003503534 1.573848e-17 102.1137 130.3947 146.6223 157.2079 165.7745 174.676 185.8566 200.6605 219.4808 237.7244 88 
0.0007670811 0.0006719544 0.0006373348 0.0008365727 0.000979981 0.001100126 0.001242915 0.001431206 0.00170249 0.002067872 0.00262176 0.003502445 4.09684e-17 100.9901 130.5565 146.5635 156.6518 164.9169 174.0682 185.0026 199.4577 217.8023 235.6627 89 
0.0007660871 0.0006671082 0.0006386203 0.0008408915 0.0009731489 0.001098052 0.001241169 0.001435896 0.001696982 0.002052206 0.002598316 0.00347463 2.216083e-17 101.7247 130.4608 146.7825 157.0152 165.5734 174.583 185.7418 200.6073 219.1743 237 90 
0.0007691833 0.0006682517 0.0006397385 0.0008398068 0.0009717292 0.001105728 0.001246095 0.001437873 0.001696944 0.00205705 0.002609388 0.003487312 1.323034e-17 101.3977 130.0328 146.832 156.8299 165.1659 174.0948 185.3178 200.1018 218.556 236.4502 91 
0.000769626 0.0006688394 0.0006423878 0.0008441129 0.0009726566 0.001101067 0.001244766 0.001448691 0.001695926 0.002070488 0.002626257 0.003510234 2.134275e-17 101.9322 130.248 146.6621 156.8575 165.6128 174.2493 185.7872 200.4801 219.1205 237.4172 92 
0.0007632308 0.000669297 0.0006331535 0.0008475492 0.0009802104 0.001094015 0.001249713 0.001446782 0.001708405 0.002073529 0.002631394 0.003514839 3.153515e-17 102.1838 130.7014 146.0944 156.6483 165.0268 173.7257 184.6236 199.0099 217.1391 234.7967 93 
0.0007684091 0.0006686147 0.000636348 0.0008388772 0.0009679609 0.00109627 0.001238906 0.00143735 0.001702187 0.002066912 0.002622025 0.003503806 4.364756e-17 101.2793 129.6739 146.1688 156.3739 164.9749 173.8553 184.7824 199.2501 217.5857 235.6084 94 
0.0007655504 0.0006684727 0.0006345207 0.0008474519 0.0009711202 0.001097602 0.0012493 0.001440599 0.00170106 0.002062969 0.002622693 0.003507418 2.135222e-17 102.3614 130.1953 146.3807 156.8427 165.1128 173.9583 185.0114 199.5814 217.7083 235.4861 95 
0.0007697137 0.0006688384 0.0006396163 0.0008431504 0.000974078 0.001096017 0.001247647 0.001435666 0.001694032 0.002068653 0.00262532 0.003509686 5.974904e-18 101.9826 130.4544 146.4111 156.8562 165.0705 174.016 185.3421 199.8028 218.1495 236.2134 96 
0.0007689346 0.0006704157 0.0006404826 0.0008405298 0.0009686728 0.001095298 0.001244054 0.001435257 0.001691874 0.002063877 0.002616373 0.003497126 1.65187e-17 101.4056 129.7196 146.139 156.6525 165.0733 173.9715 185.2481 199.707 218.111 236.0949 97 
0.0007707772 0.0006716896 0.0006423732 0.0008383621 0.0009707503 0.001095593 0.001245309 0.001436804 0.001696168 0.002075096 0.002617591 0.003497143 1.019735e-17 101.3702 130.0414 146.3586 156.8759 165.2785 174.2293 185.5709 199.9999 218.7759 236.8306 98 
0.0007687045 0.0006666027 0.0006415917 0.0008428186 0.0009781302 0.00109831 0.001247805 0.001443322 0.001700413 0.002072512 0.002618633 0.003496655 1.731006e-17 101.8427 130.7523 146.6758 157.0533 165.5179 174.4034 185.8024 200.5145 219.3447 237.54 99 
0.0007701089 0.0006689264 0.0006410399 0.0008462812 0.0009836758 0.001090444 0.001241956 0.001437717 0.001686159 0.002059782 0.002615191 0.003498551 2.453904e-17 102.2259 131.2204 146.268 156.7485 165.3729 174.2675 185.8866 200.5207 218.9234 236.9721 100 
