0.0008187155 0.0007110256 0.0006857524 0.0009993358 0.001157897 0.001295107 0.001466 0.001693859 0.001992754 0.002420103 0.003056651 0.004084277 3.386769e-17 100.9523 127.0169 139.8144 147.623 154.5537 162.937 174.5833 189.9352 208.8884 227.3307 1 
0.0008164811 0.000706709 0.0006841715 0.001005882 0.001144432 0.001291877 0.001457781 0.001683361 0.00197918 0.002400294 0.003028149 0.004046184 3.474008e-17 101.5878 126.3301 139.6854 147.5159 154.5877 163.0695 174.74 190.0751 208.9289 227.1617 2 
0.0008205469 0.0007104429 0.0006835571 0.0009997779 0.001147113 0.001292917 0.001461929 0.001677779 0.001989935 0.002411912 0.003061526 0.004093375 2.075263e-17 100.9605 126.2208 139.4037 147.1522 153.8356 162.4161 173.7033 188.8024 207.2527 225.5621 3 
0.0008129616 0.0007048806 0.0006819718 0.00100035 0.001150045 0.001290432 0.001468843 0.001682333 0.001975128 0.002397941 0.00303515 0.004053721 1.585471e-17 101.023 126.5924 139.6579 147.785 154.3822 162.778 174.4119 189.6368 208.3086 226.5727 4 
0.0008170738 0.0007091197 0.0006820533 0.0009985596 0.001154863 0.0012819 0.00146889 0.001689283 0.001982255 0.002408963 0.003045598 0.00406992 2.4996e-17 100.8559 126.7312 139.0358 147.3566 153.9569 162.1191 173.5615 188.5391 206.9886 224.9312 5 
0.000815139 0.0007081808 0.000674679 0.0009973177 0.001150916 0.001297188 0.001463334 0.001680886 0.001979289 0.002404439 0.00304257 0.004062083 4.172858e-17 100.7574 126.4114 139.4852 146.9119 153.3848 161.5432 172.7313 187.4 205.4232 222.9367 6 
0.0008149837 0.0007060121 0.0006817647 0.0009996266 0.001148132 0.001278536 0.001454449 0.001672214 0.001980428 0.002400252 0.003036276 0.004055476 5.34829e-17 100.907 126.357 138.9602 147.125 153.9489 162.4481 173.6626 188.6505 207.1384 225.2819 7 
0.0008176982 0.0007052992 0.0006838203 0.001001947 0.001148016 0.001292263 0.001466448 0.001695864 0.001983956 0.00241239 0.003053327 0.004076554 6.972258e-17 101.1442 126.379 139.5217 147.4612 154.3553 162.5197 174.2167 189.4578 208.2094 226.613 8 
0.0008155457 0.0007079844 0.0006794888 0.0009980953 0.001144532 0.0012787 0.001465192 0.001687617 0.001981368 0.00240419 0.003042273 0.00406372 4.746294e-17 100.7986 126.0709 138.8264 147.2482 153.9081 161.9823 173.2754 188.1964 206.5656 224.5158 9 
0.0008150276 0.000705587 0.0006826462 0.0009972701 0.001152056 0.001301039 0.001471922 0.001685203 0.001983642 0.002403675 0.003058936 0.004091704 4.206708e-17 100.6789 126.5365 139.8583 147.4961 153.9152 162.251 173.712 188.8733 207.2052 225.5106 10 
0.0008191414 0.0007065721 0.0006836782 0.0009914259 0.001150243 0.001290079 0.001454733 0.001691157 0.001966783 0.002394045 0.003026483 0.004043804 7.709421e-17 100.0948 126.3352 139.4071 147.0926 154.1959 162.1387 173.8727 188.9787 207.5893 225.7085 11 
0.0008194018 0.0007106985 0.0006833353 0.001003278 0.001147691 0.001294419 0.001468173 0.001684587 0.001983577 0.002403011 0.003048869 0.004075417 3.177509e-17 101.3344 126.3743 139.5898 147.4946 154.1664 162.6372 174.1968 189.4564 207.9676 226.16 12 
0.0008167314 0.0007057065 0.0006848906 0.0009949129 0.001149437 0.001295818 0.001455947 0.0016798 0.001984545 0.002390438 0.003027836 0.004048663 5.158771e-17 100.4777 126.4351 139.8147 147.3617 154.3012 162.7889 174.186 189.6361 208.3176 226.6114 13 
0.0008165315 0.0007119392 0.000685104 0.0009977418 0.00115771 0.001295073 0.001469575 0.00168346 0.001980492 0.002418829 0.003060431 0.004089806 4.337347e-17 100.7375 126.9104 139.7428 147.6416 154.2262 162.6723 174.3199 189.339 208.0492 226.4044 14 
0.0008211629 0.0007160706 0.0006835878 0.001005983 0.00116062 0.001289494 0.001462524 0.00168954 0.001982493 0.00241769 0.003057469 0.004081486 1.468762e-17 101.6692 127.2685 139.5211 147.4149 154.4307 162.8526 174.6085 189.7129 208.4079 226.5884 15 
0.0008152516 0.0007086739 0.0006819463 0.0009939229 0.001153892 0.001295874 0.001468773 0.001688722 0.001989584 0.002400579 0.003049031 0.004080432 5.009577e-17 100.3641 126.6238 139.7225 147.5344 154.1361 162.4188 173.7749 189.0888 207.5611 225.8083 16 
0.0008225671 0.0007123494 0.0006871586 0.0009997075 0.00115872 0.001288789 0.001464732 0.001684076 0.001972871 0.002410043 0.003043885 0.004063787 3.032327e-17 100.933 126.9483 139.3391 147.3002 154.0715 162.465 174.2665 189.3007 207.9757 226.0894 17 
0.0008111171 0.0007047544 0.0006783702 0.0009947342 0.001156141 0.001297827 0.001454136 0.001678547 0.001973937 0.002407729 0.003057252 0.004084551 5.594843e-17 100.3893 126.7683 139.8249 147.1218 153.9667 162.2115 173.6204 188.419 206.7723 225.0919 18 
0.0008187865 0.0007089303 0.0006865646 0.0009984039 0.001150783 0.001285972 0.001463147 0.001688091 0.001974644 0.002409459 0.003055454 0.004084222 2.080461e-17 100.8478 126.5586 139.3782 147.5255 154.4307 162.6957 174.4766 189.6327 208.3718 226.9499 19 
0.0008095661 0.000703038 0.0006760491 0.001002564 0.001162485 0.001287498 0.001469556 0.001684936 0.001988532 0.002414113 0.00306223 0.004095009 2.415787e-17 101.2312 127.3376 139.4404 147.4738 153.9505 162.2698 173.5466 188.4721 206.7668 224.8812 20 
0.0008160557 0.0007064696 0.0006791408 0.001001787 0.001152011 0.001297279 0.001462476 0.001678643 0.00198791 0.002403637 0.003038218 0.00405828 3.404752e-17 101.2154 126.6779 139.7541 147.2816 153.9369 162.4766 173.7815 188.923 207.3987 225.3306 21 
0.0008137019 0.0007060266 0.0006779229 0.0009965159 0.001152623 0.001297013 0.001467117 0.001689455 0.00198899 0.002413404 0.003052121 0.004076263 5.877966e-17 100.6963 126.6572 139.8 147.479 154.116 162.34 173.7204 188.8021 207.3826 225.5331 22 
0.0008182153 0.0007124903 0.0006851759 0.001004403 0.00114979 0.001302765 0.001468419 0.001695922 0.00199778 0.002423148 0.003070105 0.004103591 7.175701e-17 101.4518 126.5649 140.0766 147.6988 154.6277 163.0606 174.6886 190.0993 208.9786 227.5419 23 
0.0008164483 0.0007068878 0.0006831068 0.001002232 0.001151484 0.001290977 0.001466619 0.001676977 0.001988797 0.002415798 0.003050634 0.004073225 3.584487e-17 101.2594 126.6498 139.4932 147.4141 153.9296 162.5386 173.8725 188.8984 207.504 225.6245 24 
0.0008182354 0.0007097133 0.000683905 0.0009899968 0.001150115 0.001291525 0.001455265 0.001676025 0.001974257 0.00239841 0.003041853 0.004066854 8.627517e-17 100.0063 126.2995 139.4067 146.9924 153.7415 162.0258 173.3555 188.2657 206.5839 224.6782 25 
0.0008189499 0.000704837 0.0006831851 0.001003445 0.001147511 0.001291771 0.001467306 0.001689746 0.001988624 0.002416793 0.003052077 0.004073531 2.679037e-17 101.318 126.3605 139.4295 147.3652 154.1073 162.4585 174.0113 189.1839 207.9217 226.1806 26 
0.0008226454 0.0007073166 0.000688678 0.001000209 0.00115395 0.00129084 0.001473736 0.001669073 0.001979654 0.002412072 0.003061174 0.004091479 1.796235e-17 101.0018 126.7398 139.4995 147.6677 153.9334 162.8647 174.557 189.7993 208.5339 227.2186 27 
0.0008181036 0.0007109987 0.0006826699 0.001000026 0.001155706 0.001281432 0.001461326 0.001689416 0.001982275 0.002400106 0.003059421 0.004095579 5.761832e-17 100.9768 126.8106 139.0945 147.2955 154.239 162.4627 173.9475 189.1526 207.479 225.8647 28 
0.0008163393 0.00070716 0.0006830293 0.0009994306 0.001143367 0.001287964 0.001462961 0.001674044 0.001981258 0.002400913 0.003036717 0.004057151 6.860498e-17 100.9529 126.1227 139.4228 147.517 154.1538 162.7493 174.1427 189.327 207.9912 226.2577 29 
0.0008186733 0.0007076394 0.0006825765 0.00100626 0.001149869 0.001286769 0.001463948 0.001673083 0.001974554 0.002391498 0.003038649 0.004064208 7.820493e-17 101.6452 126.6031 139.3037 147.3555 153.9661 162.6054 174.1263 189.2965 207.589 225.6732 30 
0.0008142901 0.000704511 0.0006776806 0.0009974605 0.001144357 0.001288277 0.001449313 0.001680622 0.0019766 0.002393811 0.003036278 0.004057106 3.895397e-17 100.7625 126.1098 139.2767 146.8303 153.8432 161.9677 173.1842 188.0879 206.2834 224.2363 31 
0.0008153975 0.0007062396 0.0006837378 0.001004191 0.00115079 0.001303057 0.0014666 0.001695079 0.001992563 0.002410327 0.003048495 0.004071232 3.276141e-17 101.3873 126.6709 140.1814 147.7504 154.7174 163.1202 174.8069 190.3445 209.2935 227.7681 32 
0.0008131282 0.0007065343 0.0006812927 0.001003221 0.001155103 0.001295935 0.001461314 0.001689612 0.001986949 0.002424804 0.003064423 0.004089346 9.776916e-17 101.3858 127.0065 139.9612 147.6091 154.5907 162.9463 174.5732 189.6641 208.54 227.0561 33 
0.0008188694 0.0007081345 0.0006856541 0.0009937394 0.001150225 0.001299461 0.001467077 0.001691086 0.0019878 0.002410157 0.003042017 0.004064989 7.923671e-17 100.3391 126.3821 139.8418 147.5033 154.2504 162.5401 174.1167 189.4443 208.3036 226.591 34 
0.0008141266 0.000705687 0.0006782854 0.0009954136 0.001153755 0.001291368 0.001467556 0.001684607 0.001968427 0.002403914 0.003046953 0.004072057 4.778037e-17 100.5593 126.6605 139.4761 147.3522 153.8464 161.9299 173.5084 188.3029 206.5806 224.5769 35 
0.0008203211 0.0007072228 0.0006849972 0.0009924303 0.001154548 0.001289645 0.001452606 0.001676066 0.001980301 0.002409931 0.003052772 0.004078616 7.25908e-17 100.1645 126.5566 139.2998 146.8656 153.7519 162.1762 173.5467 188.5075 207.0454 225.4152 36 
0.0008204114 0.000709045 0.0006824812 0.00100002 0.001147248 0.001287592 0.001471528 0.00168482 0.001964823 0.002396134 0.003042587 0.004065998 8.883133e-17 101.0206 126.2544 139.1383 147.3058 153.7416 161.8918 173.6129 188.535 206.7282 224.6602 37 
0.0008221747 0.0007128564 0.0006921683 0.0009998227 0.001151599 0.001291536 0.001464321 0.001678727 0.001975544 0.002404413 0.003037502 0.00405834 7.098318e-17 101.0124 126.7107 139.8221 147.9207 154.8248 163.597 175.5699 191.111 210.3147 229.0325 38 
0.0008263877 0.0007098942 0.0006925238 0.001008669 0.001146888 0.00128507 0.001454334 0.001672664 0.001963922 0.002383428 0.003025648 0.004045468 6.528234e-17 101.8929 126.5291 139.3953 147.4347 154.6003 163.4326 175.4824 191.0556 209.855 228.4121 39 
0.0008182021 0.0007101931 0.0006816664 0.0009943662 0.00115241 0.001288567 0.001469331 0.001688972 0.001979989 0.002402353 0.003057102 0.004090208 7.711685e-17 100.4109 126.4528 139.2239 147.2945 153.8338 161.948 173.3792 188.4055 206.624 224.7639 40 
0.0008138338 0.0007039973 0.000681748 0.000999057 0.00115128 0.001288104 0.001471624 0.001680351 0.001978296 0.002406413 0.003056181 0.004085334 3.085027e-17 100.891 126.5997 139.441 147.6566 154.0558 162.4646 173.9786 189.043 207.5238 225.9414 41 
0.0008171658 0.0007046703 0.0006836239 0.001004524 0.001155698 0.001301225 0.001460886 0.001691912 0.002001044 0.002418557 0.003062956 0.004093534 1.908315e-17 101.4503 126.9832 140.0525 147.4313 154.4818 163.0012 174.4995 189.9857 208.8447 227.4274 42 
0.000814246 0.0007064153 0.0006801882 0.0009951715 0.001150845 0.001295098 0.001460793 0.001677697 0.001979751 0.002399271 0.003039728 0.004061096 5.01422e-17 100.4895 126.4845 139.716 147.3663 154.044 162.4571 173.8323 188.9401 207.4497 225.6453 43 
0.0008207171 0.0007029992 0.0006854554 0.0009967369 0.001145148 0.001283851 0.001456474 0.001670212 0.001968185 0.00238628 0.00303112 0.004051359 3.278198e-17 100.6251 126.1023 139.0545 147.0202 153.7243 162.2183 173.7056 188.8264 207.1813 225.4472 44 
0.0008160284 0.0007079509 0.0006805653 0.001000093 0.001151175 0.001289966 0.00146064 0.001680271 0.002001625 0.00241885 0.003057125 0.00408677 5.07781e-17 101.0227 126.5767 139.4546 147.2833 154.0439 162.6374 173.7213 188.8857 207.5379 225.7951 45 
0.0008128933 0.0007074512 0.0006797853 0.0009977742 0.001149468 0.001284912 0.001456711 0.001679435 0.001971771 0.002385788 0.003030679 0.004052082 4.120636e-17 100.8034 126.4814 139.3076 147.2588 154.0924 162.3058 173.6597 188.6922 206.9073 224.8712 46 
0.0008107996 0.0007015438 0.0006783869 0.0009945655 0.001151669 0.001292646 0.001467308 0.001689359 0.001984709 0.002412162 0.003056228 0.004079998 3.228657e-17 100.398 126.5602 139.69 147.623 154.2682 162.4393 173.8957 189.0134 207.7154 226.2404 47 
0.0008162309 0.0007088158 0.0006813299 0.0009895582 0.001153908 0.001303462 0.001455931 0.001676514 0.001991978 0.002404276 0.003049509 0.004075226 4.040079e-17 99.92154 126.5019 139.9282 147.0159 153.7296 162.1934 173.2579 188.3545 206.7434 224.8823 48 
0.0008193463 0.0007117021 0.0006818812 0.0009906535 0.001150145 0.001294766 0.001460622 0.001670179 0.001989539 0.002403276 0.003045306 0.0040703 4.330788e-17 100.0633 126.2781 139.5147 147.1279 153.6281 162.2691 173.3364 188.4154 206.8309 224.9262 49 
0.00081797 0.0007079065 0.000681632 0.0009945142 0.001142272 0.001278403 0.001452794 0.001672065 0.00197578 0.00241408 0.003051532 0.004071534 7.079971e-17 100.4427 125.9035 138.8727 147.0367 153.8824 162.2832 173.601 188.3541 206.9924 225.3949 50 
0.0008190607 0.0007105283 0.0006869709 0.000995712 0.001153049 0.001288803 0.001465589 0.001679619 0.001982027 0.002411461 0.003047829 0.004069749 6.301968e-17 100.5977 126.6715 139.5306 147.6244 154.2961 162.8519 174.4421 189.6531 208.5301 226.9956 51 
0.0008175439 0.0007099977 0.0006816316 0.0009977675 0.001156858 0.001286988 0.001459267 0.001682589 0.001982019 0.002408403 0.003052043 0.0040796 4.418031e-17 100.79 126.903 139.3886 147.2888 154.1555 162.5376 174.0078 189.0879 207.6437 225.9318 52 
0.0008189449 0.0007075055 0.0006855261 0.000996214 0.001147342 0.001294146 0.001466792 0.001682602 0.001982689 0.002415665 0.003051556 0.004071006 5.287069e-17 100.6175 126.2585 139.5924 147.4645 154.0782 162.504 174.065 189.1637 207.9692 226.3553 53 
0.0008209456 0.0007123519 0.0006854743 0.0009991822 0.001150346 0.001291837 0.001471139 0.001703246 0.001991436 0.002432771 0.003076179 0.00410919 5.320621e-17 100.8695 126.3729 139.361 147.4181 154.2621 162.2967 173.9788 189.04 207.842 226.2688 54 
0.0008184038 0.0007086327 0.0006821885 0.0009974383 0.001157759 0.001288468 0.001469087 0.001688739 0.00198075 0.002414374 0.003054882 0.004078926 3.24308e-17 100.7024 126.8854 139.3578 147.432 154.0633 162.3266 173.9521 188.9999 207.6314 225.8913 55 
0.0008224529 0.0007145173 0.0006879794 0.00099745 0.001148953 0.001297353 0.001448818 0.001679357 0.001973346 0.002392749 0.003033575 0.004057659 4.104894e-17 100.8617 126.4924 139.9081 147.2309 154.4975 162.9933 174.6986 190.0401 208.7135 227.0157 56 
0.0008193548 0.0007076228 0.0006855348 0.0009976689 0.001153712 0.001296142 0.001463453 0.001686616 0.001985117 0.002413033 0.003048717 0.004070978 3.698327e-17 100.723 126.6572 139.71 147.3793 154.2043 162.6121 174.222 189.4504 208.2644 226.6197 57 
0.0008209382 0.00071034 0.000685972 0.001000659 0.001151434 0.001303304 0.001462439 0.001687892 0.001977735 0.00240147 0.003039319 0.004060428 1.083549e-16 101.0829 126.5974 140.0228 147.3827 154.3035 162.6862 174.4741 189.7889 208.4675 226.6468 58 
0.0008191932 0.0007111486 0.0006854967 0.0009989293 0.001148258 0.001291639 0.001464374 0.001691071 0.001977007 0.002406698 0.00305339 0.004079644 6.332836e-17 100.925 126.3841 139.5381 147.4713 154.3588 162.553 174.2779 189.4469 208.0654 226.4431 59 
0.0008213324 0.0007127509 0.0006844981 0.001003212 0.001148798 0.001284212 0.001454545 0.001680554 0.001987191 0.00240587 0.003049475 0.004078254 4.062135e-17 101.3974 126.4935 139.1939 147.1312 154.1897 162.7169 174.092 189.281 207.8106 226.0307 60 
0.0008165251 0.0007073161 0.0006843201 0.0009945479 0.001156462 0.001292649 0.001457158 0.001680719 0.00198539 0.002407722 0.003053812 0.004085133 4.866965e-17 100.4929 126.8946 139.7156 147.3442 154.2305 162.6853 174.1045 189.3038 207.9353 226.4227 61 
0.0008131099 0.0007017205 0.0006822249 0.0009978165 0.001149617 0.001291814 0.001463052 0.001675963 0.001980163 0.002408608 0.003040332 0.004057204 2.769515e-17 100.7404 126.5233 139.6981 147.5926 154.234 162.7792 174.2802 189.4264 208.2833 226.7407 62 
0.0008169006 0.0007068818 0.0006830714 0.001004678 0.001152644 0.001295975 0.001461108 0.001684157 0.001981441 0.002393241 0.003039548 0.00406332 2.892052e-17 101.5085 126.8397 139.887 147.5413 154.4829 162.9982 174.6369 190.0925 208.6777 226.9955 63 
0.0008208388 0.0007068017 0.0006852945 0.0009971097 0.001151214 0.001278816 0.001456382 0.001680312 0.001982069 0.002392971 0.003035106 0.004057534 3.673707e-17 100.6947 126.5061 138.9269 147.0876 154.0036 162.4086 173.7779 189.0587 207.5582 225.797 64 
0.0008160798 0.0007070558 0.0006809407 0.0009923594 0.001149561 0.001295247 0.001465124 0.00168986 0.001986624 0.002402236 0.003049402 0.004075932 7.026597e-17 100.1744 126.2443 139.508 147.199 153.85 161.9463 173.2324 188.3401 206.6871 224.8015 65 
0.0008117906 0.0007034146 0.0006783645 0.0009858352 0.001153536 0.001295241 0.001469035 0.001682708 0.001986532 0.002424383 0.003055598 0.004074278 3.36196e-17 99.51315 126.4113 139.5491 147.287 153.568 161.7001 172.8622 187.5421 206.1224 224.2172 66 
0.0008180644 0.0007074615 0.0006813991 0.0009990346 0.001146374 0.001292586 0.00146431 0.001684979 0.001973321 0.002411544 0.003044361 0.004064307 3.406396e-17 100.9246 126.2633 139.5255 147.3789 154.11 162.3626 174.0555 189.0122 207.6856 225.8553 67 
0.0008185057 0.0007112082 0.0006841498 0.001000553 0.001150438 0.001305629 0.001459903 0.00168226 0.001986525 0.002413584 0.003049557 0.004073935 1.291513e-16 101.1304 126.6149 140.2519 147.4972 154.4232 163.0148 174.6226 189.8879 208.7296 227.0673 68 
0.000820587 0.0007063332 0.0006870553 0.001000784 0.00114986 0.001291154 0.001455145 0.001670338 0.001984927 0.002403609 0.003044062 0.00406562 2.576278e-17 101.1105 126.597 139.6509 147.3765 154.2901 163.1608 174.6615 190.0601 208.9216 227.5476 69 
0.0008218686 0.0007099084 0.0006870628 0.0009904188 0.001154726 0.001293994 0.001468327 0.001677156 0.001972813 0.002401541 0.003048813 0.004073256 5.711116e-17 100.0418 126.5999 139.5524 147.3912 153.814 162.2704 173.9032 189.0133 207.5285 225.8861 70 
0.0008152413 0.0007057293 0.0006863445 0.0009962891 0.001162087 0.001299785 0.001464807 0.001689324 0.001991411 0.002431737 0.003068001 0.004096564 5.097358e-17 100.583 127.2133 140.0114 147.5236 154.3233 162.7209 174.3157 189.4239 208.4069 226.9956 71 
0.0008185388 0.000711993 0.0006828937 0.0009939594 0.001158436 0.001292544 0.001452831 0.001673489 0.001986261 0.002405333 0.003050214 0.004078935 3.808717e-17 100.3845 126.871 139.5206 146.9757 153.8315 162.3937 173.5863 188.6112 207.0037 225.148 72 
0.0008186681 0.0007091048 0.0006846326 0.0009967041 0.001152125 0.001295542 0.001463659 0.001682612 0.001978372 0.002403853 0.003050565 0.00407663 5.189139e-17 100.5627 126.4504 139.567 147.2578 153.9634 162.3257 173.8735 188.9837 207.47 225.7518 73 
0.0008206703 0.0007118302 0.0006857539 0.0009997766 0.001150955 0.001289857 0.001456007 0.001674409 0.001975015 0.002414648 0.003058538 0.004086577 1.00404e-16 100.9348 126.4889 139.4071 147.1752 154.0739 162.6511 174.2658 189.2044 207.858 226.3202 74 
0.0008180345 0.0007075431 0.0006831747 0.001000711 0.001141727 0.001292388 0.001452426 0.001670791 0.00197431 0.002398968 0.00303765 0.004057508 4.528363e-17 101.1004 126.0338 139.5459 147.1391 154.0461 162.6211 174.0719 189.1172 207.6524 225.8902 75 
0.0008207192 0.0007106847 0.0006854303 0.0009966446 0.001151121 0.001288536 0.001457271 0.001692404 0.001985379 0.002416533 0.00306671 0.004100359 4.390736e-17 100.6543 126.4285 139.2388 147.0031 154.0581 162.1646 173.6482 188.6634 207.1662 225.547 76 
0.000820445 0.0007090356 0.0006912376 0.001004918 0.001155883 0.001295695 0.001464452 0.00169964 0.00200008 0.002409078 0.003056403 0.004089881 6.04635e-17 101.4806 127.0083 139.9155 147.7329 154.9427 163.4252 175.1666 191.0139 210.0472 228.807 77 
0.0008165326 0.0007094909 0.0006854788 0.0009969601 0.001142375 0.001299198 0.001466637 0.00167774 0.001976738 0.002409264 0.00304583 0.004068904 5.429841e-17 100.7433 126.0505 139.9578 147.7319 154.3304 162.8598 174.4996 189.6357 208.4512 226.8682 78 
0.0008185362 0.0007082505 0.000682025 0.0009948412 0.001151705 0.001287413 0.001461197 0.001681163 0.001977267 0.002394864 0.003039936 0.004065913 4.432526e-17 100.5044 126.4993 139.2597 147.1584 153.8491 162.1267 173.518 188.5951 206.8934 224.9433 79 
0.0008129551 0.0007067843 0.0006803443 0.0009977452 0.001144796 0.00130503 0.001470128 0.00168811 0.001989973 0.002405854 0.003055104 0.00408443 5.910972e-17 100.7737 126.1271 140.0528 147.5499 154.0752 162.3494 173.6717 188.8494 207.2553 225.4365 80 
0.0008226787 0.0007110657 0.0006886074 0.001002887 0.001159674 0.001293348 0.001459245 0.001689695 0.001978525 0.002401328 0.003044267 0.004065931 7.096122e-17 101.2999 127.1743 139.7211 147.4021 154.5503 162.9928 174.8822 190.3335 209.1145 227.5323 81 
0.000816509 0.0007064911 0.0006851159 0.001002136 0.001152997 0.001288802 0.001462325 0.001678222 0.001982125 0.002411287 0.003059087 0.00409045 2.548803e-17 101.1191 126.6935 139.4711 147.4561 154.2282 162.821 174.3772 189.5435 208.2214 226.8296 82 
0.0008178522 0.000706623 0.0006888987 0.0009955123 0.001146019 0.001288945 0.001463236 0.001679009 0.001978417 0.002389768 0.003028263 0.004045398 9.807409e-17 100.5026 126.1956 139.4765 147.5501 154.2734 162.758 174.2832 189.7002 208.4207 226.795 83 
0.0008226545 0.0007088427 0.0006870828 0.0009896663 0.001139831 0.001288173 0.001450715 0.001674839 0.001974327 0.002401578 0.003035903 0.004051224 2.224589e-17 99.94327 125.5931 139.1181 146.791 153.6982 162.0076 173.3625 188.2942 206.8595 225.0545 84 
0.0008169289 0.0007085094 0.0006819418 0.0009983794 0.001158527 0.001296192 0.001465956 0.001692798 0.001979967 0.002422822 0.00306269 0.004090603 2.269503e-17 100.8391 126.9949 139.7371 147.3954 154.1892 162.3482 174.0688 189.0106 207.6831 225.9621 85 
0.0008186653 0.0007099262 0.0006799849 0.0009956139 0.001154848 0.00129146 0.001466884 0.001678121 0.001975356 0.00239885 0.003033833 0.004053777 3.523348e-17 100.5582 126.6833 139.448 147.3405 153.826 162.2407 173.7313 188.7636 207.1972 225.094 86 
0.0008178073 0.0007110744 0.0006827223 0.001007493 0.001145637 0.001295957 0.001467595 0.001681353 0.001974111 0.002405217 0.003031092 0.004046756 6.12462e-17 101.7941 126.3769 139.7329 147.5877 154.2663 162.7659 174.504 189.5837 208.2569 226.1385 87 
0.0008165489 0.00070838 0.000685387 0.001003649 0.001152876 0.001296623 0.001465834 0.00169058 0.001999532 0.002423897 0.003060639 0.004087616 5.741781e-17 101.3384 126.7533 139.8472 147.6192 154.5124 163.0359 174.5254 189.8891 208.8603 227.3573 88 
0.0008161624 0.0007107482 0.0006805021 0.0009912913 0.001156686 0.001293909 0.001457983 0.001671603 0.001982726 0.002402961 0.003044991 0.00406549 5.548164e-17 100.1795 126.8043 139.6638 147.2145 153.8308 162.3699 173.5738 188.5591 206.9803 225.0874 89 
0.0008147158 0.0007070125 0.000680956 0.0009992602 0.001152353 0.001298136 0.001461143 0.001681305 0.001982909 0.00240195 0.00303791 0.004061351 3.280278e-17 100.9493 126.7248 139.9783 147.5482 154.3694 162.8643 174.3837 189.664 208.3631 226.6125 90 
0.0008179581 0.000708403 0.0006827686 0.0009970236 0.001151372 0.001301216 0.001462256 0.001680677 0.001974066 0.002393326 0.003034092 0.004054803 6.355136e-17 100.6263 126.4643 139.8804 147.32 154.0533 162.455 174.0638 189.2749 207.763 225.8709 91 
0.0008191337 0.000709581 0.0006851744 0.001001632 0.001152342 0.001297134 0.00146317 0.00169692 0.001980531 0.002414421 0.003052852 0.004078763 3.167093e-17 101.1605 126.659 139.7688 147.4003 154.4422 162.5867 174.4036 189.586 208.34 226.6308 92 
0.0008100983 0.0007085361 0.0006752886 0.001004311 0.00115933 0.001288787 0.001466613 0.00169447 0.001989588 0.00241393 0.003061347 0.00409083 2.873828e-17 101.4188 127.142 139.4725 147.4393 154.215 162.3127 173.6446 188.5973 206.9106 224.9075 93 
0.0008168836 0.0007087783 0.0006787439 0.0009951217 0.001144508 0.001290155 0.001454177 0.001679518 0.00198567 0.002409565 0.003057682 0.00408757 2.813139e-17 100.5339 126.0692 139.391 147.0713 153.9738 162.313 173.5362 188.5205 206.9762 225.3424 94 
0.0008143208 0.0007087182 0.0006774481 0.00100573 0.001150472 0.001293634 0.00146489 0.001681862 0.001977491 0.002398871 0.003052568 0.004085234 3.586697e-17 101.5781 126.6169 139.6082 147.4019 154.081 162.4616 173.9493 188.9993 207.1878 225.2743 95 
0.0008204419 0.0007095764 0.0006848622 0.001002001 0.001154561 0.001293388 0.001462229 0.001679147 0.001981042 0.002409556 0.003058374 0.004090388 2.562131e-17 101.1835 126.7532 139.5151 147.2055 153.9397 162.4837 174.0305 189.1065 207.5482 225.8278 96 
0.0008191811 0.0007097485 0.0006849547 0.0009962848 0.001142867 0.0012879 0.001454104 0.001678836 0.001971168 0.002401351 0.003042689 0.004067112 7.035105e-17 100.5993 125.9574 139.3009 147.1443 154.1247 162.438 174.004 189.0184 207.5905 225.9355 97 
0.0008197427 0.0007107335 0.0006865029 0.0009953574 0.001149225 0.001291698 0.001461213 0.001681301 0.001983393 0.002421738 0.003055695 0.004080184 8.649712e-17 100.5644 126.3911 139.5524 147.3954 154.1993 162.6607 174.2166 189.252 208.1519 226.6121 98 
0.0008188269 0.0007072203 0.000685508 0.001000867 0.001158416 0.001295856 0.001465149 0.001684412 0.001984569 0.002413441 0.003049259 0.004071586 3.296002e-17 101.0647 127.0635 139.8208 147.5408 154.3328 162.8905 174.5935 189.8898 208.7681 227.1927 99 
0.0008178699 0.0007085416 0.0006835993 0.001004588 0.001162749 0.001287293 0.00145729 0.001679576 0.001969315 0.002402089 0.003042561 0.004069989 5.221422e-17 101.4377 127.3957 139.5095 147.3416 154.3339 162.8314 174.6399 189.7373 208.3003 226.5374 100 
