0.5009402 0.8974092 0.5024693 0.07394758 0.09804775 0.1166594 0.136812 0.164315 0.1983857 0.2490991 0.3324005 0.5005583 0.999998 10047.51 15080.71 19891.48 23203.99 25339.13 26912.23 27827.72 28380.03 28685.73 28916 135873.4 1 
0.5051169 0.901055 0.4992659 0.07435221 0.09684289 0.1179845 0.1388122 0.1652101 0.1986462 0.2496314 0.3374459 0.5035363 0.9999999 10115.9 15225.62 19886.91 23464.98 25778.47 27294.64 28113.85 28628.4 29095.07 29164.86 136053.8 2 
0.4939809 0.906862 0.5051736 0.07314655 0.09556084 0.1177336 0.1388005 0.163868 0.1982659 0.2493933 0.3345943 0.5007043 0.9999999 9894.694 14782.48 19283.44 22876.21 25186.81 26560.57 27403.61 27941.17 28308.1 28427.68 135272.2 3 
0.5025533 0.8964856 0.5001867 0.07317787 0.09617209 0.1164552 0.1383997 0.166453 0.1990531 0.2485954 0.3364606 0.5063575 1 9937.55 14931.7 19608.42 23101.98 25520.56 27240.22 28058.29 28473.64 28926.51 29133.58 135799.9 4 
0.4950543 0.9042001 0.5040767 0.07387763 0.09572548 0.1172282 0.1371444 0.1670912 0.2001952 0.2516865 0.3330143 0.5031265 0.9999999 10004.18 14956.79 19409.48 22903.16 25068.09 26843.75 27692.84 28192.68 28296.99 28459.03 135415.5 5 
0.5049734 0.9006634 0.4973024 0.07369514 0.09929857 0.1179171 0.1408128 0.1671912 0.1972576 0.2474693 0.3318608 0.5009818 0.9999999 9978.487 15017.36 20037.76 23439.55 25868.11 27377.04 27889.59 28247.98 28558.67 28838.95 135402.2 6 
0.4981814 0.9045303 0.4980472 0.07376401 0.09699095 0.1171104 0.1395481 0.1641829 0.1978196 0.2456513 0.3301422 0.4978914 0.9999998 9986.671 14961.85 19616.39 23033.81 25426.5 26790.79 27570.08 27903.45 28265.11 28592.1 135386.8 7 
0.5052012 0.8972192 0.4984131 0.07372233 0.0954565 0.1157852 0.1390538 0.1674647 0.1994436 0.2509083 0.3343279 0.4960702 0.9999987 10000.97 15053.48 19599.75 23062.15 25626.11 27436.43 28228.06 28730.47 28957.42 28894.62 135657.3 8 
0.4970696 0.8983746 0.497775 0.07382395 0.09777266 0.1175627 0.1367211 0.1654451 0.1994575 0.2469634 0.3333903 0.4979267 0.9999999 10051.62 15047.97 19809.51 23222.45 25269.92 26900.51 27798.84 28118.59 28514.46 28647.24 136156.6 9 
0.4985223 0.8985817 0.4992022 0.07402046 0.09740811 0.1175642 0.1371083 0.1636172 0.1971087 0.2486423 0.3321934 0.5012694 0.9999999 10048.88 15058.47 19752.08 23186.18 25286.77 26742.03 27574.74 28172.25 28525.46 28813.04 135758.1 10 
0.5018815 0.9012475 0.4959416 0.07343737 0.0969894 0.1170232 0.1394124 0.1635348 0.1980367 0.2486555 0.3330683 0.5001973 0.9999999 9959.532 14958.04 19694.84 23163.35 25593.45 26945.69 27806.81 28338.22 28697.1 28900.2 135619.4 11 
0.4984364 0.9015396 0.5040204 0.07451601 0.0973474 0.1170302 0.139364 0.1660008 0.1991975 0.2482036 0.3358037 0.5012156 0.9999998 10089.58 15118.6 19734.46 23074.03 25419.99 26939.09 27707.42 28059.17 28478.61 28562.6 135401.6 12 
0.5058594 0.8998627 0.4946842 0.07354215 0.09587665 0.1165109 0.1392742 0.163626 0.2017143 0.2504006 0.3333215 0.501657 0.9999998 9969.536 15012.72 19635.73 23162.88 25689.33 27124.15 28288.85 28746.36 28946.49 29096.24 135562.2 13 
0.4955883 0.8994495 0.5065165 0.07437877 0.0977292 0.1175734 0.141121 0.1637911 0.1982122 0.2498472 0.3359901 0.5010016 0.9999999 10092.67 15094.48 19755.45 23114.62 25567.62 26738.87 27487.31 28009.93 28395.44 28443.06 135692.9 14 
0.4925135 0.8965579 0.5103785 0.07346035 0.09839502 0.1179077 0.1377362 0.164763 0.1954665 0.2484142 0.3366994 0.5048527 0.9999998 10002.91 14929.47 19766.92 23147.54 25220.72 26676.55 27263.6 27870.04 28438.74 28638.85 136167.4 15 
0.5013756 0.8971713 0.4967429 0.07461086 0.09708262 0.1173194 0.1382418 0.1633703 0.1958138 0.2474928 0.3332068 0.5036327 0.9999999 10084.76 15141.01 19734.43 23144.05 25384.8 26761.86 27491.22 28088.09 28575.05 28932.81 135164.8 16 
0.4985574 0.8997525 0.5013523 0.07349666 0.09680657 0.1164875 0.138309 0.1646115 0.1976238 0.2520567 0.3353549 0.5041541 0.9999998 9973.932 14946.51 19623.37 23011.74 25349.48 26869.68 27669.18 28401.49 28695.3 28830.01 135705.9 17 
0.5019582 0.9015166 0.4953423 0.07322358 0.09824177 0.1159319 0.1384032 0.1649551 0.1980138 0.2485493 0.33341 0.5009653 0.9999998 9912.175 14887.67 19798.05 23053.33 25414.32 26971.65 27787.44 28291.86 28660.02 28867.73 135368.6 18 
0.4994108 0.9026662 0.4988308 0.07222704 0.09547847 0.1173974 0.1397729 0.1651935 0.1992993 0.2481182 0.3342305 0.505129 0.9999998 9783.254 14669.12 19324.52 22995.39 25506.87 26994.98 27840.25 28216.93 28588.71 28864.11 135451.4 19 
0.4963308 0.9005397 0.5026654 0.07561293 0.09661926 0.117707 0.1379456 0.1636509 0.1979644 0.2461806 0.3326302 0.504525 0.9999979 10266.41 15361.94 19751.23 23149.09 25289.25 26664.63 27512.54 27895.97 28350.19 28753.32 135775.8 20 
0.5005904 0.9051162 0.4988038 0.07294009 0.09665491 0.1161238 0.1384455 0.1652011 0.2013795 0.2506065 0.3286225 0.5018251 0.9999983 9847.607 14777.22 19494.85 22888.4 25293.25 26885.28 27932.8 28368.05 28336.88 28677.94 135009.5 21 
0.5045975 0.9020346 0.4972521 0.07398247 0.09729132 0.1171144 0.1400584 0.1668703 0.200193 0.250252 0.3281569 0.5010842 0.9999999 10022.11 15079.24 19813.54 23259.81 25739.5 27334.71 28132.45 28532.16 28492.26 28836.92 135466 22 
0.4964442 0.9016279 0.5016011 0.07376896 0.09619186 0.1150879 0.1368895 0.1648745 0.1980156 0.248491 0.3351375 0.4970533 0.9999999 10020.43 14995.01 19546.55 22790.69 25088.89 26774.74 27654.53 28183.42 28641.9 28665.56 135835.3 23 
0.5009619 0.8964931 0.5037336 0.07427014 0.09666068 0.1177303 0.138994 0.1630847 0.1973477 0.250644 0.3295943 0.4967353 0.9999999 10091.44 15146.87 19746.31 23269.25 25590.87 26896.56 27730.07 28424.46 28560.08 28776.61 135874.8 24 
0.5005754 0.9003406 0.4954314 0.07432437 0.09698871 0.1161447 0.1391955 0.1657729 0.2015728 0.2507408 0.3317351 0.4988036 0.9999999 10093.73 15146.4 19774.63 23083.44 25521.21 27092.94 28085.66 28483.56 28557.02 28662.67 135806.5 25 
0.5006951 0.8947758 0.5011503 0.07476517 0.0967754 0.1178747 0.1407098 0.1630271 0.1993621 0.2489374 0.3321265 0.500127 0.9999999 10149.76 15231.69 19781.95 23277.6 25736.79 26905.83 27820.84 28275.13 28532.01 28742.64 135755.2 26 
0.5038877 0.8964578 0.4974685 0.07469829 0.09782381 0.1169887 0.1398908 0.1650928 0.20008 0.2466533 0.3344188 0.4997495 0.9999998 10122.4 15222.95 19936.59 23279.81 25703.83 27135.74 28025.26 28274.27 28702.71 28841 135510.4 27 
0.5068259 0.901612 0.4970099 0.07331802 0.09924495 0.1176148 0.1365269 0.164429 0.2008888 0.2491276 0.3342288 0.501531 0.9999999 9945.326 14985.88 20070.43 23489.25 25545.2 27132.03 28231.99 28659.14 28981.37 29130.67 135646.4 28 
0.5065175 0.8974012 0.4937942 0.0732129 0.09897795 0.1183084 0.1388367 0.1625446 0.1993619 0.2495472 0.3330389 0.4991294 0.9999999 9951.914 14992.73 20063.25 23591.58 25844.44 27099.73 28115.82 28661.88 28960.6 29105.87 135931.2 29 
0.4945503 0.9018548 0.5050538 0.07355765 0.09553959 0.1162344 0.1363645 0.1643477 0.1984734 0.2497683 0.3330483 0.4987129 0.9999998 9960.393 14886.31 19347.37 22756.63 24928.28 26561 27498.98 28087.51 28384.09 28512.02 135409.3 30 
0.4989034 0.8979015 0.5020401 0.07374243 0.09691878 0.1176924 0.1367166 0.1650964 0.1956098 0.2520089 0.3334095 0.4998143 0.9999978 10033.15 15038.72 19716.91 23231.34 25318.59 26943.17 27599.28 28440.75 28707.94 28830.87 136056.6 31 
0.5014533 0.9014844 0.4969978 0.0710197 0.09791001 0.1176453 0.1382235 0.1634589 0.2006167 0.2512985 0.3336259 0.4973905 0.9999985 9626.189 14453.27 19576.11 23179.59 25476.9 26893.64 27981.1 28545.71 28741.49 28745.49 135542.5 32 
0.5015987 0.9008815 0.4978467 0.0739255 0.09793513 0.117261 0.1386078 0.1622846 0.1982953 0.2497606 0.3332472 0.500835 0.9999999 10023.1 15050.68 19846.21 23236.27 25513.64 26774.23 27736.43 28358.96 28685.95 28879.73 135583.8 33 
0.5019353 0.9018679 0.5009809 0.07471342 0.09697399 0.1172468 0.1396022 0.1649748 0.1999934 0.2468959 0.3322268 0.5006277 0.9999998 10130.87 15215.9 19804.29 23224.37 25619.4 27055.76 27950.95 28222.44 28548.72 28802.49 135596.3 34 
0.4982884 0.9055987 0.4998039 0.0751396 0.09776683 0.1158771 0.1399771 0.1622215 0.1995082 0.2489939 0.3323701 0.5013631 0.9999998 10146.74 15202.74 19785.61 22916.14 25363.96 26537.57 27544.09 28031.94 28310.55 28551 135038.4 35 
0.4962138 0.9030875 0.4989744 0.07330218 0.09750316 0.1168796 0.1389237 0.1638721 0.1986195 0.2487138 0.3314203 0.4993384 0.9999999 9923.636 14847.88 19600.1 22959.4 25283.78 26655.43 27525.4 28007.12 28262.18 28493.95 135379.8 36 
0.4989642 0.9039061 0.4981042 0.07376725 0.09821103 0.1183459 0.1367491 0.1644079 0.196109 0.248192 0.334805 0.4993608 0.9999999 9992.105 14977.81 19795.18 23266.81 25250.15 26756.09 27460.93 28058.01 28559.36 28695.04 135454.5 37 
0.4977189 0.8956806 0.5027588 0.0753441 0.09739358 0.1185249 0.1393859 0.1635092 0.1958568 0.2466594 0.3317171 0.4966757 0.9999999 10214.24 15298.06 19822.77 23276.67 25486.83 26719.74 27361.13 27859.34 28294.17 28519.41 135567.9 38 
0.4967529 0.9040536 0.499346 0.07307804 0.09804766 0.1173017 0.1385821 0.1648453 0.1977226 0.2458209 0.3340083 0.500487 0.9999999 9876.614 14782.85 19626.34 23003.61 25248.99 26705.36 27453.18 27788.36 28304.92 28531.66 135151.6 39 
0.5018213 0.8993654 0.4994108 0.07427152 0.09612511 0.1173613 0.1400752 0.1637371 0.1988021 0.2491658 0.3342087 0.5022458 0.9999999 10075.98 15132.32 19665.89 23191.14 25672.45 26990.4 27868.35 28368.66 28721.87 28907.02 135664.1 40 
0.4948519 0.9016069 0.5046311 0.07361301 0.0976741 0.1182374 0.138264 0.1648983 0.2006461 0.2489272 0.3356068 0.5010867 0.9999999 9994.355 14940.08 19678.04 23156.43 25295.21 26737.33 27680.5 28027.3 28379.56 28437.64 135768.9 41 
0.4988298 0.9054197 0.5015851 0.07241682 0.09652825 0.1171409 0.1372724 0.166177 0.1975198 0.249277 0.3295408 0.5049996 0.9999976 9774.395 14650.15 19393.24 22924.25 25143.88 26859.58 27587.87 28132.2 28295.17 28767.73 134974.1 42 
0.502624 0.8984134 0.5005934 0.07293918 0.09679509 0.114654 0.1364771 0.1649974 0.198361 0.2509278 0.3339242 0.5026599 0.9999998 9898.687 14874 19654.1 22907.3 25244.19 27022.59 27971.58 28651.14 28946.51 29133.53 135711.5 43 
0.4989047 0.8965042 0.5004656 0.07293336 0.09685531 0.1179574 0.1371686 0.1659785 0.199581 0.2484919 0.3335684 0.4980869 0.9999998 9928.664 14882.12 19648.36 23247.57 25388.73 27064.49 27941.86 28330.14 28650.53 28739.54 136133.4 44 
0.5010944 0.9002248 0.5022403 0.07382348 0.09703351 0.116989 0.1390093 0.1652484 0.2001005 0.2497583 0.3317924 0.4981533 0.9999999 10018.31 15038.44 19731.63 23164.74 25538.51 27055.49 27969.73 28404.87 28574.89 28706.65 135706.3 45 
0.5025707 0.8999266 0.4976772 0.07327347 0.09531459 0.1175681 0.1391349 0.1639498 0.1989712 0.2484904 0.3348066 0.4971678 0.9999999 9927.228 14916.36 19463.72 23136.16 25573.49 26999.27 27922.92 28392.66 28809.03 28840.5 135481.9 46 
0.5041078 0.8980945 0.5002246 0.07301744 0.0972799 0.11848 0.1393106 0.1653086 0.1986465 0.2495123 0.3327592 0.5041367 0.9999998 9949.118 14964.55 19830.94 23506.07 25851.88 27332.81 28122.61 28614.7 28875.46 29164.18 136256.7 47 
0.4949849 0.9006912 0.5043101 0.07454287 0.09790801 0.1178337 0.1393587 0.1637853 0.1992632 0.2492156 0.3286997 0.4952244 0.9999984 10091.44 15086.55 19734.14 23085.63 25321.4 26587.76 27458.42 27910.41 27994.34 28197.41 135377.7 48 
0.4952207 0.8991421 0.5045645 0.07299327 0.0977269 0.1195574 0.1391117 0.1646914 0.2012342 0.2494011 0.3338305 0.5005028 0.9999998 9904.04 14808.73 19625.7 23287.4 25432.42 26761.38 27712.08 28037.66 28266.15 28361.6 135684.3 49 
0.5022617 0.9003129 0.4942589 0.07403689 0.09580554 0.1160156 0.1394041 0.1647644 0.1970547 0.2498249 0.3358704 0.5038629 0.9999999 10044.09 15088.85 19613.57 23028.68 25563.52 27076.8 27821.53 28451.15 28891.21 29058.32 135663.3 50 
0.5031544 0.9004934 0.4980428 0.07364982 0.09617323 0.1175326 0.1384998 0.162283 0.1969277 0.2461759 0.3330595 0.4974582 0.9999989 9984.412 15008.11 19628.98 23216.83 25554.29 26861.31 27750.78 28253.93 28791.1 29005.17 135566 51 
0.4930121 0.9014868 0.5055538 0.073303 0.0973233 0.1181065 0.1394788 0.1637185 0.1996371 0.2464672 0.3300027 0.5035176 0.9999975 9958.884 14868.73 19583.5 23077.38 25356.66 26621.13 27523.48 27797.13 28059.08 28508.06 135859.2 52 
0.5015486 0.8968928 0.5019027 0.0743445 0.09731367 0.1174573 0.1396978 0.1659766 0.1983109 0.2511697 0.3322513 0.5022686 0.9999998 10114.14 15186.87 19871.68 23318.61 25710.37 27220.18 27927.3 28501.45 28652.65 28864.08 136044.3 53 
0.4949362 0.9019949 0.5014382 0.07493095 0.0984572 0.1167475 0.1395209 0.162489 0.2014498 0.2499347 0.3286652 0.4979783 0.9999999 10166.37 15198.08 19879.46 23049.37 25352.03 26521.43 27635.76 28053.01 28063.14 28311.68 135676.5 54 
0.5016426 0.901772 0.4976801 0.07448263 0.09591104 0.1181774 0.1382293 0.164596 0.1980862 0.2508959 0.3279563 0.5053337 0.9999998 10068.25 15118.91 19583.49 23190.77 25420.68 26899.83 27718 28351.78 28369 28880.16 135175.8 55 
0.5063483 0.8995099 0.4955167 0.0730995 0.09726398 0.1158995 0.1391794 0.1649678 0.2010533 0.2500995 0.3286818 0.5008648 0.9999999 9919.114 14941.64 19798.97 23184.51 25710.48 27273.42 28316.96 28756.09 28769.71 29103.34 135693.3 56 
0.4985532 0.9012274 0.5012571 0.0723135 0.09699745 0.1170511 0.1403893 0.1641862 0.2011357 0.2501545 0.3328667 0.4997022 0.9999998 9795.762 14679.47 19507.84 23008.35 25537.14 26872.72 27876.7 28283.93 28454.98 28561.88 135462.4 57 
0.4994279 0.8950604 0.499955 0.07377214 0.09684652 0.1165234 0.1388438 0.1666775 0.1988548 0.2471235 0.3329654 0.5024242 1 10038.35 15051.78 19723.23 23113.96 25506.5 27173.2 27921.83 28232.71 28593.71 28868.41 136072.3 58 
0.4951845 0.9001168 0.5043447 0.07450986 0.09762422 0.1174695 0.1397611 0.165507 0.1995199 0.2491672 0.3334504 0.5028089 0.9999982 10128.51 15143.99 19780.84 23130.87 25456.59 26870.19 27655.59 28039.73 28298.93 28500.63 135935.1 59 
0.4936871 0.9064978 0.5022156 0.07406428 0.09823447 0.1191966 0.1389979 0.1647332 0.1972462 0.249761 0.3356875 0.4961131 0.9999999 9996.327 14931.38 19647.98 23132.87 25217.67 26528.59 27177.49 27729.88 28122.05 28052.84 134968.3 60 
0.4964014 0.9005371 0.5020121 0.07380759 0.09690952 0.1190071 0.1374912 0.165531 0.1991105 0.2477135 0.3285241 0.500229 0.9999998 9985.221 14941.9 19560.13 23176.4 25211.61 26748.34 27564.53 27918.08 28060.87 28450.25 135287.2 61 
0.5062039 0.9018453 0.4948488 0.07241899 0.09777313 0.1166236 0.1395822 0.163046 0.1991488 0.2519136 0.3360723 0.4966313 0.9999999 9803.107 14765.48 19751.07 23209.97 25717.64 27057.63 28048.71 28737.52 29057.2 28945.07 135366.5 62 
0.5028091 0.9012075 0.4959272 0.07305356 0.09626374 0.1172482 0.138733 0.164051 0.1987355 0.2470211 0.3346249 0.4964008 0.9999991 9872.413 14836.35 19518.52 23087.56 25472.89 26927.97 27838.76 28238.71 28724.86 28781.24 135139.4 63 
0.4941213 0.903603 0.5071667 0.07270426 0.09649514 0.1186519 0.1380397 0.1660425 0.1987045 0.2492488 0.3347033 0.5003329 0.9999998 9846.476 14711.83 19387.81 23043 25190.55 26759.96 27506.88 27949.08 28284.52 28370.98 135431.9 64 
0.5001904 0.9033637 0.4982185 0.07363777 0.09597198 0.1163698 0.1401568 0.1650786 0.1968143 0.2507698 0.3327963 0.4933114 0.9999985 9960.149 14942.12 19499.06 22934.84 25500.34 26962.23 27628.54 28292.4 28541.99 28508.7 135258.7 65 
0.5049441 0.9020905 0.4983226 0.07371349 0.09702101 0.1180538 0.1388355 0.1621066 0.1969654 0.2505738 0.3309868 0.5009116 0.9999984 9978.087 15016.46 19747.46 23337.41 25647.37 26890.15 27769.59 28520.16 28753.14 29049.85 135363.1 66 
0.4928923 0.9005621 0.5036663 0.07420739 0.09624711 0.1176695 0.1384746 0.1637919 0.1988959 0.2491409 0.3296108 0.5047813 0.9999998 10082.74 15052.45 19526.13 23001.28 25226.96 26588.42 27477.8 27966.17 28111.38 28564.99 135872.5 67 
0.4920755 0.9025039 0.5048253 0.07331566 0.09899128 0.1169969 0.1378874 0.1626074 0.1996492 0.2513253 0.3313644 0.5053011 0.9999999 9914.501 14793.18 19684.54 22896.48 25014.24 26285.49 27304.48 27913.8 28026.93 28362.84 135230.3 68 
0.5050671 0.8983182 0.4982408 0.07337888 0.09565739 0.1173442 0.1391791 0.1673119 0.1983034 0.2545544 0.3340672 0.5009023 0.9999999 9972.994 15010.02 19627.97 23277.9 25748.1 27482.92 28169.87 28932.74 28998.84 29010.7 135911 69 
0.5026201 0.8976686 0.4982969 0.07328418 0.09781494 0.1162446 0.1390856 0.1654961 0.1981685 0.2514152 0.3324697 0.4958688 0.9999999 9952.321 14954.56 19826.69 23163.93 25598.97 27163.27 27938.83 28575.49 28749.04 28773 135804.5 70 
0.4916323 0.9063504 0.5049009 0.0722083 0.09847188 0.1201453 0.1390789 0.166645 0.1993511 0.2494611 0.3362049 0.5040522 0.9999998 9789.63 14602.53 19565.38 23243.32 25303.7 26754.6 27423.69 27779.81 28119.6 28217.07 135574.9 71 
0.5062864 0.9023187 0.4935299 0.0738823 0.09682127 0.1172901 0.1386614 0.1654397 0.1970712 0.2492579 0.3369058 0.4993314 1 10007.64 15074.37 19777.81 23302.25 25665.33 27245.58 27961.92 28544.95 29052.06 29057.37 135453.8 72 
0.5050351 0.9034671 0.493357 0.07438712 0.09527526 0.1166267 0.1379561 0.1656922 0.1982912 0.2486753 0.3357165 0.4980928 0.9999999 10082.41 15174.39 19616.58 23144.7 25521.29 27210.64 28041.67 28538.81 28995.52 29015.87 135539.8 73 
0.5010111 0.9023214 0.4965334 0.0743289 0.09570835 0.1176856 0.1408666 0.1647079 0.1979943 0.2492446 0.3322189 0.5029563 0.9999998 10066.54 15109.99 19568.84 23145.91 25686.62 27023.52 27751.33 28252.45 28513.34 28801.62 135432.4 74 
0.4997915 0.8928287 0.5002423 0.07379091 0.09564 0.1163342 0.1388115 0.1637915 0.1984192 0.2517756 0.3322482 0.5029324 0.9999999 10053.29 15077.84 19604.29 23073.93 25530.26 26984.18 27895.67 28598.09 28764.07 29003.21 136240.2 75 
0.4990401 0.9030654 0.498273 0.07372519 0.09600379 0.1195451 0.138755 0.1637575 0.1970839 0.250318 0.33741 0.4924482 0.9999999 9971.641 14947.89 19487.2 23263.97 25445.73 26761.9 27509.11 28162.11 28639.76 28397.48 135254.2 76 
0.497319 0.9009715 0.5014619 0.07255392 0.09782904 0.1185738 0.1382714 0.1639432 0.2009246 0.2476466 0.3317527 0.4990328 0.9999999 9837.191 14729.41 19626.96 23212.54 25370.34 26743.75 27774.99 28069.11 28327.56 28530.78 135584.6 77 
0.4966612 0.9024741 0.5015076 0.07358491 0.09673463 0.116913 0.1404084 0.1683532 0.1987089 0.2515291 0.3331834 0.4996723 0.9999999 9974.46 14928.39 19561.89 22976.88 25476.03 27148.64 27712.65 28196.07 28312.75 28370.97 135550.3 78 
0.4976341 0.9010541 0.5021867 0.07364401 0.09661087 0.1153889 0.1395214 0.164114 0.2002942 0.2475711 0.3342379 0.4991328 0.9999999 9978.258 14943.78 19562.64 22818.84 25350.12 26779.81 27776.88 28106.4 28496.49 28606.65 135493.1 79 
0.5020609 0.90082 0.4980842 0.07413024 0.09573795 0.1173176 0.1387301 0.1632708 0.1998602 0.2457705 0.3362074 0.4985965 0.9999987 10066.77 15120.9 19628.91 23193.25 25566.83 26948.19 27983.83 28271.67 28867.96 28938.51 135798.4 80 
0.5011316 0.898642 0.5015385 0.07387228 0.09722444 0.1172471 0.1386519 0.1642254 0.2012093 0.2516561 0.3294414 0.4965815 0.9999989 10030.77 15057.51 19772.21 23219.33 25531.25 26970.78 28032.29 28550.64 28515.3 28650.49 135785.3 81 
0.4985981 0.9032465 0.5035304 0.0731239 0.09677277 0.117405 0.1378701 0.1658042 0.1958544 0.2499451 0.3289745 0.5026195 1 9872.046 14794.23 19485.78 22985.03 25213.31 26830.54 27428.49 28095.22 28243.26 28676.05 135004.4 82 
0.5007074 0.9003627 0.5019212 0.07263377 0.09599877 0.1164117 0.1366262 0.1649098 0.1972174 0.2430392 0.3338592 0.4952724 0.9999985 9868.54 14809.79 19511.08 23028.97 25281.27 26987.98 27823.82 28089.24 28785.97 28961.18 135867.1 83 
0.4996031 0.9031886 0.5005842 0.07278378 0.09716914 0.1175045 0.1379176 0.1646174 0.1983104 0.2513949 0.3327796 0.4931918 0.9999999 9843.205 14760.9 19559.19 23074.66 25307.3 26821.97 27668.95 28324.52 28520.85 28458.66 135239 84 
0.5037965 0.8975597 0.4996123 0.07470049 0.09763491 0.1169739 0.1392371 0.1632243 0.2009882 0.2488888 0.332855 0.4973141 0.9999999 10118.26 15215.8 19902.52 23256.08 25621.47 26939.02 28028.96 28425.36 28689.56 28776.29 135451 85 
0.5014393 0.8974804 0.5014567 0.07487844 0.09683858 0.1170434 0.1381731 0.1664853 0.1993668 0.2544441 0.330425 0.4959944 0.9999999 10164.98 15262.1 19814.8 23211.73 25477.39 27145.12 27954.61 28673.44 28567.7 28586.84 135753.1 86 
0.5020315 0.9023288 0.5001362 0.07419644 0.09821359 0.118203 0.1392135 0.1663892 0.2012509 0.2497233 0.3322891 0.4971285 0.9999986 10067.41 15121.57 19928.95 23395.12 25651.25 27184.67 28072.79 28390.73 28526.61 28579.75 135685.9 87 
0.4972198 0.9003734 0.5008292 0.07292398 0.09593963 0.1186281 0.1395195 0.163924 0.1964941 0.2465082 0.3321853 0.5019492 0.9999998 9898.011 14819.5 19440.87 23161.54 25505.3 26824.47 27511.44 27966.75 28412.85 28766.71 135730.5 88 
0.5044732 0.9003954 0.4957049 0.07158492 0.0977305 0.1165182 0.138826 0.1658733 0.1988754 0.2465104 0.3320961 0.4990054 0.9999999 9703.272 14598.31 19663.44 23149.95 25605.08 27246.88 28076.33 28394.61 28769.96 29011.15 135549.1 89 
0.5024288 0.897116 0.4995515 0.07408308 0.09764444 0.1172212 0.1400478 0.1629772 0.1985497 0.2485285 0.3346768 0.4975131 0.9999999 10069.15 15128.18 19889.18 23304.47 25748.34 26986.71 27885.94 28383.45 28805.26 28857.71 135917 90 
0.5004776 0.9031051 0.4980253 0.07363629 0.09601307 0.1156773 0.1372413 0.1668578 0.1996784 0.2527993 0.3358066 0.5033276 0.9999999 9986.481 14984.49 19561.77 22927.72 25258.32 27099.31 27977.6 28607.91 28814.5 28853.15 135619 91 
0.5020443 0.8990576 0.4998876 0.07458464 0.09750316 0.1177944 0.1391417 0.1632174 0.1981533 0.2522029 0.3306577 0.5009213 0.9999999 10109.22 15184.49 19853.21 23301.64 25594.06 26881.32 27750.58 28480.12 28561.53 28802.13 135540.2 92 
0.5011278 0.8993508 0.4976034 0.07351627 0.09619198 0.1181669 0.1392229 0.1641722 0.1959172 0.2462322 0.331644 0.4953625 0.9999988 9986.173 14990.52 19617.93 23271.9 25626.74 27016.72 27677.1 28157.69 28616.14 28821.16 135836.2 93 
0.4989419 0.9034966 0.4981758 0.07467906 0.0973081 0.1191626 0.1397701 0.1653361 0.1971906 0.2499533 0.3316229 0.5029228 0.9999999 10089.37 15123.39 19710.54 23281.79 25509.62 26865.41 27477.88 28031.44 28237.69 28534.81 135103.1 94 
0.5009238 0.8929409 0.5016993 0.0743942 0.09583794 0.1177944 0.1397977 0.1650469 0.1988748 0.2489945 0.3379561 0.5043235 0.9999998 10116.37 15183.91 19668.81 23258.07 25686.02 27120.71 27926.11 28372.89 28874.7 28949.41 135983.4 95 
0.5021128 0.8984472 0.4994435 0.07392737 0.09612159 0.1188439 0.1392824 0.1645918 0.1985297 0.2525609 0.3330019 0.5024617 0.9999998 10061.01 15112.76 19702.72 23431.41 25746.28 27147.97 27960.77 28649.69 28783.74 28943.55 136093.1 96 
0.4949616 0.9079086 0.4996333 0.07318707 0.09636323 0.1183893 0.1386487 0.165442 0.198803 0.2487316 0.3319556 0.5010656 0.999998 9874.368 14761.8 19356.29 22958.07 25175.27 26656.72 27430.37 27847.66 28091.86 28332.49 134919.6 97 
0.4952178 0.9021261 0.5068159 0.07255754 0.09668768 0.1175017 0.1376023 0.1665135 0.2002981 0.2473153 0.3330659 0.4985108 0.9999999 9840.031 14712.99 19447.21 22980.66 25177.23 26866.47 27740.38 27991.57 28310.67 28443.02 135616.9 98 
0.4970993 0.9015778 0.5033894 0.07382159 0.09659413 0.1160542 0.139352 0.1623634 0.1976481 0.2505775 0.3344491 0.4961238 0.9999999 10006.88 14981.29 19574.39 22893.37 25351.41 26611.97 27514.18 28208.65 28557.71 28546.36 135554.9 99 
0.4992276 0.8980743 0.5024098 0.0742823 0.09759695 0.117171 0.1397608 0.1628037 0.19744 0.2479831 0.3348265 0.4986817 0.9999999 10086.22 15121.53 19816.63 23183.54 25569.22 26789.19 27612.93 28138.2 28621.08 28726.48 135782.2 100 
