0.003598292 0.002891523 0.003434757 0.0007591866 0.0009057583 0.001033045 0.001178137 0.001368189 0.001613003 0.001957366 0.002470944 0.003263658 1.173392e-05 103.1532 126.5645 144.1949 164.405 184.7802 201.1538 214.2016 223.533 230.0501 233.2982 1 
0.003617597 0.002827525 0.003411612 0.0007588324 0.0008981705 0.001033591 0.001181502 0.001368669 0.001611452 0.001955893 0.002477161 0.003272259 3.26187e-06 103.2421 126.0611 145.2464 165.7807 186.6672 204.0832 217.8134 227.6745 233.6832 237.1992 2 
0.003510602 0.002792672 0.003415656 0.00075192 0.0008902097 0.001028468 0.001176558 0.001358679 0.001601872 0.001944569 0.002457353 0.003240615 3.152079e-06 101.7139 123.6094 141.6953 160.1555 178.7912 194.8788 207.0354 215.6412 221.2437 224.3693 3 
0.003638372 0.002906804 0.00345186 0.0007562329 0.0008986537 0.001031521 0.001183016 0.00137603 0.001618395 0.001960645 0.002483012 0.003282689 5.364821e-16 102.6964 125.8201 144.435 165.1163 185.9211 203.0052 217.0373 227.267 233.3974 236.3599 4 
0.00353452 0.002827224 0.003423975 0.0007564929 0.0008928046 0.001028904 0.001173067 0.001369914 0.001612959 0.001959023 0.002469461 0.003257564 2.70737e-06 102.4409 124.2291 142.4587 160.995 180.8975 196.1599 209.1496 217.8114 224.0378 226.25 5 
0.003662515 0.002855222 0.003447183 0.0007577415 0.0009099911 0.001037738 0.001192705 0.001382099 0.001617696 0.001960328 0.002475865 0.00326936 2.510434e-06 102.5999 126.9317 144.9172 166.8764 187.8939 205.2019 219.3775 228.4701 234.3095 237.199 6 
0.003601721 0.002841748 0.003430931 0.000756028 0.0008978267 0.001029386 0.001181965 0.001363928 0.001605828 0.001940836 0.002449974 0.003231966 3.36843e-06 102.3562 125.0882 143.2108 163.5445 182.9143 199.8429 212.3411 221.5137 227.2149 230.46 7 
0.003665397 0.002891407 0.003451198 0.000758936 0.0008961799 0.001028851 0.001184606 0.001379323 0.001620738 0.00196825 0.002485696 0.003282342 9.459093e-06 102.9552 125.6137 144.7796 166.1631 187.1632 204.6689 219.624 229.6338 235.9922 239.8409 8 
0.003636856 0.00293412 0.003458613 0.0007574702 0.0009027817 0.001033941 0.001175921 0.001369233 0.001614455 0.00195114 0.002467255 0.003258004 2.290119e-06 103.1346 126.4966 144.685 164.5609 185.4813 201.6501 214.3026 224.1115 229.6128 233.0935 9 
0.003618959 0.002914712 0.003444057 0.0007593653 0.0009026913 0.001035192 0.001178767 0.001365564 0.001607835 0.001952757 0.002465545 0.003255943 2.796675e-06 103.09 126.1206 144.4234 164.1936 184.4869 200.8381 213.765 222.7048 229.1634 232.3939 10 
0.003651027 0.00287452 0.003441479 0.0007556085 0.0008993126 0.001030984 0.001183696 0.001364345 0.001608701 0.001951811 0.002465481 0.003254747 2.670449e-06 102.4752 125.7488 144.2823 165.3185 185.3932 203.2733 216.5958 226.0933 232.4734 235.9881 11 
0.00355414 0.002844575 0.003415337 0.000761027 0.0009018435 0.001032289 0.001184886 0.001373696 0.001616805 0.001957363 0.002477635 0.003271293 3.322628e-06 103.0442 125.4868 143.2828 163.2807 182.5682 198.716 211.3216 220.5726 225.7289 228.7963 12 
0.00369033 0.002874606 0.003449941 0.0007570663 0.000896229 0.001029896 0.001183982 0.001365545 0.00162063 0.001963167 0.00247717 0.003271133 3.316065e-06 102.6296 125.6212 144.9955 166.5443 187.2146 206.4049 219.934 230.589 237.6543 240.8914 13 
0.003529338 0.002873167 0.003421374 0.0007605623 0.0009036823 0.001035018 0.001192128 0.00136983 0.001614562 0.001961471 0.002481459 0.003276737 3.159215e-06 103.2029 125.7889 143.2886 163.2409 181.2157 197.7952 209.8055 218.1115 223.3235 226.3343 14 
0.003487445 0.002910259 0.003411009 0.0007561909 0.0009060696 0.001036734 0.001181349 0.001370247 0.001605419 0.001952409 0.002474127 0.003269705 3.816774e-06 102.9686 126.2066 142.902 161.389 180.2916 194.8029 207.1254 215.1871 220.3719 223.2462 15 
0.003675022 0.002937234 0.003468573 0.0007647658 0.0009049014 0.001038023 0.001186805 0.001370814 0.001610567 0.001956012 0.002473618 0.003268751 3.120977e-06 103.3694 126.1937 145.1548 165.8489 186.1947 203.2132 216.6385 225.8343 232.299 235.6779 16 
0.00359702 0.002881739 0.003444262 0.00075627 0.0008992461 0.001029661 0.001180238 0.001367157 0.001608345 0.001960522 0.002476418 0.003270079 3.728752e-06 102.6303 125.5459 143.4844 163.6653 183.377 199.897 213.512 222.2365 228.8669 231.8668 17 
0.0036654 0.002874987 0.003453901 0.000755139 0.0009048421 0.001028562 0.001180804 0.00136873 0.001610441 0.001953308 0.002468094 0.003258356 3.527065e-06 102.2221 126.1905 143.7385 165.341 185.8615 203.0815 216.8353 226.5096 232.8805 236.3403 18 
0.003614374 0.0028542 0.003441908 0.0007493233 0.0008918355 0.001029787 0.001182625 0.001367239 0.001611418 0.001950583 0.002466168 0.003256114 4.089375e-06 101.4969 124.423 143.1318 163.1806 183.1647 200.7376 213.9946 223.7507 229.7956 232.502 19 
0.003572915 0.002880343 0.003441346 0.0007658419 0.0008990459 0.001034132 0.001180081 0.001364656 0.001608916 0.00194589 0.002460491 0.003249514 1.195762e-05 103.9828 125.608 144.3738 163.635 182.9166 198.9425 210.8149 219.9272 225.6878 228.3485 20 
0.003612449 0.002815754 0.003437946 0.0007527543 0.0008968581 0.001026091 0.001177797 0.001365816 0.001616048 0.00195815 0.002461304 0.003246144 1.102756e-05 101.629 124.6723 142.5278 163.0554 183.0858 200.472 213.6032 223.0497 230.2294 232.424 21 
0.003629178 0.002834425 0.003411341 0.000758206 0.0009009484 0.001031922 0.001186583 0.001376369 0.001620512 0.001964769 0.002469918 0.00325928 2.641427e-06 102.7111 125.8399 144.3625 165.6256 186.2149 203.7583 217.6667 226.7961 233.7514 235.8733 22 
0.003590991 0.002870288 0.003457387 0.0007562281 0.0008951023 0.001021971 0.001171347 0.001362218 0.001603359 0.001944587 0.002460198 0.003246807 2.407299e-06 102.7224 125.1004 142.8071 162.8505 182.4404 198.3842 211.5442 221.1269 226.8572 230.9206 23 
0.003586934 0.002898764 0.003423959 0.0007611876 0.0009010515 0.001036833 0.001186802 0.001367615 0.001611875 0.001962423 0.002470593 0.003261533 2.392193e-06 103.4262 126.0104 144.6978 164.6238 184.1523 201.2578 214.3151 222.627 229.4774 232.7584 24 
0.003653487 0.002892955 0.003445769 0.0007598813 0.000899888 0.001028249 0.001182735 0.00137122 0.00162143 0.00196466 0.00247557 0.003267083 2.590856e-06 103.1968 126.0428 144.498 165.8034 185.9593 203.5238 216.7908 226.4573 232.9202 235.7296 25 
0.003616654 0.002937835 0.003434233 0.0007649473 0.0009034858 0.001039657 0.001195402 0.001372399 0.001623089 0.001967581 0.002483532 0.003281417 2.821752e-06 103.8455 126.3525 145.3388 165.9166 185.0329 203.0032 215.3528 224.4437 230.5688 233.5033 26 
0.00366618 0.002916017 0.00345014 0.000764537 0.0009074057 0.001036881 0.00119207 0.001377704 0.001626391 0.001963685 0.002485508 0.003284654 3.997116e-06 103.6027 126.8412 145.4578 167.1007 187.4209 205.3151 218.2937 228.6023 234.1178 237.5431 27 
0.003651677 0.002827561 0.003426081 0.0007547265 0.0009081015 0.001034729 0.001175603 0.001366168 0.001617583 0.001957713 0.002473662 0.003266264 3.002791e-06 102.3759 126.9104 144.7696 165.7816 187.705 205.3524 218.6093 229.1857 235.8041 239.2741 28 
0.003697107 0.002906511 0.003436342 0.0007557529 0.0009090391 0.001039522 0.001186895 0.001366256 0.001617587 0.001962562 0.002477968 0.003273095 2.342717e-06 102.7304 127.4607 145.9691 167.6395 189.0104 207.8746 221.1453 231.111 237.8935 241.6214 29 
0.003552745 0.002867175 0.003447779 0.0007561706 0.0008934808 0.001026895 0.001171475 0.001361989 0.001605864 0.00195002 0.002461393 0.003247612 3.396472e-06 102.3926 124.3288 142.2988 161.0357 180.4568 196.067 208.741 217.7179 223.8955 227.2707 30 
0.003581535 0.002900687 0.003414484 0.0007574317 0.0009000354 0.001034577 0.001176437 0.001368723 0.001603491 0.001958722 0.002471471 0.003263064 1.241224e-05 103.0536 125.9346 144.2524 163.4749 184.0429 199.569 213.5833 221.6857 228.3982 231.8406 31 
0.003653458 0.002865597 0.003461076 0.0007437489 0.0009014644 0.001032681 0.001179337 0.001362371 0.001614372 0.00196001 0.002472724 0.003262714 1.014841e-05 100.8096 125.6983 143.3337 163.9244 184.8485 203.1132 216.344 226.1789 232.8416 236.5049 32 
0.003638438 0.002871548 0.003443285 0.0007582229 0.0009038081 0.001033314 0.001182602 0.001361351 0.001609383 0.001955241 0.002468667 0.003258976 2.495606e-06 102.8028 126.2245 144.4066 165.2483 185.1905 202.9133 215.7244 224.9959 231.6334 235.0999 33 
0.003592813 0.00283481 0.003415571 0.0007613578 0.0008997422 0.001032073 0.001184834 0.00136964 0.001616892 0.001952803 0.002466889 0.003256692 3.499062e-06 103.2373 125.6722 144.2358 164.7674 184.4926 201.7568 214.3186 224.0576 229.808 232.736 34 
0.003600812 0.002818312 0.003447993 0.000763047 0.0009022702 0.00102665 0.001184209 0.001359224 0.001610185 0.001951509 0.00246249 0.003248208 3.659064e-06 103.0407 125.3976 143.048 164.1701 182.4496 199.9472 211.8474 220.9382 227.1633 230.1288 35 
0.003605064 0.002870089 0.003453664 0.0007545437 0.0009005458 0.00102982 0.001181006 0.001363719 0.001608883 0.001950782 0.002460605 0.003246233 2.606239e-06 102.15 125.3224 142.9206 163.1593 182.4855 199.2918 211.7898 220.6697 226.7794 229.8057 36 
0.003621705 0.002844077 0.003452052 0.0007561988 0.0009029726 0.001035167 0.001174657 0.001364148 0.001601161 0.001945284 0.002461227 0.003247822 2.35281e-06 102.4305 125.8368 143.983 163.6424 184.5625 200.4852 213.6901 222.6541 228.4677 232.3681 37 
0.003601977 0.002939555 0.003454811 0.0007677157 0.0009062147 0.001042628 0.001191983 0.001373605 0.001613309 0.001957092 0.002473474 0.003267047 2.992108e-06 104.0776 126.3906 145.1885 164.9419 184.2649 200.5753 212.9722 221.3507 226.8129 230.3979 38 
0.003610197 0.002851439 0.003466935 0.0007535697 0.0009026767 0.001031741 0.001180503 0.001367126 0.001607841 0.001943736 0.002460557 0.003247356 2.773301e-06 101.8461 125.367 142.8206 162.9895 182.8525 199.2143 211.7747 221.1818 226.4307 229.8151 39 
0.003627589 0.002879312 0.003438278 0.0007604295 0.0008975741 0.001033446 0.001187881 0.001367867 0.00161441 0.001958422 0.002475194 0.003269117 2.948646e-06 103.163 125.5888 144.7264 165.3903 185.0416 202.9372 216.0121 225.4812 231.6997 234.8741 40 
0.003547881 0.002860865 0.003439758 0.0007555789 0.0009011304 0.001034791 0.001179943 0.001367382 0.001616609 0.001956259 0.002474445 0.00326639 3.149218e-06 102.5841 125.5324 143.2155 162.251 181.7865 197.9275 209.7102 218.9367 224.139 227.0249 41 
0.003588178 0.002811563 0.003442637 0.0007500745 0.0008958327 0.001029228 0.001173993 0.001367738 0.001604868 0.001948987 0.002454152 0.003237599 1.303601e-05 101.2406 124.34 142.2318 161.654 182.2305 198.1729 211.904 220.6515 227.6211 229.843 42 
0.003629886 0.002880755 0.003449169 0.0007542625 0.0008999241 0.001023901 0.001173513 0.001366519 0.001609331 0.001957338 0.002471267 0.003264039 3.574673e-06 102.3621 125.8148 143.3558 164.3133 184.9147 201.6864 215.95 225.7795 232.9807 236.4069 43 
0.00361412 0.002926967 0.003444472 0.000754056 0.0008999723 0.001035943 0.001178739 0.001372795 0.001617595 0.001958506 0.002475009 0.003269006 3.427996e-06 102.6522 126.0529 144.5092 163.9843 185.0488 201.4686 214.6316 224.3189 230.0977 233.4825 44 
0.003578366 0.002851616 0.003413083 0.0007575467 0.0009001458 0.001031607 0.001183149 0.001370381 0.001617569 0.001960661 0.002472356 0.00326306 2.313419e-06 102.8039 125.6712 143.7438 164.0062 183.815 200.8195 213.7756 223.0473 229.2325 232.2655 45 
0.003654387 0.002879843 0.003454368 0.0007558285 0.0008938342 0.001033259 0.001183981 0.001366721 0.001613257 0.001954922 0.002472709 0.003264693 2.213432e-06 102.4011 125.0148 144.5429 164.8921 185.3415 203.4384 216.8654 226.9277 232.91 236.9893 46 
0.003612992 0.002870973 0.003410646 0.0007533176 0.0009004143 0.001036691 0.001185103 0.001371612 0.001614584 0.001959459 0.002473586 0.00326787 3.304455e-06 102.6446 126.3585 145.0733 165.4698 186.3897 203.9484 217.6413 226.9882 233.559 236.2274 47 
0.003556429 0.002879405 0.003441824 0.0007616367 0.0009046501 0.001036316 0.001186708 0.001368561 0.001616617 0.0019602 0.002466802 0.003253745 1.067723e-05 103.1086 125.6933 143.348 162.9128 181.6273 197.9558 209.6784 217.7952 223.7259 226.5443 48 
0.003553605 0.002893476 0.003433095 0.0007540789 0.0009029729 0.001041723 0.001186517 0.001371537 0.001623566 0.001964849 0.002481491 0.003276261 3.30358e-06 102.3167 125.6703 143.6575 162.4137 182.1023 198.7364 210.3499 219.3081 224.6726 227.2146 49 
0.003697541 0.002893683 0.003484475 0.0007589809 0.0008954733 0.001027329 0.001183117 0.001367906 0.001606899 0.001954316 0.002472546 0.003265812 2.804624e-06 102.9658 125.5924 144.8746 166.4693 186.8469 204.6362 219.0659 228.7117 235.2822 238.8471 50 
0.003640865 0.002866475 0.003438535 0.0007571074 0.0008969183 0.001033241 0.001181702 0.001360595 0.001604521 0.001943175 0.002458337 0.003245864 8.812003e-06 102.638 125.4393 144.5775 164.9473 185.1695 203.0302 216.0546 225.9398 232.0314 236.3172 51 
0.003517885 0.0028696 0.003417661 0.0007538359 0.0008992232 0.001033527 0.001183151 0.001363811 0.001612205 0.001947048 0.002456062 0.003242062 1.318338e-05 102.4155 125.2121 142.6704 161.6089 180.0917 196.412 207.5781 216.2732 221.9532 223.9289 52 
0.00360584 0.002892639 0.003434798 0.0007609339 0.0009029143 0.001035439 0.001188321 0.001376602 0.001617737 0.001967981 0.002481441 0.003277568 3.736074e-06 103.5207 126.4771 144.9668 165.6194 185.721 202.5679 216.3013 224.9014 231.4446 234.0016 53 
0.003577811 0.002877482 0.003443727 0.0007620979 0.0009051834 0.001030739 0.001184302 0.001361384 0.001617813 0.001959227 0.00246386 0.003249709 2.596334e-06 103.3988 126.1297 143.4441 163.89 182.1812 199.3407 210.5018 219.1084 225.4543 227.8631 54 
0.003643349 0.002860814 0.003455051 0.0007615958 0.000896749 0.001036188 0.001182024 0.001368982 0.001611868 0.001960897 0.002464386 0.003252622 3.609275e-06 102.9493 125.1153 144.7358 164.6025 185.2815 202.3498 215.9728 224.5166 232.1874 234.1585 55 
0.00367634 0.002867279 0.003440045 0.0007546655 0.0009013632 0.001028322 0.001183571 0.001369774 0.001620318 0.001963054 0.002469012 0.003259592 2.491376e-06 102.4031 126.2457 144.5405 166.5778 187.4162 206.0349 219.9718 230.0723 237.5832 240.2115 56 
0.003601037 0.002864296 0.003451067 0.0007503717 0.0008989795 0.00103088 0.001186802 0.001367171 0.001619094 0.00196159 0.002474551 0.003265731 3.473082e-06 101.6472 125.1931 142.9218 163.4573 182.7354 200.6797 213.228 222.6386 228.7313 231.578 57 
0.003627638 0.002948031 0.003447765 0.000759132 0.0009017725 0.001032654 0.001185453 0.001378255 0.001619791 0.001958968 0.002476621 0.003273309 7.401414e-17 103.2968 126.3583 144.6336 165.2965 185.5834 202.1484 215.5772 225.255 231.0452 233.8107 58 
0.003544104 0.002877803 0.003422258 0.0007602415 0.0009020598 0.001033117 0.001185685 0.001371793 0.001616666 0.001959123 0.002474259 0.003266752 1.12694e-05 103.3435 125.87 143.5428 163.3004 182.1637 198.2412 210.3954 218.9933 224.5119 226.834 59 
0.003549687 0.002818709 0.003438739 0.0007574928 0.0009028407 0.001037829 0.00118255 0.001367423 0.001606888 0.001953558 0.002470519 0.003257248 2.645394e-06 102.2375 124.9892 142.7126 161.5808 180.8799 196.3993 208.5873 216.5864 221.4883 225.1317 60 
0.003576668 0.002887832 0.003432519 0.0007584932 0.0009006122 0.001039951 0.001180871 0.001372586 0.001616906 0.001956617 0.002463956 0.003251983 3.210522e-06 102.6144 125.2107 143.761 162.3496 182.7189 198.529 210.8572 219.5253 225.6649 227.9622 61 
0.003683099 0.00284502 0.003445717 0.0007510475 0.0009023689 0.001030246 0.001184581 0.001363408 0.001612061 0.001961884 0.002479225 0.003271948 2.261803e-06 101.6667 126.0074 144.1254 166.1058 186.7483 205.7409 219.7627 229.7286 236.4581 240.8854 62 
0.003668634 0.002873342 0.003457517 0.0007550804 0.0008977752 0.001032932 0.001183046 0.00136719 0.001612964 0.001951262 0.002469655 0.003260279 7.850802e-06 102.0411 125.1904 144.1366 164.8324 185.4865 203.4368 216.7908 227.0979 232.8576 237.1389 63 
0.003505546 0.002826228 0.00341544 0.0007509502 0.0008954531 0.00103442 0.001177617 0.00136888 0.00160983 0.001952508 0.002467943 0.003256291 3.466125e-06 101.7026 124.3228 142.1473 160.1955 179.7968 195.1329 207.5572 216.1515 221.4236 224.3282 64 
0.003632186 0.002845634 0.003455596 0.0007563848 0.0008949548 0.001027376 0.001184466 0.001368124 0.001605406 0.001955242 0.00246666 0.003252537 1.020103e-05 102.3076 124.8009 143.4031 164.3108 183.8837 201.1013 215.1852 223.8238 229.9681 234.0666 65 
0.00363939 0.00283153 0.003432948 0.0007571448 0.0008999948 0.001035362 0.001183328 0.001360756 0.001605169 0.001954999 0.002463469 0.003251152 1.064464e-05 102.4895 125.6546 144.6323 165.2215 185.6151 203.6899 217.1921 226.0886 233.4432 236.8395 66 
0.003553258 0.002894104 0.003449403 0.0007587454 0.0008961051 0.001032329 0.001180037 0.001363513 0.001609779 0.001952447 0.00245885 0.003245691 3.826675e-06 103.0926 125.067 143.3619 162.2496 181.0962 197.191 209.0961 217.3887 223.8919 225.7394 67 
0.003536953 0.002872541 0.003443595 0.0007551595 0.000907244 0.001032266 0.001179505 0.001360921 0.00161213 0.001959439 0.002467698 0.003256032 3.046794e-06 102.1205 125.6144 141.8745 161.2257 179.6839 195.6923 207.1319 215.2241 221.8546 223.7804 68 
0.003647319 0.002871243 0.003435207 0.00075597 0.0008951368 0.001032647 0.001184124 0.001377495 0.001615557 0.001973361 0.002487352 0.003284079 2.687407e-06 102.7446 125.6193 145.0628 165.7975 187.1157 204.4605 219.8512 228.7307 235.9481 239.0316 69 
0.003645358 0.002899623 0.003447131 0.0007561273 0.0009044897 0.001031089 0.00118515 0.001373486 0.001615031 0.001965761 0.002478795 0.003272052 2.451541e-06 102.6855 126.5154 144.3257 165.7788 186.1901 203.4647 217.6561 226.6823 233.2676 236.939 70 
0.003503083 0.002809488 0.003420469 0.0007467851 0.0009005691 0.001038072 0.001179996 0.001370053 0.001611218 0.001953082 0.002470592 0.003259172 3.41295e-06 101.2453 124.9135 142.0919 160.1726 179.8661 195.0925 207.0237 215.2744 220.068 222.3182 71 
0.003704351 0.002849178 0.003457818 0.0007577854 0.0008989095 0.001032041 0.001181486 0.001369986 0.001607836 0.001953798 0.002474397 0.003267046 3.189248e-16 102.6449 125.9088 145.3081 166.8242 188.4451 206.2521 220.9843 231.0073 237.1807 241.5595 72 
0.00369235 0.002841473 0.003451079 0.0007593713 0.0008918424 0.00102731 0.001176182 0.001366877 0.00160727 0.001948974 0.002466453 0.003255312 3.124113e-06 102.925 125.137 145.0783 166.1031 187.5082 205.1181 219.6112 230.0063 236.2001 240.5091 73 
0.003640569 0.002860564 0.003442742 0.0007598706 0.0008945596 0.001032659 0.001188615 0.001369398 0.001611117 0.001955935 0.002468185 0.003257974 3.771036e-06 102.9111 125.0511 144.5546 165.2472 184.9621 202.7246 216.1908 225.1445 231.518 234.2537 74 
0.003646249 0.002974328 0.003465385 0.0007599515 0.0008979624 0.001032301 0.001185912 0.001369814 0.001615907 0.001967809 0.0024809 0.003278682 2.805684e-06 103.5359 126.1598 145.134 165.7505 185.5447 203.087 216.7666 225.7564 233.0021 235.8118 75 
0.003615527 0.002855509 0.003438414 0.0007569687 0.000895322 0.001039267 0.001182831 0.001365333 0.001606604 0.001955359 0.002475715 0.003265689 2.850329e-06 102.3832 124.7636 144.3135 163.3752 183.7342 200.67 213.794 222.6656 227.9105 232.712 76 
0.00359153 0.002875085 0.003447398 0.0007513365 0.0009022104 0.001036918 0.001181305 0.001365816 0.001618055 0.001954524 0.002466933 0.003256018 2.99649e-06 101.8696 125.6286 143.4422 162.8616 182.9846 200.0781 211.9075 221.4643 227.2155 230.1206 77 
0.003570729 0.002853536 0.003430028 0.000755674 0.0008975261 0.001029395 0.001185639 0.001378931 0.001615391 0.001964349 0.002477311 0.00326827 2.772531e-06 102.4319 125.0497 142.9244 163.1298 182.6631 198.5786 212.397 220.6252 226.3491 228.8824 78 
0.003580222 0.002868689 0.003437813 0.0007568528 0.0008983002 0.001025185 0.001182951 0.001365411 0.001615025 0.001951871 0.00246843 0.003258605 2.865387e-06 102.5484 125.1585 142.657 163.3166 181.9582 199.1493 211.4055 221.2591 226.7848 230.1427 79 
0.003630946 0.002864907 0.003433906 0.0007586283 0.0008944426 0.001031165 0.001180891 0.001362207 0.001612351 0.001945227 0.002466306 0.003257281 9.618353e-06 103.0205 125.343 144.6777 164.9825 185.0638 203.028 215.4986 226.235 231.5715 235.7252 80 
0.003604332 0.002879121 0.003431897 0.0007584317 0.0009018179 0.001033787 0.001183559 0.001368598 0.001621407 0.001968165 0.002474913 0.003265732 8.812955e-06 102.9839 126.0404 144.3061 164.6462 184.6385 202.1451 214.9297 224.0059 230.8969 233.7414 81 
0.00356236 0.002831374 0.003424227 0.0007544996 0.0008987072 0.001032501 0.001178897 0.001370426 0.00160399 0.00195331 0.002458345 0.003243481 2.874154e-16 101.8607 124.6746 142.5277 161.8179 181.8448 197.4101 211.1597 219.1063 226.0255 228.4585 82 
0.003597941 0.002860489 0.003438266 0.0007512412 0.0008945098 0.001027247 0.001172163 0.001363759 0.00160286 0.001931807 0.002449691 0.003234656 9.993163e-06 102.069 125.1079 143.3053 163.0175 183.6591 200.0497 213.1691 223.7922 228.9326 233.5318 83 
0.003600231 0.00283619 0.003443094 0.0007522758 0.0008993783 0.001032184 0.001178295 0.001365787 0.001608765 0.001957866 0.002468765 0.00325508 2.452196e-06 101.737 125.0849 143.0239 162.8239 183.125 199.8209 213.2383 222.0343 228.2781 232.2778 84 
0.003635453 0.002892829 0.003430825 0.0007640478 0.0009060473 0.00103595 0.001188852 0.001369894 0.00162476 0.001966035 0.002482315 0.003278118 2.479256e-06 103.491 126.5034 144.9787 166.1171 185.982 204.1268 216.5876 226.586 232.7556 236.2787 85 
0.003615714 0.002894744 0.003439891 0.0007640372 0.0009019076 0.001034444 0.001183446 0.001377125 0.001620554 0.001977244 0.002485448 0.00327938 2.037619e-06 103.7204 126.1705 144.9102 165.2413 185.7708 202.2163 216.3191 224.5959 231.708 234.6442 86 
0.003609643 0.002828166 0.003433453 0.0007583857 0.0009037415 0.001035524 0.001184011 0.001374048 0.001622219 0.001963469 0.002476346 0.003267212 9.882329e-06 102.9023 126.2216 144.5201 165.0563 185.7319 202.8343 215.7793 225.2092 231.0055 233.9666 87 
0.003610292 0.002890565 0.003463272 0.0007531029 0.0008947768 0.0010358 0.001184542 0.00136587 0.001604933 0.00194492 0.00245846 0.003246297 3.40303e-06 102.2191 125.0004 144.003 163.4545 183.2793 200.2489 213.104 222.016 227.8515 230.9188 88 
0.003668497 0.002873108 0.003440427 0.0007471537 0.000901989 0.001029804 0.001181887 0.001371548 0.001613873 0.001950307 0.002464522 0.003254261 2.279989e-06 101.276 125.9631 143.6673 165.1837 186.434 204.3019 218.3514 228.7496 234.9089 238.46 89 
0.003627634 0.002904301 0.003427414 0.000759988 0.0009043661 0.001035035 0.001189754 0.001367744 0.001615522 0.001958996 0.002477989 0.003273167 2.321375e-06 103.2953 126.6117 144.951 166.1006 185.6798 203.6886 216.4873 226.0374 231.8572 235.7726 90 
0.003612703 0.002841033 0.00342819 0.000755539 0.0008941357 0.001023721 0.001172607 0.001368751 0.001610725 0.001960279 0.00247507 0.003266489 2.852627e-06 102.4654 124.9871 143.2685 163.5971 184.2115 200.5797 214.8504 224.3381 231.058 234.0741 91 
0.00361865 0.002880335 0.003428285 0.0007624295 0.0009039886 0.001037056 0.001187089 0.001367869 0.001614105 0.001967226 0.002476118 0.003268541 2.912296e-06 103.3399 126.2172 144.8392 165.3475 185.2072 202.6236 215.8214 224.1821 231.3917 234.1951 92 
0.00366201 0.00289742 0.003472522 0.0007563275 0.0008967386 0.001035335 0.001184494 0.001367627 0.001604788 0.001945274 0.002458676 0.003245723 9.027236e-06 102.7367 125.669 145.0782 165.4605 186.0614 203.4451 217.0367 226.2941 232.1197 236.2364 93 
0.00362439 0.002850316 0.003455479 0.0007618132 0.0009014307 0.001039652 0.001187653 0.001373053 0.001611684 0.001959913 0.002471238 0.003260851 2.62843e-06 102.9234 125.4443 144.5221 164.4223 184.6233 201.1993 214.4067 222.5373 228.7815 231.247 94 
0.003614183 0.00295063 0.00343549 0.0007634732 0.000900004 0.00103912 0.001192215 0.001377861 0.001623232 0.001968376 0.002495402 0.003300732 3.677064e-06 103.8197 126.1395 145.491 165.6223 185.4946 202.7745 215.9473 225.6483 231.1811 234.362 95 
0.003622585 0.002882419 0.003433714 0.0007580387 0.0008965737 0.001037827 0.001185364 0.00136963 0.001613713 0.00196646 0.002478986 0.003273371 3.515139e-06 103.1638 125.8239 145.4365 165.3349 185.9365 203.4489 217.1693 225.8342 232.7686 235.5447 96 
0.003582509 0.002808785 0.003452582 0.0007527436 0.0008939672 0.00103202 0.001177748 0.001365341 0.001607249 0.00194787 0.002457331 0.003239862 1.177007e-05 101.5598 124.0042 142.4084 161.3994 181.2351 197.4135 210.0043 218.7073 224.5175 227.1759 97 
0.003525575 0.002841743 0.003428783 0.0007504975 0.0008966019 0.001030892 0.001175865 0.001369922 0.001614673 0.001950131 0.002464266 0.003251937 2.782446e-06 101.7802 124.7109 142.1952 160.8748 180.7137 196.3376 208.6248 218.0459 223.2509 226.2099 98 
0.003565413 0.002857619 0.003434925 0.0007572213 0.0008977473 0.001027024 0.001182247 0.001359312 0.001604678 0.001952863 0.002466842 0.003254643 2.236862e-06 102.645 125.088 142.7629 162.964 181.2944 198.2939 210.8737 219.5569 225.5699 229.5489 99 
0.003596728 0.002896306 0.003441394 0.0007607196 0.0009039298 0.001034432 0.001188236 0.001366242 0.001611013 0.001954452 0.002473392 0.003266792 3.123775e-06 103.2922 126.2414 144.2652 164.8247 183.8296 201.0371 213.4928 222.5876 228.1776 231.9538 100 
