0.002302167 0.003368829 0.001679504 0.001008101 0.00130762 0.00154534 0.001796646 0.002092368 0.002489285 0.003031938 0.003887393 0.005424914 2.342007e-06 141.2048 174.3617 188.3694 197.659 204.1262 210.7722 213.4108 218.5301 220.1199 211.1836 1 
0.002309577 0.003389489 0.001693012 0.001011063 0.001297026 0.001530378 0.001787805 0.002075545 0.002476563 0.003037169 0.003896751 0.005436398 2.250398e-06 141.3786 172.5867 186.7616 197.3321 202.5257 210.7126 214.3756 217.6164 220.6154 209.5561 2 
0.002316579 0.003374291 0.001692153 0.001016741 0.001313397 0.001551073 0.001793861 0.002100039 0.002484765 0.003039334 0.003896425 0.005422078 1.635056e-06 143.1219 175.8491 189.9304 198.1749 206.6718 210.8705 216.5862 219.1314 222.5328 212.9226 3 
0.002308123 0.003392779 0.001698894 0.00101468 0.001294188 0.001546139 0.001779873 0.002076202 0.002466327 0.003011708 0.0038694 0.005399738 3.166275e-06 141.5018 171.6338 188.4531 194.5085 202.7921 208.4108 212.4763 217.0154 218.686 209.4802 4 
0.0023199 0.00339275 0.001716452 0.0009986314 0.001314274 0.001541279 0.001800014 0.002090811 0.002499639 0.003038368 0.003873016 0.005379703 1.397705e-06 139.9856 175.6935 187.5202 198.5706 203.7413 212.3346 212.8366 217.6796 219.7765 212.6669 5 
0.002316469 0.003382953 0.001701425 0.001014405 0.001303321 0.001540005 0.001799156 0.002101337 0.002492019 0.003041861 0.0038911 0.005416479 2.003826e-06 142.3517 173.9841 188.4423 198.9272 205.483 210.9466 215.0785 218.0692 221.852 211.5565 6 
0.002337624 0.003420816 0.0017476 0.001000062 0.001305455 0.001537457 0.001780148 0.002078439 0.002458024 0.002995743 0.003836095 0.005336541 2.693049e-06 139.9293 174.1998 187.2667 196.0722 203.814 208.6058 213.403 217.3536 220.6241 212.0986 7 
0.002308765 0.003374594 0.00169657 0.001015429 0.001310104 0.001552974 0.001801363 0.00211386 0.002504747 0.003043755 0.0039027 0.005447578 2.568126e-06 141.999 174.2841 189.0929 197.5345 206.0743 210.0411 213.4246 218.3488 219.9909 210.7203 8 
0.002301602 0.00338455 0.001683151 0.001010104 0.001300611 0.001548015 0.001784606 0.002091408 0.002473558 0.003012742 0.003868093 0.005397881 2.16623e-06 140.7814 172.5028 188.1657 194.8591 203.9491 207.642 212.2861 216.8088 218.9898 209.4868 9 
0.002337399 0.003377358 0.001701991 0.001025601 0.001323889 0.001560796 0.001802368 0.002107205 0.002499997 0.00305194 0.003922392 0.005481945 3.88436e-16 145.4401 178.4554 192.3408 200.515 209.0294 214.2124 218.717 223.3704 225.2407 215.6096 10 
0.002300171 0.003399481 0.001678173 0.0009960316 0.001308201 0.001545484 0.001790313 0.00208098 0.002454749 0.003015636 0.003875247 0.005380535 4.420907e-06 139.0966 174.1974 187.4571 195.7887 202.1249 206.7963 213.7873 215.4224 217.6765 209.5685 11 
0.002298677 0.003374303 0.001665811 0.001002309 0.001304371 0.001540349 0.001794861 0.002097399 0.002476204 0.003029243 0.003876666 0.005377577 4.438576e-06 140.2911 173.899 187.6224 197.475 204.4052 208.5317 214.4798 216.1888 219.7974 211.1697 12 
0.002314631 0.003399447 0.001708507 0.00101123 0.001311947 0.001546357 0.001791477 0.002092823 0.00247966 0.003034272 0.003874195 0.005363847 2.124822e-06 141.4458 174.6758 187.9725 196.6082 204.1666 209.0324 214.1368 215.3615 219.4534 211.1548 13 
0.002308088 0.003392288 0.001678841 0.0009935195 0.001286715 0.001542491 0.001790399 0.002077273 0.002477435 0.003027668 0.003884537 0.005406591 2.306378e-06 139.0635 171.7039 188.8997 196.7052 202.7737 210.7226 213.6305 218.1634 218.7243 211.6799 14 
0.002304631 0.003393634 0.001693885 0.001004766 0.001311536 0.001531713 0.001770378 0.002076814 0.002461437 0.003000807 0.003857421 0.005375662 3.517214e-06 140.3532 174.5148 185.6398 194.6492 203.4635 207.8159 212.2779 217.2391 217.837 210.5756 15 
0.002320291 0.003378367 0.001688214 0.001018968 0.00130428 0.001546667 0.0017991 0.002102719 0.002486027 0.00303401 0.003903998 0.005457991 1.966697e-06 143.8401 175.0171 190.4814 199.7275 207.137 211.5974 216.7088 221.3688 222.8899 213.1442 16 
0.002293758 0.003394761 0.001674004 0.001007034 0.001297933 0.001542385 0.001781263 0.002084165 0.002447593 0.003011545 0.003882517 0.005383552 1.881974e-06 140.1695 171.9348 187.1016 194.2186 202.5419 204.7711 213.6487 214.9544 215.3805 209.3913 17 
0.002314939 0.003380055 0.001709391 0.001013196 0.001308473 0.00155196 0.001794145 0.002087033 0.002485062 0.003041063 0.003920153 0.005477185 2.169407e-06 141.6618 174.1098 189.0576 196.7739 203.8484 210.8117 214.6716 219.8985 219.0337 211.7061 18 
0.002318016 0.003378885 0.001706336 0.001006689 0.001302596 0.001542371 0.001797437 0.002090029 0.002473638 0.003026748 0.003887282 0.005424899 1.564003e-06 140.9371 173.6931 188.3574 198.1695 204.1335 210.0206 215.3542 218.9282 222.0775 211.574 19 
0.002303782 0.003372624 0.001694267 0.001012414 0.001287439 0.00154225 0.001791213 0.002087021 0.002481218 0.003025534 0.003869873 0.005384704 6.458882e-06 141.7484 171.3839 189.1029 197.0608 204.0148 210.3533 213.6316 217.4816 220.4138 211.483 20 
0.002327516 0.003383118 0.001717409 0.001010326 0.001311201 0.001543011 0.001795491 0.002096808 0.002490818 0.00304515 0.003901975 0.005436699 1.74517e-06 142.2544 175.8029 189.0712 199.1623 206.3153 212.3101 216.6684 219.9594 223.1788 213.1455 21 
0.00230336 0.003356322 0.001681156 0.0010125 0.001312045 0.001551919 0.001814372 0.002111758 0.002492108 0.003048569 0.003908886 0.005437209 2.605852e-06 142.2187 175.3464 189.6376 200.124 205.6251 210.4663 216.1802 218.5831 221.561 212.359 22 
0.002310254 0.003368509 0.00169649 0.001007483 0.001308664 0.001549217 0.001806409 0.002095499 0.002482251 0.003039446 0.003913284 0.00545195 1.768822e-06 141.4154 174.9118 189.3005 199.1483 204.3257 210.7693 215.7465 219.8548 219.6445 212.9572 23 
0.002311504 0.00337252 0.001703817 0.001005867 0.001303519 0.001542487 0.001792015 0.002082776 0.002470083 0.003035371 0.003892128 0.005397332 2.916415e-06 141.1445 174.1824 188.6014 197.7308 203.974 210.3507 216.3369 217.882 220.6098 212.8889 24 
0.002308401 0.00337216 0.001680462 0.001004855 0.001302204 0.001544143 0.001789366 0.002087803 0.002474558 0.003028605 0.003880756 0.005399484 2.03437e-06 140.9086 173.903 188.7712 197.1505 204.6842 210.0884 215.3803 218.0518 221.6824 211.9701 25 
0.002313593 0.003376787 0.001708999 0.001019013 0.001304982 0.001550423 0.001798776 0.002096326 0.002495395 0.003052142 0.003908743 0.005438785 3.471667e-06 142.4962 173.5026 189.1412 197.4777 204.4763 211.0231 214.7152 217.7561 220.4 211.1642 26 
0.002322217 0.003418876 0.001689101 0.001008989 0.001307936 0.001534716 0.00178092 0.002081809 0.002453465 0.003013728 0.003864549 0.005356269 3.516494e-06 141.9433 175.1651 187.6477 197.1595 204.6896 208.2891 215.9551 216.7218 220.3941 211.9495 27 
0.002308177 0.003378607 0.001701073 0.0009983266 0.001291571 0.001540638 0.001791004 0.002092621 0.002476182 0.003031573 0.003883611 0.005390635 3.254498e-06 139.481 171.9763 188.1501 196.7311 204.1953 208.9342 214.6822 216.7373 219.7344 211.3102 28 
0.002306371 0.003361544 0.001674127 0.001001409 0.001306704 0.001553429 0.001804732 0.002080471 0.002491423 0.003040955 0.003889449 0.00542067 1.4301e-06 141.0016 175.2938 190.4744 199.17 203.4883 213.7969 214.9013 219.8465 222.0423 213.3467 29 
0.00232532 0.003371667 0.001716734 0.001018605 0.001314199 0.001551252 0.001797841 0.00209892 0.002496183 0.003042145 0.003887955 0.005401651 5.834315e-06 143.3651 175.9187 190.0008 198.8287 206.4524 212.6044 215.8105 219.6374 222.2359 214.7077 30 
0.00230528 0.003360843 0.001661982 0.0009974538 0.001310928 0.001545358 0.001786932 0.002096623 0.002488246 0.003047805 0.003918837 0.005457917 1.650343e-06 140.2024 175.6868 188.8301 197.3525 206.5022 211.2424 216.8143 220.1133 221.3438 213.2056 31 
0.002313382 0.003398919 0.001688295 0.001019631 0.001295862 0.001538447 0.00179838 0.002092693 0.002490725 0.00304961 0.003895678 0.005391758 2.341823e-06 143.1263 172.8166 188.6276 198.7097 204.2539 211.1864 214.8735 216.6498 219.0982 212.1341 32 
0.00228642 0.003393573 0.001671597 0.001008769 0.001298176 0.001532136 0.001779488 0.002085183 0.002465434 0.003013698 0.003872262 0.0053905 9.658517e-06 139.8183 171.2133 184.9544 193.8763 201.6704 205.4107 210.7416 213.9704 215.4476 206.795 33 
0.002310246 0.0033802 0.001694635 0.001015792 0.001302098 0.00155798 0.00181064 0.002108451 0.002502965 0.003063127 0.00392211 0.005460017 1.52644e-06 142.3063 173.478 190.5799 198.6008 205.128 211.0039 215.3063 217.5353 221.0725 210.3028 34 
0.002305497 0.00338757 0.001693437 0.0009925883 0.001303046 0.00154127 0.001795445 0.002101088 0.002483019 0.003047533 0.003901841 0.005398923 2.76686e-06 138.7718 173.7879 187.5324 197.1916 204.5036 208.5671 215.1708 215.5727 218.6271 210.8024 35 
0.002309557 0.003358529 0.001695815 0.001004201 0.001315091 0.001549047 0.001787161 0.002102358 0.002498014 0.003051658 0.003910131 0.005436738 3.554482e-16 140.6004 175.4598 188.469 196.4947 206.5018 210.9358 215.5728 218.7253 220.9524 212.755 36 
0.002304296 0.003379552 0.001708309 0.001007093 0.001287577 0.0015223 0.001786244 0.002086222 0.002452467 0.002997425 0.003844389 0.005337305 2.681006e-06 140.2439 170.6455 185.3769 196.7571 202.8153 206.3278 213.1348 215.7926 218.5682 210.9057 37 
0.002300598 0.003370909 0.001677963 0.000999907 0.001301665 0.001542699 0.001796047 0.002082738 0.002478072 0.003035007 0.003894931 0.005422527 3.186046e-06 140.1757 173.8691 188.413 197.8162 203.1699 210.7394 214.7096 218.236 219.9066 211.5088 38 
0.00231806 0.003375309 0.001709111 0.001015739 0.001307962 0.001558689 0.001799886 0.002108126 0.00247928 0.003034586 0.003904292 0.005431488 4.361078e-06 142.5174 174.5739 190.6663 197.6678 206.5441 208.94 216.3989 219.0053 220.5764 212.797 39 
0.002313946 0.003374273 0.00170468 0.00101514 0.001307695 0.00155623 0.001796577 0.002095595 0.002496808 0.003036264 0.003885369 0.005405937 1.0492e-06 142.0325 174.0425 189.7869 196.8549 204.7852 211.2726 213.332 218.5406 219.5432 212.9007 40 
0.002312754 0.003411164 0.001707024 0.0009960705 0.001306015 0.001538176 0.001782464 0.002082877 0.002465772 0.003018077 0.003870472 0.005377669 2.248155e-06 139.6325 174.594 187.3755 196.1866 203.7978 208.4681 213.9144 216.4005 218.8286 210.3699 41 
0.002287457 0.00335477 0.00166263 0.001004973 0.001319185 0.001548933 0.00177731 0.002098591 0.002501436 0.003056225 0.003908112 0.005429182 2.509819e-06 140.8239 176.0558 188.0641 194.9534 206.2812 210.5087 214.362 216.7712 219.736 210.5593 42 
0.00231748 0.003362616 0.001724554 0.001013092 0.001310366 0.001549578 0.001808284 0.002110361 0.002483102 0.003040628 0.003908726 0.005439908 1.780625e-06 142.0896 174.9216 189.2873 199.4624 205.9907 209.6342 216.7346 219.2082 221.4807 212.8201 43 
0.002307723 0.003367037 0.00169983 0.001015803 0.00130978 0.001549276 0.001801009 0.002089911 0.002483188 0.003017417 0.003881209 0.00543612 2.613293e-06 142.0415 174.217 188.6077 197.7526 203.3905 210.3834 212.572 219.7028 219.8039 211.258 44 
0.002310149 0.003354009 0.001693731 0.001008324 0.00129471 0.001537864 0.00179768 0.002105434 0.00248606 0.003030627 0.003873651 0.005387942 2.971785e-06 141.536 172.9563 188.7292 199.0801 206.4641 210.4869 215.8198 218.6139 223.3129 213.1705 45 
0.002317649 0.003398442 0.001700255 0.001005963 0.001305965 0.001541941 0.001794599 0.002084469 0.002485315 0.003030835 0.003866463 0.005371763 1.859033e-06 141.2582 174.6472 188.4434 198.0785 203.7814 211.5215 213.7623 217.1934 220.8808 211.8898 46 
0.002309387 0.003388195 0.001690381 0.0009919078 0.00130409 0.001541516 0.001796948 0.002099808 0.002479951 0.003029739 0.003893051 0.005425386 5.804208e-06 139.0837 174.4745 188.074 197.9807 204.8822 209.1175 214.5749 218.0841 219.7509 210.7476 47 
0.00231762 0.003368995 0.001696959 0.001016371 0.001309135 0.001549017 0.001794389 0.002100175 0.002492168 0.003052318 0.003934891 0.005488606 4.484227e-06 143.0812 175.2922 190.0019 198.5285 206.8638 211.959 217.2917 221.5042 220.827 213.9032 48 
0.002301544 0.003382238 0.001686159 0.001004137 0.001308788 0.00154092 0.001794438 0.0020943 0.002476036 0.003028965 0.003874378 0.005365364 1.693573e-06 140.4215 174.3184 187.2489 197.1593 203.7845 208.447 213.8946 215.6305 218.5128 211.2976 49 
0.002293295 0.003349726 0.001676749 0.001002337 0.001302734 0.001554941 0.001796727 0.002107804 0.002503765 0.003033149 0.003884179 0.005420792 3.056664e-16 139.7853 173.0561 189.0796 196.1107 205.2419 209.8642 211.9331 218.0782 219.1758 211.0946 50 
0.002309856 0.003394445 0.001704324 0.001000872 0.001294935 0.001533762 0.001779466 0.002079455 0.002477992 0.003024828 0.00386189 0.00535672 1.270813e-06 139.8371 172.3679 186.9767 195.6888 203.3655 209.8235 212.9763 215.9817 219.0734 211.1544 51 
0.002283735 0.003392225 0.001638767 0.001011073 0.001299968 0.001534294 0.001785317 0.002082387 0.002453396 0.003006871 0.003856036 0.00535588 2.516071e-06 140.8444 172.2115 186.0119 195.3202 201.769 205.4942 212.146 213.6958 217.2527 207.724 52 
0.002296812 0.003363633 0.001670627 0.001016026 0.001309227 0.001546573 0.001791328 0.002092223 0.002495544 0.003060353 0.003919163 0.005445834 1.158517e-06 142.3749 174.4447 188.5792 197.0323 204.6721 211.2927 215.3101 217.3777 220.1289 210.9031 53 
0.002316458 0.003397247 0.00170008 0.0009938535 0.001301236 0.001528457 0.001800099 0.002095521 0.002480381 0.003028881 0.003884031 0.005411411 9.617944e-06 139.3697 174.0728 186.6031 199.4547 204.0971 210.0087 214.4373 218.0545 220.5263 210.998 54 
0.002294861 0.003370982 0.001695368 0.0009975138 0.001302619 0.001536586 0.001780373 0.002077284 0.002481028 0.00303595 0.003874367 0.005365995 2.358237e-06 139.0376 173.0642 186.3559 195.0317 202.3984 209.6317 212.7563 214.9101 218.077 210.3264 55 
0.002307197 0.003387408 0.001693503 0.001000022 0.001300032 0.001541999 0.001800654 0.002090725 0.002473128 0.00302361 0.003877909 0.00539668 2.393187e-06 139.8425 173.2454 187.9369 197.8612 203.0111 208.8592 213.7138 216.8989 219.3477 210.4419 56 
0.002309746 0.00338425 0.001705155 0.0009995019 0.001303977 0.001542175 0.001788374 0.00208127 0.002471079 0.003017544 0.003876139 0.005394734 2.957196e-06 139.5223 173.5094 187.4438 196.1317 202.8548 209.1498 213.1739 217.7939 218.183 211.6729 57 
0.002318976 0.003403869 0.001718586 0.0009997225 0.00129529 0.001535284 0.00178793 0.002075371 0.002472092 0.003009799 0.003869173 0.005406298 4.339722e-06 139.8489 172.7 187.4408 196.932 202.543 210.2382 212.4121 218.9409 218.7031 211.1526 58 
0.002323396 0.003386649 0.001698196 0.001005132 0.001310155 0.001560642 0.001809861 0.002109822 0.00250824 0.003052711 0.003897698 0.005426859 1.170416e-15 141.7455 176.016 191.6308 199.6657 206.8027 212.9104 215.466 219.2345 222.7947 212.8915 59 
0.002309878 0.00340337 0.001688296 0.000992391 0.001299406 0.001540081 0.001791074 0.002098791 0.00247593 0.003018726 0.003883053 0.005408061 2.028921e-06 139.0943 173.7205 188.0002 197.1101 204.9821 208.2671 213.636 217.9529 218.0178 211.0319 60 
0.002306662 0.003396336 0.001704882 0.001004048 0.001285572 0.001520807 0.001773908 0.002068548 0.00246595 0.003017186 0.003863358 0.005368526 3.371263e-06 139.9408 170.5992 185.3767 195.4079 201.9339 209.0676 212.6693 215.9202 218.3155 209.9633 61 
0.002311426 0.003377104 0.001697577 0.001001479 0.001300516 0.001534046 0.00178635 0.002086251 0.002473429 0.003019461 0.003863873 0.005361555 7.658193e-06 140.5512 173.8842 187.5961 197.5856 204.6667 210.1684 214.6685 217.9461 220.3056 213.3439 62 
0.002311354 0.003411027 0.001697944 0.0009976672 0.00129576 0.001542511 0.001781417 0.002064139 0.002461003 0.003006089 0.003851333 0.005361815 7.90288e-06 139.2217 172.3688 187.7418 194.8268 201.0742 208.9312 211.7791 216.0275 218.2059 209.6083 63 
0.002298749 0.003392534 0.001686196 0.0009942269 0.001291446 0.001533218 0.001779252 0.002066256 0.002454327 0.002988167 0.003834821 0.005358901 2.237186e-06 138.2386 171.2109 186.0632 194.5364 200.6839 207.4365 210.484 216.1417 218.484 208.537 64 
0.002321822 0.003378477 0.001710995 0.001001795 0.001310224 0.001558792 0.001800507 0.002103197 0.00248896 0.003033622 0.003895394 0.005445254 1.179198e-06 140.7635 175.5093 190.7199 198.022 206.2792 210.8719 215.4515 220.0057 222.6909 211.9914 65 
0.002299658 0.003376252 0.001697109 0.0009978562 0.001294105 0.001544138 0.001801896 0.002102381 0.00248788 0.003034108 0.003900899 0.005439036 6.079293e-06 139.0782 171.9067 187.9404 197.195 203.6349 208.5594 212.8587 217.4158 217.5581 209.8745 66 
0.002300538 0.003364547 0.001687767 0.001000772 0.001288335 0.001551341 0.001797765 0.002110039 0.002494341 0.003050003 0.003906619 0.005419369 1.784296e-06 139.7341 171.3369 189.6618 196.6633 205.6498 208.9988 214.8638 216.7078 219.2261 211.2217 67 
0.002301839 0.003367752 0.001675 0.00101879 0.001301432 0.001550533 0.001793434 0.002083884 0.002484253 0.003043686 0.003899881 0.005414643 5.977644e-06 143.1246 173.7143 190.0677 197.4587 204.2131 211.6072 215.3697 218.2844 219.9122 212.7768 68 
0.002318612 0.003411775 0.001694209 0.0009996858 0.001285977 0.001530086 0.001788372 0.002077205 0.00247231 0.003024383 0.003875978 0.005395265 3.77021e-06 140.0822 171.6784 187.6002 197.6587 203.0104 210.4947 214.1444 217.7042 220.1259 211.0368 69 
0.002307766 0.003387527 0.001694473 0.001005492 0.001299534 0.001539744 0.001785687 0.002078978 0.00246984 0.003053582 0.003905608 0.005384371 2.82149e-06 140.4514 172.8557 187.5485 196.0883 202.9173 209.2606 216.5121 214.7034 219.1662 211.2099 70 
0.002300001 0.0033797 0.001693134 0.0009972521 0.001301514 0.001545654 0.00179115 0.002074252 0.002467107 0.003020314 0.003855211 0.005337508 2.990411e-06 138.9681 172.8831 187.5822 195.6327 201.2552 208.7505 212.6922 214.6786 218.3335 210.8006 71 
0.002310278 0.003345466 0.001697588 0.001021392 0.001316475 0.001553397 0.001806898 0.002096304 0.002487327 0.003049223 0.003897336 0.005408811 2.575363e-06 143.1258 175.3655 189.3784 199.0135 204.6074 211.4883 216.5507 218.1844 222.8363 213.4826 72 
0.002299922 0.003356326 0.001661066 0.001008839 0.001313228 0.001552545 0.001799207 0.002104104 0.002493407 0.003064419 0.003942585 0.00548187 4.795326e-06 141.9788 175.9265 189.9276 198.5032 206.4244 211.2004 217.6341 219.4493 220.6365 212.5503 73 
0.002278156 0.003356439 0.001662483 0.001003268 0.001310402 0.001544006 0.001789797 0.002089772 0.002475799 0.003031488 0.003881854 0.005385315 4.681462e-16 139.8681 173.9673 186.8442 195.5357 202.7793 207.6773 212.8702 214.7458 217.5342 209.2883 74 
0.002300487 0.003366282 0.001671593 0.001002973 0.001308961 0.00155869 0.00179412 0.002087439 0.002487421 0.003026686 0.003872722 0.005390526 1.788257e-06 140.6039 174.781 190.1265 196.4414 204.151 211.0598 213.2028 218.3014 219.9218 212.5906 75 
0.002301586 0.003387283 0.001678521 0.0009948903 0.001293355 0.001535406 0.001781184 0.002084852 0.002464755 0.003009901 0.003864927 0.00536912 1.781518e-06 138.778 171.9864 186.8884 195.3653 203.43 207.5807 213.0012 216.7186 217.5446 211.2797 76 
0.002298545 0.003392858 0.001687012 0.001010472 0.001304611 0.00154044 0.001789971 0.002087998 0.002472623 0.003011708 0.00385123 0.005347749 2.153221e-06 141.1057 173.3286 187.1229 196.167 202.8949 207.8737 211.6446 215.1334 217.6676 209.9547 77 
0.002326132 0.003364535 0.001723777 0.001022184 0.001314166 0.001552594 0.00180083 0.002106491 0.002491246 0.003052512 0.003901588 0.005413488 3.44044e-06 143.6661 175.6023 190.069 199.0409 207.0749 211.4977 217.8404 218.776 224.1147 214.0226 78 
0.002305387 0.003385418 0.00169215 0.001001434 0.001300163 0.001539979 0.00178849 0.002090054 0.002461289 0.003035609 0.003905665 0.005405164 2.360408e-06 139.5121 172.5794 187.0193 195.8986 203.3802 206.8733 215.8144 215.9074 217.6227 211.1115 79 
0.002313243 0.003347359 0.00168687 0.001007547 0.001317651 0.001563544 0.001812895 0.002112634 0.002485137 0.003051395 0.003941684 0.005496564 6.728379e-07 141.9613 176.8353 191.5567 199.9981 207.1488 210.8419 218.8909 221.9504 221.9584 214.6421 80 
0.002311915 0.003392926 0.001686817 0.001010258 0.001310783 0.001557923 0.001796182 0.002085812 0.002491552 0.003051548 0.003889974 0.005393555 2.387355e-16 141.9942 175.3618 190.4361 197.1633 204.0458 211.8146 214.753 216.175 220.8652 210.9856 81 
0.002308789 0.00337234 0.001697761 0.001000255 0.001308894 0.001557907 0.001791555 0.002088076 0.002495141 0.003060491 0.003906157 0.005418058 1.519633e-06 140.2242 174.9093 190.1025 196.3085 204.6095 211.9294 215.6382 216.8785 221.4981 211.462 82 
0.002305456 0.003381787 0.001681976 0.001004096 0.001318135 0.00154767 0.001798343 0.002081007 0.002474829 0.003046537 0.003896588 0.005393965 7.102876e-06 140.8581 176.1738 188.2131 197.8867 202.7698 210.5036 215.8068 216.1695 220.1161 211.5581 83 
0.00231554 0.003397926 0.001708892 0.0009970926 0.001298353 0.001536258 0.001789825 0.002086108 0.002477391 0.003037081 0.003894862 0.005399974 2.969173e-06 139.7537 173.4953 187.6887 197.4244 203.8868 210.0509 214.9814 217.3278 218.4459 212.0418 84 
0.002302204 0.003385967 0.001686381 0.001004463 0.001295612 0.001534792 0.001777199 0.002073968 0.002470215 0.003016913 0.003869167 0.005384854 2.886322e-06 140.1973 172.1813 186.8944 195.1221 202.7192 209.243 212.6912 216.985 218.316 210.6732 85 
0.002320509 0.003375924 0.001712217 0.001016325 0.001317947 0.001550062 0.001799307 0.002085967 0.002476223 0.003039657 0.003928038 0.005491939 2.115885e-06 142.542 175.9166 188.8999 198.3127 203.9281 210.9614 216.2241 220.9483 219.8558 212.3977 86 
0.002322469 0.003377939 0.001709437 0.001013221 0.001303662 0.001552642 0.001799788 0.002100614 0.002487248 0.003031992 0.003892366 0.005420119 1.971201e-06 142.3761 174.2986 190.4093 198.4485 206.0533 211.0535 215.4491 220.0283 220.9055 213.8966 87 
0.002327115 0.003371749 0.001720538 0.001008773 0.001317286 0.001550772 0.001803537 0.002100437 0.002501708 0.00305752 0.003904122 0.005438316 4.342877e-16 141.4681 176.014 189.0921 199.0127 205.5829 212.7695 216.1956 218.9474 224.2476 212.4365 88 
0.002300994 0.003369315 0.00168363 0.001016059 0.001323716 0.00155435 0.001780713 0.00209323 0.00248276 0.003017692 0.003869172 0.005403106 1.785609e-06 142.51 176.6186 188.8391 195.2962 205.7636 209.4861 213.0707 218.1531 220.6168 210.8625 89 
0.0023259 0.003381342 0.001724108 0.00100177 0.001297926 0.00154577 0.001796424 0.002088536 0.002474426 0.003015888 0.003895644 0.005460204 2.666179e-06 140.0166 172.9241 188.8145 197.5647 204.021 210.1764 214.3169 221.4536 220.0413 212.6698 90 
0.002318508 0.003392751 0.0016964 0.001009719 0.001311144 0.001542694 0.001792032 0.002101692 0.002471307 0.003025885 0.003884031 0.005397691 2.082222e-06 141.9632 175.5064 188.5456 198.0822 206.2924 208.6632 216.2035 217.9352 221.2083 212.0839 91 
0.002308491 0.003378789 0.001687599 0.001011078 0.001302029 0.001530509 0.001783483 0.002102799 0.002479942 0.003032696 0.003901428 0.005439426 6.82818e-06 141.498 173.4051 186.679 197.0897 206.2447 208.5637 215.347 218.3992 220.4075 210.8486 92 
0.002323008 0.003357766 0.001694701 0.001010503 0.00132196 0.001563605 0.001796155 0.002104144 0.002499695 0.003051703 0.003913233 0.005444149 1.89683e-06 143.0622 178.2061 192.2262 198.9056 208.7 213.7168 218.1353 222.0525 223.5469 216.3785 93 
0.002313552 0.003389113 0.001713062 0.000992715 0.001305518 0.001539175 0.001782884 0.002100135 0.002470529 0.003034945 0.003904025 0.005424632 2.197646e-06 138.4592 173.7848 186.8072 195.5915 205.2995 207.0285 215.7094 216.6894 219.4432 210.2157 94 
0.002296931 0.00338241 0.001684481 0.001009116 0.001306431 0.001549603 0.001795771 0.002077629 0.002479147 0.003035129 0.003883473 0.005389285 1.725108e-06 140.5269 173.158 187.7814 195.8019 201.0502 209.3501 212.2549 215.1838 217.1439 209.7367 95 
0.002331313 0.003369997 0.00172902 0.00101311 0.001303517 0.001545151 0.001799621 0.002111936 0.002494176 0.003035108 0.003901614 0.005445126 2.701919e-16 142.8512 174.9161 190.2225 199.9718 208.3558 211.9368 216.9332 222.1481 222.871 215.1909 96 
0.002325079 0.003367837 0.001709525 0.001023396 0.001310783 0.001562609 0.001803815 0.002107367 0.002477428 0.003042478 0.003895343 0.005402945 5.272065e-16 143.9851 175.2616 191.7673 198.7245 207.1704 210.0308 218.5196 218.4618 224.2739 213.8886 97 
0.002291259 0.00339119 0.00167933 0.001004356 0.001296915 0.001530947 0.001787014 0.002081418 0.002446491 0.002991358 0.003842015 0.005339735 2.164388e-06 140.009 172.1036 185.8622 195.9433 201.7403 205.3397 211.9122 214.7713 216.9349 209.0221 98 
0.002310097 0.003383811 0.001699618 0.001007406 0.001306741 0.001543295 0.001794145 0.002087675 0.002484391 0.003039227 0.003883517 0.005400352 1.694014e-06 141.1685 174.3688 188.2245 197.5537 203.8256 210.7 214.4106 216.7626 221.1715 210.5388 99 
0.002301632 0.003369474 0.001664622 0.001006843 0.001309362 0.00155126 0.001811927 0.002105165 0.00249571 0.003036309 0.003891464 0.005420039 3.134127e-06 141.1674 174.7785 189.2074 199.2668 204.4358 210.667 213.527 218.5308 219.3917 212.1529 100 
