0.002276439 0.003322995 0.001660978 0.0009798285 0.001276558 0.001509711 0.001757234 0.002047232 0.002440942 0.002975471 0.00381525 0.005323576 1.806011e-06 141.3411 175.6022 190.0645 199.9908 206.816 214.4285 217.1504 222.6749 224.416 215.6562 1 
0.002282885 0.003350282 0.001673584 0.0009818798 0.001263717 0.001493967 0.001749784 0.002033192 0.002427269 0.002976722 0.003821295 0.005329566 6.084051e-06 141.3322 173.3968 188.2806 199.6641 205.1032 213.7015 217.6199 221.3965 224.0412 213.6708 2 
0.002291248 0.003335722 0.00167586 0.0009879246 0.001279948 0.001516108 0.001754724 0.002056492 0.002434019 0.002977712 0.003818977 0.00531665 4.054677e-06 142.9742 176.5008 191.5391 200.0681 209.1421 213.605 219.7289 222.7335 226.4241 216.5945 3 
0.002280843 0.003349063 0.001673544 0.0009865886 0.001261992 0.001510428 0.001741703 0.002036633 0.002419393 0.002954497 0.00379894 0.00530294 2.623588e-06 141.663 172.6052 190.1545 196.8521 205.869 211.4989 216.0543 221.1255 222.6614 213.6757 4 
0.002293693 0.003349317 0.001694622 0.0009708442 0.001281392 0.001506646 0.001763225 0.00204923 0.002450973 0.00297799 0.003799292 0.005284604 5.284021e-06 140.1478 176.6843 189.4365 201.1365 206.5743 215.636 216.2773 221.9699 224.207 216.6978 5 
0.002289421 0.003342295 0.001678288 0.0009865599 0.001271777 0.001507367 0.001762904 0.002061401 0.002446743 0.002986402 0.003819498 0.005315959 7.072228e-06 142.421 174.9335 190.3292 201.1728 208.2485 214.06 218.3445 221.6638 225.6759 215.4476 6 
0.002309254 0.003377188 0.001727357 0.0009722346 0.001273746 0.001503309 0.001743553 0.002040649 0.002413706 0.00294091 0.003765945 0.005238166 1.023401e-05 139.8232 174.9829 188.7883 198.1491 206.6122 211.3726 216.5015 220.8043 224.219 215.8179 7 
0.002283094 0.003333599 0.001674753 0.0009864828 0.001277254 0.001516385 0.001761799 0.002069793 0.002453821 0.002983688 0.00382763 0.005342521 1.615562e-06 142.1434 175.3796 190.8494 199.9505 208.9692 213.2931 217.1297 222.4225 224.1272 215.0392 8 
0.00227509 0.003345073 0.001661966 0.0009812576 0.001267181 0.001509839 0.001744868 0.002046388 0.002421191 0.00294935 0.00378442 0.005279948 3.166248e-06 140.7049 173.2132 189.4357 196.9957 206.3279 210.4389 215.4167 220.1631 223.1643 213.2832 9 
0.002308993 0.003343585 0.001680761 0.0009955566 0.001288272 0.001522316 0.001761184 0.002060522 0.00244626 0.002985516 0.003837944 0.00536394 1.510073e-06 145.0164 178.692 193.3837 202.1259 210.9316 216.5697 221.1999 226.4913 228.3576 218.9772 10 
0.002273237 0.003359968 0.001656901 0.000968748 0.001275791 0.001511222 0.001753625 0.002040158 0.002409725 0.00296112 0.003802112 0.00527778 3.589601e-06 139.044 174.8733 189.0359 197.8801 204.5614 209.7554 216.899 218.5888 221.5702 213.0509 11 
0.002275006 0.003341885 0.00164689 0.0009742412 0.001271988 0.001504055 0.001756196 0.002051484 0.002424263 0.002968899 0.003800888 0.005271187 2.338689e-06 140.2835 174.7516 189.0538 199.6447 206.5962 211.431 217.773 219.6974 223.4255 215.0144 12 
0.002288447 0.003359753 0.001685866 0.0009827514 0.001278163 0.001512396 0.001753373 0.0020496 0.002431936 0.002977509 0.003802083 0.005266277 1.141559e-06 141.5819 175.5664 190.0468 198.8839 206.9132 212.3943 217.6881 219.1898 223.7045 215.0109 13 
0.002282441 0.003355437 0.001658567 0.0009661422 0.001255737 0.001508321 0.001753205 0.002034486 0.002429588 0.002969968 0.003812892 0.00531059 3.858922e-06 139.0126 172.5372 190.4316 198.7762 205.0368 213.6855 216.6743 221.8043 222.3581 215.2009 14 
0.002274827 0.003347751 0.001668758 0.0009764911 0.001277762 0.001496877 0.001734934 0.002037713 0.002414327 0.002944118 0.003784042 0.005273343 7.64982e-06 140.2909 175.1447 187.2747 196.9836 206.1325 210.591 215.5713 220.6716 221.8572 214.2014 15 
0.002295715 0.003339554 0.001667411 0.0009905692 0.001272941 0.001512388 0.001762787 0.002058634 0.002434228 0.002974959 0.003827774 0.005350477 1.64915e-06 144.0174 176.2317 192.3898 202.3404 209.6752 214.7504 220.5387 225.1199 227.4565 217.186 16 
0.00226859 0.003351474 0.001654546 0.0009794324 0.001266116 0.001509291 0.00174688 0.002046661 0.002404949 0.002958578 0.003814723 0.00529109 7.37779e-06 140.3791 172.9878 189.1603 196.8939 205.6404 208.1263 217.2714 218.9723 219.5032 213.4984 17 
0.002286814 0.003336817 0.001684957 0.0009849449 0.00127565 0.001517739 0.001756775 0.002047942 0.002438646 0.002986074 0.003850187 0.005377898 6.816386e-06 141.7486 174.9995 190.9428 199.0549 206.8489 213.8339 218.3042 223.6274 222.9908 215.6285 18 
0.002289967 0.003338262 0.001684551 0.0009788174 0.001269053 0.001508236 0.001758232 0.002047111 0.002425102 0.002969778 0.003816739 0.005326389 1.698976e-06 140.7277 174.0591 189.8423 199.7888 206.4169 212.6451 218.4292 222.3226 225.408 215.1138 19 
0.002276948 0.003331954 0.00167224 0.0009844333 0.001256149 0.001507252 0.001752782 0.002044735 0.002433438 0.002967412 0.003797511 0.005287325 5.897075e-06 141.7345 172.2475 190.5992 199.1155 206.5627 213.3523 216.7906 221.2308 224.2745 215.2068 20 
0.002296892 0.00333957 0.001693274 0.0009803433 0.001275214 0.001505589 0.001754013 0.002054175 0.002440294 0.002983265 0.003822805 0.005324912 9.849979e-07 142.0527 176.2539 190.5849 201.0456 209.1516 215.0169 219.8843 223.4283 226.9247 216.9393 21 
0.002277523 0.003319669 0.001659183 0.0009845605 0.001279666 0.001516087 0.001774742 0.002068048 0.002443597 0.00298965 0.003836398 0.005340615 1.539102e-06 142.1619 176.0954 191.0465 202.0762 208.0751 213.3825 219.255 222.3281 225.2018 215.9529 22 
0.002279266 0.003324363 0.001669351 0.0009777484 0.001273873 0.00151332 0.001766631 0.002053355 0.002433459 0.002977504 0.003834903 0.005346646 2.231785e-06 141.3097 175.6051 191.0687 201.2713 207.1365 213.6872 218.8179 223.6395 223.4796 216.6417 23 
0.002283347 0.003327465 0.001676752 0.0009779968 0.001271041 0.001507545 0.001755925 0.002040618 0.002421999 0.002976721 0.003819918 0.00530166 1.949219e-06 141.277 175.1209 190.383 200.2997 206.563 213.6119 219.8248 222.0415 224.6999 217.0119 24 
0.00228009 0.003332813 0.001657583 0.0009758278 0.001269529 0.001508866 0.001750291 0.002043672 0.002424151 0.002967559 0.00380462 0.005294563 3.636111e-16 140.7754 174.7173 190.3414 199.1246 207.0565 212.9026 218.4478 221.6294 225.2149 215.6661 25 
0.002283652 0.003338011 0.00168172 0.0009891893 0.001270971 0.001512829 0.001758277 0.002050484 0.002442802 0.002990361 0.003828276 0.005322576 7.675795e-06 142.3052 174.1466 190.456 199.415 206.6907 213.7375 217.8376 220.8368 224.0136 214.7452 26 
0.002296723 0.003374877 0.001670878 0.0009819188 0.001276095 0.001501069 0.001745565 0.002043912 0.002410549 0.002958633 0.00379559 0.005264272 3.51986e-06 142.0614 176.0335 189.3984 199.5686 207.6404 211.5076 219.2574 220.8048 224.3466 216.0589 27 
0.002282095 0.003342932 0.001675516 0.0009713901 0.001259751 0.001506706 0.001751801 0.002049135 0.002427377 0.002973396 0.003810606 0.005291341 8.710021e-06 139.4893 172.6633 189.7206 198.4933 206.5825 211.7351 217.7909 220.2116 223.4519 214.8445 28 
0.002277995 0.003319084 0.001649685 0.0009727697 0.001273541 0.00151854 0.001764903 0.002037238 0.002443386 0.002980685 0.003811909 0.005313919 1.383246e-06 140.9693 176.1217 192.27 201.1919 206.1379 216.9994 217.9875 223.6067 225.9542 217.2982 29 
0.00229965 0.003329834 0.001696908 0.0009906753 0.001282626 0.001516384 0.00176017 0.002056765 0.002447157 0.002987132 0.003818251 0.005300688 9.753144e-07 143.4726 176.9588 191.6915 201.1404 209.1724 215.7265 219.6773 223.3287 226.3416 218.9378 30 
0.002276558 0.003319645 0.001637678 0.0009691735 0.001277967 0.001509934 0.001748925 0.002054134 0.002437283 0.002987677 0.003843164 0.00535329 1.645521e-06 140.0545 176.3657 190.3082 199.3727 208.9292 213.8226 220.0748 223.5144 225.15 216.7105 31 
0.002285677 0.003356101 0.001667853 0.000990915 0.001263981 0.001503227 0.001759874 0.002050549 0.002445205 0.002992491 0.003822735 0.005292629 1.085952e-05 143.0562 173.6731 190.1234 200.8136 206.8509 214.437 217.9199 220.38 222.7621 215.9915 32 
0.002260832 0.003350527 0.001653847 0.0009810935 0.001266876 0.001496942 0.001742848 0.002043483 0.002421033 0.002960571 0.003802271 0.005292144 1.99116e-06 139.8807 172.1645 186.4623 196.2241 204.2526 208.812 214.1238 217.6219 219.4699 210.7014 33 
0.002282345 0.003337604 0.001674385 0.0009877619 0.001270331 0.00152317 0.00177459 0.002066827 0.002457496 0.003009923 0.003851995 0.00535907 2.64809e-06 142.2306 174.2453 192.0888 200.8956 207.4758 214.1515 218.5794 220.8151 224.795 213.9709 34 
0.002281435 0.003347144 0.001673236 0.0009658392 0.001271851 0.001506223 0.001757386 0.002058722 0.00243657 0.002990034 0.003833113 0.005311149 3.188139e-06 139.0019 174.8833 189.2487 199.5839 207.3594 212.0234 218.6701 220.0493 222.6591 214.9898 35 
0.002281807 0.003317241 0.001673387 0.0009760527 0.001281348 0.001514807 0.001749457 0.002059996 0.002449726 0.002992436 0.003836059 0.005336433 4.379021e-16 140.5323 176.0831 190.2196 198.5123 209.0337 213.8873 218.6788 222.4389 224.6656 216.5012 36 
0.002277729 0.003337999 0.00168325 0.000979205 0.001256737 0.001486426 0.001748739 0.002043751 0.002406323 0.002937488 0.00376757 0.005235397 7.575913e-06 140.3762 171.7464 186.844 199.196 205.4653 209.6548 216.1528 219.813 222.6597 214.9662 37 
0.002274623 0.003325059 0.001656652 0.0009725503 0.00127031 0.001507507 0.001760669 0.002044369 0.002434113 0.002980806 0.003823491 0.005324968 2.541799e-06 140.4091 175.0211 190.2013 200.6488 206.2664 214.2661 218.4281 222.2382 224.6499 215.6176 38 
0.002288619 0.003333192 0.001684064 0.0009856199 0.001272481 0.001520802 0.001759057 0.002063835 0.002429653 0.002974202 0.003827151 0.005327149 5.852731e-06 142.4374 175.2379 192.307 199.8486 209.3161 212.0383 219.7427 222.7754 224.6815 216.4939 39 
0.002290044 0.0033339 0.001684807 0.0009875565 0.00127529 0.001522306 0.001758951 0.002056041 0.002451958 0.00298368 0.003817436 0.005311603 2.538866e-06 142.3399 175.1314 191.909 199.3229 208.0548 214.8106 217.2484 222.5477 224.142 217.0361 40 
0.002280999 0.003368275 0.001681513 0.0009672324 0.001272216 0.001500741 0.001744158 0.002039743 0.0024166 0.002957755 0.00379141 0.00526748 3.407671e-06 139.2122 174.9071 188.3256 197.9923 205.7618 210.8901 216.4743 219.2348 222.1902 213.4281 41 
0.002262024 0.003314778 0.001643916 0.0009761526 0.001285318 0.001511821 0.001736879 0.002049544 0.002445626 0.002993118 0.003829874 0.005320104 3.982568e-16 140.7974 176.8712 189.6114 197.0082 208.465 213.5869 218.0019 220.5575 223.8371 214.6327 42 
0.002287857 0.003319109 0.001700075 0.000984146 0.001276961 0.001514033 0.001770074 0.002065848 0.002435929 0.002985333 0.003836003 0.00533562 1.562205e-06 142.0141 175.6751 190.9104 201.6704 208.3561 212.92 220.0663 222.6796 225.2506 216.6919 43 
0.002280996 0.003328262 0.001680617 0.0009867775 0.001275489 0.001512024 0.001761242 0.002048556 0.002434316 0.002960298 0.003807192 0.005326162 3.302016e-06 141.9408 174.8226 190.0212 199.8324 206.1337 213.1425 215.9626 223.0466 223.3384 215.215 44 
0.002280598 0.003314756 0.001669607 0.0009788024 0.001259769 0.001501468 0.00175766 0.002061928 0.002436072 0.002971255 0.003796109 0.005274629 3.309378e-06 141.3511 173.4282 190.2382 201.02 209.0052 213.2144 218.9637 221.7404 226.7831 216.936 45 
0.00228996 0.0033593 0.001676468 0.0009774795 0.001272509 0.001504873 0.001755705 0.002041172 0.002434851 0.002971715 0.003792075 0.005267426 2.931275e-06 141.1601 175.2987 189.7713 200.2046 206.1796 214.3162 217.0451 220.6082 224.6196 215.5678 46 
0.002283205 0.003347697 0.001668877 0.0009646321 0.001272499 0.00150762 0.00175944 0.00205932 0.002433955 0.002974765 0.003819811 0.005318036 3.474944e-06 139.1568 175.4219 189.8298 200.1882 207.7198 212.1936 218.0257 221.5072 223.6569 214.8243 47 
0.002292344 0.003325871 0.001677245 0.0009874221 0.001275765 0.001512142 0.001754929 0.002054415 0.00244113 0.002988432 0.003853095 0.005374771 1.579979e-06 143.2419 176.326 191.7718 201.0121 209.5982 215.4929 220.7886 225.8835 225.0047 218.7336 48 
0.002275462 0.003346788 0.001667449 0.0009750374 0.001274357 0.0015035 0.001754267 0.002051727 0.002426539 0.00297141 0.003798916 0.005256707 2.281571e-06 140.2739 174.9189 188.6231 199.1693 206.4229 211.162 217.2481 218.6951 222.2607 214.8304 49 
0.002267248 0.003311444 0.001655154 0.000973492 0.001269314 0.001518878 0.001758093 0.002064719 0.002454546 0.002972141 0.003806646 0.005313878 1.685305e-06 139.8769 174.0168 190.9178 198.5208 208.0758 213.1103 215.1879 222.0164 223.1627 215.179 50 
0.002285031 0.003356085 0.001685496 0.0009733721 0.001263176 0.001500717 0.001743192 0.00203853 0.002429567 0.002968115 0.003792189 0.005262166 2.425925e-06 139.8529 173.1971 188.7563 197.8478 205.9278 212.6782 216.3947 219.6245 222.9822 214.79 51 
0.002259239 0.003354066 0.001621716 0.0009830675 0.001267746 0.001500611 0.001748173 0.002039663 0.002405323 0.002948827 0.003782295 0.005257048 2.61609e-06 140.8622 173.0501 187.7657 197.4735 204.2277 208.4937 215.3829 217.3332 221.3335 211.2973 52 
0.002270843 0.003320089 0.001650477 0.0009871153 0.00127628 0.001510976 0.00175163 0.002050774 0.002445639 0.002996908 0.003838807 0.005335751 4.22104e-16 142.5345 175.5326 190.4743 199.3541 207.8765 214.4496 218.8432 221.5434 224.4422 215.3654 53 
0.002289305 0.003355127 0.001676692 0.0009660109 0.001269381 0.001493059 0.001759942 0.002052657 0.002429341 0.002967708 0.003807059 0.00530554 5.323101e-06 139.3292 174.9364 188.0587 201.4007 206.8028 212.7091 217.7968 221.6936 224.6094 214.8139 54 
0.002270733 0.003330028 0.001675834 0.0009700173 0.001271123 0.001502404 0.00174253 0.002036331 0.002434362 0.002979902 0.003807211 0.005280925 9.18695e-06 139.2885 174.2677 188.3155 197.456 205.4729 213.0943 216.5293 219.3018 222.5797 214.2655 55 
0.002279405 0.003342919 0.001669382 0.0009722601 0.001268985 0.001507738 0.00176465 0.002048992 0.002426078 0.002966287 0.003804208 0.005297099 3.573409e-06 139.9379 174.3342 189.6846 200.3817 205.5966 212.097 217.0796 220.7102 223.6397 214.2797 56 
0.002282556 0.003344175 0.001681042 0.0009719845 0.001271287 0.001507692 0.00175142 0.002039476 0.002423726 0.002960134 0.003804264 0.0052996 1.77431e-06 139.4964 174.1902 189.0521 198.2634 205.2738 212.0904 216.2889 221.4728 222.075 215.1542 57 
0.002290136 0.003363877 0.001692491 0.0009708524 0.001260059 0.001496764 0.001747305 0.002029387 0.002418368 0.002944118 0.003784004 0.005284584 3.201355e-06 139.6795 173.0629 188.635 198.8983 204.7234 212.8774 215.3284 222.2848 222.3652 215.082 58 
0.002294491 0.003350938 0.001676196 0.0009746882 0.001273627 0.001520516 0.001765599 0.002061541 0.002451011 0.002982722 0.003809239 0.005302093 2.834223e-06 141.3384 176.2578 192.6914 201.2311 208.9614 215.2013 218.1725 222.3866 226.1177 216.4717 59 
0.002281679 0.003360911 0.001663204 0.00096402 0.001265486 0.001502876 0.00175127 0.002053202 0.002425041 0.002960443 0.00381154 0.005311229 5.638316e-06 139.0873 174.4359 189.5125 199.3152 207.4669 211.3856 217.1896 221.8714 221.9319 214.8295 60 
0.002278449 0.003360678 0.001680681 0.0009758755 0.001253955 0.001485431 0.001733863 0.002024386 0.00241666 0.002955321 0.003781407 0.005255616 3.188113e-06 139.6404 171.1332 186.4175 196.8388 203.9224 211.5375 215.0552 218.7336 221.8192 212.9937 61 
0.002286677 0.003336619 0.001679634 0.0009746956 0.001269649 0.001502201 0.001750366 0.002046371 0.002429868 0.002966065 0.003794169 0.005267501 2.059526e-06 140.6359 174.807 189.4725 199.7252 207.3725 213.4307 217.9288 221.5898 224.5347 217.0501 62 
0.002286304 0.003371619 0.001680847 0.0009694796 0.001262395 0.001507268 0.001743072 0.002023848 0.002412879 0.002948352 0.003775693 0.005253804 2.194165e-06 139.2534 173.1388 189.4994 197.0354 203.9545 211.8628 215.2613 219.4934 222.3625 213.5173 63 
0.00227202 0.003350743 0.001657259 0.0009666762 0.001259572 0.001498413 0.001741749 0.002026283 0.002406338 0.002933037 0.003763498 0.005256746 2.028203e-06 138.518 172.354 187.981 197.0626 203.7834 210.5884 214.421 219.9042 222.9983 212.6293 64 
0.002294719 0.003339017 0.00168595 0.0009747549 0.001278854 0.001523901 0.001760983 0.002061402 0.002442892 0.002979886 0.003825256 0.005343972 1.44192e-06 140.7535 176.3146 192.1842 199.8293 208.9107 213.8356 218.7531 223.3438 226.4388 215.718 65 
0.002270837 0.003336379 0.001669286 0.0009698831 0.001261901 0.001509709 0.001760604 0.002059096 0.002438242 0.002974429 0.003823351 0.005329479 3.022195e-06 138.9943 172.6331 189.5159 198.7963 206.2644 211.2221 215.9471 220.6644 221.3298 213.4125 66 
0.002271486 0.003322697 0.001663997 0.0009715625 0.001254213 0.001513673 0.001757238 0.002063499 0.002442057 0.00298887 0.003829397 0.005314062 7.526442e-06 139.5452 171.8779 191.0088 198.6574 207.9144 211.8865 218.1054 220.1833 223.1608 214.7178 67 
0.002275544 0.003328538 0.001650422 0.0009902331 0.001268659 0.001514347 0.001754879 0.00204227 0.002437421 0.002985618 0.003826157 0.005315446 6.148168e-06 143.3026 174.7325 191.8264 199.8968 207.1412 214.9857 218.8127 222.2956 224.0955 216.7515 68 
0.002290891 0.00337212 0.001670035 0.0009726231 0.001253275 0.001495755 0.001752061 0.002036555 0.002426303 0.002969435 0.003806807 0.005301721 2.615109e-06 139.9663 172.0899 188.9934 199.6811 205.2897 213.2802 217.1641 221.0631 223.7791 214.2646 69 
0.002281832 0.00334946 0.001674372 0.000976656 0.001265288 0.001503296 0.00174437 0.002035325 0.002419387 0.002989813 0.00382414 0.005274582 6.15028e-06 140.3804 173.4781 189.0982 197.9332 205.6117 212.1007 219.6331 218.3308 223.099 215.0427 70 
0.002272208 0.003338594 0.001669805 0.0009688899 0.001268116 0.001509737 0.001752989 0.002031144 0.002417814 0.002963492 0.003784444 0.005236971 4.534825e-06 138.9812 173.6737 189.2453 197.9184 203.7638 211.7924 216.2439 218.2938 222.0319 214.7781 71 
0.002282685 0.003309017 0.001676502 0.0009920097 0.001282741 0.00151654 0.001768093 0.002052522 0.002437685 0.00298956 0.003823827 0.005308365 1.673777e-06 142.9143 175.9884 190.697 201.0469 206.8236 214.2365 219.5325 221.6449 226.1287 216.9721 72 
0.002273219 0.003316105 0.001636807 0.0009804658 0.00127991 0.001516779 0.001760269 0.002060839 0.00244224 0.003001992 0.003865182 0.005377272 1.438818e-06 142.0508 176.8001 191.6668 200.7533 209.1579 214.1515 221.0831 223.4429 224.62 216.6105 73 
0.002253063 0.003315638 0.001643483 0.0009760183 0.001278238 0.001511048 0.001754507 0.002049927 0.002428966 0.00297601 0.003811418 0.005287255 2.542703e-06 139.9611 174.829 188.7446 197.8953 205.47 210.6647 216.3792 218.3749 221.5391 213.1691 74 
0.002275191 0.003324553 0.001649216 0.0009754052 0.001277537 0.001524077 0.001757928 0.002046097 0.002440052 0.002972506 0.003801561 0.005288084 4.313621e-06 140.8849 176.0338 192.1218 199.1425 207.0379 214.5413 217.1459 222.1044 224.4341 216.8895 75 
0.002278779 0.003350789 0.001663584 0.0009665312 0.001259962 0.00149957 0.001742578 0.002041219 0.002414176 0.002947744 0.003785068 0.005259639 3.485753e-06 138.8697 172.8687 188.6657 197.7257 206.1648 210.6951 216.3946 220.5845 221.8204 215.3805 76 
0.002273927 0.003354338 0.00166671 0.0009821297 0.001271308 0.001503655 0.001750291 0.002042741 0.00242016 0.002948317 0.00377293 0.005241322 3.632487e-06 141.137 174.112 188.617 198.3218 205.3522 210.799 214.9188 219.0427 221.5963 214.056 77 
0.00229982 0.003321863 0.001702098 0.0009944354 0.001282765 0.001520004 0.001763074 0.002064138 0.002445357 0.003000089 0.003835582 0.005321798 6.920475e-06 143.8125 176.6579 192.0695 201.175 209.8423 214.91 221.6194 222.6323 228.3215 218.0386 78 
0.002277764 0.003340197 0.00166931 0.0009742745 0.001268883 0.001505399 0.00175094 0.00204861 0.002414499 0.002977185 0.003830317 0.005302032 2.245898e-06 139.4762 173.3493 188.4531 197.9255 205.8863 209.7756 218.9301 219.5354 221.4758 215.0326 79 
0.002286948 0.003308163 0.00166892 0.0009786013 0.001284252 0.001527001 0.00177155 0.002066391 0.002434903 0.00299138 0.003865208 0.005390679 2.24854e-06 141.8662 177.639 193.1214 201.9195 209.6225 213.9624 222.2135 225.728 225.7895 218.571 80 
0.002285086 0.00335457 0.0016625 0.0009808041 0.001275768 0.001519279 0.001752469 0.002036347 0.002434226 0.002981462 0.003799836 0.005266283 1.533161e-06 141.911 175.9952 191.8572 198.944 206.3175 214.6193 217.8887 219.7207 224.7948 215.2877 81 
0.002281034 0.003332464 0.001676286 0.0009721828 0.001275182 0.001521187 0.00175271 0.002046616 0.002448015 0.003000248 0.00382988 0.005315508 2.485233e-16 140.0618 175.4017 191.4279 198.2625 207.1052 214.7789 218.4297 220.4148 225.0627 215.0251 82 
0.002278695 0.003338728 0.001657996 0.0009762552 0.001285645 0.001513061 0.001760983 0.002043392 0.002430211 0.002990311 0.003824723 0.005295175 2.836709e-06 141.0819 177.2898 190.1818 200.4129 206.1099 213.7632 219.4537 220.142 224.3725 215.7439 83 
0.002285562 0.003354893 0.001684433 0.0009696036 0.001266223 0.001500416 0.001750861 0.002043169 0.002428265 0.002976387 0.003814947 0.005288361 2.935462e-06 139.4576 173.9002 188.7005 199.044 205.9574 212.4957 217.6279 220.2789 221.9858 215.4196 84 
0.002277466 0.003346401 0.001667032 0.0009776982 0.001264534 0.001502785 0.001740727 0.002032937 0.002425313 0.002961308 0.003798281 0.005286312 4.248575e-06 140.2896 173.0324 188.736 197.1454 205.2647 212.4495 215.8063 220.7615 221.9641 214.7419 85 
0.002291773 0.003336833 0.001689124 0.0009867856 0.001283566 0.001512767 0.001760237 0.002044231 0.002424123 0.002974506 0.003844464 0.005374905 5.282156e-06 142.3752 176.5515 190.2921 200.4293 206.4987 213.359 219.2267 224.3601 223.5648 216.0668 86 
0.00229348 0.003335819 0.001686987 0.0009841855 0.001271771 0.001516172 0.00176149 0.002057734 0.002436626 0.002973428 0.003818756 0.00531717 1.783417e-06 142.2067 175.1528 191.7263 200.5864 208.4513 213.7294 218.7843 223.4394 224.6509 217.4956 87 
0.002300473 0.003331732 0.00169723 0.0009811522 0.001285348 0.001516245 0.001766669 0.002058838 0.00245441 0.003003596 0.00383867 0.005345844 2.648136e-16 141.5166 176.9207 190.7497 201.2914 208.1496 215.8736 219.7942 222.7174 227.8629 216.3868 88 
0.002274404 0.003326345 0.001660216 0.0009879156 0.001290095 0.001518401 0.001745657 0.00205138 0.002434725 0.002959138 0.003796574 0.005305309 2.486835e-06 142.6702 177.5201 190.6293 198.0379 208.3916 212.813 216.5001 222.3393 224.7471 215.0182 89 
0.002300087 0.003343691 0.001703151 0.0009734766 0.001264035 0.001508338 0.00175768 0.002045405 0.002426563 0.002958618 0.003823361 0.00536042 4.740098e-06 140.1063 173.693 190.3745 199.9989 206.7001 213.4685 217.7566 225.4464 223.945 216.6583 90 
0.002291842 0.003348621 0.00167484 0.0009824616 0.001279968 0.00150823 0.00175606 0.002060456 0.002424953 0.002971868 0.00381618 0.005304469 3.811425e-06 142.0547 176.4806 190.1563 200.4815 208.9078 211.828 219.8068 221.766 225.2979 216.0184 91 
0.002283241 0.003337152 0.0016658 0.0009839072 0.001270076 0.00149658 0.001747255 0.002061724 0.002433489 0.002976683 0.003832 0.005346972 2.233615e-06 141.6836 174.3217 188.4603 199.4953 209.0406 211.8177 218.8782 222.5254 224.5728 214.8478 92 
0.00229579 0.003318201 0.001673793 0.0009812066 0.001285559 0.001525351 0.001756307 0.002059792 0.002449134 0.002993223 0.003837213 0.005334061 6.761269e-16 142.9943 178.6805 193.8173 201.143 211.3141 216.8113 221.7162 225.5413 227.5144 220.3642 93 
0.00228595 0.003343857 0.001686657 0.0009649082 0.001271786 0.001503254 0.001746392 0.002058501 0.002424648 0.002978791 0.003832442 0.005328754 1.478383e-06 138.7132 174.7536 188.7328 198.3692 208.3044 210.6514 219.4573 220.9378 223.9573 214.4042 94 
0.002270484 0.003338766 0.001660384 0.0009827403 0.001276448 0.001515727 0.001758978 0.002037165 0.002434803 0.002983758 0.003816166 0.005294453 2.835263e-06 140.6894 174.1906 189.3702 198.005 203.6714 212.6331 215.8187 218.7239 221.3416 213.6029 95 
0.002303922 0.003328668 0.001707521 0.0009847137 0.001270187 0.001508708 0.001760493 0.002067668 0.002445831 0.002977435 0.003825593 0.00533782 4.512337e-16 142.7759 175.5547 191.6352 202.0553 210.8023 215.0767 220.1555 225.6629 226.8804 219.0501 96 
0.002297305 0.003326127 0.001685225 0.0009951243 0.001278657 0.001527175 0.001766561 0.002065838 0.002431301 0.002986635 0.00382422 0.00530119 4.474532e-16 144.0052 176.1353 193.3484 201.0122 209.7782 213.1393 221.8483 222.1322 227.8148 218.0619 97 
0.002262213 0.003343285 0.001654423 0.0009759702 0.001264169 0.001496954 0.001749213 0.002040988 0.00240215 0.002937211 0.003769808 0.005237593 4.669899e-06 140.1465 173.0867 187.8379 198.3141 204.7944 208.7492 215.4907 218.5294 221.2178 213.1816 98 
0.002283144 0.003346731 0.001674962 0.0009787813 0.001272985 0.001508619 0.001755057 0.002044288 0.002435262 0.002979771 0.00380651 0.005293126 1.588211e-06 141.1624 175.1131 190.028 199.5889 206.3926 213.7045 217.6155 220.1837 225.1412 214.1652 99 
0.002273919 0.00333024 0.001641846 0.0009783706 0.001276085 0.00151627 0.001772818 0.002060213 0.00244397 0.002971435 0.003811534 0.005313852 1.732865e-06 141.0104 175.3895 190.7541 201.1656 206.6356 213.3502 216.246 222.2309 222.9414 215.7793 100 
