0.4988197 0.5039333 0.4990756 0.05977015 0.08596952 0.1127935 0.1344374 0.1610093 0.2002249 0.2459886 0.3317259 0.502608 0.999999 9801.417 14690.56 20583.04 26163.06 29859.74 32319.65 34301.84 34973.77 35609.32 36153.8 163985.2 1 
0.4989717 0.5002498 0.5004356 0.05937506 0.08628552 0.1099322 0.1340694 0.1599332 0.1973299 0.2490834 0.3352081 0.4883926 1 9841.006 14751.39 20812.62 26044.75 29994.27 32525.59 34429.51 35619.5 36407.96 36216.07 165743.1 2 
0.5009916 0.5164167 0.4922359 0.06025295 0.08595002 0.1123311 0.1340678 0.1612957 0.2005072 0.2440877 0.3359195 0.4896927 1 9734.35 14611.18 20369.33 25793.55 29437.59 31953.48 33946.81 34465.84 35429.54 35332.53 161558.1 3 
0.4988421 0.4977216 0.5050601 0.05929685 0.08748815 0.1099308 0.1334715 0.1601001 0.1987842 0.2486304 0.3321896 0.5015364 1 9822.456 14722.31 20977.07 26095.69 29910.05 32478.51 34511.95 35565.23 36162 36611.72 165648.9 4 
0.5023584 0.5003822 0.4931258 0.060523 0.08621274 0.1100033 0.1332188 0.1607781 0.1946749 0.2536024 0.3352467 0.5019787 1 9998.372 15021.14 20926.31 26113.27 29933.11 32627.11 34264.63 35964.78 36569.3 36787.18 165199.6 5 
0.4989034 0.4952697 0.5019825 0.06100251 0.08694854 0.1098208 0.1307062 0.1598702 0.1962248 0.251089 0.3322619 0.5043446 1 10149.99 15213.85 21174.77 26230.31 29684.21 32457.29 34390.97 35874.52 36446.61 36983.7 166386.4 6 
0.4916693 0.5079202 0.5037888 0.05872583 0.08554896 0.1081213 0.1354454 0.16201 0.1968235 0.247097 0.3308177 0.5019741 1 9613.669 14340.42 20233.03 25183.15 29403.63 32059.45 33683.17 34630.74 35241.17 35821.79 163704.3 7 
0.5094598 0.4896902 0.5030636 0.05937451 0.08464563 0.1111712 0.1329737 0.1621877 0.1976845 0.2522634 0.3345897 0.5012168 1 9875.689 14906.96 20837.56 26536.73 30445.5 33410.29 35299.81 36697.97 37256.09 37480.81 166328.8 8 
0.4870411 0.5032446 0.5102047 0.06071058 0.08550862 0.1099527 0.132823 0.1606294 0.1970217 0.2481945 0.3223459 0.4945575 0.9999998 10064.81 14966.79 20604.73 25692.98 29348.29 31948.75 33736.8 34817.36 34910.04 35667.67 165783.5 9 
0.4992346 0.5012379 0.501087 0.06112688 0.08862548 0.1105555 0.1332318 0.1635895 0.1968092 0.2524242 0.3339367 0.4934417 0.9999993 10072.98 15101.76 21251.02 26197.95 29788.15 32654.35 34196.54 35506.14 35956.82 35893.93 164788.1 11 
0.500212 0.4956439 0.5040743 0.06053252 0.08650433 0.1109523 0.133814 0.164453 0.1983511 0.2462824 0.3339309 0.4936136 0.9999999 10057.36 15088.17 21049.8 26349.84 30143.79 33135.94 34773.05 35507.63 36272.77 36370.01 166148 12 
0.4981581 0.5047709 0.495177 0.06088194 0.08787937 0.1074362 0.1371129 0.1606322 0.1962533 0.2461036 0.33428 0.5060953 1 9965.39 14929.73 20946.05 25498.04 29861.21 32221.8 33840.11 34786.93 35689.07 36283.35 163683.8 13 
0.509416 0.485995 0.4952047 0.06168504 0.08777502 0.1101097 0.1358464 0.1598355 0.1988061 0.2497088 0.3275225 0.5030493 0.9999999 10339.56 15606.7 21755.47 26880.45 31037.65 33445.99 35466.6 36612.64 36901.5 37648.6 167618.6 14 
0.493851 0.5007473 0.5048587 0.05907183 0.08558642 0.1108384 0.1324112 0.1600249 0.1994006 0.2482669 0.330838 0.4936509 0.9999998 9789.284 14623.73 20567.35 25960.95 29607.91 32223.48 34336.46 35320.99 35839.38 36067.27 165718.3 15 
0.5009552 0.4966388 0.501218 0.06057018 0.08671853 0.1095543 0.134275 0.1594571 0.1949812 0.2462957 0.3295796 0.4931601 1 10069.27 15113.53 21114.22 26202.92 30179.88 32651.09 34376.46 35544.98 36287.33 36717.81 166241.4 16 
0.4941264 0.497202 0.5058562 0.06019911 0.08833912 0.1069587 0.1345277 0.1570995 0.1984989 0.2462424 0.3318513 0.5070066 1 10045.66 15009.48 21270.65 25802.72 29926.55 32147.79 34374.21 35368.59 36150.57 36925.51 166873.9 17 
0.5010666 0.5046638 0.4928367 0.06156961 0.08564436 0.1098175 0.1349556 0.1631828 0.1940971 0.2453407 0.3315413 0.5030716 1 10079.86 15130.55 20739.39 25818.66 29813.1 32590.49 33900.03 34884.23 35731.92 36417.7 163714.9 18 
0.4957573 0.5026819 0.5006451 0.06158449 0.08678181 0.1104994 0.1311707 0.1584255 0.2010195 0.2481749 0.3309603 0.4991311 1 10137.59 15163.38 20922.99 25960.82 29329.75 31812.3 34214.73 35155.04 35668.81 36087.66 164612.8 19 
0.5074036 0.4911779 0.4930832 0.06071319 0.08596233 0.1100066 0.1331081 0.1590396 0.1971332 0.2446108 0.3311694 0.492017 1 10128.85 15268.27 21217.67 26522.37 30425.54 33013.08 35071 36046.11 36955.06 37298.28 166831.1 20 
0.4974173 0.4991893 0.503296 0.06110929 0.08881245 0.110945 0.1354327 0.1597511 0.1950915 0.2461312 0.3284877 0.4993702 1 10106.56 15133.75 21318.45 26301.53 30118.99 32355.33 33921.7 34976.95 35612.59 36308.34 165385.1 21 
0.4923982 0.4985733 0.5047544 0.05899068 0.0863246 0.1087184 0.1344212 0.1606053 0.1958471 0.247641 0.3276745 0.488962 0.9999997 9808.16 14637.68 20713.75 25740.92 29801.45 32386.33 34076.85 35214.2 35691.44 35986.2 166266.3 22 
0.4961584 0.5052065 0.4993014 0.06115684 0.08805293 0.1077745 0.1346838 0.1612804 0.1951817 0.250308 0.3369695 0.5010192 0.9999998 10051.44 15038.54 21048.38 25609.01 29615.83 32215.86 33769.06 35111.08 35946.73 36098.63 164355.1 23 
0.4945869 0.5036117 0.5052129 0.06088438 0.08546175 0.1106981 0.1359076 0.1582025 0.1952603 0.2492065 0.3318736 0.496366 1 10049.46 15019.78 20675.89 25918.73 29952.74 32048 33756.11 35085.65 35740.42 36051.06 165058 24 
0.5029044 0.4994246 0.5012892 0.0591559 0.08546367 0.1104046 0.134531 0.1592262 0.1932358 0.2469879 0.3342585 0.4990697 0.9999985 9745.397 14646.4 20612.22 26015.72 30047.68 32488.26 34069.39 35417.41 36444.21 36848.71 164740.9 25 
0.9999981 0.3758252 0.3020255 0.1036937 0.1138667 0.1288437 0.1470258 0.1679756 0.1978896 0.2460077 0.3347417 0.4819833 1 13123.49 26246.95 39163.55 52114.85 64989.59 77536.21 89834.32 102097.3 114678.6 126730 126560.2 26 
0.5001457 0.5050113 0.4971874 0.06033212 0.08666112 0.1090139 0.1337729 0.1619456 0.1934341 0.2470284 0.3357567 0.5047716 1 9876.921 14816.82 20741.84 25690.5 29595.28 32363.03 33764.95 34994.16 36033.11 36527.05 163709.2 27 
0.4899154 0.4967985 0.508207 0.06142403 0.08792106 0.1096643 0.13311 0.1594467 0.1933532 0.2475704 0.3304317 0.5020766 1 10227.88 15238.67 21206.38 26021.32 29641.51 32063.96 33589.29 34923.66 35656.19 36337.4 166512.6 28 
0.498349 0.5036851 0.4996602 0.05945795 0.08647793 0.111286 0.1304154 0.1600278 0.1975818 0.2494007 0.3360529 0.4964239 1 9811.949 14701.72 20748.95 26119.36 29450.18 32211.72 34238.31 35482.22 36311.89 36367.59 165023.4 29 
0.493455 0.5024628 0.5072726 0.05950228 0.08700259 0.1085981 0.1336308 0.1586329 0.2010545 0.2508105 0.3337573 0.4917728 1 9841.366 14697.64 20786.17 25680.13 29589.22 31999.74 34343.9 35438.75 35922.76 35823.7 165394.8 30 
0.4935056 0.4996404 0.5039556 0.05961024 0.08561791 0.1105553 0.1321142 0.1611383 0.197777 0.2427526 0.3327483 0.4983958 0.9999968 9893.214 14775.57 20654.37 25970.31 29586.01 32352.26 34242.81 34895.31 35900.85 36386.27 165965 31 
0.5023944 0.502392 0.4973244 0.06035913 0.08595699 0.1119905 0.134512 0.1609402 0.1993784 0.2515978 0.338761 0.4971647 1 9946.433 14943.46 20817.19 26308.62 30122.94 32639.97 34595.25 35765.25 36494.2 36312.65 164787.6 32 
0.500687 0.5025254 0.4968269 0.05944553 0.08431961 0.1083159 0.1354499 0.1623612 0.1949409 0.2474011 0.3351251 0.5006591 1 9792.565 14695.58 20422.29 25592.46 29949.24 32752.97 34258.36 35399.76 36326.27 36665.31 164731.7 33 
0.4983923 0.5022856 0.5041637 0.06016512 0.08945881 0.1096824 0.1343174 0.1649557 0.1976343 0.2427316 0.3318513 0.5055976 1 9904.545 14840.89 21237.49 26036.35 29823.14 32774.29 34253.56 34730.17 35591.08 36348.66 164622.7 34 
0.5019585 0.5054364 0.4932975 0.06061779 0.0846486 0.109349 0.1360287 0.1600385 0.1982637 0.2489093 0.3311535 0.5027398 1 9892.382 14857.95 20434.73 25601.65 29851.75 32265.07 34177.82 35255.49 35783.12 36326.64 163192.7 35 
0.515658 0.4933971 0.489674 0.06033734 0.08692444 0.111081 0.1338451 0.1597716 0.1948008 0.248041 0.3339278 0.4912736 1 9979.756 15125.9 21309.55 26751.93 30678.91 33276.84 35043.21 36405.88 37334.68 37440.97 165399.3 36 
0.4984302 0.5079216 0.496732 0.06088093 0.08717127 0.1111427 0.1348765 0.1600998 0.197935 0.2529833 0.3377649 0.4985178 1 9962.306 14927.82 20836.4 25976.33 29764.71 32105.52 33935.2 35297.81 35928.49 35828.72 163635.9 37 
0.501197 0.4977849 0.4949273 0.06250229 0.08725307 0.1107177 0.1304998 0.1635539 0.194151 0.2440169 0.3314502 0.4991548 1 10329.79 15507.05 21291.15 26328.95 29608.15 32724.41 34159.75 35106.86 36064.63 36670.57 165270.6 38 
0.4953103 0.5072749 0.4942582 0.06028467 0.08607802 0.1087 0.1325172 0.1604254 0.1965228 0.2481853 0.3354587 0.4987627 0.9999997 9902.062 14806.65 20620.29 25547.38 29315.63 32018.08 33855.1 35029.5 35906.78 36119.48 164255.1 39 
0.5045789 0.4987482 0.4980916 0.06213598 0.08655712 0.1107451 0.1350796 0.1623652 0.1983976 0.2422174 0.333648 0.4964005 1 10221.9 15379.66 21114.86 26261.66 30179.86 32827.82 34577.94 35076.45 36100.59 36459.03 164508.6 40 
0.5085899 0.4972487 0.4929824 0.06065161 0.08635318 0.1097015 0.1336502 0.1633849 0.1978887 0.2471137 0.338289 0.4947766 1 10013.06 15105.6 21074.06 26261.31 30215.35 33222.64 34989.46 35917.68 36945.61 36867.13 165091.4 41 
0.5013006 0.4897618 0.5032671 0.06152474 0.08713651 0.109192 0.1342153 0.1599647 0.1959454 0.2495502 0.3291682 0.5018739 1 10343.59 15528.84 21532.77 26521.22 30515.23 33066.52 34860.51 36199.02 36680.49 37344.41 168120.8 42 
0.4986819 0.4970036 0.501686 0.06163725 0.08801616 0.1117765 0.1335783 0.1619756 0.198857 0.2523932 0.3296078 0.5024299 1 10217.23 15312.37 21326.62 26491.36 30041.59 32663.91 34481.58 35694.14 35860.81 36339.39 165763.8 43 
0.4960892 0.4997592 0.5050098 0.06043702 0.08406205 0.1091134 0.1332747 0.1630026 0.1992081 0.2473579 0.3353519 0.5012548 1 10004.83 14968.12 20500.25 25714.45 29671.54 32650.42 34538.96 35372.19 36157.3 36425.04 165541.4 44 
0.4961744 0.5006746 0.5006817 0.06124867 0.08730887 0.1102777 0.1327877 0.1626367 0.1954008 0.2446134 0.3307035 0.4993717 1 10106.27 15120.74 21026.46 26023.15 29614.49 32434.5 33941.13 34817.93 35634.81 36235.77 165003.9 45 
0.4970761 0.4991949 0.5028608 0.05992645 0.087699 0.110762 0.1351858 0.1602581 0.1971774 0.2504996 0.3359777 0.4989422 1 9920.268 14851.4 21030.03 26178.71 30079.68 32448.98 34207.54 35441.93 36152.37 36247.94 165540.7 46 
0.5035376 0.4978237 0.498302 0.06129175 0.08549331 0.1080117 0.1343925 0.1582175 0.1991881 0.2475722 0.3332306 0.5013497 1 10159.59 15275.33 20994.32 25941.02 30120.19 32549.72 34811.95 35865.11 36629.44 37073.05 165757.9 47 
0.4902329 0.5059008 0.5050231 0.06015342 0.08852871 0.1079672 0.1317061 0.1580305 0.1982444 0.2440733 0.3347327 0.4914751 1 9901.459 14755.48 20929.19 25484.24 29059.51 31505.4 33674.86 34503.24 35569.94 35659.81 164603.4 48 
0.4964247 0.5094595 0.4992684 0.05989036 0.08656122 0.1102336 0.1341899 0.1598311 0.1972271 0.2491381 0.3367725 0.4942794 1 9747.684 14586.68 20486.02 25576.71 29384.68 31796.55 33626.21 34785.46 35631.93 35563.96 162758.8 49 
0.4904424 0.4992916 0.5068085 0.0615333 0.08522827 0.1107386 0.1317306 0.1642961 0.1939478 0.2469801 0.3329634 0.4990778 1 10208.43 15215.08 20731.52 25939.35 29405.62 32488.99 33757.84 34851.68 35665.78 36061.69 165900.9 50 
0.4990501 0.4998005 0.4991841 0.06022877 0.08847416 0.1109988 0.1333396 0.1621484 0.197314 0.2501253 0.3348681 0.4968072 1 9934.228 14891.9 21145.95 26236.27 29841.98 32544.29 34238.12 35398.84 36050.12 36132.17 164941.6 51 
0.4892432 0.4922313 0.5133327 0.06159599 0.08569074 0.1114364 0.1333782 0.160952 0.2014706 0.2535377 0.3316048 0.5071618 1 10346.52 15408.48 21045.7 26356.7 29975.25 32527.57 34674.26 35816.4 35928.5 36392.95 167973.9 52 
0.5052323 0.4951086 0.499535 0.06088336 0.08743947 0.1099658 0.132576 0.1601252 0.1959919 0.2498693 0.3304184 0.4959896 1 10082.25 15176.12 21265.81 26350.38 30059.08 32731.19 34572.47 35954.11 36503.27 36874.36 165599.4 53 
0.5051143 0.4989779 0.4956862 0.06055245 0.08639772 0.111659 0.1338195 0.1627674 0.1933959 0.2544113 0.3275762 0.4972071 1 9988.454 15033.77 20982.56 26407.06 30169.02 32970.56 34293.06 36038.53 36171.69 36609.63 164955.4 54 
0.4995425 0.4994176 0.5005178 0.06030519 0.0858747 0.1118897 0.1336882 0.1611946 0.1950538 0.2485798 0.3293779 0.5028411 1 9977.588 14961.82 20825.34 26305.21 30014.77 32619.71 34185.33 35429.67 35971.63 36677.22 165451.6 55 
0.5101201 0.4870399 0.4975589 0.06286901 0.08457201 0.1112437 0.1331429 0.1639792 0.1972504 0.2459545 0.3313142 0.5043802 1 10509.96 15871.3 21345.51 26842.57 30663.24 33759.83 35441.81 36317.31 37051 37758.38 167172.3 56 
0.5048876 0.5046063 0.4971252 0.06144088 0.08678587 0.1106332 0.1329898 0.1580243 0.1978121 0.2495171 0.3354651 0.4955684 1 10013.82 15069.68 20884.06 25998.86 29649.01 31991.23 34092.46 35366.25 36172.62 36244.35 162983.1 57 
0.4984725 0.4966901 0.5010836 0.0598443 0.08695696 0.1114547 0.1324611 0.1618865 0.1983819 0.2524212 0.3328928 0.4921113 1 9962.213 14928.1 21050.59 26419.71 29988.19 32780.41 34654.74 35954.94 36339.79 36277.02 166468.9 58 
0.4936288 0.5115595 0.5006018 0.05926419 0.08527007 0.1122473 0.1334677 0.1635129 0.1957009 0.2498208 0.3235444 0.5070168 1 9670.711 14444.45 20219.92 25742.82 29345.15 32148.24 33552.28 34717.9 34776.96 35865.42 163179.7 59 
0.4975924 0.5034777 0.4971143 0.06044627 0.0871614 0.1116525 0.1322046 0.159065 0.1960527 0.2460228 0.3324276 0.4967548 1 9962.644 14919.98 20921.49 26193.37 29635.24 32080.14 33929.04 35008.18 35885.52 36277.21 164818.2 60 
0.5113236 0.5045359 0.4846215 0.06145927 0.08663155 0.1080228 0.136801 0.1619978 0.1956476 0.2526347 0.3325196 0.4934555 1 10021.3 15145.43 21001.84 25837.85 30267.56 32911.02 34473.12 35953.65 36411.73 36475.29 163055.9 61 
0.5063574 0.4965633 0.4951592 0.06177031 0.0849446 0.1119232 0.1324241 0.164675 0.1966597 0.2503309 0.3357489 0.5075139 1 10165.75 15313.25 20870.08 26381.52 29974.76 33104.7 34646.01 35830.31 36530.05 36959.27 164573.4 62 
0.5040922 0.494494 0.4992354 0.06093495 0.08613454 0.1099829 0.1357679 0.1605716 0.1985064 0.2497369 0.3293018 0.5002531 0.9999999 10125.14 15229.15 21117.16 26328.3 30502.8 32988.29 34905.91 36025.06 36391.89 36921.02 166163.2 63 
0.4928484 0.5024279 0.5092772 0.05931591 0.08710961 0.1105377 0.1357952 0.1620835 0.2013947 0.2479975 0.3328829 0.498987 1 9788.35 14612.52 20723.98 25878.08 29870.38 32377.23 34339.11 35000.93 35497.03 35741.53 165020.7 64 
0.5077935 0.4941566 0.4986803 0.06037953 0.0869364 0.1105066 0.1328831 0.1588895 0.1967636 0.2459656 0.3278313 0.497382 1 10016.85 15103.34 21221.13 26504.3 30281.86 32819.5 34833.78 35930.94 36579.33 37271.71 165898.1 65 
0.4990281 0.5041393 0.4960536 0.05919619 0.08612716 0.1091642 0.1311866 0.163017 0.198247 0.2469449 0.3272922 0.5096442 1 9681.93 14513.48 20495.43 25578.67 29198.36 32313.11 34184.43 35094.75 35514.28 36578.85 163556.6 66 
0.5045041 0.4963983 0.4974473 0.0606943 0.08687461 0.1078811 0.1327921 0.159045 0.1981075 0.2468212 0.3353326 0.498828 1 10018.33 15072.62 21073.56 25904.9 29840.93 32474.98 34631.3 35702.28 36666.86 36943.33 165062.1 67 
0.4934028 0.5029763 0.5008225 0.06012582 0.08628858 0.1112437 0.1329818 0.1600229 0.1962423 0.247508 0.3281496 0.5031387 1 9938.978 14842.9 20729.67 26020 29616.12 32117.29 33878.21 34994.59 35502.73 36302.75 165303 68 
0.5030815 0.4953539 0.5028761 0.05938039 0.08535828 0.1141961 0.1319612 0.1584696 0.1954236 0.2514074 0.3300853 0.504102 1 9827.257 14771.17 20718.78 26682.67 30066.81 32475.16 34342.02 35912.56 36383.33 37043 165496.7 69 
0.5084315 0.48983 0.4959762 0.06099004 0.08687993 0.1093447 0.1339448 0.1630635 0.1963431 0.2496401 0.3300177 0.5053378 1 10176.97 15351.27 21417.93 26533.83 30559.06 33532.93 35184.35 36419.48 36898.4 37618.1 166862.9 70 
0.5018066 0.4964609 0.5051746 0.06151568 0.08833532 0.1104735 0.1354763 0.1603585 0.1995908 0.2485927 0.3313877 0.5022379 0.9999995 10192.49 15307.16 21417.1 26408.08 30335.34 32704.21 34680.71 35616.24 36116.06 36609.91 165689.4 72 
0.4868834 0.5094029 0.5109016 0.06049188 0.08695493 0.1111697 0.1342543 0.1624566 0.1960087 0.2512318 0.3270144 0.5066108 1 9899.977 14720.11 20536.99 25606.01 29219.54 31776.48 33206.05 34443.1 34581.74 35407.85 163657.9 73 
0.5031867 0.4940021 0.5012173 0.06073113 0.08678864 0.1102375 0.1339338 0.1617951 0.1987177 0.2460205 0.3374896 0.4985899 1 10125.79 15220.95 21250.57 26458.52 30356.46 33105.7 35014.89 35829.07 36863.45 36983.87 166731.4 74 
0.4992545 0.5014901 0.4988869 0.06018302 0.0857906 0.1098222 0.1348514 0.1614822 0.1936812 0.2408806 0.3297229 0.4974407 1 9934.434 14894.24 20745.22 25932.88 29972.24 32601.81 34015.45 34771.15 35843.99 36587.05 165070.4 75 
0.4968089 0.4978633 0.5019042 0.06030842 0.08717643 0.1104614 0.1356267 0.1630952 0.1965129 0.2440934 0.3365447 0.5015649 1 9996.74 14963.21 21012.77 26145.24 30143.09 32805.71 34278.01 34974.06 36077.27 36415.38 165760.3 76 
0.5048996 0.4977117 0.4921242 0.06127646 0.08734439 0.1090033 0.1362527 0.1587505 0.2012364 0.2462034 0.3312553 0.5101274 1 10102.19 15202.77 21193.31 26096.43 30323.05 32566.26 34844.5 35576.14 36200.88 37060.82 164862.4 77 
0.5153083 0.4834851 0.4938505 0.06260552 0.08835176 0.1083167 0.1381659 0.1609722 0.1952744 0.2496009 0.3410071 0.4989353 1 10510.82 15927.14 22112.09 26935.2 31555.98 34009.45 35590.01 36921.23 38075.52 37988.11 167889.7 78 
0.4860364 0.5042678 0.510295 0.06017714 0.08646508 0.1071429 0.1363121 0.1620575 0.1991342 0.2479584 0.3331803 0.5015657 1 9960.886 14802.24 20645.38 25260.93 29574.06 32134.17 33905.12 34715.11 35300.52 35655.5 165526.1 79 
0.4916394 0.501217 0.506917 0.05968539 0.08518785 0.1077731 0.1317847 0.1601648 0.1977577 0.2480921 0.3314485 0.500659 1 9885.67 14745.85 20517.14 25442.17 29261.02 32063.05 34093.92 35210.31 35842.94 36336.69 165629.6 80 
0.5024677 0.5072286 0.4945545 0.05982056 0.08670559 0.1117269 0.1312015 0.1583311 0.1986962 0.2490755 0.3314989 0.5025697 1 9760.792 14665.28 20670.08 26039.63 29412.39 31898.16 34110.04 35302.35 35890.88 36431.35 163167.8 81 
0.4924463 0.4959137 0.5078338 0.05763715 0.08785909 0.1094107 0.1336954 0.1625964 0.1958279 0.2496672 0.3313458 0.5036127 1 9614.603 14349.28 20877.52 25969.11 29861.12 32692.38 34240.46 35461.14 35984.21 36543.47 166812.6 82 
0.4996189 0.5008566 0.500512 0.06150659 0.08591311 0.1109897 0.1336381 0.1649059 0.1953252 0.2461266 0.327728 0.4974889 0.9999996 10138.39 15203.73 20886.47 26129.83 29854.72 32876.07 34190.54 35095.27 35616 36246.91 164834.2 83 
0.4937791 0.5102263 0.5024744 0.06073058 0.08733633 0.1109719 0.1339296 0.1601546 0.1962084 0.2477899 0.3309402 0.5004 1 9886.048 14767.57 20645.58 25680 29295.55 31673.29 33344.85 34437.6 35060.35 35578.31 162785.3 84 
0.4975742 0.5011193 0.4997951 0.06145365 0.08458227 0.1110224 0.1331683 0.1615719 0.1964103 0.2474046 0.3340796 0.496773 1 10147.61 15196.8 20669.98 26035.62 29749.76 32466.46 34157.56 35219.13 36043.6 36272.66 165126.3 85 
0.5109178 0.4921365 0.4931558 0.06100903 0.08574177 0.1090935 0.1340169 0.1632736 0.1928568 0.2504282 0.3302421 0.5008944 1 10129.29 15304.53 21186.51 26373.99 30492.89 33533.84 34878.01 36418.13 36990.53 37574.45 166029.4 86 
0.5050704 0.4938543 0.4924145 0.06174321 0.0864463 0.1113468 0.1325257 0.16005 0.1988725 0.2534692 0.3341534 0.499294 0.9999997 10233.61 15402.31 21222.61 26537.7 30134.65 32748.43 34834.43 36273.32 36704.29 36828.43 165744.7 87 
0.4983517 0.5039531 0.5012429 0.05930714 0.08724484 0.1102955 0.1332482 0.1602536 0.1976241 0.2490363 0.3265776 0.497843 1 9744.81 14601.15 20761.6 25907.18 29636.26 32204.07 34103.93 35251.42 35545.57 36170.04 164310.9 88 
0.4957636 0.5058313 0.4996526 0.05937453 0.0861244 0.1106168 0.1358995 0.1623685 0.1983498 0.2463152 0.3367821 0.499201 0.9999999 9761.757 14601.28 20557.76 25825.16 29885.17 32451.43 34133.77 34886.73 35807.92 35951.12 164409.8 89 
0.4922643 0.5080404 0.5033785 0.06084334 0.08625365 0.1095216 0.1337965 0.158932 0.1997057 0.2456861 0.3349389 0.5021042 0.9999999 10003.04 14927.18 20665.98 25625.04 29423.64 31779.87 33922.9 34695.51 35585.87 35968.42 164406.5 90 
0.5052 0.4937121 0.499588 0.05973003 0.08408574 0.111728 0.1345081 0.1622196 0.1950745 0.2518621 0.3332389 0.5008419 1 9879.833 14871.13 20590.6 26318.09 30315.87 33081.04 34610.52 36085.62 36642.26 36962.32 165408.1 91 
0.4962721 0.5004965 0.4990738 0.05991563 0.08591756 0.1090738 0.137209 0.1624738 0.1975765 0.250477 0.3321141 0.4938827 1 9880.119 14783.35 20655.54 25706.69 30079.53 32624.84 34214.96 35315.38 35748.03 35838.92 164900.5 92 
0.5046369 0.4944842 0.498439 0.06038784 0.08682497 0.1130286 0.1323862 0.1612765 0.1963404 0.249574 0.333436 0.4908382 1 10022.63 15080.41 21150.34 26769.43 30230.79 32929.85 34664.38 35928.68 36614.34 36613.3 165970.9 93 
0.4869077 0.5089338 0.5064481 0.06027505 0.08671644 0.1092065 0.1311409 0.161364 0.1938782 0.246554 0.3334811 0.5014876 0.9999998 9912.813 14739.44 20578.5 25433.79 28872.4 31686.02 33190.28 34369.28 35290.89 35782.47 164459.6 94 
0.5084852 0.4984237 0.4930715 0.06149807 0.08767496 0.1087573 0.1321727 0.1592787 0.2004496 0.2485523 0.3306287 0.4978937 1 10130.47 15281.66 21324.85 26182.87 29928.22 32593.66 34957.36 36001.57 36525.04 36937.08 164728.2 95 
0.4971937 0.5026542 0.5022738 0.06122645 0.08685684 0.1101325 0.1336058 0.1624464 0.1973541 0.2481242 0.3303081 0.4978305 1 10042.61 15035.73 20850.01 25851.91 29570.39 32312.17 33984.11 34978.99 35490.15 35913.32 164024 96 
0.4982896 0.5010627 0.4991017 0.05961073 0.0876418 0.1126733 0.1328883 0.1580455 0.1985735 0.2468708 0.3340889 0.4909031 1 9831.043 14729.75 20932.02 26373.18 29826.18 32068.43 34181.26 35167.64 36007.44 36028.05 164920.7 97 
0.5064055 0.4899731 0.50077 0.0617322 0.08817043 0.1113684 0.1330276 0.1602582 0.2000703 0.248774 0.3312134 0.494448 1 10278.37 15483.39 21614.94 26810.01 30415.74 32990.04 35144.1 36136.46 36642.1 36868.62 166499.3 98 
0.5088762 0.4955353 0.4904028 0.06103919 0.08780579 0.110162 0.1359363 0.1613564 0.1972314 0.2443156 0.3284567 0.5041828 1 10094.03 15230.64 21384.61 26485.64 30611.05 33149.74 34882.73 35663.91 36346.94 37255.43 165369.7 99 
0.4858398 0.5026247 0.5097756 0.06117398 0.0861824 0.1082063 0.1353996 0.1584932 0.195513 0.2491948 0.3302386 0.5091397 1 10114.93 15029.16 20680.03 25396.65 29467.33 31651.69 33372.74 34665.5 35201.02 36059.58 165346.9 100 
