0.006317574 0.005640607 0.004967864 0.0009069553 0.001141549 0.001373573 0.001598741 0.001867636 0.002231934 0.002724605 0.003486774 0.004853514 7.439032e-06 148.7272 207.4948 249.6052 285.4322 326.8738 367.7278 395.2365 422.3693 439.9575 443.8681 1 
0.006334688 0.005617009 0.005002899 0.0009028039 0.0011422 0.001359476 0.001590707 0.00185868 0.002215155 0.002716532 0.003492044 0.004850716 3.797691e-25 149.6335 209.9319 249.1315 288.7927 328.7332 369.1853 400.9475 426.6587 441.1232 454.608 2 
0.006360771 0.005667344 0.004980028 0.0009049507 0.001132989 0.001360097 0.001582419 0.001850412 0.002212126 0.002694412 0.003455314 0.004802041 7.28336e-07 146.2021 203.3102 245.0368 281.4969 323.687 364.5421 391.7239 422.2416 434.0326 446.4437 3 
0.006272981 0.005582632 0.004977367 0.0009041172 0.001153198 0.001366594 0.001595691 0.001866164 0.002229289 0.002731664 0.003502128 0.004873873 0 149.766 211.3256 248.5208 287.8067 327.9916 367.9791 397.607 422.8131 441.6604 446.7238 4 
0.006497744 0.005656715 0.005053443 0.000917415 0.001147047 0.001364895 0.001593039 0.001866166 0.002215446 0.002730699 0.00351576 0.004894241 0 151.5565 211.9729 253.4339 293.9916 337.1507 376.1534 414.2407 436.4937 457.0211 464.5769 5 
0.006350503 0.005614725 0.005006078 0.0009209368 0.001153768 0.00136851 0.001587208 0.001861815 0.002219882 0.002730227 0.003506274 0.004881626 0 153.2314 213.4506 252.9069 290.3905 333.7244 370.9779 404.0847 426.939 448.3216 452.8681 6 
0.006219996 0.005679695 0.005007433 0.0008923528 0.001130085 0.001339755 0.001579521 0.001851073 0.002199752 0.002688247 0.003442708 0.004783284 0 146.082 203.7904 239.8745 280.2482 316.7662 353.4293 384.2238 407.9902 425.7635 429.6122 7 
0.006390449 0.005481644 0.004969146 0.0009141789 0.001149904 0.001385394 0.001615086 0.001897892 0.002261901 0.002780798 0.003575953 0.004985511 0 152.0542 212.7128 257.3634 295.5001 341.0984 381.5034 418.182 443.782 464.5076 471.7525 8 
0.006116452 0.005668799 0.004982646 0.0009062497 0.001130012 0.001347757 0.001571609 0.001841072 0.002193293 0.002686236 0.003423414 0.00472593 2.845898e-06 150.2412 205.7845 243.9957 278.8485 316.497 351.1707 379.4509 398.3173 419.3423 423.6329 9 
0.006309224 0.005609189 0.004980091 0.0009189029 0.001160333 0.001370769 0.001595766 0.001878006 0.002231856 0.002741449 0.003521917 0.004887792 6.291689e-06 151.4242 212.2844 249.6714 288.872 332.0346 366.7498 401.1794 422.8063 439.3785 448.7525 11 
0.00628354 0.005565783 0.00495907 0.0009158046 0.001150734 0.001373389 0.001602448 0.001888241 0.002247516 0.002741826 0.003516881 0.004894665 1.883954e-06 152.1591 211.8552 252.4099 290.4815 333.9721 369.7321 401.097 428.4078 442.5754 451.6668 12 
0.00641807 0.005699442 0.005033714 0.0009180611 0.001154462 0.001352115 0.001600944 0.001867644 0.002217707 0.002709541 0.003479708 0.00485494 1.757104e-06 150.2718 210.6004 246.1085 292.5055 327.8864 368.1505 399.6815 426.1243 443.3632 447.2522 13 
0.006593931 0.005566717 0.005057221 0.0009389842 0.001174361 0.001390491 0.001633065 0.001904503 0.002272801 0.00278898 0.003568929 0.004966267 2.316184e-06 157.3912 221.5762 263.8818 309.6774 351.1319 396.9869 430.4898 455.7398 480.4995 484.3612 14 
0.006221278 0.005640199 0.004959637 0.0008977439 0.001134906 0.001358848 0.001580593 0.001849767 0.00221282 0.002710169 0.003469845 0.004812391 3.390295e-06 148.7726 207.4024 246.9446 282.1031 322.677 361.6248 389.5874 414.2241 431.3665 439.6319 15 
0.006358751 0.005603492 0.004990907 0.0009159939 0.001150626 0.001365216 0.001599252 0.001867108 0.002218367 0.002715137 0.003481053 0.00483596 3.432719e-24 152.2761 212.5992 252.0061 293.0084 332.3089 372.0025 404.384 429.1662 447.328 457.0761 16 
0.006261878 0.005624717 0.005012335 0.0009088865 0.001154488 0.00134878 0.001587783 0.00184651 0.00220875 0.002703532 0.003465173 0.004831643 0 151.6694 213.2745 246.5577 290.4553 324.6646 366.9091 393.3545 419.5275 438.953 441.2289 17 
0.006464072 0.005684527 0.005032095 0.0009247398 0.00114306 0.00136146 0.001596812 0.001875362 0.002219077 0.002707315 0.003473335 0.00483989 6.52862e-23 151.3937 209.053 250.9017 291.9962 333.6101 369.8866 405.0416 430.89 449.1633 454.1768 18 
0.006325802 0.005670923 0.005016135 0.0009217244 0.001147353 0.001363918 0.001580899 0.001846884 0.002218878 0.002718482 0.003478765 0.004831335 1.646692e-17 151.7276 209.712 249.3757 285.4382 326.451 367.1199 392.7014 418.5803 437.5337 443.4864 19 
0.006588679 0.005621484 0.005049164 0.0009262852 0.001155731 0.001377589 0.00160864 0.001879421 0.002242495 0.002740721 0.003514554 0.004893328 0 154.5332 216.5037 259.9775 301.7974 345.4215 389.4131 421.5454 451.8783 470.1192 482.4417 20 
0.0063031 0.005619561 0.005006722 0.0009188656 0.001161615 0.001373276 0.00160621 0.001871253 0.002220632 0.002715855 0.003477963 0.004833951 7.56824e-16 151.9666 213.1139 250.447 290.8432 328.7676 367.2337 397.6584 420.3102 438.9496 443.9429 21 
0.006273665 0.005670415 0.005021288 0.0008983245 0.001140115 0.001350968 0.001586178 0.001856137 0.00220628 0.002701451 0.003457079 0.004784606 3.724366e-06 149.3611 209.3544 246.0181 286.1272 323.8916 361.3597 392.8209 415.0517 432.6112 442.6484 22 
0.006332521 0.005666853 0.00502707 0.0009164444 0.001151789 0.001349728 0.001586466 0.001858233 0.002205125 0.002706506 0.003484742 0.004853664 3.375227e-06 150.6223 210.3249 245.5114 288.7614 326.6273 363.1608 396.9718 420.4084 436.3995 443.669 23 
0.006214738 0.005630534 0.004967157 0.0009116187 0.001134837 0.001357527 0.00159328 0.001850505 0.002198022 0.00269846 0.003463996 0.004809464 0 150.47 206.8602 247.3126 285.434 320.3036 360.1174 390.7722 412.2092 429.3321 436.9809 24 
0.006313214 0.005578368 0.004937164 0.0009043427 0.001142802 0.001367574 0.001601623 0.001867934 0.002213436 0.002712076 0.003490362 0.004866656 9.035123e-06 148.9822 208.5161 249.249 288.3303 327.6802 367.1577 401.6205 426.9188 444.1086 452.7331 25 
NaN 0.004311322 0.002474993 0.001703708 0.002308827 0.002878813 0.003477114 0.004163527 0.005016347 0.006193511 0.008069243 0.01181424 0 215.6215 291.4174 330.011 346.8854 349.7911 346.1801 341.1189 337.6106 332.2668 0 26 
0.006351162 0.005651047 0.004967233 0.0009120657 0.001146334 0.001357057 0.001588924 0.001865002 0.002207839 0.002701102 0.003477099 0.004853515 0 149.3135 208.4921 246.6291 287.2972 328.1697 363.7316 398.859 424.3802 441.3051 447.0492 27 
0.006222623 0.005669117 0.005015507 0.0009194869 0.001153734 0.001361965 0.0015883 0.001855629 0.002200332 0.002697402 0.003461617 0.004814926 3.999891e-17 153.1062 212.3101 248.6369 286.6687 324.2495 358.7375 389.7824 410.5225 428.8739 432.9345 28 
0.006313363 0.005630571 0.004984455 0.0009016752 0.001140715 0.001362768 0.001574832 0.001846597 0.00220547 0.002706044 0.003479746 0.004841933 3.563927e-17 148.7975 208.6488 248.5957 283.3383 327.9003 365.8536 396.9114 422.8898 439.1325 448.981 29 
0.00616407 0.005608296 0.004953453 0.0008993741 0.001142106 0.00134912 0.001580273 0.001843655 0.002212 0.002716248 0.00348307 0.004829397 0 148.7518 207.9753 243.2754 282.4587 318.8025 359.7997 386.3869 410.5604 426.4089 436.2135 30 
0.006264968 0.005662563 0.004990877 0.0009035974 0.001136695 0.001359016 0.001580389 0.001854519 0.002212023 0.002693804 0.003452577 0.004809532 1.299009e-05 149.9656 208.5103 248.3229 283.8906 325.6296 362.4232 389.9283 418.698 433.4925 440.2894 31 
0.006371711 0.005603091 0.004981511 0.0009127646 0.001143222 0.001371663 0.001599684 0.001869409 0.002231763 0.002740633 0.003528087 0.004914631 0 150.4122 209.6293 252.373 290.3891 332.3594 373.9615 405.9474 432.1131 447.3768 457.0773 32 
0.00637308 0.005642481 0.00497448 0.0009048312 0.001131503 0.00134921 0.001591694 0.001867404 0.002213481 0.002707154 0.003481273 0.004853001 1.018528e-18 149.0544 207.0361 247.5759 289.6307 329.0411 367.1777 402.751 429.2979 446.1394 453.6495 33 
0.006238944 0.005585644 0.004958667 0.0009088018 0.001162494 0.001365532 0.001596262 0.001881797 0.002235904 0.002716743 0.003478021 0.004852871 0 149.6094 211.6734 246.0217 286.9482 328.9031 362.8772 392.4919 420.3344 436.3805 438.3878 34 
0.006448546 0.005673267 0.005015944 0.0009169955 0.001136762 0.001357681 0.001599602 0.001865724 0.002223919 0.002725114 0.003491527 0.004855509 0 149.647 206.8493 248.9034 290.7972 328.8116 371.7614 403.7869 429.2576 449.8309 454.792 35 
0.006667349 0.005555652 0.00505213 0.0009260286 0.001165764 0.001390185 0.001622334 0.00189524 0.002251538 0.002761204 0.003553265 0.004951506 0 153.1645 217.3083 261.563 304.9528 351.2096 395.6781 433.8947 462.7688 481.5681 496.3571 36 
0.006315385 0.005650574 0.004963753 0.0009132856 0.001145476 0.001362855 0.001592038 0.001856762 0.00221255 0.00272243 0.003504178 0.00487369 1.07721e-20 149.4463 208.144 247.5819 286.4631 325.5632 365.5688 397.4847 420.3261 436.3125 444.7139 37 
0.006484717 0.005671036 0.005046646 0.0009362445 0.001158766 0.001375946 0.001591437 0.001879437 0.002228899 0.002717145 0.003486301 0.004858909 0 154.7337 214.3829 256.0268 293.5189 341.2482 374.0705 408.1576 435.4063 452.7819 460.0914 38 
0.006413752 0.00573491 0.005054268 0.0009085864 0.001136339 0.001345886 0.001571828 0.001842577 0.00219455 0.002688542 0.00345587 0.004808947 4.114621e-06 149.2399 207.7848 246.2991 285.9872 326.9078 364.9135 396.927 423.0516 439.479 448.0959 39 
0.006400556 0.005589238 0.004984047 0.0009326369 0.001156072 0.001377363 0.001612531 0.001889848 0.002250928 0.002737623 0.003509392 0.004895025 0 153.4268 212.0797 254.1619 294.7981 336.2248 375.7819 404.9897 435.8354 449.9783 458.4869 40 
0.006525396 0.005590555 0.005015555 0.0009228277 0.001155148 0.001373143 0.001606005 0.001890671 0.002251325 0.002751008 0.003541181 0.004943697 1.457874e-23 152.3509 213.6719 255.6342 298.043 343.6048 383.4143 418.3556 449.3931 463.9328 476.0748 41 
0.006349965 0.0055633 0.004979757 0.0009270271 0.001158733 0.001370852 0.001606565 0.001878104 0.002234218 0.002742673 0.003516091 0.004891525 1.911009e-22 155.8526 216.8715 256.4439 298.4677 337.9796 377.5467 410.8802 433.5355 455.3936 459.8742 42 
0.006334282 0.00561349 0.004996911 0.0009258506 0.001160438 0.001379651 0.001604134 0.001880028 0.002242393 0.002755327 0.003528098 0.004897298 0 153.4725 213.922 253.9727 291.8798 334.3235 372.2252 403.907 424.7824 446.1186 449.1512 43 
0.006225617 0.005605849 0.004950566 0.0009112091 0.00113059 0.001352935 0.001584269 0.001865281 0.002225833 0.002719622 0.003490514 0.004864041 0 150.8429 206.7214 247.7157 285.1717 325.7641 362.2733 392.3033 419.6433 435.3618 441.0242 44 
0.006346047 0.005670359 0.005025379 0.0009203127 0.001151826 0.001365764 0.001590086 0.001869547 0.002219379 0.002706708 0.003468724 0.004827062 9.828782e-20 151.8552 211.1364 249.934 288.1738 330.6466 365.0445 396.4447 421.9686 438.8478 444.6779 45 
0.006290927 0.005619053 0.004987764 0.0009086776 0.001153113 0.001368498 0.001601462 0.001868456 0.002223785 0.002729917 0.003511034 0.004887951 8.225163e-25 150.4232 211.4937 249.4545 289.2242 327.8471 367.3817 398.8631 422.3968 438.326 445.7211 46 
0.006416356 0.005595222 0.005011406 0.0009235805 0.00114546 0.001357572 0.001597091 0.001861732 0.002227854 0.002729453 0.003501716 0.004880053 0 153.0908 211.785 252.4341 295.5988 333.5269 377.9263 407.701 436.0407 455.4937 462.3731 47 
0.006185062 0.005681808 0.004980037 0.0009034083 0.001148582 0.001345083 0.001567702 0.001831103 0.002191235 0.00267544 0.003434078 0.004773283 0 148.7041 208.3471 240.9031 279.647 316.7336 354.5103 379.1212 406.7647 419.1946 430.2413 48 
0.006281991 0.00566457 0.004984859 0.0009044003 0.001140343 0.001356175 0.001585202 0.001850489 0.002204399 0.002702792 0.003476357 0.004832994 0 147.1991 205.3112 243.397 281.6681 320.1685 359.1438 389.5346 414.449 428.5625 438.9926 49 
0.006212291 0.005668677 0.004995451 0.0009192637 0.001136548 0.001360479 0.001579684 0.001865728 0.002208897 0.002698907 0.003465981 0.004822136 4.802878e-20 152.5067 208.2053 249.125 283.0645 326.04 355.6744 388.863 411.6686 427.0247 432.9347 50 
0.006408433 0.005639986 0.005070542 0.0009139388 0.001160361 0.00137377 0.001598552 0.001875426 0.002232215 0.002737218 0.003517217 0.004892358 0 150.7465 213.0808 251.2258 290.7042 334.1226 371.7219 404.6757 429.0848 445.5238 454.0382 51 
0.006128263 0.005593518 0.004979738 0.0009207397 0.00114235 0.001368844 0.001593648 0.001865398 0.002235333 0.002749099 0.003520642 0.004892206 0 154.6603 211.3532 252.3682 286.7074 325.3598 363.1593 390.375 410.6021 430.9533 430.6292 52 
0.006398595 0.005570209 0.004974395 0.0009230765 0.001161577 0.001376629 0.001603856 0.001878131 0.002236055 0.002746144 0.003523479 0.004895962 4.894597e-19 152.8609 214.3147 254.0128 294.2531 337.0778 376.4194 410.5845 434.348 454.8598 463.6539 53 
0.006463788 0.005604875 0.005021928 0.0009189223 0.001151621 0.001377987 0.001605447 0.001884872 0.002230054 0.002748323 0.003524738 0.004881571 0 151.5812 212.1323 254.9962 294.0927 339.0935 375.8873 416.4528 434.531 458.3941 465.4099 54 
0.006332549 0.00561665 0.004981181 0.0009126418 0.0011435 0.001372155 0.001597499 0.001869819 0.002219235 0.002719643 0.003485701 0.004847487 3.790618e-17 150.998 209.9979 252.2246 288.8865 331.0514 368.4815 402.1736 424.6268 445.3752 449.2906 55 
0.006521377 0.005530828 0.005011831 0.0009477897 0.001156406 0.001391331 0.001621801 0.001911745 0.002274538 0.00277638 0.003559102 0.004971939 0 158.4442 217.0291 265.2297 304.6097 351.8389 390.2964 425.3988 454.5004 475.2346 479.6132 56 
0.006393646 0.005602735 0.004984522 0.0009242938 0.001153107 0.001372099 0.001597855 0.001861528 0.002224042 0.002731219 0.003511841 0.004886978 2.765305e-18 150.6442 209.332 250.1702 289.0996 329.7429 372.005 402.7148 428.9211 446.0508 456.7814 57 
0.006326165 0.005613371 0.004980326 0.0009088684 0.001149635 0.001371898 0.001593045 0.00187007 0.002230852 0.002742254 0.003519765 0.004881841 0 151.2983 212.3571 252.5265 289.3015 333.2377 371.0766 403.9364 426.5382 444.1427 454.1611 58 
0.006232636 0.005681502 0.004971778 0.0008951026 0.001126422 0.001356102 0.001576218 0.00185272 0.00219703 0.00269131 0.003432989 0.004754994 0 146.0626 202.8062 243.6124 277.5887 320.0371 353.9342 387.3189 405.9736 430.02 428.8728 59 
0.006391053 0.005683087 0.00503054 0.0009119734 0.001147088 0.00136757 0.001585477 0.001850928 0.002204622 0.002697338 0.00346165 0.004814996 0 150.3098 210.3494 250.591 287.1736 329.5372 368.5565 398.6382 424.5394 441.3533 450.0029 60 
0.006621331 0.005651348 0.004995756 0.0009293648 0.001155304 0.00136268 0.001611869 0.001886562 0.002237463 0.002751332 0.00353503 0.004907004 5.57114e-19 151.5385 212.1433 252.9842 301.1768 341.8654 384.3782 424.2073 448.2618 468.8642 480.5031 61 
0.006490093 0.00560305 0.005013708 0.0009340615 0.001150322 0.001385024 0.001608023 0.001898247 0.002255187 0.002763355 0.003553863 0.004964334 0 153.7217 211.9125 258.1458 295.1213 343.1256 379.1769 416.1865 442.3342 461.9699 465.9375 62 
0.006426702 0.005576297 0.00502247 0.0009232058 0.001152683 0.001372734 0.001613402 0.001884146 0.002246446 0.002755031 0.003527605 0.004902615 2.446587e-06 153.4028 213.6539 255.4353 297.9061 337.5507 380.3102 412.8788 437.2976 458.8621 464.1275 63 
0.006147319 0.005597484 0.00497283 0.0008984935 0.001143689 0.001359687 0.001594735 0.001865805 0.002230673 0.002725834 0.003489124 0.004848194 0 148.27 207.5904 244.3296 282.7767 320.1023 358.9798 385.3477 410.3838 425.7744 430.4297 64 
0.006451448 0.005553252 0.005000996 0.0009198383 0.001159252 0.001379589 0.001607644 0.001877234 0.002238769 0.002740069 0.003507441 0.004878144 2.7055e-23 152.5994 214.6339 255.9594 296.3531 339.344 381.8828 413.8449 440.7685 462.4165 470.1928 65 
0.006419671 0.005692363 0.005030731 0.0009045872 0.001143416 0.001357454 0.001578958 0.001863467 0.00222275 0.00271585 0.003469011 0.004827708 0 147.9512 207.9467 246.5483 284.8863 330.1429 366.604 398.6862 424.5629 448.2793 448.0912 66 
0.006464633 0.005609694 0.005031886 0.0009225855 0.001157963 0.001364966 0.001598472 0.001869861 0.002235042 0.002736559 0.003517205 0.004906707 0 152.2839 213.4093 251.9306 294.9878 335.8646 378.0832 409.0595 438.6596 456.1905 465.5524 67 
0.006303378 0.005686993 0.005018095 0.0009068783 0.001138917 0.00136063 0.001582458 0.001849736 0.002201484 0.002695671 0.003449263 0.004791296 6.211001e-20 149.9097 208.5592 248.5064 284.5842 325.1771 362.7074 392.9836 415.4794 436.0818 439.0355 68 
0.006332449 0.005564075 0.004962104 0.0009090409 0.001146184 0.001390722 0.001605736 0.001871048 0.00222742 0.002742344 0.003519509 0.004896485 1.339308e-06 150.4432 210.3347 255.4873 287.9553 332.1629 372.5631 406.2785 427.685 450.5578 454.7512 69 
0.006525191 0.005567005 0.005015049 0.000929425 0.001164033 0.001379514 0.001615755 0.001900874 0.002259118 0.002769002 0.003550557 0.004949091 0 155.0865 217.8036 259.3569 303.0546 347.9578 387.2109 424.5718 449.8552 473.2651 476.8949 70 
0.006253012 0.005531007 0.004935923 0.0009241143 0.001163748 0.001376668 0.001612741 0.001881866 0.002247334 0.002752336 0.003525606 0.00490714 5.417675e-06 153.1159 213.7451 251.8654 292.8902 331.0987 372.0151 400.6665 425.3228 444.1914 448.0881 72 
0.00603225 0.005649887 0.00492782 0.0009026495 0.001136533 0.001353532 0.001578317 0.001850047 0.002195306 0.002694037 0.003443695 0.004771776 0 147.7258 203.7178 240.1624 274.6454 311.8947 344.0541 374.3445 391.0141 411.7355 410.7688 73 
0.006375312 0.005563715 0.004991199 0.000919801 0.001154715 0.001373084 0.001604831 0.00188206 0.002245246 0.002742131 0.003526289 0.004925683 0 153.3597 214.3877 255.1155 295.665 338.1038 378.1237 408.8266 438.9442 453.2543 462.0444 74 
0.00637641 0.005646891 0.005020608 0.0009106714 0.00114088 0.001359404 0.001594417 0.001866993 0.002210466 0.002687542 0.003443777 0.004796709 0 150.3249 209.2401 249.5356 289.8798 329.9429 367.1879 399.223 427.1881 443.4388 450.876 75 
0.006332706 0.005637425 0.005017267 0.0009134075 0.001151795 0.001367998 0.001604099 0.001881157 0.002232588 0.002719135 0.003495637 0.004882616 0 151.4067 211.9198 250.7849 291.2974 331.4454 368.2554 399.1452 427.4616 440.5771 446.6374 76 
0.006525793 0.005646006 0.005024654 0.0009284698 0.001161021 0.001370616 0.00161478 0.001878551 0.002250733 0.002750938 0.003519933 0.00491468 0 153.0698 214.5997 254.4149 299.9539 337.8785 384.8466 412.7011 442.176 463.9331 464.9275 77 
0.006593356 0.005496753 0.004980576 0.000949992 0.001184376 0.001391004 0.001649229 0.001924467 0.002281435 0.002798821 0.003617711 0.005071524 0 159.4939 224.4018 265.5461 317.1293 356.4331 401.0279 439.6601 469.038 484.4045 496.035 78 
0.006087333 0.00566583 0.004967994 0.0009014561 0.001134283 0.00133466 0.001579225 0.001849326 0.00220396 0.002693861 0.003451499 0.004796436 0 149.2145 206.0972 239.871 281.2408 314.2854 350.391 377.6998 401.071 416.2985 419.6758 79 
0.006196621 0.005650309 0.004982583 0.0009021262 0.001132187 0.001342541 0.001569454 0.001842128 0.00219986 0.002694902 0.003453671 0.00479975 0 149.4188 206.6269 243.66 281.3172 320.0939 356.7042 385.9884 410.3752 428.9329 434.1361 80 
0.006404153 0.005648496 0.004990033 0.0009076557 0.001145443 0.001368913 0.001583336 0.001848024 0.002212305 0.002714659 0.003479378 0.004838433 0 148.1002 207.9872 248.8452 284.7879 328.5899 370.3601 400.2226 425.975 447.0206 452.7727 81 
0.006206357 0.005629752 0.004966279 0.0008876731 0.001149931 0.001358625 0.001588745 0.001866843 0.002216715 0.002717067 0.003484909 0.004847494 0 148.0751 211.2678 245.6751 284.8401 325.3223 360.1301 393.235 414.9718 434.0445 437.0124 82 
0.006355262 0.005623009 0.005019386 0.0009228839 0.001145256 0.001368911 0.001596237 0.001882796 0.002230948 0.002721408 0.003481046 0.00483348 4.930966e-06 152.1229 209.8409 251.8003 289.6061 333.666 367.1745 401.4291 425.2602 444.0823 449.6794 83 
0.006184968 0.005667315 0.004925025 0.0009090224 0.001143585 0.001358987 0.001583973 0.001849536 0.002199417 0.002693011 0.003451222 0.004792655 5.35627e-23 147.9755 205.2991 242.6149 279.1069 317.1005 353.4084 382.6191 404.7379 422.1505 427.0121 84 
0.006377844 0.00565249 0.005058187 0.0009217644 0.00113541 0.00136411 0.001589491 0.001864092 0.002217073 0.002712513 0.003483919 0.00484802 7.792355e-23 152.2075 208.5352 252.3158 288.8859 330.991 368.2928 400.4685 426.2786 442.2601 450.8854 85 
0.006598459 0.005571292 0.005058886 0.0009302623 0.001157428 0.001376461 0.001614437 0.001900601 0.002247835 0.002758784 0.003543915 0.004934827 0 154.4509 216.0188 259.4797 303.6795 349.3545 387.4475 429.6951 453.6918 477.0098 484.3332 86 
0.006601689 0.005650325 0.005100802 0.0009355024 0.001159351 0.001384557 0.001608617 0.001882033 0.002249739 0.002771078 0.003561185 0.004954183 4.185163e-06 155.0546 216.1461 260.6149 300.2043 345.4679 388.2261 422.5797 447.1513 468.21 476.5225 87 
0.006304944 0.00562593 0.004997727 0.0009013978 0.001146942 0.001361583 0.001587539 0.001857025 0.002214355 0.002714788 0.003469711 0.004807154 0 148.1095 208.6277 246.2449 284.7274 325.5092 364.5835 395.4834 417.8507 439.3699 444.772 88 
0.006259607 0.005657427 0.004941884 0.0008996371 0.001136628 0.001356283 0.001591575 0.001862959 0.002217008 0.002705726 0.003476136 0.004843662 1.66529e-06 147.9092 206.6321 245.5961 284.6593 323.4098 361.847 391.5616 418.8269 432.0673 439.139 89 
0.006181956 0.005656752 0.004951551 0.000907987 0.001134571 0.00134693 0.001575154 0.00183706 0.002198509 0.002685483 0.003444691 0.004797063 1.887365e-06 149.279 205.7973 243.4512 281.1108 317.5422 357.1327 382.1959 409.3277 424.3673 429.5627 90 
0.006433618 0.005578452 0.005007404 0.0009158814 0.001142869 0.001381627 0.001614622 0.001893097 0.002245301 0.002759606 0.003548094 0.004940512 0 151.4942 210.5069 256.1525 294.1287 337.7091 376.8129 414.9138 437.9954 458.3798 465.2274 91 
0.006395614 0.005681748 0.005067426 0.0009102726 0.001142757 0.00135711 0.001603799 0.001876517 0.002229708 0.002733099 0.003504888 0.00486195 0 150.1044 209.4233 248.5021 291.6039 328.9744 368.5868 402.0963 425.0693 442.04 450.5531 92 
0.006427314 0.005581806 0.005000832 0.0009190198 0.001156886 0.001389111 0.001608211 0.001884193 0.002242032 0.002750478 0.003534582 0.004913323 0 152.5306 214.0569 257.5517 293.6988 339.8498 378.7597 412.9886 437.9293 454.705 466.8054 93 
0.006145893 0.005705074 0.00499636 0.0009010595 0.001133165 0.001341283 0.001558264 0.001832197 0.002173364 0.002658485 0.00341494 0.004749464 3.186738e-06 148.1879 205.0176 240.609 275.7701 315.6481 346.8505 377.5049 400.2846 415.8756 421.2054 94 
0.006523697 0.005597592 0.005017902 0.0009295678 0.001163503 0.001371095 0.001599221 0.001871772 0.002245168 0.002752366 0.003524323 0.004900142 0 153.126 214.9062 254.4829 297.4745 340.8454 384.7828 415.2559 443.6866 465.1873 473.4976 95 
0.00629539 0.005639961 0.004994998 0.0009196713 0.001149674 0.001365068 0.001593493 0.001871249 0.002226855 0.002724456 0.003489053 0.00484442 0 150.8482 208.9929 247.8288 286.2371 327.0905 363.0584 394.1891 417.7414 435.7357 441.7359 96 
0.006381996 0.005654338 0.005040339 0.0009067375 0.001152237 0.001376808 0.001595661 0.001856585 0.002219831 0.002717947 0.003488925 0.004849205 3.388351e-18 149.5398 211.1091 251.2891 287.4683 329.2253 371.4555 399.1612 426.0767 440.7607 452.5487 97 
0.006440377 0.005545 0.005012768 0.0009343956 0.00117249 0.001392333 0.001618894 0.001893518 0.00226648 0.002778017 0.003559511 0.004949106 0 155.5762 218.1309 259.4354 299.3846 343.1633 385.4439 415.4442 442.1288 461.0551 470.0862 98 
0.006611679 0.005624238 0.005055074 0.0009288808 0.001166557 0.001380768 0.001621356 0.00189535 0.002254351 0.002749451 0.003517022 0.004904481 0 153.6087 217.0619 258.3849 303.8627 346.4213 389.7718 422.9439 451.7971 473.4753 477.3779 99 
0.006113498 0.005690612 0.004969933 0.000912439 0.001136975 0.001343744 0.001582495 0.00184173 0.002189311 0.002687018 0.003443757 0.004789777 0 150.869 206.676 242.4406 281.669 313.583 350.347 379.0192 398.6368 418.5592 418.1487 100 
