0.4990714 0.2005943 0.8996586 0.04643659 0.06810681 0.08967421 0.1155573 0.1467913 0.1806549 0.2381328 0.3185823 0.4872987 0.9999998 9770.943 14647.34 20975.28 27235.32 33261.55 38698.19 42517.2 46280.2 48640.68 50898.88 210414.8 1 
0.5017615 0.202492 0.8977612 0.04826389 0.06829076 0.093672 0.1162888 0.1419831 0.1847577 0.2416105 0.3245246 0.4932765 0.9999999 10064.59 15114.61 21137.46 27927.26 33502.03 37838.29 42463.99 46337.02 48747.12 50637.72 208532.5 2 
0.5017019 0.1995599 0.8992676 0.04876893 0.06926876 0.08904169 0.119982 0.1459066 0.1805104 0.234702 0.3274388 0.5028462 0.9999993 10312.81 15486.77 21703.14 27558.58 34288.68 39100.93 42755.86 46105.39 49454.66 51999.7 211462.7 3 
0.4975147 0.2007068 0.8988324 0.04700858 0.07230705 0.09272502 0.1149059 0.1454345 0.186116 0.2426221 0.3242205 0.4936455 0.9999997 9935.086 14877.94 21965.44 28253.58 33535.68 38505.94 43021.38 46723.23 48871.27 50680.94 211346.2 4 
0.4995946 0.2000702 0.8988876 0.04968605 0.06878709 0.09189638 0.1188758 0.1434787 0.1850609 0.2432179 0.3274067 0.485035 0.9999998 10516.33 15770.23 21714.5 28060.95 34238.79 38608.85 43044.65 46948.39 49375.46 50494.96 211655.5 5 
0.4987115 0.2016066 0.8987184 0.04855393 0.07011344 0.09050929 0.1202187 0.1486165 0.1795459 0.2397228 0.3285706 0.5029427 0.9999998 10118.53 15164.76 21464.87 27392.62 33820.4 38792 41897.8 45599.01 48483.82 50637.04 208397.7 6 
0.5017265 0.1988418 0.9019882 0.04684373 0.06832842 0.09060022 0.1172763 0.1465294 0.1790629 0.2353843 0.3266454 0.4786015 0.9999999 9891.458 14854.26 21205.05 27628.03 33860.38 39045.34 42594.42 46195.87 49518.77 50833 211158.6 7 
0.5070326 0.1951064 0.9008947 0.04754968 0.07362996 0.08889576 0.1181554 0.1422619 0.1856515 0.2364738 0.3343666 0.493262 1 10163.74 15317.08 22756.29 28303.57 34653.56 39127.14 43968.1 47322.1 51015.04 52399.77 213749.8 8 
0.4989986 0.1961892 0.9044646 0.04612429 0.06915596 0.09071467 0.1191371 0.1434199 0.1865897 0.242864 0.320968 0.5051478 1 9903.124 14844.77 21570.8 28057.53 34652.49 39190.78 43960.96 47774.55 49693.75 52427.06 214705.2 9 
0.5031622 0.2032497 0.8953889 0.04696407 0.06918082 0.09299455 0.1211172 0.1374689 0.1819705 0.2354034 0.3338538 0.4943534 0.9999997 9726.863 14621.05 21012.08 27658.44 34100.22 37291.79 41751.66 45334.32 49189.31 50770.11 207112.9 10 
0.6703447 0.1236623 0.8727785 0.0646178 0.08590767 0.1074697 0.1339103 0.1619506 0.2090205 0.2660639 0.3623175 0.9999973 0.9999978 15832.65 26445.98 37416.86 47596.9 56945.36 64400.04 71537.97 76517 79838.99 103761.2 245019.9 11 
0.4995019 0.2035925 0.8965765 0.05097786 0.06801812 0.09206184 0.1130036 0.1474363 0.18109 0.2337492 0.3204957 0.4845041 0.9999999 10628.99 15938.18 21420.1 27676.88 32745.59 38253.08 42036.92 45234.88 48059 50163.03 208502 12 
0.5056185 0.2015613 0.8996677 0.0472488 0.07021061 0.09358358 0.1183763 0.1443253 0.1829391 0.2377686 0.3156044 0.4788273 0.9999999 9838.45 14812.95 21418.65 28092 33995.97 38463.2 42521.89 46003.38 48051.72 50038.13 208226.4 13 
0.4898741 0.2042545 0.8994226 0.04549781 0.06749345 0.090422 0.1180693 0.1453044 0.1856892 0.2347755 0.3322684 0.4997329 1 9453.673 14084.78 20285.7 26660.39 32921.91 37684.77 42006.48 44819.85 48209.92 49982.76 207783 14 
0.5013128 0.1984308 0.9025575 0.04677245 0.06982417 0.08975138 0.1189766 0.1420323 0.1814875 0.2389834 0.3203858 0.4875063 0.9999998 9933.27 14912.95 21611.33 27734.74 34296.98 38642.09 42885.9 46843.25 49339.92 51473.68 212374.4 15 
0.5039597 0.1984464 0.8982489 0.04752898 0.0719918 0.08963439 0.1172325 0.14453 0.1871489 0.2375019 0.3264657 0.4853987 0.9999999 9997.814 15036.31 22001.55 27753.64 33830.02 38644.82 43397.81 46547.91 49322.79 50758.22 210351.9 16 
0.4990445 0.2017458 0.8990241 0.04814566 0.06856867 0.08893136 0.1211124 0.1448341 0.1870012 0.2320852 0.3224109 0.5126071 0.9999995 10091.91 15128.22 21230.49 27121.9 34040.85 38540.16 43029.96 45484.83 48313.41 51705.29 209612.1 17 
0.5093373 0.1916816 0.9020971 0.04887083 0.06891074 0.0949738 0.1192366 0.1466423 0.1772572 0.2391254 0.3202689 0.4819986 0.9999999 10595.51 15992.2 22355.57 29621.56 35806.61 40680.73 43870.6 48039.67 50653.02 52585.88 216806.4 18 
0.4930988 0.206089 0.8982806 0.04742913 0.06951287 0.09142074 0.1146856 0.1415412 0.1882624 0.2393494 0.3202626 0.5119763 0.9999999 9840.051 14692.17 20982.41 27157.83 32553.08 36988.34 42144.7 45452.55 47522.59 50718.81 207468.5 19 
0.502286 0.196506 0.8983348 0.0467733 0.07224296 0.08950981 0.1195149 0.1431694 0.1776603 0.2455948 0.3156166 0.4943761 0.9999999 9963.91 14968.64 22188.32 28007.8 34568.2 38985.81 42572.34 47518.64 49205.82 51877.74 213025.6 20 
0.665202 0.1261783 0.8709675 0.0632401 0.08514597 0.1055751 0.12681 0.1622985 0.2070217 0.2598432 0.3691774 1 1 15415.45 25669.83 36518.29 46346.95 54524.22 62749.19 70035.35 74749.31 79337.99 103379 243760.6 21 
0.6590153 0.1247175 0.8799011 0.06628637 0.08591027 0.1050908 0.1299621 0.1604784 0.2029709 0.2587791 0.3831808 1 1 16373.32 27163.59 37715.18 47010.28 55499.95 62917.31 69433.82 74180.79 80081.61 102991.2 247008.8 22 
0.5079841 0.1994016 0.8916553 0.04788405 0.06983877 0.09140914 0.1176017 0.1440656 0.1785737 0.2349338 0.3258504 0.4879735 0.9999998 10095.14 15223.31 21751.9 28116.7 34233.23 38955.6 42669.06 46401.38 49809.05 51791.06 210824.7 23 
0.5046951 0.1987099 0.8931959 0.04751646 0.07129619 0.0911093 0.1145183 0.146301 0.1837069 0.2384223 0.3328123 0.4944452 1 10004.63 15053.91 21895.82 28019.64 33526.92 38850.45 43115.49 46664.84 50027.21 51491.54 210550.8 24 
0.4982055 0.2016634 0.9014241 0.04721104 0.06771617 0.09354575 0.1151531 0.1443529 0.1814143 0.2348684 0.313519 0.4985557 0.9999999 9932.49 14880.91 20987.62 27937.84 33425.36 38289.8 42343.15 45753.53 47979.1 51395.72 210384.9 25 
0.5025864 0.2002042 0.9007152 0.04866031 0.06840189 0.0959558 0.1146982 0.1519608 0.1767976 0.2404256 0.3228218 0.5158923 0.9999999 10229.49 15370.69 21405 28635.68 33711.12 39602.54 42260.86 46267.82 48779.42 52139.41 210222.5 26 
0.5060302 0.1945046 0.8980328 0.04833333 0.07214949 0.09033343 0.1191027 0.1386514 0.1877856 0.2355635 0.3215705 0.4952887 0.9999998 10385.5 15640.87 22668.37 28610.14 35033.99 38808.48 44230.16 47437.61 50151.64 52699.78 214872.3 27 
0.6632392 0.1249715 0.8760969 0.06254551 0.08283915 0.1106986 0.1208683 0.1659445 0.2046741 0.262324 0.3726928 0.9999976 0.999996 15323.38 25486.44 35929.47 47148.1 53912.52 63085.65 69954.37 75053.77 79812.65 103487.3 244995.7 28 
0.4991606 0.2011503 0.9001684 0.04723339 0.07173058 0.09050211 0.1163313 0.1440359 0.1818348 0.234195 0.3239898 0.4966708 0.9999999 9917.802 14868.38 21771.88 27674.49 33462.32 38200.62 42298.32 45592.58 48691.7 51180.36 209974.4 29 
0.5047515 0.1978079 0.8958609 0.04868035 0.06768188 0.09009297 0.1174634 0.1485633 0.1836311 0.2294909 0.3248457 0.4920361 0.9999997 10348.15 15571.4 21546.68 27861.7 34214.35 39762.43 43741.77 46229.65 49674.93 52010.3 212573.5 30 
0.4968686 0.1968411 0.9063016 0.04620398 0.0712069 0.09080726 0.118966 0.1440211 0.1842316 0.2364872 0.3291437 0.4911818 1 9891.219 14805.86 21896.02 28100.73 34475.12 39008.21 43338.31 46619.42 49821.6 51442.51 214077.2 31 
0.5061614 0.1989529 0.8993985 0.047438 0.0691839 0.08892014 0.1199827 0.1487521 0.1807414 0.2376625 0.3211823 0.4944364 0.9999991 9987.27 15042.44 21488.45 27475.46 34312.77 39631.04 43086.78 46615.22 49151.31 51584.77 210533.1 32 
0.5017366 0.196758 0.8965036 0.04697288 0.07170849 0.09114464 0.1146593 0.1471094 0.185687 0.2372126 0.3182145 0.4880274 1 10022.89 15051.74 22134.17 28311 33876.25 39342 43794.88 46997.88 49186.98 51453.38 213376.2 33 
0.5061998 0.1994254 0.8977204 0.04907829 0.06834502 0.09407947 0.1125972 0.1464896 0.182998 0.2379287 0.3251861 0.4997967 0.9999999 10324.59 15550.9 21543.96 28439.43 33406.87 38858.86 43072.16 46661.51 49511.33 51916.02 210369.8 34 
0.5096605 0.200666 0.8963411 0.04744506 0.07120264 0.09129439 0.1173805 0.1501297 0.1829501 0.2328699 0.3262991 0.495033 0.9999996 9872.203 14903.67 21708.48 27870.49 33840.49 39413.68 43044.64 45813.26 49012.77 51210.12 208076.5 35 
0.4929857 0.2046901 0.8989986 0.04752477 0.07046046 0.09373391 0.1160933 0.1427577 0.1841677 0.2379424 0.3237764 0.4838242 0.9999999 9907.771 14792.16 21283.53 27793.59 33121.45 37436.01 41798.42 45210.6 47802.1 49347.35 208475.9 36 
0.4964366 0.2011637 0.9015156 0.04849372 0.0716978 0.0890595 0.1173978 0.1427553 0.1879257 0.2406963 0.323041 0.497302 0.9999993 10166.29 15213.21 21854.33 27340.72 33375.81 37822.23 42760.48 46174 48344.3 50492.92 209641.4 37 
0.5010337 0.2003324 0.9033349 0.04770194 0.07168631 0.0909511 0.1157358 0.150086 0.1781188 0.243209 0.3123009 0.5034559 1 9998.199 15007.63 21827.86 27788.87 33417.49 39097.68 42137.22 46416 47845.84 51233.43 209597.3 38 
0.4962432 0.2017414 0.9026072 0.04569324 0.07024274 0.09187251 0.1159016 0.1454165 0.1851894 0.2357592 0.3217523 0.4922541 0.9999999 9591.351 14350.99 21192.34 27627.38 33312.87 38275.64 42658.87 45716.98 48290.04 50531.17 209907.5 39 
0.4987019 0.1971029 0.8961126 0.04806068 0.06989025 0.09334523 0.1140102 0.149566 0.1799437 0.2368445 0.3289066 0.5006541 1 10279.12 15405.34 21912.25 28604.41 33839.79 39627.64 43041.02 46590.9 49863.69 52068.96 213878 40 
0.5013782 0.1984551 0.8970507 0.04727784 0.06991814 0.09141132 0.1189458 0.1473077 0.1796254 0.2385075 0.3252044 0.4788991 1 10042.62 15077.77 21709.31 28090.45 34425.91 39456.28 42860.98 46628.86 49480.67 50746.33 212417 41 
0.494196 0.2007689 0.9008566 0.04796097 0.06802834 0.09088355 0.1193625 0.1427829 0.1879951 0.2376279 0.3206953 0.4882087 0.9999996 10116.29 15115.72 21130.98 27451.74 33875.05 38134.5 42991.89 46029.44 48246.17 50212.09 210927.5 42 
0.5041467 0.1985697 0.903348 0.04712935 0.06654333 0.09240202 0.1183553 0.1467641 0.1870913 0.2374925 0.3300575 0.4903986 0.9999999 9966.479 14991.05 20966.45 27950.57 34296.23 39379.81 43879.57 46914.59 49924.86 51321.6 211470.8 43 
0.661929 0.1248415 0.8757923 0.06614143 0.08314819 0.10704 0.1309941 0.163291 0.2157368 0.2581422 0.383275 1 1 16228.45 26970.53 36904.44 46915.03 55627.95 63441.3 71420.04 74889.28 79987.66 101888.8 245359.8 44 
0.5044041 0.1966553 0.89872 0.04822647 0.06758887 0.09365375 0.1187133 0.1444349 0.1776175 0.2426528 0.3216418 0.4902407 0.9999999 10251.41 15422.26 21453.4 28488.24 34666.61 39249.18 42695 47260.97 49663.89 51752.49 212568 45 
0.5037294 0.1974881 0.8976873 0.04844612 0.06728226 0.09050823 0.118119 0.1459965 0.1804839 0.2365736 0.3251811 0.5010984 0.9999992 10304.49 15495.17 21423 27877.35 34322.73 39394.97 43182.11 46821.47 49892.25 52488.32 212700.1 46 
0.5038017 0.1977927 0.9016436 0.04902865 0.06905056 0.09370203 0.1168125 0.1478445 0.1836037 0.2355483 0.3222506 0.489736 1 10349.44 15563.51 21702.15 28444.53 34114.72 39302.19 43204.22 46278.68 48951.15 51066.64 211089.7 47 
0.4982006 0.2013845 0.8958119 0.04911289 0.06835633 0.09255707 0.1152776 0.1466903 0.1817297 0.2399821 0.3249133 0.494999 1 10338.79 15489.58 21399.94 27922.33 33419.12 38611.88 42453.78 46238.25 48851.05 50887.99 210510.8 48 
0.5086386 0.1924618 0.8950895 0.0492331 0.06768648 0.09684388 0.1144813 0.1458395 0.1826068 0.2436162 0.3179954 0.489389 0.9999998 10661.72 16084.69 22117.55 29839.8 35025.07 40204.48 44395.02 48693.22 50548.28 52770.38 216556 49 
0.4898719 0.2107186 0.9006715 0.04685584 0.06744146 0.0945044 0.1166795 0.1466548 0.1831627 0.2349482 0.3265363 0.4958956 0.9999999 9548.08 14225.42 20067.62 26948.01 32337.81 37087.91 40812.34 43718.79 46644.11 48651.28 203775.7 50 
0.5067489 0.1987637 0.8990118 0.04841245 0.06978924 0.093669 0.1152465 0.1512647 0.1800611 0.2362709 0.3260685 0.5099568 1 10227.86 15410.82 21839.66 28583.98 34018.06 39921.83 43147.43 46521.39 49562.44 52506.8 211265.1 51 
0.5015325 0.1971142 0.9041832 0.04554613 0.07235488 0.08981271 0.1177624 0.1439798 0.1873005 0.231795 0.3182897 0.5085503 0.9999998 9694.831 14557.1 22000.67 27960.4 34223.6 38953.56 43800.61 46371.38 48999.55 52614.14 212857.4 52 
0.4942709 0.2027129 0.9025219 0.04625567 0.06950601 0.09426315 0.1118645 0.1478725 0.1851602 0.2418976 0.3254053 0.5009209 1 9678.658 14462.54 21019.31 27893.25 32601.2 38202.24 42450.61 46071.22 48357.89 50472.04 209242.7 53 
0.4999723 0.2035367 0.8976163 0.04671073 0.06933286 0.09346081 0.1148596 0.143663 0.187682 0.2268065 0.3263764 0.4936469 0.9999998 9703.78 14555.4 21007.85 27728.89 33054.66 37772.89 42654.32 44658.86 48289.11 50593.78 207742 54 
0.5009333 0.2018815 0.8988758 0.0471148 0.07009107 0.09055223 0.1148884 0.1487625 0.1841846 0.2314365 0.3282931 0.4916856 0.9999998 9852.972 14788.65 21375.45 27487.6 33131.22 38786.68 42816.34 45422.17 48890.19 50784.71 209126.9 55 
0.6631504 0.1235157 0.8758075 0.06437074 0.08314479 0.104707 0.1320221 0.1614451 0.2018492 0.2691484 0.3813836 1 1 15981.72 26580.01 36940.62 46797.73 56207.89 63994.41 70451.73 76534.2 81629.69 104214.6 248276.2 56 
0.496097 0.1991228 0.8931835 0.04661556 0.07076417 0.09294059 0.1137045 0.1440001 0.1915247 0.2320802 0.3269062 0.4949451 1 9858.406 14749.13 21584.81 28121.22 33274.23 38196.61 43642.72 45842.52 48909.91 50930.99 211483.2 57 
0.4974653 0.2028691 0.9007285 0.04858035 0.07183536 0.09160682 0.1163474 0.1448917 0.1831497 0.238075 0.3205513 0.489835 0.9999999 10159.5 15213.49 21861.14 27792.67 33344.06 38066.2 42152.83 45620.96 47984.18 50127.55 209127.7 58 
0.5020038 0.1981057 0.903529 0.0482951 0.0702793 0.09022044 0.1169913 0.1453836 0.1812994 0.2398166 0.3259686 0.5035484 0.9999998 10216.94 15345.89 21853.41 27858.47 33908.41 38884.12 42819.2 46727.26 49528.66 52009.83 211552.4 59 
0.6568048 0.1275445 0.8731488 0.06520312 0.08312519 0.1063677 0.1313161 0.1606566 0.1982151 0.2671433 0.3772502 1 1 15931.56 26395.49 36322.96 46132.57 54875.13 62160.03 67873.72 73806.49 78723.57 101636.8 244337.4 60 
0.5021533 0.2023478 0.8964788 0.04582511 0.07166486 0.09188017 0.1157797 0.1470083 0.1826365 0.2281389 0.3294909 0.4905612 0.9999999 9493.553 14260.77 21327.49 27570.53 33139.13 38303.18 42189.95 44623.85 48535.9 50455.53 207169.2 61 
0.5013344 0.1974481 0.9032506 0.04690427 0.07036981 0.09056215 0.1175357 0.144186 0.1855998 0.2355897 0.3166307 0.497571 0.9999999 9961.923 14956.18 21742.76 27942.54 34123.57 38882.95 43481.95 46597.27 48837.59 51843.08 212388.4 62 
0.5011238 0.2048902 0.8956438 0.04753636 0.06785666 0.09220591 0.1180081 0.1460874 0.1836554 0.2343319 0.3253254 0.4847626 0.9999999 9825.121 14748.72 20749.29 27318.02 33347.84 38175.25 42172.1 45133.57 48129.27 49766.28 206686.4 63 
0.49722 0.2061123 0.9040932 0.04684521 0.07064411 0.08897917 0.112617 0.1471612 0.1809532 0.2347749 0.3188843 0.5069223 0.9999999 9684.124 14499.26 21129.17 26799.89 32113.11 37753.07 41617.75 44970.86 47593.94 50986.33 206726 64 
0.5091906 0.1919595 0.8993042 0.04808459 0.06940046 0.09146585 0.1147763 0.1479672 0.1864144 0.2314164 0.3257826 0.4962158 0.9999996 10440.23 15756.29 22366.77 28981.31 34813.68 40615.7 45250.57 47856.1 51217.49 53652.26 217122.1 65 
0.4935885 0.2018846 0.8993701 0.04784038 0.07097223 0.09191544 0.1171335 0.1437906 0.1817978 0.2398136 0.3214198 0.496494 0.9999998 10084.74 15062.44 21679.84 27840.36 33575.92 38068.81 42060.43 45876.18 48233.53 50630.41 210799.7 66 
0.5041815 0.1989173 0.9034603 0.04752524 0.06975294 0.09037093 0.1169797 0.1471002 0.1824841 0.2344653 0.3345048 0.4928423 0.9999999 10024.65 15078.89 21616.46 27788.45 33897.52 39172.83 43114.62 46279.28 50136.76 51559.13 210933.2 67 
0.4994525 0.2008683 0.9038031 0.04567913 0.06950646 0.09284737 0.1151911 0.144036 0.184543 0.2388914 0.322289 0.4997584 0.9999998 9603.303 14399.7 21137.09 27890.23 33437.72 38283.53 42790.54 46357.89 48809.57 51339.83 210233.9 68 
0.6664037 0.1271299 0.8671995 0.06623023 0.0842888 0.1059768 0.1279389 0.1610129 0.1971252 0.2736807 0.3772582 1 1 15975.85 26622.22 36726.44 46332.97 54468.06 62189.53 68038.28 74985.8 79651.32 102073.7 241216.9 69 
0.4984379 0.2041398 0.8974227 0.0479037 0.06656268 0.09380973 0.1129457 0.1459735 0.1825426 0.2319591 0.3256814 0.4984938 0.9999999 9958.858 14922.73 20613.1 27606.58 32670.34 37963.68 42075.78 45022.66 48376.22 50880.9 207893.3 70 
0.5050475 0.198616 0.9022301 0.04863545 0.07228939 0.09121502 0.1175583 0.1478153 0.1823133 0.2368801 0.3247909 0.4909924 0.9999999 10261.75 15444.43 22310.93 28254.21 34164.65 39329.46 43065.35 46400.48 49226.9 51188.95 210993.3 71 
0.6698814 0.1242742 0.8678976 0.06735012 0.08632397 0.1047178 0.1318481 0.1622428 0.2048605 0.2559057 0.372874 0.999993 0.9999893 16495.3 27545.2 38170.44 47424.8 56404.79 64102.58 70780.85 75066.99 80266.56 104192.2 244918.7 72 
0.4942615 0.2031637 0.8949576 0.04790288 0.06746183 0.09093574 0.12004 0.1415402 0.1848149 0.2367837 0.3373182 0.4988775 0.9999995 10016.3 14966.98 20827.89 27176.6 33691.17 37672.17 42181.69 45456.95 49223.23 50551.64 209096.1 73 
0.6684988 0.1233202 0.8705476 0.06624784 0.0860583 0.1091589 0.1309307 0.1649947 0.189868 0.2740604 0.3739142 0.9999939 0.9999891 16339.46 27262.36 38044.24 48408.57 56911.43 64932.12 69242.23 76499.12 81061.39 104290.5 246641.3 74 
0.5085646 0.1966936 0.8996106 0.04889425 0.07022798 0.09332179 0.1183397 0.1458214 0.187889 0.2375259 0.3287988 0.4863533 0.9999998 10356.48 15623.42 22093.46 28716 34701.5 39482.05 44109.74 47103.78 49994.86 51278.43 211813.8 75 
0.5000604 0.1994394 0.8962259 0.04621104 0.06964711 0.09149525 0.1158838 0.1483418 0.181582 0.2445346 0.3215198 0.5138152 1 9772.242 14658.95 21378.02 27859.38 33687.35 39204.51 42913.59 47149.49 49095.66 52219.2 211469.8 76 
0.5014856 0.2011522 0.8990249 0.04526072 0.06986636 0.09002657 0.1158675 0.1449873 0.1807833 0.2489092 0.3123703 0.4816138 0.9999998 9465.713 14212.63 21077.77 27290.06 33267.36 38347.08 42326.63 47276.95 48263.8 50236.67 209137.5 77 
0.4957636 0.2029167 0.9005533 0.04492577 0.06940573 0.0907046 0.1140049 0.1472909 0.183565 0.2320606 0.3319343 0.4986283 1 9373.327 14020.28 20781.02 27122.43 32669.45 38200.64 42322.71 45117.54 48879.09 50838.35 208640.3 78 
0.5058539 0.1973667 0.9024512 0.04774857 0.07234352 0.09205441 0.1173236 0.1474868 0.1858529 0.2316739 0.3254251 0.5027958 0.9999998 10077.18 15174.76 22215.06 28399.35 34225.18 39348.91 43577.58 46068.7 49232.66 51928.58 211046.8 79 
0.5070755 0.1943663 0.8998024 0.0468198 0.0697548 0.09513658 0.1148717 0.1454792 0.1762148 0.2447844 0.3203325 0.4842415 0.9999999 10058.63 15159.11 21971.09 29263.96 34639.6 39760.75 43135.66 48163.08 50404.72 52254.43 214837 80 
0.5032085 0.1967266 0.899805 0.04554913 0.07191 0.09117953 0.1132367 0.1449471 0.1833568 0.2401637 0.3231651 0.4984369 1 9668.481 14533.74 21882.21 28155.59 33518.41 38831.04 43297.44 47199.72 49733.59 52149.88 212264.9 81 
0.5061358 0.1916423 0.9051555 0.0489504 0.07001288 0.09088226 0.1171583 0.1420442 0.1885322 0.230635 0.3186503 0.485072 1 10634.4 16016.85 22572.34 28887.55 35086.88 39664.73 45021.11 47549.67 50388.82 52804.97 217248.4 82 
0.5009987 0.1987395 0.900669 0.04926902 0.07203739 0.09162697 0.1187453 0.1486453 0.1834882 0.2374089 0.3226996 0.5107305 0.9999998 10411.41 15627.51 22302.12 28255.66 34265.69 39351.11 43028.38 46186.87 48669.66 51750.44 211317.6 83 
0.5067663 0.195397 0.8986554 0.04809093 0.07147356 0.08946044 0.118223 0.1444745 0.1774672 0.2409583 0.320442 0.4871053 0.9999998 10281.08 15491.19 22395.51 28253.56 34658.68 39482.52 43042.66 47537.32 50057.46 52191.48 213784.3 84 
0.5089633 0.1976736 0.8932279 0.04802966 0.06912483 0.09612339 0.1157043 0.1464765 0.1832918 0.2362446 0.3275647 0.492727 1 10092.4 15229.06 21578.49 28881.66 34173.86 39194.13 43232.76 46514.3 49630.22 51514.24 210128.5 85 
0.6571637 0.1288149 0.874689 0.0647183 0.08092782 0.1056899 0.1343395 0.1599252 0.2024275 0.2583612 0.378397 1 1 15641.98 25921.31 35328.38 45174.39 54647.18 61634.4 67855.31 72434.51 77844.03 100836.8 241693.2 86 
0.502449 0.195663 0.8972935 0.04820144 0.07160348 0.09304311 0.1195452 0.1404964 0.1876094 0.2285377 0.3315501 0.5064334 1 10288.8 15458.39 22314.4 28761.46 34901.57 38697.55 43730.84 46007.69 50016.59 52596.78 213454.2 87 
0.4994798 0.1992667 0.8988572 0.04621821 0.07181686 0.0926868 0.1212583 0.1443232 0.18214 0.2376442 0.3228309 0.4959712 0.9999996 9740.782 14606.11 21731.76 28148.01 34586.67 38744.65 42536.63 45986.08 48590.55 50925.19 210756.3 88 
0.5064799 0.1964313 0.8938561 0.04947384 0.0688264 0.09001123 0.1208712 0.1435515 0.1843216 0.2379159 0.3322569 0.496815 0.9999999 10532.93 15867.65 21964.78 28086.26 34951.7 39342.7 43723.96 47200.67 50571.96 52238.35 212899.1 89 
0.4993914 0.201583 0.9035598 0.04784096 0.06862818 0.09346254 0.1217262 0.1443943 0.1851992 0.2411769 0.3209968 0.5095419 1 10010.83 15010.15 21169.52 27915.52 34418.06 38521.89 42649.11 46140.18 48131.1 51078.07 209252.3 90 
0.5075875 0.1956376 0.896995 0.04724772 0.06866811 0.09224944 0.1130105 0.149155 0.1800566 0.235028 0.3335495 0.4903125 1 10054.73 15158.39 21616.95 28392.08 33782.8 39825.32 43507.47 47013.32 50927.82 52364.61 212808.9 91 
0.6637819 0.1245016 0.8764739 0.06582707 0.08346517 0.1056406 0.131103 0.1653348 0.193006 0.2670156 0.3793146 1 1 16240.53 27020.69 37172.44 46989.68 55959.22 64285.14 69115.8 75401.56 80791.97 103932.1 246715 92 
0.492798 0.2051575 0.9043179 0.04656705 0.07030721 0.09255328 0.1184515 0.1484499 0.1822328 0.2366083 0.3293953 0.4957366 1 9675.734 14443.92 21046.14 27417.66 33308.24 38285.91 41730.52 44840.43 47896.51 49641.27 207780.7 93 
0.6538342 0.1278673 0.8791587 0.06331584 0.082992 0.1084674 0.1348549 0.1575014 0.2024837 0.263143 0.3672839 1 1 15445.45 25544.21 35665.13 46046.68 55298.64 61610.66 67853.35 72939.51 77078.64 101023.6 243942.8 94 
0.6630777 0.1250462 0.8802431 0.06613062 0.08429094 0.1079373 0.1282472 0.1576611 0.2075582 0.2549123 0.3734405 1 1 16265.26 27050.39 37297.41 47433.58 55514.9 62598.56 70104.52 74316.21 79656.45 103788.4 245956.6 95 
0.5040203 0.199163 0.9044486 0.04721202 0.07154538 0.09004236 0.1166677 0.1493786 0.1816005 0.2362816 0.3290263 0.5001119 1 9941.551 14952.29 21890.48 27806.04 33790.44 39397.26 42986.03 46294.2 49525.26 51674.05 210572.5 96 
0.4964576 0.2001369 0.9006493 0.04610375 0.06888081 0.09803422 0.1169364 0.1402927 0.183912 0.2304965 0.3201314 0.4941405 0.9999997 9753.143 14595.16 21145.65 28918.04 34174.34 37961.89 42508.79 45305.68 48357.99 51151.49 211547.7 97 
0.496638 0.2018521 0.9002118 0.04694316 0.07070491 0.08957826 0.1171447 0.1425133 0.1853094 0.2373366 0.3188349 0.4895606 0.9999999 9868.444 14769.49 21501.01 27356.5 33443.29 37936.53 42620.39 45979.13 48256.41 50554.4 210221.1 98 
0.4961579 0.1993799 0.9022542 0.04717277 0.07173299 0.08907846 0.1175208 0.1434324 0.1858725 0.2421837 0.3192336 0.4936135 0.9999999 10005.89 14970.39 21925.32 27590.25 33772.98 38388.1 43057.75 46833.84 48679.7 50934.63 212111.5 99 
0.5032892 0.2032009 0.8978138 0.04704423 0.06908177 0.09440617 0.1161135 0.1443499 0.1805746 0.2420035 0.3201306 0.4960852 0.9999998 9739.206 14640.84 20997.25 27905.8 33356.26 38007.97 41842.51 46002.46 48163.56 50590.53 207022.3 100 
