1.309e-08 0.003563646 0.005423339 0.002837995 0.004541939 0.006082299 0.00770207 0.009763313 0.01266174 0.01621978 0.02136186 0.03182592 3.062725e-06 367.4275 540.5865 638.5678 714.8153 784.2692 812.5042 828.9007 853.8578 890.6934 0.008076833 1 
8.369e-09 0.00333073 0.005458729 0.002823949 0.004545337 0.006253352 0.008072166 0.009975683 0.01277962 0.01662577 0.02263141 0.03565152 2.674947e-09 377.5714 551.3146 684.5162 744.2438 808.7977 851.0949 882.4063 920.0739 938.8047 0.005361231 2 
NaN 0.00340414 0.005464307 0.002892915 0.004568238 0.006202414 0.008004693 0.01008998 0.01281855 0.01644913 0.02191871 0.03386995 7.620542e-06 384.6531 550.0652 673.2936 749.9853 806.2232 839.9177 863.7137 899.4554 930.7497 0 3 
2.771763e-06 0.003564319 0.005486568 0.002837098 0.004467469 0.005989723 0.007693284 0.009816852 0.01234564 0.01565362 0.02123799 0.03086258 4.217485e-06 372.9777 535.7556 643.5419 733.9679 783.2657 811.3216 843.596 865.7799 901.5579 1.723834 4 
4.904506e-08 0.003383232 0.005489308 0.002910073 0.004660861 0.00635813 0.008187889 0.01025472 0.01303105 0.01687792 0.02287925 0.03366268 1.039427e-05 385.7128 562.1361 685.7397 756.2187 812.2529 849.7227 877.9666 894.5711 948.4673 0.03157809 5 
3.731821e-07 0.003353888 0.00546969 0.002925035 0.004618561 0.006261351 0.008109042 0.01030954 0.01296657 0.01651629 0.02287945 0.0330518 2.503421e-06 388.9939 553.9291 675.7856 761.081 810.4455 840.1148 879.0582 896.0159 935.001 0.2413522 6 
2.589029e-07 0.003333328 0.005489922 0.002934499 0.004540841 0.006208687 0.008153356 0.01033197 0.01305987 0.01696916 0.02317966 0.03476589 5.769418e-06 389.3353 537.4118 680.3977 762.5506 814.5062 854.2467 885.2358 907.9408 948.0519 0.167076 7 
3.916087e-10 0.003352444 0.005494459 0.002895916 0.004561663 0.006193149 0.00803685 0.01021493 0.01298676 0.01655781 0.02272328 0.03438568 4.891743e-06 384.7643 545.4991 671.2848 756.1211 813.4007 844.298 879.7153 907.3648 939.7808 0.002317151 8 
NaN 0.003579659 0.005467746 0.002756595 0.004458745 0.006045035 0.0077533 0.009794141 0.01230178 0.01586205 0.02171335 0.03175205 6.625525e-06 357.9774 534.5893 645.5081 725.2451 771.4046 806.317 837.728 855.2218 889.0323 0 9 
NaN 0.003616692 0.005409974 0.002828997 0.00449424 0.006005514 0.007639179 0.009732909 0.01249563 0.01621912 0.02184997 0.03535359 1.181135e-05 359.8525 527.0823 624.8447 707.5051 767.624 801.5107 820.7811 855.0114 879.8593 0 10 
NaN 0.003544788 0.00541808 0.002895954 0.004548967 0.006172926 0.007931012 0.009929573 0.01279837 0.01654758 0.02227684 0.03553175 NaN 371.7299 533.7045 654.8699 720.0901 783.8111 815.9291 836.5813 869.0247 897.7687 0 11 
4.581103e-08 0.003454166 0.0053821 0.00287841 0.004494084 0.00605021 0.007816436 0.009936728 0.01242117 0.01635054 0.02324658 0.03387783 2.848743e-06 374.5614 529.0338 644.6153 731.498 774.5221 819.8507 862.3073 872.345 903.8961 0.02871369 12 
NaN 0.003390459 0.005497123 0.0028779 0.004517539 0.006171366 0.008061754 0.01022485 0.0129035 0.017116 0.0220277 0.03480944 7.024992e-06 380.8635 539.4242 674.0799 758.7786 808.1404 858.0329 866.19 901.8918 955.1272 0 13 
NaN 0.003347351 0.005499618 0.002888761 0.004661713 0.006320176 0.00808998 0.01021198 0.01303117 0.01725286 0.02313625 0.03568015 1.622113e-05 383.8755 563.7494 676.8826 755.9583 814.3372 863.406 884.8834 915.329 944.3167 0 14 
1.308878e-08 0.003545678 0.005308595 0.002831053 0.004448616 0.005966266 0.00762913 0.009716181 0.01260576 0.01564248 0.02257795 0.03235925 3.550648e-06 362.7391 520.447 625.968 704.1615 773.0137 783.3249 832.8619 839.3387 870.7958 0.008020224 15 
NaN 0.003492606 0.005393611 0.002858715 0.004527783 0.006026736 0.007702938 0.009935318 0.01253815 0.01627713 0.02267615 0.0320425 7.539775e-06 370.7679 535.6133 629.6079 728.6752 777.13 813.2247 847.6647 854.3402 891.9202 0 16 
NaN 0.003397464 0.005412168 0.002860104 0.004524587 0.006153638 0.00797096 0.01009231 0.01283937 0.01676008 0.0225572 0.03391295 4.806315e-06 376.0362 538.4792 662.43 742.8176 798.098 838.7267 862.5092 887.8123 916.4293 0 17 
NaN 0.003329726 0.005427399 0.002863511 0.004673513 0.006359627 0.008108882 0.01013686 0.01293376 0.01686716 0.02358248 0.03817571 1.39561e-05 377.9795 563.4903 675.4677 744.7485 804.3196 845.7239 883.0504 918.9029 933.7721 0 18 
NaN 0.003395296 0.005569092 0.002752426 0.004493961 0.006145473 0.007928999 0.01001243 0.01261133 0.01691386 0.02192781 0.03038323 5.162748e-06 372.3622 555.089 677.2027 760.408 810.4458 869.6685 882.588 899.3806 933.854 0 19 
NaN 0.003368979 0.005523642 0.002903132 0.004639504 0.006351454 0.00825104 0.01041729 0.0131156 0.01741188 0.02376981 0.03626907 4.708221e-06 385.3733 559.8238 690.6201 771.1616 818.7873 868.8336 895.5401 917.1752 957.7888 0 20 
9.651106e-15 0.003461021 0.005485637 0.002824392 0.004506034 0.006105403 0.007852253 0.009956185 0.01280377 0.01688696 0.02201521 0.03293221 8.427965e-15 372.0576 541.3861 658.1249 739.1921 802.1447 846.838 858.131 882.7621 924.0659 6.095093e-06 21 
3.810192e-08 0.003376111 0.005462198 0.002870137 0.004610861 0.006248656 0.008022048 0.01014698 0.01279426 0.01687754 0.02269544 0.03430858 6.265327e-06 379.7749 555.058 668.6356 750.5453 800.5843 848.638 873.1393 899.3854 932.5784 0.02434756 22 
NaN 0.003448749 0.005474799 0.00287602 0.004538035 0.006118162 0.007831564 0.009961528 0.01317468 0.01644268 0.02198074 0.03503453 6.65069e-06 377.2291 540.3573 654.8038 729.8558 816.0517 830.9078 854.3973 893.3684 922.8971 0 23 
NaN 0.003446106 0.005479597 0.002790302 0.00453022 0.006123424 0.007888564 0.01013161 0.01255713 0.0160997 0.02214965 0.03540448 5.060113e-06 370.5808 551.7031 659.264 758.1249 797.4121 831.8355 868.0088 908.1671 918.3546 0 24 
3.473607e-08 0.00346428 0.005390473 0.0027967 0.004513157 0.00606501 0.007786906 0.0100611 0.01279436 0.01639949 0.02195639 0.0339611 7.094389e-06 365.1748 540.0366 640.6345 739.6944 793.795 823.5637 845.5746 878.3275 900.8167 0.02166826 25 
NaN 0.00339817 0.005448782 0.002890544 0.004580368 0.006160456 0.007920491 0.01011808 0.01269588 0.01630576 0.0223837 0.03307583 9.393588e-06 383.3456 550.0936 659.5379 751.0927 798.5726 833.5765 868.5955 891.8059 922.6634 0 26 
NaN 0.00344093 0.005520594 0.002887829 0.004633393 0.00623796 0.008035127 0.01039781 0.0132508 0.01681199 0.02382011 0.03408494 5.569874e-06 378.7084 555.3169 661.0672 761.3929 816.406 838.9771 880.5251 888.7301 921.581 0 27 
NaN 0.003352508 0.005447916 0.002872087 0.004620053 0.006334748 0.008141735 0.0100183 0.01271822 0.01671633 0.02264029 0.0372775 4.700259e-06 380.1213 556.2332 684.0888 740.8094 797.535 845.2195 872.1689 917.1818 938.775 0 28 
NaN 0.003209259 0.005551691 0.0028717 0.004669572 0.006378286 0.008176325 0.01022518 0.01325144 0.01750082 0.02413021 0.0354288 5.307411e-06 391.6934 575.4994 698.4618 769.6978 843.469 893.8411 928.4493 947.2306 986.1943 0 29 
6.313141e-15 0.003609598 0.005389651 0.002871858 0.004413532 0.005991513 0.007790026 0.009820585 0.01234175 0.01592792 0.02133725 0.03278757 2.556876e-14 365.8194 510.1275 637.9951 713.2982 758.0719 791.7045 813.3596 842.6972 869.0799 1.712525e-05 30 
2.161402e-07 0.003560554 0.005421549 0.002895724 0.00448528 0.005980465 0.00772665 0.009961594 0.01251443 0.01629515 0.02169817 0.03373878 5.099844e-06 374.9429 527.6956 633.9437 733.4884 777.6807 815.3962 833.762 865.5498 888.6645 0.1347629 31 
1.377446e-09 0.003628196 0.005348768 0.002818718 0.004387529 0.005930097 0.007630794 0.009567891 0.01206782 0.0155321 0.02112134 0.03140322 9.231029e-06 358.9667 510.1943 627.5661 697.9905 746.972 780.1716 808.4368 829.5595 863.9804 0.001138873 32 
8.198189e-08 0.003422396 0.005448221 0.002846638 0.004586468 0.006254951 0.008038948 0.01005724 0.01270165 0.01640341 0.02244804 0.03647192 5.804293e-06 374.1255 550.9111 671.0451 741.6652 793.8006 831.0054 862.2926 904.5847 919.4747 0.05187806 33 
8.22734e-09 0.003433928 0.005436668 0.002777463 0.00445124 0.006037445 0.007799039 0.009973652 0.01274795 0.01604291 0.02178136 0.03374864 3.476271e-06 364.4546 532.3188 648.1036 736.5537 796.7001 819.4175 850.8121 883.8895 917.6996 0.005107384 34 
1.228114e-15 0.003388578 0.005383359 0.002937574 0.004599639 0.006174449 0.007916535 0.01000939 0.01266165 0.01660703 0.02202344 0.03457154 2.255554e-14 382.863 540.0344 650.3499 729.9403 781.8477 825.8928 845.3391 882.0308 910.2995 2.357021e-06 35 
NaN 0.003616042 0.005459818 0.002828769 0.004454138 0.006018044 0.007746607 0.009816189 0.01254973 0.01668144 0.02317316 0.03476942 4.841066e-06 360.7525 521.6858 637.3809 716.9935 772.8808 818.9799 846.3536 858.4084 886.0724 0 36 
NaN 0.003499182 0.005396902 0.002847812 0.004542262 0.006062693 0.007680998 0.009786471 0.01255526 0.01607004 0.02177155 0.03181862 4.696238e-06 370.8093 540.5078 635.0459 719.1515 781.5915 811.8746 839.9753 860.0813 893.2432 0 37 
NaN 0.003429632 0.005487389 0.002783645 0.004496605 0.006122196 0.007874959 0.009962819 0.01281146 0.01654774 0.02252249 0.03488276 5.327684e-06 366.7896 541.6085 660.0472 738.261 803.122 838.4559 866.7083 898.3159 917.5842 0 38 
NaN 0.003453438 0.005484117 0.002866168 0.004552712 0.006138084 0.007881772 0.009983706 0.01248372 0.01626588 0.02215406 0.03577629 8.872807e-06 377.3519 545.654 657.2647 742.5034 787.183 830.7834 860.4742 902.7352 917.8992 0 39 
NaN 0.003395886 0.005485872 0.002862437 0.004557923 0.006164169 0.007935704 0.01013021 0.01309035 0.01596639 0.02304219 0.0356062 1.189874e-05 379.8202 549.1824 665.2148 750.7862 819.3603 826.0342 882.6601 910.4938 936.2296 0 40 
NaN 0.003351232 0.005532829 0.002966222 0.004657154 0.006300558 0.008077792 0.01008374 0.01305338 0.0172667 0.02402397 0.03769391 4.143014e-06 394.0477 557.4088 680.42 747.4557 818.3914 866.2771 900.184 927.5771 950.5911 0 41 
NaN 0.003484793 0.005445588 0.002894531 0.004518958 0.006057943 0.007817186 0.01006274 0.01297743 0.01701511 0.02220086 0.03594616 4.597639e-06 376.0776 532.7613 644.1791 737.8698 800.905 839.5375 847.8855 887.0321 916.4361 0 42 
NaN 0.00342307 0.005371201 0.00282758 0.004518174 0.006116405 0.00789766 0.01008382 0.01271061 0.0167416 0.02277959 0.03465846 1.381712e-05 368.8175 536.8896 649.9466 738.8137 785.5545 829.8567 854.9345 879.4735 896.3251 0 43 
1.084584e-08 0.003322967 0.005535326 0.002874358 0.004597944 0.006241339 0.008063393 0.01026581 0.01306189 0.01695264 0.02277495 0.03399758 5.770335e-06 387.2035 560.1168 681.2174 769.9186 828.3311 868.8226 895.7604 921.5489 966.9981 0.00703507 44 
NaN 0.003469705 0.005451602 0.002952733 0.004663477 0.006272347 0.008015347 0.01009119 0.01269878 0.01697966 0.0229344 0.03569427 1.143332e-05 383.7499 552.1146 661.0071 738.463 784.1042 837.8272 859.001 887.0085 913.1176 0 45 
NaN 0.00346395 0.005493105 0.002863877 0.004647367 0.006312216 0.008169033 0.01048875 0.013034 0.01729612 0.02264981 0.03493094 7.52662e-06 373.8144 558.0159 670.8393 766.7768 801.3018 848.4504 859.5722 887.6091 926.3915 0 46 
NaN 0.003397161 0.005503539 0.002875647 0.004663188 0.006370292 0.008243081 0.01046561 0.01306116 0.01729568 0.02306337 0.03525335 8.50764e-06 378.3995 561.2782 681.9454 766.6363 807.3336 855.3224 874.4922 902.7096 933.0779 0 47 
NaN 0.003510853 0.005387173 0.00285035 0.004488169 0.006111585 0.007911381 0.009971669 0.01265464 0.01655821 0.02221499 0.03565725 1.519457e-05 369.0427 530.1103 655.3088 730.3974 782.0103 821.8901 841.1062 877.4146 894.5904 0 48 
NaN 0.003350448 0.005483467 0.002900105 0.004648636 0.006324733 0.008147783 0.01023357 0.0126641 0.01649162 0.02304173 0.03559884 5.906842e-06 387.2901 563.5433 684.1911 762.2346 802.2779 846.5446 888.6287 919.3936 945.587 0 49 
NaN 0.003444998 0.005482917 0.002840183 0.004545526 0.006134364 0.007906115 0.01014575 0.01285957 0.01655124 0.0230851 0.03481457 5.781094e-06 373.972 545.9589 656.7152 751.0396 804.6602 837.8103 875.1778 898.0695 915.8588 0 50 
NaN 0.003462672 0.005529601 0.002944243 0.004619087 0.006246989 0.008046367 0.01019827 0.01322002 0.01693718 0.02257036 0.03520047 5.162512e-06 387.3259 551.2184 672.685 750.2822 819.6799 848.0877 868.2481 901.9135 928.9889 0 51 
2.351181e-08 0.003457594 0.005395785 0.002824677 0.004514535 0.006101909 0.007824114 0.009873657 0.01234258 0.01601868 0.02212492 0.03235608 3.525085e-06 368.3046 536.5758 646.6901 725.9862 770.6084 810.8789 846.8064 866.085 893.3303 0.01461627 52 
9.625136e-08 0.003504239 0.005423813 0.002816174 0.004447922 0.006036143 0.007827952 0.00993127 0.0123222 0.01626694 0.02204381 0.03207795 4.463707e-06 367.9234 529.0673 649.9603 735.7605 773.0062 821.4656 847.5685 866.0238 895.4145 0.0598068 53 
NaN 0.003451992 0.0054215 0.002811642 0.004534575 0.006190786 0.007975581 0.01002445 0.01274575 0.01692539 0.02271341 0.03388008 2.488295e-06 367.3239 542.8374 663.8988 737.4236 790.9097 839.3455 859.0318 878.7464 914.9959 0 54 
3.481992e-09 0.003519963 0.005418774 0.002808715 0.004532495 0.00614908 0.007884331 0.009977851 0.01275272 0.01644218 0.02213411 0.03425548 2.519593e-06 362.9422 539.1406 651.3778 728.675 786.5145 818.6036 841.5221 868.3875 906.0071 0.002148722 55 
NaN 0.003394225 0.005512483 0.002868959 0.004620699 0.006276261 0.008087998 0.0102984 0.0130571 0.01682549 0.02199721 0.0356012 1.088794e-05 379.7359 557.8659 674.1917 760.2422 813.761 848.275 863.4225 909.4156 941.1171 0 56 
2.953785e-07 0.003387973 0.00547998 0.00294412 0.00463371 0.006266387 0.008040513 0.01008133 0.01299294 0.01705775 0.02345918 0.03519373 4.799995e-06 389.4717 553.8739 674.1946 744.9411 811.3265 855.0418 885.49 906.374 933.6583 0.1905976 57 
NaN 0.003559875 0.005468284 0.002825679 0.004487143 0.006027333 0.007763181 0.009944311 0.01234473 0.01608905 0.02261193 0.03295123 6.241632e-06 369.4462 538.4172 644.7639 740.9543 777.962 818.1439 856.5148 869.7389 894.692 0 58 
1.810483e-08 0.003571618 0.005401172 0.002867741 0.004481044 0.006019785 0.007700143 0.009689276 0.01230096 0.01588618 0.02196836 0.03340817 7.753826e-06 369.9349 527.6257 638.3267 712.6 767.0555 801.8165 835.4188 857.3761 889.7734 0.01120463 59 
NaN 0.003459006 0.005462428 0.002881818 0.004602255 0.006264673 0.008042479 0.01005541 0.01286557 0.01631872 0.02207056 0.03419109 2.253805e-06 377.7422 550.7017 671.2451 737.6972 798.5753 824.8221 853.429 887.1534 914.2951 0 60 
1.609286e-11 0.003546067 0.005432794 0.002809117 0.004508752 0.006100945 0.007742225 0.009623422 0.01243905 0.0158453 0.02124935 0.03186482 3.304619e-06 365.6161 539.2236 649.4836 708.916 778.7144 807.282 833.0855 859.2543 898.3969 9.640972e-05 61 
NaN 0.003445891 0.005438805 0.002891291 0.004550749 0.006115296 0.007883377 0.01004348 0.01230047 0.0163605 0.02220583 0.03382535 8.987187e-06 380.4788 543.1271 653.689 746.3562 775.8893 831.0697 859.3315 886.0342 920.746 0 62 
NaN 0.003269125 0.0055783 0.002937915 0.00466365 0.006286379 0.008124647 0.01043767 0.01312244 0.01707577 0.02393046 0.03536343 6.217545e-06 398.7059 568.6741 685.053 785.0774 836.2096 879.4325 921.8331 941.4815 981.3868 0 63 
NaN 0.003398855 0.005501216 0.002913923 0.004617051 0.006215337 0.007977143 0.01015369 0.01290328 0.01657006 0.02298272 0.03519113 4.013719e-06 385.0359 553.0455 664.0256 750.335 806.7304 839.7323 876.507 903.9716 927.9913 0 64 
NaN 0.00343898 0.00542505 0.002814281 0.004509218 0.00615179 0.007944069 0.01001525 0.01273869 0.01656258 0.02234896 0.03278253 4.087833e-06 369.5036 540.1348 662.6945 738.6369 794.366 832.6176 858.0151 877.0363 914.5122 0 65 
NaN 0.003490955 0.005443901 0.002876991 0.004577172 0.006183628 0.007975762 0.01019307 0.01289298 0.01663596 0.02298876 0.03425884 5.56115e-06 374.5589 545.1893 658.016 747.2076 796.6748 828.9878 860.5845 877.4257 913.4598 0 66 
1.107515e-07 0.003329534 0.00548984 0.002838567 0.004605006 0.006317107 0.008201654 0.01036814 0.01289488 0.01712858 0.02296498 0.03630075 2.137831e-08 377.0211 556.8144 683.5891 766.6988 807.1209 859.9346 883.2853 919.7694 947.4432 0.07085441 67 
7.195927e-08 0.003538604 0.005371503 0.00281937 0.004419968 0.006032928 0.007806907 0.009784873 0.01252127 0.01614811 0.02195441 0.03462121 3.171022e-06 360.322 514.8864 642.3837 709.4662 768.0686 799.9366 825.3653 856.0216 881.3496 0.04391317 68 
NaN 0.003527411 0.005445564 0.002725892 0.00446012 0.006026554 0.00769919 0.009843769 0.01272212 0.01647427 0.02213067 0.03507373 1.410381e-05 352.7844 533.4257 637.0429 722.9099 789.4698 822.7746 842.9602 876.9774 895.7142 0 69 
NaN 0.003424547 0.005520272 0.002867493 0.004646904 0.00627657 0.007987314 0.01009926 0.01293632 0.01647947 0.02312561 0.03564404 1.090305e-05 378.9663 562.7276 668.9435 747.534 810.6421 838.9133 880.4494 907.0447 934.2286 0 70 
NaN 0.003408184 0.005408828 0.002920511 0.004548786 0.006216446 0.008072064 0.01009035 0.01298165 0.01658919 0.02251284 0.03490483 7.806065e-06 380.8415 534.465 669.2097 734.3212 798.0118 826.4742 854.236 883.4305 917.7151 0 71 
1.670974e-07 0.00362059 0.005432626 0.002814837 0.004471485 0.00606344 0.007819053 0.009902148 0.01247111 0.01578281 0.0218729 0.03467698 5.678815e-06 360.4599 527.5785 643.4897 722.6994 769.7087 791.8642 826.7084 859.4866 872.7598 0.1021026 72 
1.804868e-10 0.003312006 0.005469576 0.002859646 0.004653023 0.006257677 0.00789609 0.009958259 0.01273439 0.01655008 0.02178136 0.03398699 2.926782e-06 384.4493 568.8029 666.6156 745.4018 809.6683 852.4162 874.3071 915.46 947.2189 0.000419655 73 
NaN 0.00344577 0.005497859 0.00295671 0.0046612 0.00631671 0.00820345 0.01047756 0.01293819 0.01664662 0.02221003 0.03682683 4.166801e-06 387.3208 554.8103 675.42 766.1897 800.1923 834.4768 856.2213 905.507 925.9427 0 74 
NaN 0.003395205 0.005506393 0.002894568 0.004550246 0.006196693 0.008062409 0.01025325 0.01315345 0.01730095 0.02289264 0.03540599 2.123768e-06 381.4761 542.0102 672.3894 756.1019 816.8158 859.4722 875.1974 901.7555 949.3218 0 75 
6.744731e-08 0.003481058 0.005465101 0.002864401 0.004513135 0.006117678 0.007918832 0.0100438 0.01265152 0.01642196 0.02251346 0.03417767 4.169197e-06 374.5634 536.3893 657.8072 741.5508 790.2417 828.2653 859.8402 885.0297 910.9466 0.04232202 76 
1.223387e-07 0.003491649 0.005486047 0.002889443 0.004565028 0.006217751 0.008023173 0.01003724 0.01266193 0.01641889 0.02319387 0.03549093 2.917852e-06 377.4382 544.0204 670.2042 740.7309 791.4517 828.8137 870.3663 891.2291 922.697 0.0771678 77 
NaN 0.003491235 0.005446996 0.002807322 0.004475276 0.006038125 0.00782065 0.01010501 0.01289656 0.01670815 0.02364856 0.0356908 1.04994e-05 362.9983 529.4815 640.8371 740.05 796.2433 828.339 866.5679 880.5817 911.7368 0 78 
1.78904e-05 0.003314707 0.005476511 0.002854944 0.004618207 0.006345421 0.008173914 0.0101517 0.0131726 0.01718149 0.0229176 0.03531807 7.329438e-06 382.0457 561.6431 691.7795 752.7402 825.2321 865.7132 887.8202 920.0412 949.0855 11.56715 79 
NaN 0.003465006 0.005390504 0.002849231 0.004529712 0.006115598 0.007873955 0.01005298 0.01280998 0.01647677 0.02348493 0.03516083 1.572345e-05 367.1499 532.9087 644.0975 729.8779 785.4054 814.7555 856.3138 868.6012 904.3475 0 80 
7.30354e-12 0.003496775 0.005465014 0.002852158 0.004543844 0.006107659 0.007788003 0.009855181 0.01254932 0.01615496 0.02181823 0.03325137 3.070182e-06 374.0736 544.2653 650.1699 730.4909 788.6338 823.8165 851.4271 881.7797 908.5299 0.0001335853 81 
NaN 0.003471952 0.005419249 0.002862582 0.004512439 0.006178297 0.008004625 0.009990767 0.01271264 0.01621804 0.02273983 0.03226541 4.085586e-06 373.1245 534.8998 666.5842 732.1387 788.1258 816.4149 855.5249 862.9928 911.7993 0 82 
3.148243e-09 0.003568728 0.00546321 0.00280198 0.004432241 0.005991201 0.007681501 0.009716216 0.01258864 0.01574237 0.02074824 0.03122889 2.346905e-06 366.9248 530.9686 646.8089 721.3307 791.937 810.0306 830.84 861.5445 903.2589 0.001944796 83 
6.399595e-08 0.003471641 0.005443409 0.002826679 0.004482374 0.006113581 0.007910817 0.009976867 0.01272582 0.01581574 0.02246752 0.03400324 2.724643e-06 370.1116 534.3961 660.3409 735.5467 794.5334 810.1886 859.3543 883.5275 910.0631 0.03998796 84 
NaN 0.00336765 0.005463645 0.002836818 0.004521332 0.006150667 0.007937763 0.01001476 0.01275456 0.01643904 0.02259236 0.03490054 3.814756e-06 374.3159 540.1331 662.2231 740.0848 799.2889 835.5854 870.4415 901.1977 930.1785 0 85 
NaN 0.003516317 0.005451132 0.002850443 0.004496377 0.0061178 0.007893442 0.009884999 0.01247154 0.01619797 0.02217871 0.03381175 4.323738e-06 372.6561 535.589 659.9096 731.1201 781.3423 820.839 851.4665 879.6741 891.7507 0 86 
7.353095e-12 0.003330814 0.005531178 0.002909486 0.004739482 0.006447122 0.008268345 0.01047268 0.01328269 0.01757236 0.0232399 0.03619396 1.281487e-05 388.4936 577.4485 691.9395 774.96 828.5316 877.2374 894.603 927.9589 964.0141 0.001289259 87 
NaN 0.0035021 0.005438583 0.002819229 0.004517707 0.006175417 0.00792173 0.009799291 0.01249813 0.01617017 0.02319564 0.03515287 8.783354e-06 366.4041 538.7988 662.7122 721.1665 780.5925 815.7328 862.5504 879.7309 906.6265 0 88 
NaN 0.00352704 0.005420608 0.002853667 0.004479835 0.006094922 0.007900705 0.009927025 0.01230535 0.01667792 0.0224763 0.03288632 4.425186e-06 370.8225 530.4352 655.994 733.2388 766.9057 829.0142 849.0581 864.6129 894.7234 0 89 
1.032107e-07 0.003754358 0.005320194 0.002768815 0.004401361 0.00589593 0.007527499 0.009563799 0.01207278 0.01529634 0.02061318 0.03092201 5.0987e-06 348.3872 514.4321 613.2326 693.5311 740.1592 761.9216 785.6113 808.5554 833.9069 0.0612058 90 
NaN 0.003568047 0.005381517 0.002768426 0.004411985 0.005961209 0.007635252 0.009623142 0.01219509 0.01550495 0.02095794 0.03168759 3.747071e-06 357.9667 523.0766 633.5287 708.6822 762.564 790.7606 820.1546 849.2878 875.0695 0 91 
1.264616e-07 0.003376375 0.005497579 0.002923929 0.004651886 0.006315827 0.008115666 0.01016058 0.0128344 0.01682935 0.02291776 0.03641675 7.40985e-06 387.6201 559.2534 679.8044 752.89 805.4654 851.3286 880.8064 917.8116 941.3591 0.08153543 92 
NaN 0.00340587 0.005406533 0.002749431 0.004516174 0.006130428 0.007829384 0.00993857 0.01278298 0.01625462 0.02305755 0.03471964 4.947375e-06 357.7727 539.475 646.0743 726.2249 791.3379 817.923 862.6022 882.9333 912.061 0 93 
NaN 0.003597042 0.005445375 0.002724187 0.0043802 0.005884592 0.007538255 0.009640785 0.01219038 0.01570063 0.02096003 0.03206759 4.802825e-06 355.1507 526.1356 628.627 720.1793 771.9904 806.4926 829.0396 861.5398 882.4694 0 94 
NaN 0.003513872 0.005448659 0.00290976 0.004607617 0.006228603 0.007951861 0.0100268 0.01323206 0.01704073 0.02365266 0.03505692 4.063126e-06 375.6254 544.7593 659.2353 725.2997 806.6859 832.8368 861.2765 871.2559 907.4291 0 95 
5.373239e-09 0.003447089 0.00544035 0.002785161 0.004457435 0.006051957 0.007813708 0.009941596 0.0126646 0.01592206 0.02101446 0.03304565 7.452007e-06 364.1116 530.8306 647.826 731.5546 789.7548 813.2436 835.7365 876.7548 917.887 0.003358553 96 
NaN 0.003490767 0.00541197 0.002878629 0.004568684 0.006224669 0.008068931 0.0102176 0.01282024 0.01658871 0.02298405 0.03663752 2.900656e-06 370.1209 536.9288 659.8409 739.9663 783.9572 818.0019 850.5293 880.2119 906.3243 0 97 
NaN 0.003409795 0.00542828 0.002809091 0.004508891 0.006181412 0.008032878 0.01015532 0.01274713 0.01643263 0.02262008 0.03471681 1.421339e-05 369.2072 540.5313 668.5352 748.6827 795.3539 830.3 863.8634 890.4384 925.4706 0 98 
NaN 0.003412395 0.005495914 0.00287298 0.004611958 0.006301731 0.008161398 0.01036292 0.01327204 0.01695491 0.02397899 0.03513083 5.733527e-06 378.6365 554.9949 680.5335 761.4219 821.4862 848.0667 888.6468 900.2941 936.9093 0 99 
5.553304e-07 0.003328967 0.005551252 0.002897876 0.004621461 0.006235742 0.008001749 0.01021464 0.01323527 0.01702681 0.02256495 0.03363824 8.429033e-07 389.6649 561.6414 675.4881 762.4162 834.0497 867.4914 889.5411 915.5949 961.5521 0.360581 100 
