0.002787544 0.003125977 0.003335571 0.001356576 0.00156745 0.001765042 0.002007718 0.002333258 0.002780179 0.003412242 0.00440852 4.98641e-17 0 299.7023 316.57 329.9117 337.9082 341.3523 342.5487 340.6356 342.1793 318.7631 212.2469 1 
0.002806859 0.003094568 0.003372903 0.001362446 0.001587028 0.001796006 0.002032676 0.00235115 0.002795149 0.003443683 0.004458344 NaN 0 303.5693 323.939 337.857 342.8546 346.5247 347.429 348.1131 346.5288 322.9453 217.0392 2 
0.002793802 0.003094544 0.003324306 0.001359752 0.001580038 0.00178412 0.002028765 0.002348703 0.002803663 0.003454714 0.004479527 NaN 0 302.3868 321.6576 335.2085 342.8877 344.968 348.6132 346.5159 348.0486 320.7833 216.4593 3 
0.002780069 0.003120946 0.003341622 0.001349966 0.001570561 0.001779498 0.002023812 0.002355951 0.002794532 0.003415195 0.004408963 5.55918e-16 0 298.5751 318.1251 332.3771 338.7157 343.4828 340.9373 339.6753 341.3897 318.4449 211.1274 4 
0.002768895 0.003096751 0.003294571 0.001369161 0.001578053 0.001797421 0.002048036 0.002361858 0.002790672 0.003435953 0.004447863 NaN 0 303.8697 319.1905 338.0236 342.3488 342.5875 342.2276 344.6045 341.1882 320.0193 212.3527 5 
0.001577255 0.005170002 0.002353434 0.0009225374 0.0010626 0.001185104 0.001345933 0.001537365 0.001809801 0.002191636 0.002753364 0.003601238 2.259109e-06 100.6294 106.9908 107.2152 108.2708 107.5651 108.0721 108.1835 107.9808 109.218 108.2347 6 
0.001588271 0.005278274 0.002377486 0.0009417045 0.001057717 0.00119056 0.001343459 0.001541228 0.001836103 0.002205522 0.002795234 0.003658464 3.37437e-06 103.3075 106.7337 108.3113 108.3455 108.3153 110.1254 108.2645 109.8693 108.3214 107.8891 7 
0.001557994 0.00518693 0.002356441 0.0009318701 0.001063111 0.001190885 0.001338505 0.001542865 0.001815877 0.002200374 0.002770814 0.003622318 6.247472e-06 101.3509 106.4467 107.1622 106.8308 107.4251 107.5431 107.6359 107.6323 107.7968 107.0355 8 
0.001579083 0.005286645 0.002392567 0.0009275683 0.001056457 0.001185185 0.00133236 0.001547173 0.001815422 0.002190624 0.002755206 0.003602947 4.609485e-06 101.3511 106.4355 107.4977 107.3007 108.8741 108.3787 108.0057 108.1614 108.717 108.6833 9 
0.00158317 0.00524211 0.002332802 0.0009311308 0.001062858 0.001188617 0.001348072 0.001543199 0.001826128 0.002199863 0.002771761 0.003625663 3.471203e-20 102.0625 107.3632 107.9644 108.7403 108.2682 109.2642 108.2137 108.6949 108.686 108.6579 10 
0.002777038 0.003105419 0.003281054 0.001356454 0.00157231 0.001782736 0.002025623 0.002344086 0.002790901 0.003429078 0.00443704 NaN 0 302.7301 320.817 336.3678 341.7192 344.3149 346.2958 344.2998 345.9201 321.0619 213.5526 11 
0.00154351 0.004980957 0.002328741 0.0009246554 0.001061068 0.001181857 0.001335802 0.001542622 0.001814403 0.002200054 0.00276065 0.003605823 0 100.1317 105.9004 105.9779 106.4823 107.1829 107.1456 107.2971 106.5421 106.3825 107.6793 12 
0.002774708 0.00310042 0.003290842 0.001350227 0.001568971 0.001791673 0.002029829 0.002346338 0.002785889 0.003411431 0.004409001 NaN 0 302.0616 321.168 339.2995 341.1316 345.3832 345.5426 343.6653 346.2246 322.2028 213.5856 13 
0.001589846 0.005292987 0.002410947 0.0009391681 0.001063226 0.001192794 0.001351617 0.001558087 0.001819577 0.002202568 0.002777185 0.003632675 2.905278e-06 102.8769 107.1699 108.1985 108.7274 109.0106 107.9964 108.223 108.6069 108.458 108.4383 14 
0.001581732 0.005252202 0.002343834 0.0009338636 0.00106625 0.00118725 0.001340886 0.001537784 0.001818859 0.002202676 0.00277263 0.003626059 4.924124e-22 102.2048 107.4711 107.5411 107.9508 107.8829 108.8689 108.7055 108.645 108.4393 108.6296 15 
0.001572825 0.00522795 0.00239959 0.0009251854 0.00105841 0.001186433 0.001342407 0.001533488 0.001810796 0.002192722 0.002759753 0.003608343 1.356904e-05 100.8046 106.3589 107.2393 107.7317 107.1521 108.0517 108.007 108.0536 108.357 107.9746 16 
0.001536702 0.00492914 0.002401823 0.0009162753 0.001045798 0.001183732 0.001338973 0.001537614 0.001808913 0.002190472 0.00275685 0.003601478 1.840591e-05 98.77233 104.076 106.1495 106.4355 106.454 106.6066 106.585 106.5352 106.6055 106.3021 17 
0.001554518 0.005055628 0.00241448 0.0009260232 0.001051993 0.001172149 0.001337247 0.001543956 0.001814453 0.002192662 0.00276843 0.003618252 2.008902e-06 100.2988 105.0336 105.4431 107.0889 107.5849 107.4453 107.1379 107.7514 106.8314 107.0515 18 
0.001601879 0.005360965 0.002370106 0.0009290608 0.001056121 0.001191169 0.001344694 0.001538396 0.001809222 0.002191846 0.002756725 0.003607267 9.928115e-06 102.2851 107.2591 108.9804 109.0858 108.7465 109.1015 109.3441 109.3329 110.1093 109.6761 19 
0.001579078 0.00515088 0.002370149 0.000930072 0.001058818 0.001186422 0.001347232 0.0015477 0.001814499 0.002192841 0.002759999 0.003610128 2.086738e-18 101.6061 106.6186 107.526 108.4202 108.3307 108.0202 107.9097 108.1374 109.0636 108.0041 20 
0.002805818 0.003117128 0.003390651 0.001343216 0.001566534 0.001779963 0.002027852 0.002362921 0.00279261 0.003413463 0.004425542 4.904979e-16 0 297.5442 318.64 334.0519 340.8958 346.2053 341.8232 343.4162 345.7088 319.7767 214.5661 21 
0.00157059 0.005148125 0.002335262 0.0009314167 0.001056096 0.001185809 0.001341342 0.001537677 0.001817641 0.002199206 0.002768073 0.003619948 1.223243e-05 101.5694 106.1098 107.3158 107.7466 107.5971 108.4869 108.184 108.1694 108.5975 107.5908 22 
0.002838261 0.003089151 0.003446484 0.001370068 0.001588027 0.001805401 0.002045586 0.002382723 0.002825581 0.003462788 0.004484337 NaN 0 306.1312 325.0184 342.6198 346.3649 353.7639 349.6244 350.8867 350.9539 325.0036 220.2319 23 
0.001605255 0.005357672 0.00234187 0.0009279269 0.001066284 0.001187237 0.001347617 0.001551298 0.001824309 0.002208049 0.002776524 0.003633494 1.19753e-17 102.2619 108.4324 108.4752 109.5204 109.7107 109.7183 109.6034 109.3463 109.7645 109.412 24 
0.002766149 0.003101361 0.003254532 0.001361281 0.001567789 0.001782432 0.002022104 0.002329499 0.002793329 0.003447702 0.004457956 NaN 0 302.4646 317.7031 335.9776 339.1943 340.9285 348.0335 343.4365 344.4785 319.5672 213.2136 25 
0.001594487 0.005318123 0.002388239 0.0009334518 0.001060213 0.001189432 0.00134578 0.001544881 0.001820652 0.002214071 0.002782378 0.003638977 1.250262e-05 102.3874 107.1614 108.2335 108.6927 108.6546 109.0791 109.5801 108.7759 108.5885 108.8319 26 
0.002793527 0.003118222 0.003380507 0.001364081 0.001590291 0.001791674 0.002026201 0.002354055 0.002800323 0.003430424 0.004418489 NaN 0 302.4797 322.8502 333.9118 339.7472 344.5299 343.3293 341.2048 340.8922 320.0718 212.0492 27 
0.002808016 0.003123129 0.003398944 0.001362535 0.001584821 0.001785715 0.002034006 0.002348237 0.002784417 0.003438859 0.004469812 NaN 0 301.9669 321.8181 333.7264 342.7284 342.0889 343.8375 345.8823 344.1145 319.002 214.1432 28 
0.001578141 0.005209635 0.002361863 0.0009243026 0.001062998 0.001188849 0.001338618 0.0015547 0.001829546 0.002204794 0.002780373 0.003635846 2.738984e-06 100.9569 107.127 107.6449 107.6473 109.1114 108.8363 107.9505 108.436 107.7529 108.2083 29 
0.002801503 0.003110742 0.003368999 0.001351349 0.001567991 0.001774568 0.002034827 0.002357794 0.002799271 0.003432119 0.004443476 NaN 0 299.8846 318.8238 333.7471 344.2679 343.9429 345.854 343.7938 346.6747 320.1984 214.9964 30 
0.001587913 0.005253577 0.002381054 0.0009300855 0.001054466 0.001180119 0.001340925 0.001542163 0.00181338 0.002199923 0.002777102 0.003633026 3.517225e-06 101.9354 106.5521 107.4746 108.5702 108.7136 108.8401 109.1518 109.4813 108.6325 108.5283 31 
0.001562079 0.005206948 0.002377972 0.0009295146 0.001062549 0.001184739 0.001335647 0.001538518 0.001815677 0.002205896 0.002763569 0.003612605 6.789149e-06 101.1656 106.5244 106.7442 106.9299 107.4302 107.9666 108.3013 107.0715 108.4287 107.1085 32 
0.001560678 0.005092125 0.002353862 0.0009305581 0.001060494 0.001178198 0.001333118 0.001546151 0.00180696 0.002188272 0.002759293 0.003607299 4.7545e-19 101.133 106.1598 106.0888 106.8282 108.0654 107.1452 107.5207 107.9558 107.7892 107.7329 33 
0.002810492 0.003121414 0.003396846 0.001351938 0.001572893 0.00178191 0.002030003 0.002349091 0.002789701 0.003433031 0.004443599 NaN 0 300.4124 320.5866 335.097 342.5506 344.0596 345.4236 345.5105 344.5839 320.95 214.7239 34 
0.001571692 0.00521155 0.002360953 0.0009237547 0.001049897 0.001184715 0.001336719 0.001531103 0.001804545 0.002188401 0.002744655 0.003588575 2.555166e-06 100.6938 105.5989 107.4101 107.5134 107.4041 108.04 108.3392 107.7112 108.8796 108.5336 35 
0.00158153 0.005330777 0.002355841 0.0009314412 0.001060482 0.001185596 0.001342732 0.001545544 0.001827587 0.002200026 0.002777713 0.00363348 2.744119e-06 102.0649 107.0691 107.699 108.3568 108.6175 109.3432 108.173 109.0283 108.4571 108.3508 36 
0.001588604 0.005300367 0.002416621 0.0009228139 0.001048773 0.001176307 0.001322533 0.001543862 0.00180712 0.002189914 0.002751324 0.003598159 2.574355e-06 100.9695 105.9473 107.1725 107.1605 109.5048 108.6314 109.0218 108.6414 109.2925 108.9919 37 
0.001578697 0.0051269 0.002432784 0.0009259405 0.00105286 0.001189232 0.001337384 0.001538645 0.001808444 0.002192352 0.002757875 0.00360568 3.309197e-16 100.881 105.8171 107.6845 107.3435 107.7854 107.8535 108.1454 108.0274 108.1987 108.3178 38 
0.001603425 0.005326006 0.002392747 0.0009276656 0.00106545 0.001182937 0.001340977 0.001542007 0.001808957 0.002206909 0.002779666 0.003636908 3.64481e-19 102.0624 108.16 107.9124 108.9156 109.1035 108.9882 110.2946 109.8161 109.2419 109.2733 39 
0.00157835 0.005288012 0.002364493 0.0009256054 0.001058951 0.001192077 0.001335879 0.001547026 0.001826251 0.002200861 0.002776075 0.0036304 2.050046e-06 101.2066 106.803 108.142 107.4436 108.7294 109.0356 108.0937 108.6762 108.0382 108.3674 40 
0.002829726 0.003094678 0.00348241 0.00135533 0.001567402 0.001782368 0.002032235 0.00235995 0.002786393 0.003405433 0.00441255 NaN 0 299.0314 316.8358 335.3345 342.0769 346.1405 343.3483 344.9805 347.9585 321.8701 219.0166 41 
0.001587121 0.005279677 0.002428465 0.0009209144 0.001063532 0.001184417 0.00134217 0.001534044 0.001818318 0.002199608 0.002770084 0.003622821 2.026085e-06 100.7524 107.4366 107.4507 108.3068 107.7656 109.1255 108.6832 108.7584 108.6156 108.4169 42 
0.001557642 0.005107701 0.002356401 0.0009294283 0.001059625 0.001184146 0.001341289 0.001538333 0.001821244 0.002193361 0.002770579 0.003622482 1.6597e-05 100.9985 106.0744 106.6204 107.2813 107.1183 108.1432 107.079 108.0466 107.5774 107.1033 43 
0.002765827 0.003125292 0.003276244 0.001346629 0.001570097 0.001780136 0.002030113 0.002356064 0.002811217 0.003452566 0.004457233 NaN 0 298.0661 318.431 332.1886 339.4994 341.6927 343.7385 339.8788 340.383 316.7335 209.5689 44 
0.001581332 0.005213929 0.002353201 0.0009296394 0.001059075 0.001188906 0.001353472 0.001554158 0.001819044 0.00220874 0.002781499 0.003637462 1.211802e-16 101.6264 106.7377 107.8444 108.965 108.6874 108.1016 108.6288 108.4353 107.9592 108.364 45 
0.001552275 0.005042493 0.002367744 0.0009326638 0.001052816 0.001190241 0.001336496 0.001550813 0.001808538 0.002196192 0.002765555 0.003614045 5.284418e-06 101.0841 105.0478 107.0273 106.4309 107.8277 106.5318 107.3033 107.24 106.8911 107.3462 46 
0.001583713 0.005255804 0.002328337 0.000935993 0.001063134 0.001187687 0.001338047 0.001542477 0.001821531 0.002199071 0.002774167 0.003629047 2.97631e-19 102.557 107.2523 107.7962 107.8637 108.4853 109.0753 108.4945 109.0703 108.6705 108.5888 47 
0.002812269 0.003108427 0.003416362 0.001354063 0.0015734 0.001777322 0.002017671 0.002341576 0.002773273 0.003425861 0.004473372 NaN NaN 298.8901 318.4506 332.3925 339.5065 343.7472 342.4156 347.8576 347.3373 318.9251 217.2265 48 
0.002805436 0.003101096 0.003381107 0.001371062 0.001579117 0.001782891 0.002029663 0.002357139 0.002800292 0.003441805 0.004457037 NaN 0 304.0092 319.6588 335.365 342.7501 345.8533 345.5968 345.893 345.8559 321.0831 216.1058 49 
0.001600961 0.005405372 0.002377245 0.0009221902 0.00105399 0.001180046 0.001342433 0.001550887 0.001827088 0.002198893 0.002779149 0.003636951 5.026462e-06 101.442 107.0979 108.0151 109.3036 109.9512 110.0557 108.9652 110.0138 109.2106 109.1244 50 
0.001575797 0.005232106 0.002393144 0.0009306244 0.001054823 0.001188821 0.001341235 0.001549443 0.00181607 0.002203433 0.002760567 0.003609511 2.093628e-06 101.6611 106.1727 107.7925 107.8152 108.5813 108.0352 108.4176 107.3717 108.5816 108.1764 51 
0.002779802 0.003112537 0.003329502 0.00134602 0.001575227 0.001780757 0.002015473 0.002329476 0.002769544 0.003408804 0.004420181 NaN 0 297.0042 318.8231 330.9179 336.5605 339.816 341.5442 341.7414 342.853 318.2032 212.9684 52 
0.001564115 0.005233308 0.002371567 0.0009221963 0.001053234 0.00118518 0.001347731 0.001535495 0.001822838 0.002201601 0.002768252 0.003619043 3.341109e-06 100.4653 105.8662 107.2483 108.2252 107.1452 108.7024 107.8553 107.6703 108.0552 107.423 53 
0.001547246 0.005105601 0.002356924 0.0009292319 0.001048867 0.001186415 0.00133272 0.001531186 0.001795131 0.002184496 0.002749876 0.00359301 2.001612e-06 100.6638 104.6498 106.7362 106.2264 106.5597 106.4528 107.5266 107.4239 107.1955 107.7002 54 
0.001551546 0.005125409 0.002356163 0.0009291117 0.001056193 0.001188369 0.001336324 0.001545153 0.001817565 0.002201428 0.00276581 0.003614012 3.478047e-06 100.8347 105.5751 106.9085 106.5819 107.544 107.4511 107.4175 106.9528 106.9628 107.4365 55 
0.002780367 0.003097054 0.003309277 0.001353988 0.001579528 0.001790146 0.002033783 0.002346003 0.002791132 0.00343387 0.004444641 NaN 0 300.2899 320.857 334.9068 341.0664 342.1924 345.4605 343.7655 344.8301 320.0646 214.412 56 
0.001589788 0.005318799 0.002372727 0.0009260204 0.001056507 0.001188561 0.001343739 0.001545048 0.001812557 0.002190626 0.002766903 0.003620633 3.740558e-06 101.6154 106.9733 108.3441 108.6883 108.8768 108.6678 108.5849 109.4649 109.9272 108.0672 57 
0.001574301 0.005162393 0.002313568 0.0009232077 0.001061295 0.001190639 0.001347122 0.001549015 0.001808934 0.002202578 0.002769898 0.003621352 4.597603e-06 100.8438 106.9827 107.8657 108.3055 108.4051 107.5689 108.7005 108.1845 107.9175 108.6749 58 
0.001570699 0.00513102 0.002323701 0.0009284746 0.001057152 0.001194423 0.001344051 0.001543744 0.001809912 0.002204752 0.002763176 0.003613275 4.162658e-06 101.3166 106.348 108.1539 107.7826 107.9218 107.664 108.7052 107.5025 108.8193 107.7929 59 
0.002801158 0.003104838 0.003362478 0.001363435 0.001579983 0.001789505 0.002030964 0.002359204 0.002807381 0.003431047 0.004432415 NaN 0 304.2673 322.5136 337.8455 343.169 347.7535 347.3363 343.6674 348.0599 321.9803 215.2502 60 
0.002792871 0.003093848 0.003344456 0.001352534 0.001572209 0.001792006 0.002036474 0.002360515 0.002790834 0.003419048 0.004440136 NaN 0 299.8511 319.2513 336.9167 341.2441 345.5449 343.1542 344.675 347.3071 320.2103 215.9119 61 
0.00154443 0.00509429 0.002319487 0.0009234406 0.001052214 0.001189284 0.001343268 0.001551954 0.001819124 0.002203676 0.00276541 0.003613922 2.852391e-06 100.1765 105.2453 107.1008 107.1657 107.8475 107.2148 107.2678 106.5616 107.2482 106.9524 62 
0.002836629 0.003098485 0.003477047 0.00136141 0.001578149 0.001802069 0.002049677 0.002355438 0.002789488 0.003437087 0.004448762 NaN 0 302.2745 321.1809 340.6495 344.7219 344.9739 347.5915 348.6563 346.6477 323.5682 218.9057 63 
0.002827249 0.003115862 0.003468747 0.001358216 0.001567177 0.001782627 0.002021565 0.002343612 0.002773795 0.003411841 0.00443265 NaN 0 300.3992 317.3882 336.0196 339.7351 344.8917 342.8775 346.3496 346.2278 320.7029 217.108 64 
0.001627222 0.005489895 0.00242693 0.0009315684 0.001061823 0.001188928 0.001345179 0.001535513 0.001819507 0.002187045 0.002758174 0.003611718 9.094687e-06 103.0435 108.3627 109.2217 109.7952 109.1732 110.6198 109.392 110.4563 111.3705 110.192 65 
0.001546425 0.005015158 0.002345832 0.000925632 0.001054615 0.00118417 0.001336595 0.001546278 0.001812492 0.002184142 0.002751245 0.003595247 1.24208e-19 100.1017 105.1201 106.2448 106.4343 107.3725 106.8263 106.3084 106.8875 107.0787 107.3464 66 
0.001596712 0.005331452 0.002335743 0.0009252125 0.001057924 0.001183268 0.001339976 0.001539878 0.001819541 0.002199431 0.002763116 0.00361578 3.090866e-06 101.8393 107.4874 108.2078 108.9455 109.1063 109.8933 109.4474 109.1461 110.3081 108.9792 67 
0.001559682 0.005115586 0.002337167 0.0009299158 0.001045805 0.001187385 0.001349902 0.001548239 0.001819793 0.002195974 0.002762822 0.003611262 3.412547e-06 100.9886 104.6586 107.2783 108.0181 107.6808 107.6776 107.1335 107.2679 107.3943 107.8184 68 
0.002824368 0.003108296 0.003443219 0.001360377 0.001573743 0.00178744 0.002036625 0.002352039 0.002803999 0.003452256 0.004466919 NaN 0 301.8329 319.8402 337.2265 343.6631 344.7802 348.9153 346.3576 347.1885 321.4378 217.3579 69 
0.001590216 0.005296451 0.002353569 0.0009299337 0.001065689 0.001188063 0.001334523 0.001550216 0.001822234 0.002200885 0.002771702 0.003626141 1.889201e-06 101.9741 107.7396 107.9268 107.7485 109.3653 109.0659 108.7011 108.9192 109.1503 108.6691 70 
0.001549408 0.005125065 0.002307305 0.0009283105 0.001053144 0.00117252 0.001347481 0.001538443 0.001818825 0.002181016 0.002760242 0.003608413 2.906244e-06 100.7514 105.3048 105.6243 108.0692 106.9992 107.975 106.3844 108.096 107.2798 107.5862 71 
0.001573603 0.005261891 0.002354625 0.0009215341 0.001053764 0.001182683 0.001335839 0.001544815 0.001813838 0.002202345 0.002777543 0.003632192 8.023198e-06 100.7065 106.3005 107.4129 107.7717 108.728 108.4444 108.8768 108.8973 107.9742 108.1205 72 
0.002789449 0.003125743 0.003349084 0.001361545 0.00156705 0.001777121 0.002019564 0.002339402 0.002771956 0.003426199 0.004445349 NaN 0 302.1765 317.56 334.7386 339.4949 342.5277 341.6147 346.0804 341.0098 319.6375 212.3622 73 
0.002793443 0.003106355 0.003336377 0.001349378 0.001572726 0.001782676 0.002028982 0.002352504 0.002789912 0.003433945 0.004444977 1.738367e-17 0 299.9856 320.5641 334.974 341.9658 344.895 344.5545 346.337 344.0262 321.4326 214.6562 74 
0.001590356 0.005246475 0.002299552 0.0009250546 0.001059338 0.001194879 0.001351683 0.001542342 0.001824741 0.002201429 0.002782788 0.00364193 0 101.7134 107.5153 109.097 109.3825 108.5823 109.6551 108.8366 109.8135 108.9884 108.8133 75 
0.001568865 0.005145275 0.002373201 0.0009334681 0.001052002 0.001185077 0.001342206 0.001541324 0.001815278 0.00219993 0.002778147 0.003633484 4.793977e-06 101.6552 105.5134 107.1953 107.6998 107.7037 108.0451 108.1172 108.5861 108.2419 106.9198 76 
0.002799699 0.003105789 0.003373816 0.001348085 0.001574479 0.001779876 0.002025491 0.002346193 0.002782118 0.003427436 0.004439215 NaN 0 299.2664 320.7262 333.6018 341.7185 343.9728 344.3552 346.5385 344.2798 321.4909 215.3874 77 
0.001588806 0.005305072 0.002365088 0.0009306099 0.001059094 0.001189636 0.001347112 0.00154556 0.001815704 0.002199283 0.002771822 0.00362599 2.475091e-06 102.0635 107.0776 108.2663 108.7871 108.6401 108.6698 108.8078 109.0528 108.9034 108.837 78 
0.001566746 0.005101708 0.002352279 0.000925925 0.001058498 0.001184996 0.001335962 0.001535835 0.001806699 0.002194346 0.002754316 0.003601167 4.602887e-06 100.7004 106.164 106.9193 107.0715 107.3801 107.6336 108.1934 107.5484 108.6511 107.6951 79 
0.001571629 0.005243112 0.002351545 0.0009281571 0.001060729 0.001181754 0.001340423 0.001538865 0.001815209 0.002194344 0.002776316 0.003631052 1.354675e-05 101.3762 106.7878 106.9866 107.9214 107.8724 108.4551 108.1443 109.1953 107.7531 108.163 80 
0.002837763 0.003076421 0.003462639 0.001364685 0.001590965 0.001798029 0.002034707 0.00236119 0.002801779 0.003433023 0.004447161 NaN 0 305.8275 327.0563 340.834 346.8326 352.2168 350.9136 350.973 353.7197 326.6351 222.2482 81 
0.001571925 0.005324264 0.002390725 0.0009228703 0.001060303 0.001190578 0.001344962 0.001549462 0.001816441 0.002203806 0.002772341 0.003624153 4.499626e-06 100.8165 106.8536 107.8188 108.0399 108.3909 107.9248 108.2867 107.9684 107.7601 108.1688 82 
0.001586691 0.005329469 0.002367434 0.0009213512 0.001053631 0.001184011 0.001344194 0.001542162 0.001810372 0.002201535 0.002772391 0.003625773 2.41851e-06 100.9896 106.6517 107.9292 108.8335 108.6754 108.6489 109.3859 109.1151 108.5629 108.9679 83 
0.001543741 0.005045211 0.002344047 0.0009250205 0.001061124 0.00118821 0.001339576 0.001544535 0.001803572 0.002195227 0.002769955 0.003619641 1.208144e-05 100.2979 106.0238 106.65 106.6853 107.2011 106.3075 107.4077 107.5826 106.4756 107.188 84 
0.001574247 0.005160323 0.002423738 0.0009196863 0.001053721 0.00117928 0.001344064 0.001548894 0.001814493 0.002196192 0.002765517 0.003616042 2.800711e-06 100.2611 106.0727 106.8573 108.2889 108.5092 107.9592 107.9972 108.0483 108.2522 107.6651 85 
0.001568006 0.005201688 0.002376358 0.0009263886 0.00104998 0.00117457 0.001339322 0.00153556 0.001807559 0.002192097 0.002761954 0.003611267 7.251413e-06 100.9423 105.5004 106.4145 107.9433 107.6629 108.0688 108.3346 108.412 108.3119 107.8392 86 
0.001578345 0.005195154 0.00236214 0.0009190638 0.001061326 0.001183489 0.001346209 0.001540048 0.001816106 0.002206328 0.00277729 0.003631767 7.68159e-22 100.4221 107.1118 107.3084 108.5674 107.9858 108.6047 108.9466 108.5702 108.0936 108.2268 87 
0.001584693 0.005249616 0.002328949 0.0009241351 0.001054744 0.001178404 0.001341347 0.001543106 0.001821851 0.002216166 0.002790623 0.00364994 3.008585e-06 101.3688 106.7949 107.4636 108.8389 108.9806 109.575 109.9458 109.2995 108.1691 108.5791 88 
0.002756194 0.003125442 0.003255601 0.001347018 0.001561795 0.001768184 0.002014256 0.002320104 0.002741476 0.003395577 0.004423701 NaN 0 296.6702 314.5123 329.0432 335.9437 335.4108 336.682 342.4467 339.1644 315.942 209.9211 89 
0.001572648 0.005239794 0.002404366 0.0009202144 0.001056361 0.00118353 0.001344228 0.001536109 0.001819954 0.002197777 0.002768983 0.003620899 1.021002e-05 100.3616 106.3633 107.1924 108.1673 107.5152 108.7626 108.0277 108.281 108.4518 107.4921 90 
0.00280875 0.003113348 0.003419267 0.001340268 0.001569537 0.001788497 0.002040882 0.002345266 0.002801301 0.003438984 0.004435972 NaN 0 295.9294 318.6434 334.4466 341.446 340.0916 347.8195 341.0353 345.0172 319.3958 214.9282 91 
0.001590254 0.005267508 0.00243662 0.0009279088 0.001060834 0.001188366 0.001339695 0.001541465 0.001813335 0.002198165 0.002775509 0.003630438 1.978746e-06 101.5083 107.029 107.8386 107.9468 108.3213 108.4858 108.7106 109.2094 108.3701 108.4387 92 
0.001579671 0.005212484 0.002304846 0.0009248563 0.001057127 0.00118644 0.001347447 0.001537292 0.001818824 0.002185329 0.00275553 0.003605064 1.224905e-18 101.2765 106.8188 107.895 108.8066 107.9483 109.0889 107.7941 108.7699 109.365 108.6978 93 
0.001581741 0.005251073 0.002367558 0.0009275498 0.00106479 0.001183837 0.001341736 0.001547934 0.001818518 0.002196845 0.002775061 0.003630403 4.4263e-21 101.5695 107.5136 107.3858 108.2722 108.7814 108.6114 108.3179 109.1223 108.6436 108.1728 94 
0.002770193 0.003123086 0.003300888 0.001351515 0.001573052 0.001772665 0.00201754 0.002343434 0.002778366 0.003411696 0.004415075 1.915987e-16 0 299.0597 318.5953 330.2333 338.5932 341.2591 340.0732 340.9752 340.5 318.0615 210.5049 95 
0.001581739 0.005199093 0.002349681 0.0009316658 0.001062921 0.00119146 0.001346171 0.001548716 0.001821111 0.002212953 0.002783723 0.003640309 2.092828e-18 101.9085 107.1455 108.0095 108.2923 108.5097 108.5262 108.9875 108.4515 108.0139 108.4267 96 
0.002809343 0.003107362 0.003401837 0.001346798 0.001566881 0.001775317 0.002043252 0.002353941 0.002800716 0.003448999 0.004450282 NaN 0 298.9198 319.0802 334.0999 346.3027 342.0494 348.6865 345.6121 344.8541 321.8532 215.9147 97 
0.001598708 0.005272212 0.002429753 0.0009265877 0.001062234 0.001190518 0.001347548 0.001543366 0.00182034 0.002200838 0.00277871 0.003635658 8.586824e-19 101.5538 107.4375 108.2722 108.8126 108.482 109.0765 108.7501 109.3907 108.8608 108.5823 98 
0.00283577 0.003094623 0.003495012 0.001355357 0.00158201 0.001781645 0.002035744 0.002365738 0.002815167 0.003463688 0.004476918 NaN 0 301.1519 322.916 334.8434 346.5493 348.3873 349.9525 349.4323 348.1482 323.7467 219.7256 99 
0.001556237 0.005172138 0.002301461 0.0009328534 0.001053901 0.001189416 0.001349562 0.001545105 0.00181216 0.002204121 0.002772555 0.003624924 7.986845e-06 101.471 105.5513 107.3445 107.9309 107.426 107.2758 108.0411 107.5922 108.3115 106.699 100 
