0.9061064 0.8999251 0.4964174 0.04542435 0.06198849 0.08068891 0.104406 0.133976 0.1723409 0.2266442 0.3138047 0.4907243 1 10212.93 19466.92 30943.12 44281.79 59446.72 76071.58 93667.35 111799.1 130133.8 148853.6 224833.7 1 
0.9072363 0.8988263 0.4957536 0.04427692 0.06099491 0.08188861 0.1052377 0.1345738 0.173151 0.228053 0.3111767 0.4874463 1 9941.706 18961.18 30291.35 43982.29 59371.64 76140.61 93882.66 112187.1 130233.8 148854.7 224534.7 2 
0.8967834 0.8996035 0.5015965 0.04429014 0.06143042 0.0818219 0.1068155 0.1331492 0.1711911 0.2255978 0.3148166 0.4874715 1 9917.524 18811.39 30016.11 43352.52 58577.09 74463.83 91222.5 108505.5 126158.2 143747.7 223921.7 3 
0.8972534 0.8989655 0.5019577 0.04487449 0.06115672 0.08231623 0.1048626 0.1357604 0.1720676 0.2265921 0.3172279 0.4839129 1 10036.88 19042.5 30150.77 43562.54 58387.02 74755 91574.31 108877.5 126613.8 143728.9 223665.5 4 
0.9027335 0.897444 0.4985754 0.04451452 0.06063076 0.08186744 0.1057426 0.1330148 0.171262 0.2266069 0.3153705 0.4872293 1 9981.308 18991.77 30134.32 43679.47 58969.89 75213.41 92432.71 110346.1 128570.8 146694.1 224225.9 5 
0.9006107 0.8992686 0.5001085 0.04489957 0.06225288 0.08106345 0.1055975 0.1330299 0.172103 0.2265534 0.3135089 0.4876321 1 10071.26 19141.55 30575.84 43822.45 58961.62 75067.13 92243.25 109925.4 127737.9 145727.6 224306.5 6 
0.9025584 0.8997864 0.4979861 0.04492995 0.06143586 0.08194359 0.1061402 0.1341319 0.1720458 0.225213 0.3133007 0.4896896 1 10111.05 19236.87 30566.76 44118.36 59476.01 75884.54 93150.3 110800.6 128811.1 147178.6 225040.3 7 
0.9024241 0.8970414 0.5000704 0.04507716 0.06176236 0.08137647 0.10633 0.132923 0.1715508 0.2266966 0.3118639 0.4849624 1 10096.07 19207.01 30542.42 43891.82 59209.68 75329.6 92483.53 110285.6 128062.8 146105.5 223973.1 8 
0.9043293 0.8972296 0.4992802 0.04466953 0.06090174 0.08266024 0.1053642 0.1331718 0.1727004 0.2269216 0.3138737 0.486569 1 10007.07 19056.76 30267.62 43985.23 59203.15 75505.04 92973.81 110920.5 129010.6 147196.5 224024.6 9 
0.8964072 0.8997509 0.5009906 0.04472592 0.06140623 0.08140424 0.1051363 0.1328949 0.1735902 0.2263919 0.3131706 0.4868069 1 10037.03 19034.3 30226.44 43474.63 58403.48 74333.99 91529.54 108880.2 126315.6 143887 224412 10 
0.8976967 0.8989146 0.5013726 0.04385072 0.06153459 0.0817103 0.105626 0.1349829 0.1716961 0.2271659 0.3145693 0.4861733 1 9828.322 18651.17 29930.15 43301.44 58378.85 74702.36 91591.93 109106.3 126715.9 144231.4 224131.3 11 
0.8963756 0.8996644 0.500594 0.04472645 0.06227414 0.08132907 0.1046901 0.1350304 0.1726573 0.2279967 0.3137048 0.4866866 1 10064.66 19086.38 30495.16 43729.09 58584.4 74901.01 91899.83 109428 126822.7 144274.9 225027.1 12 
0.903356 0.9004563 0.4992732 0.04444822 0.06216799 0.08155219 0.1055837 0.1349942 0.1721079 0.2257412 0.3143595 0.4853922 1 9933.627 18907.23 30356.18 43755.53 58948.38 75461.04 92661.46 110303.2 128319.9 146278.1 223487.6 13 
0.8972219 0.8994765 0.5002892 0.04470302 0.06155295 0.08220883 0.104853 0.1358891 0.170923 0.2278419 0.3161006 0.4849935 1 10030.09 19029.31 30266.87 43692.26 58558.79 74996.58 91696.14 109246.2 126914.9 144192.5 224371.7 14 
0.9032688 0.900059 0.4969718 0.04432973 0.06169047 0.0823625 0.1060848 0.1341064 0.1726725 0.2274813 0.3148176 0.4877643 1 9931.371 18902.07 30281.75 43898.74 59208.94 75581.24 92909.2 110776.9 128772.1 146795 224034.1 15 
0.8997817 0.901117 0.4999506 0.04482001 0.06149972 0.08173627 0.1064007 0.1339202 0.1707636 0.2244831 0.3188466 0.4883373 1 10041.68 19077.01 30326.27 43703.09 58946.27 75109.19 91955.37 109309.3 127621.2 145363.4 224044.7 16 
0.9007851 0.8999479 0.4987759 0.04508262 0.06167087 0.08226725 0.105627 0.134387 0.1725897 0.2269794 0.3167699 0.4886365 1 10122.5 19240.69 30554.56 44074.18 59203.88 75521.73 92699.07 110347.1 128360 146147.5 224532.1 17 
0.8988597 0.9012015 0.5013799 0.04499247 0.0608996 0.08208489 0.1052782 0.1337067 0.1719295 0.2276551 0.3136721 0.4866707 1 10056.31 19095.51 30163.48 43567.08 58531.99 74624.12 91596.77 109218.1 126782.4 144425.8 223510.9 18 
0.8954413 0.898984 0.5018577 0.04447285 0.06101341 0.08172697 0.1057389 0.1343454 0.1713051 0.2284101 0.3112315 0.4888556 1 9963.243 18884.74 29971.11 43264.94 58258.3 74342.06 91046.02 108572.1 125655 143279.3 224029.8 19 
0.8957291 0.901693 0.5031976 0.04375745 0.06157989 0.08192623 0.1058812 0.1343391 0.1717236 0.2279896 0.3140732 0.4890312 1 9830.339 18635.66 29921.39 43317.46 58397.2 74538.98 91366.58 108891.3 126306.6 143863.1 224655.2 20 
0.9003333 0.9019236 0.4993488 0.04446757 0.06089223 0.08113342 0.1044452 0.134064 0.1732904 0.2268838 0.3154873 0.4902513 1 9970.599 18947.46 30105.26 43429.22 58410.65 74786.13 92177.7 109882.8 127841.2 145851.3 224221.8 21 
0.8994142 0.9005453 0.5018239 0.04509192 0.06087269 0.08212584 0.105843 0.1339076 0.1731598 0.2256143 0.3147186 0.4861351 1 10073.61 19133.95 30195.19 43611.25 58687.93 74802.58 91937.78 109255.9 126963.2 144569 223401.6 22 
0.904423 0.8997846 0.4987875 0.04413114 0.06179513 0.08090358 0.1067971 0.1346728 0.1722436 0.2262597 0.3142295 0.490116 1 9871.001 18798.56 30213.85 43554.66 59081.25 75611.46 92928.83 110734.8 128829.1 147190.6 223674.3 23 
0.8956381 0.9026439 0.5025324 0.04433456 0.06135726 0.08299584 0.1045835 0.1342629 0.1730486 0.2266524 0.3165335 0.4883261 1 9929.423 18822.59 29990.91 43535.17 58259.13 74327.39 91284.18 108525.3 126109.1 143430.8 223965.8 24 
0.897745 0.9000111 0.5020196 0.04464923 0.06114659 0.08184367 0.1053435 0.1347415 0.1710288 0.2235462 0.3146105 0.4893047 1 9988.545 18955.71 30085.82 43431.7 58398.26 74635.45 91395.01 108478 126265.5 144139.3 223711.5 25 
0.9017251 0.9018368 0.4989819 0.04398737 0.06055519 0.08230307 0.1070805 0.1348229 0.1728362 0.2266568 0.3135719 0.4906489 1 9855.157 18741.8 29870.27 43495.77 58994.56 75427.19 92670.55 110308.7 128082.7 146229.2 224045.2 26 
0.8970827 0.9001181 0.5013504 0.04417069 0.06110124 0.08103424 0.1056284 0.1331356 0.1726998 0.2263524 0.3125247 0.4877378 1 9906.307 18793.08 29957.04 43183.62 58276.22 74302.18 91420.12 108864.4 126344.2 144116 224273.3 27 
0.9033104 0.900321 0.4993662 0.04410226 0.06102439 0.08246908 0.1054597 0.1341958 0.1711767 0.2252221 0.3144942 0.4880836 1 9890.695 18825.06 30087.08 43778.54 59023.36 75487.72 92674.77 110416.2 128628.5 146925.3 224267.3 28 
0.8982304 0.8995149 0.5012425 0.04468659 0.06176983 0.0817992 0.1054703 0.1340272 0.1715192 0.2276623 0.3160574 0.4833499 1 9997.407 18977.38 30247.84 43572.19 58557.16 74672.32 91536.24 109122.1 126860.9 144120.2 223722.7 29 
0.8994654 0.8993325 0.5001835 0.04416695 0.06209756 0.08160058 0.1047607 0.1346109 0.1718059 0.2275061 0.3145417 0.4878377 1 9890.453 18786.57 30189.41 43535.76 58473.63 74813.23 91832.15 109513.1 127247.1 145012.3 223933.3 30 
0.8961023 0.900231 0.5022101 0.0450498 0.06131302 0.08173941 0.1059406 0.1346826 0.1717745 0.2272928 0.317535 0.4849289 1 10126.06 19200.04 30365.96 43680.51 58743.17 74918.74 91722.42 109138.5 126887.1 144020.3 224774.8 31 
0.8981869 0.8983042 0.501839 0.04509471 0.06095508 0.08305189 0.1048457 0.1334683 0.1723982 0.225185 0.3152772 0.4874345 1 10106.62 19184.25 30276.23 43884.49 58737.14 74773.4 91803.1 109095.2 126885.7 144558.9 224119.8 32 
0.8970094 0.9012407 0.5015124 0.04422948 0.06172453 0.08233581 0.1047628 0.134565 0.1719754 0.2264911 0.3157616 0.4901159 1 9910.675 18800.64 30083.48 43530.06 58365.05 74568.13 91457.92 108831.9 126516.7 144173.1 224074 33 
0.896746 0.8994773 0.5016439 0.04483353 0.06104932 0.08163527 0.106678 0.1336848 0.1720489 0.2277118 0.3144004 0.4866367 1 10051.19 19064.55 30169.02 43467.93 58677.88 74670.82 91546.73 109035.9 126505.3 143928.7 224189 34 
0.8984443 0.9002483 0.5016881 0.04432428 0.06113637 0.08186539 0.1053758 0.1359345 0.1707869 0.2258335 0.3152067 0.4893635 1 9901.477 18797.4 29940.16 43308.17 58301.8 74760.3 91463.11 108813.6 126547.6 144298.4 223387.2 35 
0.8990781 0.898953 0.5004191 0.0450089 0.06089862 0.08155117 0.1055766 0.1347983 0.172811 0.2290722 0.3141537 0.487789 1 10084.8 19151.82 30249.92 43584.47 58670.96 75001.48 92113.46 109880 127403.3 145015.6 224062.3 36 
0.8982342 0.9007644 0.5010591 0.04404693 0.06098828 0.08109487 0.1059709 0.133555 0.17124 0.2264341 0.3125523 0.4846953 1 9868.089 18731.94 29887.39 43154.54 58346.02 74473.57 91407.54 108968.6 126563.2 144262.4 224035.8 37 
0.8995383 0.8985457 0.501908 0.04468859 0.06214711 0.08218629 0.1040481 0.1333602 0.1726691 0.2255952 0.3169598 0.48899 1 10023.74 19040.48 30444.42 43902.2 58682.9 74825.82 92037.62 109521.4 127601.9 145429.5 224302 38 
0.899342 0.9010475 0.4997318 0.04438148 0.06192792 0.08119142 0.1057844 0.1344838 0.1721141 0.2265525 0.3167287 0.4857682 1 9968.142 18932.91 30318.95 43614.31 58793.68 75122.58 92203.81 109777.1 127765 145334.3 224601.4 39 
0.8959885 0.8986775 0.5021352 0.04517263 0.06148059 0.08223834 0.1060603 0.1326786 0.1723026 0.2264654 0.3159951 0.4883415 1 10123.46 19193.97 30353.36 43711.94 58713.5 74467.16 91344.21 108629.7 126242.5 143673.3 224106.2 40 
0.8963044 0.9015935 0.500317 0.04433804 0.06187448 0.08200488 0.1059571 0.1353095 0.1734922 0.2265819 0.3133344 0.4872637 1 9933.31 18836.58 30130.79 43477.45 58505.82 74744.41 91723.62 108906.3 126163.6 143567.8 224035.8 41 
0.8983567 0.8992977 0.5001823 0.04514452 0.06249269 0.08186952 0.1060665 0.1357494 0.1716374 0.2266843 0.3148749 0.4887525 1 10163.24 19293.46 30766.06 44138.05 59277.27 75705.79 92546.64 109982.9 127637.8 145328 225126.8 42 
0.8978691 0.8992883 0.5019537 0.0443895 0.06205707 0.08242671 0.1053463 0.1345772 0.172648 0.2252491 0.3158352 0.489317 1 9938.715 18862.38 30213.63 43669.4 58607.86 74792.64 91768.6 108965.8 126700.2 144354.1 223897.9 43 
0.9036776 0.899551 0.4987144 0.04385867 0.06120862 0.0818036 0.1051149 0.1339583 0.1729887 0.225853 0.3147852 0.4893744 1 9813.587 18681.9 29977.46 43519.9 58712.84 75164.79 92648.97 110420.6 128588.7 146886.4 223754.8 44 
0.9043642 0.8983549 0.496788 0.04522616 0.0607013 0.08139342 0.1060055 0.1343045 0.1721191 0.2251534 0.3167155 0.4884665 1 10139.47 19309.24 30456.02 43908.45 59288.09 75794.1 93148.49 110884.5 129321 147557.4 224194.8 45 
0.8961921 0.9003423 0.5023694 0.04451668 0.06150634 0.08181871 0.1059709 0.1339761 0.170808 0.2269108 0.3155778 0.4859241 1 9966.013 18897.48 30092.31 43393.5 58421.88 74435.27 91084.8 108481.3 126090.6 143427.1 223871.4 46 
0.8946613 0.9020433 0.5015264 0.04496284 0.05997708 0.08136021 0.1061466 0.1338547 0.1736989 0.2278357 0.3121353 0.48723 1 10083.54 19104.89 29938.31 43165.25 58250.48 74243.52 91295.17 108635.8 125709.7 143087.6 224263.8 47 
0.8980021 0.9003474 0.5013888 0.04406592 0.06134317 0.0809347 0.1061996 0.1344509 0.1715163 0.2267488 0.3145983 0.4892872 1 9863.752 18721.42 29937.91 43140.12 58343.85 74576.14 91463.44 108962 126629.6 144394.4 223840.8 48 
0.8990524 0.8986611 0.500925 0.04498379 0.06135814 0.08170582 0.1052678 0.1345175 0.1728297 0.2246084 0.3174375 0.485546 1 10094.78 19170.52 30385.25 43754.25 58783.32 75082.66 92226.36 109493.3 127564.8 145094.4 224409.4 49 
0.9025882 0.8987362 0.4990592 0.04491641 0.06131008 0.08132424 0.1052204 0.1346854 0.1727824 0.2280715 0.315577 0.4880677 1 10097.29 19210.98 30503.16 43921.96 59125.07 75678.8 93076.19 111055.7 129125.6 147125.8 224801.8 50 
0.8938233 0.8988556 0.5035556 0.04513547 0.06081009 0.08138598 0.1064544 0.1341969 0.1731456 0.2260041 0.3144462 0.4874798 1 10119.25 19164.06 30147.39 43309.89 58373.13 74322.39 91171.43 108192.9 125460 142699.6 224197.2 51 
0.8976799 0.9020027 0.5020376 0.04485226 0.06115337 0.08153703 0.1049548 0.1329548 0.1735006 0.2259233 0.3133769 0.4850799 1 10010.84 18997.38 30090.56 43331.17 58191.23 74112.81 91281.04 108579.3 126071.2 143570.5 223196 52 
0.9007304 0.900289 0.5016054 0.04451545 0.06086956 0.08119602 0.1059133 0.1328894 0.1715216 0.2264341 0.3169214 0.4816004 1 9955.487 18922.7 30051.2 43362.34 58586.53 74678.24 91783.65 109488.8 127654 145119.8 223641.2 53 
0.8984701 0.9012178 0.5011309 0.04360117 0.06109616 0.08194093 0.1034022 0.1332575 0.1732482 0.2272048 0.316066 0.4899448 1 9763.221 18535.18 29737.53 43194.44 57896.69 74073.85 91406.33 109072.6 126967.3 144788.8 223921.1 54 
0.9050937 0.8988924 0.4981733 0.04499599 0.06047219 0.08102415 0.1057699 0.1343372 0.1715825 0.2241083 0.3138089 0.4896965 1 10066.67 19177.94 30278.14 43669.07 59036.19 75593.62 92921.33 110614.1 128919.6 147526.9 223723.6 55 
0.897686 0.898764 0.501356 0.04532822 0.0619373 0.08191503 0.1062919 0.1333345 0.1720738 0.2253381 0.3125421 0.4873315 1 10196.06 19348.92 30669.81 44032.97 59185.48 75167.91 92125.9 109424.4 126942.6 144733.6 224938.4 56 
0.8962623 0.9005236 0.5004382 0.04417957 0.06124738 0.08090546 0.1046832 0.1352855 0.1722676 0.2278195 0.3131421 0.4867561 1 9924.022 18818.55 30016.48 43209.55 58119.45 74528.16 91503.03 109055.5 126447.1 143976.9 224629.2 57 
0.8941034 0.9011081 0.5034054 0.04465349 0.06206951 0.08154846 0.1051068 0.1332308 0.171085 0.2276363 0.3147855 0.4857422 1 9991.884 18925.66 30190.28 43344.04 58109.83 73912.31 90523.28 107890.1 125252.2 142426.6 223764.9 58 
0.8949914 0.9015351 0.502703 0.04553849 0.06187908 0.08211212 0.1061658 0.1348757 0.1732525 0.228053 0.3130286 0.4890409 1 10225.79 19377.78 30605.29 43901.3 58884.68 74950.55 91805.31 109072.2 126129.2 143483.4 224552.6 59 
0.8988601 0.900559 0.4999368 0.04486445 0.06133986 0.08124134 0.1049952 0.1336429 0.1723672 0.2263504 0.3137393 0.4853551 1 10054.66 19092.39 30291.64 43551.53 58529.21 74690.2 91808.75 109338.4 127034.9 144714.2 224112 60 
0.9061443 0.8994457 0.4958953 0.04439592 0.06137897 0.08172359 0.1048 0.1342142 0.1737801 0.2269661 0.3147557 0.4876706 1 9945.933 18958.38 30319.17 43895.25 59113.16 75734.9 93479.52 111524.2 129807.4 148148.2 224028.1 61 
0.8969548 0.8993511 0.5015087 0.04464105 0.06124415 0.08164087 0.104784 0.1353991 0.1715999 0.2274706 0.3141617 0.4876951 1 10002.55 18974.38 30129.31 43430.65 58292.96 74655.42 91473.96 108964.4 126454.5 143999.7 224066.2 62 
0.8968434 0.8983326 0.5012434 0.04490859 0.06082441 0.0814612 0.1067448 0.1350583 0.1725088 0.2254953 0.313982 0.4903986 1 10065.08 19091.88 30142.41 43409.87 58643.55 74871.96 91760.64 108916.9 126391.3 144115 224123.7 63 
0.9016622 0.8997335 0.4996245 0.04407927 0.06177395 0.0817803 0.1056676 0.1342821 0.173729 0.2274408 0.3142821 0.4910746 1 9880.422 18789.23 30177.89 43650.92 58863.96 75243.8 92673.81 110419.1 128233.3 146344.4 224151.2 64 
0.8992947 0.8998476 0.5001847 0.04531812 0.06168433 0.08167458 0.1044537 0.1360734 0.1710715 0.2264207 0.3129638 0.4876716 1 10182.6 19339.76 30623.99 43979.21 58857.27 75454.38 92320.07 109863.4 127498.9 145383.6 224691.6 65 
0.8954834 0.9014864 0.5035563 0.04434805 0.06040398 0.0814602 0.1052794 0.1354989 0.1710865 0.2278583 0.3151581 0.488118 1 9910.207 18784.63 29720.85 42959.89 57873.84 74169.54 90807.82 108243 125686.3 143051.5 223464.3 66 
0.8954507 0.9011263 0.5029428 0.04467193 0.06138125 0.08226589 0.1042236 0.1345748 0.172448 0.2258992 0.3141093 0.4883372 1 10023.82 18999.65 30171.16 43569.15 58259.26 74428.06 91332.3 108544.2 126000.4 143542.4 224387.4 67 
0.9029007 0.8996429 0.4971921 0.04444989 0.06147244 0.08205546 0.1057122 0.1339536 0.1725296 0.2266752 0.3157804 0.487827 1 9980.438 18991.78 30336.72 43913.97 59189.79 75585.04 92944.71 110771.5 128943.3 146999.7 224532.3 68 
0.8951264 0.8985228 0.5031944 0.04430518 0.06117883 0.08199462 0.1058381 0.1347372 0.1724454 0.2263826 0.3141996 0.4898698 1 9936.217 18830.39 29968.12 43324.12 58330.98 74468.09 91303.41 108502.4 125871.3 143409 224267.6 69 
0.8916694 0.9015848 0.5051032 0.0451671 0.0617746 0.08130566 0.1057045 0.1353815 0.170548 0.2265969 0.3142294 0.4861869 1 10114.25 19132.81 30268.49 43299.96 58090.21 74110.23 90385.34 107377.4 124470.5 141465.6 223929.5 70 
0.8986606 0.9005681 0.5000866 0.04468686 0.06154541 0.08170709 0.1047416 0.1338522 0.1716569 0.226886 0.3137509 0.4855497 1 10022.35 19029.04 30287.2 43646.81 58563.33 74754.61 91756.18 109366.1 127051 144727.7 224279.5 71 
0.9013822 0.9000125 0.5005904 0.04517597 0.0619025 0.08154016 0.1051863 0.1328343 0.1720657 0.2267456 0.3127713 0.4859753 1 10141.83 19283.5 30650.87 44024.68 59109.79 75232.98 92472.33 110256.5 128079.2 146089.7 224496.2 72 
0.9034233 0.9014019 0.4999737 0.04432164 0.0615712 0.08237647 0.1043688 0.1347192 0.1723124 0.2272704 0.3149702 0.4858775 1 9891.015 18826.79 30140.06 43716.22 58662.11 75156.29 92422.74 110269.9 128292 146200.4 223164.5 73 
0.9043319 0.8983145 0.4981279 0.04491169 0.06181636 0.08272254 0.1046902 0.1332743 0.1728433 0.2254489 0.3128076 0.4872798 1 10052.9 19144.06 30527.94 44198.95 59231.14 75517.09 92968.33 110697.1 128718 147031.4 223837 74 
0.9004679 0.900184 0.5005465 0.04452184 0.06143455 0.08248567 0.1059757 0.1359456 0.1721328 0.2260807 0.3169109 0.4860636 1 9963.249 18934.84 30186.16 43735.24 58895.56 75412.57 92390.48 109816.7 127767.2 145308.5 223783.4 75 
0.8990632 0.9004282 0.5003471 0.04515085 0.06137038 0.08212333 0.1061407 0.1342814 0.1724557 0.2281776 0.3152772 0.4895347 1 10145.98 19267.86 30491.08 43952.96 59137.59 75356.85 92420.33 110103.4 127796.3 145523.2 224712.9 76 
0.9000133 0.9009017 0.5000791 0.04485085 0.06122208 0.08209448 0.1065358 0.1352102 0.1711695 0.2266353 0.3131526 0.491312 1 10058.53 19111.34 30314.7 43792.29 59078.54 75470.32 92336.66 109894.5 127534.4 145632.4 224266.2 77 
0.8990016 0.8990822 0.5007075 0.04455244 0.06078024 0.08231285 0.1055289 0.1340182 0.1726243 0.2281871 0.3137162 0.487684 1 9988.866 18968.87 30073.14 43596.79 58677.88 74884.67 92009.69 109718 127287.7 144998.3 224204.7 78 
0.8974503 0.9004699 0.5003363 0.04454962 0.06061676 0.0826669 0.1053981 0.1344372 0.1720591 0.2268725 0.3143537 0.4877864 1 10002.34 18978.95 30036.11 43614.59 58625.49 74845.8 91799.1 109272.3 126869.2 144502.7 224521.4 79 
0.8991395 0.8995096 0.4993689 0.04449664 0.06053217 0.08183619 0.104671 0.1345643 0.1718316 0.2276083 0.3128284 0.4905789 1 9966.327 18927.44 29973.08 43403.83 58348.82 74704.75 91748.89 109457.9 127041.4 145073.3 223979.3 80 
0.9024629 0.9000188 0.4983514 0.04499133 0.06138287 0.08217253 0.1054584 0.1348184 0.1728634 0.2245365 0.3128697 0.4902003 1 10111.76 19237.24 30535.95 44112.23 59309.71 75824.79 93167.13 110658.1 128583.6 146960.1 224749.1 81 
0.900304 0.8997793 0.4984121 0.04398083 0.06097923 0.08231319 0.1058407 0.134849 0.1723276 0.2274592 0.3122486 0.4852591 1 9869.87 18755.75 29968.56 43563.66 58788.12 75219.06 92366 110082.3 127661.8 145453.9 224413 82 
0.9034493 0.8986931 0.4989211 0.04479624 0.06164102 0.08131441 0.1056225 0.1344698 0.1721704 0.2273466 0.3168179 0.4884685 1 10061.05 19150.7 30525.83 43948 59238.73 75761.47 93095.42 111051.2 129340.8 147411.6 224595.9 83 
0.8960538 0.9003272 0.5005418 0.0447163 0.06176059 0.08119202 0.1050923 0.133817 0.172601 0.2245094 0.3130701 0.4893141 1 10013.91 18986.9 30225.68 43380.43 58252.35 74282.27 91234.9 108306.4 125764.7 143522.9 223943.1 84 
0.9026633 0.8993564 0.4975297 0.04501825 0.06207686 0.08191755 0.1063306 0.1345142 0.1716277 0.2289044 0.3129448 0.4880644 1 10121.5 19257.81 30711.82 44219.08 59573.81 76000.28 93145.49 111194.5 128956.2 147033.5 224831.1 85 
0.8943025 0.8985292 0.5017295 0.04440588 0.06057322 0.08071205 0.1055845 0.134486 0.1717259 0.2285621 0.3145428 0.4845045 1 9992.82 18929.42 29954.35 43093.31 58146.57 74339.02 91169.51 108749.3 126148.5 143322.1 225033.7 86 
0.9036015 0.9011541 0.4982167 0.04467184 0.0604521 0.08142007 0.1054206 0.1332056 0.1727619 0.2255195 0.3144465 0.4865564 1 10013.68 19062.05 30170.14 43643.63 58920.25 75264.09 92767.64 110561.1 128774.7 146987.7 224160.8 87 
0.9001175 0.9000553 0.5027877 0.0450636 0.06160047 0.08116319 0.1060402 0.1332269 0.1716013 0.2258742 0.3128686 0.4854213 1 10064.65 19124.02 30351.93 43564.34 58713.44 74750.97 91736.83 109236.5 126915.4 144718.2 223343.2 88 
0.8916855 0.9011487 0.5048135 0.04470512 0.0618141 0.08187598 0.1056555 0.1352128 0.1702397 0.2251964 0.3153959 0.4880112 1 10053.67 19018.38 30238.23 43465.51 58309.37 74371.44 90681.12 107602.8 124968.7 142174.1 224888.5 89 
0.89784 0.8998954 0.500665 0.04483466 0.06126823 0.08259535 0.1053193 0.133663 0.1717469 0.2265558 0.3108303 0.487473 1 10050.95 19075.1 30245.58 43758.02 58709.17 74763.72 91673.98 109129.1 126441.1 144284.7 224178.2 90 
0.901044 0.8991903 0.5000942 0.04482481 0.06275641 0.08117087 0.1054952 0.1341898 0.1716567 0.2253266 0.3119753 0.4859807 1 10043.25 19092.65 30633.97 43883.94 58984.14 75269.51 92322.6 109827.9 127534.4 145539.7 224055.5 91 
0.899584 0.9011516 0.4984612 0.0440066 0.06172815 0.08148251 0.1057311 0.1335455 0.1697279 0.2274343 0.314769 0.4895202 1 9850.484 18711.82 30042.1 43385.56 58527.99 74675.45 91430.53 109233.1 127116.1 145097.6 223841 92 
0.9014904 0.9019706 0.4973363 0.04432199 0.061083 0.08211377 0.1057743 0.1327369 0.1729517 0.2276274 0.3170512 0.4882006 1 9918.047 18859.07 30064.15 43590.3 58790.86 74875.66 92220.2 110044 128151.7 145969.8 223772.6 93 
0.8993592 0.9003884 0.5011755 0.04512977 0.0620707 0.08247095 0.1057988 0.1359033 0.1737991 0.2255357 0.3134455 0.4863426 1 10125.33 19231.64 30593.87 44086.36 59155.16 75606.77 92756.21 109965.9 127469.9 145076.9 224360.3 94 
0.900992 0.8998845 0.5004318 0.04468319 0.06135186 0.08218753 0.106294 0.1342477 0.1726281 0.2278831 0.3154572 0.4883004 1 10026.55 19060.38 30324.96 43859.8 59147.33 75448.37 92645.08 110413.4 128277 146088.6 224391.9 95 
0.894001 0.8991939 0.5037754 0.04333769 0.06052316 0.08073328 0.1046315 0.133223 0.1709854 0.2265712 0.3145502 0.4890749 1 9689.525 18351.97 29352.12 42463.94 57290.74 73252.52 90000.53 107388.2 124919 142492.9 223581.9 96 
0.8971885 0.9010321 0.5019803 0.04478109 0.06145219 0.08237011 0.1052823 0.1335851 0.1729826 0.2279764 0.312957 0.4895214 1 10028.24 19025.46 30214.72 43645.38 58554.13 74553.26 91592.56 109101.9 126421.3 144090.7 223939.1 97 
0.8987233 0.9018259 0.5000964 0.04479487 0.06187932 0.08279294 0.1055362 0.1341117 0.1719217 0.2259367 0.3135074 0.4874583 1 10040.48 19064.09 30381.89 43934.24 58927.13 75058.47 91987.17 109366.1 126962.6 144709.4 224143.5 98 
0.8922901 0.8995865 0.5042908 0.04522808 0.06174789 0.08197906 0.1061937 0.1342712 0.1734179 0.2284218 0.3152336 0.4893141 1 10160.03 19225.73 30398.61 43621.54 58541.19 74406.71 91182.45 108351.5 125420.7 142459.4 224640 99 
0.8977586 0.9004347 0.5002492 0.04424461 0.06189695 0.08192315 0.1054073 0.1335582 0.1721 0.2241099 0.3140319 0.4878103 1 9921.681 18828.96 30169.88 43556.61 58560.13 74627.36 91620.69 108799.6 126537.2 144353.7 224246.1 100 
