0.9999939 0.5338151 0.06509234 0.1564277 0.1206287 0.1232238 0.1439482 0.1666707 0.2011012 0.2455229 0.3312276 0.4937517 0.9999998 16848.84 33697.58 44657.85 54503.24 64587.21 74582.18 84631.84 94433.89 104410.8 114356.9 107710.1 1 
1 0.5769805 0.0597447 0.1476288 0.1135832 0.127262 0.1425084 0.1634368 0.200037 0.2494709 0.3354018 0.5024619 1 15682.96 31365.93 41650.82 51865.45 61848.16 71665.36 81717.22 91745.5 101864.5 111939.3 106232.4 2 
1 0.547412 0.06358115 0.1516287 0.1174753 0.1250697 0.1459674 0.1698868 0.1944886 0.2583465 0.3249785 0.4943756 1 16248.25 32496.5 43176.17 53210.54 63456.84 73641.48 83320.18 93676.3 103337.9 113259.3 107158.1 3 
0.999959 0.5656372 0.06046606 0.1506476 0.1171505 0.1217219 0.1468444 0.1613772 0.1996453 0.2509522 0.3251268 0.4941828 0.999997 16070.39 32140.12 42753.22 52488.07 62802.32 72472.3 82504.49 92596.87 102390.5 112436.3 106675.4 4 
0.9999815 0.547187 0.06376585 0.1508745 0.1186614 0.1207512 0.1443321 0.1712427 0.1970613 0.253535 0.3267308 0.4996265 0.9999998 16177.55 32354.8 43158.05 52846.79 63029.06 73365.99 83224.19 93408 103204.3 113289.8 107225.2 5 
0.9999998 0.5439191 0.0650087 0.1533024 0.1188388 0.1301845 0.1416627 0.1637008 0.1989117 0.2510769 0.3383457 0.4938955 1 16447.33 32894.65 43689.9 54110.42 63973.49 73756.35 83697.49 93749.75 103894.8 113693.3 107286.8 6 
0.9999997 0.5173271 0.06631726 0.1597408 0.1195253 0.1261794 0.1422172 0.1679419 0.1971116 0.2499835 0.3325547 0.501515 1 17298.2 34596.4 45472.11 55580.99 65537.09 75622.02 85470.74 95499.2 105505.1 115576.6 108289.2 7 
0.9999936 0.5464233 0.06342208 0.1506634 0.1216704 0.1279444 0.1381941 0.1711223 0.2002995 0.247314 0.3428973 0.4940986 0.9999989 16143.06 32286.02 43358.24 53584.7 63217.08 73496.27 83469.11 93316.3 103592.7 113322.8 107146.5 8 
0.9999963 0.5316469 0.06468251 0.1559389 0.1165394 0.1264269 0.1408347 0.167863 0.2032821 0.2466986 0.3460617 0.5092 1 16773.56 33547.06 44127.71 54268.33 64136.39 74241.77 84425.1 94271.1 104675.4 114686.6 107565 9 
0.9999892 0.5140935 0.06680635 0.162122 0.1164392 0.1285621 0.1452068 0.1575054 0.2040506 0.2481685 0.3289849 0.5080093 1 17572.65 35145.11 45719.61 56035.45 66188.82 75602.79 85877.76 95824.23 105737.4 116009 108391.5 10 
0.999995 0.5742145 0.06172099 0.1480081 0.1141106 0.1258827 0.1424738 0.1667197 0.2005119 0.2461243 0.330693 0.5005518 0.9999997 15741.78 31483.48 41823.54 51928.63 61925.8 71957.48 82010.95 91876.93 101870.2 111994.3 106357.5 11 
0.999998 0.5209782 0.06638507 0.1594395 0.1170807 0.1242722 0.1417034 0.164001 0.2022735 0.2503025 0.3416623 0.4976217 0.9999994 17230.9 34461.77 45097.4 55064.58 65017.42 74904.08 85098.14 95161.11 105458.9 115332.9 108071.7 12 
0.9999969 0.5489414 0.06308082 0.1540935 0.1154239 0.1238085 0.1408154 0.1665912 0.2018732 0.2449482 0.3322524 0.4951364 1 16518.8 33037.55 43504.22 53435.3 63332.07 73391.68 83550.99 93389.52 103465.8 113492.7 107199.9 13 
0.9999991 0.5646258 0.06361802 0.1528148 0.1132831 0.1302456 0.1408935 0.168268 0.2001295 0.2541027 0.3465131 0.4842758 1 16279.55 32559.08 42783.04 53206.26 63013.03 73075 83028.5 93137.15 103419.3 112809.8 106531.2 14 
0.9999999 0.5631615 0.06208065 0.1483548 0.1162172 0.125136 0.1408644 0.1688955 0.2008901 0.2431431 0.3359402 0.4952349 1 15837.52 31675.05 42241.14 52295.91 62198.11 72398.35 82481.73 92234.23 102432.6 112416.1 106754.4 15 
0.9999988 0.5226414 0.06543839 0.1584266 0.1174637 0.1249775 0.1435562 0.1673747 0.1979821 0.2425175 0.3434949 0.4990342 1 17117.93 34235.85 44916.97 54946.43 65027.02 75092.92 85006.65 94746.19 105195.5 115161.8 108049.6 16 
0.9999973 0.574339 0.06079491 0.1488792 0.1188987 0.1218709 0.1409938 0.166736 0.1961107 0.2599372 0.3287472 0.4965561 0.9999997 15823.67 31647.3 42402.98 52116.69 61985 72009.6 81834.33 92302.8 102100.9 112035.2 106285.3 17 
0.9999999 0.6160395 0.05665809 0.1414878 0.1168925 0.124198 0.1427178 0.1686959 0.2019129 0.250177 0.3288195 0.5101731 1 14866.18 29732.36 40276.56 50170.17 60127.07 70216.68 80255.76 90182.97 99966.51 110154.7 105070.4 18 
0.9999868 0.5786388 0.05955654 0.1458736 0.1166949 0.1254657 0.1420664 0.1638779 0.2024137 0.2424118 0.3393346 0.5032959 0.9999995 15494.85 30989.49 41576.37 51630.51 61586.44 71439.21 81614.42 91333.54 101640.5 111740.1 106221 19 
1 0.5589351 0.06161604 0.1520783 0.1138928 0.1245376 0.1445303 0.1649086 0.1956273 0.2509559 0.3356182 0.4948848 1 16237.72 32475.45 42786.66 52777.47 62928.18 72836.16 82651.5 92779.67 102925.5 112864.9 106772.1 20 
0.9999906 0.5521262 0.06201532 0.1508916 0.1180925 0.1220048 0.1379261 0.1705011 0.1995558 0.2527738 0.3288743 0.5061359 0.9999958 16148.2 32296.25 43027.05 52804.02 62508.26 72849.79 82889.75 93069.28 102965.6 113187 107018.6 21 
1 0.5496619 0.06190316 0.1548627 0.1163257 0.1239395 0.144923 0.1638624 0.1957807 0.2486855 0.3301063 0.5038658 1 16597.5 33195 43731.57 53651.88 63814.06 73639.09 83454.36 93481.05 103480.6 113705.3 107175.6 22 
1 0.5323112 0.06442549 0.1579435 0.1167457 0.1256882 0.1434097 0.1651459 0.1994165 0.2492162 0.3299974 0.4906667 1 17029.57 34059.15 44658.62 54737.77 64792.58 74710.85 84709.47 94713.21 104658.3 114565.8 107820.7 23 
0.9999962 0.5537618 0.06325279 0.1521307 0.1186461 0.1277455 0.1412023 0.1647265 0.2046812 0.2499615 0.3366333 0.491713 0.9999997 16270.02 32539.98 43298.41 53507.55 63350.53 73211.91 83446.71 93387.34 103428.4 113157.8 106947.7 24 
0.9999986 0.5603832 0.06116201 0.1485813 0.1184608 0.1248934 0.1399965 0.1616804 0.1998085 0.2510817 0.3306712 0.4890538 1 15878.83 31757.64 42536.44 52554.32 62381.16 72141.25 82252.83 92420.33 102448.7 112375.9 106869.6 25 
0.9999952 0.5484381 0.06545615 0.1508952 0.117648 0.126837 0.1401568 0.1661412 0.200347 0.2525765 0.3216143 0.5015194 0.9999999 16182.46 32364.84 43077.79 53268.62 63101.26 73123.18 83200.56 93359.69 103028.3 113256.3 107243 26 
0.9999969 0.4968559 0.0684206 0.1651902 0.1200934 0.1290769 0.1402165 0.1688154 0.1981493 0.2465238 0.3303246 0.5016888 1 18017.28 36034.5 46969.22 57310.43 67094.07 77221.55 87102.01 96958.81 106910.3 117031.7 109069.9 27 
0.9999998 0.5317242 0.06397315 0.1553359 0.1181292 0.1220573 0.1462525 0.1601661 0.1992462 0.253731 0.3196574 0.4921727 1 16763.74 33527.47 44295.59 54107.45 64429.28 74079.87 84162.33 94443.64 104109.8 114235.3 107919.2 28 
0.9999854 0.568425 0.06016789 0.1486752 0.1182422 0.1233348 0.1462201 0.1654435 0.1995091 0.2495975 0.338335 0.5122104 0.9999955 15813.03 31625.83 42331.8 52178.25 62411.88 72297.65 82246.51 92209.76 102344.1 112495.6 106359.6 29 
0.9999986 0.5682031 0.06043329 0.1504149 0.1198902 0.1259149 0.1394965 0.1703598 0.1986266 0.2519829 0.3441583 0.5049799 0.9999997 16003.22 32006.42 42843.32 52860.25 62560.3 72753.96 82614.24 92638.62 102879.9 112735.2 106393.8 30 
0.9999886 0.5790495 0.06018777 0.1445716 0.1172018 0.1268318 0.1453688 0.158854 0.205308 0.2418646 0.3312924 0.5034499 0.9999995 15358.48 30716.79 41367.27 51541.9 61724.4 71233.81 81571.66 91249.71 101299.8 111512.7 106234.5 31 
0.9999951 0.5939088 0.05774221 0.1421352 0.1174213 0.1217464 0.1426448 0.1682199 0.202396 0.2491847 0.3355308 0.5076614 0.9999998 15034.34 30068.6 40723.32 50473.27 60506.02 70649.82 80801.34 90769.98 100848.1 110980 105774.9 32 
0.9999987 0.5565789 0.06208194 0.1515269 0.1169484 0.1275305 0.1391255 0.1686266 0.2022357 0.2504649 0.3257811 0.5076511 1 16185.9 32371.79 42971.1 53177.75 62892.35 73028.76 83135.5 93121.1 102856.3 113084.1 106818.7 33 
0.9999988 0.5405528 0.06136422 0.1553666 0.1158297 0.125993 0.1428961 0.1673622 0.1994632 0.2571021 0.336976 0.4985059 1 16671.39 33342.76 43840.62 53936.93 63945.01 73991.65 83961.34 94248.74 104265.5 114090.4 107303.6 34 
0.9999939 0.523282 0.06451958 0.1592128 0.1190031 0.1230087 0.1474266 0.166427 0.1991941 0.2422492 0.3412464 0.4928907 1 17196.91 34393.72 45200.81 55042.2 65386.24 75341.83 85274.36 94947.56 105272.8 115097.2 108012.1 35 
0.9999978 0.4995681 0.06837119 0.1641916 0.1216053 0.1273299 0.1393861 0.1715268 0.1972112 0.2560067 0.3268311 0.515436 0.9999997 17858.21 35716.38 46770.99 56938.39 66651.26 76937.76 86735.92 96946.85 106645.3 116941.6 108764.5 36 
0.9999885 0.5620855 0.06179457 0.1492588 0.1162981 0.1266844 0.1384813 0.1668427 0.2004167 0.2524693 0.3352845 0.4976231 0.9999944 15921.95 31843.71 42397.57 52556.83 62255.12 72321.46 82395.89 92543.28 102616.8 112554.9 106673.4 37 
0.9999996 0.5417044 0.06418949 0.1541762 0.1197578 0.1286224 0.1453146 0.1610024 0.1945299 0.2558458 0.3330747 0.500686 1 16542 33083.98 43952.09 54226.77 64341.8 73920.28 83630.1 93916.23 103881.3 113871.6 107292.8 38 
0.9999984 0.5591031 0.0620579 0.1503024 0.1202489 0.1221458 0.1421772 0.169139 0.2001891 0.250097 0.3318001 0.5039589 0.9999998 16044.32 32088.61 42995.44 52742.08 62701.37 72864.76 82859.31 92845.92 102781.4 112865 106746.9 39 
0.999999 0.5448606 0.06320667 0.1537022 0.117564 0.1247552 0.1483405 0.1635111 0.2075744 0.2420485 0.3337385 0.5077198 1 16479.49 32958.97 43626.41 53615.52 64011.31 73770.43 84133.7 93709.68 103717.2 113860.8 107217 40 
0.9999937 0.5229417 0.06578513 0.156274 0.1157772 0.1303057 0.142239 0.1638506 0.1994173 0.2483441 0.3363056 0.5062148 1 16890.88 33781.65 44339.64 54846.68 64821.36 74677.15 84706.84 94706.43 104884.8 115053.1 108085 41 
0.9999997 0.5608805 0.06132487 0.1481727 0.1200508 0.125681 0.1438094 0.1661413 0.1998609 0.2552925 0.3316639 0.5022922 1 15799.5 31598.99 42503.12 52548.19 62597.59 72537.93 82509.05 92700.1 102559.8 112539.5 106628.9 42 
0.9999895 0.5642714 0.06116268 0.1487799 0.1167 0.127208 0.1409864 0.1667221 0.2016418 0.2474458 0.3299258 0.4927105 0.9999999 15878.36 31756.55 42357.89 52565.1 62438.69 72468.38 82576.26 92478.92 102415.2 112358.1 106723.8 43 
0.9999943 0.5291881 0.06549123 0.1582259 0.1156863 0.1297531 0.1420899 0.1643546 0.1983805 0.2570418 0.3441445 0.5026979 0.9999996 17043.14 34086.17 44575.35 54978.88 64893.26 74731.64 84655.03 94962.01 105214.5 115036.6 107713.9 44 
0.9999746 0.5897922 0.05852837 0.1457528 0.1142241 0.124803 0.1427756 0.1632788 0.2021113 0.2463688 0.3338504 0.5017007 0.9999977 15429.13 30857.87 41186.27 51181.94 61189.67 71000.23 81161 91043.14 101134.9 111237.2 105858.2 45 
1 0.5565953 0.06274113 0.1485622 0.1169991 0.1296809 0.146402 0.1586463 0.2095593 0.2482186 0.3378586 0.4879619 1 15882.64 31765.27 42415.27 52838.55 63079.82 72552.88 83080.88 92937.82 103024.2 112669.9 106909 46 
0.999986 0.484039 0.06867126 0.1669985 0.1215928 0.1273713 0.1450289 0.1655893 0.1985623 0.2535306 0.3286669 0.5033465 0.9999995 18281.04 36561.82 47649.02 57850.73 67987.03 77881.7 87781.8 97912.47 107715.7 117794.6 109468.3 47 
0.9999904 0.5056872 0.06769987 0.1653299 0.1191637 0.1204828 0.1436588 0.1665427 0.2001176 0.2492924 0.3246826 0.4971772 0.9999989 17986.16 35972.14 46792.26 56428.38 66533.71 76565.68 86612.42 96623.27 106411.1 116532.6 108789.5 48 
0.9999967 0.5578352 0.06260212 0.1513266 0.119031 0.1206201 0.1459257 0.1669407 0.1998851 0.2438049 0.3398414 0.4949608 0.9999997 16164.32 32328.58 43119.01 52751.9 63000.02 73013.12 83000.73 92747.79 103021.8 112900.1 106817.4 49 
0.2120025 0.9006147 0.189506 0.09191978 0.1083773 0.1255197 0.1439304 0.1671134 0.1995063 0.2508143 0.3344624 0.5002566 1 9902.049 12001.31 13146.08 13734.97 13889.87 13856.37 13787.42 13841.81 13842.9 13793.46 107724.9 50 
0.9999694 0.6021198 0.05809984 0.1427223 0.116615 0.1248327 0.1441489 0.1686778 0.2035185 0.2466714 0.3335197 0.4942965 0.9999972 15061.88 30123.29 40672.63 50648.09 60728.88 70824.34 80950.12 90724.79 100680.6 110514.3 105532.7 51 
0.9999862 0.5203365 0.06393992 0.1592159 0.1233422 0.121591 0.141253 0.1721048 0.1987881 0.2548028 0.3371829 0.5012437 0.9999997 17194.8 34389.37 45588.61 55266.9 65143.03 75476.42 85357.56 95505.18 105511.9 115371.5 107996.8 52 
0.9999989 0.5518314 0.06374311 0.1537271 0.1181602 0.1238892 0.1402289 0.1711281 0.1969107 0.2502477 0.3295634 0.509571 0.9999997 16452.46 32904.91 43606.81 53501.73 63314.12 73609.47 83428.66 93450.33 103345.6 113603.3 107023.9 53 
0.9999974 0.5332007 0.06486314 0.1596542 0.1133003 0.1283405 0.1459625 0.1638144 0.1929545 0.2532932 0.3355529 0.507899 0.9999996 17169.87 34339.7 44579.04 54863.46 65058.84 74830.98 84455.83 94652.53 104739.2 114883.5 107544.1 54 
0.9999978 0.5416505 0.06199143 0.157276 0.1186752 0.1282278 0.1376769 0.167382 0.198999 0.2610891 0.3204422 0.5154604 0.9999989 16868.67 33737.3 44463.87 54678.38 64239.27 74262.68 84184.75 94612.07 104068.4 114405.5 107255.2 55 
0.9999908 0.501475 0.0670473 0.1631029 0.1217088 0.1263735 0.1371609 0.1725712 0.2022778 0.2575742 0.3320874 0.5105831 0.9999991 17713.2 35426.24 46487.8 56575.3 66140.15 76523.66 86594.14 96823.59 106615.1 116670.1 108601.4 56 
1 0.5519287 0.06178484 0.1541523 0.1148769 0.1289188 0.1420747 0.1659094 0.2035481 0.2435848 0.3370556 0.5010254 1 16487.16 32974.32 43366.83 53689.88 63599.73 73527.93 83687.62 93370.9 103506.1 113493.9 106953.7 57 
0.9999992 0.4970761 0.06798789 0.1672688 0.1221664 0.1240103 0.1374611 0.1732327 0.1985306 0.253527 0.3352207 0.508784 0.9999998 18223.26 36446.51 47529.75 57405.82 66995.52 77419.5 87296.25 97405 107382.4 117449.3 108946 58 
0.9999932 0.5493111 0.06325494 0.1518424 0.1152419 0.1277317 0.1408261 0.1661668 0.1963688 0.2543475 0.3329682 0.4942521 0.9999996 16276.79 32553.47 43030.87 53305.43 63186.28 73203.19 83073.67 93347.86 103376.8 113306.7 107195.3 59 
0.9999842 0.5526226 0.06230284 0.1520391 0.1166841 0.1242095 0.1420848 0.1700069 0.1970735 0.2466922 0.3457647 0.4778533 0.9999992 16277.28 32554.31 43146.67 53106.31 63084 73326.06 83180.11 93084.12 103541.1 112995.6 107059.9 60 
1 0.5590523 0.06302288 0.1480983 0.1180232 0.1249651 0.1390662 0.1740953 0.1938818 0.2492026 0.3385957 0.5100922 1 15800.28 31600.55 42327.38 52344.67 62099.24 72612.64 82282.57 92301.87 102522.8 112706.9 106687.8 61 
0.999999 0.5335825 0.06648689 0.1543339 0.1190411 0.1283048 0.144417 0.1647846 0.2022377 0.2481065 0.3293113 0.4990015 1 16615.68 33231.34 44069.39 54360.26 64457.25 74314.42 84418.47 94307.3 104176.2 114205.8 107660.6 62 
0.999998 0.5223875 0.06650538 0.1585331 0.1214669 0.1235051 0.1413125 0.1695167 0.195552 0.2498577 0.335531 0.4955132 0.9999998 17130.63 34261.23 45305.73 55171.46 65065.5 75257.05 85020.86 95056.56 105166.1 115086.4 108057.1 63 
1 0.5613963 0.0627832 0.1514665 0.1158262 0.1241607 0.1479578 0.1566758 0.2033906 0.2521696 0.3221653 0.4975816 1 16175.56 32351.11 42846.99 52794.93 63177.66 72545.44 82801.02 92930.04 102607.4 112738.7 106793 64 
1 0.5718542 0.06097234 0.147648 0.1200781 0.1242985 0.1414631 0.1692824 0.1986141 0.2525525 0.3378482 0.5007338 1 15698.03 31396.06 42277.86 52189.53 62067.78 72216.42 82107.86 92187.44 102265.9 112156.8 106320.7 65 
0.9999771 0.5437343 0.06264622 0.155496 0.1189577 0.1251275 0.144754 0.1644034 0.2028896 0.2493768 0.3312884 0.4971637 0.9999998 16680.57 33360.75 44136.69 54122.86 64229.61 74046.45 84169.46 94087.19 103976.7 113900.9 107273.3 66 
0.9999849 0.5050704 0.06823114 0.1607212 0.1212891 0.1231786 0.1437899 0.1670496 0.1949271 0.2501794 0.3322878 0.5009767 0.9999998 17484.93 34969.61 46043.45 55925.51 66040.06 76100.96 85879.52 95983.32 106045.6 116175.1 108790.5 67 
0.999999 0.5554471 0.06334947 0.1513627 0.1173766 0.1241939 0.1425902 0.1700094 0.1979428 0.2555722 0.3298101 0.5088935 0.9999999 16169.26 32338.5 42979.29 52916.55 62908.82 73123.76 82995.07 93217.5 103037.8 113193 106824.6 68 
0.9999896 0.5375556 0.06376558 0.1576567 0.1173464 0.1285458 0.1461535 0.1663353 0.195222 0.2568645 0.3236824 0.5069231 0.9999992 16948.46 33896.75 44522.57 54796.48 64976 74867.83 84546.3 94794.7 104391.6 114556.5 107502.3 69 
0.9999964 0.5549739 0.06146684 0.1527608 0.1173302 0.1263402 0.1436534 0.1691993 0.1974766 0.2498601 0.3429138 0.4942361 1 16319.66 32639.26 43258.92 53352.34 63378.94 73492.04 83298.15 93255.27 103506.2 113214.3 106831.5 70 
0.9999963 0.5333067 0.0651241 0.1579337 0.1137911 0.1256702 0.1446471 0.1628109 0.2065819 0.2490366 0.33658 0.4993403 0.9999999 16998.93 33997.79 44311.05 54404.84 64562.77 74342.4 84730.93 94667.23 104752 114677.8 107633.3 71 
0.9999983 0.5443685 0.06329221 0.1523645 0.1191365 0.1274241 0.1436631 0.1666997 0.2014655 0.2463495 0.3271066 0.4982225 1 16339.76 32679.49 43509.12 53712.12 63749.59 73723.32 83767.72 93575.44 103390.1 113449.1 107241.3 72 
0.999998 0.5689167 0.06136009 0.1471556 0.1217556 0.1262633 0.1391267 0.1644424 0.2073179 0.246723 0.3374234 0.5051961 0.9999998 15658.27 31316.5 42365.5 52428.45 62116.54 71974.34 82358.68 92154.7 102246.5 112257.8 106406.2 73 
0.9999993 0.569696 0.06091331 0.1503063 0.1194257 0.1227156 0.1464062 0.1611478 0.2035505 0.2563435 0.3294803 0.5135836 0.9999998 15984.63 31969.25 42760.83 52525.38 62745.41 72347.56 82521.77 92726.68 102480.8 112675.7 106347 74 
0.9999938 0.5371151 0.06394106 0.1525355 0.117783 0.1237541 0.1412703 0.1683595 0.2008646 0.2476151 0.345372 0.496869 0.9999997 16385.79 32771.47 43493.88 53432.85 63374.44 73548.55 83643.29 93587.86 104023.9 113852.2 107422.8 75 
0.9999767 0.5699549 0.06138626 0.1497223 0.1137662 0.1260337 0.1410991 0.1675776 0.20099 0.2485534 0.3279698 0.5059395 0.9999982 15946.9 31893.43 42195.7 52310.18 62206.29 72300.92 82379.11 92337.04 102210.5 112446.2 106509.9 76 
0.9999912 0.5262706 0.06464732 0.1598127 0.1148173 0.1281095 0.1418665 0.1683046 0.1933943 0.2539292 0.3333354 0.5031002 0.9999989 17236.57 34473 44877.24 55152.99 65074.31 75174.67 84827.25 95050.11 105062 115135.8 107854.9 77 
0.9999894 0.5218632 0.06728978 0.156268 0.1182033 0.1314256 0.1444032 0.1689776 0.199473 0.2575097 0.3273585 0.4827448 0.9999997 16885.5 33770.82 44546.97 55112.17 65194.84 75289.52 85192.25 95426.06 105085.5 114666.7 108054.8 78 
0.9999917 0.4959973 0.0685961 0.1675843 0.1188849 0.123384 0.1476224 0.1681381 0.19552 0.2538994 0.3348541 0.4898712 0.9999999 18276.82 36553.49 47345.99 57215.18 67566.17 77615.18 87335.83 97490.8 107483.1 117206.2 109060.5 79 
0.9999951 0.532079 0.06517729 0.1552236 0.1158459 0.1246232 0.1407078 0.1674268 0.2077987 0.2489652 0.3293459 0.4955762 0.9999999 16712.26 33424.44 43960.86 53982.45 63887.31 74014.63 84479.49 94412.06 104280.1 114238.5 107665.7 80 
0.9999861 0.5869858 0.05874846 0.1468204 0.1147204 0.1242768 0.1436454 0.1678888 0.1963313 0.2600024 0.3387818 0.498957 0.9999999 15530.17 31060.13 41412.81 51341.12 61390.48 71448.59 81235.78 91652.23 101695.7 111476.3 105776.7 81 
1 0.5486017 0.06111478 0.15231 0.1194743 0.1269779 0.1418991 0.1713086 0.1929882 0.2484255 0.3307155 0.4965375 1 16320.67 32641.35 43493.64 53649.5 63557.68 73822.03 83404.47 93359.01 103318.8 113327.1 107154.3 82 
1 0.5443473 0.0629943 0.1517619 0.1175033 0.1248001 0.1400466 0.1686524 0.1967645 0.2477692 0.3288434 0.4971624 1 16294.7 32589.4 43291.07 53321.74 63173.06 73375.15 83270.38 93278.9 103271.1 113410.1 107370.2 83 
0.9999962 0.5032377 0.06778794 0.1652988 0.1197772 0.126156 0.1419628 0.1610917 0.2080275 0.2423045 0.3420582 0.486791 0.9999995 17984.2 35968.33 46845.64 56929.93 66846.1 76500.98 86960.42 96608.85 106929.1 116592.2 108798.2 84 
0.999997 0.5588128 0.0622038 0.1523564 0.1165312 0.1269578 0.1417023 0.1692272 0.1996439 0.2550632 0.3381624 0.5013163 0.9999997 16249.28 32498.51 43033.28 53173.14 63053.74 73181.5 83107.64 93257.36 103281.6 113116.8 106653.1 85 
0.9999918 0.538525 0.06393168 0.1521321 0.1208843 0.1275605 0.1450554 0.1682939 0.2028091 0.2484775 0.336429 0.496686 0.9999997 16335.18 32670.23 43675.24 53884.12 64012.21 74058.28 84127.18 93961.38 103967.9 113770.9 107375 86 
0.999972 0.4900282 0.06945008 0.1675721 0.1165897 0.1282304 0.1413029 0.1677767 0.2043991 0.2428336 0.3365047 0.4946098 0.9999992 18323.56 36646.61 47258.02 57567.87 67471.62 77569.01 87806.32 97482.25 107634.4 117534.9 109347.3 87 
0.9999951 0.5393705 0.06450321 0.1546075 0.1188466 0.1245795 0.1403075 0.1705684 0.2045921 0.2506364 0.3372196 0.4955833 0.9999996 16612.72 33225.36 44021.01 53992.43 63823.61 74098.22 84320.17 94280.56 104322.9 114104.4 107450.9 88 
0.9999661 0.5489438 0.06243957 0.1523327 0.1184841 0.121308 0.142799 0.1673553 0.2033343 0.2507842 0.3209094 0.4918068 0.9999962 16337.58 32674.6 43445.09 53165.27 63219.16 73319.05 83536.31 93575.13 103199 113214.8 107249.3 89 
0.9999951 0.5299791 0.06375039 0.1591532 0.1157715 0.1272556 0.1430946 0.1685845 0.2005885 0.2476892 0.3250936 0.5010572 1 17159.75 34319.42 44815.02 55016.07 65027.03 75133.53 85131.35 95000.38 104745.1 114881.7 107819.1 90 
0.9999976 0.5469551 0.06307067 0.1521965 0.1180285 0.1262386 0.147645 0.1659888 0.1955782 0.258928 0.3412415 0.5084884 0.9999999 16282.35 32564.66 43269.78 53368.11 63687.84 73576.73 83294.35 93643.44 103750.9 113672.7 106982.4 91 
0.9999843 0.5291303 0.06571771 0.1567837 0.1190547 0.1254629 0.1471082 0.1614237 0.2046449 0.2498648 0.3302101 0.5089588 0.9999995 16881.47 33762.67 44571.37 54605.56 64894.63 74523.83 84760.61 94701.37 104555.9 114729.3 107673.6 92 
0.9999883 0.5655397 0.0600086 0.1493328 0.1129083 0.1282457 0.1428321 0.1686401 0.1935876 0.2489813 0.3302683 0.4899524 0.9999998 15933.84 31867.49 42115.4 52441 62466.06 72611.78 82294.15 92336.26 102340.2 112279.4 106700.2 93 
0.9999801 0.575039 0.05875505 0.1477786 0.1162577 0.1232995 0.1416838 0.1724296 0.2018984 0.2480455 0.3356144 0.4947081 0.9999984 15703.79 31407.27 41935.16 51802.39 61742.65 72125.82 82186.92 92051.81 102088.4 111917.3 106265.7 94 
0.9999989 0.6015881 0.05885453 0.143626 0.1166786 0.124783 0.1405696 0.1664575 0.2022471 0.2482412 0.3257802 0.5109293 0.9999999 15154.96 30309.89 40853.15 50813.1 60633.03 70626.83 80748.14 90658.65 100436.1 110774.7 105516.8 95 
0.9999932 0.5403781 0.06512463 0.1547492 0.1173383 0.1235425 0.1448588 0.1644486 0.2027297 0.2475573 0.3264144 0.4965766 0.9999998 16640.03 33279.94 43944.46 53855.25 64040.36 73927.82 84112.41 94027.65 103864.8 113945.1 107529 96 
1 0.5295591 0.06313387 0.1585934 0.1187445 0.1249173 0.1440292 0.1706611 0.1946531 0.2479451 0.328451 0.5060373 1 17091.58 34183.17 44950.71 54932.93 65004.67 75219.89 84882.76 94795.27 104670.5 114887.9 107769.8 97 
0.9999987 0.5473929 0.06505641 0.1558578 0.1162187 0.1260763 0.1433791 0.1593387 0.2025382 0.2533263 0.3292609 0.5148901 0.9999985 16697.38 33394.74 43904.91 53981.44 63996.11 73529.78 83717.25 93878.55 103740 114083.4 107132.2 98 
0.9999983 0.5401248 0.06515018 0.1559438 0.1157193 0.1275178 0.1447742 0.1618984 0.2059744 0.2462865 0.335303 0.5065418 0.9999997 16741.89 33483.76 43969.8 54187.79 64309.22 73989.18 84310.61 94110.04 104165.5 114262.8 107358.5 99 
0.9999905 0.5181655 0.06632331 0.1606824 0.1167164 0.124496 0.1423802 0.1677657 0.2022951 0.2514964 0.3303949 0.4990162 0.9999993 17387.92 34775.67 45376.12 55363.3 65363.09 75468.07 85608.57 95664.99 105553.6 115554.3 108213 100 
