0.9999999 0.538962 0.06455774 0.1354436 0.1241244 0.1266101 0.1427712 0.1650156 0.2041388 0.2458372 0.3305652 0.4940646 1 16687.01 33374.02 46595.21 58407.22 70040.57 81566.75 93472.72 104883.7 116455.5 128033.5 123202.7 1 
0.9999999 0.5684679 0.06084259 0.1306038 0.1164047 0.1302004 0.1412504 0.1642307 0.1993003 0.2506358 0.3356213 0.4960796 0.9999992 15917.42 31834.85 44168.88 56358.79 67861.41 79346.33 90994.77 102724.1 114494 126052.1 121875.7 2 
1 0.527189 0.06522137 0.13663 0.121902 0.1270333 0.144907 0.1712905 0.1955431 0.2581094 0.3281205 0.4944903 0.9999999 16871.36 33742.71 46738.77 58630.95 70473.11 82442.95 93766.94 105791.4 117131.9 128614.7 123482.1 3 
1 0.5729608 0.06000359 0.1302161 0.1195144 0.122762 0.1465554 0.1646297 0.2006397 0.2513968 0.3274778 0.4965581 1 15865.44 31730.88 44396.27 55851 67847.11 79347.74 91056.46 102783.7 114219.5 125881.3 121839.3 4 
1 0.5532241 0.06349674 0.1306271 0.1209744 0.1219722 0.1454106 0.1698456 0.1994509 0.2520284 0.3271794 0.4989161 0.9999999 16000.6 32001.21 44883.78 56301.29 68252.59 80182.33 91812.1 103576.6 115000 126720.2 122490.7 5 
1 0.5326691 0.06592559 0.1363543 0.1223622 0.131168 0.1424492 0.1644851 0.1976062 0.252277 0.3384588 0.4896466 1 16795.26 33590.53 46607.23 58853.31 70408.18 81849.9 93334.59 105099.4 116901.3 128196.3 123173.7 6 
1 0.5303018 0.06517528 0.1367646 0.1220664 0.1279389 0.1411728 0.1684874 0.1975566 0.2512382 0.3333528 0.5022903 0.9999995 16875.75 33751.5 46753.65 58717.83 70230.56 82031.06 93536.24 105277.2 116941.6 128658.5 123392.7 7 
1 0.5473276 0.06341601 0.131457 0.1229325 0.1287734 0.1399391 0.1681326 0.2008557 0.2493672 0.3396419 0.4925036 0.9999998 16117.11 32234.22 45324.87 57351.78 68738.49 80504.79 92197.81 103799.1 115660 127017.5 122603.7 8 
1 0.5227072 0.06632545 0.1379432 0.1206241 0.1274758 0.1410768 0.1675336 0.2009276 0.2472718 0.3418424 0.505775 0.999999 17060.42 34120.83 46981.38 58933.03 70473.75 82245.3 93998.01 105555.4 117582.2 129293.6 123677.2 9 
1 0.5132286 0.06648177 0.1417591 0.1211024 0.1298984 0.1461381 0.1593714 0.2021374 0.2500769 0.3298236 0.5018333 1 17600.98 35201.96 48106.66 60272.36 72181.12 83270.35 95093.74 106764.4 118307.5 130077.8 124161.2 10 
1 0.5703582 0.06197058 0.130278 0.1171849 0.127899 0.1431088 0.1673202 0.2000482 0.2460896 0.3329801 0.4967233 1 15847.83 31695.65 44093.63 56039.46 67696.32 79374.9 91001.53 102442.9 114114.2 125727.5 121646.2 11 
1 0.5163922 0.06694509 0.1402 0.1218517 0.1253343 0.1426877 0.1648194 0.2017592 0.2498549 0.3417905 0.49688 1 17384.12 34768.24 47758.99 59492.82 71177.02 82747.72 94577.19 106270.9 118270.6 129752.9 123995.2 12 
1 0.530072 0.06505726 0.1385091 0.1204075 0.1245957 0.1428597 0.1654705 0.2028363 0.2440111 0.3315893 0.4934557 0.9999995 17106.8 34213.6 47024.95 58685.68 70389.87 82009.81 93896.77 105296.2 117007 128655.8 123506.7 13 
0.9999997 0.5665389 0.06273935 0.1329484 0.1164749 0.1314824 0.1423523 0.1676942 0.1995993 0.2539439 0.3452294 0.490868 0.999999 16225.45 32450.9 44776 57068.62 68627.62 80305.99 91875.27 103656.5 115605.6 126730.1 122043.2 14 
1 0.5581854 0.06271141 0.1307183 0.1183283 0.1271169 0.1416478 0.1679041 0.2000564 0.2449345 0.33482 0.495445 0.9999978 15978.84 31957.68 44531.24 56440.36 68023.93 79809.74 91494.61 102938.7 114750.8 126377.3 122238.8 15 
1 0.5223346 0.06571893 0.1384459 0.1215766 0.1262799 0.1431354 0.1684151 0.1998516 0.2449337 0.3391021 0.4985694 0.9999999 17127.89 34255.79 47214.34 59037.8 70747.07 82552.34 94201.89 105626 117568.3 129172.5 123715.5 16 
0.9999953 0.5587776 0.06212082 0.1331058 0.1215513 0.1251613 0.1411109 0.1663738 0.1958145 0.2594995 0.3299732 0.4950396 1 16263.93 32527.79 45402.84 57048.75 68535.29 80167.14 91579.56 103742.1 115194.3 126706 122188 17 
1 0.5786667 0.06024842 0.1301829 0.1200064 0.1252841 0.1418835 0.169727 0.2018636 0.2494603 0.3282067 0.507965 1 15826.74 31653.47 44343.71 56002.17 67551.16 79406.36 91113.14 102659.8 114061.7 125916.7 121573.1 18 
1 0.5643577 0.06110099 0.1303137 0.1196602 0.1274673 0.1429472 0.1644639 0.2021979 0.2447864 0.3371623 0.5039864 0.9999999 15887.65 31775.29 44462.95 56361.15 68003.47 79483.48 91276.18 102666.1 114514 126252.9 121918.4 19 
1 0.5678684 0.06105648 0.1310148 0.1167836 0.1264189 0.1448183 0.164612 0.1977077 0.248857 0.3354251 0.4940479 1 15982.28 31964.55 44344.32 56180.45 68025.16 79539.01 91091.38 102757.6 114568.9 126130.5 121988.3 20 
1 0.5625972 0.06082022 0.1298579 0.120282 0.1240706 0.1396614 0.1715899 0.1976653 0.2537668 0.3286255 0.5030631 0.9999999 15848.16 31696.31 44469.55 56060.34 67488.84 79569.05 91097.17 102971.7 114446.9 126240.5 122042.3 21 
1 0.5521805 0.06193466 0.1347944 0.1206854 0.1255628 0.1437984 0.1647778 0.1966994 0.2476013 0.3310925 0.5016042 0.9999998 16521.13 33042.26 45840.25 57548.52 69273.56 80777.19 92246.61 103844.2 115512.7 127337.4 122565.4 22 
1 0.5292122 0.06548156 0.1384557 0.1212681 0.1263791 0.1444045 0.1642973 0.1994347 0.2497016 0.3306389 0.4923349 1 17128.88 34257.76 47183.12 59019.73 70835.34 82337.37 94005.37 105700.7 117320 128901.1 123713.8 23 
1 0.5477283 0.06367241 0.1343063 0.1207269 0.1287619 0.1425887 0.1629978 0.2056023 0.2502339 0.337085 0.4931796 1 16449.52 32899.05 45699.5 57703.69 69285.25 80636.74 92621.4 104208.7 115911.8 127262.5 122477.7 24 
0.9999999 0.5610641 0.06117668 0.1297316 0.1203771 0.1272412 0.1400509 0.1612181 0.1989003 0.2514334 0.3351638 0.4923004 1 15859.28 31718.55 44525.18 56432.53 67870.98 79194.15 90911.75 102778 114618.7 126181.5 122246.8 25 
1 0.5529469 0.06393538 0.1308711 0.1196506 0.1277936 0.1419824 0.1645299 0.1998146 0.2524488 0.3224382 0.495955 1 16049.62 32099.25 44852.48 56843.87 68464.08 80017.76 91740.63 103592.1 114907.8 126701 122636.9 26 
1 0.5064682 0.06721102 0.1420003 0.1237283 0.1293936 0.1419288 0.1696196 0.1992541 0.2446244 0.3312991 0.5009429 1 17675.79 35351.57 48565.92 60675.48 72239.47 84098.16 95665.8 107037.7 118671.3 130434.2 124477.1 27 
1 0.5414118 0.0628985 0.1336086 0.1207554 0.1233101 0.1461713 0.1611213 0.1987904 0.2528343 0.3241949 0.489932 0.9999997 16465.02 32930.04 45822.88 57398.66 69428.49 80750.44 92468.7 104409.9 115850.2 127534.1 123233.2 28 
1 0.5492712 0.06226268 0.133656 0.1218281 0.1246303 0.145843 0.1666747 0.19979 0.2495485 0.3366353 0.5086654 1 16363.53 32727.06 45648.95 57257.61 69149.08 80757.08 92352.22 103941.6 115674.1 127434.2 122430.2 29 
0.999993 0.5702408 0.06059414 0.1309277 0.1221364 0.127139 0.1398196 0.1696019 0.1969841 0.2486685 0.3441868 0.5026985 0.9999995 15946.14 31892.16 44819.75 56633.13 67972.92 79804.82 91216.19 102783.9 114813.6 126335.9 121793.4 30 
1 0.5941315 0.05887704 0.1237646 0.1185072 0.1286117 0.1447389 0.1614361 0.2027211 0.2442247 0.3288238 0.5032731 0.9999935 14967.22 29934.43 42492.13 54505.5 66286.47 77524.63 89358.58 100725.2 112291.6 124173.1 120933 31 
1 0.5923264 0.05835511 0.1243433 0.1189969 0.1235027 0.1430657 0.1685619 0.2018473 0.2478858 0.3334447 0.510568 1 15074 30148 42780.1 54330.43 66057.88 77898.52 89687.29 101242.6 112933.3 124865.1 121228.9 32 
1 0.5538582 0.0623783 0.1333134 0.1198321 0.1295728 0.1403853 0.1695577 0.2012634 0.2500033 0.3317801 0.5021653 0.9999991 16266.38 32532.76 45204.97 57265.27 68638.89 80447.49 92087.54 103636.4 115131.3 126757 122016 33 
1 0.5490181 0.06058006 0.1339288 0.1185993 0.1261519 0.1440617 0.1685362 0.1987564 0.2558545 0.3375685 0.4947641 0.9999999 16414.96 32829.91 45419.21 57222.05 69000.21 80794.3 92359.03 104287.2 115998.3 127368.7 122564.8 34 
1 0.5087682 0.0661345 0.1425424 0.1234588 0.1262648 0.1482252 0.1655433 0.2001916 0.2443164 0.3395713 0.493848 1 17688.48 35376.97 48513.51 60289.95 72369.02 83859.76 95455.16 106773.4 118661.1 130078.9 124092.8 35 
1 0.5016239 0.06731482 0.1425718 0.1246946 0.128722 0.1407065 0.1703924 0.1966263 0.2524 0.3269465 0.5095688 0.9999999 17784.43 35568.86 48905.67 60956.49 72433.66 84376.62 95810.05 107600.8 119019 130996.7 124740.2 36 
1 0.5451053 0.06327734 0.1337409 0.11935 0.1283954 0.1403956 0.1667056 0.201116 0.2507552 0.3363146 0.4964386 1 16418.73 32837.46 45529.92 57554.67 69015.06 80712.61 92472.13 104185.4 115955.9 127487.2 122765.2 37 
1 0.5429731 0.0635573 0.1342901 0.1219344 0.1294566 0.1466111 0.1628453 0.1941156 0.2568786 0.3304965 0.5036766 1 16504.26 33008.53 45981.84 58076 69999.64 81301.87 92580.47 104608.5 116108.4 127842 122900.1 38 
0.999999 0.5477574 0.06362573 0.1336625 0.1229122 0.124144 0.1423941 0.1673734 0.2005097 0.2538313 0.3314255 0.5057605 0.9999999 16376.05 32752.09 45798.19 57355.43 68965.97 80669.98 92344.34 104159.9 115671.5 127416.2 122518 39 
0.9999998 0.5491964 0.06290835 0.1333293 0.1208469 0.1264418 0.1477896 0.1654694 0.205712 0.24249 0.3332021 0.5014182 0.9999997 16350.17 32700.33 45543.91 57358.14 69421.01 80930.9 92872.3 104053 115690.7 127368.4 122630 40 
1 0.5385673 0.06396323 0.1331678 0.1182376 0.1306822 0.1424834 0.1661091 0.1992928 0.2494762 0.3375292 0.501756 0.9999991 16401.07 32802.14 45425.17 57727.17 69387.27 81043.92 92706.15 104395.6 116265.3 127954.5 123160.9 41 
1 0.5716812 0.06017709 0.1274743 0.1207589 0.1275092 0.1425835 0.1653326 0.2000636 0.2534124 0.3296728 0.4976235 0.9999984 15500.87 31001.75 43814.16 55709.07 67314.19 78852.19 90505.63 102313.4 113781.9 125385.9 121600 42 
1 0.5668636 0.06091913 0.1297394 0.1186875 0.1280833 0.1415263 0.1667975 0.2012563 0.2473247 0.3315454 0.4951916 1 15806.22 31612.44 44196.2 56164.37 67694.85 79360.98 91089.34 102601.7 114217.4 125814.4 121830.5 43 
1 0.5240831 0.06588776 0.1393736 0.120282 0.1307578 0.1423403 0.1664136 0.1995891 0.2548997 0.3396846 0.5046363 1 17209.08 34418.17 47199.98 59423.68 70990.24 82588.15 94183.36 106036.2 117805.4 129350.5 123474.5 44 
1 0.5927388 0.05766608 0.1268088 0.1160208 0.1267255 0.1418663 0.1639625 0.2010419 0.2477693 0.3358082 0.500701 1 15352.59 30705.19 42970.47 54813.09 66390.56 77873 89643.69 101233.8 113050.1 124752.2 121068.9 45 
1 0.5463616 0.0639376 0.1317135 0.1201111 0.130621 0.146902 0.1609022 0.2072505 0.2486335 0.3405043 0.4900393 0.9999998 16179.19 32358.37 45169.07 57427.37 69412.82 80612.03 92716.15 104227.7 116073.1 127315.7 122836.2 46 
1 0.4884684 0.06814781 0.1450803 0.1245386 0.1303238 0.1458545 0.166917 0.1988752 0.2510475 0.3326764 0.5018224 0.999999 18115.38 36230.76 49525.13 61704.51 73558.88 85146.42 96648.05 108279.5 119823.5 131443.9 124864.5 47 
1 0.5063205 0.06747447 0.1443887 0.1232849 0.123378 0.1441963 0.1661533 0.1994831 0.2502708 0.3243283 0.5005311 0.9999995 17963.98 35927.97 49051.65 60566.07 72363.05 83996.26 95642.44 107339 118703.1 130553.2 124414 48 
1 0.5579184 0.06222919 0.1324007 0.1223441 0.1234709 0.1445135 0.1673877 0.1982725 0.2461583 0.3404497 0.4985993 1 16161.85 32323.7 45280.66 56757.14 68531 80197.68 91703.8 103156.5 115097.1 126630.9 122067.7 49 
1 0.5485719 0.06292718 0.1326678 0.1173046 0.128232 0.1445816 0.1663219 0.2000611 0.2532312 0.3362988 0.5029641 1 16257.52 32515.05 44982.84 57013.28 68838.23 80474.51 92143.29 103958.4 115675.8 127306.8 122543.1 50 
1 0.5848079 0.05946331 0.1277343 0.1178505 0.1269296 0.1439596 0.1685769 0.2025632 0.2461963 0.3366495 0.4928903 0.9999999 15507.77 31015.54 43495.76 55353.34 67094.82 78864.76 90623.45 102020.1 113767.2 125176.2 121406.5 51 
1 0.5320994 0.06307189 0.1365728 0.1262437 0.1242401 0.1412683 0.1722561 0.1986859 0.2518875 0.3383263 0.5035715 0.9999999 16814.13 33628.26 47048.05 58587.58 70078.53 82110.68 93598.34 105268.4 116995 128543.9 123114.8 52 
1 0.5495769 0.06352753 0.1346874 0.1210079 0.1268617 0.1404141 0.1682125 0.1975871 0.2468023 0.3286874 0.5091888 1 16519.38 33038.76 45881.38 57716.03 69153.2 80930.77 92437.93 103971.3 115540.4 127571.9 122649.8 53 
1 0.5111023 0.06733984 0.1443121 0.1194264 0.1301924 0.1455146 0.1634118 0.195297 0.2533526 0.3324629 0.507949 0.9999997 17911.93 35823.86 48507.83 60683.87 72521.11 83879.9 95236.69 107092.2 118708.2 130555.1 124119.4 54 
1 0.5435326 0.06176198 0.1369481 0.1223452 0.1290695 0.1409569 0.1649804 0.1990028 0.259333 0.3248684 0.5052378 0.9999996 16810.04 33620.08 46581.03 58581.46 69995.6 81471.97 93031.17 105097 116292.2 128046.7 122747.5 55 
1 0.4978403 0.06723563 0.1433846 0.1247831 0.1292718 0.1374714 0.1704975 0.2044952 0.253057 0.3340462 0.5089258 1 17843.54 35687.07 48989.17 61050.18 72218.18 84165.05 96051.08 107751.9 119288.8 130994.1 124445.3 56 
0.9999997 0.5588866 0.06105113 0.1331439 0.1176669 0.1297429 0.1435091 0.1651132 0.2036137 0.2452419 0.3322484 0.5069925 0.9999986 16281.74 32563.47 45036.75 57171.83 68852.98 80363.92 92215.15 103582.9 115206.8 127050.9 122286.8 57 
1 0.5098576 0.06644597 0.1432555 0.1248549 0.1260151 0.1381915 0.1722166 0.198281 0.2544847 0.3306716 0.5067867 0.9999999 17765.05 35530.09 48795.23 60512.03 71741.83 83802.63 95297.37 107125.1 118582.7 130336 124009.5 58 
1 0.5379159 0.0642268 0.1350276 0.1190717 0.1287004 0.1421497 0.1669313 0.1970492 0.2538532 0.3321816 0.4961587 0.9999995 16621.49 33242.98 45921.2 57992.94 69610.19 81313.46 92822.12 104726.9 116350.5 127944.7 123097 59 
1 0.559101 0.06188947 0.1317281 0.1189996 0.1254204 0.1426895 0.1706891 0.1967742 0.2461372 0.3430969 0.4806689 1 16087.88 32175.75 44794.64 56511.75 68170.27 80126.52 91557.27 103042 115110.5 126217.2 122129.4 60 
1 0.5445031 0.06449428 0.1323547 0.1206671 0.1273128 0.140709 0.1730482 0.1933462 0.2484481 0.335083 0.5087394 0.9999992 16222.41 32444.83 45277.2 57182.59 68665.5 80800.44 92012.52 103634.3 115414.4 127306.6 122567.7 61 
1 0.524112 0.06750113 0.1368564 0.1218378 0.1295617 0.1467848 0.1644694 0.2019801 0.2484145 0.3272341 0.5005165 0.9999996 16917.35 33834.7 46834.36 58973.88 70945.26 82390.02 94133.38 105659.3 117070.6 128813 123613.9 62 
1 0.5201493 0.06611257 0.1392574 0.1246991 0.1271848 0.1429493 0.1694303 0.1951877 0.2511643 0.3346399 0.5048031 0.9999999 17204.22 34408.45 47668.75 59506.87 71120.07 82916.95 94204.63 105894.4 117557.4 129263.5 123542.6 63 
1 0.577639 0.06085267 0.1294671 0.1175553 0.126991 0.1462685 0.160129 0.2016045 0.2500706 0.3237438 0.4966713 0.9999996 15720.61 31441.23 43867.4 55712.96 67624.07 78756.57 90528.18 102186 113504.1 125246.4 121425.5 64 
1 0.5692109 0.06100663 0.1293881 0.1224953 0.1259483 0.1420563 0.1689505 0.1979441 0.2529943 0.3367019 0.500207 1 15770.89 31541.78 44540.66 56268.77 67830.79 79628.33 91115.19 102890.5 114597.2 126133 121888.3 65 
1 0.5433884 0.06304806 0.1361917 0.1220587 0.1274909 0.145723 0.1656106 0.2004201 0.2528859 0.3295641 0.4950548 1 16691.79 33383.58 46305.84 58155.73 69973.43 81446.83 93032.3 104720.8 116101.3 127562.6 122561 66 
1 0.5103005 0.06756931 0.1393258 0.1247605 0.1251075 0.1461039 0.1674763 0.1965551 0.2474028 0.3314801 0.5097731 0.9999998 17305.24 34610.48 47947.6 59653.25 71613.18 83319.63 94757.69 106324.9 117988.8 129980.5 124207.1 67 
0.9999998 0.547398 0.06405336 0.1341243 0.1216879 0.1252835 0.1430236 0.1705045 0.1972595 0.2591484 0.3306955 0.5069081 0.9999992 16406.63 32813.25 45702.12 57357.06 68995.4 80885.56 92296.04 104329.5 115705.8 127377.2 122324.1 68 
1 0.5228453 0.06558581 0.14065 0.1210258 0.130377 0.1465073 0.16732 0.1970555 0.254451 0.3259504 0.5063332 0.9999998 17425.3 34850.6 47735.72 59936.49 71859.26 83480.85 94877.68 106694.1 117979.3 129795.7 123891.2 69 
1 0.5428539 0.06290131 0.1361974 0.1202832 0.1279214 0.1448506 0.1686082 0.1976244 0.2505343 0.3420522 0.497551 0.9999998 16684.58 33369.16 46097.33 58005.55 69764.8 81470.03 92876.41 104478.9 116351.1 127713.3 122502.9 70 
1 0.1196421 0.2087063 0.4138774 0.3025613 5.886506e-05 0.2712316 0.1981978 0.3206588 0.9999966 0.9999988 0.9999978 0.9999382 75774.74 151549.5 184017.4 184021.8 204320.2 215129.8 229152.2 258859.6 258859.7 258859.7 183085 71 
1 0.5464082 0.06293658 0.132684 0.1219967 0.129137 0.1426504 0.1681614 0.2010144 0.2458214 0.3282382 0.4968461 0.9999999 16279.08 32558.15 45540 57605.23 69211.9 80942.46 92606.76 104003.7 115480.9 127151.2 122690.6 72 
1 0.5816273 0.0600038 0.1259613 0.1233588 0.1266758 0.1417052 0.1629774 0.2051127 0.2494069 0.3354136 0.5044193 1 15315.88 30631.75 43741.84 55543.72 67073.43 78454.86 90444.3 102032.6 113730.2 125421.5 121591.9 73 
1 0.5708395 0.06084327 0.1311657 0.1208383 0.1255974 0.1460915 0.1632933 0.2037688 0.2542775 0.3294108 0.5117804 1 15952.63 31905.27 44674.17 56342.23 68209.59 79536.43 91362.8 103113.4 114465.3 126292.2 121622 74 
1 0.5383548 0.06418714 0.132891 0.1199478 0.1257263 0.1429418 0.1681705 0.2019422 0.2487078 0.3407316 0.5024642 1 16347.82 32695.64 45490.35 57292.81 69024.3 80853.46 92669.32 104282.8 116236.3 127857.4 123016.8 75 
1 0.5654599 0.06199558 0.1320493 0.1166679 0.1268519 0.1414471 0.1683523 0.2025824 0.248808 0.3278621 0.5001341 0.9999999 16073.43 32146.86 44472.76 56311.04 67836.89 79614.73 91401.3 102944.8 114371.3 126086.9 121722.9 76 
1 0.5130521 0.06616531 0.1426944 0.1196754 0.1302415 0.1421842 0.1692588 0.1947289 0.2508094 0.333483 0.5066104 1 17680.8 35361.6 48074.22 60253.54 71817.95 83627.06 94913.63 106619.9 118281 130088.3 123906.7 77 
1 0.52384 0.06650882 0.1361231 0.120705 0.1325274 0.1451056 0.1696867 0.200705 0.2556098 0.3332474 0.4863826 1 16822.17 33644.35 46530.62 58971.25 70787.42 82600.21 94201.47 106011 117471.9 128625.1 123580.6 78 
1 0.492413 0.06871154 0.147243 0.1241254 0.1251675 0.1489702 0.1690428 0.1971289 0.2532395 0.3373406 0.4913053 1 18409.54 36819.08 50053.17 61741.9 73912.17 85664.98 97053.69 108800 120484.8 131761.7 125028.3 79 
1 0.5342302 0.06446606 0.1352642 0.1183432 0.1268397 0.1411672 0.1653905 0.2079593 0.2500491 0.327979 0.4920989 0.9999997 16644.78 33289.56 45882.35 57781.98 69345.93 80981.6 93192.36 104821.2 116260.3 127794.3 123053.9 80 
1 0.57809 0.06001115 0.1297975 0.1180075 0.125771 0.1442848 0.1663548 0.1980305 0.2575294 0.3396832 0.4971813 1 15768.98 31537.97 44013.73 55741.16 67502.81 79106.93 90622.63 102632.6 114394.3 125761.7 121489.1 81 
1 0.5472216 0.06091524 0.1334012 0.1212924 0.1299867 0.1407786 0.1728681 0.1946158 0.2475361 0.3320721 0.497304 1 16362.14 32724.28 45616.62 57757.26 69196.71 81266.19 92505.16 104018.2 115639.9 127264.8 122653.6 82 
1 0.5395756 0.06396119 0.1337425 0.1210277 0.126408 0.1403001 0.169545 0.1953472 0.2487409 0.3310842 0.4965439 1 16438.64 32877.27 45763.57 57593.8 69064.37 80981.16 92383.6 104066.4 115748.6 127468.4 122912.6 83 
1 0.5035982 0.06729888 0.1443992 0.123643 0.1290878 0.1417206 0.1624343 0.2059249 0.2438127 0.341711 0.4884509 0.9999999 17971.45 35942.9 49109.05 61155.42 72673.45 84004.01 96035.01 107346.3 119334.1 130614.4 124456.7 84 
1 0.5521879 0.06304187 0.1343155 0.1197116 0.1281538 0.1424237 0.1697091 0.1982694 0.2547856 0.3369171 0.4979715 1 16443.3 32886.6 45573.59 57529.39 69113.69 80951.33 92434.08 104264.3 115922.3 127347.7 122422.9 85 
1 0.5435945 0.06314894 0.1318078 0.1222949 0.1297269 0.1446587 0.1707277 0.2005395 0.2502066 0.3363264 0.496304 1 16182.7 32365.4 45401.1 57537.91 69316 81205.77 92787.32 104339.5 115982.5 127385.2 122775 86 
1 0.5133677 0.06703244 0.140938 0.119373 0.128736 0.1418051 0.1693259 0.2044115 0.2434272 0.3378097 0.4931421 0.9999991 17490.92 34981.83 47708.52 59795.03 71394.62 83281.28 95201.18 106494.6 118351.7 129813.7 124103.6 87 
1 0.5313804 0.0651077 0.1367991 0.1223663 0.1271762 0.141345 0.169047 0.2026912 0.2499802 0.3356159 0.4946827 1 16863.24 33726.48 46747.1 58623.61 70144.61 81976 93763.98 105355.4 117027.4 128457.5 123270.1 88 
1 0.5400003 0.06373079 0.1349236 0.1216474 0.1227142 0.1430431 0.1669827 0.201299 0.2501966 0.3244468 0.489897 1 16607.74 33215.47 46168.76 57646.09 69383.01 81124.34 92915.1 104619.9 116000.8 127609.8 123090 89 
1 0.5351938 0.06314322 0.1377492 0.1189717 0.1286353 0.1437383 0.1694632 0.201183 0.2474652 0.3266554 0.5010277 1 16991.83 33983.66 46637.67 58691.77 70428.49 82276.8 93959.17 105438.1 116840.7 128617.1 123353.4 90 
1 0.5554189 0.06249317 0.1311972 0.1206976 0.1274472 0.1471421 0.1664579 0.1962726 0.2562826 0.3398637 0.5075223 1 16034.02 32068.04 44883.6 56782.52 68769.4 80334.52 91701.17 103630.1 115395.2 126993 122213.1 91 
1 0.5302733 0.06532149 0.1368954 0.1216727 0.1274952 0.1472233 0.1626421 0.2033175 0.250395 0.3323674 0.5041466 1 16846.2 33692.4 46615.59 58509.55 70492.88 81782.23 93599.63 105194.3 116731 128414.2 123058.9 92 
1 0.5751971 0.05919071 0.1283858 0.1146433 0.1288814 0.1441708 0.1693686 0.1948345 0.2487558 0.3291788 0.4897442 1 15666.58 31333.16 43526.72 55663.13 67489.58 79380 90741.58 102421.3 114032.3 125620.5 122027.4 93 
1 0.5738465 0.0589312 0.1293417 0.1186547 0.124964 0.1428103 0.170358 0.2022746 0.2497713 0.3342998 0.4978248 0.9999999 15736.12 31472.24 44040.99 55707.43 67373.88 79303.27 91054.63 102630.2 114253.5 125776.1 121663.2 94 
0.9999894 0.6015927 0.0587416 0.1256564 0.11831 0.1256274 0.1413454 0.1653659 0.2019018 0.2508095 0.3276594 0.5062089 0.9999997 15154.73 30309.3 42784.75 54464.38 65954.33 77496.73 89258.77 100919.8 112332.9 124187.8 120604.5 95 
1 0.556731 0.06344582 0.1318195 0.1186309 0.1250517 0.1454916 0.1640907 0.2011601 0.2469889 0.3269555 0.4951388 0.9999992 16151.95 32303.9 44923.71 56648.44 68583.74 80086.33 91873.59 103434.9 114959.4 126705.7 122530.8 96 
0.9999999 0.5230269 0.06346436 0.1400568 0.1230157 0.1262985 0.1426984 0.1715018 0.1942406 0.2476042 0.327694 0.5022345 0.9999993 17305.86 34611.72 47683.03 59452.27 71070.3 83040.89 94273.44 105810.7 117299.1 129136.7 123563.1 97 
0.9999947 0.5430048 0.06575514 0.1370829 0.1203271 0.1282142 0.1426033 0.1598925 0.2019669 0.2532563 0.3282356 0.5113728 0.9999998 16832.61 33665.14 46414.69 58365.18 69952.58 81092.04 92912.91 104741.9 116190.2 128171.7 122791.5 98 
1 0.5424324 0.06463311 0.1358224 0.1187783 0.1276712 0.1459429 0.1632156 0.2047255 0.2457303 0.3328111 0.5043036 1 16671.26 33342.52 45941.55 57875.32 69775.36 81141.52 93071.44 104459.3 116092.7 127853.9 122743 99 
1 0.5194366 0.065967 0.1402349 0.1201376 0.1262642 0.1427945 0.1666394 0.2022526 0.2512444 0.3310661 0.4977837 0.9999999 17345.76 34691.52 47467.56 59281.97 70956.08 82634.25 94446.27 106151.8 117701 129317 123690.8 100 
