0.1979466 0.4993645 0.899944 0.06064168 0.09142111 0.1152658 0.1360344 0.1647347 0.1999582 0.2519306 0.3305599 0.5034722 0.9999996 9976.566 11951.39 16493.96 19449.6 20749.15 21787.88 22238.56 22470.93 22183.49 22474.51 164516.6 1 
0.2044317 0.4956231 0.8987705 0.06129434 0.0908716 0.114397 0.1382189 0.1638024 0.201983 0.2499072 0.3321317 0.5084011 0.9999998 10108.66 12175.19 16556.94 19485.39 21211.4 21931.07 22625.51 22538.19 22464.6 22848.12 164920 2 
0.1967825 0.5228371 0.8985815 0.06042985 0.0903563 0.1122467 0.1350624 0.1649644 0.1994459 0.2485847 0.3350066 0.5005976 0.9999996 9518.765 11391.89 15614.35 18183.98 19720.26 20933.45 21335.52 21376.62 21602 21536.65 157517.6 3 
0.1950791 0.5176477 0.903337 0.06154649 0.09064902 0.113386 0.1344794 0.1672236 0.1990503 0.2493618 0.32903 0.4955464 0.9999995 9815.458 11730.25 15855.3 18524.64 19840.91 21335.25 21474.36 21560.29 21411.3 21563.52 159480.4 4 
0.1976854 0.5108564 0.9047156 0.05997784 0.09063126 0.1125799 0.1353553 0.1654754 0.1977864 0.2457119 0.3326762 0.5024974 0.9999999 9660.125 11569.79 16008.88 18664.7 20227.42 21479.83 21683.28 21664.17 22029.7 22243.45 161061.6 5 
0.1996433 0.5051474 0.9020438 0.06069764 0.09030429 0.1146206 0.1369462 0.1636641 0.1984141 0.2511608 0.3335266 0.5027506 0.9999997 9864.539 11833.93 16147.95 19141.12 20659.22 21491.57 21899.34 22239.26 22207.31 22283.15 162519.3 6 
0.1970064 0.5109224 0.9030435 0.05855666 0.0927166 0.1123976 0.1382026 0.1636661 0.1972957 0.2493317 0.3309899 0.500693 0.9999997 9429.866 11287.61 16280.35 18667.83 20551.02 21269.3 21551.69 21857.58 21856.52 22067.29 161038.3 7 
0.2012908 0.493469 0.899129 0.06100996 0.08960715 0.1161292 0.1345834 0.1649532 0.2007788 0.2496683 0.3321652 0.5018422 0.9999998 10122.22 12159.73 16407.43 19773.15 20851.32 22092.5 22635.96 22633.15 22601.14 22756.73 165910.9 8 
0.2011362 0.4993879 0.8941925 0.06253684 0.09271416 0.1128239 0.1379205 0.1645911 0.1997185 0.245602 0.3315289 0.4979446 0.9999997 10278.65 12346.05 16768.9 19145.29 20956.36 21813.03 22226.49 22026.7 22308.38 22436.9 164361.5 9 
0.1986978 0.510328 0.8990348 0.06061184 0.0904742 0.1135341 0.1367231 0.1633498 0.2007228 0.2501481 0.3313272 0.5005663 0.9999994 9748.705 11685.75 15991.64 18779.34 20386.75 21229.11 21878.65 21938.63 21830.88 21988.12 160838.3 10 
0.194837 0.5175816 0.9052549 0.05938726 0.09016082 0.1134857 0.1361554 0.1667473 0.1978276 0.2441206 0.3377049 0.5011759 0.9999998 9470.995 11316.3 15729.64 18553.55 20088.89 21342.47 21387.42 21221.92 21968.19 21808.44 159478.6 11 
0.2032059 0.4880227 0.9012533 0.06023499 0.08948498 0.1150163 0.1399902 0.1641131 0.1945198 0.2484871 0.3339062 0.4972965 0.9999998 10085.78 12135.27 16546.85 19841.26 21781.92 22321.93 22266.29 22768.3 23050.03 22960.5 167440.6 12 
0.1987928 0.5024395 0.9029978 0.06138115 0.08968966 0.1152026 0.1362941 0.1635308 0.1962693 0.2464701 0.3301841 0.4927203 0.9999999 10048.89 12046.54 16176.85 19330.61 20711.54 21598.51 21843.51 22055.51 22265.36 22298.83 163713 13 
0.2025149 0.4896913 0.8991191 0.06107129 0.09012669 0.115709 0.1360554 0.1634105 0.1969966 0.2468741 0.3360054 0.4992413 1 10177.73 12238.87 16581.17 19831.75 21145.47 22056.4 22392.59 22573.88 23062.19 22912.78 166653.2 14 
0.2015766 0.5041993 0.8955188 0.06130597 0.09114284 0.1152748 0.1378091 0.1646827 0.1980736 0.252221 0.3314441 0.4912561 0.9999991 9971.955 11982.07 16331.62 19288.82 20807.52 21626.7 21873.51 22293.66 22068.2 21863.05 162658.8 15 
0.1979986 0.5008539 0.8952949 0.06082289 0.09231983 0.1147439 0.1366832 0.1629671 0.1974298 0.2491426 0.3340134 0.4982983 0.9999999 9960.963 11933.22 16562.38 19298.66 20713.79 21489.46 21887.18 22191.4 22370.18 22289.68 163770 16 
0.2052403 0.4858148 0.9018844 0.06192607 0.09203517 0.113181 0.1380804 0.166913 0.1969827 0.246401 0.3343319 0.5052196 0.9999999 10384.64 12515.99 17046.79 19664.5 21525.99 22640.84 22562.94 22627.14 23045.75 23240.47 167694.2 17 
0.1991311 0.5007178 0.9046126 0.06161061 0.09221336 0.1143719 0.1375816 0.1618269 0.2010154 0.2488969 0.3316387 0.4934537 0.9999999 10093.5 12103.43 16586.48 19264.33 20840.67 21399.39 22220.42 22191.78 22200.21 22103.59 163827.3 18 
0.1936741 0.5087587 0.9043903 0.06051052 0.08996805 0.1154898 0.1353142 0.1658668 0.1979842 0.2470425 0.3258645 0.5079178 1 9816.03 11717.14 15980.81 19112.66 20301.31 21526.22 21686.92 21731.12 21620.43 22482.81 162220.2 19 
0.2004824 0.500186 0.9004203 0.05954296 0.09288861 0.1143185 0.1361875 0.1659327 0.1973548 0.2490689 0.32684 0.5014811 0.9999999 9758.271 11714.63 16665.31 19324.11 20737.99 21906.49 21998.97 22245.82 22035.05 22570.15 163886.2 20 
0.1984887 0.4976493 0.9101237 0.06079278 0.09064237 0.1155449 0.1352765 0.1632512 0.197534 0.2512198 0.3331843 0.4972919 0.9999999 10039.1 12031.75 16446.56 19560.79 20757.34 21729.66 22142.18 22590.63 22553.76 22460.64 165136.5 21 
0.1990511 0.5064277 0.902271 0.06019025 0.09181445 0.1121542 0.1349515 0.1638187 0.1998079 0.2467603 0.3363453 0.4935056 0.9999997 9768.35 11712.75 16335.24 18787.04 20336.4 21476.13 22049.49 21954.36 22404.4 22020.64 162291.2 22 
0.1949294 0.5125673 0.9017686 0.05957959 0.09094473 0.1128913 0.1374052 0.164268 0.1987706 0.2504434 0.3331915 0.490677 0.9999999 9583.11 11451.14 15988.69 18639.89 20394.52 21260.04 21623.51 21860.74 21857.84 21540.2 160845.5 23 
0.1987823 0.5087288 0.9037039 0.05997189 0.09193128 0.1140848 0.1365374 0.16036 0.1985204 0.252235 0.3308253 0.5037922 1 9692.796 11619.55 16276.84 18974.96 20459.91 20990.66 21763.75 22240.04 21989.89 22274.72 161622.3 24 
0.1994525 0.496911 0.9004512 0.06179995 0.08970677 0.1154807 0.1356099 0.167021 0.1954595 0.24908 0.3327972 0.4951223 0.9999997 10184.87 12216.27 16306.94 19506.21 20773.3 22116.77 21931.97 22337.53 22477.84 22373.14 164803.9 25 
0.1963569 0.5034387 0.9007245 0.06176851 0.09232762 0.1158578 0.1355903 0.162122 0.1961164 0.2493801 0.3316482 0.5006014 0.9999998 10084.4 12064.55 16511.41 19350.34 20467.16 21245.72 21632.32 22096.07 22155.76 22324.87 163261.2 26 
0.202436 0.4969226 0.9016262 0.06066827 0.0913608 0.115526 0.1350801 0.1646209 0.1984228 0.2459598 0.3356734 0.4963915 1 9993.389 12016.41 16568.67 19596.16 20764.21 21908.9 22262.95 22220.78 22727.29 22509.02 164721.8 27 
0.2020753 0.4996443 0.8962974 0.06082461 0.0907636 0.1130451 0.1387621 0.1617359 0.202653 0.243498 0.3337723 0.4960015 0.9999998 9977.028 11993.14 16405.87 19149.45 21108.86 21570.77 22535.16 21967.6 22496.65 22423.81 164029.4 28 
0.2034472 0.4940506 0.9005758 0.06073504 0.09173444 0.1122689 0.1353029 0.1668123 0.1953276 0.2453293 0.3312023 0.4925846 0.9999998 10064.26 12111.81 16741.98 19277.07 20901.66 22353.99 22208.06 22366.62 22734.95 22713.1 165707.7 29 
0.2044084 0.4838301 0.8981664 0.06062324 0.09220394 0.1151007 0.1358787 0.1649799 0.1986311 0.2466015 0.3355452 0.4994509 0.9999997 10230.41 12321.59 17135.13 20066.36 21404.97 22529.75 22856.61 22830.4 23281.41 23169.31 168753.9 30 
0.1926214 0.5138204 0.8989331 0.06056306 0.09006455 0.1150055 0.1354327 0.164683 0.1964042 0.2486242 0.3310238 0.5005469 1 9732.925 11607.69 15833.33 18848.94 20096.32 21181.17 21324.64 21649.84 21719.47 21935.94 160707.3 31 
0.1980226 0.4970422 0.9040248 0.06129549 0.09090727 0.1134123 0.1367762 0.1625393 0.1970992 0.251202 0.3291558 0.4985969 0.9999993 10121.51 12125.8 16492.26 19247.21 20899.18 21667.52 22091.82 22590.48 22346.18 22586.94 165126.5 32 
0.20058 0.5023869 0.9061583 0.06000076 0.09027553 0.1143508 0.1350102 0.1637058 0.2002739 0.2479817 0.3345798 0.4988911 0.9999996 9791.222 11755.14 16205.55 19207.71 20538.43 21620.26 22241.56 22191.28 22440.61 22350.42 163185 33 
0.2016546 0.4974185 0.8926168 0.06065929 0.09203036 0.1125454 0.1391195 0.1646568 0.1981353 0.2485175 0.3340983 0.5032357 0.9999999 9981.578 11994.41 16643.86 19151.48 21189.27 21927.81 22168.32 22319.11 22532.78 22630.22 164551.5 34 
0.1956726 0.5144116 0.9009099 0.0614177 0.0911906 0.1154892 0.1363822 0.163965 0.2004383 0.2466105 0.3339346 0.5028104 0.9999999 9844.252 11770.5 16021.82 18924.8 20195.9 21075.98 21625.05 21448.02 21760.51 21872.67 160283.6 35 
0.2032458 0.4894996 0.8962331 0.06137572 0.09348568 0.1157467 0.1321573 0.1654987 0.1975141 0.2479633 0.3287901 0.5004023 0.9999988 10236.79 12317.38 17138.84 19909.8 20631.05 22216.96 22466 22650.48 22636.85 23022.67 166788.9 36 
0.1989254 0.5009638 0.9006227 0.06164782 0.09088106 0.113933 0.1360392 0.1663152 0.1935829 0.24261 0.3303373 0.4952136 0.9999993 10088.57 12095.45 16361.78 19160.3 20639.34 21879.94 21600.05 21728.09 22298.48 22482.08 163648.5 37 
0.2000186 0.5004674 0.899192 0.05957005 0.09077876 0.1126013 0.1367787 0.1647854 0.2000105 0.250239 0.3347096 0.4948953 0.9999999 9753.146 11703.96 16318.44 19027.62 20798.1 21831.46 22281.2 22387.1 22459.38 22180.49 163725.7 38 
0.195431 0.5139275 0.9005752 0.06018111 0.09032443 0.1134663 0.1398412 0.1647949 0.1972853 0.2497727 0.3319126 0.506211 0.9999997 9657.115 11544.41 15878 18669.33 20656.37 21276.83 21395.87 21699.68 21705.55 22037.18 160467.5 39 
0.199911 0.4969845 0.8971183 0.06155741 0.09011087 0.1146538 0.1394883 0.1658885 0.1978533 0.2529843 0.3268571 0.5043173 0.9999998 10153.02 12182.72 16383.07 19422.44 21275.27 22052.24 22115.63 22582.7 22043.11 22612.04 164935.8 40 
0.2003356 0.4939994 0.9024494 0.05956388 0.09053076 0.1159163 0.1364508 0.161684 0.1970063 0.2512239 0.334223 0.4963364 0.9999998 9864.258 11840.42 16471.66 19718.73 21037.46 21698.78 22206.45 22736.48 22772.37 22573.87 165608.1 41 
0.1947788 0.5158661 0.9017507 0.06165645 0.09133834 0.1128913 0.1385169 0.160489 0.1994397 0.2499329 0.3302574 0.5085847 0.9999999 9864.992 11786.48 16008.78 18518.96 20370.49 20699.86 21487.86 21697.95 21583.47 22105.84 159999.3 42 
0.1929401 0.5236806 0.9024743 0.06102813 0.08934614 0.1153557 0.1366898 0.1654942 0.1962502 0.2508096 0.3339074 0.5019044 0.9999991 9641.429 11501.65 15472.91 18568.54 19917.72 20916.94 20932.04 21394.53 21438.82 21468.49 157983.4 43 
0.2023544 0.489413 0.9010195 0.06260884 0.0922678 0.113582 0.1351684 0.1666828 0.1958245 0.2507556 0.3341578 0.4972479 0.9999998 10457.05 12573.08 16990.11 19580.18 20990.21 22407.34 22312.91 22822.82 22897.55 22744.78 167021.9 44 
0.2012859 0.486245 0.9008655 0.06063905 0.08979284 0.1134815 0.1389094 0.1643657 0.1992188 0.249228 0.327111 0.4968893 0.9999999 10186.31 12236.67 16632.05 19646.85 21641.73 22377.42 22756.67 22865.83 22620.59 22970.04 167982.6 45 
0.1995974 0.4993998 0.8952861 0.06105306 0.09096209 0.1130793 0.13445 0.1639253 0.2019424 0.2459725 0.3372039 0.4883211 0.9999999 10036 12039.16 16442.58 19147.59 20552.8 21758.56 22528.48 22174.05 22698.98 22069.67 164381.6 46 
0.1949971 0.512538 0.8985043 0.05940331 0.08998554 0.1149008 0.1374467 0.1621282 0.1975416 0.2480182 0.335363 0.4952954 0.9999994 9558.48 11422.36 15846.61 18915.38 20443.9 21034.23 21505.41 21727.92 22066.02 21803.86 160908.2 47 
0.1992358 0.5026362 0.8974582 0.06012304 0.09183216 0.1141054 0.1353692 0.1627664 0.1977987 0.2447545 0.3342096 0.4968525 0.9999996 9842.129 11803.03 16480.67 19227.33 20587.42 21522.33 22012.28 21979.4 22523.16 22446.38 163699.8 48 
0.1950359 0.4988879 0.8986393 0.06166017 0.09095509 0.1149966 0.1378095 0.1652301 0.1981294 0.244872 0.337505 0.4948969 0.9999999 10178.66 12163.86 16461.16 19403.11 20957.67 21840.38 22029.98 21907.87 22602.35 22214.36 165076.7 49 
0.1990456 0.5028045 0.8979437 0.0627116 0.08981567 0.1143007 0.1369088 0.1626589 0.1967285 0.2516065 0.3368933 0.5004205 1 10238.59 12276.54 16187.73 19142.13 20699.49 21438.86 21806.42 22359.22 22506.65 22264.74 163264.7 50 
0.1993283 0.5055323 0.9018668 0.05984934 0.09049066 0.1142121 0.1351556 0.1661266 0.1981476 0.2501575 0.3287199 0.4982335 0.9999995 9729.872 11669.31 16156.88 19097.38 20449.06 21767.36 21934.65 22184.83 21973.42 22237.46 162572.8 51 
0.1976157 0.5061597 0.8946265 0.0607835 0.0893412 0.1145676 0.1370083 0.1661629 0.1985515 0.2457248 0.3365656 0.4989153 0.9999994 9860.457 11809.04 15945.87 19047.4 20596.04 21686.97 21838.6 21725.73 22280.03 22092 162222.6 52 
0.1907391 0.5248012 0.9064168 0.05926695 0.08977607 0.1151175 0.1379767 0.1624903 0.1976426 0.2485199 0.3332405 0.5060949 0.9999999 9363.652 11149.67 15469.87 18524.29 20050.59 20592.36 21009.13 21240.66 21416.83 21669.46 157991.1 53 
0.1975967 0.5008637 0.9000682 0.0613721 0.09255354 0.1148532 0.1359128 0.1658219 0.1973113 0.2502132 0.330903 0.4984419 0.9999996 10058.67 12046.23 16618.53 19317.22 20611.23 21777.83 21877.11 22211.31 22126.74 22249.57 163896.4 54 
0.2018673 0.5026405 0.9009156 0.06066973 0.0901443 0.115201 0.1384304 0.16144 0.1946578 0.2471426 0.3321219 0.4959177 0.9999995 9861.83 11852.61 16156.57 19265.63 20904.9 21317.11 21590.13 22033.92 22330.75 22341.71 162549.4 55 
0.1969371 0.5136918 0.8991039 0.06115012 0.08965825 0.114354 0.1377976 0.1637584 0.1992322 0.250699 0.3318172 0.4987837 0.9999997 9801.26 11731.49 15802.2 18777.25 20416.04 21150.71 21593.29 21813.37 21711.85 21768.57 160281.9 56 
0.198424 0.5016585 0.9023543 0.06072683 0.0905913 0.1123379 0.1381754 0.1622434 0.1973566 0.2488703 0.3235953 0.5080174 0.9999996 9929.2 11899.39 16273.84 18918.69 20884.14 21478.69 21927.17 22230.77 21873.72 22883.77 163506 57 
0.1988209 0.4965118 0.9024775 0.06190455 0.09228678 0.1144166 0.1382356 0.1642333 0.1967042 0.248579 0.3340565 0.5051509 0.9999998 10219.43 12251.26 16727.73 19409.62 21067.78 21807.62 21972.48 22272.29 22507.5 22681.2 165083.6 58 
0.2011703 0.491705 0.9044781 0.06145258 0.09143753 0.1154574 0.1365058 0.1645857 0.1984656 0.2455619 0.3375945 0.4943437 0.9999999 10207.16 12260.54 16720.74 19716.71 21068.37 22043.49 22371.13 22288.89 22933.89 22509.56 166098.1 59 
0.2020219 0.4890141 0.9039113 0.06026443 0.0899796 0.1164119 0.1371441 0.1642457 0.1985867 0.246761 0.3272471 0.5070533 1 10046.84 12076.52 16536.45 19937.45 21304.17 22156.76 22516.38 22513.72 22493.83 23250.66 166712.6 60 
0.2004438 0.4913524 0.8970758 0.06186356 0.09045599 0.1153206 0.1367414 0.1651193 0.196276 0.2502752 0.3344192 0.5014984 0.9999997 10314.66 12382.17 16630.85 19740.07 21167.36 22183.35 22250.94 22706.82 22830.8 22821.13 166732.4 61 
0.1986576 0.5010144 0.902365 0.060507 0.09015769 0.1123813 0.1368181 0.164998 0.197845 0.2470255 0.3329004 0.5046553 1 9919.821 11890.47 16248.69 18976.89 20788.66 21845.82 22077.62 22151.26 22427.66 22685.91 163945 62 
0.2056034 0.4855723 0.896096 0.06123102 0.08963294 0.1135231 0.1407859 0.1622874 0.1973436 0.2489789 0.3322755 0.5023057 0.9999995 10280.52 12394.22 16675.94 19717.95 21962 22252.13 22642.93 22952.25 23057.51 23251.7 167897.2 63 
0.1949309 0.5104809 0.8995763 0.06104774 0.09154055 0.1144435 0.1386372 0.1614558 0.1975508 0.2498881 0.337875 0.5072859 0.999997 9853.476 11774.22 16168.37 18908.23 20588.85 20969.46 21484.67 21846.79 22168.67 22126.02 161406.1 64 
0.2037594 0.4909937 0.9020895 0.06131684 0.09106293 0.1121503 0.1375224 0.1625173 0.1969937 0.2470951 0.3314365 0.4987476 0.9999996 10191.46 12268.06 16707.22 19308.38 21249.26 21977.77 22393.51 22607.83 22830.07 22985.75 166209.8 65 
0.1982054 0.5108257 0.8995456 0.06268481 0.09123754 0.115322 0.1343752 0.1638105 0.1988051 0.2487991 0.3338023 0.5043885 0.9999999 10067.98 12063.51 16126.39 18973.47 20024.39 21131.14 21604.9 21745.37 21910.32 22060.08 160612.8 66 
0.2042637 0.4906092 0.9002858 0.0605979 0.09183745 0.1130853 0.1392956 0.1627244 0.2019253 0.2503274 0.3333979 0.4999227 0.9999998 10103.84 12167.69 16870.1 19532.02 21563.38 22074.45 22867.59 22834.55 22799.64 22784.43 166735.8 67 
0.1978288 0.4976164 0.9008185 0.06121744 0.09151531 0.1148987 0.1367644 0.1618235 0.1991155 0.2462136 0.3365471 0.499725 0.9999992 10076.04 12069.38 16528.46 19399 20830.43 21477.32 22149.14 22108.82 22638.75 22472.05 164594.3 68 
0.2084446 0.4793708 0.8964923 0.06221421 0.0906727 0.1138469 0.1372388 0.1672783 0.198563 0.250367 0.3296406 0.4971484 0.9999997 10564.15 12766.19 17099.65 20049.38 21788.99 23060.39 23111.68 23315.07 23116.8 23276.38 169802.9 69 
0.2036291 0.4963368 0.897363 0.06177121 0.0914872 0.1152781 0.1388689 0.1612827 0.1982542 0.2519087 0.3277881 0.5018772 0.9999994 10198.43 12275.13 16671.09 19617.82 21284.9 21626.45 22231.71 22688.81 22299.32 22736.69 165100 70 
0.196508 0.5001229 0.9032998 0.05991266 0.09117737 0.1127797 0.1384828 0.1628732 0.1995617 0.2506272 0.3308055 0.5054356 0.9999999 9833.409 11765.75 16380.34 19033.67 20969.27 21577.96 22146.17 22352.03 22196.37 22565.62 164129.1 71 
0.2049501 0.4904536 0.9005653 0.06083135 0.09081022 0.1152023 0.1392072 0.1599899 0.2008144 0.2446897 0.3335602 0.4964358 0.9999997 10123.71 12198.56 16693.63 19792.22 21559.56 21734.55 22711.61 22433.47 22903.37 22850.64 166422.5 72 
0.1957856 0.5062165 0.9047567 0.06083998 0.09251453 0.1145295 0.1393203 0.1654894 0.199785 0.2469774 0.3346535 0.5097684 0.9999985 9885.099 11820.46 16431.24 19076.47 20817.72 21540.34 21811.98 21675.82 22003.23 22307.16 162477 73 
0.2018187 0.4919242 0.898033 0.06256476 0.0927181 0.1120986 0.1354021 0.1658121 0.2014356 0.2483153 0.3331224 0.4992219 0.9999994 10412.25 12513.64 16990.57 19296.15 20911.55 22237.81 22747.03 22565.19 22679.62 22691.69 166423.6 74 
0.1997257 0.4876547 0.8979278 0.06085882 0.09156342 0.1154722 0.1394217 0.1646506 0.1990049 0.2489904 0.3312753 0.5012789 0.9999999 10216.09 12256.5 16882.84 19909.21 21637.91 22271.12 22570.71 22670.18 22675.49 22892.52 167865.3 75 
0.1988708 0.5003336 0.9036238 0.06107058 0.092596 0.1139553 0.1341409 0.1648815 0.1983448 0.2523512 0.3319435 0.4982906 0.9999992 10015.52 12007.31 16646.17 19232.87 20431.88 21737.91 22079.11 22500.92 22285.25 22292.94 163999.1 76 
0.1979069 0.5046396 0.899591 0.0597338 0.08942046 0.1138896 0.13582 0.1634446 0.2006077 0.2511146 0.3291336 0.4976205 0.9999996 9719.861 11643.49 15985.63 19030.59 20533.46 21500.69 22158.84 22300.82 21998.51 22189.96 162719.6 77 
0.2024674 0.496341 0.9032569 0.06094606 0.0913574 0.1142882 0.1411493 0.1624976 0.1993483 0.2442987 0.333824 0.5065396 1 10065.66 12103.63 16619.32 19470.65 21559.95 21784.75 22308.05 22077.33 22603.69 22906.94 165156.8 78 
0.1964076 0.5049305 0.9017172 0.05939132 0.08974797 0.1122845 0.1373618 0.1637081 0.195378 0.2471885 0.333784 0.5046973 0.9999986 9680.525 11581.85 16034.48 18819.2 20713.37 21563.48 21696.78 22037.13 22397.94 22601.63 162995.6 79 
0.1985176 0.5020428 0.9061147 0.06063874 0.0917269 0.1129912 0.1367525 0.1637264 0.1989663 0.2491792 0.333751 0.5008137 0.9999991 9899.222 11864.39 16421.6 18997.8 20666.59 21564.2 22026.49 22174.87 22304.92 22326.21 163249.2 80 
0.2033304 0.4971315 0.9039999 0.06086669 0.09134412 0.1119096 0.1373025 0.1638158 0.1998583 0.2458754 0.3375883 0.4936998 0.9999999 10005.56 12040 16549.74 19063.49 20981.23 21872.1 22408.18 22236.51 22827.79 22375.61 164384.9 81 
0.1992886 0.4993941 0.9004339 0.06050701 0.09148676 0.1172108 0.1362179 0.1647828 0.1973607 0.2484612 0.3344097 0.500082 0.9999988 9938.185 11918.75 16492.62 19718.92 20788.19 21758.52 21957.92 22181.94 22431.6 22397.33 164248.5 82 
0.1980495 0.5010267 0.900957 0.05900968 0.08986933 0.113694 0.1379239 0.1643688 0.1984065 0.2493083 0.3322734 0.5010915 0.9999994 9680.229 11597.39 16169.49 19175.45 20971.8 21797.57 22114.17 22305.81 22352.87 22487.35 164044.8 83 
0.2012457 0.4854281 0.9031608 0.05991975 0.09068288 0.1150844 0.1405346 0.1647694 0.1957106 0.2492624 0.3322399 0.4978431 0.9999998 10075.57 12103.23 16770.46 19917.3 21884.05 22417.1 22381.6 22809.87 22908 22938.76 168151 84 
0.1975579 0.5155613 0.8984386 0.06081048 0.09233954 0.1131353 0.1378583 0.1608842 0.1963522 0.2489699 0.3316564 0.5014199 0.9999998 9709.544 11627.74 16144.33 18588.53 20313.62 20756.62 21247.74 21670.66 21762.22 21962.91 159668.9 85 
0.2003971 0.4875606 0.9023003 0.06014467 0.09109835 0.1137052 0.1397085 0.1667889 0.1958973 0.2488708 0.3356424 0.4961669 0.9999992 10078.67 12098.4 16772.03 19637.68 21660.28 22544.99 22333.18 22674.53 22979.87 22710.94 167573.8 86 
0.1970239 0.5071064 0.9051209 0.06080366 0.09012369 0.1156171 0.138859 0.1621031 0.1963555 0.2522221 0.3351831 0.5020379 0.9999999 9855.935 11797.79 16044.74 19176.27 20788.84 21196.56 21532.44 22159.16 22170.42 22097.22 162094.4 87 
0.2029605 0.4882207 0.8961402 0.06166658 0.09150439 0.1144086 0.1366787 0.1630306 0.1992306 0.2493332 0.3376255 0.5061279 0.9999994 10319.05 12413.4 16887.18 19747.75 21274.49 22098.41 22671.27 22826.59 23158.61 23095.45 167336.1 88 
0.1959651 0.5047204 0.8981922 0.06026753 0.0896324 0.1147207 0.1359945 0.1641213 0.1989186 0.253602 0.3304086 0.4996986 0.9999991 9833.119 11760.07 16047.42 19157.66 20558.92 21551.11 21975.15 22436.38 22027.37 22170.54 163157.8 89 
0.1968831 0.5117593 0.8940226 0.06096525 0.09071947 0.1146128 0.138109 0.1623256 0.1971297 0.247082 0.3315525 0.5007726 0.9999997 9801.336 11731.05 16005.37 18884.34 20503.64 21040.97 21440.59 21628.53 21845.17 22056.91 160769.2 90 
0.1969141 0.5102602 0.8984763 0.06211458 0.09169486 0.1130922 0.138123 0.1630245 0.1982118 0.2511753 0.3379679 0.4974264 0.9999998 10024.13 11998.02 16241.25 18745.88 20532.77 21175.33 21603.87 21967.74 22173.63 21757.08 161381.3 91 
0.1997048 0.4998549 0.898317 0.06121169 0.09104398 0.1135298 0.1365838 0.1635342 0.2008416 0.2503253 0.3347214 0.4969502 0.9999999 10062.72 12072.29 16461.66 19213.27 20821.57 21716.55 22374.46 22434.71 22490.3 22280.2 164392.1 92 
0.2047591 0.4768758 0.9000391 0.06027414 0.09097443 0.1109701 0.137085 0.1608467 0.1984353 0.2504935 0.3364823 0.5034114 0.9999999 10292.03 12399.42 17136.8 19695.43 21809.63 22464.54 23233.22 23611.41 23816.97 23720.29 170753.7 93 
0.2051154 0.4893071 0.8987243 0.06125584 0.09103241 0.1124825 0.1363827 0.1648327 0.2022878 0.2478391 0.3380643 0.4960712 0.9999994 10210.26 12304.54 16767.87 19437.49 21202.49 22318.06 22995.09 22716.65 23127.23 22681.73 166682.2 94 
0.1996862 0.5030569 0.8970155 0.06113943 0.09136275 0.1137675 0.1350968 0.1662219 0.2010599 0.2481578 0.3325434 0.4932343 0.9999994 9959.126 11947.83 16358.19 19075.7 20446.51 21787.84 22206.66 22041.93 22141.17 21983.3 162892 95 
0.198046 0.5085083 0.8983166 0.05968265 0.09138061 0.1158331 0.1358592 0.1619096 0.1946626 0.2498162 0.3333592 0.5046458 0.9999999 9659.525 11572.56 16198.99 19225.72 20418.26 21150.04 21425.47 22057.67 22201.74 22393.87 161848.1 96 
0.2000427 0.4876459 0.9028831 0.06149247 0.08949461 0.1141172 0.1371732 0.1618867 0.198842 0.2542688 0.3342606 0.494593 0.9999999 10302.4 12363.31 16545.03 19647.29 21327.61 21981.69 22634.02 23210.93 22958.93 22635.06 167539.1 97 
0.1988575 0.5052793 0.8949378 0.06159612 0.09298167 0.1146219 0.1370533 0.163224 0.2000442 0.2504992 0.3356129 0.5001919 0.999999 10004.45 11993.91 16556.94 19138.24 20580.84 21332.85 21922.66 22070.36 22173.47 22019.53 162420.1 98 
0.1977887 0.4993923 0.9056916 0.06174429 0.08749043 0.1154039 0.1385844 0.1642323 0.1975599 0.2498903 0.3330277 0.5000187 0.9999993 10146.19 12152.99 15892.97 19379.67 21080.5 21776.31 22008.48 22319.8 22375.41 22411.81 164325.9 99 
0.2017862 0.4933103 0.8979927 0.06078041 0.09109359 0.1148868 0.1374353 0.1630618 0.197843 0.253231 0.3277098 0.499961 0.9999993 10077.13 12110.56 16628.71 19615.79 21175.17 21892.71 22309.86 22872.26 22368.58 22722.5 165795.7 100 
