1 0.2427035 0.07936639 0.166575 0.1538463 0.1511052 0.1517705 0.1852022 0.1944665 0.2395895 0.3413033 0.4903421 0.9999984 20214.11 40428.21 55987.82 68919.05 79944.65 91356.97 101120.8 110811 121307.6 131240.9 121351.4 1 
0.9998853 0.1457989 0.1153613 0.2376741 0.1970875 0.1881418 0.1873524 0.2032744 0.2541551 0.260468 0.3875619 0.9994936 0.99819 34209.71 68415.49 90033.2 106598.2 119986.3 131787.7 143542.3 152522.3 162404.3 178021.3 143935.4 2 
0.999999 0.1426945 0.1204825 0.2356464 0.2014656 0.178424 0.1888942 0.1948965 0.2259794 0.2799968 0.3592988 0.9999998 0.9999994 34423.19 68846.34 91341.25 107249.7 121086.7 132666.6 143476.4 153843.4 163421.8 180502 146079.8 3 
1 0.2272476 0.08089357 0.1756717 0.1563459 0.1474664 0.1603812 0.181135 0.2006989 0.2490908 0.3163176 0.496669 0.9999997 21821.75 43643.49 59652.87 72392.17 84203.99 95404.77 105567.3 115648.9 125262.3 135582.3 124218.9 4 
1 0.2325011 0.07890503 0.1782627 0.1563872 0.1418271 0.1646312 0.1762753 0.193829 0.2424491 0.3521155 0.4910554 0.9999998 21932.19 43864.38 59675.25 71771.67 83821.6 94599.7 104362 114206.2 125036.9 134822.8 123033 5 
1 0.2322683 0.08109973 0.1760533 0.1527061 0.148489 0.1663568 0.1699471 0.2187687 0.2451134 0.3314573 0.4701195 0.9999999 21579.22 43158.44 58580.67 71286.96 83408.44 93731.51 104761.8 114416.7 124272.4 133617.9 122572.1 6 
1 0.2555487 0.07404093 0.1602649 0.1522663 0.1412425 0.1553506 0.1688942 0.2073484 0.2518949 0.3293323 0.4997991 0.9999997 19149.61 38299.22 53577.26 65591.29 76938.96 87359.37 97991.67 108230 118243.9 128436.3 119487.2 7 
0.9999869 0.1278715 0.1346284 0.2555602 0.2221579 0.1925467 0.1973028 0.1881445 0.3447388 0.0001236171 0.4782889 0.9998253 0.9989566 39202.13 78403.75 103772 120873.7 135023.1 145853.1 161964.1 161965.8 176610.3 192581.4 153396.9 8 
0.9999912 0.1255762 0.1284782 0.2558237 0.2095501 0.1985921 0.19263 0.1869177 0.3476453 5.908604e-05 0.517418 0.9998893 0.9992189 39666.36 79332.38 103511.1 121623.3 135702.4 146732.1 163412 163412.4 179606.4 194708.2 155053.5 9 
0.999999 0.236896 0.08115703 0.1754193 0.1551704 0.1466494 0.159713 0.1612868 0.2198394 0.2508482 0.3464172 0.4634121 0.9999944 21412.55 42825.08 58443.32 70913.47 82502.8 92337.11 103579.6 113587.7 123941.8 132994.5 122065 10 
1 0.2600093 0.07379075 0.1628306 0.1495604 0.1426849 0.1539155 0.1780291 0.2044651 0.2592009 0.3197984 0.4964226 0.9999997 19271.48 38542.96 53361.63 65384.66 76503.49 87384.8 97657.05 108016.6 117485.2 127482.8 118353 11 
1 0.2467515 0.07547221 0.168302 0.1456008 0.1593902 0.1509939 0.1726953 0.1884961 0.2569293 0.3344655 0.4945251 0.9999996 20322.7 40645.39 55267.89 68944.55 79835.67 90411.26 99961 110524.2 120742 130796.7 120751.4 12 
0.9999999 0.2789526 0.07054378 0.1570498 0.142257 0.1376435 0.1609875 0.1672976 0.2045283 0.2587876 0.3330404 0.4644757 0.9999998 18207.62 36415.24 50317.68 61855.67 73493.01 83639.58 93968.93 104365.4 114282.5 123507.2 115935.3 13 
0.9998916 0.1497053 0.1169797 0.2340757 0.2048624 0.1764845 0.1970164 0.1895712 0.2297771 0.2722677 0.372528 0.9997726 0.9991313 33277.82 66552.04 88852.11 104122.8 118159.1 129000 139647.7 149363 159035.6 175333.9 142167 14 
1 0.2326833 0.07966426 0.1746098 0.1529947 0.1572006 0.1539546 0.1645865 0.2195745 0.2477347 0.3264717 0.5048946 1 21467.38 42934.77 58460.3 71972.01 83124.53 93211.67 104454 114353.1 124166.6 134388.5 122944.9 15 
0.9998863 0.1416169 0.1215355 0.2419337 0.2011183 0.1861557 0.1982861 0.182206 0.211975 0.2808184 0.3938848 0.999626 0.9986319 35433.67 70863.31 93184.73 109685.6 123986.5 134517.1 144534.1 154990.9 165538.1 181770.4 146460.2 16 
0.9999998 0.2520388 0.0719139 0.1687433 0.1500793 0.1532409 0.1436765 0.1769026 0.2096887 0.2497754 0.3334325 0.4824493 0.9999998 20144.18 40288.36 55181.25 68105.67 78366.47 89185 99740.04 109676.5 119627.9 129225.6 119377.7 17 
0.9999978 0.1519755 0.11717 0.2376712 0.1947893 0.1794843 0.1920933 0.1963441 0.2386551 0.2397396 0.4447453 0.9999996 0.9999976 33486.1 66972.12 87893.59 103416.1 117047.2 128303.5 139299.1 147708.5 159568.9 174376.5 140892.5 18 
1 0.2404214 0.07871844 0.1667024 0.1565208 0.144404 0.1579485 0.1813261 0.196559 0.2469913 0.3349 0.4892113 0.9999992 20293.19 40586.37 56463.82 68819.37 80382.28 91559.93 101479.5 111494.2 121719.4 131653.7 121733 19 
0.9999987 0.1399407 0.1209697 0.2407456 0.2064716 0.1922514 0.1902883 0.1942108 0.2394259 0.2472803 0.401706 0.9999998 0.9999994 35350.76 70701.48 93720.47 110728.6 124326.6 135563.9 146727 155495.8 166218.2 182188.1 146838.7 20 
0.9998721 0.1489885 0.1138281 0.2320574 0.1961668 0.1977982 0.1787484 0.2070899 0.2440865 0.2746236 0.4022574 0.9994769 0.9973451 32955.81 65907.41 87292.93 104621.9 117179.2 129124.7 140286.1 149774.8 159856.4 174837.5 142015.8 21 
1 0.2492032 0.07843554 0.1646661 0.1557822 0.1400268 0.1617356 0.1731255 0.2001006 0.2560712 0.3289293 0.497913 0.9999987 19767.04 39534.09 55155.32 67009.28 78783.79 89349.02 99446.34 109782.4 119659.4 129692.8 120043.2 22 
1 0.244287 0.07806491 0.1679204 0.1573928 0.1533586 0.1446402 0.1806679 0.1839502 0.2734926 0.305522 0.5389689 0.9999993 20307.52 40615.04 56453.14 69456.39 79839.6 90933.22 100187.7 111416 120528.8 131693.1 120935.4 23 
0.9999021 0.1559662 0.1134688 0.2272592 0.194071 0.1880961 0.1664414 0.2154005 0.1956475 0.2957256 0.3751302 0.9997552 0.9990754 31802.3 63601.49 84581.36 100965.7 112732.8 125426.2 134467.7 145462.1 155281.8 171643.3 139938.5 24 
0.9998724 0.1471695 0.115862 0.2385093 0.1963091 0.1917264 0.1961846 0.1635069 0.2438388 0.2736565 0.4043962 0.9992829 0.9977491 34239.01 68473.65 89924.48 106757.2 120674.9 129992.5 141618.5 151480.7 162066.3 177653.7 143554.2 25 
1 0.2390823 0.07709072 0.1744126 0.1525837 0.1458318 0.1530745 0.179997 0.2016596 0.2493756 0.3254065 0.4959428 0.9999998 21282.27 42564.53 57935.85 70385.35 81547.45 92663.58 102875.9 112957.8 122832.9 132985.8 122022.5 26 
0.9999999 0.2233911 0.08165084 0.1759168 0.1630346 0.1538229 0.1573804 0.164348 0.2215191 0.2492352 0.3363809 0.4978909 0.9999983 21902.59 43805.19 60533 73742.54 85178.66 95241.58 106575.9 116503.5 126562.8 136443.5 124505.5 27 
0.9999999 0.2496485 0.07603689 0.165915 0.1554795 0.1492083 0.1538214 0.1614808 0.2155101 0.2283816 0.3375252 0.4712094 0.9999995 19976.53 39953.05 55567.18 68221.75 79321.02 89180.65 100214.3 109387.1 119847.5 129522 120402.1 28 
1 0.2597869 0.07209061 0.1597677 0.1444403 0.1540446 0.1532375 0.1700347 0.1992574 0.2481913 0.3330311 0.507618 0.9999992 18949.88 37899.77 52294.56 65429.07 76482.07 86867.25 96967.94 107042.3 117205.2 127537.1 118609 29 
1 0.2462261 0.07750362 0.169211 0.1442974 0.1567716 0.1524401 0.1814678 0.1910405 0.2530362 0.336584 0.5018898 0.9999996 20405.25 40810.49 55266.97 68706.82 79726.56 90844.95 100425.8 110691.5 120891.4 130981.6 120590.5 30 
0.9998752 0.1547308 0.1140929 0.2331266 0.1852454 0.2018075 0.1628159 0.1968887 0.2138758 0.2892563 0.4116559 0.9995911 0.9980514 32703.23 65402.38 85322.5 103000.2 114378.1 125895.7 135940.4 146619.5 157420.4 172857.2 140281 31 
1 0.2610327 0.07384206 0.1610354 0.1500299 0.1412057 0.1577687 0.1691077 0.2066322 0.2492172 0.3576845 0.5132133 0.9999998 18994.15 37988.29 52834.64 64711.4 76107.48 86395.44 96840.45 106835 117604.6 127530 117950.1 32 
0.9998747 0.1506013 0.1155737 0.2271663 0.2057945 0.1935593 0.1577068 0.2057073 0.2206948 0.2890125 0.4531558 0.9993962 0.9972254 32222.98 64441.93 86994 103835.2 114895.2 127046.2 137397.2 147959.9 159735.7 173939.9 141847.6 33 
1 0.2263669 0.07778622 0.1806506 0.1535651 0.1552019 0.1469124 0.1767692 0.2026318 0.2710361 0.3157222 0.4968391 0.9999993 22467.75 44935.5 60584.33 73971.22 84676.4 95664.83 106034.3 117093.9 126485.1 136597.7 124371.3 34 
1 0.2569608 0.07254795 0.1587387 0.1474054 0.1496162 0.1565051 0.1781547 0.2084705 0.2368325 0.3503333 0.5062038 0.9999993 18878.1 37756.2 52503.74 65266 76618.52 87518.96 98001.85 107428.2 118069.8 128059.2 118925.6 35 
1 0.2360158 0.078202 0.1752688 0.1536263 0.143825 0.1580666 0.1800795 0.1922709 0.2544079 0.3325063 0.5081704 0.9999998 21485.75 42971.49 58503.37 70810.44 82390.83 93498.55 103222.6 113615.3 123742.7 134074 122587.4 36 
1 0.2692706 0.07066397 0.1559489 0.146368 0.1394562 0.1583698 0.1686128 0.2091397 0.2521658 0.3331888 0.507152 0.9999994 18254.17 36508.33 50969.21 62730.55 74224.38 84523.59 95144.29 105271.8 115279 125435.9 117052.2 37 
0.9999346 0.1510544 0.1139021 0.2384646 0.193926 0.1881479 0.1758348 0.2079321 0.2444118 0.3100497 0.4203868 0.9992196 0.99705 33597.52 67192.84 87995.44 104261.9 116601.2 128626.2 139820.5 150549.3 160584.5 174413 140891 38 
0.9999999 0.2580763 0.07194857 0.1654225 0.1491533 0.1434889 0.1556576 0.1726554 0.2099372 0.2591479 0.3299948 0.514121 0.9999996 19598.12 39196.24 53943.77 66015.12 77231.2 87735.55 98302.87 108608.7 118331.2 128479.9 118473.1 39 
1 0.2388942 0.0772536 0.1723582 0.1576925 0.1417531 0.154054 0.1803716 0.2144789 0.2537602 0.3337797 0.4892098 0.9999998 20983.8 41967.59 57856.92 69887.81 81109.29 92223.74 103056.1 113123.5 123005.2 132654.3 121745.2 40 
0.9998787 0.143697 0.1192384 0.2373544 0.2036004 0.1958126 0.1807041 0.2002735 0.2335407 0.2833757 0.4210029 0.9991926 0.9968015 34344.09 68684.01 91143.25 108340.9 121099.1 132681 143479.5 153519.8 164209.3 178904.2 144695.4 41 
1 0.2464276 0.07605587 0.1691541 0.1536801 0.144583 0.1644754 0.1654784 0.1965458 0.2498121 0.3521501 0.4843661 0.9999997 20435.89 40871.78 56297.64 68580.05 80532.17 90579.36 100538.1 110708 121462.7 131046.1 120812.3 42 
1 0.2481003 0.07464583 0.1674968 0.1467678 0.1516423 0.1462014 0.1783272 0.2150841 0.2270622 0.3448927 0.4729483 0.9999995 20233.02 40466.04 55225.5 68237.01 78879.36 89962.41 100946.1 110047.5 120733 130332.1 120796.4 43 
1 0.2491252 0.07355214 0.1677923 0.1502463 0.1441842 0.1374922 0.1774811 0.1986974 0.2422708 0.3309755 0.4964685 1 20286.31 40572.62 55689.65 68017.11 78077.48 89278.33 99592.57 109669.8 120101.4 130570.1 120901.3 44 
1 0.2410222 0.07819409 0.1682188 0.1516178 0.1513808 0.1673805 0.1742977 0.2070214 0.2518993 0.3512677 0.5084898 0.9999993 20351.89 40703.78 55961.49 68885.63 81012.5 91526.83 101838.5 111788 122167.5 131914.7 120984.6 45 
0.999999 0.1422561 0.1167533 0.2379322 0.198666 0.1972591 0.1762784 0.2097449 0.2318022 0.2462641 0.414742 0.9999999 0.9999997 34676.5 69352.97 91417.67 108973.6 121567.5 133910.8 144691 153488.9 164656.9 180416.6 145741.1 46 
1 0.2346727 0.07646561 0.1757384 0.1589206 0.1459104 0.1648761 0.1742511 0.2138437 0.2317625 0.3783422 0.4819497 0.9999997 21486.33 42972.67 58988.18 71355.75 83291.74 93826.57 104502.3 113598.3 125005.8 134039.3 122263.2 47 
0.9998789 0.1488698 0.1163245 0.2379825 0.1963418 0.1800637 0.1842364 0.2040843 0.2416108 0.2575638 0.4210695 0.9996186 0.9983859 33815.82 67627.55 88878.84 104536.9 117669.5 129533.8 140711 149742.9 160707.9 175783.6 142093.7 48 
1 0.2473136 0.07835202 0.1673057 0.1519605 0.150105 0.1664138 0.1442621 0.2227167 0.2551781 0.3271382 0.5029825 1 20145.05 40290.09 55526.2 68289.25 80315.04 89005.19 100485.9 110710.3 120473.2 130573.3 120408.6 49 
1 0.2362398 0.07893256 0.1737867 0.1518728 0.1527298 0.1529571 0.1735451 0.184368 0.276431 0.313906 0.5229379 0.9999997 21279.37 42558.74 57923.09 71027.55 82147.09 92833.58 102216.3 113690.5 123118.4 133894.2 122445.3 50 
1 0.2798733 0.06759322 0.1557777 0.1385272 0.1391132 0.152512 0.1701694 0.2029418 0.2346303 0.3335165 0.4829886 0.9999996 18086.86 36173.71 49752.15 61499.09 72585.9 83069.67 93444.87 103005.8 113407.5 123447 116106.9 51 
1 0.2486645 0.07511737 0.1685318 0.1496562 0.1417673 0.15861 0.175005 0.1976938 0.2610974 0.3340344 0.5219509 0.9999998 20232.02 40464.03 55402.2 67435.19 78989.21 89715.52 99711.93 110304.3 120317.4 130737.3 120048.6 52 
1 0.2317453 0.08016523 0.1785074 0.1494431 0.1611998 0.1398988 0.1788462 0.1930006 0.272928 0.3303813 0.5279969 0.9999994 21985.23 43970.47 59090.56 72962.8 83061.24 94164.99 104004.5 115233.4 125116.2 135692.2 123161.5 53 
0.999997 0.1507332 0.115334 0.2313851 0.196958 0.1881226 0.1907956 0.1997124 0.2234535 0.2751166 0.3638002 0.9999994 0.9999973 32788.18 65576.26 87027.89 103481.6 117029.7 128505.1 138780.4 148604.4 158021.2 174489.1 141703.9 54 
0.999895 0.1480074 0.1162093 0.244522 0.1852411 0.1847739 0.1777402 0.1921388 0.2380537 0.275159 0.3936116 0.9997041 0.9988188 35005.65 70007.62 90034.81 106307.5 119064.7 130401.6 141747.7 151737.5 162095.2 178054.8 143159.5 55 
1 0.256971 0.07459464 0.1631072 0.1430027 0.1448136 0.1609169 0.1762205 0.2168778 0.2529324 0.3277337 0.505559 0.9999999 19344.71 38689.42 52883.36 65201.57 76907.36 87663.6 98568.71 108528.5 118169.5 128167.7 118601.2 56 
1 0.257526 0.07180054 0.164275 0.1509202 0.1465391 0.1544082 0.1668506 0.2098902 0.2649801 0.29982 0.5030919 1 19493.36 38986.72 53953.42 66292.44 77388.82 87527.92 98154.33 108754.1 117569.5 127926.6 118663 57 
0.9999952 0.1285572 0.131043 0.2530228 0.2164592 0.2031522 0.1925671 0.186068 0.3373846 4.570245e-05 0.5199428 0.9999375 0.9995946 38745.05 77489.92 102249 120455.8 134207.8 144936.6 160771.1 160771.7 176940.3 191867.5 153128.7 58 
1 0.238074 0.07929718 0.1719565 0.153802 0.1543534 0.1536664 0.1734285 0.2186201 0.2479741 0.3475845 0.4993788 0.9999999 20927.28 41854.57 57353.77 70516.18 81597.39 92181.89 103210.5 112985.1 123288.6 132946.4 121701 59 
1 0.2530533 0.07225226 0.1722949 0.1438449 0.1598106 0.1537888 0.1779418 0.196073 0.2674912 0.3392787 0.506104 0.9999994 20454.42 40908.83 55043.48 68488.09 79358.46 90001.77 99642.7 110216.4 120040.4 129722.9 118717.5 60 
1 0.2630712 0.07178854 0.1633367 0.1442153 0.1410649 0.1589385 0.1730887 0.1996824 0.2282131 0.3320139 0.487939 0.9999997 19357 38714 53013.35 64983.2 76567.21 87177.48 97299.25 106557.3 116952.5 127157.4 118509.8 61 
1 0.2496698 0.07414179 0.1677892 0.1505361 0.150945 0.1608221 0.163998 0.1988062 0.2598568 0.3209289 0.5173142 0.9999998 20109.75 40219.51 55234.21 68023.3 79592.48 89492.8 99526.2 110033.5 119638.1 130151.4 119851.3 62 
0.9999999 0.292446 0.06391342 0.1483644 0.1450184 0.1382934 0.1517125 0.1796656 0.2026468 0.2448104 0.3668405 0.503749 0.9999956 16881.45 33762.89 47815.49 59273.04 70104.11 80984.83 91052.37 100750 111724 121265.6 113783.7 63 
1 0.2558879 0.07240214 0.1669657 0.1461023 0.1515499 0.157158 0.1669025 0.2076826 0.2703881 0.3126855 0.5343516 0.9999997 19828.67 39657.34 54111.28 66913.66 78177.8 88260.34 98712.44 109494.2 118591.3 129276.4 118758.9 64 
1 0.2193485 0.08527278 0.1785166 0.1612845 0.14567 0.1656237 0.1650802 0.1975535 0.2507816 0.3438663 0.4942471 0.9999995 22534.13 45068.26 61792.77 74461.87 86768.07 97002.37 107228.1 117644.5 128345.5 138437.3 126229.9 65 
1 0.2339158 0.08084404 0.1771044 0.1474502 0.1462048 0.1701598 0.1680057 0.2050561 0.2647223 0.3205289 0.4702855 1 21759.07 43518.15 58425.53 71027.46 83549.82 93809.83 104228.6 114920.9 124440.1 133930 122860.2 66 
1 0.2657272 0.06917853 0.161023 0.1491236 0.1432986 0.1512883 0.174264 0.1978791 0.2698013 0.3291217 0.5109831 0.9999988 18876.11 37752.23 52418.55 64410.31 75256.47 85859.7 95801.66 106674.8 116360 126448 117226.2 67 
0.9999999 0.241315 0.07807977 0.1752627 0.1484451 0.1545117 0.1421457 0.1672718 0.212116 0.2599415 0.3389826 0.4531801 0.9999999 21325.44 42650.87 57547.56 70751.33 81021.5 91389.15 102337.1 112907.7 123109.3 132124.4 121677 68 
1 0.2294499 0.08110653 0.1775079 0.1547117 0.1400281 0.1701546 0.1717525 0.193743 0.2598151 0.3385218 0.4735339 0.9999999 21987.45 43974.9 59736.92 71795.85 84397.33 94952.82 104814.7 115477.6 125760.9 135276.1 123867.4 69 
0.9999998 0.2343078 0.07881065 0.176814 0.1552206 0.1545742 0.1421787 0.1840212 0.2044032 0.2580341 0.3669597 0.4731701 0.9999991 21663.49 43326.98 58982.19 72152.31 82393.78 93764.63 104070.7 114421.5 125343.4 134258.5 122521.4 70 
1 0.2567816 0.07329518 0.1635327 0.1476963 0.1491468 0.1556152 0.1774763 0.196663 0.25089 0.3279566 0.5008889 0.9999992 19453.5 38906.99 53603.41 66252.24 77481.29 88294.92 98150.96 108251.9 118142.9 128295.1 118957.8 71 
0.9999999 0.225886 0.08145853 0.1793826 0.1590059 0.1503509 0.1549626 0.1786527 0.2027803 0.267648 0.3451844 0.4663265 0.9999997 22246.25 44492.49 60674.42 73542.56 84811.33 95789.62 106024.4 116793.8 126965.7 135964 124015.6 72 
1 0.2640345 0.0719102 0.1623837 0.1473944 0.1440285 0.1481339 0.1807255 0.2058436 0.2453845 0.3338912 0.4846198 0.9999994 19120.43 38240.87 52778.09 64889.56 75552.15 86633.65 96974.26 106763.8 116815.6 126533.8 117748.5 73 
1 0.2478183 0.07586974 0.1664916 0.1441157 0.157099 0.1600284 0.1677453 0.1921999 0.2745457 0.29637 0.5249977 1 20002.67 40005.35 54437.03 67901.65 79462.63 89641.79 99348.49 110549 119320.3 130253.2 120142.2 74 
0.9999999 0.2418769 0.0781291 0.1704015 0.1558903 0.1482576 0.1447478 0.177446 0.1949686 0.2484112 0.3473417 0.432495 0.9999992 20775.21 41550.41 57317.77 69975.48 80501.37 91537.25 101511.3 111741.6 122492.7 131229.8 121919.2 75 
0.9999365 0.1413101 0.1158699 0.2437888 0.200266 0.1796798 0.1806139 0.201502 0.2191873 0.2691022 0.4030835 0.9998678 0.9995676 35766.65 71531.03 93744.99 109681.4 122820.3 134829.7 145259.1 155255.9 166200.7 182410.4 146711.6 76 
0.999955 0.1537894 0.1125597 0.2326824 0.1964824 0.1736185 0.1841425 0.1862689 0.2470319 0.2715455 0.4056481 0.9998465 0.9996097 32752.15 65502.84 86721.35 101785 114986.7 125880.5 137636.7 147365.6 157952.8 173465.2 140759.1 77 
1 0.2235703 0.08085142 0.1806684 0.1628636 0.1450189 0.1623169 0.1814815 0.1951533 0.2534197 0.3144628 0.5056062 0.9999996 22548.64 45097.27 61751.4 74165.6 86045.55 97172.16 106965.6 117201.2 126683.6 137135.4 124806.8 78 
1 0.2471691 0.07535203 0.1662649 0.1536547 0.1501076 0.1457052 0.1637313 0.2215788 0.2478784 0.3306768 0.5173759 0.9999992 20031.86 40063.73 55498.31 68259.73 78787.48 88893.95 100331.7 110291.9 120285.5 130751 120481.6 79 
0.999905 0.1535271 0.1094603 0.2304848 0.2019859 0.1847602 0.1882499 0.1684347 0.2250486 0.3465333 0.3781146 0.9992928 0.9964157 32286.24 64569.42 86336.05 102221.1 115412.8 124990.2 135631.6 148331.1 157381.2 172263.5 140079.7 80 
0.9998987 0.1481378 0.116306 0.236626 0.1952722 0.1839895 0.1739876 0.2106841 0.2193677 0.2804511 0.3837992 0.9997967 0.9992225 33929.8 67856.16 89223.81 105421.6 117917 130413.9 140681.1 150926.7 161014.4 177215.4 143390 81 
1 0.2423647 0.07550708 0.1703014 0.1521439 0.1453419 0.1538477 0.174296 0.2032448 0.2713686 0.3138756 0.5224203 0.9999996 20655.2 41310.39 56620.77 69021.41 80239.97 90994.26 101349 112364.5 121647.9 132249.6 121286.1 82 
0.9999958 0.1368312 0.1190335 0.2518088 0.1986285 0.1956428 0.1535898 0.2334836 0.2040231 0.2654377 0.3791363 0.9999984 0.9999964 37496.74 74993.32 97122.76 114589.9 125619.6 139811.4 149316.9 159160.5 169488.5 186401.8 148909.5 83 
0.9999995 0.2434396 0.0763218 0.1717658 0.1432756 0.1551041 0.1637718 0.1744065 0.2217357 0.2555351 0.3485452 0.4815162 0.999998 20673.08 41346.16 55628.29 68874.31 80691.21 91214.51 102260.2 112166.9 122226.6 131280.2 120356.2 84 
1 0.2362998 0.08013051 0.174257 0.1522082 0.1494979 0.1581873 0.1763387 0.1998011 0.2339156 0.3282116 0.4697331 0.9999997 21341.45 42682.91 58075.67 70893.17 82428.1 93252.56 103354.5 112818.3 122991 132771.6 122471.2 85 
0.9999998 0.2535555 0.07344632 0.166852 0.1503682 0.1436193 0.1588387 0.1680832 0.2148827 0.2472259 0.3579931 0.472507 0.9999998 19873.91 39747.81 54669.91 66779.16 78248.22 88457.02 99314.57 109122.1 119812.7 128871.7 119111 86 
1 0.2239196 0.07989629 0.1809179 0.1539014 0.1417542 0.160244 0.1826701 0.2041063 0.2559964 0.3460528 0.4812084 1 22543.51 45087.01 60794.61 73035.82 84912.14 96281.1 106663.7 117028 127451.7 136930.6 124606.3 87 
1 0.2625824 0.07260461 0.1588435 0.1502171 0.1499216 0.1509116 0.1777035 0.1937508 0.2393093 0.3612228 0.4945427 1 18752.1 37504.19 52421.02 65072.16 75897.62 86721.25 96425.21 106088.7 117184.5 126888.2 118053.9 88 
0.9998904 0.1544122 0.1144003 0.2295077 0.1997101 0.1629955 0.19045 0.1973854 0.2175043 0.2952084 0.382355 0.9997193 0.9988644 32253 64502.46 86119.65 100234.4 114036.7 125614 135850.5 146721.8 156643.2 172674.3 140531.2 89 
0.9998801 0.1500414 0.1151715 0.2396597 0.1992924 0.1617754 0.1850525 0.1994372 0.2146075 0.2892051 0.4093882 0.9996582 0.9983604 34143.31 68282.53 89862.19 103882.9 117324.4 129126.8 139290.7 150047.9 160870.3 176484.7 142465.8 90 
1 0.2353011 0.08014719 0.1727189 0.1553533 0.1473898 0.1516307 0.1883989 0.1962055 0.2393145 0.3290172 0.499763 0.9999998 21218.21 42436.43 58224.99 70877.15 81974.9 93672.89 103560.4 113254.1 123391.9 133724.3 122848.3 91 
0.9999821 0.1264534 0.1342369 0.2561294 0.220745 0.1890309 0.1880124 0.1913756 0.348196 0.0001868805 0.4696722 0.999771 0.9985867 39590.42 79180.13 104560.3 121495.6 135154.9 146443.9 163053.7 163056.6 177656.6 194138.4 154571.9 92 
1 0.2403964 0.07774269 0.1695404 0.1561615 0.1536974 0.1486262 0.1636238 0.2166094 0.2447552 0.360939 0.5001392 0.9999992 20572.59 41145.17 56881.67 69951.21 80647.04 90672.08 101772 111597.4 122540.5 132230.9 121343.3 93 
1 0.2434677 0.07729333 0.167868 0.1477858 0.1515995 0.1532909 0.1691065 0.2033439 0.2530329 0.3254714 0.5195615 0.9999997 20376.01 40752.02 55679.14 68728.52 79923.15 90379.68 100827 111183.7 121134.4 131849.2 121381.1 94 
1 0.2641551 0.07367717 0.1618857 0.1459396 0.1407953 0.1590333 0.1627689 0.2082711 0.2657671 0.3117865 0.4919064 0.9999998 19121.46 38242.92 52690.3 64594.3 76147.15 86090.93 96743.49 107505.7 116776 126841.7 118117.1 95 
1 0.2565183 0.07432909 0.1609028 0.1490792 0.1434337 0.1550986 0.1857179 0.2006215 0.2610663 0.3497155 0.5073224 0.999999 19070.43 38140.87 52966.94 65105.01 76347.61 87721.77 97726.78 108134.2 118436 128154.2 118521.5 96 
0.999876 0.1520537 0.1145192 0.2328429 0.1957631 0.1726787 0.176088 0.191536 0.2432675 0.3017325 0.40208 0.9994067 0.9973278 32935.69 65867.31 87102.3 102161.4 114862.6 126242.4 137926.4 148890.5 159090 174256.1 141450.3 97 
1 0.2571428 0.0730983 0.1611728 0.156855 0.1461571 0.1499597 0.1795065 0.1928953 0.2478137 0.3522999 0.4691141 0.9999997 19149.38 38298.76 53931.46 66213.14 76972.61 87920.62 97573.39 107582.3 118285.1 127515.9 118812.8 98 
0.9998919 0.1456665 0.1180169 0.2339952 0.2061854 0.1653663 0.1943137 0.1956721 0.2228544 0.298727 0.3742245 0.9995722 0.9985007 33754.21 67504.76 90280.45 104775.7 118990 130518.6 141077.3 152076 161735.4 177890.8 144251.7 99 
1 0.2590074 0.07228136 0.1655246 0.1396393 0.1468782 0.1556376 0.173994 0.1994606 0.2441719 0.3240798 0.5115676 0.9999999 19710.38 39420.76 53296.42 65853.37 77204.84 87920.06 98066.34 108009.6 117984.5 128627.2 119078.3 100 
