1.686567e-06 0.003072755 0.008927713 0.004316061 0.007185337 0.01018671 0.01363686 0.01794873 0.02385285 0.0334432 0.0518533 2.282291e-08 0 823.179 1197.736 1422.681 1559.323 1639.642 1694.831 1726.109 1736.169 1.59795 1.943363 1 
0.0007452726 0.003242904 0.008905601 0.004446402 0.007048214 0.009986622 0.01370352 0.01754505 0.0240544 0.03207399 0.04753273 NaN 0.01904804 837.7355 1163.249 1457.546 1563.879 1683.434 1713.368 1757.006 1780.219 698.7414 848.0032 2 
0.0005673758 0.003052647 0.008818055 0.004407232 0.007200464 0.01013804 0.0136406 0.01818538 0.02388579 0.03318544 0.05038605 NaN 0.01091653 835.3434 1183.136 1416.198 1570.454 1645.478 1702.786 1741.176 1735.605 536.6624 653.3763 3 
0.001359597 0.003321637 0.009149749 0.004356859 0.007155217 0.01001858 0.0132309 0.01759829 0.02353122 0.03313009 0.04266099 NaN 0.008527311 838.3435 1258.46 1491.771 1684.009 1808.11 1911.08 1933.407 2042.989 1271.304 1546.152 4 
0.001112925 0.003253884 0.008978649 0.004368843 0.007159887 0.0100364 0.01333819 0.01802165 0.02277793 0.03330628 0.04719025 NaN NaN 819.59 1209.345 1431.367 1628.058 1685.296 1818.063 1844.259 1923.442 1028.455 1246.934 5 
0.0008396215 0.003249916 0.008889961 0.00437126 0.007155456 0.01003322 0.0133989 0.01824439 0.02412782 0.03351673 0.04954504 NaN 0.01291498 826.9433 1210.63 1433.184 1627.072 1710.98 1766.78 1803.752 1840.974 784.7569 955.5809 6 
0.0006613921 0.003169949 0.008864579 0.0042169 0.007057094 0.01008068 0.01360648 0.01786283 0.02375395 0.03142082 0.04600157 NaN 0.01041046 804.4703 1198.387 1446.098 1584.525 1667.651 1701.381 1739.707 1766.264 614.0134 747.0876 7 
0.0004156587 0.003499797 0.008776825 0.004333585 0.006886954 0.009908374 0.01369831 0.01751452 0.02287151 0.02992362 0.0471963 NaN 0.00279289 781.8464 1112.52 1417.208 1505.588 1558.31 1568.707 1615.446 1604.28 365.8519 445.4701 8 
0.0007668965 0.003055092 0.009212947 0.00430551 0.007203555 0.01032834 0.01410678 0.01906617 0.02450184 0.03300839 0.04699674 NaN 0.0131245 862.2408 1275.707 1548.72 1730.623 1793.59 1841.286 1881.107 1939.025 762.1664 921.1968 9 
0.002010227 0.003074379 0.009096549 0.004520404 0.007195926 0.01013699 0.01378818 0.0184957 0.02381581 0.03345525 0.04773936 NaN 0.0100063 878.5545 1281.408 1602.895 1853.417 1986.254 2174.824 2310.165 2469.335 1943.114 2350.512 10 
0.001054766 0.002977953 0.009296687 0.004223413 0.007096246 0.01018908 0.01383775 0.01784795 0.0240553 0.03364973 0.04779574 NaN 0.007484803 855.0137 1272.958 1559.78 1702.717 1837.415 1928.936 1985.742 2041.502 1035.771 1261.938 11 
0.0009183444 0.003265511 0.008738406 0.004294396 0.006976765 0.009760619 0.01300941 0.01721983 0.02258055 0.03052476 0.04616151 NaN 0.01142789 797.7732 1153.971 1379.41 1539.726 1625.525 1687.294 1749.06 1777.441 828.3556 1006.961 12 
0.00136089 0.002996766 0.008982901 0.004306515 0.007137514 0.0100883 0.01352491 0.01819053 0.0241177 0.03130717 0.04417668 NaN 0.009412369 847.8725 1255.34 1508.651 1716.066 1835.326 1904.109 1996.743 2105.861 1311.082 1590.653 13 
0.0006541847 0.003533675 0.008695071 0.004424324 0.007143398 0.01003677 0.0133655 0.01727236 0.02197631 0.03114114 0.04269193 NaN 0.009345329 804.2674 1176.218 1402.949 1514.419 1558.305 1626.01 1625.01 1645.062 581.5178 708.8125 14 
0.0004609132 0.00323047 0.00890577 0.004308884 0.007016091 0.009980708 0.01360312 0.01756785 0.02321791 0.03187117 0.04768774 NaN NaN 810.107 1162.505 1430.445 1544.905 1624.883 1668.929 1704.339 1721.262 422.969 517.0536 15 
0.0004279664 0.003062379 0.008959743 0.004330281 0.007185869 0.0101221 0.01342219 0.01783202 0.02485502 0.03287672 0.04880606 NaN 0.005594923 840.2746 1216.848 1431.404 1584.442 1710.695 1727.15 1757.377 1759.397 410.529 499.0624 16 
0.0009005526 0.003244883 0.008704129 0.004363058 0.007009182 0.009834328 0.01323211 0.01734631 0.02309218 0.03163607 0.04315308 NaN 0.01155528 815.5798 1159.479 1408.71 1553.927 1651.441 1710.094 1736.613 1809.167 825.4918 1003.392 17 
0.001433107 0.003197867 0.00900346 0.004403878 0.007191266 0.01008222 0.01332534 0.01753252 0.02332545 0.03379479 0.04417618 NaN 0.007133933 843.3021 1248.136 1490.184 1669.407 1803.115 1932.495 1981.314 2109.539 1345.166 1638.406 18 
0.000739178 0.002960524 0.00908349 0.004410156 0.007298301 0.0103417 0.01395274 0.01840074 0.02433314 0.03429012 0.0504218 NaN 0.01260168 874.3627 1257.576 1507.566 1663.097 1761.364 1836.397 1879.328 1912.016 739.3075 891.4246 19 
0.0006748157 0.003463061 0.008671503 0.004360882 0.007010818 0.009799028 0.01300921 0.01697133 0.02365434 0.03257186 0.04254292 NaN 0.00842852 790.1549 1142.668 1365.458 1488.647 1614.712 1645.308 1623.306 1668.911 596.3269 726.5902 20 
0.0008658492 0.003129815 0.009127498 0.004435094 0.007188104 0.01009763 0.01354498 0.01797578 0.02529181 0.03380318 0.04555823 NaN 0.01275958 866.8447 1235.43 1487.236 1650.6 1796.991 1833.092 1850.078 1932.756 844.0931 1023.663 21 
0.001479585 0.003501849 0.008496355 0.004361468 0.006888885 0.009548126 0.01270504 0.01687194 0.02164408 0.03008827 0.04312001 NaN NaN 773.8569 1121.559 1354.353 1535.893 1620.256 1730.33 1802.642 1868.197 1265.59 1539.51 22 
0.001189087 0.003409279 0.008731146 0.004472875 0.007064002 0.009900309 0.01330477 0.01719874 0.02350795 0.03095005 0.0445232 NaN 0.016329 810.7696 1152.816 1413.526 1544.109 1678.075 1719.278 1792.081 1853.123 1061.096 1289.967 23 
0.0008621419 0.002994224 0.00914088 0.004324015 0.007253397 0.01030945 0.01375184 0.0179285 0.02352142 0.03353928 0.04581919 NaN 0.009831326 871.9358 1287.275 1529.421 1678.457 1775.949 1874.915 1901.335 1959.294 861.0787 1041.617 24 
0.0001699503 0.003224203 0.008902202 0.004391475 0.007129677 0.009966331 0.01325451 0.01724549 0.02328982 0.03355888 0.04307336 NaN 0.0002384075 832.3492 1179.459 1398.82 1522.53 1619.789 1677.802 1643.807 1664.152 158.6375 192.9284 25 
0.0004888877 0.003050259 0.009026241 0.004388198 0.007231201 0.01008622 0.01335206 0.01829407 0.02392742 0.03324566 0.04905381 0.0005132284 0.00930802 856.3923 1228.295 1427.75 1628.111 1700.473 1765.161 1786.256 1818.927 465.3997 577.1561 26 
0.000214849 0.003083366 0.009033506 0.004349449 0.007259447 0.01035941 0.01403271 0.01873497 0.02520225 0.0326861 0.05210914 NaN 0.001436249 853.5891 1249.98 1497.625 1650.661 1731.059 1738.904 1784.701 1789.682 211.6962 255.6307 27 
0.0005789916 0.003336786 0.008794097 0.004341923 0.007077374 0.01000601 0.01349182 0.01781665 0.02401167 0.03392004 0.04596394 NaN 0.007924184 798.9195 1163.101 1406.215 1544.429 1634.374 1683.067 1663.464 1695.4 525.3064 637.7667 28 
0.001207788 0.003033215 0.008947621 0.004373116 0.007194607 0.01013705 0.01356982 0.01827602 0.023822 0.03241626 0.04293828 NaN 0.009165353 848.4961 1237 1479.681 1677.926 1773.929 1857.169 1904.4 2025.465 1154.846 1403.237 29 
0.0003302147 0.003045147 0.009148002 0.004379354 0.007256416 0.01026055 0.01372021 0.0180353 0.02406123 0.0321543 0.04677725 NaN NaN 858.7191 1236.123 1463.716 1605.186 1693.01 1726.387 1757.708 1787.42 322.9724 391.1741 30 
NaN 0.003227658 0.008848748 0.004356845 0.007091167 0.009944152 0.01340105 0.01834915 0.02361025 0.03057091 0.04954888 2.345451e-07 0 826.7099 1181.882 1406.572 1591.739 1632.063 1639.211 1700.778 1711.348 0 0 31 
0.0005104509 0.003160921 0.008973253 0.004254087 0.00703401 0.009976809 0.01342035 0.01755964 0.02368251 0.03165551 0.04533408 NaN 2.763701e-05 819.2535 1194.528 1437.958 1575.43 1672.456 1702.029 1732.527 1765.115 479.4741 583.4704 32 
0.0004265151 0.003178417 0.009310006 0.004415842 0.007419724 0.01040263 0.01347488 0.01824385 0.02503804 0.03214465 0.04759712 NaN 0.0007133437 869.3857 1294.989 1465.338 1650.542 1756.447 1757.186 1792.851 1814.482 418.6887 507.3511 33 
0.0007132801 0.003386715 0.008609459 0.004382431 0.007081441 0.009877782 0.0131974 0.01796737 0.02347945 0.03075544 0.04606051 NaN 0.01084265 798.2113 1156.197 1366.307 1548.876 1605.68 1625.62 1665.616 1684.306 639.8716 778.1627 34 
0.0005262827 0.003191826 0.00869488 0.004351084 0.007193108 0.01018572 0.0136271 0.01777235 0.02395344 0.0325361 0.04572198 NaN 0.007455306 812.6819 1187.887 1414.13 1539.391 1633.118 1666.629 1677.874 1719.826 485.9798 591.3168 35 
0.000682948 0.003143991 0.008933771 0.004296617 0.00710992 0.01005209 0.01346396 0.01797406 0.0240439 0.03173911 0.04763087 NaN 0.01734441 820.5928 1199.6 1430.825 1591.59 1683.514 1714.312 1764.218 1784.827 639.6732 778.9686 36 
0.001383381 0.003216391 0.00908402 0.004426439 0.007032588 0.009837146 0.01326822 0.01743662 0.02313694 0.03340827 0.04129066 NaN 0.006853306 857.3808 1215.54 1495.895 1671.942 1805.119 1919.876 1943.942 2067.302 1310.37 1590.729 37 
0.0004668904 0.003120882 0.008796848 0.004351571 0.007153402 0.01022622 0.01403377 0.01869821 0.02550478 0.03305989 0.05370157 NaN 0.003930097 817.8773 1179.512 1447.395 1590.966 1680.746 1684.845 1740.222 1718.116 440.3517 532.7159 38 
0.0007849362 0.003199512 0.009027192 0.004269848 0.007089478 0.009979005 0.01318251 0.01747347 0.0234342 0.03095869 0.04641772 NaN 0.01142163 822.5197 1215.891 1432.229 1592.381 1696.864 1736.623 1795.248 1812.4 735.9963 892.4843 39 
0.001328402 0.00334054 0.008933498 0.004420467 0.007060394 0.009924218 0.01338712 0.0175275 0.02268702 0.03273844 0.04266617 NaN 0.006484263 832.4859 1202.421 1475.228 1639.491 1734.332 1852.131 1884.293 1997.605 1220.332 1486.987 40 
0.0004416372 0.003171404 0.008775623 0.004385758 0.00714551 0.01003793 0.01348952 0.01799571 0.02343248 0.0330125 0.04634103 NaN 0.01894647 823.9737 1174.516 1402.388 1556.156 1619.33 1677.199 1683.045 1717.569 410.9173 501.1247 41 
6.144999e-05 0.003243709 0.009118479 0.004410394 0.007189376 0.01016334 0.01385308 0.01904299 0.02302978 0.03166392 0.04795568 NaN NaN 837.9831 1200.601 1445.683 1624.502 1617.445 1664.581 1699.47 1705.418 58.14431 70.50754 42 
0.0002155041 0.003308001 0.008581076 0.004326983 0.006969616 0.009821228 0.01334693 0.01787923 0.02335477 0.03265297 0.04544881 NaN 0.002190601 786.1218 1116.214 1358.362 1506.616 1559.349 1597.947 1589.566 1596.735 190.7296 234.4355 43 
0.0009547986 0.003279918 0.008898627 0.004336321 0.007087467 0.009930396 0.01321167 0.01762719 0.02305045 0.0308557 0.04754439 NaN 0.008670226 816.4179 1194.43 1417.345 1589.453 1672.005 1725.129 1795.517 1812.383 876.1062 1066.372 44 
0.0009431752 0.003135146 0.008867607 0.004275878 0.006990608 0.009874605 0.01332323 0.01759308 0.02318264 0.03221114 0.04980133 NaN 0.009445713 822.4681 1190.157 1447.745 1609.582 1704.902 1786.469 1851.826 1870.265 883.3361 1076.482 45 
0.001433531 0.003097213 0.008934694 0.004336821 0.006988869 0.009861058 0.01346009 0.01815758 0.02311611 0.03303532 0.04987767 NaN 0.008696585 830.396 1195.52 1482.054 1696.643 1779.665 1920.034 2022 2069.715 1344.878 1632.782 46 
0.0009240605 0.003199276 0.008756635 0.004212402 0.006985556 0.009899591 0.01327556 0.01754427 0.02404433 0.03248777 0.0464719 NaN 0.009181291 786.4825 1168.579 1409.346 1562.389 1685.642 1731.599 1763.529 1822.979 838.4288 1019.293 47 
0.0007293361 0.003271869 0.008807606 0.004298374 0.007022894 0.009916046 0.01331702 0.01755695 0.02262539 0.03195686 0.04463058 NaN 0.008497095 813.3713 1182.671 1425.695 1570.822 1637.418 1711.34 1724.558 1752.714 672.4895 816.944 48 
NaN 0.003007816 0.009247008 0.004315602 0.007235511 0.01038518 0.01412943 0.01848902 0.02444227 0.03333967 0.04989142 0 0 863.8934 1262.345 1528.095 1659.981 1738.051 1778.72 1812.782 1843.281 0 0 49 
0.0006519091 0.003146308 0.00879297 0.004344262 0.007004173 0.009883477 0.01338273 0.01696577 0.02274152 0.03289769 0.04521188 NaN 0.007666866 826.5114 1160.982 1424.337 1524.155 1629.292 1717.768 1718.655 1751.005 607.8433 741.1426 50 
0.0009820261 0.002806554 0.009534905 0.00452182 0.007384787 0.01037874 0.01403955 0.01877274 0.02459379 0.03439286 0.05095708 NaN 0.01006269 954.0341 1332.815 1610.395 1806.468 1913.946 2022.218 2098.272 2154.611 1048.964 1270.016 51 
0.002131717 0.003216886 0.00895455 0.004569632 0.007211213 0.01014769 0.01366527 0.01784214 0.0237602 0.03441629 0.04500323 NaN NaN 864.8552 1273.365 1596.648 1802.499 1992.305 2179.447 2290.648 2489.472 2001.792 2423.203 52 
0.0007614721 0.00323957 0.008796297 0.004287804 0.006919275 0.00976214 0.01325092 0.0175107 0.0227824 0.0303775 0.04850364 NaN 0.008816347 802.6255 1145.815 1404.139 1552.256 1625.861 1668.369 1743.12 1757.305 695.9801 846.4653 53 
0.000809214 0.003395545 0.008560357 0.004280991 0.007004104 0.009856286 0.01311795 0.01709998 0.02295287 0.03218852 0.04630464 NaN 0.01160554 764.4031 1129.132 1350.85 1478.529 1572.39 1635.357 1652.019 1677.366 702.9398 856.1563 54 
0.0005605355 0.003211351 0.008955809 0.004222471 0.007069988 0.009943721 0.01307037 0.01732369 0.02385574 0.03087564 0.04887248 NaN NaN 807.0833 1204.419 1403.18 1558.966 1676.043 1688.439 1750.643 1747.363 519.1801 632.2355 55 
0.0002832919 0.003459191 0.008503003 0.00425588 0.006854375 0.009706756 0.01318767 0.01732423 0.02292107 0.03011349 0.04349115 NaN 0.002982678 761.8884 1096.496 1345.792 1469.557 1529.089 1534.587 1542.565 1529.79 243.4488 298.2727 56 
0.001225921 0.00330061 0.008832008 0.004297055 0.007041025 0.009840801 0.01304785 0.01753151 0.02339154 0.02990596 0.04101118 NaN 0.01141845 802.8801 1191.561 1409.579 1601.856 1707.402 1744.712 1804.56 1902.757 1106.735 1347.401 57 
3.101198e-06 0.003343691 0.008919784 0.004331617 0.007083253 0.01003256 0.01358236 0.01812891 0.02356293 0.03277154 0.0484878 5.469542e-06 3.603853e-07 805.6893 1174.028 1417.833 1566.933 1615.422 1656.263 1663.47 1679.85 3.460477 3.459275 58 
NaN 0.003193403 0.0088823 0.004306716 0.007004335 0.009812478 0.01317488 0.01772463 0.0240245 0.03038317 0.04318522 1.053857e-08 0 811.7934 1153.098 1375.858 1536.839 1622.214 1610.178 1627.297 1676.001 0 0 59 
0.0007513996 0.003419804 0.008603069 0.004217638 0.006981763 0.009721527 0.01267438 0.0168482 0.02185936 0.03032865 0.03991707 NaN 0.008046704 759.8415 1137.644 1312.939 1470.518 1536.989 1594.414 1596.821 1651.2 646.9591 788.2372 60 
0.0005957707 0.003510213 0.008757324 0.004275904 0.006856696 0.00966634 0.01307142 0.01722969 0.02224852 0.02982374 0.04384827 0.000449502 0.002291252 769.4947 1112.212 1360.873 1497.775 1550.807 1582.431 1607.719 1638.327 517.5968 630.2244 61 
0.0005518864 0.003175594 0.009152807 0.00436775 0.007102171 0.01014904 0.01395556 0.01838312 0.02401209 0.03103349 0.04414729 NaN NaN 856.5802 1219.891 1514.624 1648.184 1721.631 1721.964 1754.428 1804.895 542.3848 648.9533 62 
0.0008611102 0.003145206 0.009020232 0.004356397 0.007228972 0.01022541 0.01359122 0.01763353 0.02422831 0.03323266 0.04704595 NaN 0.008873144 844.5228 1244.926 1478.02 1612.77 1744.737 1802.604 1833.395 1867.003 821.8858 1001.234 63 
2.459801e-05 0.003214281 0.008810831 0.004292521 0.007171797 0.01017228 0.01348301 0.01726088 0.02315767 0.03141366 0.05059632 NaN NaN 804.1974 1191.544 1404.909 1505.416 1594.555 1631.111 1681.549 1671.994 22.21941 27.58564 64 
0.0006278565 0.003143667 0.008749784 0.004233494 0.00702787 0.009855799 0.0129578 0.01723638 0.02285435 0.02975833 0.04373381 NaN 0.008389934 814.9108 1192.86 1391.975 1555.235 1644.168 1673.887 1722.397 1758.859 584.6038 711.0377 65 
0.0004329007 0.003320467 0.008810172 0.004268568 0.007105185 0.01002122 0.0133612 0.01805282 0.02415666 0.03159672 0.04753378 NaN 0.00858947 790.4504 1180.519 1391.378 1557.905 1634.648 1640.865 1670.218 1689.48 391.9191 476.8996 66 
0.0006992431 0.003341669 0.008904406 0.004410324 0.007096038 0.009944931 0.01324109 0.01701758 0.02363678 0.03245138 0.04624844 NaN 0.01065856 832.0798 1191.157 1430.885 1544.674 1678.204 1726.118 1741.027 1769.412 648.4323 789.6623 67 
0.0001712013 0.003157471 0.008753699 0.004202795 0.00697794 0.009831399 0.01313805 0.01785107 0.02409362 0.03148212 0.04907874 NaN 0.001683172 787.2721 1151.426 1361.623 1536.304 1618.519 1625.514 1667.869 1660.057 155.5219 190.3571 68 
0.0004227905 0.003235396 0.008659667 0.00421057 0.006958457 0.009821626 0.01311864 0.01727104 0.02310039 0.03091277 0.04507435 NaN 0.002398949 774.9637 1136.651 1354.815 1491.058 1575.303 1600.979 1629.12 1665.135 378.8416 460.2073 69 
0.0003969173 0.003289329 0.008876456 0.004183371 0.006950628 0.009934484 0.01352394 0.0179939 0.02458763 0.03016033 0.0452723 NaN 0.004238948 790.5988 1173.73 1431.819 1578.551 1663.885 1636.283 1677.772 1688.2 363.8748 441.0213 70 
0.0002287229 0.003080075 0.009169682 0.004239806 0.007205325 0.0102968 0.01373964 0.01820432 0.02574867 0.03092179 0.04602246 NaN 0.0009378644 838.7602 1258.157 1484.189 1629.352 1750.103 1707.808 1760.351 1782.148 219.6935 269.7206 71 
0.000338319 0.003391542 0.008915755 0.004450527 0.007033044 0.009850162 0.01338996 0.01787038 0.02310713 0.03070866 0.04677706 NaN 0.001191304 821.0442 1143.206 1396.957 1547.658 1594.518 1614.257 1652.231 1660.947 309.4214 375.6637 72 
0.0007334218 0.003208426 0.008842618 0.004204015 0.007141273 0.01021615 0.01364935 0.01777987 0.02435667 0.03398948 0.0456227 NaN 0.01307381 787.3331 1204.806 1436.939 1563.647 1677.756 1726.488 1725.417 1771.702 672.7493 814.5462 73 
0.000382302 0.003192402 0.008872488 0.004383555 0.007126693 0.01006418 0.01370391 0.01822439 0.02283208 0.03181802 0.0466614 NaN NaN 831.3418 1183.051 1430.591 1581.429 1606.229 1678.91 1679.516 1704.956 357.898 437.4181 74 
0.0005986801 0.003033469 0.009093077 0.004293357 0.007125117 0.01005873 0.01349166 0.01826913 0.02410253 0.03416724 0.04535694 NaN 0.009177791 854.7392 1239.855 1474.009 1662.092 1745.635 1816.231 1807.795 1861.401 584.3918 712.2827 75 
0.001313954 0.003119012 0.008911511 0.004447919 0.007237108 0.01021562 0.01371509 0.01788889 0.02484382 0.03412063 0.04537026 NaN 0.008381292 850.3227 1237.98 1502.561 1658.232 1819.617 1902.062 1942.725 2062.631 1251.054 1517.324 76 
0.0001326304 0.002940982 0.009059968 0.004391338 0.007203272 0.01023213 0.01410749 0.01922993 0.02549804 0.03335276 0.05203762 NaN NaN 866.9596 1217.526 1488.4 1666.791 1734.007 1746.999 1794.841 1806.16 132.0432 160.2317 77 
0.0005721071 0.003088704 0.008924856 0.00438687 0.007137257 0.01004286 0.01356681 0.01807791 0.02309894 0.03384703 0.04930157 NaN 0.01074582 852.7265 1206.951 1455.028 1615.252 1675.319 1770.288 1793.911 1809.863 551.4202 671.9388 78 
0.0002276083 0.003297839 0.008775824 0.004336039 0.007070277 0.009896096 0.01315657 0.01749301 0.02308287 0.03015417 0.04912751 NaN 0.001498869 805.9489 1162.982 1371.892 1520.482 1586.803 1600.18 1662.099 1644.955 208.9624 252.894 79 
0.0005809009 0.003436258 0.00881503 0.004330811 0.00700165 0.009826499 0.01310568 0.01706497 0.02329506 0.03040331 0.04360903 NaN 0.00686462 801.2679 1162.359 1393.509 1518.904 1621.31 1633.526 1653.037 1690.123 523.0946 636.434 80 
0.001484784 0.0034199 0.008669186 0.004254932 0.007040057 0.009910637 0.01308793 0.01690689 0.02336264 0.03136819 0.04217704 NaN 0.01065707 761.7925 1168.836 1402.499 1539.832 1698.273 1768.167 1822.216 1944.714 1276.02 1556.045 81 
0.00100024 0.003106097 0.009104321 0.004416203 0.007032104 0.009831945 0.01329428 0.01740975 0.02344624 0.03229259 0.04743865 NaN 0.01173733 866.0524 1201.425 1477.671 1636.653 1758.619 1845.693 1904.575 1963.73 967.6214 1176.158 82 
0.0004864792 0.003105921 0.00949395 0.004351917 0.007348307 0.01040811 0.01369405 0.01850566 0.02473381 0.03292848 0.05419671 NaN 0.001723458 880.2793 1316.547 1528.729 1715.513 1808.115 1841.3 1910.74 1921.668 487.3337 592.1392 83 
0.0005393974 0.003008123 0.008841439 0.00433454 0.007069698 0.009932376 0.0134441 0.0180672 0.0236261 0.03155308 0.04530874 NaN NaN 841.5903 1183.226 1426.659 1597.176 1669.641 1715.786 1738.683 1792.392 518.0486 628.9778 84 
0.0009275664 0.00319457 0.009000335 0.004344231 0.007020377 0.009873628 0.01325475 0.01711979 0.02254738 0.03012461 0.04340155 NaN 0.01078492 837.6339 1193.467 1448.895 1582.379 1684.989 1743.354 1803.259 1860.83 871.4707 1058.615 85 
0.0002671312 0.003222344 0.008975907 0.004236001 0.00716786 0.01016343 0.01347065 0.01800689 0.0229099 0.03181945 0.04686193 0.0002562222 0.002037712 811.4448 1225.564 1429.776 1587.404 1626.982 1684.734 1701.51 1718.799 250.8597 303.7954 86 
0.0008946472 0.003176866 0.008827243 0.00417703 0.006911986 0.00983554 0.01331505 0.01765628 0.0223191 0.03093798 0.04924206 NaN 0.009463976 796.8156 1176.418 1434.6 1593.864 1648.426 1732.86 1812.927 1803.926 822.3341 1001.106 87 
0.0008193453 0.003239516 0.00880376 0.004331978 0.006952644 0.009834727 0.01335773 0.01716554 0.02364261 0.03147936 0.04474244 NaN 0.0092442 812.8334 1151.871 1425.923 1540.183 1666.96 1701.356 1737.676 1792.682 751.423 915.7615 88 
1.53e-20 0.003034288 0.009065928 0.004410411 0.007265139 0.01032425 0.01401459 0.01833057 0.02449414 0.03358672 0.05014261 0 0 869.2722 1239.554 1498.619 1630.154 1716.832 1760.108 1784.815 1831.168 5.837382e-11 NaN 89 
0.002092443 0.003174795 0.009148106 0.004548585 0.00719915 0.01014709 0.01375296 0.01807432 0.02374495 0.0326204 0.04300348 NaN 0.006183246 881.5211 1290.728 1623.709 1841.871 2012.835 2171.857 2297.062 2506.589 1999.274 2425.819 90 
0.0008567507 0.003229083 0.008653369 0.004320661 0.007059574 0.009929556 0.01319355 0.01695233 0.02333867 0.03179857 0.04536596 NaN 0.01213274 794.5707 1153.974 1378.428 1494.012 1622.084 1674.785 1703.096 1739.292 770.7904 938.2804 91 
0.0008151441 0.003041627 0.009182233 0.004411339 0.007130644 0.01010558 0.01386328 0.01838908 0.02442455 0.03462096 0.04797218 NaN 0.00889129 891.6555 1252.807 1551.933 1717.915 1819.979 1901.75 1921.587 1972.412 817.1551 996.4349 92 
0.0009130416 0.003201616 0.009104285 0.004326667 0.007158768 0.01005997 0.01338726 0.01824339 0.02423092 0.03202451 0.0443114 NaN 0.00811184 841.1841 1244.227 1465.558 1669.006 1761.59 1797.112 1835.206 1905.336 869.3682 1057.063 93 
0.001022536 0.00321494 0.008907585 0.004393646 0.007040085 0.009781392 0.01319923 0.01831564 0.02365018 0.033681 0.04694766 NaN 0.007629503 829.3513 1176.324 1410.59 1640.277 1712.656 1800.477 1826.18 1875.541 948.5216 1155.189 94 
0.0004277279 0.003101789 0.008924427 0.004503374 0.00730145 0.01035295 0.01415031 0.0187313 0.0244772 0.03437198 0.05046604 NaN NaN 857.7477 1206.765 1471.473 1607.704 1672.684 1726.108 1744.111 1761.38 414.7148 502.0571 95 
0.0007459045 0.003042591 0.00903385 0.004303884 0.007315975 0.01044498 0.01388588 0.01836011 0.02424601 0.03233275 0.05143587 NaN 0.008680591 847.4824 1276.659 1499.393 1654.039 1738.487 1787.875 1853.376 1848.688 726.7081 881.0171 96 
0.001294817 0.003259993 0.008943593 0.004617063 0.007137533 0.009986469 0.01365163 0.01779886 0.02336557 0.03191523 0.0471262 NaN 0.01082371 868.1767 1184.051 1488.264 1640.519 1747.092 1839.926 1917.17 1996.507 1221.896 1483.18 97 
0.0006010594 0.003027604 0.009157958 0.004257293 0.007128101 0.01013088 0.013568 0.01796801 0.02491045 0.03196662 0.04740019 NaN 0.004926266 856.5056 1259.708 1502.922 1659.836 1787.11 1800.065 1848.325 1882.213 593.1981 721.0466 98 
0.0006549281 0.003287233 0.008913704 0.004483214 0.007163893 0.009933168 0.01324954 0.01790824 0.02430296 0.03064908 0.04698377 NaN 0.01147301 854.852 1201.715 1421.87 1604.187 1700.579 1697.893 1752.978 1765.235 619.9783 752.8431 99 
0.0006345596 0.00328344 0.008853419 0.004279301 0.00697955 0.009917953 0.01348242 0.01778147 0.023651 0.03128499 0.04820408 NaN NaN 805.7368 1168.609 1431.575 1573.348 1653.226 1680.838 1725.561 1727.559 582.8006 709.624 100 
