0.0005772098 0.005445762 0.009295206 0.005227412 0.007582288 0.01048597 0.01394886 0.01830447 0.0240752 0.03354967 0.04530504 NaN 0.01012805 1066.792 1616.979 2002.729 2173.127 2194.947 2164.476 2029.122 1944.195 577.1602 700.1985 1 
0.0001562025 0.005146148 0.009085138 0.00520179 0.007647017 0.0104574 0.01372991 0.01810013 0.02513489 0.03453694 0.04717869 NaN NaN 1060.867 1592.674 1925.904 2051.373 2193.468 2129.42 1997.557 1939.254 157.2006 191.5263 2 
0.0004478566 0.00599237 0.007942014 0.005177858 0.00751806 0.01008525 0.01310115 0.01697525 0.02254039 0.03021097 0.04457146 NaN 0.01200086 919.6592 1438.556 1740.835 1851.467 1894.117 1824.909 1743.721 1636.211 381.8237 465.3136 3 
0.000467006 0.005131299 0.009294996 0.00515498 0.007723533 0.0107167 0.01422754 0.01851812 0.02438243 0.03494822 0.04724198 NaN 0.0109155 1078.177 1655.929 2034.863 2173.43 2199.432 2210.095 2073.864 1998.322 481.0125 585.5999 4 
7.18688e-05 0.005036884 0.009343527 0.005267211 0.007975161 0.01087441 0.01450886 0.01941677 0.02646005 0.03698666 0.05501496 NaN NaN 1115.049 1722.662 2053.184 2256.245 2321.867 2279.535 2169.574 2031.626 76.28434 93.05616 5 
0.0002591064 0.005579391 0.008511658 0.005167008 0.007450841 0.01016728 0.0132998 0.01732132 0.02345793 0.03140184 0.04352166 NaN NaN 976.3201 1477.46 1803.158 1914.143 1999.299 1921.358 1805.353 1734.098 236.5959 289.0119 6 
0.0002831095 0.005272125 0.009271105 0.00519534 0.007765977 0.01048614 0.01386625 0.01853907 0.02576828 0.03199818 0.044914 NaN 0.003422384 1080.646 1666.185 1977.436 2161.135 2271.2 2112.403 2015.837 1948.582 287.6889 351.0285 7 
0.0001056484 0.005376241 0.009659784 0.005439257 0.008112581 0.01093789 0.01475274 0.01981636 0.02605667 0.03539137 0.05725754 NaN NaN 1136.553 1769.36 2100.871 2345.423 2341.243 2253.841 2188.589 1993.682 111.3732 135.1037 8 
0.0003848537 0.005089155 0.009213662 0.005206362 0.007645551 0.0106621 0.01428299 0.0187789 0.02429877 0.03346598 0.0487726 NaN 0.008189098 1093.266 1635.433 2025.72 2194.316 2195.026 2169.154 2091.392 1991.229 398.6065 486.0898 9 
0.0001268701 0.00537553 0.009144775 0.005414641 0.007797735 0.01063911 0.01418403 0.01897774 0.02597905 0.03540648 0.05229504 0.0003897215 0.0004122617 1125.654 1689.021 2047.389 2244.207 2327.807 2240.033 2122.876 1978.471 129.3259 160.5136 10 
0.0001904304 0.005262455 0.008596343 0.005268199 0.007611362 0.01045107 0.01401049 0.01860954 0.02456153 0.03080468 0.04396264 NaN 0.001915106 1040.072 1544.338 1880.439 2067.263 2078.351 1946.755 1878.802 1865.765 188.5138 226.2123 11 
0.0005606382 0.004879612 0.009293688 0.004990774 0.007822881 0.01061156 0.01433302 0.01946112 0.02446448 0.03424849 0.04656291 NaN 0.01082051 1042.593 1652.898 1940.021 2205.762 2157.215 2156.289 2055.868 2035.925 575.279 701.0404 12 
7.904325e-06 0.005733394 0.008104001 0.005360571 0.007540823 0.01022948 0.01334611 0.01724512 0.02299881 0.03179984 0.04658546 NaN NaN 993.0028 1479.655 1797.911 1908.22 1952.759 1919.504 1818.209 1714.959 6.76322 8.762542 13 
0.00028156 0.00489186 0.009603159 0.005264309 0.00768688 0.01055946 0.01426723 0.01923919 0.025399 0.03454192 0.04709142 NaN 0.003522297 1178.068 1723.958 2086.003 2341.417 2372.367 2318.495 2204.44 2168.052 314.9928 382.0554 14 
0.000680783 0.005221478 0.009141752 0.005254647 0.007607964 0.01042583 0.01382316 0.0180621 0.02358487 0.03399167 0.04424394 NaN 0.006726465 1081.331 1608.912 1956.708 2123.844 2144.194 2177.064 2030.876 2000.456 692.0938 838.3742 15 
0.0002018798 0.00577332 0.008493409 0.005256283 0.007672649 0.01040056 0.01349421 0.01748941 0.02382427 0.03194086 0.04728302 NaN NaN 984.7401 1530.04 1859.717 1948.624 2041.868 1959.185 1866.762 1751.305 183.4736 224.1581 16 
0.0005231408 0.005372546 0.009201525 0.005302324 0.007762043 0.01046199 0.01402076 0.01875807 0.02487907 0.03444002 0.04997226 NaN 0.007942455 1057.661 1610.826 1921.583 2149.954 2176.779 2136.003 2029.423 1923.204 518.6117 628.5445 17 
0.0002041972 0.005205116 0.008930318 0.005073388 0.007751455 0.01045205 0.01384461 0.01842054 0.02481893 0.03327669 0.04948235 NaN NaN 1048.791 1649.733 1951.751 2146.969 2210.886 2140.394 2060.566 1947.953 206.8951 251.112 18 
0.0003174057 0.004903782 0.009313052 0.005108624 0.007755339 0.0106858 0.01422821 0.01882501 0.02547835 0.03614891 0.04863577 NaN NaN 1085.041 1662.777 2007.665 2184.393 2252.56 2234.208 2095.592 2021.619 335.938 406.941 19 
2.13265e-17 0.005532463 0.008789412 0.005095219 0.008075874 0.01051998 0.01368566 0.01792758 0.02360849 0.03411507 0.04896937 0 0 1005.357 1674.984 1909.769 2079.08 2093.563 2113.563 1982.653 1913.983 1.636887e-08 NaN 20 
NaN 0.005361287 0.00905834 0.005465578 0.007918721 0.01087471 0.01423846 0.01845297 0.02520446 0.03279195 0.05309551 2.794933e-07 0 1110.282 1670.29 2030.055 2121.582 2218.041 2101.652 2086.118 1944.528 0 0 21 
6.336169e-05 0.005116375 0.008592191 0.005148255 0.007652933 0.01030696 0.01368923 0.01825658 0.02419944 0.03264745 0.05370747 NaN NaN 1019.302 1546.769 1822.218 2027.218 2066.564 2006.653 2001.794 1868.366 62.01695 75.4842 22 
0.0003104528 0.004605749 0.009968575 0.005057423 0.007836659 0.01079478 0.01432143 0.0189693 0.02615231 0.03773096 0.0480277 NaN 0.007583766 1159.112 1775.835 2114.112 2292.958 2414.157 2413.758 2246.506 2204.73 350.9595 430.3352 23 
0.0003529384 0.005452137 0.008738174 0.00545249 0.007716732 0.0104788 0.01379424 0.01811823 0.02449318 0.03236807 0.04784192 NaN 0.005033867 1071.235 1580.747 1904.955 2049.149 2120.346 2031.14 1953.304 1849.673 345.8035 420.3217 24 
0.0001254618 0.004983701 0.008964932 0.005229837 0.007637417 0.01041453 0.01407162 0.01900302 0.02502025 0.03562288 0.04912871 NaN 0.001040319 1084.32 1600.214 1920.333 2166.627 2181.892 2173.232 2038.879 1964.265 131.1688 158.1057 25 
0.0003646676 0.00472511 0.009691702 0.004975135 0.007794186 0.01087262 0.01465292 0.01964183 0.02686582 0.03684992 0.05289901 NaN 0.009600183 1077.206 1689.283 2061.252 2257.343 2341.075 2289.363 2185.475 2089.2 390.5185 476.1257 26 
0.0002042726 0.005792925 0.008821341 0.005463734 0.007903629 0.01063098 0.01408514 0.01849195 0.02424492 0.03460888 0.05155502 NaN 0.001797261 1059.625 1638.681 1971.415 2149.901 2135.839 2126.911 1995.65 1827.308 196.4281 238.7476 27 
0.0001462071 0.005151238 0.00899201 0.005143439 0.007755774 0.01057394 0.01420416 0.0190258 0.02511629 0.03444073 0.04611419 NaN 0.001994654 1056.08 1634.113 1960.639 2178.263 2193.228 2134.81 1992.475 1966.823 147.4665 180.3799 28 
0.0002991688 0.004549535 0.0100672 0.005215546 0.007972261 0.01107792 0.01476299 0.01933996 0.02659753 0.03759467 0.04858483 NaN 0.006879136 1173.584 1764.19 2120.619 2267.049 2375.503 2353.766 2210.121 2199.829 341.6822 414.7211 29 
0.0002428024 0.004620966 0.009526406 0.005102768 0.007812305 0.01064381 0.01415597 0.01907313 0.02611008 0.03378109 0.04999384 NaN 0.005150574 1124.776 1700.349 1988.432 2211.9 2297.259 2211.411 2159.001 2068.699 263.4337 324.9352 30 
9.492561e-05 0.004492943 0.0101107 0.005135609 0.007893213 0.01097365 0.0147525 0.01959567 0.02573613 0.03576061 0.05378936 0.0001416432 0.001184177 1185.599 1786.48 2146.51 2353.127 2374.849 2376.763 2305.41 2282.4 107.6548 134.2538 31 
0 0.005589767 0.008418403 0.005322162 0.007701735 0.01029687 0.01368269 0.01811578 0.02384169 0.03218718 0.04889906 0 0 1011.922 1543.279 1832.865 2030.659 2046.109 1980.982 1899.569 1856.926 4.507016e-13 NaN 32 
0.0004041638 0.004966402 0.009323351 0.005190891 0.007812361 0.01050407 0.01380818 0.01834705 0.02418381 0.03343407 0.054808 NaN 0.01232807 1095.974 1668.311 1937.494 2142.173 2184.152 2172.079 2160.054 1999.886 424.8189 514.7808 33 
8.498226e-05 0.00570633 0.008839185 0.005377742 0.007751294 0.01047985 0.01368778 0.01778113 0.0237514 0.03130534 0.04557304 2.481468e-07 0 1036.988 1585.024 1910.626 2029.284 2079.824 1981.464 1892.53 1824.121 80.50864 98.04627 34 
0.0002392225 0.005137096 0.00889109 0.005156064 0.007568484 0.01043504 0.01388468 0.01821504 0.02396717 0.03219065 0.0467293 NaN NaN 1043.704 1561.858 1906.05 2063.117 2087.267 2032.962 1953.26 1853.317 238.3042 289.604 35 
8.669488e-05 0.005151616 0.008913142 0.005082857 0.007479884 0.01022499 0.01358083 0.0178835 0.02359071 0.03097406 0.04621424 4.34328e-05 3.521928e-09 1034.069 1552.24 1875.166 2049.995 2082.92 2009.353 1959.855 1876.078 85.46986 104.5554 36 
0.0004331826 0.005391089 0.009234136 0.005426713 0.007833751 0.01072357 0.01414867 0.01849465 0.02490081 0.03178771 0.04698546 NaN 0.01273916 1118.875 1677.901 2035.283 2174.62 2230.893 2119.097 2049.023 1943.953 444.5072 538.7535 37 
0.0002357197 0.005039529 0.008848176 0.0051201 0.007724982 0.01044929 0.01394232 0.01870784 0.02515763 0.03394687 0.04927627 NaN NaN 1031.746 1584.621 1871.562 2084.131 2134.494 2074.161 1984.565 1907.495 236.4854 286.3444 38 
0.0003433912 0.00517822 0.009549754 0.005194445 0.007693167 0.01045898 0.01406762 0.01877925 0.02369282 0.03316419 0.05230935 NaN NaN 1097.52 1668.412 2000.035 2240.922 2192.81 2195.431 2154.878 2002.027 355.026 434.5438 39 
0.0007005213 0.00568824 0.008680071 0.005504326 0.007554009 0.01016461 0.01332356 0.01736351 0.02290171 0.03179594 0.04485762 NaN 0.00954352 1050.559 1526.006 1835.103 1988.273 2029.555 2013.359 1916.364 1840.871 657.9317 802.783 40 
0.0003287626 0.005016993 0.009280829 0.00505808 0.007918111 0.01081859 0.01446475 0.01928959 0.02526574 0.03395952 0.05142699 NaN 0.004395316 1040.211 1660.444 1978.956 2170.85 2182.26 2120.826 2063.861 1963.655 333.4101 406.5817 41 
0.0004564289 0.005167469 0.008956824 0.005136704 0.00769951 0.01054306 0.01410044 0.01868595 0.02429856 0.0334866 0.0488708 NaN 0.009454159 1043.486 1605.753 1941.958 2136.529 2137.337 2113.498 2029.548 1941.314 455.8093 554.9984 42 
0.0004172562 0.005584121 0.008961056 0.005195803 0.007598463 0.01050878 0.01393218 0.01820684 0.023885 0.03253317 0.04458763 NaN 0.01257389 1062.938 1637.111 2033.046 2189.565 2202.636 2140.202 2008.925 1913.636 411.7186 503.2572 43 
0.0006215035 0.004673475 0.01004976 0.005042818 0.007660866 0.01065538 0.01434397 0.01907213 0.02507586 0.03663659 0.04840312 NaN 0.00621206 1161.473 1753.403 2144.269 2363.838 2401.261 2451.389 2322.889 2274.851 706.0558 859.1376 44 
0.0002231159 0.005623872 0.008571326 0.005221332 0.007502308 0.01009884 0.01334798 0.01754848 0.02295798 0.03001015 0.04482523 NaN 0.002353576 1004.908 1518.368 1821.005 1994.18 2012.004 1922.495 1864.933 1764.414 206.3098 253.3391 45 
0.0001804757 0.005018035 0.009085421 0.005337916 0.00782944 0.01064463 0.0141034 0.0185895 0.02458496 0.03446927 0.0453435 NaN NaN 1118.358 1662.334 1974.095 2147.988 2180.479 2161.669 2014.591 2012.412 189.7249 230.8119 46 
0.0003783866 0.004594874 0.009757888 0.005077498 0.007777448 0.01070718 0.01441086 0.01944717 0.0252664 0.03493462 0.04923695 NaN 0.008699371 1131.782 1708.51 2035.95 2278.165 2292.65 2281.045 2207.266 2146.832 422.6486 510.8171 47 
0.0001739769 0.005034951 0.009462812 0.005295386 0.007832228 0.01070257 0.01420776 0.0187116 0.02474608 0.03480715 0.05213856 7.180742e-05 NaN 1096.51 1647.721 1972.502 2142.715 2175.582 2164.373 2085.765 1968.644 180.7486 219.7434 48 
0.0007037955 0.005106277 0.009466979 0.005130892 0.007557441 0.01040578 0.01371246 0.01770555 0.02318138 0.03197098 0.04753501 NaN 0.008709596 1082.031 1625.613 1984.369 2118.428 2166.885 2170.85 2128.869 2030.987 725.4046 879.9189 49 
0.0005457089 0.005095415 0.009626755 0.00542662 0.007805482 0.01080068 0.014533 0.0193626 0.02580105 0.0351834 0.04802752 NaN 0.006535941 1159.031 1700.653 2086.514 2293.404 2330.269 2273.42 2152.633 2085.743 586.6754 713.4221 50 
0.0003747677 0.005790277 0.008412225 0.005309311 0.007671166 0.0103748 0.01348606 0.01753327 0.02376281 0.03209394 0.04375832 NaN 0.01169362 1019.078 1568.922 1902.669 2007.571 2098.79 2021.665 1882.718 1829.088 350.8006 425.6669 51 
0.0005829797 0.005331161 0.009218913 0.005233737 0.007677378 0.01065659 0.01403624 0.01810433 0.02413077 0.03425281 0.04636196 NaN 0.01191135 1054.143 1603.987 1985.782 2095.904 2149.832 2148.777 2013.062 1957.771 576.0078 702.4814 52 
0.0004120605 0.006005621 0.008472879 0.005352564 0.007521495 0.01033418 0.01354859 0.01751745 0.02293775 0.03315311 0.04725003 NaN 0.01387782 1018.153 1547.018 1926.477 2063.022 2052.649 2072.93 1922.596 1768.653 379.7005 463.0089 53 
NaN 0.004579575 0.01026462 0.005111317 0.007944641 0.01098911 0.01461304 0.01921459 0.0254514 0.03511713 0.05374822 NaN 0 1184.552 1818.791 2168.868 2341.283 2394.807 2384.164 2341.441 2256.691 0 0 54 
0.0001311016 0.005003175 0.009370794 0.0052909 0.007733394 0.01077609 0.01435443 0.01864013 0.02433398 0.03285652 0.04878454 NaN 0.001433147 1126.976 1665.543 2050.873 2185.872 2203.575 2162.754 2100.206 2032.958 139.172 169.6539 55 
4.612399e-07 0.005094076 0.009134995 0.005259544 0.007933885 0.01077016 0.01423099 0.01868544 0.02467094 0.03490177 0.04967948 9.237668e-10 0 1099.285 1694.976 2008.061 2172.88 2200.232 2196.647 2079.773 2016.653 0.4814121 0.5852945 56 
0.0004122196 0.005523355 0.008735661 0.005361304 0.00769259 0.01054683 0.01387769 0.01800759 0.02378003 0.03192931 0.04218332 NaN 0.009646328 1060.866 1593.452 1945.732 2068.908 2099.205 2024.026 1892.057 1847.842 401.0531 488.0462 57 
NaN 0.005126332 0.009432458 0.005200084 0.007819536 0.01060586 0.01432244 0.01929969 0.02523261 0.03640249 0.04838011 NaN 0 1095.443 1689.587 2012.041 2269.111 2263.733 2259.702 2084.44 2068.473 0 0 58 
0.0001687204 0.005110844 0.009896307 0.005253405 0.007899043 0.01091878 0.01443203 0.01872414 0.02523052 0.03541438 0.05019831 0.0002956289 0.0006519102 1149.231 1769.771 2155.824 2279.918 2349.268 2329.886 2198.55 2101.154 184.2635 223.2887 59 
0.0003347617 0.005465159 0.008683826 0.005142623 0.008027633 0.01059154 0.0137499 0.01794298 0.02406896 0.0328318 0.04921159 NaN 0.006668608 1026.292 1675.011 1931.189 2066.763 2130.407 2078.536 1985.593 1842.127 322.4056 396.033 60 
0.0004989477 0.005450792 0.009160543 0.005329739 0.007591732 0.01028041 0.01353965 0.01775104 0.02377663 0.0329113 0.04711977 NaN 0.01716785 1082.145 1607.393 1936.647 2101.194 2170.763 2138.222 2034.461 1927.515 499.9397 605.0899 61 
0.0003845601 0.005215889 0.009220962 0.005330744 0.007814642 0.01054599 0.01399343 0.01856591 0.02462637 0.03430174 0.04625166 NaN 0.007412275 1124.991 1696.657 2009.875 2214.614 2254.218 2224.598 2084.957 2032.155 401.8135 490.1614 62 
0.0001984439 0.005438988 0.008745186 0.005247709 0.00763882 0.01046568 0.01382246 0.01795571 0.02301807 0.0306332 0.04626722 NaN 0.008066981 1047.879 1586.631 1929.837 2064.648 2049.67 1993.501 1942.109 1814.893 193.1942 235.6555 63 
0.0001535148 0.005099926 0.008774665 0.005158811 0.007454578 0.01036552 0.01376807 0.01786124 0.02346251 0.03395429 0.04768036 NaN 4.195221e-05 1047.727 1535.606 1902.473 2036.426 2059.96 2092.876 1972.897 1861.011 150.145 186.5838 65 
0.0002810663 0.005331128 0.008889321 0.00498416 0.007725654 0.010625 0.0139901 0.01820111 0.02453918 0.03291573 0.04750266 NaN 0.008426663 995.1673 1601.784 1955.23 2066.219 2132.621 2056.018 1958.172 1842.404 270.1286 331.0795 66 
0.0004607825 0.005386672 0.009078282 0.005343117 0.007702314 0.01053068 0.01396499 0.01821483 0.02290836 0.03270796 0.04582711 NaN 0.00905221 1093.015 1634.7 1984.177 2148.718 2097.693 2132.278 2023.464 1942.294 463.3688 564.7627 67 
0.0002034285 0.005327449 0.008972494 0.005289243 0.007785434 0.01059623 0.01384011 0.01778645 0.02379538 0.03405219 0.05217069 NaN NaN 1074.432 1638.537 1969.872 2072.242 2130.392 2147.535 2062.067 1897.008 204.1385 248.594 68 
0.0001030082 0.005038936 0.008510659 0.004984946 0.007641913 0.01029571 0.01352299 0.0177794 0.02358167 0.03365376 0.04932153 0.0002096755 0.000316431 985.6177 1536.96 1800.575 1965.474 2007.693 2024.937 1939.75 1857.208 100.1404 121.316 69 
3.06214e-05 0.004996748 0.009343908 0.005178758 0.007964325 0.01094053 0.01444961 0.01888433 0.0257803 0.03598602 0.05292633 4.238927e-05 NaN 1093.471 1710.744 2052.968 2184.555 2272.366 2241.337 2140.626 2035.831 32.28775 39.24569 70 
NaN 0.004626969 0.009761115 0.005255929 0.007873406 0.01095826 0.01464422 0.01922669 0.02585089 0.03744078 0.05053344 NaN 0 1172.669 1734.35 2107.504 2263.019 2330.821 2345.7 2206.833 2191.749 0 0 71 
0.0002674695 0.005980628 0.008092809 0.005274965 0.007657365 0.01028782 0.01345783 0.01761245 0.02337695 0.02972064 0.04347178 0.0005609402 0.02000429 981.0517 1534.301 1853.885 1992.205 2024.346 1884.849 1816.066 1702.991 252.4129 292.0669 72 
0.0001903125 0.005116087 0.008981025 0.005222871 0.007706971 0.01048435 0.01388457 0.01820904 0.02322909 0.03396594 0.05054367 5.463966e-05 0.0003744401 1056.873 1589.963 1899.741 2069.32 2044.663 2106.012 2022.624 1934.872 189.9946 232.1167 73 
0.0001692413 0.004771523 0.009635727 0.005138484 0.007684286 0.01063124 0.01434971 0.01941167 0.02668058 0.03663509 0.05508732 NaN NaN 1097.82 1638.63 1993.494 2214.029 2305.451 2251.756 2162.177 2042.618 180.7501 220.4107 74 
0.0002890295 0.005372486 0.008437572 0.004970394 0.007605568 0.01018076 0.01371606 0.01844345 0.02422599 0.03492572 0.04740631 NaN NaN 950.3426 1513.933 1792.803 2032.894 2032.277 2029.753 1876.482 1786.892 267.6756 326.5588 75 
1.034533e-05 0.005292076 0.008825495 0.005364086 0.007888322 0.01073701 0.01418999 0.01862262 0.02471021 0.03349993 0.04760792 4.218382e-07 0 1066.923 1623.107 1944.673 2092.541 2123.556 2058.104 1951.27 1903.476 10.31832 12.52906 76 
0.0006232971 0.005656062 0.008852991 0.005217505 0.007462207 0.01019093 0.01375102 0.01836932 0.02434393 0.03235945 0.04719357 NaN 0.007081895 1039.278 1572.578 1937.178 2180.304 2202.811 2121.416 2022.46 1908.711 598.35 731.7495 77 
2.239514e-05 0.004849315 0.009160603 0.005264917 0.007720805 0.01068122 0.01434183 0.01900408 0.02435149 0.03440113 0.04908778 NaN 0.001759094 1102.957 1615.553 1960.458 2147.875 2122.25 2154.924 2014.312 1981.567 63.16804 28.74771 78 
0.000681513 0.005655073 0.008737118 0.005133906 0.007449038 0.01007079 0.01329409 0.01742317 0.02291842 0.03214071 0.04477524 NaN 0.01242773 988.4451 1516.17 1839.906 2014.753 2044.163 2038.857 1928.406 1855.28 630.5736 768.5003 79 
0.0004513626 0.005187747 0.00893585 0.005155328 0.007850388 0.01054065 0.01401716 0.01872491 0.02496237 0.03320934 0.04726586 NaN 0.009635209 1038.002 1626.601 1908.126 2118.365 2157.894 2081.439 1995.117 1941.839 447.4963 545.1984 80 
6.00091e-06 0.005508838 0.008859651 0.005396146 0.007752504 0.0105091 0.0139526 0.01839204 0.02422306 0.03271421 0.05105996 NaN 0.0003400317 1081.776 1629.909 1965.309 2148.956 2166.218 2098.564 2041.164 1902.33 20.36087 7.253886 81 
1.203752e-05 0.005628533 0.008489659 0.005200805 0.007550298 0.0101712 0.01334766 0.01773904 0.02417809 0.03168082 0.04501764 NaN NaN 1003.364 1534.656 1846.397 2001.257 2098.359 1981.68 1871.902 1799.722 46.992 13.79951 82 
0.0003160749 0.006011225 0.008244187 0.005328053 0.007654975 0.009993259 0.01318289 0.01724652 0.02199327 0.03122666 0.0446428 NaN 0.009420024 970.2644 1502.333 1750.257 1943.696 1897.123 1910.294 1789.244 1676.996 275.8547 339.0399 83 
2.063687e-05 0.00543295 0.008317706 0.005368531 0.007784532 0.01068427 0.01407041 0.01821752 0.02386261 0.03378569 0.04595194 7.844195e-08 0 1013.831 1533.16 1866.718 1978.447 1985.054 1964.875 1822.714 1793.487 19.45962 23.67935 84 
2.07675e-05 0.005238153 0.009389736 0.005597742 0.008114765 0.01117248 0.01470484 0.019307 0.02672838 0.03421332 0.0535534 6.951771e-06 5.157776e-08 1191.462 1784.377 2162.963 2274.833 2384.964 2243.045 2183.163 2101.302 22.55398 27.4064 85 
8.586076e-05 0.005184066 0.009248796 0.005299235 0.007958207 0.01080086 0.01427362 0.01875044 0.02475416 0.03345411 0.05001038 7.769303e-05 0.000468731 1107.97 1707.975 2029.351 2190.922 2221.33 2165.492 2092.454 2003.866 89.13269 108.6782 87 
5.48255e-06 0.005498931 0.009072871 0.005195743 0.007643463 0.01051832 0.01396659 0.01828865 0.02395245 0.03438238 0.04718821 NaN 0 1036.403 1597.921 1967.758 2131.275 2133.699 2132.341 1978.402 1918.29 5.34328 6.511882 88 
0.0003409766 0.005347183 0.008988154 0.00515749 0.007858045 0.01053149 0.0139738 0.01852564 0.02468706 0.03458744 0.04974708 2.891674e-05 0.004058928 1043.203 1654.109 1951.672 2152.756 2188.091 2161.115 2047.656 1942.538 339.2493 412.0525 89 
0.0003254101 0.005677621 0.008372349 0.005333305 0.007483089 0.01000876 0.01336146 0.01765539 0.02242892 0.03233025 0.04272007 NaN 0.006871725 1029.726 1524.36 1818.731 2042.023 1995.899 2022.843 1861.394 1835.247 304.7763 372.5755 90 
0.0002302183 0.005339965 0.009119711 0.005312963 0.008121315 0.0109335 0.0144435 0.01891638 0.02428285 0.03455937 0.0480272 NaN 0.005046671 1104.729 1755.537 2069.7 2238.124 2208.178 2211.239 2075.094 1996.443 237.2754 288.9817 91 
6.503719e-05 0.005337232 0.009326378 0.005467713 0.007970261 0.01082316 0.01434901 0.0189125 0.02496948 0.03482346 0.05238015 NaN NaN 1129.926 1711.314 2048.834 2223.228 2240.959 2205.537 2111.01 1966.538 71.95839 82.2115 93 
0.0001753951 0.004937263 0.009623658 0.005184913 0.008026586 0.01077449 0.01425514 0.01914228 0.02533955 0.03363219 0.04981994 NaN 0.004049695 1120.955 1756.569 2020.537 2245.699 2276.779 2205.254 2139.403 2035.952 186.1307 229.6256 94 
0.000437559 0.005548463 0.008307795 0.005053405 0.007677943 0.01022517 0.01342344 0.01752953 0.02267738 0.03106758 0.04455281 NaN 0.009268162 963.6049 1537.391 1810.744 1967.319 1964.947 1934.472 1846.203 1748.403 402.8977 489.2859 95 
0.0005367786 0.00545587 0.008717492 0.005245204 0.007631476 0.01026411 0.01367485 0.0181945 0.02417519 0.03310091 0.04385786 NaN 0.01397511 1029.894 1565.007 1866.932 2078.063 2112.44 2058.159 1922.909 1886.816 514.385 627.6621 97 
0.0004098247 0.005681939 0.008576497 0.005245059 0.007458677 0.0103085 0.01355965 0.01756232 0.02304035 0.0303895 0.04290185 NaN 0.007776248 1032.463 1550.491 1929.923 2057.175 2080.58 2001.188 1909.765 1842.505 388.7655 474.6882 98 
0.0001153882 0.005817529 0.008839981 0.005370191 0.00783603 0.01044657 0.01381438 0.01823618 0.02410192 0.03151001 0.04508422 5.698073e-05 0.0001401399 1045.206 1629.289 1938.776 2122.632 2142.024 2022.086 1916.555 1842.523 109.8503 133.7888 99 
2.814525e-17 0.004795728 0.01003656 0.005245038 0.007861668 0.01083044 0.0146723 0.0198107 0.02604216 0.03838997 0.05408646 0 0 1169.291 1755.276 2117.117 2372.656 2383.118 2415.774 2275.894 2214.479 1.321709e-08 1.323055e-08 100 
0.000591873 0.005637521 0.009083432 0.005300842 0.007860554 0.01043645 0.01364349 0.01805705 0.02475142 0.03144343 0.04527283 NaN 0.01453162 1081.828 1697.199 1997.697 2163.477 2270.871 2133.449 2054.79 1975.651 589.313 716.1369 1 
0.0001549581 0.005231653 0.008943619 0.005011295 0.007447827 0.01011497 0.01342874 0.01770433 0.02303314 0.03188559 0.04416453 NaN 0.00158489 1009.114 1538.4 1845.83 2031.591 2044.234 2025.531 1920.538 1841.705 152.4684 183.2543 2 
0.0002252531 0.005198285 0.00905691 0.005264594 0.007621429 0.01063567 0.01421504 0.01862856 0.02420686 0.03212771 0.04690446 NaN NaN 1074.758 1594.115 1980.846 2135.742 2135.409 2067.555 1999.614 1934.209 229.0584 277.1286 3 
0.0002928253 0.005332151 0.008844992 0.005134419 0.007650814 0.0105591 0.01398165 0.01824444 0.02414945 0.03302174 0.04733375 NaN 0.006524288 989.3865 1527.292 1872.61 1999.42 2029.338 1981.305 1875.233 1772.673 275.5265 336.8352 4 
