0.8990416 0.5013191 0.9010031 0.08044126 0.09234744 0.111382 0.1344705 0.1490366 0.1874198 0.2464134 0.3163571 0.5176177 0.9999999 10005.54 19000.93 27645.11 36417.24 45145.78 52488.03 59923.49 67478.72 73828.89 81098.58 124383.1 1 
0.898961 0.4999679 0.9011602 0.0801899 0.09514339 0.1092711 0.1310644 0.1519064 0.1904079 0.2416773 0.3258231 0.4951659 1 9996.586 18983.13 27974.69 36485.6 44911.81 52572.83 60228.88 67469.08 74275.58 80729.13 124661.4 2 
0.8995876 0.4999321 0.9000769 0.08068187 0.09742661 0.1080207 0.1289545 0.1581703 0.1886464 0.2380458 0.319147 0.5050597 1 10037.43 19066.98 28295.12 36604.64 44802.79 52989.77 60405.83 67380.59 73935.98 80865.14 124407.6 3 
0.900446 0.5008049 0.8999639 0.0787124 0.09670533 0.1098562 0.1269629 0.1568293 0.1932485 0.2299873 0.3373451 0.4915892 1 9772.162 18571.47 27783.57 36367.63 44423.49 52592.89 60439.74 66983.72 74502.28 80784.88 124150.2 4 
0.9017169 0.4999822 0.9000378 0.08202162 0.09300456 0.1079552 0.1300234 0.1523295 0.1915112 0.2349285 0.3258893 0.4903103 1 10178.74 19357.09 28049.66 36447.27 44849.38 52656.12 60498.15 67462.45 74533.62 81104.65 124098.3 5 
0.9019452 0.4993088 0.9003696 0.07974255 0.09451408 0.113156 0.1271403 0.1537083 0.1918561 0.2391104 0.3234324 0.4977506 1 9875.551 18782.76 27712.54 36672.43 44712.22 52606.65 60418.6 67557.82 74378.67 81084.83 123842.9 6 
0.9020739 0.4980833 0.9004905 0.08247288 0.09427771 0.1081627 0.1308596 0.1528955 0.1868957 0.2371448 0.323353 0.5005775 1 10257.57 19510.66 28358.8 36761.3 45223.94 53044.82 60534.43 67692.92 74676.12 81622.14 124375.1 7 
0.8992298 0.5025476 0.9005893 0.07822369 0.09224149 0.1095505 0.1323646 0.1566145 0.1911097 0.232791 0.3261814 0.4863262 0.9999999 9700.939 18424.31 27112.22 35748.16 44376.55 52460.68 60096.11 66772.31 73730.59 80051.23 124015.4 8 
0.9005861 0.4992746 0.8995419 0.08100007 0.09282152 0.1096698 0.1272354 0.1575203 0.1886074 0.23731 0.3297162 0.4933263 1 10048.71 19098.44 27782.3 36363.16 44464.49 52703.64 60234.42 67283.59 74409.96 80867.78 124058 9 
0.8985683 0.5001127 0.8993824 0.08002912 0.09352567 0.1136627 0.126232 0.1506981 0.1901924 0.238138 0.3262984 0.4902856 1 10003.69 18992.68 27821.38 36847.81 44773.26 52397.74 60123.38 67247.34 74229.28 80672.57 125000.6 10 
0.9001551 0.5005082 0.9006989 0.08038158 0.09246751 0.1122409 0.126094 0.1573704 0.1875641 0.2377059 0.3276881 0.5019839 1 9975.883 18955.72 27616.47 36484.71 44436.46 52645.54 60089.36 67166.2 74201.48 80945.34 124106.6 11 
0.9010239 0.4993554 0.9012514 0.08115381 0.0958279 0.1079662 0.1310775 0.1568326 0.1875629 0.2436296 0.3240494 0.4933879 0.9999999 10070.95 19145.12 28177.1 36519.48 44959.86 53042.89 60430.92 67786.5 74494.62 80930.34 124097.1 12 
0.90197 0.4996112 0.8979599 0.07915092 0.09223493 0.1106436 0.1286823 0.1527989 0.1900337 0.2426667 0.3257033 0.4874938 1 9823.851 18684.67 27394.69 36188.45 44514.5 52435.32 60238.75 67721.17 74690.73 81102.91 124115.4 13 
0.8986829 0.5005151 0.9007525 0.08117592 0.09321862 0.1101419 0.1307098 0.1551924 0.1861732 0.2465589 0.3249618 0.497207 0.9999999 10091.74 19161.02 27867.83 36452.78 44807.16 52701.97 59964.22 67471.01 74122.52 80543.06 124319.4 14 
0.8991686 0.501271 0.8987115 0.0817271 0.09358055 0.1091057 0.1316356 0.1528942 0.1874011 0.2352223 0.3313303 0.4953785 0.9999999 10140.25 19258.04 27978.25 36424.75 44863.07 52554.73 59938.54 66830.97 74027.79 80495.33 124074.5 15 
0.8988882 0.4993063 0.8999634 0.08009687 0.0954662 0.1125047 0.1289517 0.154642 0.19209 0.2474597 0.3238684 0.4906978 0.9999999 9953.866 18901.28 27903.73 36715.93 44837.65 52665.75 60321.28 67732.22 74189.87 80319.47 124272.8 16 
0.89953 0.499921 0.9004733 0.08073274 0.09287554 0.1094606 0.1264847 0.1593824 0.1920374 0.2414414 0.3279605 0.4948586 1 10037.6 19066.73 27766.17 36325.22 44353.94 52752.14 60471.7 67621.67 74455.12 80793.31 124331.2 17 
0.8994877 0.4995691 0.9011273 0.08107491 0.09709486 0.1105831 0.1296402 0.1529964 0.1868978 0.2442645 0.3290963 0.4879872 0.9999997 10084.71 19155.78 28328.61 36893.92 45085.55 52777.08 60119.49 67516.58 74414.76 80548.73 124387.5 18 
0.9004852 0.499629 0.8993278 0.08029875 0.09267851 0.1120775 0.1239498 0.1598363 0.1860648 0.2395447 0.3202147 0.4973906 0.9999998 9955.348 18919.99 27604.7 36452.71 44211.27 52674.39 60012.72 67223.13 73934.17 80726.63 123978.9 19 
0.8991842 0.5007753 0.9003808 0.07961563 0.0934035 0.1104342 0.1312423 0.1534903 0.1856226 0.2458038 0.3189257 0.4985432 0.999999 9887.043 18777.32 27560.07 36224.98 44670.64 52458.75 59753.28 67299.03 73793.05 80490.88 124184.7 20 
0.9002824 0.4985196 0.9008553 0.07970296 0.09398416 0.1075494 0.1319043 0.1569214 0.1883514 0.2442754 0.3244172 0.486069 1 9901.331 18815.32 27683.99 36063.56 44660.82 52799.99 60277.9 67680.89 74394.8 80603.66 124227.9 21 
0.9009459 0.4993663 0.8999071 0.07810541 0.09313798 0.108642 0.1310551 0.155057 0.1939787 0.2304144 0.3277731 0.5004754 0.9999998 9709.718 18457.65 27303.5 35890.32 44476.22 52552.65 60541.01 67176.29 74351.38 81181.13 124315.6 22 
0.8994797 0.5010575 0.9008815 0.08005884 0.0947365 0.1119977 0.1276991 0.1560407 0.1885821 0.2355892 0.3220529 0.5034702 1 9934.891 18871.12 27789.31 36570.3 44613.25 52620 60071.26 66947.77 73713.67 80607.1 124094.9 23 
0.8987822 0.5003416 0.8993939 0.08134946 0.09492919 0.1079091 0.1325685 0.1554204 0.1843368 0.2439308 0.3290024 0.487911 0.9999999 10125.25 19225.65 28133.96 36453.45 45002.36 52893.51 60007.3 67390.44 74292.06 80427.74 124466.2 24 
0.8991196 0.4988443 0.9011894 0.07886135 0.09396535 0.1098599 0.1263307 0.1515307 0.1931187 0.2386252 0.3231103 0.5006705 1 9782.635 18578.39 27441.23 36046.62 44052.25 51808.46 59774.51 66897.55 73708.97 80495.84 124048.5 25 
0.8997365 0.4982816 0.9008962 0.08045117 0.09402164 0.1132754 0.127764 0.1540633 0.1907812 0.2367762 0.3343454 0.4895808 1 9998.501 18994.52 27835.03 36772.38 44815.3 52659.17 60303.21 67236.56 74483.61 80650.37 124280.4 26 
0.9010519 0.4987293 0.8998438 0.08042736 0.09476785 0.1102435 0.1253536 0.1542042 0.186804 0.2471065 0.3188126 0.4946542 1 10017.63 19044.03 28014.12 36672.54 44608.04 52636.64 60176.94 67936.28 74535.23 81239.16 124555 27 
0.8988863 0.5005107 0.8992273 0.08076096 0.0927853 0.1099023 0.1327187 0.1483013 0.1896251 0.2393595 0.3241231 0.4907702 1 10043.85 19072.13 27751.01 36343.4 44920.59 52252.03 59899.19 67069.44 73911.55 80380.31 124365.2 28 
0.9015592 0.4991379 0.9006957 0.08127666 0.0924177 0.1100996 0.1281276 0.156769 0.1875368 0.2422565 0.3162762 0.5020337 1 10065.34 19139.84 27770.53 36405.69 44595.71 52765.62 60240.86 67607.69 74106.59 81087.71 123840.4 29 
0.8974608 0.5014932 0.90007 0.08233697 0.0906233 0.1115857 0.1309718 0.1550117 0.19196 0.2429294 0.3274433 0.5003334 0.9999998 10227.64 19406.54 27746.69 36468.45 44790.49 52603.41 60190.8 67293.46 73939.3 80278.46 124216.8 30 
0.8986411 0.5008053 0.9002213 0.08033077 0.0940173 0.1090567 0.1296327 0.1489329 0.192987 0.2410863 0.3242444 0.4941125 1 10000.23 18986.84 27826.2 36317.57 44616.12 52072.94 60005.53 67241.74 74020.01 80516.02 124488.1 31 
0.8987186 0.4987819 0.899948 0.08012118 0.0937885 0.1094492 0.1311408 0.1536975 0.1858879 0.2358447 0.3254738 0.4829025 0.9999999 10010.72 19007.55 27861.93 36439.66 44912.96 52750.74 60086.44 67096.31 74110.7 80425.56 124944.8 32 
0.9001559 0.4995473 0.8986327 0.0798653 0.09374866 0.1106831 0.1271566 0.1564694 0.1896496 0.2431757 0.3247714 0.4907166 1 9921.529 18852.45 27686.25 36387.67 44468.87 52610.72 60221.55 67574.96 74338.14 80699.55 124228.3 33 
0.898058 0.5005793 0.9006235 0.07914925 0.09327036 0.1066696 0.1303865 0.1577909 0.1831382 0.2438469 0.3327708 0.4964266 1 9856.581 18708.36 27496.97 35785.29 44248.59 52483.59 59592.32 67068.34 74214.52 80567.47 124531.6 34 
0.8986649 0.5000957 0.9000749 0.079275 0.09187729 0.110072 0.130852 0.1558478 0.1918338 0.242091 0.3270764 0.5030087 1 9856.09 18713.41 27334.44 36006.97 44463.58 52489.04 60190.85 67371.21 74142.27 80701.56 124327.8 35 
0.9004412 0.5022264 0.8999713 0.08099662 0.09169292 0.1120763 0.1276541 0.1591235 0.1863914 0.2379919 0.3262877 0.4923592 1 10061.41 19121.11 27684.97 36550.01 44664.22 52997.78 60309.59 67382.48 74335.95 80824.12 124220.1 36 
0.8998372 0.5029254 0.8999343 0.0801351 0.09585807 0.1104004 0.1267742 0.1555555 0.1876668 0.2397713 0.3241615 0.4785789 0.9999999 9955.733 18914.27 27974.53 36579.79 44568.83 52590.52 60043.01 67230.78 74065.62 80185.73 124236.9 37 
0.9001214 0.4971622 0.8998493 0.08137041 0.09615324 0.110348 0.1246564 0.1599096 0.1836867 0.2458249 0.3256463 0.4990727 0.9999999 10147.77 19281.99 28371.74 36964.26 44755.82 53180.41 60312.3 67882.38 74683.62 81260.37 124710.8 38 
0.8991927 0.5001681 0.9014334 0.08085438 0.09301785 0.1100668 0.1310502 0.1503926 0.1931159 0.232947 0.3296143 0.5038376 1 10054.6 19095.62 27802.56 36410.25 44830.19 52367.52 60241.72 66971.07 74114.85 80882.1 124354.4 39 
0.8985716 0.4996807 0.901147 0.08022425 0.09411321 0.1098002 0.1294166 0.1529965 0.1881952 0.2453832 0.3303659 0.4828701 0.9999999 10006.42 18997.91 27868.04 36452.65 44728.41 52514.44 60026.68 67527.93 74485.24 80443.51 124730.6 40 
0.9019816 0.4987237 0.9000679 0.08090263 0.09322865 0.1100468 0.1276372 0.1540849 0.1873019 0.2387867 0.3270865 0.4921103 1 10055.66 19125.68 27901.24 36565.88 44748.37 52753.93 60325.16 67614.12 74752.34 81361.8 124293.4 41 
0.9001821 0.4995863 0.8986754 0.08064161 0.09404676 0.1100626 0.128878 0.1539778 0.1856981 0.2426952 0.3299607 0.4879452 0.9999999 10042.11 19081.84 27944.13 36570.34 44815.8 52723.31 60092.93 67538.42 74638.76 80903.74 124527.7 42 
0.9000395 0.5006238 0.9007409 0.08032784 0.095081 0.1066926 0.1325599 0.1513437 0.1867375 0.237953 0.3316392 0.4978604 0.9999999 9971.759 18946.74 27907.88 36140.76 44761.92 52403.32 59851.86 67016.52 74281.17 80866.42 124138.3 43 
0.90056 0.4991926 0.899536 0.08024025 0.0957417 0.1087408 0.1301034 0.1524198 0.1893043 0.2420856 0.3225576 0.4785328 0.9999999 9971.876 18952.15 28011.14 36465.14 44824.21 52581.08 60210.16 67552.88 74296.79 80437.73 124275.2 44 
0.9022924 0.4986406 0.8981587 0.07997249 0.0932068 0.1112582 0.128375 0.151717 0.188695 0.2451127 0.323631 0.4978898 1 9919.107 18869.04 27661.44 36471.3 44713.62 52506.07 60206.44 67845.69 74693.96 81419.74 124031.5 45 
0.8988561 0.4995165 0.9004941 0.0810841 0.09365052 0.1117832 0.1269303 0.1574495 0.1903601 0.2372212 0.3292812 0.4826306 1 10103.79 19185.65 27968.6 36740.78 44725.18 52873.04 60433.29 67344.38 74322.18 80360.89 124608.8 46 
0.9011999 0.4995908 0.8996276 0.08047951 0.0930226 0.1091378 0.1333146 0.1499847 0.1915896 0.2387598 0.3253675 0.5057411 1 10000.25 19012.48 27762.63 36329.58 45047.77 52597.63 60431.27 67587.96 74528.16 81444.88 124258.4 47 
0.900214 0.4987826 0.8991456 0.08072699 0.09631378 0.1064005 0.1306688 0.1521668 0.1924388 0.2387442 0.3233231 0.5023689 1 10050.38 19097.88 28215.1 36404.12 44847.99 52598.5 60458.54 67558.89 74357.1 81172.87 124498.4 48 
0.8990291 0.5001806 0.9007627 0.08042517 0.09369826 0.1095453 0.1330163 0.1538479 0.1933349 0.2355749 0.3248849 0.5015332 0.9999999 9976.218 18945.13 27720.13 36245.93 44830.91 52582.88 60329.69 67071.12 73827.8 80473.07 124043.5 49 
0.8992128 0.4999356 0.9003177 0.07955845 0.09512009 0.1076077 0.1322807 0.1540473 0.1856874 0.2384447 0.3230418 0.5016923 1 9897.229 18796.94 27794.15 36142.43 44730.86 52582.14 59885.65 67028.7 73870.19 80720.13 124402 50 
0.9001959 0.5004802 0.8993168 0.08005773 0.09363212 0.1125841 0.1280827 0.15019 0.1924776 0.2443301 0.3171789 0.4945465 1 9918.507 18847.11 27637.66 36509.46 44607.23 52159.95 60028.3 67439.05 73855.26 80481.15 123891.9 51 
0.9002956 0.5004234 0.8994357 0.07981675 0.09423966 0.1088849 0.1304074 0.156669 0.1912557 0.2417319 0.319708 0.4983978 0.9999998 9913.221 18838.05 27730.14 36236.68 44653.13 52768.29 60445.16 67643.69 74162.37 80833.76 124199.8 52 
0.9009252 0.5000531 0.8998637 0.08055966 0.09584202 0.1062245 0.1314694 0.156375 0.1835393 0.2400453 0.3262454 0.4983564 1 10004.94 19018.64 28078.38 36263.56 44802.35 52896.29 60065.18 67365.46 74377.82 81095.01 124192.9 53 
0.9001193 0.5009486 0.8996661 0.0797517 0.09467828 0.1082273 0.1272353 0.1536182 0.1894587 0.2393917 0.3244358 0.4952526 1 9915.698 18841.01 27791.91 36226.61 44361.39 52315.23 60017.72 67263.27 74193.12 80857.34 124332.1 54 
0.8997052 0.5003643 0.9002108 0.0806714 0.09387507 0.1097843 0.1304608 0.1525241 0.1929852 0.2346582 0.3327513 0.4838694 0.9999999 10014.52 19024.65 27830.08 36391.85 44751.99 52472.95 60302.16 67101.08 74313.61 80388.36 124139.7 55 
0.9019113 0.4989433 0.8996403 0.08080917 0.09634228 0.1112717 0.1237563 0.1571457 0.1903012 0.2402846 0.3218692 0.5045556 1 10047.2 19108.89 28245.03 36966.07 44698.86 52952.77 60658.48 67896.91 74658.29 81602.32 124332.5 56 
0.9002699 0.5024876 0.9002338 0.08012226 0.09492039 0.1073496 0.1341574 0.1525272 0.1928404 0.2363385 0.3317808 0.5059026 0.9999993 9930.634 18870.88 27811.04 36114.92 44870.85 52560.77 60353.09 67227.86 74346.09 81015.77 123943.5 57 
0.8998301 0.5007979 0.9008034 0.08012154 0.0951014 0.1125616 0.1257844 0.1547205 0.1883362 0.2369428 0.3288325 0.5140117 0.9999997 9941.994 18888.1 27851.37 36687.9 44542.61 52479.01 59979.1 66997.6 74081.4 81133.35 124086.4 58 
0.9012231 0.49943 0.9006227 0.08011788 0.09542163 0.1057766 0.1310271 0.1550621 0.1838339 0.2434038 0.3277643 0.4982978 1 9929.202 18877.63 27891.33 36044.5 44567.01 52590.53 59842.83 67382.48 74430.56 81083.88 123932.4 59 
0.9011637 0.4997967 0.8978486 0.08009357 0.09313851 0.1086184 0.1319782 0.1528399 0.189783 0.2340028 0.3298426 0.4935549 0.999997 9955.926 18927.85 27707.27 36232.25 44850.47 52680.7 60373.82 67293.66 74556.98 81141.09 124303.7 60 
0.9002593 0.5001585 0.8991191 0.07954994 0.09464761 0.1068151 0.1295107 0.1536238 0.1932871 0.2419134 0.308693 0.5035076 0.9999994 9880.856 18776.19 27724.37 36015.3 44396.57 52331.77 60277.86 67558.6 73679.21 80829.99 124209.5 61 
0.9010605 0.500111 0.8998026 0.08136813 0.09394518 0.1118912 0.1275221 0.1530726 0.1883645 0.2405933 0.3234743 0.5120639 0.9999999 10109.75 19219.24 28040.35 36837.24 44904.65 52727.72 60294.31 67581.18 74425.55 81552.73 124247 62 
0.8984884 0.5016454 0.9013268 0.07941562 0.09446912 0.1105402 0.1321444 0.1558583 0.1890576 0.2386738 0.3290322 0.4917539 0.9999994 9867.365 18733.08 27637.05 36280.96 44772.14 52688.62 60099.95 67062.21 73965.03 80205.42 124249.7 63 
0.8987744 0.4980251 0.9003719 0.07962192 0.09468319 0.110815 0.1275761 0.1527075 0.1898863 0.2405081 0.3179804 0.4984835 0.9999999 9899.344 18796.62 27728.52 36401.61 44468.58 52239.37 59881.07 67086.47 73617.41 80408.74 124329.4 64 
0.901101 0.4976321 0.8996584 0.08110558 0.09496979 0.1065561 0.1291268 0.1559447 0.192541 0.2360107 0.3242245 0.4996667 1 10065.67 19135.86 28073.72 36294.88 44612.42 52723.45 60559.96 67487.77 74370.42 81134.28 124105.8 65 
0.899677 0.4997376 0.9006005 0.08052181 0.09584408 0.1101591 0.1308176 0.1495715 0.1907896 0.2466856 0.320083 0.4954264 0.9999999 10011.75 19019.08 28068.32 36639.21 44996.06 52439.76 60150.55 67688.17 74163.56 80684.2 124335.8 66 
0.900162 0.4981794 0.9007329 0.0812987 0.09410451 0.1118715 0.1265593 0.1548425 0.1883355 0.2387942 0.3370046 0.4871316 0.9999999 10123.02 19235.38 28079.89 36869.52 44836.47 52807.48 60330.81 67475.69 74885.27 80965.8 124516.4 67 
0.900015 0.5007045 0.9006026 0.0783121 0.09212411 0.1100272 0.1311893 0.1563455 0.1861286 0.2374171 0.3300408 0.5037128 1 9720.202 18468.53 27161.06 35873.01 44412.65 52527.84 59886.47 66990.27 74170.47 80945.04 124121.3 68 
0.9004601 0.4998272 0.8991848 0.08015075 0.09556646 0.109126 0.1301475 0.1526453 0.1928529 0.2431716 0.3235449 0.4934024 1 9963.548 18935.33 27978.2 36478.94 44838.74 52608.84 60468.59 67778.4 74453.57 80888.25 124310.1 69 
0.9006271 0.4986964 0.8985211 0.08132156 0.09211693 0.1089143 0.1326221 0.1572955 0.1791337 0.2389215 0.3319468 0.4916603 1 10106.1 19207.93 27815.92 36340.79 44978.68 53110.32 59926.1 67211.5 74533.04 80979.76 124273.3 70 
0.8999036 0.4985964 0.9007408 0.08092676 0.0945091 0.1112438 0.1322329 0.1531402 0.1884642 0.2406204 0.3228008 0.4922404 1 10056.22 19105.85 27987.02 36689.72 45170.65 52863.05 60300.91 67454.08 74138.33 80592.39 124263.2 71 
0.9003604 0.5010056 0.8990858 0.08139593 0.0940694 0.1065854 0.1302732 0.1556468 0.1871546 0.2388053 0.3174458 0.4943553 0.9999999 10125.84 19242.74 28075.32 36312.32 44743.41 52805.87 60256.26 67436.85 74058.36 80859.72 124402.3 72 
0.9007277 0.4989972 0.8997731 0.08012973 0.09368538 0.1072907 0.1298476 0.1548182 0.1877701 0.2353759 0.3302948 0.4913626 1 9952.069 18916.17 27741.63 36096.97 44515.97 52549.16 60097.08 67127.48 74408.29 80914.53 124199.5 73 
0.8997065 0.4997716 0.9010156 0.08004791 0.09579212 0.1114045 0.1292844 0.155978 0.1906452 0.2438529 0.3282055 0.5104878 0.9999996 9896.356 18800.17 27809.46 36477.11 44633.02 52567.5 60098.53 67325.43 74062.26 80729.13 123630.4 74 
0.8996168 0.4997331 0.8999055 0.0782364 0.0954762 0.1080057 0.1304224 0.1537367 0.1943054 0.2426273 0.3235997 0.4994235 1 9749.262 18519.86 27627.52 36075.64 44541.2 52459.42 60444.82 67708.97 74379 80970.85 124612.9 75 
0.9015339 0.4983931 0.8998234 0.08139376 0.09178622 0.1087944 0.128924 0.1585425 0.1869588 0.2446427 0.3160517 0.4936907 1 10132.7 19267.66 27866.86 36422.39 44769.39 53144.07 60595.39 68123.47 74584.25 81309.15 124489.8 76 
0.899824 0.4992413 0.9004978 0.07786262 0.09524445 0.1108423 0.1311484 0.15187 0.1874155 0.2415865 0.3245292 0.4980458 1 9676.591 18383.82 27457.33 36199.56 44664.23 52355.07 59842.82 67184.7 74041.78 80709.59 124277.8 77 
0.9005373 0.5034587 0.8992594 0.08090163 0.0955223 0.1113868 0.1263025 0.158261 0.1911981 0.237782 0.3235324 0.5093879 0.9999996 10046.28 19093.34 28096.48 36800.44 44726.15 52961.55 60592.46 67539.97 74277.72 81220.85 124179 78 
0.8991801 0.5000809 0.900626 0.08100274 0.09446002 0.108374 0.1330218 0.1547111 0.1892542 0.2491828 0.3138234 0.4980617 1 10061.91 19109.39 27965.87 36349.18 44944.96 52776.37 60238.8 67811.41 73878.04 80481.62 124217 79 
0.8976826 0.5002222 0.899266 0.08093858 0.09383557 0.1097808 0.1295025 0.1556926 0.1904465 0.2377123 0.3263235 0.4964964 1 10085.64 19139.34 27927.38 36462.6 44695.79 52643.43 60188.25 67096.51 73904.8 80358.16 124608.6 80 
0.8982148 0.5030503 0.8993849 0.08103096 0.09089392 0.1130704 0.1264724 0.1539182 0.1913039 0.2408995 0.3226746 0.4954062 1 10072.54 19119.85 27556.75 36494.17 44428.6 52290.38 59990.83 67146.46 73796.34 80307.45 124304.9 81 
0.8999083 0.4980558 0.8987803 0.08018281 0.09446305 0.1115017 0.1313023 0.1519904 0.1929489 0.2410486 0.3222593 0.4948122 0.9999999 9980.646 18962.31 27879.7 36649.4 45076.33 52727.16 60543.04 67684.48 74304.48 80806.16 124473.6 82 
0.900418 0.5005084 0.8984882 0.08099676 0.09566749 0.1079414 0.1277941 0.155404 0.1945541 0.2310899 0.3231796 0.5017702 1 10049.68 19098.6 28105.25 36437.06 44563.9 52594.35 60540.43 67124.41 74002.76 80885.61 124075.1 83 
0.9012661 0.5003776 0.9001941 0.07914088 0.09611911 0.1077658 0.1313499 0.1544503 0.1839764 0.2448255 0.324573 0.4881823 1 9806.931 18645.59 27772.83 36145.92 44664.83 52601.55 59843.44 67438.76 74299.81 80698.31 123917.4 84 
0.8999339 0.5001936 0.8996579 0.08083965 0.09466449 0.1095891 0.1321263 0.1549199 0.1860112 0.2438881 0.3189591 0.4868466 0.9999998 10038.34 19072.19 27968.49 36493.94 44998.9 52866.69 60128.79 67508.47 74000.31 80365.99 124176 85 
0.8999012 0.4993105 0.9011701 0.08047907 0.09394615 0.1081904 0.1286124 0.1547259 0.1875465 0.2418249 0.3245798 0.5012153 1 10017.95 19033.11 27881.09 36310.42 44570.85 52579.12 60092.21 67461.24 74328.61 81093.99 124478.9 86 
0.8997222 0.4991229 0.900706 0.08030858 0.09377823 0.1132584 0.1266264 0.1584716 0.1895447 0.2416131 0.3297577 0.4878506 1 9991.49 18981.06 27807.99 36763.45 44719.93 52961.56 60459.9 67630.18 74545.39 80651.69 124413.7 87 
0.9015388 0.4978907 0.9002836 0.08110238 0.09398967 0.1119886 0.1285959 0.1534605 0.1908809 0.240497 0.3306707 0.5006961 0.9999999 10062.41 19134.07 27965.69 36779.73 44953.81 52793.62 60511.16 67719.84 74801.72 81371.75 124070.5 88 
0.9011507 0.498591 0.9000035 0.07971881 0.09340875 0.1116381 0.1283267 0.1553496 0.1888454 0.2316285 0.3235528 0.4957199 0.9999999 9907.715 18836.06 27657.81 36499.82 44712.78 52766.75 60358.52 67134.81 74175.41 81017.82 124283.3 89 
0.8999299 0.4983238 0.9009375 0.08026113 0.09354915 0.1108673 0.129915 0.1537262 0.1916694 0.2323408 0.331445 0.4855211 1 9997.516 18994.58 27811.23 36541.44 44880.33 52739.29 60492.95 67208.19 74465.77 80708.2 124562.4 90 
0.9003389 0.5023391 0.8996535 0.08118304 0.09579644 0.1110321 0.1303271 0.1562759 0.1845954 0.2429796 0.3201113 0.4942553 1 10057.04 19111.79 28111.02 36736.88 44999.62 52949.57 60065.19 67380.07 73930.42 80487.99 123881.1 91 
0.900501 0.4986532 0.8990597 0.08068469 0.09369245 0.1080148 0.1319097 0.1554063 0.1909889 0.2362867 0.3227735 0.4836023 1 10035.01 19071.54 27886.56 36304.96 44885.39 52889.1 60569.99 67498.14 74297.26 80618.13 124373.1 92 
0.8998657 0.4985715 0.9013331 0.08177122 0.09313468 0.1086707 0.1286154 0.1546712 0.1919455 0.2441163 0.3285236 0.48394 1 10175.29 19331.68 28037.56 36490.4 44715.21 52685.63 60468.44 67833.43 74692.33 80716.11 124436.1 93 
0.9006576 0.500888 0.8993807 0.07828654 0.09343887 0.1116687 0.1257318 0.15569 0.1890981 0.2379625 0.3260633 0.4861761 0.9999999 9744.94 18521.79 27402.31 36295.03 44306.69 52481.82 60165.3 67349.17 74400.65 80818.57 124477.9 94 
0.9007543 0.4989758 0.8993141 0.07970002 0.09906035 0.1084116 0.1281676 0.1538517 0.1918163 0.2338842 0.3296154 0.504937 0.9999993 9896.344 18810.52 28263.64 36619.96 44750.37 52621.45 60387.85 67194.22 74345.14 81158.95 124169.9 95 
0.9021432 0.497908 0.8993677 0.0814088 0.09755374 0.1089298 0.1274807 0.1504707 0.1900294 0.2428604 0.3231647 0.5016036 0.9999999 10108.49 19227.79 28473.3 36899.57 44981.4 52621.63 60391.71 67855.62 74689.37 81535.6 124169.5 96 
0.8995599 0.5015084 0.9000905 0.08002937 0.09433727 0.1107863 0.123894 0.1561148 0.1870152 0.2427495 0.3223955 0.4982111 0.9999999 9953.86 18907.95 27803.26 36491.4 44242.86 52402.56 59880.29 67311.18 74072.4 80791.81 124377.6 97 
0.9004448 0.5010625 0.8986682 0.08056844 0.09542064 0.1079001 0.126134 0.1518447 0.1906123 0.238526 0.3224265 0.5033181 1 10004.82 19013.61 28015.18 36369.89 44370.42 52178.67 60000.54 67210.85 74089.87 81067.24 124177.9 98 
0.8990051 0.5004614 0.8991543 0.07951887 0.09320808 0.1115154 0.1311708 0.14919 0.1928528 0.2357052 0.3216877 0.4931918 0.9999999 9897.473 18795.35 27575.92 36376.31 44810.24 52249.3 60131.29 67039.56 73809.62 80436.85 124467 99 
0.8998756 0.4975643 0.9009876 0.08159768 0.09274877 0.1109209 0.1272961 0.1565399 0.1868377 0.2479465 0.3186657 0.4992987 1 10175.36 19331.93 28018.5 36738.31 44819.39 52952.04 60355.09 68022.15 74463 81154.01 124701.6 100 
