0.00111085 0.001338131 0.0008315607 0.0011281 0.001555725 0.001892769 0.002245895 0.002623783 0.003105279 0.003841993 0.004996249 0.007157824 2.149669e-06 140.3166 180.3526 206.0457 225.799 239.9683 259.4533 283.8523 309.7483 345.024 337.6413 1 
0.001109331 0.001337859 0.0008270186 0.00112672 0.001569584 0.00189875 0.002234551 0.002618869 0.003122769 0.003856379 0.00500836 0.0072016 1.372317e-15 140.4585 182.3965 206.2144 225.092 240.9998 260.7638 283.7191 311.2222 343.7402 338.2255 2 
0.00111022 0.001337105 0.0008346024 0.001131316 0.001584755 0.001908199 0.002231767 0.002634417 0.003151742 0.003864574 0.004986622 0.007159276 8.643146e-16 140.7442 183.7368 206.1002 224.3166 242.5946 260.901 283.5361 311.1279 345.5357 339.2381 3 
0.001111384 0.001337596 0.0008343938 0.001117781 0.001572386 0.001906636 0.002226841 0.002620005 0.003149245 0.003858014 0.004978057 0.007262256 1.518449e-06 138.7728 182.363 206.1096 223.2453 241.4458 261.0169 281.5308 312.2452 343.5523 338.886 4 
0.001110142 0.001336092 0.0008348416 0.001141987 0.001572412 0.001895024 0.002230146 0.002619232 0.003132349 0.003855306 0.00497845 0.007172165 8.983962e-16 141.7187 181.5014 205.3746 224.7019 241.5146 261.9206 284.0598 313.1451 346.1182 341.3669 5 
0.001111463 0.001335875 0.0008350418 0.001128206 0.001572654 0.001921305 0.002250144 0.002631622 0.003151022 0.003887064 0.005027663 0.007226592 1.337955e-15 139.7203 181.6051 207.6084 224.2294 241.4777 261.5853 284.2123 312.3424 346.1158 340.9183 6 
0.001111104 0.001334231 0.0008327424 0.001146181 0.001583637 0.001907626 0.002244822 0.002637365 0.003138432 0.003853725 0.004991238 0.007196937 8.380588e-16 142.5564 183.0413 206.6122 226.1211 242.9606 262.4073 285.9886 314.8776 349.1353 343.3048 7 
0.001114276 0.001341948 0.0008342909 0.00111286 0.001544695 0.001877934 0.002223535 0.002625318 0.003138384 0.003841234 0.004945218 0.007117965 2.960445e-06 138.0118 179.0425 204.2412 223.8348 240.6496 259.2274 280.2376 309.0695 341.1667 336.7723 8 
0.001116718 0.001341274 0.0008383164 0.001136059 0.001568286 0.001900153 0.002227768 0.002627632 0.003147444 0.003861582 0.005007015 0.007239223 6.701722e-16 140.9372 181.1416 205.9951 223.8667 242.6235 261.368 284.1487 313.2914 345.8748 341.0767 9 
0.001118564 0.001342582 0.0008393158 0.001123998 0.00155845 0.001905294 0.002229242 0.002595714 0.003100423 0.003826004 0.004960684 0.007140538 4.001141e-16 140.5004 181.6258 208.094 224.2747 240.875 261.3508 284.2072 312.6829 345.1963 340.3832 10 
0.001111929 0.001339171 0.0008312073 0.00112998 0.001560242 0.001902418 0.002227534 0.002620018 0.003134757 0.003844421 0.00498443 0.007210521 2.192368e-16 140.238 180.4484 206.5758 223.2223 241.8057 260.1552 282.957 311.5512 344.6402 338.6883 11 
0.001104217 0.001332925 0.0008259059 0.001136682 0.001583243 0.001907337 0.002242365 0.002646348 0.003156522 0.003883641 0.005049624 0.007240509 2.413786e-06 141.0589 182.9273 205.8416 225.0619 242.517 260.7359 284.4507 311.7182 344.6192 339.5268 12 
0.001123314 0.001342249 0.0008465058 0.001122667 0.001556463 0.001896024 0.00223194 0.002617708 0.003128263 0.003866085 0.005027224 0.007210927 1.076565e-15 139.3404 180.263 206.1937 224.5726 241.7265 261.8878 285.7577 314.0481 347.3032 343.8744 13 
0.001111963 0.00133944 0.0008320438 0.001134427 0.001565472 0.001896585 0.002234169 0.002628201 0.003127247 0.003855625 0.00503248 0.007221615 1.859537e-06 141.0313 181.2128 205.9173 224.6017 241.5242 259.7182 284.1338 310.9127 343.6258 338.3765 14 
0.00112259 0.001343973 0.0008449292 0.001138528 0.001569689 0.001895281 0.002234329 0.002623378 0.003119923 0.003825093 0.004962021 0.007198058 3.067413e-06 141.2622 181.3283 205.381 224.7513 241.1155 260.3949 283.3543 313.1506 345.638 341.1936 15 
0.001117114 0.001341455 0.0008362685 0.001128716 0.001574761 0.00191814 0.002249445 0.002635395 0.00315307 0.003906803 0.005085485 0.007264076 2.706819e-06 140.2688 182.4404 207.6093 224.7908 241.759 261.4963 285.1685 311.7897 344.524 340.5723 16 
0.001118404 0.001340674 0.0008359623 0.001132158 0.001563542 0.001893656 0.002217158 0.002620994 0.003154253 0.003885846 0.00503849 0.007252979 5.664085e-16 140.7626 181.0864 205.8071 223.4235 242.8625 261.9145 284.5567 312.6629 345.473 341.1566 17 
0.001108311 0.001335443 0.0008299008 0.001134527 0.001585897 0.001919335 0.002247987 0.002631251 0.003129605 0.003860301 0.005040385 0.007252033 4.435991e-06 141.121 183.7232 207.2801 224.9936 241.4214 260.3714 284.5152 312.2103 343.8749 339.3329 18 
0.001118942 0.001342755 0.0008430516 0.00113112 0.001563981 0.001906734 0.002224809 0.002623725 0.003144433 0.003853876 0.004989769 0.00715408 4.068294e-06 140.2349 180.6825 206.7531 222.7677 242.744 260.5752 284.0968 311.8973 345.9879 340.6299 19 
0.001115574 0.001341939 0.0008323368 0.001123994 0.001559794 0.001895075 0.002235658 0.002624833 0.003117487 0.003844172 0.005004614 0.007149006 8.233307e-06 139.5828 180.7007 205.7386 224.5755 240.851 259.2375 283.7351 310.0824 343.8383 338.2671 20 
0.001114089 0.001338982 0.0008344771 0.001127137 0.001568601 0.001894385 0.00223663 0.002644596 0.003156933 0.003887703 0.00505645 0.007233865 3.144626e-16 140.0219 181.649 205.3348 225.3457 242.777 261.131 284.8143 312.083 344.5887 340.3127 21 
0.001114878 0.001339727 0.0008353827 0.001114565 0.001554914 0.001887603 0.002229507 0.002628549 0.003152628 0.003867051 0.004967612 0.007199628 3.432094e-06 138.5577 180.5468 205.3176 224.8951 241.9428 261.8968 282.4297 312.1699 345.6021 339.6674 22 
0.001110008 0.001338058 0.0008317719 0.001127022 0.001568231 0.001908651 0.002235131 0.002623911 0.003135261 0.003842995 0.004958744 0.007144282 1.83737e-15 139.8576 181.4816 206.6074 223.4947 241.1017 259.7014 281.8835 309.9917 343.7103 337.3022 23 
0.001118492 0.001341255 0.0008424394 0.001135222 0.001574084 0.00189548 0.00223516 0.002635044 0.00312759 0.003842483 0.005018253 0.007221349 2.409564e-06 141.2967 182.4433 205.5503 225.4266 242.2484 260.1759 284.8274 312.9104 344.9246 341.1096 24 
0.001115416 0.00134501 0.0008330529 0.001121652 0.001564528 0.001900777 0.00222473 0.002602913 0.003123592 0.003863749 0.004995822 0.007186627 4.365044e-16 139.1393 181.0909 205.8379 223.0823 240.0446 260.7189 282.6097 310.0482 343.2383 336.3998 25 
0.00111384 0.001339181 0.0008337968 0.001132364 0.00157217 0.001919697 0.002250794 0.002633977 0.003149604 0.003874493 0.005029267 0.00729634 2.498309e-16 140.7307 181.9715 208.0616 224.8409 241.9869 261.6759 283.9721 313.4683 344.9016 340.1769 26 
0.001115481 0.001338368 0.0008354954 0.001130529 0.001573516 0.001908363 0.002226769 0.002610837 0.003119748 0.003859093 0.005029913 0.00717344 1.022238e-15 140.813 182.61 207.1958 224.077 242.3383 261.6327 286.6276 313.2014 347.2846 342.208 27 
0.001120632 0.00134446 0.0008424747 0.001131445 0.001561322 0.001892418 0.002238158 0.002613595 0.003104748 0.003833575 0.004972025 0.007140234 7.115008e-16 140.7123 180.9002 205.7901 225.4321 240.1266 260.6594 283.867 311.9536 344.8076 340.1457 28 
0.001107572 0.001336466 0.0008315518 0.001139041 0.001569746 0.001903712 0.002236137 0.002635164 0.003149666 0.003875328 0.005017752 0.007168082 6.938712e-16 141.0593 180.8826 206.0275 224.092 242.2891 260.7566 284.3552 311.0666 345.724 339.38 29 
0.001116883 0.001343298 0.0008372659 0.001141654 0.001555841 0.001890177 0.002232081 0.002623833 0.003137195 0.003872582 0.005028162 0.007240068 3.583868e-06 141.8127 179.7274 205.7542 224.3472 241.1244 260.589 283.376 310.8606 343.5152 338.6722 30 
0.001119425 0.001343982 0.0008363029 0.001127555 0.001563766 0.001891369 0.002223074 0.002595811 0.003102773 0.003846396 0.004987252 0.007158698 3.190843e-15 140.3672 181.4957 205.5954 224.222 239.852 261.1343 283.8778 311.4605 344.3841 339.4712 31 
0.0011187 0.001343434 0.0008369907 0.001126516 0.001563767 0.001894819 0.00223404 0.002625615 0.003121056 0.003823404 0.004953245 0.00712154 1.899819e-06 140.7522 182.0653 206.5997 225.7809 242.383 261.0181 284.1083 312.9801 345.153 340.5548 32 
0.001123361 0.001343045 0.0008440174 0.001127139 0.001565716 0.001902952 0.002229621 0.002623227 0.003142104 0.003875145 0.005035083 0.007218172 1.744615e-15 140.0226 181.3754 206.5327 224.0055 242.4011 261.6448 285.3489 313.1898 346.4058 342.5825 33 
0.001119938 0.001344877 0.0008357946 0.00111944 0.001554794 0.001874909 0.00220982 0.002616957 0.003114484 0.003821092 0.005000278 0.007240465 3.561646e-16 139.4056 180.7163 204.1748 223.8973 241.95 258.9776 283.3873 311.5113 343.2368 337.9752 34 
0.001118248 0.00134327 0.0008358298 0.001121806 0.001551231 0.001886398 0.002228355 0.002626359 0.003143736 0.003877499 0.00503048 0.007251651 6.523311e-16 139.4717 179.9193 205.4544 224.5134 241.6453 260.8667 283.4707 311.1047 344.2383 338.7153 35 
0.001109498 0.001336504 0.0008355576 0.001131572 0.00155459 0.00189351 0.002223314 0.002622712 0.003133859 0.003834686 0.004969571 0.007156875 1.183454e-15 140.5639 179.913 206.1013 223.3948 242.1089 259.7672 282.805 311.3289 344.0871 339.5795 36 
0.001110054 0.001337151 0.0008346756 0.00112467 0.001568846 0.001900541 0.00221876 0.002604684 0.003112082 0.003826244 0.004963168 0.007098149 2.951086e-06 139.7254 181.8851 205.8379 222.7185 240.5713 259.2509 282.3883 310.195 342.0148 338.5898 37 
0.001118136 0.001338696 0.0008375094 0.001138248 0.001586807 0.001921058 0.002234992 0.002636349 0.003151373 0.003871564 0.005057133 0.007274431 1.913065e-06 141.9518 184.1399 208.1436 224.5645 244.6041 262.1274 287.3755 315.0987 348.6672 343.4778 38 
0.00111128 0.001339115 0.0008294831 0.001132483 0.001563896 0.001895836 0.002235602 0.0026153 0.003124252 0.003846201 0.004963434 0.00720779 9.405351e-16 140.8292 181.1219 205.9664 224.8761 240.4242 261.1485 282.3386 311.6354 344.4352 337.9467 39 
0.001115957 0.001340776 0.0008335222 0.001127063 0.001564889 0.001896393 0.002228443 0.002613724 0.003115841 0.003851285 0.00503309 0.007233666 2.936378e-15 140.5792 181.9224 206.387 224.7212 241.4406 260.7272 284.8133 312.4382 343.6397 339.7581 40 
0.001110207 0.001335575 0.0008338049 0.001134962 0.00157029 0.001904489 0.002233905 0.00262293 0.003130973 0.003850281 0.005000896 0.00721101 1.30353e-15 141.0682 181.7008 206.7016 224.6371 242.3363 261.5663 285.0481 313.7961 346.7172 341.5269 41 
0.001120285 0.001340919 0.0008454661 0.001131088 0.001568701 0.001901426 0.002232488 0.002620639 0.003119488 0.003840457 0.005013606 0.007227299 2.571724e-06 140.8518 182.0099 206.6688 224.9004 242.2383 261.146 285.6781 314.308 346.5927 342.7594 42 
0.001111732 0.001339405 0.0008347663 0.001129287 0.001572149 0.00189104 0.002230924 0.002620193 0.003111912 0.003824975 0.004977257 0.007221957 2.532304e-06 140.1877 181.9456 204.616 224.8244 240.5226 259.6816 282.8781 311.8855 344.0699 338.3491 43 
0.001117005 0.001340309 0.0008400383 0.001129867 0.001577795 0.001906488 0.002239143 0.002626162 0.003132026 0.003866753 0.005020472 0.007163336 3.122285e-06 140.4145 182.769 206.2614 225.0584 241.6355 261.4626 285.1276 312.7811 345.2549 341.864 44 
0.001122073 0.001339126 0.0008487343 0.001129923 0.001567939 0.001909335 0.002243525 0.002624711 0.003130273 0.003874128 0.005048131 0.007244529 8.242036e-16 140.1461 181.2659 207.0254 225.0002 241.9076 262.1253 286.818 314.6388 348.8926 344.4143 45 
0.001113586 0.001339988 0.0008329228 0.001133718 0.001567813 0.001906296 0.002231519 0.002625109 0.00314696 0.003864349 0.005003762 0.007204688 9.581892e-17 141.2713 181.8828 207.271 224.1711 242.5962 261.5208 283.7556 312.5285 344.0496 340.0681 46 
0.001116729 0.001337961 0.0008401426 0.001131178 0.001565133 0.001895355 0.002244156 0.002629 0.003131057 0.003864983 0.00500488 0.007226996 2.754415e-16 140.5584 181.2063 205.8815 226.1037 241.3341 262.0508 284.9415 313.558 347.8103 342.1927 47 
0.001119876 0.001340832 0.0008423411 0.001132798 0.001582148 0.001900323 0.002231915 0.002621985 0.003136791 0.003872768 0.005007236 0.007207526 2.395876e-15 141.0316 183.5177 205.7167 225.3865 242.0501 262.7628 285.4571 313.7894 348.0151 342.58 48 
0.001110058 0.001339509 0.0008324798 0.001130851 0.001567054 0.001897862 0.00224383 0.002638641 0.0031536 0.003878916 0.004998128 0.007207848 1.94327e-06 140.2747 181.1188 205.4845 225.0833 241.0002 260.732 281.9782 310.1852 343.3258 337.2661 49 
0.001117728 0.001342644 0.0008361023 0.001123628 0.001568494 0.001892514 0.002232431 0.002628863 0.003123448 0.003830698 0.004966166 0.007154148 5.48526e-16 139.7816 182.0391 205.2485 225.1462 241.6016 259.9788 283.3979 311.5114 345.2227 339.1188 50 
0.001120735 0.00134289 0.000841821 0.001128798 0.00156591 0.001910052 0.002241248 0.002612298 0.003122849 0.003875479 0.005022511 0.007151576 1.256716e-16 139.8489 180.9019 206.8137 223.9763 240.1105 261.1248 284.63 311.2356 345.4349 340.9383 51 
0.001116562 0.001339371 0.0008380009 0.001125791 0.001565987 0.001895073 0.002230653 0.00263151 0.003150771 0.003882416 0.005020214 0.007179153 3.555049e-06 139.823 181.4154 205.5164 224.5313 242.1633 261.341 284.2592 311.5203 345.7309 340.9404 52 
0.001111406 0.001336924 0.0008376848 0.001131376 0.001578296 0.001895591 0.002230401 0.002635428 0.003131938 0.003835485 0.004989787 0.007200023 7.305117e-16 140.5088 182.6831 204.9211 224.8746 242.3662 259.9731 284.0744 312.4823 345.7213 340.1851 53 
0.001115102 0.00133997 0.000837599 0.001124073 0.001565674 0.001891424 0.002213663 0.002599906 0.003111156 0.003834971 0.004971668 0.007149758 2.446242e-15 139.7583 181.6149 205.2389 223.2339 240.8426 260.4892 283.4476 311.4485 344.5861 339.3237 54 
0.001115109 0.001340407 0.0008352146 0.001131991 0.001568319 0.001899538 0.002235916 0.002621988 0.003136589 0.003861169 0.004994934 0.007225725 2.353073e-06 140.525 181.4048 205.8557 224.5764 240.9349 261.315 282.8878 312.4726 343.785 339.9317 55 
0.001113065 0.001334378 0.0008377504 0.00113388 0.001584082 0.001922471 0.002233495 0.00262242 0.003150276 0.003880907 0.005023098 0.007221641 6.653395e-16 140.9782 183.4782 207.8844 223.7061 243.0551 262.61 285.8805 313.9653 348.6757 343.157 56 
0.001110095 0.00133654 0.0008343358 0.001126495 0.001567295 0.00188777 0.00223291 0.002625973 0.003133761 0.003857517 0.004991787 0.007252557 7.281406e-06 139.6218 181.2488 204.2154 224.7351 240.2381 260.2422 281.9589 311.088 343.9588 338.5405 57 
0.001112294 0.001337644 0.0008356007 0.00112788 0.001571128 0.001913964 0.002233735 0.002614495 0.003124927 0.003838377 0.004976892 0.007235809 4.882118e-06 139.9546 181.8003 207.0793 223.1452 240.9033 259.9941 282.6846 311.5151 345.2051 338.2114 58 
0.001112272 0.001338319 0.0008343079 0.001130265 0.001577566 0.001894878 0.002229814 0.002632158 0.003128742 0.003845741 0.005021619 0.007245768 2.34526e-16 140.0764 182.262 204.5378 224.5579 241.854 259.8089 284.3942 312.3521 345.2691 339.632 59 
0.001121097 0.001341129 0.0008492596 0.001128093 0.001563182 0.001891735 0.002235197 0.002627765 0.003132972 0.00384501 0.004973313 0.00720328 1.440532e-05 140.2262 181.1464 205.6208 225.5622 242.0146 261.8954 284.3602 314.406 347.4766 343.1088 60 
0.00111782 0.001342155 0.0008412699 0.001124213 0.001567344 0.001888668 0.002219299 0.002612186 0.003133391 0.003877114 0.004989248 0.007073892 6.820874e-06 139.6379 181.6333 204.7084 223.9933 241.2052 261.5811 284.2381 310.109 346.0248 339.9881 61 
0.001109432 0.001334707 0.0008375492 0.00113664 0.001572378 0.001911372 0.002238787 0.002619145 0.003125014 0.003851138 0.004997545 0.007215017 3.220314e-06 141.2241 181.8734 207.2162 224.3369 241.4845 261.0549 284.6078 312.5581 347.0999 340.421 62 
0.00110599 0.001337607 0.0008265583 0.001121074 0.001561204 0.00189586 0.00223697 0.002633114 0.003138265 0.00385179 0.004994574 0.007203727 6.312479e-06 139.2931 181.0251 205.6067 224.4042 240.7874 258.9835 281.1895 309.2091 340.7982 335.6247 63 
0.001123655 0.001346674 0.0008403548 0.001126752 0.001571487 0.001910319 0.002238133 0.002620221 0.003131687 0.003865159 0.005000225 0.00715157 2.651356e-06 140.0883 182.1594 207.0378 224.4471 241.5181 261.4451 284.6208 311.7761 345.9636 340.018 64 
0.001117086 0.001340312 0.0008389258 0.001138608 0.001583085 0.001903382 0.002233379 0.002636106 0.003164677 0.003893433 0.005020632 0.007235292 8.263621e-16 141.3078 182.8593 205.6144 224.8946 243.0536 263.0324 285.0627 313.842 347.8038 342.2404 65 
0.001114727 0.001338935 0.0008337841 0.001130853 0.001577441 0.001910313 0.002245333 0.002620751 0.00312158 0.003874686 0.005042001 0.007195449 2.364417e-06 140.6055 182.7863 206.7439 225.2443 240.6187 261.1949 285.2859 311.7211 345.3167 340.4279 66 
0.001113392 0.001337707 0.0008342237 0.00113733 0.001575414 0.001915626 0.002240492 0.002626283 0.003138967 0.003860536 0.005032469 0.007313052 2.88828e-06 141.6162 182.5304 207.899 224.7122 242.6376 261.9154 285.1396 314.8354 345.8934 341.5424 67 
0.001114237 0.001340898 0.0008338288 0.00111526 0.001548501 0.001885391 0.002228956 0.002629405 0.003130907 0.003833066 0.004976849 0.007221446 2.676201e-15 138.4276 179.5249 205.1154 224.3069 241.4425 259.2451 282.1007 310.9653 343.8325 337.6411 68 
0.001117116 0.001338697 0.0008409493 0.001128357 0.001574727 0.001904431 0.002237194 0.002623702 0.003139246 0.003886382 0.00504118 0.007220572 1.841769e-15 140.2662 182.5261 206.2465 224.9547 241.549 262.077 285.2513 312.7928 346.2305 342.071 69 
0.001120858 0.001341913 0.0008450467 0.001138041 0.001566382 0.001895005 0.002242763 0.002651696 0.003136353 0.003822065 0.004991749 0.007238605 1.405747e-15 141.4281 181.1314 205.9356 226.1202 243.6684 260.289 285.3136 315.0601 347.4959 342.9666 70 
0.001112155 0.001337616 0.0008341327 0.001135307 0.001576137 0.001914252 0.002258384 0.002648123 0.003149093 0.003875703 0.005025379 0.007206074 3.92549e-16 141.077 182.3334 207.2405 226.1011 242.0425 261.1899 284.5467 312.2794 345.3869 340.3449 71 
0.001115349 0.001339453 0.0008391837 0.00113506 0.001569713 0.001885865 0.002217851 0.0026177 0.003123336 0.003834514 0.004955257 0.00708167 3.119754e-06 141.204 181.8572 204.7463 224.3963 242.0996 260.8332 284.2176 311.8636 346.1247 341.1551 72 
0.001117847 0.001341512 0.0008394209 0.001129738 0.001568367 0.001892119 0.002226749 0.00262508 0.003133712 0.003842662 0.004981706 0.007212595 9.370368e-16 140.3129 181.5355 205.1788 224.634 242.1751 261.192 283.9185 313.4856 345.9023 340.9135 73 
0.001110697 0.001338025 0.0008316306 0.001130652 0.001579402 0.001919073 0.002250849 0.002643985 0.003161519 0.003900414 0.005073228 0.007333412 5.302455e-06 139.7829 182.0483 206.5403 224.0328 241.2382 260.1835 283.2629 310.7014 343.9914 337.7524 74 
0.00111816 0.00134032 0.0008373036 0.001113721 0.001563595 0.001891584 0.002225393 0.002617332 0.003138788 0.003885896 0.005032651 0.007219808 9.843289e-16 138.784 182.0457 205.5735 224.7461 241.5476 261.9472 284.4514 311.7823 345.4238 340.3715 75 
0.001115099 0.001337311 0.0008356213 0.001137919 0.001564896 0.001893307 0.002228429 0.002636561 0.003152836 0.003879338 0.0050321 0.007159807 7.072019e-17 141.6593 181.2273 206.1671 225.171 244.0731 262.3321 286.7261 313.5375 348.2067 343.4855 76 
0.001115921 0.001341116 0.0008361145 0.001113138 0.001564167 0.00190544 0.002245609 0.002629482 0.003125128 0.003850976 0.0050066 0.007202934 2.237857e-15 138.3383 181.6431 206.5698 225.1438 240.8781 259.9712 283.5574 311.2092 344.38 338.5372 77 
0.001107646 0.00133348 0.0008341824 0.001129577 0.00157 0.0019041 0.002221206 0.002613409 0.003136874 0.003853191 0.004973459 0.007172757 5.251001e-06 140.2697 181.8219 206.2208 222.711 241.3999 260.36 282.5846 310.763 345.0704 339.5769 78 
0.001114429 0.001339615 0.0008348673 0.001134228 0.001572583 0.001897313 0.002240678 0.002639446 0.003144802 0.003891123 0.00505631 0.007167504 8.597857e-16 140.8904 181.9344 205.4627 225.3925 241.7895 260.7275 285.1141 310.422 344.9007 339.9259 79 
0.001124411 0.001345946 0.0008430574 0.00113195 0.00156584 0.00189532 0.002227019 0.002620607 0.003134673 0.003852843 0.004984422 0.007183704 3.302959e-16 141.0506 181.7635 206.1573 224.5513 242.092 261.4217 283.9459 312.5225 345.5413 340.8423 80 
0.001117617 0.001343449 0.0008410567 0.00113045 0.001547363 0.001888883 0.002214826 0.002592852 0.003105989 0.003834672 0.004966258 0.007118646 6.077636e-16 140.5204 179.2364 206.0279 222.6173 240.0766 259.9155 282.6351 309.9905 343.0756 338.4239 81 
0.001120525 0.001341534 0.0008424531 0.001129998 0.001572507 0.001913298 0.002255096 0.002639568 0.003152509 0.003896935 0.005042921 0.007225344 2.359235e-06 140.6549 182.3766 207.6387 226.2525 242.2359 262.8661 285.7835 313.6184 347.4132 342.8578 82 
0.001121897 0.001342059 0.0008455778 0.001134469 0.001578882 0.001901838 0.002224166 0.002617619 0.003148305 0.003867078 0.004959403 0.007156344 2.476883e-16 140.7594 182.5516 205.5388 223.7551 241.9091 262.5259 283.5451 313.0558 347.47 342.4267 83 
0.001110046 0.001336652 0.0008338863 0.001122335 0.00157437 0.001900616 0.002236806 0.002633278 0.003126114 0.003846649 0.005021056 0.007195509 9.984722e-16 139.0768 182.1188 205.1295 224.5259 241.2296 259.1478 283.829 311.1234 343.6672 339.0375 84 
0.001115691 0.001339929 0.0008388133 0.001133226 0.001573229 0.001903403 0.002244379 0.002640746 0.003138048 0.003860724 0.005015457 0.007144675 3.643173e-06 140.7194 181.9992 206.0754 225.3561 241.9897 260.3374 284.6654 311.6433 344.9817 340.9706 85 
0.001109218 0.001336886 0.0008293949 0.001130377 0.001568287 0.001893988 0.002223134 0.002616659 0.003124391 0.00384842 0.005002349 0.007202202 9.850933e-16 140.7082 181.8551 205.6628 224.2342 241.7864 260.6018 284.0871 311.5652 344.7873 338.355 86 
0.001112625 0.001337043 0.000833436 0.001129724 0.00156746 0.001914239 0.002240772 0.002635784 0.003158274 0.003884465 0.005048992 0.00727072 3.636779e-16 140.5532 181.6922 207.8605 224.2639 242.9004 261.4107 284.483 312.7223 344.6476 340.5252 87 
0.00111298 0.001336242 0.0008345982 0.001138392 0.001578101 0.001920527 0.002254431 0.002640104 0.003155777 0.003893416 0.005060603 0.007327822 2.958227e-06 141.2408 182.2144 207.7581 225.3393 242.4144 262.4753 285.6523 314.5219 347.6061 342.3524 88 
0.001112263 0.001338607 0.0008354444 0.001126925 0.001565786 0.001908472 0.002242038 0.002633648 0.003146999 0.003850132 0.004956963 0.007151903 2.665249e-06 140.0579 181.3879 207.1719 224.8197 242.4093 261.4377 283.2681 312.5712 346.1744 340.1876 89 
0.001109844 0.001337586 0.0008320822 0.001129685 0.00156724 0.0019052 0.002242693 0.002631838 0.003147156 0.003862218 0.004986862 0.007219579 1.245475e-15 140.7162 181.8265 207.0746 225.3999 242.1164 261.9029 283.1955 312.9352 344.4428 339.4523 90 
0.001108849 0.001335979 0.0008341248 0.001134222 0.001577077 0.001910616 0.002242621 0.002636083 0.003132165 0.003844704 0.00499523 0.00714298 1.246303e-15 140.5087 182.076 206.1771 224.1072 241.2464 258.9647 283.2317 310.3568 343.8615 339.2828 91 
0.001119102 0.001341107 0.0008431059 0.001133191 0.001570561 0.001896233 0.002238438 0.002640594 0.003156662 0.003877399 0.005001329 0.007162721 1.761532e-16 140.9385 181.9108 205.8138 225.7916 242.9573 262.4716 284.8323 313.5125 346.5985 342.8357 92 
0.001111269 0.001337799 0.0008325068 0.001140423 0.001572314 0.001898502 0.002229204 0.00262283 0.0031443 0.003890324 0.005063245 0.007265149 2.242243e-15 141.9098 181.9415 206.1012 224.649 242.2907 262.2132 285.3928 312.9979 344.6965 340.6593 93 
0.001116068 0.001339812 0.0008387596 0.001113304 0.001552521 0.001895345 0.002217885 0.002604369 0.003119421 0.003835615 0.004969303 0.007142405 2.475765e-06 138.5817 180.5643 206.4905 223.1858 241.4696 260.5894 283.3321 311.8617 344.4001 340.1575 94 
0.001117699 0.001338591 0.0008392857 0.001126877 0.001592561 0.001920788 0.002241245 0.002628758 0.003148253 0.003869545 0.004997977 0.007259229 7.334185e-06 139.9242 184.5094 206.7335 224.5347 241.9077 262.1277 284.0719 313.8376 347.4242 341.7222 95 
0.0011172 0.001336371 0.000842531 0.001140106 0.001596284 0.001925367 0.002246559 0.002623273 0.003132854 0.003879249 0.005043107 0.007250006 2.626904e-06 141.5664 184.5131 207.4114 225.1369 242.0012 262.9493 287.1559 315.2007 349.6504 344.4376 96 
0.001114152 0.001339897 0.0008379246 0.001125078 0.001563381 0.001898269 0.002209946 0.002595049 0.003107017 0.003828577 0.004976764 0.007139986 2.61669e-06 139.9345 181.3802 206.1678 222.2028 241.0654 259.7597 283.5583 310.7582 344.1503 338.652 97 
0.001122868 0.001343299 0.0008454935 0.00113039 0.001573806 0.001896748 0.002213117 0.002592072 0.00310503 0.003833774 0.004961842 0.00714237 4.180251e-16 140.3695 182.2302 205.351 223.039 240.6407 261.3327 284.4242 312.748 347.159 341.7952 98 
0.001122253 0.001344546 0.0008432348 0.001122478 0.001557321 0.001897104 0.002238471 0.002611818 0.003115653 0.003844468 0.004956249 0.0071132 2.038909e-06 139.7114 180.8382 206.5234 225.1298 240.2792 261.3486 283.3442 311.7157 345.2425 340.3912 99 
0.001110283 0.001337098 0.0008311907 0.001139236 0.001570351 0.001906709 0.002235703 0.002630747 0.003142839 0.003881056 0.005057117 0.007215437 6.249228e-16 142.0646 182.0708 207.4856 224.9997 243.3205 261.7975 286.5216 312.6096 346.599 340.607 100 
