0.9999991 0.486044 0.4573146 0.1024447 0.1118735 0.1250637 0.1445165 0.1613866 0.2092916 0.25161 0.3511721 0.4985558 0.9999997 10297.46 20594.92 30688.11 40709.01 50840.4 60519.39 71045.71 81051.88 91503.61 101131 100517.3 1 
0.9999999 0.4884807 0.4551688 0.1024374 0.109975 0.1240338 0.1426341 0.1665082 0.2027272 0.2519981 0.338639 0.5108332 0.9999997 10280.83 20561.65 30468.34 40412.7 50429.92 60455.87 70630.14 80713.28 90848.61 100960.2 100362.1 2 
0.9999999 0.4834935 0.4551617 0.1052218 0.1111113 0.1259863 0.1416677 0.1635177 0.1999099 0.2601234 0.3303785 0.5082737 0.9999998 10596.2 21192.41 31204.35 41295.26 51212.63 61037.93 71085.75 81546.33 91376.2 101502.8 100703.5 3 
0.9999985 0.4811286 0.4558311 0.1044948 0.1087254 0.128129 0.1468246 0.1620566 0.2019468 0.2518508 0.3376454 0.4895266 0.9999997 10520.74 21041.46 30844.25 41140.45 51427.23 61114.14 71229.23 81296.39 91393.86 101090.4 100682 4 
1 0.4836068 0.4568771 0.1018915 0.1113791 0.1249493 0.1436294 0.1715381 0.196413 0.2538758 0.3323884 0.5126274 0.9999999 10252.39 20504.77 30569.9 40603.72 50696.46 61019.03 70811 80981.78 90917.28 101147.1 100620.6 5 
0.9999984 0.4870668 0.4553289 0.1013644 0.1121236 0.1231291 0.1436116 0.1659273 0.205244 0.2465656 0.3249948 0.4961745 0.9999994 10185.64 20371.26 30495.96 40367.79 50464.07 60453.94 70760.55 80600.91 90373.27 100444.1 100485.4 6 
0.9999999 0.4852066 0.4571236 0.101071 0.1132567 0.1248952 0.1394282 0.1723284 0.1909979 0.2508488 0.3355405 0.4987574 0.9999999 10168.86 20337.72 30580.9 40597.37 50382.8 60790.93 70338.72 80483.33 90649.05 100689.4 100611.1 7 
0.9999797 0.4821963 0.4616689 0.1021844 0.1157522 0.1254999 0.1426969 0.1667148 0.206766 0.2373344 0.3442769 0.4727839 0.9999982 10305.36 20610.51 31090.89 41138.33 51128.61 61134.66 71475.47 80890.51 91306.54 100685.6 100850.6 8 
0.9999999 0.4877574 0.4581034 0.1016844 0.1144763 0.1209432 0.1409189 0.1683728 0.2015571 0.2520149 0.3299821 0.5060832 0.9999995 10234.65 20469.29 30819.84 40503.26 50421.48 60602.01 70737.05 80855.12 90764.67 100947.6 100651.1 9 
1 0.4860864 0.4588393 0.1012087 0.1159525 0.1242249 0.1374319 0.1733125 0.2035121 0.2442369 0.3351963 0.5104384 0.9999998 10171.31 20342.62 30816.28 40736.07 50347.18 60801.84 70950.55 80651.44 90713.46 100899.9 100498.4 10 
0.999997 0.4808909 0.4608374 0.103067 0.1151481 0.1250252 0.141281 0.1690732 0.2013599 0.2447147 0.3332306 0.4898477 0.9999994 10413.91 20827.79 31263.17 41288.96 51201.81 61388.65 71469.56 81254 91317.07 101180.3 101040.2 11 
0.9999905 0.4864689 0.4545145 0.1032268 0.1141943 0.1164916 0.1456312 0.1629704 0.2043026 0.2397995 0.3245831 0.4863052 0.9999991 10420.11 20840.13 31177.22 40517.97 50834.88 60698.68 71048.85 80715.23 90661.63 100726.7 100943.8 12 
0.9999997 0.481549 0.4594811 0.1020388 0.1121394 0.1270204 0.1444115 0.1688483 0.1966199 0.2449134 0.3337529 0.4957203 0.9999999 10298.15 20596.3 30759.01 40979.45 51123.27 61270.84 71092.22 80920.52 91033.7 101041.4 100923.9 13 
1 0.484778 0.4585455 0.103825 0.1118054 0.1250953 0.1437257 0.1662986 0.198154 0.2444986 0.3339402 0.4925795 1 10458.49 20916.99 31010.04 41040.23 51122.62 61111.81 71035.09 80853.01 90983.89 100937.2 100731.9 14 
0.9999999 0.4807956 0.4568536 0.1028135 0.1110373 0.1253519 0.1422807 0.167655 0.1979699 0.2407496 0.330686 0.5039772 0.9999998 10382.59 20765.18 30825.39 40921.47 50944.54 61074.71 71031.11 80742.02 90869.35 101199.8 100984.7 15 
0.9999955 0.4858918 0.4557825 0.1026827 0.1107123 0.1259563 0.1411503 0.1636005 0.2042976 0.247303 0.3319197 0.4875088 0.9999994 10339.94 20679.82 30683.48 40804.47 50717.71 60585.82 70892.65 80820.14 90849.22 100690.2 100698 16 
1 0.4824592 0.4561157 0.1037071 0.1125791 0.1258097 0.1366354 0.172548 0.197069 0.2454729 0.3416539 0.5141088 0.9999998 10448.96 20897.92 31064.44 41146.7 50718.94 61155.43 71018.35 80882.71 91241.92 101504.3 100754.5 17 
0.9999979 0.4835146 0.4556563 0.1038907 0.113434 0.1218627 0.1485279 0.165219 0.2006815 0.2547934 0.333789 0.4859755 0.9999997 10460.86 20921.69 31156.81 40905.15 51338.64 61220.77 71240.82 81409.62 91336.87 100965.9 100691 18 
0.999999 0.484338 0.4555027 0.1010096 0.1164379 0.1223568 0.1438854 0.1684836 0.1984999 0.2505441 0.3434106 0.4950078 0.9999998 10181.23 20362.45 30913.26 40709.44 50819.7 60954.97 70884.02 80928.68 91247.03 101012.7 100794.6 19 
0.9999996 0.4905086 0.4572429 0.09983451 0.1127151 0.1247077 0.1399587 0.167582 0.1913084 0.2605499 0.3291711 0.498029 0.9999998 10042.35 20084.69 30290.76 40309.95 50152.15 60287.5 69918.83 80526.66 90436.48 100494.4 100589.9 20 
0.9999999 0.4836783 0.4607325 0.1035007 0.1168323 0.1225131 0.14629 0.1693612 0.203372 0.2503081 0.3416184 0.5150395 0.9999995 10401.77 20803.54 31329.86 41078.4 51292.79 61388.15 71457.73 81330.76 91432.58 101459.7 100499.5 21 
0.9999993 0.4861618 0.4574145 0.1018409 0.1123913 0.1238151 0.1443293 0.1652034 0.2078687 0.2421905 0.3322264 0.4978721 0.9999994 10246.11 20492.2 30648.19 40578.98 50721.84 60656 71090.74 80721.19 90732.33 100750.7 100608.9 22 
1 0.4854109 0.4566175 0.1014019 0.1131449 0.1235214 0.1480789 0.1668637 0.1947597 0.2624919 0.3342663 0.5098418 0.9999999 10183.28 20366.57 30576.94 40462.51 50849.61 60821.15 70517.66 81041.1 90924.39 100960 100424.9 23 
0.9999996 0.4873151 0.4536887 0.1001556 0.1113886 0.1228808 0.1438615 0.1674044 0.1922672 0.2520799 0.3276097 0.5012485 0.9999998 10079.63 20159.26 30246.61 40135.15 50289.48 60405.68 70079.32 80323.81 90281.63 100525.9 100639.7 24 
0.9999993 0.4840116 0.4561647 0.104158 0.1136229 0.1249552 0.1449388 0.1702952 0.1995822 0.2467093 0.3339783 0.5069963 0.9999978 10481.05 20962.08 31204.64 41188.89 51322.76 61503.75 71403.7 81198.89 91187.56 101286.7 100626.4 25 
0.9999997 0.4821215 0.4571142 0.1015045 0.1142969 0.1267319 0.1469394 0.1690433 0.1975755 0.247068 0.3415409 0.4940899 0.9999999 10221.47 20442.93 30784.31 40940.19 51223.14 61314.67 71115.67 80950.3 91186.52 100937.1 100699.7 26 
0.9999989 0.4852095 0.4578669 0.1009738 0.1132316 0.1246539 0.144174 0.164706 0.2046771 0.2450285 0.3371242 0.4905337 0.9999998 10199.7 20399.39 30682.33 40720.76 50883.85 60820.35 71134.47 80954.71 91155.31 100994 101013.3 27 
0.9999994 0.4829296 0.4574095 0.1029369 0.1122975 0.1219333 0.1380368 0.172764 0.2035429 0.249977 0.3304506 0.4991498 0.9999997 10380.39 20760.78 30919.41 40711.04 50444.21 60944.5 71178.22 81188.34 91113.1 101150.6 100842.3 28 
1 0.4873679 0.4567876 0.104343 0.1123913 0.1241155 0.1389836 0.1753756 0.1876541 0.2565553 0.32448 0.5160278 0.9999998 10474.75 20949.5 31054.93 40960.28 50675.54 61230.85 70544.43 80888.23 90614.27 101062.9 100387.7 29 
0.9999998 0.479016 0.4589351 0.105652 0.1110994 0.1239228 0.1493803 0.1685716 0.1942867 0.2588184 0.3296534 0.4994297 0.9999999 10644.8 21289.6 31300.6 41226.51 51708.77 61770.7 71412.65 81761.63 91531.39 101453.4 100753.4 30 
0.9999999 0.4854147 0.4550603 0.09989917 0.1114 0.1309082 0.1409656 0.1622775 0.1994589 0.2547839 0.3287561 0.5058063 0.9999998 10043.4 20086.8 30167.59 40694.07 50545.4 60287.46 70318.5 80576.15 90439.67 100626.1 100535.4 31 
0.9999998 0.4803292 0.4569046 0.1047712 0.1127593 0.1262771 0.1401137 0.1672197 0.2101338 0.244041 0.3297846 0.50137 0.9999999 10557.3 21114.6 31286.39 41393.12 51191.19 61246.33 71769.03 81421.69 91282.5 101329.9 100765.3 32 
0.9999983 0.4833521 0.4553636 0.1013241 0.1110988 0.1281368 0.1401321 0.1657014 0.2024379 0.2472686 0.3298459 0.489362 0.9999995 10220.22 20440.42 30511.1 40835.75 50680.11 60689.48 70891.66 80830.46 90810.11 100732.3 100866.6 33 
1 0.481858 0.4588501 0.1020171 0.1162297 0.1268566 0.138059 0.1705333 0.1934453 0.2560494 0.3449074 0.5132302 0.9999998 10256.21 20512.41 31005.39 41126.65 50744.35 60984.2 70618.97 80904.84 91212.58 101260.5 100534.2 34 
0.9999995 0.4849782 0.4554528 0.1019699 0.1124763 0.1262492 0.1423254 0.1661447 0.2017474 0.2405718 0.3311733 0.4985164 0.9999994 10276.77 20553.54 30733.28 40874.35 50863.42 60864.6 70991.19 80630.37 90707.51 100853 100782.4 35 
0.9999999 0.478797 0.4610242 0.1046555 0.1121039 0.1285337 0.140361 0.1663779 0.2031903 0.2500803 0.3345615 0.5062862 0.9999999 10562.02 21124.03 31253.72 41565.98 51379.72 61379.7 71560.37 81544.42 91560.97 101647.6 100921.8 36 
0.9999999 0.4837368 0.4555703 0.1021475 0.113447 0.1244575 0.1416311 0.1681927 0.2008906 0.2560675 0.3158726 0.5041869 0.9999998 10286.63 20573.25 30830.79 40807.23 50747.32 60879.74 70946.46 81200.36 90610.15 100885.5 100703.6 37 
0.9999984 0.4865457 0.4572825 0.1021322 0.1126536 0.126593 0.141569 0.1640379 0.1997122 0.2501951 0.3190809 0.4992958 0.9999995 10272.59 20545.17 30718.74 40863.24 50771.67 60627.33 70658.04 80714.65 90331.23 100577.7 100581.3 38 
0.9999999 0.4848955 0.4563651 0.104086 0.108969 0.1310862 0.1378396 0.1680497 0.2026998 0.2569071 0.3368084 0.5008832 0.9999998 10447.7 20895.39 30694.75 41198.49 50795.54 60883.17 71006.02 81235.34 91200.79 101029.3 100375.6 39 
0.9999996 0.4835705 0.4558063 0.1046162 0.1105474 0.1251314 0.1476782 0.1685669 0.2010823 0.2467696 0.3381495 0.4997464 0.9999998 10505.17 21010.33 30949.75 40956.7 51288.93 61340.96 71310.66 81085.33 91174.29 101042.7 100416.2 40 
0.9999993 0.4887712 0.4550606 0.1020435 0.1136978 0.1282873 0.1400542 0.1661294 0.2050108 0.2570666 0.3334881 0.4937182 0.9999998 10258.82 20517.64 30781.69 41046.06 50814.32 60778.43 71031.81 81252.89 91103.91 100824.4 100533.8 41 
0.9999945 0.4870523 0.4561771 0.1029023 0.1115844 0.1243327 0.1486228 0.163433 0.1987399 0.2547302 0.3391675 0.4837074 0.9999995 10343.84 20687.62 30749.86 40710.57 51136.81 60897.95 70827.85 81025.77 91145.21 100682.2 100520.9 42 
0.9999817 0.4809785 0.456805 0.1034483 0.1093834 0.1298136 0.144351 0.1608766 0.2024332 0.251676 0.3313269 0.4784939 0.9999984 10443.32 20886.45 30786.23 41249.76 51374.43 61029.16 71223.26 81331.33 91289.13 100905 100952.1 43 
0.9999953 0.4823842 0.4574881 0.1032356 0.1118794 0.1273319 0.1366767 0.1717042 0.1983562 0.2541632 0.3301504 0.4916899 0.9999985 10396.1 20792.15 30895.5 41107.76 50673.67 61048.59 70975.93 81173.09 91052.24 100907.6 100702.7 44 
0.9999999 0.4813977 0.4577517 0.1053195 0.1112859 0.1240688 0.1438988 0.1715425 0.1947215 0.2581942 0.3412623 0.4958338 0.9999999 10614.98 21229.96 31264.99 41207.67 51308.75 61617.53 71311.9 81663.28 91812.45 101526.3 100788.4 45 
1 0.4839194 0.4578176 0.1018679 0.1150361 0.1244542 0.1427338 0.164077 0.1970501 0.2615946 0.3265197 0.5056886 0.9999999 10247.68 20495.37 30888.89 40839.83 50832 60678.84 70564.18 81101.55 90813.53 100943.5 100597.8 46 
1 0.482918 0.4577169 0.1028813 0.1112399 0.1274793 0.139143 0.165506 0.1997612 0.2544072 0.3333599 0.5109457 1 10364.04 20728.08 30781.24 41020.45 50771.78 60756.77 70813.76 81063.33 91076.96 101308.6 100737.8 47 
0.9999972 0.4835187 0.4558737 0.1025485 0.1121282 0.1268528 0.146107 0.1636615 0.2028026 0.2543495 0.3337471 0.49634 0.9999993 10307.83 20615.62 30730.52 40890.56 51108.24 60881.29 71009.63 81136.15 91044.03 100861.1 100516.6 48 
0.9999999 0.4829499 0.4566184 0.1010091 0.1118262 0.1267912 0.141864 0.166321 0.1998002 0.2405057 0.3395744 0.5052895 0.9999998 10181.29 20362.57 30495.63 40699.96 50669.74 60700.09 70745.42 80421.34 90797.24 100993.8 100795.7 49 
0.9999994 0.4853906 0.4548328 0.1043166 0.1145561 0.1242099 0.1486648 0.166816 0.1980447 0.2441322 0.3386287 0.502368 0.9999995 10506.98 21013.96 31348.63 41270.54 51670.88 61606.09 71433.59 81148.87 91334.77 101328.8 100722 50 
0.9999995 0.483529 0.4574998 0.1045974 0.1104588 0.1253863 0.1453789 0.1665602 0.1983034 0.246095 0.3375242 0.4950839 0.9999998 10545.22 21090.44 31061.77 41130.36 51340.61 61337.83 71257.85 81127.34 91332.35 101248.8 100817.3 51 
0.9999999 0.4836288 0.4581772 0.1033361 0.1118357 0.1270853 0.1416288 0.163345 0.2035457 0.2473857 0.3416595 0.5016149 0.9999999 10411.01 20822.02 30925.03 41121.71 51041.15 60861.26 71099.34 81009.76 91310.85 101267.5 100749 52 
0.9999999 0.4826743 0.4569338 0.1013586 0.1138264 0.1242943 0.1431824 0.1669105 0.1992874 0.2510717 0.3337245 0.505423 0.9999999 10203.75 20407.5 30704.92 40669.42 50721.41 60761.44 70748.15 80822.49 90851.26 100971 100669.8 53 
0.9999911 0.4873892 0.4550388 0.1015703 0.1126894 0.1265664 0.1470324 0.1630188 0.2020018 0.2553887 0.3194557 0.4860863 0.9999992 10209.71 20419.33 30596.01 40737.78 51028.22 60759.88 70852.79 81035.46 90519.51 100340.4 100518.7 54 
0.9999997 0.4803298 0.4586669 0.1021393 0.1118861 0.1303359 0.14117 0.1641948 0.2028711 0.2458514 0.3243652 0.4994007 0.9999999 10309.5 20619.01 30758.81 41249.07 51130.41 61000.93 71194.02 81040.63 90837.9 101029.3 100935.7 55 
1 0.4813383 0.4601471 0.1049066 0.1091057 0.1285554 0.1427524 0.169562 0.1940923 0.2513034 0.3291727 0.5204981 0.9999998 10551.8 21103.59 30926.49 41237.68 51215.63 61375.61 71033.45 81111.01 90993.96 101477.1 100582.8 56 
0.9999987 0.4807748 0.4576312 0.1018112 0.1109314 0.1278089 0.1430913 0.166523 0.1986731 0.2464708 0.3339682 0.4902329 0.9999996 10281.62 20563.24 30625.29 40932.2 50996.69 61033.28 71013.61 80935.17 91065.4 100969.4 100987.1 57 
0.9999999 0.480697 0.4588174 0.1042354 0.1129853 0.1261653 0.1410462 0.1690106 0.1966849 0.2539765 0.3279113 0.5081438 0.9999999 10497.46 20994.91 31187.51 41283.13 51145.57 61296.52 71113.07 81295.87 91103.93 101319 100709.1 58 
0.9999984 0.4914244 0.4567362 0.09831241 0.1161218 0.1247388 0.1428347 0.1616905 0.2006848 0.2500343 0.3290839 0.493305 0.9999998 9875.268 19750.52 30267.93 40253.86 50262.1 59973.29 70077.58 80140.14 90072.58 100061.8 100447.8 59 
1 0.486529 0.4550198 0.1018954 0.1121878 0.1250139 0.1449645 0.1693586 0.1973257 0.2531338 0.3275442 0.5152751 0.9999997 10238.1 20476.2 30599.85 40615.31 50777.23 60928.14 70752.3 80868.11 90644.17 100986 100476.5 60 
1 0.4906053 0.4523526 0.1008652 0.110996 0.1279806 0.1380251 0.1647582 0.1985187 0.2512412 0.3274931 0.5181537 0.9999999 10134.55 20269.1 30296.66 40575.3 50241.94 60188.19 70198.01 80351.34 90261.08 100805.3 100476.2 61 
0.9999991 0.4826416 0.4571119 0.1018452 0.107484 0.1283433 0.1407274 0.1721633 0.1963082 0.240659 0.3381512 0.4876552 0.9999998 10281.1 20562.19 30307.44 40693.19 50619.51 61054.24 70903.94 80608.5 90962.82 100845.6 100948.2 62 
0.9999963 0.4798767 0.4580572 0.103758 0.1118992 0.1258924 0.1405154 0.1654778 0.1960077 0.2517667 0.3309458 0.4878799 0.9999996 10477.71 20955.38 31082.67 41201.43 51073.63 61065.96 70943.22 81143.5 91175.93 101071.1 100982.2 63 
0.9999958 0.4895359 0.4562543 0.1020479 0.1121348 0.1286404 0.1433056 0.1694526 0.2021945 0.2463336 0.3323698 0.4843491 0.9999996 10275.19 20550.34 30688.89 41015.5 51039.46 61193.73 71256.83 81037.79 90983.98 100660.7 100689.9 64 
0.9999994 0.4882936 0.4573384 0.1005679 0.113545 0.123532 0.1467816 0.1644021 0.1995342 0.2504275 0.3398373 0.4933554 0.9999999 10115.02 20230.03 30501.76 40408.05 50724.71 60583.76 70582.42 80627.4 90845.06 100637.5 100579 65 
0.9999996 0.4899952 0.4562865 0.1024437 0.1121547 0.123184 0.1458817 0.1628756 0.193323 0.2494491 0.3388837 0.498695 0.9999998 10302.12 20604.23 30727.49 40599.24 50849.82 60624.94 70337.62 80447.3 90755.57 100784.3 100563.7 66 
0.9999999 0.4815851 0.4602058 0.101747 0.1118691 0.1249151 0.1415467 0.1671642 0.1938037 0.2537062 0.3396673 0.4941709 0.9999999 10266.07 20532.13 30671.05 40725.84 50696.13 60804.21 70564.13 80864.58 91156.31 101043.5 100898 67 
0.9999999 0.4836299 0.4556621 0.1043924 0.1147991 0.1251862 0.1430194 0.1700081 0.1964405 0.2498791 0.3333546 0.5076475 0.9999996 10510.21 21020.42 31371.82 41363.96 51350.45 61523.67 71280.16 81252.8 91232.52 101363.9 100679.9 68 
0.9999998 0.4854022 0.4553342 0.1004594 0.1117431 0.1250947 0.1442161 0.1648047 0.2024899 0.248256 0.3363957 0.5011584 0.9999999 10105.03 20210.06 30320.92 40375.06 50516.06 60433.52 70610.58 80561.31 90697.51 100718.5 100588.2 69 
0.999999 0.4833083 0.4608264 0.1004359 0.1156478 0.124336 0.1441256 0.1659481 0.199854 0.2521895 0.3342847 0.4950976 0.9999997 10103.17 20206.33 30671.28 40621.25 50720.81 60673.57 70670.74 80764.66 90770.19 100635.3 100593.2 70 
0.9999971 0.4842578 0.4557548 0.1012763 0.1125234 0.1261302 0.1448656 0.1648785 0.1992004 0.2503722 0.3349827 0.4881021 0.9999993 10190.87 20381.71 30557.53 40680.36 50840.35 60728.73 70705.72 80747.67 90819.28 100578.6 100624.4 71 
1 0.4841809 0.4573833 0.1035235 0.1117302 0.1296835 0.1432907 0.1711823 0.1975402 0.2608326 0.3288914 0.4928838 1 10395.15 20790.3 30848.06 41217.61 51189.34 61395.09 71156.23 81498.85 91138.55 100833.6 100413.4 72 
0.9999997 0.4846646 0.4581007 0.09949234 0.116901 0.1251296 0.1368685 0.1666766 0.2054825 0.2470072 0.3409225 0.497623 0.9999999 10006.87 20013.74 30601.74 40610.16 50187.65 60254.66 70596.88 80474.49 90740.2 100615.9 100579.3 73 
1 0.4793406 0.4595448 0.1060929 0.1110618 0.1297062 0.1422868 0.1649997 0.1945751 0.2490718 0.3345817 0.5183442 0.9999999 10708.55 21417.1 31437.89 41841.14 51773.19 61651.89 71379.15 81408.04 91524.5 101953.4 100935.6 74 
0.9999998 0.4848072 0.4575198 0.1038223 0.1067711 0.1295671 0.1431679 0.1689826 0.2006345 0.2457569 0.3344796 0.5026204 0.9999998 10449.48 20898.96 30529.53 40968.46 51008.64 61162.57 71181.18 80990.81 91060.77 101131.5 100647.8 75 
1 0.4800292 0.4596132 0.1013408 0.1169706 0.126079 0.1451935 0.1666214 0.1997019 0.251399 0.3214562 0.5093971 0.9999999 10220.38 20440.77 31041.96 41132.07 51286.9 61248.38 71198.25 81222.48 90817.8 101135.2 100851.6 76 
1 0.4843849 0.4547154 0.1023669 0.1119338 0.1256919 0.1445429 0.1672824 0.1923814 0.244839 0.3276969 0.5079257 0.9999999 10320.33 20640.66 30770.3 40871.79 51028.18 61083.39 70712.85 80610.35 90613.97 101038.3 100817.1 77 
0.9999868 0.4797047 0.4591689 0.1017416 0.1129743 0.1263865 0.1431964 0.1674356 0.1970089 0.2485442 0.324644 0.4807106 0.9999988 10285.55 20570.97 30829.82 41009.87 51086.02 61180.55 71069.17 81086.66 90919.06 100751.5 101094.9 78 
0.9999975 0.4833218 0.4564367 0.1035485 0.1139174 0.1229948 0.142998 0.158648 0.2009817 0.252488 0.3394772 0.4866363 0.9999995 10450.63 20901.22 31207.77 41067.9 51121.63 60680.63 70869.15 81096.22 91374.92 101107.3 100924.9 79 
1 0.4849944 0.455516 0.1033418 0.1132326 0.1247416 0.1445364 0.1675228 0.1936889 0.2543183 0.3365895 0.5061877 0.9999999 10381.95 20763.9 30963.92 40928.31 51033.69 61053.32 70697.25 80907.35 90983.77 101036.9 100462.2 80 
0.9999983 0.4861907 0.453523 0.1044508 0.1089503 0.1258949 0.1426951 0.1694997 0.1966435 0.2489726 0.3333335 0.4949237 0.9999993 10516.21 21032.39 30855.84 40970.35 50991.29 61196.06 71028.3 81029.04 91084.79 101038.4 100681 81 
0.9999999 0.4861322 0.4574492 0.1020936 0.1121928 0.1264034 0.1417433 0.1667968 0.2001797 0.2453686 0.3405316 0.5007478 0.9999999 10248.39 20496.77 30609.15 40724.14 50632.92 60640.35 70647.39 80458.02 90732.75 100696.6 100382.3 82 
0.9999999 0.4843608 0.4560584 0.105073 0.1135962 0.1249023 0.1442932 0.1683991 0.1989131 0.2464684 0.3312348 0.5069312 0.9999998 10570.92 21141.85 31369.43 41337.51 51414.79 61478.59 71364.14 81176.61 91113.58 101284.1 100605.5 83 
0.9999973 0.4840847 0.4544989 0.1019669 0.1110922 0.1266149 0.1420759 0.1640935 0.2031752 0.2447606 0.3232487 0.4937204 0.9999992 10291.9 20583.78 30653.32 40854.88 50852.73 60759.35 71012.6 80854.84 90671.69 100818.9 100933.7 84 
0.9999991 0.4830565 0.4573932 0.1003372 0.1097645 0.1298512 0.1452121 0.1637754 0.2014123 0.2460633 0.3351749 0.4928464 0.9999998 10112.68 20225.35 30178.15 40659.9 50859.52 60692.55 70804.79 80670.55 90802.42 100707 100786.9 85 
0.9999997 0.4849937 0.4577449 0.1027975 0.1133569 0.1264762 0.1415189 0.1600963 0.203157 0.2446943 0.3430606 0.4991401 0.9999998 10346.51 20693.01 30929.46 41055.94 50953.75 60566.26 70811.36 80644.25 91056.65 101009 100649.4 86 
0.9999999 0.487418 0.4565562 0.100384 0.114645 0.1211958 0.1453735 0.1629695 0.2036385 0.2560538 0.3287467 0.4990115 1 10083.62 20167.23 30527.33 40223.81 50445.05 60237.73 70479.99 80735.98 90531.99 100513.2 100450.5 87 
1 0.4823271 0.4580124 0.1033494 0.1142459 0.1228536 0.1369319 0.1717915 0.198786 0.2485662 0.3307398 0.5085661 0.9999998 10426.53 20853.06 31187.71 41031.36 50655.12 61075.58 71062.02 81066.99 91070.46 101365 100886.2 88 
1 0.4782389 0.4578938 0.104904 0.1153321 0.1275034 0.1416867 0.1730939 0.2014773 0.245629 0.3207013 0.5109286 0.9999999 10565.81 21131.63 31529.17 41698.27 51557.73 61896.1 71846.77 81533.86 91074.98 101400.7 100718.9 89 
0.9999999 0.4831157 0.4558638 0.1029168 0.1092365 0.1271827 0.1408638 0.1686919 0.1924628 0.2599961 0.3226762 0.5022852 0.9999999 10365.96 20731.92 30602.06 40838.43 50734 60915.16 70571.49 81105.52 90780.01 100980.2 100721.7 90 
0.9999916 0.4802022 0.4554074 0.1049404 0.1087656 0.129649 0.1430004 0.1692763 0.2034058 0.2429855 0.3368089 0.4860026 0.9999976 10605.8 21211.5 31050.18 41502.26 51535.97 61714.79 71875.35 81544.02 91689.49 101398.2 101065 91 
0.9999999 0.4863755 0.4570401 0.1009325 0.1142218 0.1271151 0.1391984 0.1699311 0.2002809 0.249181 0.3323499 0.5071238 0.9999996 10171.21 20342.42 30691.05 40892.35 50643.37 60890.24 70914.96 80889.33 90877.85 101053.6 100772.4 92 
0.9999997 0.4827863 0.4573673 0.1034307 0.1105858 0.1276344 0.1426374 0.1655086 0.1985108 0.2562615 0.3157568 0.5035298 0.9999998 10451.77 20903.54 30922.52 41207.32 51234.06 61209.03 71192.85 81522.69 90989.05 101318.2 101051 93 
0.9999999 0.4834629 0.4605166 0.1027559 0.1156916 0.1285366 0.1399426 0.1720976 0.1900107 0.2521672 0.335814 0.5049521 0.9999998 10342.23 20684.46 31132.13 41396.88 51136.02 61436.87 70852.62 80974.12 91054.1 101121.1 100648.5 94 
0.9999997 0.4853393 0.4553408 0.1035321 0.1120161 0.1241527 0.1407464 0.170259 0.2049233 0.2503001 0.3341163 0.495047 0.9999999 10405.26 20810.51 30902.87 40835.71 50698.11 60949.36 71187.02 81129.14 91078.68 100895 100502.7 95 
0.9999803 0.4876841 0.4570386 0.1027414 0.1083168 0.1257787 0.1413258 0.1701669 0.1995148 0.2524694 0.3219113 0.4873933 0.999998 10334.41 20668.62 30444.04 40565.66 50507.72 60786.73 70787.47 80917.52 90572.6 100485 100586.6 96 
0.9999972 0.4833139 0.4555888 0.1012029 0.1134319 0.1218115 0.1402976 0.1684656 0.2017448 0.250416 0.3308592 0.4848635 0.9999996 10223.65 20447.28 30746.57 40552.11 50470.01 60708.31 70903.57 81005.36 91009.93 100820.4 101021.3 97 
0.9999989 0.4806442 0.4563116 0.1031986 0.1117541 0.1282384 0.1426524 0.1705991 0.2033102 0.2524206 0.3324901 0.498801 0.9999992 10396.84 20793.67 30890.53 41181.91 51161.94 61394.54 71508.77 81513.07 91364.46 101229.6 100745.9 98 
0.9999999 0.4867326 0.4576567 0.09997139 0.1132086 0.1253365 0.1465059 0.1681254 0.2000732 0.2480567 0.3434737 0.5049381 0.9999999 10015.98 20031.96 30240.25 40262.68 50509.56 60545.78 70481.14 80334.76 90594.2 100496.1 100188.5 99 
0.9999991 0.4883145 0.4545311 0.1010542 0.1125518 0.1253078 0.14601 0.1625835 0.1962451 0.253309 0.3228729 0.4983552 0.9999994 10161.49 20322.96 30496.88 40548.96 50794.04 60536.35 70383.83 80600.29 90323.77 100486.2 100554.8 100 
