NaN 0.002786877 0.001702487 0.001494893 0.00206181 0.002515544 0.002974054 0.003489506 0.004172549 0.00520355 0.006790075 0.01000777 6.079336e-06 150.2626 193.8727 216.1235 228.5525 232.7754 236.4986 233.7107 229.047 218.7999 0 1 
6.740284e-08 0.002812915 0.001709276 0.001492802 0.002045425 0.002490423 0.002940202 0.003465144 0.004150913 0.005134166 0.006688857 0.009752726 5.146006e-06 149.8207 192.199 214.4891 226.8042 232.7956 234.8523 232.7394 227.4864 218.7797 0.03065491 2 
9.371625e-08 0.002801338 0.00171318 0.001520004 0.002080105 0.0025358 0.002988897 0.003503469 0.004176963 0.005182235 0.006809087 0.009808059 4.39441e-06 153.0697 195.2465 217.7105 228.9484 234.1313 236.2547 235.8014 229.6231 221.5749 0.04316074 3 
NaN 0.002800886 0.001717993 0.00151847 0.002072382 0.002539945 0.003023512 0.003554042 0.004222439 0.005223424 0.006810606 0.009877599 5.31135e-06 152.8826 194.2734 218.661 231.4879 235.2731 237.4913 235.7642 230.8888 221.9968 0 4 
1.279995e-08 0.002792778 0.001712667 0.001494144 0.002063671 0.002520963 0.00298074 0.003529093 0.004225689 0.005182195 0.006763264 0.009800031 2.444075e-06 150.3417 194.1695 216.7826 229.1945 236.099 236.2306 234.8748 229.4311 221.6159 0.005841283 5 
NaN 0.002807765 0.00170663 0.001485234 0.002054069 0.002500548 0.002951027 0.003479327 0.004171077 0.005159657 0.00664645 0.009523961 7.339067e-06 149.2443 193.3796 214.8879 227.5703 233.3112 235.8914 232.9868 227.4302 219.6996 0 6 
1.93609e-07 0.002795819 0.001709016 0.00148477 0.002063279 0.002520647 0.002961051 0.003495315 0.004182918 0.005098955 0.00666122 0.009679031 2.085021e-06 149.3842 194.4462 216.4868 227.3644 235.2274 234.7569 233.9724 229.4987 221.2999 0.08796274 7 
NaN 0.002756384 0.001698263 0.001494901 0.002089508 0.002553612 0.003005826 0.003533818 0.004240385 0.005229106 0.006707118 0.009808047 1.324285e-05 150.7616 196.8513 218.2539 229.5435 235.0304 237.3475 232.661 228.4305 217.4411 0 8 
3.619054e-08 0.002774645 0.001696197 0.00148405 0.002063558 0.002501094 0.002931952 0.003459595 0.004154205 0.005131005 0.00666928 0.009619686 6.866372e-06 149.3713 194.5551 214.355 226.392 233.3506 235.2302 233.356 227.7332 219.7532 0.01648183 9 
1.882261e-08 0.002781187 0.001699736 0.00148475 0.002076006 0.002531293 0.0029577 0.003486575 0.004213792 0.005183471 0.006679197 0.009727391 4.748585e-06 149.215 195.5631 216.3885 226.3583 234.6782 236.1433 232.813 228.116 220.147 0.008574393 10 
NaN 0.002763598 0.001702768 0.001503218 0.002094057 0.002555986 0.003003959 0.003537099 0.004243289 0.005217416 0.006735986 0.009746768 7.633657e-06 151.8855 197.4451 218.8039 229.9105 236.5066 238.0621 235.3851 230.9025 222.6788 0 11 
NaN 0.002818072 0.001713245 0.001497644 0.002071926 0.002490215 0.00292907 0.003462602 0.004140118 0.005110709 0.006545662 0.009387045 9.161042e-06 151.1779 195.6957 213.4983 228.0249 233.207 236.16 232.7852 227.8583 219.7759 0 12 
NaN 0.002769043 0.001704038 0.001495165 0.002072035 0.002540731 0.003008882 0.003550355 0.004236347 0.005179358 0.006702621 0.009727162 3.389586e-06 150.8979 195.2313 218.553 230.6679 236.5972 237.1398 235.0642 230.9393 223.1385 0 13 
0 0.002785121 0.001704105 0.001505367 0.002070807 0.002523964 0.002980452 0.003509993 0.004185603 0.005133611 0.006641559 0.009632441 0 151.6385 194.6539 216.7302 228.8742 234.4408 235.7402 233.6099 229.4537 221.4066 7.088524e-14 14 
7.80337e-08 0.002788217 0.001715039 0.00150288 0.002072726 0.00253335 0.002992768 0.003528195 0.004218313 0.005163468 0.006646998 0.009654687 4.456933e-06 151.7678 195.2409 218.1188 230.1304 236.5128 237.8301 235.4119 231.6356 224.682 0.03570497 15 
NaN 0.002806195 0.001710397 0.00149593 0.002055768 0.002511913 0.002962369 0.003473096 0.004156082 0.005147195 0.006660923 0.009602531 7.726953e-06 150.6371 193.5223 216.4685 227.7814 233.217 236.1217 233.6059 228.5162 219.8337 0 16 
3.24537e-09 0.002803613 0.001716856 0.001509862 0.002082423 0.002542366 0.002977827 0.003505722 0.004219377 0.005164062 0.00670412 0.009861196 4.49938e-06 152.1255 195.909 218.1896 227.8599 236.215 236.8512 234.6961 230.8818 222.8152 0.001488912 17 
NaN 0.002793909 0.001709202 0.001509165 0.002084526 0.002527595 0.002993123 0.003540849 0.004215861 0.00520678 0.006799222 0.009791932 4.798385e-06 151.9593 195.9752 216.2501 230.4595 235.0052 236.4632 234.9073 229.2896 220.2728 0 18 
NaN 0.002806196 0.001713241 0.001485481 0.002080797 0.002530992 0.002976911 0.003515527 0.004202512 0.005165032 0.006740648 0.009860248 5.076182e-06 149.7286 196.742 216.7937 229.2065 235.2863 236.1958 234.356 229.9182 220.6401 0 19 
NaN 0.002789365 0.001696057 0.001465992 0.002036112 0.00248659 0.002922562 0.003436698 0.004093331 0.005030354 0.006629265 0.009519151 3.983042e-06 147.464 192.3361 214.4321 225.5701 232.2332 232.5131 232.9643 226.929 218.5016 0 20 
2.143559e-08 0.002764828 0.001698278 0.001506321 0.002100976 0.002550172 0.00300377 0.003553552 0.004256499 0.005248206 0.006820065 0.009992239 7.585855e-06 151.3845 197.3394 216.8793 229.7244 235.3542 236.5786 233.8066 228.8191 220.1895 0.009872011 21 
NaN 0.002782886 0.00170256 0.001488558 0.002059639 0.002509541 0.002964234 0.003492131 0.004187908 0.005183864 0.006653595 0.00963028 8.056431e-06 149.7622 193.8862 215.5698 228.26 233.6097 236.6527 232.9511 228.2188 220.1706 0 22 
3.330361e-08 0.002790189 0.001707845 0.001488586 0.002065857 0.002516987 0.002984623 0.003531605 0.004194093 0.005164128 0.006814181 0.009854701 3.086481e-06 149.4911 194.3131 215.7472 229.604 234.5127 234.678 234.5885 228.3832 219.8456 0.01517796 23 
NaN 0.002825195 0.001715323 0.001475129 0.00204157 0.002487704 0.002940095 0.003474162 0.004134765 0.005060258 0.00660294 0.009508991 4.337425e-06 148.4566 192.8155 214.7011 227.7544 233.9209 234.1964 233.6047 228.4476 220.8161 0 24 
NaN 0.002797846 0.001709126 0.001511217 0.002085922 0.002540363 0.002998766 0.003544741 0.004241692 0.005200127 0.006727664 0.009775003 1.513192e-05 152.0684 196.0297 217.4296 229.6483 235.6693 236.2309 233.5878 228.7681 220.829 0 25 
NaN 0.002785716 0.001708569 0.001492745 0.002080801 0.00255005 0.003022875 0.003572046 0.004257196 0.005208976 0.006766418 0.009889035 4.068711e-06 150.3189 196.0482 218.6081 231.2305 236.4794 236.7421 234.4859 230.3673 221.5695 0 26 
NaN 0.002780773 0.001700233 0.001480639 0.002058498 0.002514212 0.002969857 0.003494698 0.004179016 0.00516428 0.006671947 0.009690089 4.304731e-06 149.5642 194.7342 216.7441 229.1925 234.3576 236.9294 233.9926 229.5161 220.7751 0 27 
NaN 0.002790813 0.001710947 0.001501546 0.002074044 0.002518617 0.002950454 0.003489965 0.004221476 0.005212497 0.006752019 0.009730993 4.881448e-06 151.4193 195.3388 216.2485 227.4973 236.1907 238.024 235.5683 230.1332 222.1784 0 28 
1.937716e-09 0.002795099 0.001706155 0.001508049 0.002071386 0.002517004 0.002950343 0.003491336 0.004181226 0.005085675 0.006663409 0.009583528 4.143668e-06 151.3896 194.2263 215.4441 226.1094 234.6716 233.1271 233.0623 227.2068 220.0798 0.0008871592 29 
3.978923e-07 0.002775439 0.001713076 0.001529463 0.002097429 0.002550661 0.003032613 0.00359908 0.00427842 0.005248623 0.006889812 0.00990504 3.029879e-06 154.0986 196.4093 218.1888 232.5261 237.6487 237.482 237.1032 231.2888 223.4023 0.1840842 30 
1.412061e-12 0.002807902 0.001711995 0.001476535 0.002047788 0.002530407 0.002992666 0.003492009 0.004153335 0.005138571 0.006711477 0.009666983 4.498254e-06 148.4439 193.0637 218.4028 228.5619 233.2073 235.3531 234.4071 228.7469 220.9971 0.0001040796 31 
3.025542e-11 0.002788671 0.001713374 0.001520853 0.002096277 0.002559776 0.003010497 0.003534995 0.004261152 0.005291875 0.006792534 0.00980355 3.674791e-06 153.2491 196.7759 219.0876 229.6979 236.0331 239.4351 235.6805 230.6524 223.1238 0.000261503 32 
NaN 0.002802363 0.001713637 0.001488407 0.002057439 0.00252845 0.002983889 0.003498094 0.004188709 0.005172737 0.006691959 0.009634204 6.869938e-06 150.1306 194.1243 218.2762 228.9021 234.8848 237.2442 234.9698 230.0419 221.9593 0 33 
3.253218e-09 0.002775526 0.001711264 0.001498084 0.00209613 0.002567148 0.003006818 0.003530199 0.004223606 0.00517868 0.006817992 0.01002788 4.978706e-06 150.6086 197.1257 218.9986 228.5085 235.7653 235.87 235.386 230.8509 222.0637 0.00148857 34 
NaN 0.002796276 0.001707651 0.001490935 0.002063192 0.002523949 0.002977918 0.003500365 0.004185967 0.005144417 0.006610067 0.009580544 7.715109e-06 150.2601 194.5288 217.2141 228.6966 234.3917 236.3612 233.3208 229.1696 221.5641 0 35 
9.373894e-08 0.002764394 0.001709128 0.001520443 0.002095952 0.002570407 0.003030421 0.003551875 0.00425536 0.005262783 0.006835155 0.009925914 3.361726e-06 153.4459 196.799 220.3888 230.6964 236.6183 238.9247 236.8365 231.9553 224.1669 0.04330105 36 
6.562495e-08 0.002796946 0.001711095 0.001495177 0.002074284 0.002530249 0.002978118 0.00350866 0.004205323 0.005198834 0.006759921 0.009576383 4.152913e-06 150.5698 195.3881 217.0578 228.641 235.117 236.7504 235.451 228.678 221.9092 0.02998307 37 
NaN 0.002796317 0.00170567 0.001490722 0.002061543 0.002521857 0.002971688 0.003482151 0.004151619 0.005122636 0.006634129 0.009452309 7.185038e-06 149.9388 194.0317 216.6606 227.7012 232.9815 234.9857 233.423 227.5839 220.5454 0 38 
3.86189e-11 0.002788122 0.001704934 0.00151038 0.002061215 0.002537042 0.002990983 0.003499597 0.004201428 0.005206986 0.006815264 0.009871071 3.951206e-06 151.6053 192.9291 218.2896 227.452 234.0227 235.9833 234.4445 228.6851 219.7903 0.0001429721 39 
NaN 0.00280514 0.00171399 0.00151737 0.002076561 0.002529884 0.003004164 0.0035568 0.004248233 0.005218222 0.006757149 0.009842955 4.329653e-06 152.3686 194.4496 216.8319 230.2894 235.5299 236.4512 233.6926 229.107 220.5751 0 40 
NaN 0.002797537 0.001698262 0.00148731 0.002059511 0.002524044 0.002967442 0.003472421 0.004162336 0.00517214 0.006755877 0.00972071 4.408311e-06 149.5249 194.0847 216.9745 226.8651 232.5198 234.874 232.9488 226.6527 217.4717 0 41 
NaN 0.002798993 0.001703822 0.001496787 0.002059247 0.0025076 0.002977885 0.003512808 0.004166827 0.005139735 0.006730712 0.009751265 7.313415e-06 150.4584 193.5925 215.4606 229.2893 233.1694 234.4062 233 227.5976 217.6809 0 42 
NaN 0.002794353 0.00171352 0.001508033 0.002067485 0.002543901 0.003022156 0.003537363 0.004203851 0.005209276 0.006780015 0.009736481 1.23207e-05 152.2391 194.4863 219.5662 231.1408 234.839 237.2623 235.1876 229.221 219.3101 0 43 
NaN 0.002788621 0.001711099 0.00150551 0.002076768 0.002543692 0.00298466 0.003508398 0.004221612 0.005197203 0.006780373 0.009745324 1.212308e-05 151.6089 195.1654 218.3706 227.8437 235.8688 236.8069 235.4164 229.7135 221.179 0 44 
7.819075e-07 0.002773202 0.001703737 0.001522441 0.002087755 0.002538678 0.002997937 0.003550959 0.004247415 0.005211082 0.006858502 0.009985045 3.412825e-06 153.4444 195.8164 217.548 230.0528 236.9257 236.7932 236.1999 231.0617 221.9171 0.3612661 45 
2.108485e-07 0.002788358 0.001709348 0.001493186 0.00208137 0.002538911 0.002988142 0.003508157 0.004174058 0.005165221 0.006796389 0.009738818 2.889344e-06 150.2112 195.981 217.1825 228.8701 234.0435 235.5597 235.6086 229.195 221.4153 0.09624435 46 
1.34529e-07 0.002794585 0.001713953 0.001502213 0.002069483 0.002536128 0.002986161 0.003497863 0.004183138 0.005172113 0.006759843 0.009802897 1.717834e-06 151.3296 194.6957 218.2451 228.5643 234.6947 236.7161 235.6336 230.3068 222.4296 0.06153038 47 
NaN 0.002809231 0.0017159 0.001500909 0.002072569 0.002537239 0.003008462 0.003537677 0.004212698 0.005217603 0.006805833 0.009824512 8.357162e-06 150.8663 194.8048 217.805 230.2791 234.4764 236.5221 234.7053 228.9854 220.2455 0 48 
6.534119e-08 0.002795483 0.001714794 0.001486957 0.002061546 0.002528778 0.002986994 0.003511192 0.004196139 0.005147799 0.006640877 0.009742539 3.964447e-06 149.8789 194.4436 217.8931 229.3411 235.2494 236.971 234.24 230.8468 222.9665 0.02973504 49 
NaN 0.002811388 0.00171096 0.001510108 0.002085921 0.00253542 0.003001272 0.003546792 0.004215774 0.005157772 0.006673633 0.009751579 6.899208e-06 152.1011 196.4222 217.1173 230.4466 234.8609 235.3482 232.7008 228.5529 220.184 0 50 
NaN 0.002786806 0.001708422 0.001513269 0.002071877 0.002525497 0.002991464 0.003529142 0.004206017 0.005160164 0.006692881 0.009745424 4.382136e-06 152.5636 194.6421 217.1933 229.9354 235.2513 236.3601 234.2592 230.0914 221.7122 0 51 
8.819365e-07 0.002785949 0.001708681 0.001503966 0.002072347 0.002535906 0.002991295 0.003503302 0.004184998 0.005178084 0.006724876 0.009843078 2.800847e-06 151.5231 194.93 217.9785 229.0242 234.112 236.8532 234.5083 230.273 221.5882 0.4044579 52 
6.782004e-08 0.002797294 0.001716856 0.00149129 0.002076041 0.002534527 0.002988943 0.003522294 0.004208697 0.005184016 0.006748526 0.00978858 2.915768e-06 150.1279 195.6339 217.3359 229.4824 235.3661 236.8207 235.2045 230.2282 222.3147 0.03091877 53 
NaN 0.002810565 0.001706688 0.00148623 0.002056643 0.002516443 0.002984475 0.003508694 0.004170313 0.005163694 0.006714639 0.009503409 8.952029e-06 149.3939 193.7221 216.375 229.0588 232.8545 234.6639 232.8688 225.8376 217.3032 0 54 
1.869052e-07 0.002780302 0.001713901 0.001498476 0.002075471 0.002559031 0.003025762 0.003539043 0.004226682 0.005219585 0.006729516 0.009661372 3.715627e-06 151.2497 195.5242 220.3426 230.663 235.8266 238.344 236.013 231.036 224.1386 0.0856292 55 
1.082505e-10 0.002767874 0.001708056 0.00152026 0.002076533 0.00254547 0.003014947 0.003553369 0.004239163 0.005185536 0.006753334 0.009794259 4.148404e-06 152.912 194.2257 218.5557 229.944 236.2388 236.3275 235.2286 230.1702 223.2923 6.559341e-05 56 
NaN 0.002782105 0.001711103 0.001494852 0.002066738 0.0025392 0.003007614 0.00353829 0.00422244 0.005186602 0.006722942 0.009739188 5.84147e-06 150.9608 194.8504 218.9855 230.711 236.3825 237.7962 235.8567 231.5483 223.4374 0 57 
6.357821e-08 0.002784403 0.001714455 0.001516197 0.002093725 0.002557463 0.003010835 0.003543682 0.004238218 0.005209818 0.006797093 0.009794029 3.098649e-06 152.6949 196.5379 218.814 229.7503 236.3311 237.1098 236.1174 230.6339 223.3317 0.02924088 58 
NaN 0.002800235 0.001697509 0.00145399 0.002044144 0.002497994 0.002938825 0.003440288 0.004092564 0.00505818 0.006569375 0.009447271 4.978073e-06 146.0502 193.3893 214.627 226.2036 230.7083 233.0794 231.3495 225.9411 217.5651 0 59 
2.783015e-09 0.002799286 0.001705086 0.001490385 0.002059173 0.002513167 0.002972534 0.003513434 0.004195436 0.005151251 0.006704631 0.009669602 5.345979e-06 149.7487 193.7361 215.9362 228.5053 234.4658 234.8789 233.326 227.5098 220.0511 0.00127008 60 
2.326871e-09 0.00282481 0.001708357 0.001476491 0.002033901 0.002494973 0.002933 0.003427699 0.004094022 0.005050616 0.006569609 0.009495626 2.773226e-06 148.3522 191.8713 215.6409 225.4389 231.4655 233.3566 231.987 226.4466 219.0673 0.001053059 61 
NaN 0.002787822 0.00171011 0.001492325 0.002043145 0.002512969 0.002977009 0.003516399 0.004219031 0.005143601 0.00663632 0.009676582 4.208513e-06 150.6476 192.4489 217.8281 229.1542 236.7824 237.1598 234.5882 231.1839 222.854 0 62 
NaN 0.002792943 0.001720099 0.001512039 0.002085641 0.002548947 0.003002675 0.003524985 0.004203911 0.005172159 0.006750271 0.009727453 6.51525e-06 152.689 196.2811 218.9444 230.0396 236.0791 237.5048 236.7343 231.883 223.7508 0 63 
NaN 0.002784377 0.001690552 0.001483958 0.002047032 0.00251068 0.002967132 0.003492115 0.00418159 0.005140567 0.006636374 0.009558846 6.419648e-06 149.4196 193.0348 216.5335 227.5681 233.3638 234.4181 231.2826 225.9637 216.8339 0 64 
NaN 0.002789851 0.00169947 0.00147574 0.002051922 0.002500209 0.002958979 0.003488957 0.004149875 0.005111888 0.00666297 0.009698205 3.273041e-06 148.4285 193.6145 214.9439 228.3301 232.9159 234.4125 232.5793 227.8358 218.6713 0 65 
NaN 0.002802248 0.001700079 0.0014879 0.002049193 0.002489592 0.002942971 0.003463848 0.004099784 0.005024101 0.006564772 0.009578577 5.049819e-06 149.6288 193.0382 214.1999 227.3689 231.8268 232.6699 231.7427 227.4935 218.7591 0 66 
1.286821e-06 0.002767106 0.001706295 0.001492925 0.002069155 0.002529587 0.002984019 0.00351457 0.004190635 0.005143316 0.006748605 0.009831703 2.125271e-06 150.6332 194.9421 217.5463 229.3935 235.8417 236.635 236.2615 231.9099 223.2674 0.5871518 67 
4.688015e-08 0.00280039 0.00171244 0.001513474 0.002094067 0.00255043 0.003000962 0.003538986 0.00422906 0.005179472 0.006735396 0.009776243 6.351048e-06 152.3764 196.9161 218.0069 229.3763 235.6197 235.8656 234.1185 229.2097 221.3573 0.0216076 68 
3.539468e-07 0.002815274 0.001717612 0.001481015 0.002052161 0.00250996 0.002970033 0.003496579 0.004176039 0.005157208 0.006691143 0.009727391 3.604403e-06 148.9726 193.5466 216.2763 228.84 234.0418 236.2324 233.926 229.1848 220.8102 0.1606313 69 
NaN 0.002772315 0.001702836 0.001482202 0.002078829 0.002539776 0.002994659 0.003526192 0.004207037 0.005187904 0.006761589 0.009780293 5.09814e-06 149.0994 195.8852 217.1612 229.3972 234.7906 236.358 234.8117 229.6992 221.2643 0 70 
NaN 0.002800005 0.001711567 0.001488139 0.00206383 0.002526746 0.002991128 0.003519566 0.004190501 0.00516138 0.00671877 0.009718713 8.441058e-06 149.7431 194.4074 217.1987 229.5429 234.4327 235.9151 234.1866 229.2585 220.4212 0 71 
8.355038e-19 0.002786573 0.001705133 0.001506926 0.002074335 0.002547958 0.003014552 0.003552307 0.00424776 0.005229165 0.006862449 0.009816004 8.326683e-23 151.3156 194.4589 218.4967 229.3443 235.5108 235.5854 234.6909 228.1563 219.6066 2.509046e-08 72 
1.026596e-06 0.002788139 0.00170818 0.001473409 0.002075872 0.002539945 0.002968206 0.003474531 0.004181913 0.005180973 0.006716024 0.009807165 3.123469e-06 148.1945 196.0373 217.3363 226.9718 233.8381 236.8251 234.1314 229.7288 220.9168 0.4655481 73 
7.637548e-10 0.002769921 0.001710121 0.001530706 0.002096566 0.00257164 0.003040643 0.003562099 0.004231011 0.005185173 0.006756312 0.009869558 2.774143e-06 154.5028 196.5867 220.669 231.2681 236.315 237.1511 236.1 231.839 224.7096 0.0003542746 74 
2.582323e-07 0.002789683 0.001703184 0.001506456 0.002046145 0.00251457 0.002986531 0.003519219 0.00421237 0.00517331 0.006687641 0.009715083 4.488995e-06 151.6215 191.9198 217.4763 229.0513 235.1322 236.2928 233.6485 229.0398 221.0223 0.1183356 75 
2.1502e-08 0.00276415 0.001704351 0.001492839 0.002099089 0.002571068 0.003035018 0.003573146 0.004259174 0.005243943 0.006798116 0.009731325 3.60862e-06 150.5553 197.9792 219.569 231.5251 236.583 237.8251 236.1364 230.3605 223.7338 0.009861025 76 
2.361352e-12 0.00280355 0.001711559 0.001495128 0.002064258 0.00252258 0.002984412 0.003519292 0.004182213 0.0050962 0.006598083 0.009552928 2.523965e-06 150.7344 194.5986 217.1957 229.5582 235.1465 235.2509 233.8026 229.5058 222.6211 1.599132e-05 77 
NaN 0.002780419 0.001714332 0.001495017 0.002079343 0.002548984 0.003012861 0.003549147 0.004235193 0.005196659 0.006735094 0.009623658 1.058145e-05 151.1386 196.2653 219.1922 230.9981 236.8392 237.6681 235.8571 230.3234 221.8108 0 78 
NaN 0.002796245 0.001712101 0.001505125 0.002083372 0.002531728 0.002979393 0.003486525 0.004141349 0.005138717 0.006724013 0.009771827 6.609192e-06 151.9046 196.4021 217.0749 229.255 233.3183 236.4671 235.4259 230.7872 221.5619 0 79 
1.053981e-07 0.002801286 0.001709836 0.001504428 0.002077866 0.002531417 0.002988065 0.003523678 0.00419136 0.005137163 0.006731597 0.009792337 3.30235e-06 151.1382 195.1492 216.6798 228.9221 234.479 234.6376 233.9024 228.9163 220.5688 0.04824224 80 
NaN 0.002820121 0.001714488 0.001510112 0.002055842 0.002507024 0.002963604 0.003498277 0.004182605 0.005125341 0.006660175 0.009638359 8.580477e-06 152.0396 193.1768 216.2842 228.1811 234.6656 235.18 233.368 228.4919 220.0756 0 81 
3.519577e-07 0.002792827 0.001705212 0.001492725 0.002062522 0.002522812 0.002974532 0.003495802 0.004179557 0.005138791 0.006662119 0.009745493 2.667263e-06 149.8431 193.7214 216.4488 227.6675 233.5764 235.1792 232.7757 228.7029 220.1105 0.160208 82 
3.050505e-08 0.00279306 0.00170668 0.001517419 0.002089698 0.002542083 0.002996995 0.003534319 0.004221449 0.005177876 0.006697688 0.009707112 4.23979e-06 152.6607 196.1214 217.3053 229.2434 234.9532 235.8138 233.464 228.6653 221.0923 0.01406188 83 
NaN 0.002807705 0.001714645 0.001491837 0.002057665 0.002520112 0.002977197 0.003493418 0.004175897 0.00515735 0.006638879 0.009506485 8.531056e-06 150.5767 194.2132 217.5734 229.0898 234.4345 237.0508 234.457 229.2773 221.9237 0 84 
NaN 0.002788248 0.001709773 0.001481175 0.002046886 0.002526591 0.003006519 0.003530834 0.004202172 0.005177508 0.006702839 0.009724052 3.94337e-06 149.2831 192.9995 218.5232 230.6062 235.0368 237.022 234.6805 230.2628 221.9915 0 85 
NaN 0.002783886 0.001704892 0.001497841 0.002073407 0.00253471 0.002984603 0.003484433 0.004149503 0.00513464 0.006660878 0.009774144 4.348192e-06 150.7568 195.072 217.3977 228.3423 232.692 235.9053 233.5768 229.8516 221.1013 0 86 
5.66466e-15 0.00278775 0.001702527 0.001476491 0.002060833 0.002502351 0.002951167 0.003476855 0.004148872 0.005153711 0.006724069 0.009648394 4.875834e-15 148.3142 194.2178 214.3108 227.7494 232.5577 235.2442 233.7585 227.6099 219.3483 6.656383e-05 87 
6.219271e-08 0.00277865 0.001708892 0.001504817 0.002087698 0.00253771 0.002965077 0.003495358 0.00421128 0.005175097 0.006712151 0.00972193 4.000247e-06 151.8153 196.6341 217.2509 227.6204 236.0481 237.2843 235.4434 230.5949 223.2016 0.02851094 88 
3.555487e-08 0.002781405 0.001714963 0.001525596 0.002117938 0.00259152 0.003049743 0.003597221 0.004326306 0.005307635 0.006820378 0.009774986 3.49548e-06 153.6563 198.6813 220.7479 231.1933 238.2439 238.9195 235.9757 230.5082 224.2416 0.01645606 89 
5.338427e-07 0.002804106 0.001717935 0.001502405 0.002058857 0.002522649 0.002980874 0.003510073 0.004186878 0.00514353 0.006757605 0.009646216 3.483766e-06 151.3248 193.554 217.6004 228.8419 235.551 235.7839 236.1009 229.8643 222.5466 0.2437764 90 
NaN 0.002798074 0.001716663 0.001520673 0.002074338 0.002547915 0.003021779 0.003559254 0.004269081 0.005251334 0.006764742 0.009820014 1.519626e-05 153.6868 195.0395 220.0399 231.2391 237.2345 238.6555 235.1303 230.5396 221.4108 0 91 
1.691799e-12 0.002781797 0.001699218 0.001480178 0.002061808 0.002526824 0.002967728 0.003486964 0.004185339 0.005149281 0.006678496 0.009675463 6.587029e-06 149.161 194.7468 217.3645 227.4419 234.4119 235.6495 233.4497 228.2937 220.337 8.851684e-05 92 
2.710259e-07 0.002788445 0.001709508 0.001503918 0.00206629 0.002531809 0.002994437 0.003517265 0.004193365 0.005177632 0.00674429 0.009560181 4.43525e-06 151.9724 194.7702 218.5133 229.9649 235.4202 236.9525 236.1745 229.6076 222.9941 0.1245729 93 
9.874687e-08 0.002763139 0.001698505 0.001499284 0.002090298 0.002564034 0.003011806 0.003540772 0.00422519 0.005143017 0.00672892 0.009792984 4.962738e-06 150.9007 196.5968 219.0972 228.7524 235.7625 234.8282 234.1417 229.5484 221.5165 0.04532587 94 
4.495594e-07 0.002803752 0.001709591 0.001505076 0.002070991 0.002520456 0.002964018 0.003497277 0.004213199 0.005210379 0.006753945 0.009757624 2.950939e-06 151.2642 194.5069 216.147 227.5334 234.6663 236.6492 233.9384 228.5229 219.9243 0.2058976 95 
NaN 0.002807243 0.001706133 0.001493941 0.002038785 0.002490425 0.00294238 0.003473909 0.004168505 0.005132318 0.006659996 0.009470979 1.403676e-05 150.2705 191.6458 215.1367 226.7953 233.7238 234.5472 232.329 225.3995 216.2188 0 96 
NaN 0.002799423 0.001713906 0.001486318 0.002067273 0.002514054 0.002952189 0.003483519 0.004186902 0.005171214 0.006715316 0.009653639 6.061322e-06 150.1498 195.5058 216.3322 228.2909 235.4991 237.5475 235.6112 230.3357 221.7841 0 97 
NaN 0.002791596 0.0017137 0.001508593 0.002081712 0.002554593 0.003020738 0.003561572 0.004277716 0.005280629 0.006859891 0.009898098 9.101472e-06 151.9846 195.6972 219.4494 230.621 237.0682 238.3786 235.9764 230.3134 222.0148 0 98 
3.628189e-07 0.002794559 0.001703689 0.001476889 0.002056479 0.002516032 0.002981554 0.003523132 0.004205042 0.005164684 0.006713578 0.009847183 2.663598e-06 147.9672 193.3307 215.6797 228.6434 233.9633 234.8511 232.3651 227.9575 218.9594 0.164363 99 
NaN 0.002804141 0.001703418 0.001480011 0.002049643 0.002503773 0.002964741 0.003484792 0.004129095 0.005083413 0.006622868 0.009466871 7.709345e-06 148.8222 193.2377 215.4961 228.2838 232.465 233.7652 232.8967 227.0787 219.5259 0 100 
