0.9999141 0.4803232 0.1838148 0.04455571 0.06349227 0.08147505 0.1080849 0.1327835 0.1748235 0.2250176 0.3145909 0.4862548 1 10268.76 20536.63 34515.95 51314.79 71783.66 94210.62 119816.3 147010.2 176472.9 207684.4 230470.1 1 
0.9999638 0.4875706 0.1829218 0.04507671 0.06097899 0.08169346 0.1062797 0.1337304 0.1709166 0.2252823 0.3128485 0.4896214 1 10312.53 20624.69 33945.71 50703.33 70722.91 93235.59 118160 145396.8 174698.8 206210.1 228777.4 2 
0.9998747 0.4883924 0.1835158 0.04477992 0.06146452 0.08112077 0.1037231 0.1351052 0.1733162 0.2256167 0.3128101 0.4864422 0.9999998 10294.73 20588.17 34083.29 50798.32 70435.49 93359.54 118792.1 146158.9 175539.1 206933.3 229896.2 3 
0.9999003 0.4917193 0.1830128 0.04503243 0.06025557 0.08163854 0.1050062 0.1339941 0.1733338 0.2240891 0.3188354 0.4882972 0.9999999 10296.79 20592.55 33747.65 50496.42 70279.44 92871.7 118179.5 145224.7 175080.4 206223.7 228652.7 4 
0.9999746 0.4782055 0.1865935 0.04643421 0.06163082 0.08188986 0.1077963 0.1340529 0.1729979 0.2289454 0.3116163 0.4964366 1 10700.34 21400.4 34942.64 51827.26 72233.1 94873.47 120174.2 147864.3 176923.9 208792.2 230440.8 5 
0.9998486 0.495814 0.1803601 0.04419814 0.06049636 0.08234741 0.1043988 0.1349594 0.1723313 0.2253675 0.3181774 0.4816648 0.9999997 10106.42 20211.31 33430.04 50333.66 69997.36 92761.62 117904.3 145115.7 174872.8 205583.1 228661.6 6 
0.9999781 0.4840748 0.1832479 0.0449172 0.06031866 0.08266725 0.1049841 0.1353925 0.1733445 0.2257093 0.3190634 0.4904711 1 10355.25 20710.28 33991.13 51094.61 71019.5 94017.63 119475.5 146877.2 176869.2 208262.9 230541 7 
0.9998304 0.504824 0.1798256 0.04341939 0.06198931 0.07996368 0.1063726 0.1356722 0.1731719 0.2266823 0.3077175 0.4890197 0.9999996 9872.491 19743.31 33222.8 49531.34 69489.67 92235.39 117326.4 144480 172981.3 204335 227375.2 8 
0.9998447 0.495677 0.182013 0.04423236 0.0615574 0.07933843 0.1057195 0.1355475 0.17036 0.2317737 0.3101232 0.485968 0.9999997 10147.73 20293.88 33788.48 50108.95 70129.45 93082.91 118018.5 146161.8 175086.9 206353.8 229418.7 9 
0.9998441 0.4811135 0.1842258 0.04553572 0.06015073 0.08103838 0.1060654 0.1352395 0.1734504 0.2266592 0.3178132 0.4817529 0.9999996 10464.18 20926.73 34116.77 50817.03 70901.97 93793.14 119179.2 146596 176322.8 207058.9 229801.5 10 
0.9998595 0.4934315 0.1824591 0.04473358 0.06056811 0.07976276 0.1050538 0.1324966 0.1706461 0.2282197 0.3134083 0.488278 0.9999997 10189.08 20376.73 33552.48 49851.65 69605.36 91900.09 116807.6 144432.1 173707.4 205020.1 227772.5 11 
0.9998951 0.4903103 0.1828439 0.04466019 0.06157511 0.07995034 0.106969 0.1333418 0.1736795 0.2263122 0.3148019 0.4840927 0.9999999 10259.05 20517.02 34027.81 50489.33 70752.15 93307.28 118766.9 146178.1 175676.3 206755.6 229713.5 12 
0.9999546 0.4818773 0.1849317 0.0446561 0.06017647 0.08098277 0.1064233 0.1323018 0.1717448 0.2303501 0.3177069 0.4863485 1 10262.65 20524.83 33735.78 50444.28 70623.09 93038.34 118285.9 146332.4 176103.6 207197.3 229815.1 13 
0.9999494 0.4852312 0.1852886 0.04624032 0.06101331 0.08055818 0.1053152 0.136625 0.1716858 0.2294673 0.3117156 0.495532 1 10603.87 21207.21 34550.78 51093.46 70977.32 94055.36 119092.7 146810.4 175821.8 207564.2 229320.9 14 
0.9998797 0.4862901 0.1818022 0.04544631 0.06172195 0.08074015 0.1052885 0.1366421 0.1691045 0.2255943 0.3143711 0.4844217 0.9999997 10437.55 20873.84 34402.64 51006.66 70909.6 94018.4 118707.2 146072 175600.6 206795.1 229667.7 15 
0.9998687 0.4891856 0.1828471 0.04481355 0.06082317 0.08102055 0.1041226 0.1352406 0.1701615 0.2264626 0.3153624 0.4802472 0.9999999 10274.32 20547.28 33864.48 50523.85 70197.44 93088.5 117993 145495.6 175118.9 206000.9 229268.1 16 
0.9998613 0.4887408 0.1848865 0.04511146 0.06048196 0.08030182 0.1081827 0.1336131 0.1703923 0.2260775 0.3128153 0.4870868 0.9999997 10336.56 20671.68 33902.1 50404.55 70850.23 93368.12 118245.4 145626.5 174944.8 206313.3 229133.8 17 
0.9999513 0.4923011 0.1794002 0.04458778 0.06076101 0.08330961 0.1064079 0.1332236 0.1721349 0.2283858 0.3151917 0.4889141 1 10239.74 20478.98 33809.78 50976.74 71076.12 93562.33 118744.9 146404.5 175858.1 207144.2 229653.5 18 
0.9998887 0.4865121 0.1835746 0.04568651 0.06174914 0.08023121 0.1064943 0.1359067 0.1726473 0.2235799 0.3219052 0.4803621 0.9999999 10524.13 21047.08 34619.12 51163.48 71360.65 94389.66 119666.6 146746.9 177017.9 207645.4 230355.2 19 
0.9999547 0.4831466 0.1855537 0.04556887 0.0618925 0.08249547 0.1049103 0.1361759 0.1735863 0.2277978 0.3130755 0.4941845 1 10437.96 20875.44 34405.5 51322.94 71061.7 93994.59 119246.1 146630.6 175692.5 207203.4 229059 20 
0.9999148 0.4850239 0.1848607 0.04415104 0.06217753 0.08141811 0.1057763 0.1341961 0.1731612 0.2286407 0.3128024 0.4867003 1 10133.47 20266.08 33905.15 50653.55 70640.17 93313.52 118642.9 146294.9 175474.1 206671.8 229518.2 21 
0.9997355 0.4849546 0.1848062 0.04443143 0.06176803 0.08327223 0.1069875 0.132927 0.1697588 0.231018 0.311991 0.4812839 0.999998 10237.9 20473.08 34067.89 51261.43 71509.1 93970.57 118838.8 146932.6 176102.2 207055.6 230420.1 22 
0.9999322 0.4871717 0.1829952 0.04478212 0.0620871 0.08238767 0.1064261 0.1347134 0.1694886 0.2304933 0.3091192 0.4881336 1 10273.19 20545.69 34149.48 51079.93 71147.65 93844.94 118553.3 146459.1 175256.3 206672.3 229403.9 23 
0.9999397 0.4916002 0.1826829 0.04356862 0.06041033 0.0823005 0.1042586 0.1359566 0.1716196 0.2231972 0.3198622 0.4919225 1 9985.744 19970.89 33212.23 50161.46 69865 92879.57 117980.4 145021.3 175123.3 206608.4 229195.8 24 
0.9998273 0.4868432 0.1853286 0.04529898 0.06093734 0.0818217 0.1054184 0.1327364 0.1754437 0.2257645 0.3190471 0.4804561 0.9999994 10413.55 20825.3 34195.7 51053.03 70992.98 93451.04 119192.7 146502.5 176380.5 207014.4 229884.8 25 
0.999908 0.4942472 0.1817566 0.04417513 0.06092757 0.07958205 0.1075596 0.1339815 0.1716321 0.2277341 0.31552 0.4814382 0.9999999 10093.13 20185.33 33489.25 49806.93 70105.31 92669.02 117699.4 145209.8 174643 205381.4 228479.9 26 
0.9999498 0.4920637 0.1813243 0.04342457 0.06083362 0.08128861 0.103446 0.1327451 0.1714832 0.229289 0.3130996 0.4927538 1 9894.638 19788.78 33047.29 49685.73 69137.68 91516.28 116587.2 144360.1 173587.9 205183.4 227858 27 
0.9999621 0.4924333 0.1814202 0.04493675 0.06286785 0.08153524 0.1063512 0.1348482 0.1754711 0.2223283 0.3149062 0.4901741 1 10262.99 20525.6 34237.84 50903.28 70868.24 93490.1 118956.8 145561.2 174865.3 206114.4 228387.5 28 
0.9999234 0.484841 0.184797 0.04541976 0.06102782 0.08207564 0.1041067 0.1367645 0.1717579 0.2228925 0.314815 0.4882293 1 10430.5 20860.2 34236.9 51128.56 70794.94 93940.11 119030.7 145997.1 175594.1 207042.8 229646.7 29 
0.9999685 0.4837887 0.182649 0.04579498 0.06070931 0.08228359 0.1044014 0.1351743 0.1692782 0.2266121 0.3151328 0.4911321 1 10508.13 21015.92 34307.7 51229.03 70931.85 93778.51 118521.3 146036.9 175629.3 207214.3 229460.3 30 
0.9999682 0.4826613 0.1836468 0.04462006 0.0626478 0.08235909 0.1066669 0.1358363 0.171398 0.2289921 0.3097383 0.4928595 1 10265.25 20530.18 34299.14 51266.02 71430.45 94369.61 119382 147071 175946.5 207661.6 230059.2 31 
0.9999146 0.4874636 0.1852935 0.04338511 0.06168908 0.08022035 0.1050052 0.1323113 0.1761561 0.2253884 0.3173763 0.4861545 0.9999999 9948.889 19896.93 33427.77 49937.02 69812.58 92225.76 118116.9 145406.8 175172 206293.6 229315.8 32 
0.9998897 0.4852534 0.1850985 0.0452582 0.06187505 0.08069249 0.1063933 0.1337396 0.1699409 0.2223538 0.3166173 0.4883673 0.9999999 10408.7 20816.26 34400.25 51018.3 71160.17 93783.82 118685 145727.3 175670.3 207230.2 229984.9 33 
0.9999328 0.4934594 0.1814839 0.04505118 0.06237587 0.08405273 0.1039027 0.1392087 0.1723249 0.2269315 0.3227608 0.4854396 1 10265.65 20530.62 34102.28 51249.08 70662.83 93970.17 118804.4 145871.3 175631 205941.9 227866.5 34 
0.9999269 0.4790902 0.1863299 0.04563717 0.06077971 0.08425416 0.1061394 0.1322937 0.176795 0.2240311 0.3141455 0.4909024 1 10524.51 21048.25 34423.61 51837.38 71925.25 94304.53 120254.5 147322.5 176773.9 208337.3 230612.7 35 
0.9998992 0.4891014 0.1830353 0.04568047 0.06061988 0.08262537 0.1086035 0.1316471 0.1701997 0.227001 0.3113172 0.484911 0.9999999 10487.56 20974.06 34253.61 51255.78 71756.07 93905.67 118770.6 146287.8 175457.3 206745.6 229585.1 36 
0.9997623 0.4987252 0.1810816 0.04375211 0.06176352 0.08207443 0.1029829 0.1354359 0.1713135 0.2273869 0.3145523 0.4823287 0.9999988 9982.926 19963.48 33434.75 50228.36 69567.9 92380.19 117323.6 144755.9 174070.4 204876.3 228170.1 37 
0.9999203 0.490864 0.1826472 0.04424668 0.06245113 0.08262441 0.1042597 0.1359948 0.1724892 0.2277781 0.3132943 0.4954942 1 10118.23 20235.66 33883.34 50811.23 70405.88 93299.22 118385.9 145798.2 174912.3 206530.9 228677.8 38 
0.9998857 0.4858036 0.1827342 0.04526957 0.06133594 0.08118473 0.1083234 0.1319275 0.1752942 0.226729 0.3129218 0.4806453 0.9999999 10402.02 20802.86 34256.21 50970 71459.4 93708.58 119370 146740.5 175949.2 206772 229779.6 39 
0.999997 0.4784888 0.1853542 0.04550501 0.0604258 0.08319942 0.1044192 0.1367752 0.1730581 0.2266045 0.3118276 0.4885415 1 10517.91 21035.79 34366.84 51613.01 71456.9 94735.56 120160.8 147691.5 176991.2 208581 231137.4 40 
0.9999197 0.4836421 0.1839394 0.04376662 0.06263139 0.08168462 0.1078658 0.1358317 0.1725789 0.229213 0.3184395 0.4890497 0.9999999 10052.07 20103.33 33856.97 50670.42 71058.46 93961.96 119107.7 146740.4 176328.8 207297.8 229674.3 41 
0.9999222 0.4872467 0.1828969 0.04532586 0.06267593 0.08155927 0.1068465 0.1331279 0.1748958 0.2272853 0.3129374 0.4842693 1 10425.44 20850.07 34611.17 51395.22 71589.05 94060.55 119651.2 147089.5 176280 207314.5 230010.8 42 
0.9998391 0.4863261 0.1850286 0.04450187 0.06131554 0.08233855 0.1048026 0.1340046 0.1732191 0.2268263 0.3173106 0.4860106 0.9999995 10239.28 20476.91 33953.67 50940.18 70778.99 93485.16 118900.5 146413.6 176169 207278.9 230086.5 43 
0.9998676 0.4958361 0.1811386 0.04438538 0.06121012 0.08130261 0.1053476 0.13381 0.1728371 0.2273439 0.3152491 0.4857611 0.9999999 10115.45 20229.56 33557.53 50175.77 69956.76 92433.49 117579.1 144935.8 174243.6 205164 227900.5 44 
0.999943 0.4852448 0.1831761 0.04426061 0.06253569 0.08135823 0.1052795 0.1361953 0.1736675 0.2234492 0.3126157 0.4933521 1 10192 20383.41 34145.13 50928.81 70879.74 93971.44 119405.3 146445.5 175821.8 207688 230272.4 45 
0.9999453 0.4863334 0.1830131 0.04540982 0.06182782 0.08285267 0.1051155 0.1334749 0.1769234 0.2280407 0.3095033 0.4894479 1 10462.01 20923.44 34520.02 51613.22 71502.04 94101.36 120058.2 147594.2 176443.1 207943.9 230390.9 46 
0.9999589 0.5006902 0.180644 0.04414908 0.05977129 0.0814381 0.1063302 0.1337754 0.169213 0.228165 0.3123356 0.4834719 1 10062.13 20123.85 33144.22 49823.77 69827.58 92318.04 116960 144563.9 173728.4 204771.9 227912.6 47 
0.9998929 0.4838354 0.1835945 0.04464882 0.06068101 0.08108337 0.1046054 0.1366295 0.1747832 0.2265297 0.3109812 0.4839987 0.9999999 10251.47 20501.84 33810.07 50512.9 70312.84 93467.92 119040.2 146388.6 175425.5 206561.7 229602.2 48 
0.9999455 0.4866277 0.1831966 0.04515776 0.05953988 0.08406284 0.1059086 0.1353399 0.1712003 0.229115 0.3165793 0.4866858 1 10372.39 20744.21 33801.35 51138.44 71144.19 94001.13 119000.4 146728 176261.5 207289.5 229692.2 49 
0.9998983 0.4828513 0.1857072 0.0451818 0.06159646 0.08416049 0.1052364 0.136026 0.1705376 0.2303482 0.3115405 0.4891837 0.9999999 10377.31 20753.56 34259.65 51575.84 71404.88 94336.96 119174.7 147000.8 175963.7 207271.5 229678.9 50 
0.9999227 0.4958129 0.1821811 0.04458106 0.0611263 0.08271768 0.1060162 0.1345332 0.172526 0.225572 0.3172016 0.4935447 1 10175.66 20350.53 33679.07 50612.49 70519.36 93101.77 118164.4 145278.1 174803.9 206170.2 228250.7 51 
0.9998747 0.4856822 0.1844233 0.04536484 0.06067195 0.08166694 0.1049359 0.1345722 0.1703371 0.2296408 0.3106687 0.4878417 0.9999998 10411.97 20822.64 34113.52 50917.19 70744 93500.68 118427 146305.8 175357.5 206802.5 229516.3 52 
0.9999778 0.4922042 0.1818181 0.0437745 0.06141045 0.08103504 0.1036455 0.1339902 0.1739515 0.22454 0.3166859 0.4933917 1 9999.12 19998.02 33411.11 50023.42 69548.89 92174.41 117611.7 144734.6 174398.3 205977.6 228423.4 53 
0.9999159 0.487593 0.1832409 0.04379736 0.06118064 0.08201114 0.1051198 0.1325093 0.1751999 0.2224507 0.3213574 0.4871608 0.9999999 10057.5 20114.16 33546.5 50449.92 70338.5 92772.6 118502.8 145446.9 175711.2 206844.5 229637.2 54 
0.9998453 0.4910882 0.1826858 0.04439922 0.06053174 0.08093945 0.1052305 0.1334592 0.1719017 0.2241374 0.3128954 0.4830533 0.9999997 10122.27 20242.97 33427.32 49988.29 69775.15 92227.19 117284.7 144337.4 173635.6 204710.8 227983 55 
0.9998932 0.4955447 0.180183 0.04398628 0.06196141 0.08306178 0.1061401 0.1332926 0.1723743 0.2264681 0.3105833 0.4884098 1 10050.04 20099 33631.16 50646.66 70582.6 92959.74 118039.2 145307.5 174232.5 205589.8 228481.2 56 
0.9998943 0.4839914 0.184856 0.04501144 0.05957681 0.08061816 0.105476 0.1321037 0.1724634 0.227102 0.3102092 0.4833412 0.9999999 10349.09 20697.08 33776.31 50419.65 70438.29 92864.68 118273.6 145960.1 175187.6 206598.6 229921.3 57 
0.999938 0.4933119 0.1813604 0.04405217 0.06231259 0.08281317 0.1023172 0.1346584 0.1719425 0.2256012 0.316157 0.4931115 1 10066.48 20132.33 33743.03 50703.91 69923.23 92628.86 117716.2 144971.8 174549.7 206096 228512.6 58 
0.9999649 0.4696722 0.1899094 0.04636062 0.06217847 0.08312698 0.1060576 0.1348349 0.174921 0.2292086 0.3127194 0.4929249 1 10762.62 21524.86 35289.64 52547.38 72734.97 95677.75 121427.7 149266.5 178541.7 210255.8 232150 59 
0.9999593 0.4829765 0.1850205 0.04591523 0.06231231 0.08065859 0.1088997 0.1300253 0.1713684 0.2286322 0.3159946 0.487482 1 10598.66 21196.89 34919.22 51574.55 72247.34 94241.77 119460 147338.7 177059.8 208420.9 230831.1 60 
0.9999532 0.4833126 0.1857307 0.04426008 0.06303748 0.08195756 0.1046256 0.1341642 0.1711069 0.2278946 0.3124179 0.4934455 1 10181.87 20363.27 34222.02 51104.07 70888.59 93603.86 118686.4 146376.6 175684.9 207512.7 230046.4 61 
0.9999214 0.4887225 0.1819131 0.04515339 0.06059887 0.08133038 0.1054598 0.1353591 0.1733789 0.2286461 0.3159572 0.4870921 1 10382.26 20763.7 34066.6 50838 70815.71 93752.22 119153.2 146842.1 176354.1 207474.3 229933.1 62 
0.9999626 0.4856476 0.1850508 0.04455325 0.06046888 0.08185489 0.1064642 0.1318886 0.1727345 0.226279 0.3181591 0.4946236 1 10233.61 20466.84 33736.6 50612.98 70766.06 93073.32 118435.4 145919.8 175819 207512 229693.9 63 
0.9997481 0.489475 0.1835971 0.04418547 0.06137574 0.08206063 0.1058929 0.1347909 0.1719994 0.2244212 0.3169464 0.4785925 0.9999981 10116.5 20230.45 33656.75 50504.13 70457.69 93163.7 118228.3 145302.7 174954.2 205531.1 228955.3 64 
0.9997028 0.4868026 0.1847985 0.04406738 0.06151484 0.08102674 0.1050581 0.1351911 0.1717587 0.2250018 0.311464 0.4830522 0.9999971 10132.71 20262.42 33777.61 50482.01 70382.71 93297.35 118469.6 145776 175065 206335.7 229936.8 65 
0.9999199 0.4881506 0.1837692 0.04443806 0.06136115 0.08111994 0.1047052 0.1310602 0.1735191 0.2272704 0.3148706 0.491509 1 10180.13 20359.44 33790.11 50455.39 70220.24 92368.56 117848.1 145428.3 174953.4 206528.3 229085.8 66 
0.999927 0.4894899 0.1807179 0.04506914 0.06179568 0.08294723 0.1032586 0.137445 0.1694281 0.22652 0.3136421 0.4854526 1 10339.22 20677.69 34213.68 51259.43 70718.19 93944.06 118638 146058.4 175423.3 206617.4 229408 67 
0.9998953 0.4819117 0.1850098 0.04325327 0.06255705 0.08073603 0.1081793 0.1340282 0.1702437 0.2284051 0.3163349 0.4852701 0.9999999 9912.99 19824.94 33539.86 50132.02 70568.25 93146.96 117981.1 145625.8 175165.9 206144.3 229184.8 68 
0.9999811 0.4893271 0.1834027 0.04407391 0.06099896 0.08448852 0.1040682 0.1333352 0.1708461 0.2266006 0.3153504 0.4884827 1 10071.12 20142.05 33465.93 50794.72 70335.74 92766.52 117675.2 145068.1 174550.9 205817.9 228505.3 69 
0.9999914 0.4874099 0.1828844 0.04399294 0.06330872 0.08123246 0.1060608 0.1330385 0.1737839 0.2270582 0.3128009 0.4985596 1 10059.24 20118.39 33957.28 50589.93 70542.13 92914.84 118251.5 145602.1 174725.6 206624.3 228655.7 70 
0.9999612 0.4857949 0.1841693 0.04591606 0.06046324 0.0839166 0.1070636 0.1285144 0.1711248 0.227816 0.3154276 0.4937982 1 10510.47 21020.53 34224.63 51442.22 71565.17 93133.14 118161 145777.9 175303.6 206945.3 228906.2 71 
0.9997497 0.4927353 0.1817768 0.04392616 0.06004828 0.08236725 0.1056252 0.1302032 0.1759285 0.2260288 0.3129371 0.4815409 0.9999984 10065.53 20128.55 33278.96 50232.16 70178.96 92166.36 118004.8 145356 174659.8 205635.7 229146.7 72 
0.9999052 0.489905 0.181948 0.04509728 0.06062271 0.0825772 0.1021059 0.1363524 0.1733117 0.2248679 0.3121118 0.4916724 0.9999999 10334.27 20667.56 33931.11 50902.08 70152.5 93233.84 118569.7 145743.5 174977.1 206654.1 229155.1 73 
0.9998094 0.4867193 0.18389 0.04489899 0.06123801 0.08173479 0.1058683 0.1340929 0.173492 0.2283091 0.3120067 0.4860262 0.9999993 10275.2 20548.44 33929.7 50694.48 70632.5 93209.96 118501.4 146006.5 175009.1 206088.2 228851.4 74 
0.9998258 0.4916499 0.1808757 0.043829 0.06090626 0.08077104 0.1041324 0.1339076 0.1712255 0.225452 0.3146397 0.481823 0.9999996 10063.52 20125.29 33493.46 50140.48 69866.99 92590.38 117752.9 145208.5 174883.7 206024.6 229608.7 75 
0.9999461 0.488953 0.1826895 0.0450353 0.06138522 0.08232027 0.1061131 0.1362127 0.1714614 0.2293559 0.3180318 0.4865418 1 10317.78 20635.01 34064.16 50967.3 70961.7 93903.46 118847.5 146492.1 176032 206850.1 229104.3 76 
0.9999357 0.4940898 0.1801479 0.04522179 0.06061351 0.08143606 0.1062871 0.1345949 0.1705493 0.2254867 0.3158653 0.4904451 1 10303.39 20606.13 33790.54 50430.01 70377.97 92953.01 117707.3 144852.8 174303.1 205585.7 227841.4 77 
0.999942 0.4850486 0.1845778 0.04540386 0.06068578 0.08277045 0.1077993 0.1328148 0.1724372 0.225169 0.3146646 0.4907384 1 10400.49 20800.37 34069.06 51067.78 71373.67 93693.86 118823.2 145977.8 175379.6 206803.8 229066.1 78 
0.9997975 0.4914996 0.1827397 0.04403493 0.06122331 0.08199308 0.1051619 0.133708 0.1724363 0.2273879 0.3105448 0.4850793 0.9999992 10065.09 20128.15 33501.7 50313.99 70106.72 92623.12 117775.8 145221.3 174176.5 205356 228570.6 79 
0.9997801 0.4869571 0.1826816 0.04470844 0.06256421 0.08220545 0.105091 0.1352187 0.1733115 0.2262082 0.311693 0.4774766 0.9999993 10273.73 20545.19 34274.78 51183.97 71021.19 93860.35 119172 146479.4 175590.5 206280.8 229793.8 80 
0.9998852 0.4903111 0.18277 0.04495895 0.06142522 0.08379418 0.1061117 0.1342232 0.1708166 0.2288467 0.3125288 0.4796212 0.9999999 10272.39 20543.6 33944.92 51102.71 71008.28 93514 118309.4 145852.2 174856.3 205454 228483.7 81 
0.9998107 0.4914898 0.1819182 0.04305043 0.06113316 0.0799164 0.1039885 0.1333253 0.1720696 0.224839 0.317594 0.4813895 0.9999994 9857.519 19713.17 33104.85 49539.23 69213.05 91811.83 117086.5 144426.2 174358.6 205314.4 228976.1 82 
0.999969 0.4903202 0.1814397 0.04512418 0.05996394 0.08275045 0.1032073 0.1345415 0.1725015 0.2273681 0.313909 0.4974543 1 10309.29 20618.26 33699.1 50668.03 70080.2 92773.88 117955.3 145420.1 174716.4 206568.5 228464.9 83 
0.9999038 0.4909723 0.1811892 0.045176 0.06137683 0.08226395 0.1044022 0.1344105 0.1741586 0.2278553 0.3173832 0.4858256 1 10359.75 20718.5 34155.58 51059.26 70746.05 93444.17 118900.2 146402.8 175981 206884.9 229319.7 84 
0.9999139 0.4870416 0.1835586 0.04437648 0.06197796 0.08160021 0.1032476 0.1353646 0.1709818 0.2284762 0.3091059 0.4936946 0.9999999 10176.51 20352.14 33932.58 50703.68 70191.35 93102.17 118122.6 145838.4 174766.3 206686.2 229322.1 85 
0.9998306 0.4838424 0.1850575 0.04555754 0.06039649 0.08311332 0.1055157 0.1340322 0.1742223 0.226822 0.3105276 0.4886095 0.9999995 10503.2 21004.63 34291.01 51469.29 71463.27 94178.76 119745.7 147229.3 176317.5 207871.6 230548.1 86 
0.9998328 0.4908268 0.1814435 0.04464364 0.06071452 0.08197164 0.1053274 0.1359485 0.1702371 0.2241105 0.316532 0.4815026 0.9999997 10217.31 20432.91 33704.5 50533.49 70383.12 93302.95 118098.9 145182.1 174858.8 205709.1 228863.7 87 
0.9999811 0.4873637 0.1820527 0.04496628 0.06168102 0.08388212 0.1037368 0.1347244 0.1733507 0.2274568 0.3123876 0.4844346 1 10307.88 20615.56 34118.86 51349.62 70871.16 93593.81 118891.9 146331.5 175444.7 206488.1 229235.7 88 
0.9998596 0.4890332 0.1828965 0.04519487 0.0610573 0.08270116 0.1034902 0.1346585 0.1724118 0.2283328 0.3127541 0.4849921 0.9999998 10354.69 20707.92 34061.74 51043.83 70535.63 93271.53 118459.7 146063.9 175238 206326.7 229112 89 
0.9998529 0.4823856 0.1852044 0.04521532 0.06193672 0.0809484 0.1049314 0.1363328 0.1738034 0.2260672 0.312423 0.4863201 0.9999997 10381.23 20760.94 34335.3 50976.23 70799.81 93851.43 119229.9 146499.9 175664.3 206875.8 229595.5 90 
0.9998187 0.4947808 0.1818185 0.04339452 0.06124817 0.08076766 0.1039163 0.1319651 0.1724761 0.2225413 0.3127782 0.4860404 0.9999994 9889.264 19776.73 33125.42 49648.55 69188.43 91421.57 116642.9 143569 172988.4 204402 227892 91 
0.9999509 0.4887525 0.1822712 0.04570634 0.06176018 0.08032455 0.1076455 0.1349498 0.175677 0.224317 0.3201697 0.4872996 1 10457.07 20913.64 34396.78 50849.34 71126.47 93809.82 119353.3 146238.1 176002.8 206799.1 228788.3 92 
0.9999688 0.4801488 0.185074 0.04463348 0.06302707 0.08301167 0.1060837 0.1330618 0.1731968 0.2249277 0.3153309 0.4829652 1 10299.01 20597.7 34491.2 51636.44 71727.8 94254.75 119674.4 146968.4 176625.2 207724 230746.2 93 
0.999975 0.4861528 0.183449 0.04500299 0.06132053 0.08067975 0.1042175 0.1366946 0.1720725 0.222868 0.3121519 0.4969323 1 10334.33 20668.4 34115.62 50723.05 70444.54 93615.72 118796.3 145797.7 175187.3 207369.2 229636.5 94 
0.9999483 0.4791386 0.1849593 0.04612171 0.06111047 0.08291737 0.1042887 0.1356197 0.17173 0.228974 0.3141855 0.485857 1 10599.81 21199.08 34594.8 51659.56 71342.38 94268.47 119360.9 147071.4 176386.8 207476.1 229822.7 95 
0.9999869 0.4888562 0.1821874 0.04517084 0.06163628 0.08263938 0.1047518 0.1347092 0.1746597 0.2243538 0.3131747 0.4890648 1 10350.75 20701.37 34186.87 51153.13 70881.78 93594.73 119076.4 146091 175340 206711.4 229146.8 96 
0.9999233 0.4917389 0.1817483 0.04510647 0.06204423 0.08062249 0.1059161 0.135566 0.1687682 0.2260922 0.3146848 0.4883294 1 10332.6 20664.41 34234.31 50772.78 70747.44 93604.91 118201.6 145590.6 175091.4 206463.3 229071.4 97 
0.9998387 0.4847703 0.1831464 0.04499845 0.06229002 0.08103798 0.1062355 0.1345137 0.1744742 0.2242848 0.3168145 0.4806885 0.9999997 10351.53 20701.38 34382.56 51071.31 71174.66 93922.89 119457.8 146552.3 176238.4 207006.1 230041.8 98 
0.9998562 0.4912716 0.1821205 0.04466704 0.06062847 0.08194305 0.1039659 0.1338243 0.1729872 0.2249837 0.313523 0.4852587 0.9999998 10201.12 20400.77 33625.76 50415.34 69970.09 92522.25 117770.9 144925.6 174250.5 205405.4 228381.3 99 
0.9998646 0.4826179 0.1856689 0.04522168 0.06314659 0.08229322 0.1047301 0.1356097 0.1704374 0.2288555 0.3109891 0.4877159 0.9999998 10405.57 20809.72 34679.94 51613.06 71388 94310.34 119210.6 146945 176004.9 207403.4 230101.3 100 
