3.222846e-08 0.007469687 0.002433695 0.001903285 0.002219228 0.002583828 0.003039943 0.003578062 0.004281232 0.005282206 0.006782345 0.009790514 1.295457e-05 192.1894 260.2057 277.8891 283.4108 275.3344 266.616 250.4352 238.3691 225.6218 0.01482386 1 
NaN 0.007372144 0.002380603 0.00187034 0.002129384 0.002521863 0.002967753 0.003486966 0.004139796 0.005080693 0.006632702 0.009591408 9.478449e-06 188.1993 247.374 270.4638 275.5338 268.0004 256.3921 246.6894 234.1174 220.2602 0 2 
6.632047e-10 0.007578235 0.002386319 0.001886431 0.00214553 0.002503167 0.002928778 0.003461335 0.004153251 0.005101238 0.006615249 0.009707084 9.569726e-06 188.8001 251.0152 269.7667 273.6279 271.0885 259.7018 245.0628 233.4179 218.2663 0.0003552512 3 
2.640339e-08 0.007404443 0.002389007 0.001888789 0.002130297 0.002538313 0.002959639 0.003478247 0.004162566 0.005092046 0.006577473 0.009629516 4.505503e-06 189.7908 247.398 272.4604 272.1371 269.2175 258.1394 244.3756 235.1533 220.9078 0.01204892 4 
2.387113e-14 0.007289365 0.002442869 0.001966453 0.002217751 0.002628591 0.00309741 0.003629459 0.004329003 0.005387174 0.00699872 0.0100157 9.299712e-06 198.6351 258.1377 280.8812 285.8324 275.0445 269.007 256.2923 240.36 229.1752 0.0001892949 5 
2.894265e-08 0.007642728 0.002375183 0.001869546 0.002101754 0.002500354 0.002917488 0.003445999 0.004131226 0.00504668 0.006514527 0.009505653 2.871674e-06 186.8554 245.8356 271.6862 272.1428 270.1717 256.5992 241.5368 230.3343 215.5877 0.01309062 6 
3.715792e-13 0.007554103 0.002389283 0.001887741 0.002130949 0.002516928 0.002962411 0.00348591 0.004166669 0.005142888 0.006677962 0.009688212 8.428877e-06 189.3525 249.3013 272.4133 277.891 270.7021 260.963 247.2578 233.5984 219.093 0.0001329399 7 
4.516585e-09 0.007699494 0.002367572 0.001845517 0.002115468 0.00245837 0.002894814 0.00341445 0.004072121 0.004980825 0.006382808 0.009118529 8.869343e-06 184.4172 247.843 265.5894 272.175 265.7034 253.3859 238.9955 225.1814 214.8129 0.002036522 8 
6.676541e-09 0.007392654 0.00236432 0.00186654 0.00214426 0.002502989 0.002937943 0.003477411 0.004160921 0.005123531 0.006702997 0.009585581 5.775075e-06 186.7134 248.3408 266.4101 272.0129 269.3036 256.4314 246.6245 230.284 216.9723 0.003037763 9 
2.618012e-08 0.00745871 0.002378703 0.001876076 0.002109037 0.002499609 0.002926707 0.003444886 0.004137759 0.005109107 0.006599592 0.009551635 6.5177e-06 188.6865 245.6237 268.9929 272.302 268.5637 260.6558 246.1445 234.0491 219.6335 0.01190471 10 
9.817742e-14 0.007556228 0.002350907 0.0018482 0.002085395 0.00244154 0.002863447 0.003364779 0.004006983 0.004948756 0.006478434 0.009346975 3.181152e-06 184.6185 242.5838 262.0459 267.8055 262.5947 252.7749 244.1887 229.1321 215.8155 2.145954e-05 11 
1.422148e-08 0.007336686 0.002392257 0.001888327 0.002168728 0.002537035 0.002994836 0.003518367 0.004201527 0.005202323 0.006692713 0.009606238 5.586212e-06 190.2028 251.9896 270.2657 278.1903 268.9528 262.608 248.0483 234.362 223.287 0.006518083 12 
4.679948e-09 0.007427858 0.002405284 0.001871486 0.002119796 0.002520859 0.002973339 0.003489085 0.004172977 0.005173799 0.00668486 0.00967604 4.302042e-06 188.0181 246.3362 271.5101 278.0693 269.3537 263.3366 248.8109 235.2188 222.5543 0.002123076 13 
3.574779e-09 0.007377989 0.002386955 0.001909206 0.002133569 0.002520018 0.002949825 0.003501389 0.0041972 0.005142012 0.006714707 0.009550472 9.418369e-06 192.3332 248.4016 269.9005 273.3788 273.6918 258.763 249.4635 232.9614 221.7693 0.001652364 14 
1.046675e-11 0.00743535 0.002409155 0.001909368 0.002175389 0.002532081 0.002978284 0.003520003 0.00419348 0.005117417 0.006663601 0.009682881 3.832052e-06 192.4362 254.0342 270.1122 277.0193 272.2846 258.5727 247.8003 236.9655 222.6512 6.431545e-05 15 
NaN 0.007440333 0.002385901 0.001880561 0.002124134 0.002524057 0.002951324 0.003484622 0.004173968 0.005119088 0.006669265 0.009634954 1.201045e-05 188.9679 247.0206 271.3727 273.0971 271.0792 258.2974 246.7012 233.8783 218.4494 0 16 
1.111786e-08 0.007224713 0.002414994 0.001902929 0.002165245 0.002555515 0.003034063 0.003579412 0.004237056 0.005164736 0.006721329 0.00979787 9.070341e-06 192.0733 250.3775 271.2565 281.3372 272.5822 259.3129 249.2248 239.0459 226.2345 0.00511867 17 
6.180527e-10 0.007647829 0.002359005 0.00187299 0.002099115 0.002498615 0.002934132 0.003422842 0.00406461 0.005049521 0.006590623 0.009487242 5.85785e-06 187.3547 246.1408 272.3179 275.8368 263.9912 256.7717 245.7015 229.1793 215.8948 0.0002897149 18 
1.645951e-08 0.007382893 0.002416963 0.001938367 0.002195256 0.002554886 0.003008107 0.003562505 0.004276037 0.005257481 0.006812611 0.01003167 4.970113e-06 195.0052 255.8278 271.7642 279.4522 275.5291 264.7863 249.2742 239.3973 222.9212 0.007609481 19 
NaN 0.007243133 0.002432852 0.001930038 0.002211505 0.002608997 0.003061156 0.003603571 0.004308262 0.005311644 0.006909228 0.009961518 7.327236e-06 194.9347 256.6247 277.6923 281.2546 275.9025 265.6754 254.1996 240.4017 228.4577 0 20 
4.526899e-14 0.007258296 0.002408419 0.001877892 0.002195451 0.002581276 0.003025952 0.003568885 0.004285551 0.005298582 0.006878997 0.009886946 4.195129e-06 189.516 254.7495 275.6632 279.1923 275.3726 265.9284 252.9642 238.2441 225.6758 3.168692e-05 21 
9.033846e-14 0.007425029 0.002380454 0.001857493 0.0021398 0.00254095 0.002971341 0.003487991 0.004145819 0.005061016 0.006606323 0.009623572 4.297443e-06 186.7225 249.1118 274.0018 274.7539 269.0496 255.4221 245.4246 234.2263 219.8035 3.36295e-05 22 
9.579703e-09 0.007374788 0.002407105 0.00188417 0.00216391 0.002553771 0.002989047 0.003503153 0.004170921 0.005126588 0.006653915 0.009643506 4.920663e-06 189.853 251.8498 273.796 275.9149 269.2053 259.3568 248.0575 236.1354 223.7192 0.004379631 23 
8.7802e-10 0.007560297 0.002356461 0.001822629 0.002088922 0.002474997 0.002891889 0.003412929 0.004079462 0.004987279 0.006471955 0.009384137 8.910226e-06 182.1726 243.1767 267.9593 269.874 267.5173 253.9542 242.018 228.8666 215.8042 0.0004229279 24 
5.973395e-12 0.00717013 0.002410982 0.001915649 0.002188444 0.002590086 0.003042507 0.003580602 0.004275876 0.005275682 0.006894814 0.009970454 1.099151e-05 193.6375 253.1218 275.0309 279.3179 273.8004 263.838 253.4916 240.3412 226.4766 0.0002888492 25 
5.351416e-13 0.007419387 0.002375529 0.001863378 0.002131782 0.002487866 0.002953214 0.003486268 0.004149558 0.005113811 0.006666208 0.009556282 2.869972e-06 187.0861 247.8126 265.8719 277.1172 269.4107 258.2374 247.6282 232.2962 219.6361 1.422219e-05 26 
1.551386e-10 0.007672462 0.002347764 0.001807948 0.00207915 0.002450595 0.002851779 0.003328295 0.003987477 0.004952163 0.006442431 0.009330521 2.223836e-06 180.7888 243.3995 267.1859 267.6776 261.6007 256.1542 243.9304 228.9691 215.2481 7.024515e-05 27 
7.437357e-14 0.007436338 0.002416186 0.001925203 0.002205473 0.002576374 0.003030683 0.003565731 0.004266918 0.005263352 0.006756843 0.009814496 9.305297e-06 193.9393 257.9187 276.0608 281.5244 273.5679 265.1449 248.7239 237.0924 224.3169 0.0001642839 28 
2.466165e-09 0.007323813 0.002403737 0.001913958 0.002171863 0.002574414 0.003014187 0.003557176 0.00426559 0.005234718 0.006777673 0.009899418 8.885996e-06 192.4276 251.8913 275.1521 277.4389 274.512 262.957 249.0715 237.5605 224.045 0.001145932 29 
2.724555e-09 0.007486254 0.002452384 0.001959404 0.002192584 0.002602503 0.003035631 0.003585135 0.004293255 0.005242758 0.006822357 0.009839419 4.650402e-06 197.9417 257.3847 281.3611 280.8197 279.768 264.4494 253.8078 239.9063 228.795 0.001261192 30 
4.699854e-08 0.007514977 0.002418152 0.001885221 0.002175156 0.002561193 0.002999292 0.003526917 0.004209225 0.005173419 0.006729125 0.009661892 7.505952e-06 190.1112 255.2039 277.4487 279.2579 273.226 261.1256 249.4751 235.5411 222.0733 0.02152243 31 
2.010883e-13 0.00732776 0.00239935 0.001844696 0.002169153 0.002539532 0.002980376 0.003495654 0.004192072 0.005215085 0.006759037 0.009706616 2.74013e-06 185.8057 251.6702 271.4828 276.3977 269.2561 264.3492 250.9222 236.2942 223.5211 1.744265e-05 32 
5.890382e-10 0.007459864 0.002390599 0.001883479 0.002144172 0.002518156 0.002942297 0.003457462 0.004125989 0.005052178 0.006553306 0.009631151 7.942826e-06 189.4739 250.4046 270.732 273.0777 268.6169 257.8201 245.1183 235.4542 221.4437 0.0003015163 33 
9.97658e-08 0.007413589 0.002376506 0.001887318 0.002156559 0.002552453 0.002976851 0.003513375 0.004192003 0.00509202 0.006685931 0.009836437 3.009636e-06 189.3706 250.9796 274.2784 273.8452 271.9016 255.1368 245.2365 235.1047 217.9324 0.04575152 34 
4.912826e-08 0.007377432 0.002400028 0.001888557 0.002128764 0.002549857 0.00298964 0.003492345 0.00416058 0.005142516 0.006653422 0.009646329 3.432108e-06 189.7193 246.796 273.8158 275.8568 266.6649 259.9147 246.7109 234.7306 221.5261 0.02243048 35 
1.601441e-08 0.007582535 0.002375986 0.001890438 0.002111995 0.002492993 0.002933609 0.003423991 0.004044749 0.005001038 0.006525801 0.009376441 8.077267e-06 189.4205 246.9902 268.9732 274.0705 261.9235 253.7188 244.2658 229.7927 216.8573 0.007286765 36 
1.920466e-08 0.007640883 0.002347478 0.001830378 0.002114214 0.002458086 0.002859723 0.003360627 0.00402022 0.004961908 0.006469844 0.009269133 2.26773e-06 182.6267 246.9345 265.1854 266.0815 262.8916 252.4441 241.9254 226.049 212.5607 0.008618083 37 
7.087054e-10 0.007649515 0.002391078 0.001863685 0.002143303 0.002506069 0.002910234 0.003426086 0.004102002 0.005044018 0.006571289 0.009437686 6.451407e-06 186.536 251.3052 271.6408 270.4645 268.9585 256.3673 245.8482 229.8883 217.9772 0.00033021 38 
2.153473e-07 0.007487646 0.002410985 0.00190976 0.002157553 0.002535438 0.002999584 0.00351073 0.004178756 0.005195466 0.006714673 0.009684668 2.595748e-06 192.2254 252.0336 272.1481 280.3611 267.3424 263.2252 248.5541 236.0255 221.3721 0.09869357 39 
3.545968e-09 0.007336505 0.002421283 0.001918873 0.002168369 0.002594488 0.00302729 0.003556961 0.004258071 0.005227041 0.00677758 0.009827348 6.610411e-06 193.8707 252.4723 279.2179 278.3842 275.3043 264.0079 251.9485 239.6279 227.7936 0.001636303 40 
1.402233e-09 0.007345061 0.002415648 0.001872905 0.002209271 0.002586703 0.0030495 0.00358755 0.004278474 0.005303 0.006928617 0.009896381 4.491874e-06 188.4032 256.7567 277.1363 283.178 274.4783 264.6334 253.6561 236.5094 224.4364 0.0006429267 41 
6.196166e-08 0.007356674 0.002368496 0.001880191 0.002161889 0.002530964 0.002969481 0.003470324 0.004149075 0.00515878 0.006660556 0.009594815 6.685422e-06 188.7638 250.8212 269.4226 273.6355 263.7485 259.7898 245.2153 232.1345 218.1683 0.02838415 42 
3.436315e-09 0.007448234 0.002374043 0.001863085 0.002147795 0.002522983 0.002952215 0.003461573 0.004144233 0.005126469 0.006652817 0.009686438 9.300167e-06 186.9024 250.0979 271.2096 273.8844 267.3757 259.9365 246.108 233.5738 218.6155 0.001570704 43 
6.354743e-08 0.007521598 0.002349349 0.001839873 0.0021033 0.00245834 0.002876208 0.003388914 0.004074254 0.005025476 0.006484928 0.009453464 4.371774e-06 184.1377 244.9991 264.1538 268.1956 264.6814 256.6873 240.8725 229.6177 213.6225 0.02868821 44 
2.046822e-10 0.007434044 0.002408682 0.001884627 0.002192044 0.002558078 0.003005389 0.003552531 0.004259469 0.005228817 0.00671727 0.00974146 8.50179e-06 189.2157 255.411 274.2147 279.2394 274.705 263.0588 247.3532 234.2859 223.1398 0.0001829297 45 
3.282725e-09 0.007497387 0.00236652 0.001882076 0.002122798 0.002517973 0.002941055 0.003445797 0.00414876 0.005153738 0.006610743 0.009413913 1.006773e-05 188.8059 247.7738 271.8092 272.6792 266.4545 260.9783 244.47 228.6027 217.4012 0.001511041 46 
1.278608e-08 0.007626823 0.002352577 0.001845796 0.002068346 0.002435745 0.002880605 0.003400956 0.004044278 0.004951436 0.006443245 0.009245113 4.073612e-06 184.8116 242.0021 263.8707 272.453 266.0884 252.3235 241.7436 227.1308 213.9612 0.005762558 47 
1.063049e-12 0.007358462 0.002410554 0.001877611 0.002147764 0.002544016 0.002969077 0.00349889 0.004192453 0.005158105 0.006727713 0.009700218 6.073965e-06 188.8318 248.9903 272.2783 273.4365 271.8704 260.6228 250.2447 236.5663 223.4792 7.376993e-05 48 
1.99296e-09 0.007475952 0.002394779 0.001894109 0.00211903 0.002540154 0.002977146 0.003494419 0.004162254 0.005126518 0.00671927 0.009813896 5.950967e-06 190.0033 246.976 274.9341 277.1776 270.4245 258.9537 248.3874 235.2968 219.5876 0.0009128055 49 
NaN 0.007270391 0.002424207 0.001920955 0.002210146 0.002627167 0.003065519 0.00361188 0.004331056 0.005326299 0.006953697 0.009948272 1.196843e-05 193.843 256.6329 281.0903 279.9061 277.7965 264.7722 254.2773 238.9694 226.6252 0 50 
9.376908e-10 0.007666942 0.002356409 0.001859473 0.00209612 0.002476329 0.002899023 0.003401383 0.004049426 0.004971367 0.006468257 0.009432223 1.195734e-05 185.3669 245.105 268.6212 271.1851 264.2238 252.7937 240.4881 227.9695 212.9627 0.0005019024 51 
5.883675e-09 0.007388706 0.002410421 0.001908717 0.002145673 0.002545158 0.002993846 0.003517924 0.004185455 0.005150098 0.00672534 0.009770916 1.212404e-05 192.6318 250.1284 273.5864 278.6775 271.6203 261.1201 250.8972 238.6461 224.7348 0.002715052 52 
8.062303e-10 0.007581996 0.002372495 0.001829828 0.002103622 0.002472246 0.002877529 0.00338341 0.004050697 0.004978894 0.006476563 0.009479825 7.2328e-06 183.1078 245.6225 267.75 268.4342 266.0729 255.6611 243.3354 231.2406 216.8489 0.0003775915 53 
2.234106e-08 0.00741643 0.002406359 0.001862082 0.002147629 0.002542306 0.002980662 0.003512791 0.00423147 0.005230987 0.006729684 0.0098462 2.787149e-06 187.2196 250.1379 274.4211 277.6591 273.3196 265.4844 247.8278 236.36 221.3206 0.01017239 54 
3.578375e-09 0.007527645 0.002394533 0.001868906 0.002112802 0.002507259 0.002933796 0.003447776 0.004132649 0.00508216 0.006517278 0.009472994 1.259826e-05 187.4976 246.1013 270.4091 272.8108 268.1699 259.6717 243.9148 233.3338 220.5291 0.001645591 55 
7.628754e-15 0.007686636 0.002358502 0.001830379 0.002092331 0.002467126 0.002876665 0.003359341 0.003999782 0.004936775 0.006410321 0.009219439 1.416739e-05 182.664 244.9197 268.3344 268.6941 260.9809 251.9798 240.5395 225.4691 212.9214 0.0004057661 56 
7.316694e-13 0.007279185 0.002405982 0.001879897 0.002121165 0.002533918 0.002981181 0.003494728 0.0041761 0.005182286 0.006718607 0.009614345 5.202185e-06 190.0807 245.9546 271.7665 276.8032 269.2075 263.4201 251.3433 237.0388 225.3528 6.623523e-05 57 
4.502869e-14 0.007439288 0.002399806 0.0018723 0.002173929 0.002553307 0.002956511 0.003461783 0.004149146 0.005122323 0.006705248 0.009744154 5.655797e-06 188.3816 253.7824 274.9442 271.3449 269.6419 259.8212 249.7204 236.2689 221.6869 6.606087e-05 58 
3.705039e-09 0.00710575 0.002413635 0.001924321 0.002219071 0.002632513 0.003084767 0.003628987 0.004349717 0.0053725 0.006999898 0.01023072 1.911782e-05 194.3054 256.1383 279.2205 281.1978 276.3735 266.9412 254.1646 241.961 227.347 0.001868465 59 
7.284228e-09 0.007270484 0.002419217 0.001933422 0.002202383 0.002578151 0.003044024 0.003571203 0.004232162 0.00522097 0.006828179 0.01002907 9.151266e-06 195.0974 255.9465 273.7581 281.7102 271.032 262.4698 251.6432 241.0409 225.8973 0.003379616 60 
3.554464e-10 0.007433766 0.002385432 0.001847697 0.002157722 0.002529944 0.002940409 0.003444518 0.004122216 0.005104333 0.006687095 0.009660748 1.189742e-05 185.7075 251.5184 272.4666 271.5771 268.0444 258.9218 249.3514 234.1588 220.34 0.0003376493 61 
2.2382e-08 0.007406279 0.002399897 0.001920014 0.002165746 0.002561971 0.00301755 0.003549628 0.004241799 0.005252762 0.006841332 0.009838304 4.836191e-06 193.018 252.2742 275.0426 280.483 272.741 263.5488 251.1588 235.7344 222.3029 0.01030889 62 
4.281063e-08 0.007309771 0.00240158 0.001880574 0.002157124 0.00254961 0.003009437 0.003525287 0.004193528 0.005193309 0.006748951 0.009840429 3.441949e-06 189.2826 249.9368 272.3835 279.2491 268.7128 262.4954 249.7282 238.1272 223.6844 0.01955336 63 
7.012096e-08 0.007522594 0.002353011 0.001824702 0.002100387 0.002471997 0.00289664 0.003403812 0.004060321 0.004970412 0.006414087 0.009351788 9.44287e-06 182.5716 244.0959 265.8211 269.2378 263.4686 253.0535 239.0391 229.5685 214.3595 0.03152072 64 
3.470433e-08 0.007424592 0.00239081 0.001850367 0.00213943 0.002516536 0.002939995 0.003458472 0.004140221 0.005086933 0.006580489 0.009526825 4.039111e-06 186.2064 248.9891 270.2267 272.2763 268.7811 258.8207 245.9421 234.3365 220.9564 0.01572507 65 
2.942995e-08 0.00743753 0.002384251 0.001863287 0.002135712 0.002513252 0.00293604 0.003441797 0.004122492 0.005115143 0.006677595 0.00964732 5.126648e-06 186.9312 248.1649 269.4946 271.8547 266.6675 259.7087 248.3837 234.2355 219.439 0.01333432 66 
2.105586e-08 0.007622347 0.002404048 0.001909661 0.002164603 0.002544822 0.002951227 0.003475235 0.00416831 0.005113718 0.006658516 0.009573315 6.045066e-06 191.9829 254.5618 275.7392 272.6711 272.2135 259.0333 247.7209 233.7952 219.8817 0.009633254 67 
1.48639e-08 0.007462894 0.002421836 0.001837631 0.00217048 0.002516123 0.002989157 0.00353012 0.004191258 0.005136716 0.006682101 0.009624049 5.30847e-06 184.979 252.8238 269.505 281.2879 272.7206 260.2002 249.4073 236.6219 223.581 0.006703253 68 
2.048339e-08 0.007401567 0.002357729 0.001820158 0.002105112 0.002512313 0.002928292 0.003405917 0.004043136 0.005006492 0.006545052 0.009385462 2.962723e-06 182.6254 244.0175 270.5913 269.6019 261.1276 253.5934 244.9032 230.4427 217.2563 0.009232679 69 
4.613631e-10 0.007397819 0.00241112 0.001866894 0.002202349 0.002563734 0.003002604 0.003512062 0.004185792 0.005178643 0.006697426 0.009690427 5.740561e-06 187.1642 255.5317 273.4439 276.7367 267.6495 260.8481 247.899 234.3365 223.2312 0.0002196403 70 
2.826491e-10 0.007310711 0.002404197 0.001923706 0.00215493 0.002581758 0.003033315 0.003542506 0.004189069 0.005185886 0.006811965 0.009818304 4.691226e-06 193.6318 249.8579 276.7003 279.6917 269.1333 259.8132 252.6085 237.0818 225.5306 0.0001395717 71 
1.136069e-08 0.007516805 0.00236845 0.00184019 0.002089614 0.002481622 0.002917511 0.003409793 0.004075693 0.005061761 0.006523479 0.00936731 9.463864e-06 184.3789 243.193 268.0913 272.8535 262.8918 258.4984 243.7669 229.5689 216.9151 0.005121031 72 
4.266135e-09 0.007542921 0.002376544 0.001870718 0.002097988 0.002489047 0.002879805 0.003386773 0.00409971 0.005067629 0.006496236 0.009398528 8.977198e-06 187.2411 244.4351 268.4665 265.2957 266.3723 259.5718 242.7594 229.8661 217.0387 0.001934611 73 
NaN 0.00755105 0.002401831 0.001888128 0.002132415 0.002514369 0.002950152 0.003475144 0.004152614 0.005104566 0.00662409 0.009564632 4.511468e-06 189.4412 248.9613 270.9626 275.1878 270.2498 259.2447 246.9349 233.9449 220.4931 0 74 
1.744657e-08 0.007630124 0.002379811 0.001852914 0.002114215 0.002474014 0.002900489 0.003414169 0.004084017 0.005029935 0.006529847 0.009484229 3.429079e-06 186.3267 248.4559 268.6456 273.3756 268.4155 258.7454 245.6089 233.3117 218.3183 0.007875976 75 
1.109492e-08 0.00734328 0.002401322 0.001904563 0.002174365 0.002581375 0.003024559 0.003544673 0.004229061 0.005221455 0.006773814 0.009738109 3.36256e-06 191.5118 252.4131 276.3802 278.0702 270.5576 261.4596 249.2676 235.1081 223.1368 0.005101893 76 
5.918584e-08 0.007553328 0.002413507 0.001915121 0.002137369 0.002527531 0.00297187 0.003482194 0.004149111 0.005124796 0.006620615 0.009531455 2.674174e-06 192.7555 250.4402 272.9658 277.6602 268.417 260.7975 247.3741 234.4313 221.8534 0.02707925 77 
7.448862e-09 0.007393029 0.002406101 0.001903727 0.002142842 0.002558764 0.003011436 0.003529487 0.004192399 0.005158498 0.006709405 0.009790834 4.075325e-06 191.3512 248.8948 274.9238 279.1341 269.7815 260.1375 248.1215 236.9628 222.6312 0.003411424 78 
8.326181e-09 0.007445048 0.002406532 0.001875552 0.002163606 0.002552087 0.002987513 0.003504671 0.004189349 0.005160399 0.006653017 0.009630031 9.888333e-06 188.7075 252.2664 274.7287 276.7665 270.2857 261.4748 247.3475 235.1876 222.8969 0.003797693 79 
1.576273e-08 0.007456235 0.002410243 0.001893252 0.002177001 0.002560272 0.002991198 0.003508162 0.004194839 0.005172283 0.006688978 0.009599347 6.87334e-06 190.8604 254.5114 275.4622 276.4913 270.5695 261.5074 248.5709 235.3121 222.9483 0.007222592 80 
1.019631e-06 0.007321339 0.002401948 0.001883623 0.002164481 0.002566767 0.002996118 0.003498458 0.004169416 0.005132794 0.006618632 0.009500576 1.298527e-06 190.0986 251.1474 274.0055 273.4907 266.4502 258.623 246.2506 235.344 222.8738 0.4674861 81 
2.139199e-08 0.007660777 0.002405956 0.00184151 0.002135454 0.002487294 0.002923416 0.003430859 0.004091824 0.005059077 0.006589821 0.009551978 4.357712e-06 184.689 250.4913 269.8856 275.808 267.8342 259.435 247.2904 233.7979 218.9332 0.009602839 82 
3.82266e-05 0.004404535 0.002335938 0.002199642 0.002873932 0.003576235 0.004295211 0.00510481 0.006250454 0.007838471 0.01050612 NaN NaN 227.1172 286.6442 315.9159 316.874 316.8414 307.6042 296.924 285.6229 16.55732 20.43528 83 
4.133676e-08 0.007536349 0.00237421 0.001891845 0.002134513 0.002520042 0.002951175 0.003463877 0.004156147 0.00513841 0.00659821 0.009506424 6.55173e-06 189.8809 249.6105 271.932 274.3498 267.6514 260.281 243.9135 231.0443 217.4377 0.01890194 84 
5.08868e-10 0.007454674 0.002400364 0.001874614 0.002158348 0.002538107 0.002952183 0.00347228 0.004169229 0.005156083 0.006719453 0.009657284 4.078829e-06 188.2225 251.5159 273.0567 272.7171 271.0047 261.269 250.2425 234.0282 222.4055 0.0002340018 85 
3.635352e-08 0.007362799 0.002408202 0.001909432 0.002156356 0.00256425 0.003006491 0.003522014 0.004190216 0.005174753 0.006742769 0.009558411 6.492046e-06 192.4863 250.7588 274.8402 277.1339 269.4438 259.8583 250.3929 234.5663 223.9651 0.01671489 86 
3.871596e-08 0.007434454 0.002425762 0.001922281 0.002175522 0.002577793 0.003036569 0.003580902 0.004255114 0.005198439 0.006804398 0.009814932 4.230376e-06 193.732 253.7933 277.1366 282.219 275.6934 260.723 251.9608 238.8578 225.491 0.01779299 87 
4.229106e-08 0.007426382 0.002409825 0.001902453 0.002168428 0.002585101 0.003009895 0.00351675 0.004212296 0.005204439 0.00672865 0.009671202 5.934174e-06 191.4916 252.5943 278.2303 275.5732 269.8867 261.9286 248.4001 235.6511 222.2758 0.01940666 88 
7.635568e-08 0.007507712 0.002402508 0.001898407 0.002138637 0.002528501 0.002943432 0.003467381 0.004152338 0.005091924 0.006633297 0.009601009 3.145055e-06 190.8512 249.8988 272.5337 272.1582 270.8656 258.4357 247.4328 234.7186 220.7387 0.0348427 89 
2.517279e-08 0.007510522 0.002400336 0.001894707 0.00215457 0.002530377 0.002961563 0.003507446 0.004228589 0.005195585 0.006618821 0.009577431 3.788286e-06 190.2455 251.5575 272.0977 275.2659 273.9001 263.3682 245.1961 233.352 221.6541 0.01147915 90 
1.480382e-09 0.007359427 0.002375591 0.001832304 0.002132788 0.002513812 0.00293418 0.00343287 0.004105727 0.00507022 0.006578031 0.00962916 5.579386e-06 183.8996 246.8981 269.0917 270.7431 265.224 258.6119 245.7527 234.9465 220.8001 0.0006699036 91 
4.388876e-06 0.007400182 0.002401645 0.00192554 0.002171589 0.002541569 0.003002193 0.003535193 0.004229633 0.005216211 0.006688455 0.00980474 9.510845e-06 193.9871 253.2715 271.4146 279.8721 271.6926 264.338 247.1632 237.7025 223.6641 2.022283 92 
1.953955e-07 0.007448095 0.002398902 0.001867652 0.002184382 0.002561338 0.002998406 0.00350426 0.004166919 0.005132987 0.006627898 0.009567918 2.556141e-06 187.9983 254.7945 275.1391 276.7182 267.1943 258.96 245.7997 234.4252 221.2119 0.08916362 93 
3.788732e-09 0.007484795 0.002374983 0.001863736 0.00211677 0.002485239 0.002899702 0.003441776 0.004134607 0.00505612 0.006549199 0.009502839 6.649696e-06 187.049 246.8235 267.3124 269.7773 271.1262 257.5559 244.6205 231.7771 218.7084 0.001720087 94 
3.104892e-08 0.007340883 0.002397597 0.001916451 0.0021627 0.002568897 0.002994622 0.003520648 0.004232125 0.005228629 0.00677982 0.009780561 3.950157e-06 192.5638 250.5892 274.3102 274.1527 271.7408 262.9564 249.8976 236.2566 223.297 0.01425765 95 
NaN 0.007516358 0.002416258 0.001912121 0.002163385 0.002564331 0.002978429 0.003500604 0.004222198 0.005200093 0.006646124 0.009667685 1.590125e-05 191.9452 252.6988 276.4599 273.524 271.8515 262.9946 245.0325 234.3427 220.6044 0 96 
6.200426e-09 0.007580935 0.002390072 0.001896082 0.002155532 0.002502311 0.002927163 0.003442366 0.004096791 0.005014419 0.006557027 0.009660908 5.05298e-06 190.3281 252.884 269.1552 273.2902 268.0516 256.0316 245.1129 235.2849 219.3785 0.002824287 97 
8.687652e-09 0.007238613 0.002443612 0.001942128 0.002255932 0.002634717 0.003101594 0.003647766 0.00436198 0.005406565 0.006998834 0.0101129 6.705017e-06 196.6601 262.7514 280.0094 286.1184 277.5205 270.2655 256.1744 242.9021 230.3315 0.004049792 98 
9.709973e-09 0.007662478 0.002382305 0.001861119 0.00210602 0.002458891 0.00287825 0.003390716 0.004058463 0.004991154 0.006454435 0.009334306 1.105633e-05 186.3154 246.7862 265.7267 270.0598 266.113 256.1013 242.7679 229.7761 216.5527 0.004377725 99 
7.762885e-10 0.007306634 0.002379526 0.001869166 0.002164178 0.002533875 0.002964505 0.003498194 0.004169333 0.005085342 0.006624897 0.009588319 5.656112e-06 187.5285 250.2041 268.9527 272.1713 269.239 255.0521 245.7302 232.8864 221.2755 0.0003595772 100 
