NaN 0.005277106 0.001740841 0.0007211062 0.0009926999 0.001229872 0.001501395 0.001802411 0.002199195 0.002750023 0.003604454 0.005256283 1.159703e-06 166.1934 249.0573 303.8656 346.0496 363.5256 367.8647 343.4748 284.313 124.8357 0 1 
NaN 0.005308962 0.001724331 0.0007231642 0.0009696065 0.001212304 0.001474388 0.001775448 0.002158397 0.002694489 0.003535503 0.005153228 NaN 165.4436 241.8127 298.7339 339.8106 362.2488 368.7111 358.0522 324.0046 251.8446 0 2 
NaN 0.005317079 0.001723818 0.0007181978 0.000968396 0.001205605 0.001456834 0.00176292 0.002153699 0.002691831 0.003527832 0.005131788 2.217907e-06 165.1109 242.6798 297.817 334.4702 357.0871 357.637 328.3821 252.6417 0 0 3 
NaN 0.005323013 0.001713988 0.0007199319 0.0009587418 0.001201203 0.001456145 0.001755943 0.002142943 0.002674958 0.003513037 0.005142126 1.760639e-06 164.6144 239.0122 295.6325 333.5755 353.6308 354.0414 323.1844 248.8652 0 0 4 
NaN 0.005197931 0.001744357 0.0007395621 0.0009887889 0.001234424 0.001506739 0.001813994 0.002209213 0.002767717 0.003635585 0.005299188 NaN 170.4253 247.5719 304.8849 348.9684 372.9431 384.9468 383.7467 364.2702 331.162 0 5 
NaN 0.00542308 0.00171111 0.0007112325 0.0009526336 0.001195599 0.001443856 0.001743418 0.00212418 0.002651166 0.003483632 0.005080378 2.681699e-06 162.6316 238.4849 295.9441 331.5813 351.0104 346.2585 308.3895 209.4089 0 0 6 
NaN 0.005307494 0.001735606 0.0007230928 0.000967316 0.001218719 0.001475677 0.001783845 0.002177018 0.002719705 0.003576048 0.005239912 NaN 166.7025 243.3937 304.0795 344.7728 372.5431 385.0007 381.9509 367.5515 333.5318 0 7 
NaN 0.005449935 0.001687801 0.0006988486 0.000949664 0.001170775 0.001425553 0.001721769 0.002096646 0.00261665 0.003417385 0.004937971 3.443206e-06 158.9008 237.0802 288.6203 327.5933 346.1019 340.3609 300.891 190.1177 0 0 8 
NaN 0.005328658 0.001693616 0.0007074153 0.000957113 0.001181418 0.001439576 0.001742266 0.002117488 0.002654922 0.003491545 0.005047887 2.882594e-06 162.2943 239.1505 289.4578 325.9538 338.8772 315.7115 239.1833 0 0 0 9 
NaN 0.005279866 0.001738941 0.0007304835 0.0009733178 0.001218853 0.001485877 0.001797318 0.002194042 0.00274422 0.003608841 0.005267728 3.391991e-06 167.8662 242.5677 298.5032 337.4061 354.4015 344.316 291.7521 133.6423 0 0 10 
NaN 0.00535309 0.001713386 0.0007168459 0.0009589113 0.001190497 0.001448332 0.001744094 0.002122752 0.002659854 0.00349904 0.005091262 2.785348e-06 163.2778 237.9171 290.3628 327.755 342.2508 331.6968 281.8908 108.0777 0 0 11 
NaN 0.005301181 0.001708872 0.0007149979 0.0009659118 0.001196117 0.001461447 0.001759348 0.002146089 0.002684414 0.003522643 0.005126278 1.646489e-06 164.2447 241.5023 293.8528 333.6996 347.8255 339.3171 287.8614 130.6236 0 0 12 
NaN 0.005260744 0.001740763 0.0007211979 0.0009696566 0.001215301 0.001483725 0.001784775 0.002174027 0.002730776 0.00360577 0.005264959 NaN 165.7421 242.1815 300.1332 343.7754 366.543 376.9163 372.5988 344.0823 283.1854 0 13 
NaN 0.00523133 0.001723902 0.0007338326 0.0009753317 0.001212489 0.001473549 0.001787324 0.002177108 0.002724687 0.003579986 0.005212035 NaN 168.2832 243.2663 297.8851 338.6423 365.2523 369.9694 358.658 316.9064 233.1391 0 14 
NaN 0.00535479 0.001731296 0.0007278267 0.0009761651 0.001211198 0.001470219 0.001782494 0.002164088 0.002696282 0.00354284 0.005162968 2.748303e-06 167.1583 244.5873 298.3759 336.3078 357.433 348.6743 312.5156 213.7234 0 0 15 
NaN 0.0053082 0.001714386 0.0007175575 0.00096383 0.001202773 0.001456295 0.001762812 0.002144688 0.002678858 0.003523403 0.005128473 1.729487e-06 164.513 239.971 293.9385 327.9409 342.7841 323.0005 253.1665 0 0 0 16 
NaN 0.005247907 0.001710278 0.0007190917 0.0009627459 0.001199692 0.001471878 0.001771824 0.002150798 0.00268528 0.003525565 0.005131839 2.840104e-06 164.7682 238.7756 291.3117 330.1373 337.9618 312.4418 224.4729 0 0 0 17 
NaN 0.005412608 0.001712031 0.0007172604 0.0009592809 0.001207495 0.001463217 0.001756665 0.002136509 0.002674416 0.003516691 0.005122856 6.481886e-07 164.7213 241.6262 301.5934 341.0807 361.0753 366.336 351.7927 306.6973 204.5086 0 18 
NaN 0.005276286 0.001717735 0.0007269508 0.0009746079 0.001206705 0.001471096 0.001779897 0.002168795 0.002702252 0.003553561 0.005207297 1.735536e-06 167.4569 244.3837 297.1743 337.2404 356.8562 351.5953 312.1856 217.0311 0 0 19 
NaN 0.005229584 0.001731524 0.0007294387 0.0009829925 0.001229101 0.001486144 0.001798216 0.002194779 0.002745479 0.003602524 0.00525191 NaN 167.0845 244.8667 302.2438 340.7799 366.8181 374.5898 363.7169 328.3521 258.4486 0 20 
NaN 0.005259066 0.001727044 0.0007137332 0.0009768411 0.001216383 0.001477524 0.001781831 0.002173455 0.00272325 0.003577554 0.005198977 1.213809e-06 163.8148 243.7748 299.5043 339.1903 360.6534 364.1134 343.6536 284.3546 130.9615 0 21 
NaN 0.00523944 0.001713456 0.0007130594 0.0009721787 0.001222088 0.001484687 0.001782447 0.002161574 0.002710851 0.003572319 0.005176975 7.736321e-06 164.3033 241.6328 296.4546 326.1112 321.5105 265.7807 0 0 0 0 22 
NaN 0.00534485 0.001732705 0.0007212595 0.0009760654 0.001218195 0.001478383 0.001781376 0.002160544 0.002705212 0.003556803 0.005151558 7.123801e-07 165.4597 244.7238 301.9855 342.2732 365.0393 369.2671 361.6623 323.4481 250.2686 0 23 
NaN 0.005335139 0.001716768 0.000705655 0.0009550401 0.001201479 0.001452252 0.00175835 0.002141399 0.002666623 0.003503932 0.005142494 6.652154e-07 161.7331 238.9697 298.2392 336.7924 363.1422 368.7833 355.0059 321.698 240.9555 0 24 
NaN 0.005224306 0.001710561 0.0007209811 0.0009676457 0.00121125 0.001469689 0.001767808 0.00216331 0.002708714 0.003559581 0.005196751 4.259599e-06 165.7426 240.6293 294.9379 328.3994 335.8785 313.9939 216.1785 0 0 0 25 
NaN 0.005358236 0.001707517 0.0007105943 0.0009574435 0.001186337 0.001453925 0.001751578 0.002129924 0.002663547 0.003501989 0.005091249 1.228757e-06 162.3565 238.9479 292.1146 335.2167 354.3351 353.8417 328.7842 258.8025 0 0 26 
NaN 0.005350504 0.00171063 0.0007051754 0.0009591365 0.001199517 0.001449206 0.001746305 0.002129385 0.002672042 0.003515825 0.00511967 3.438734e-07 160.6799 238.0709 293.9542 329.4357 347.0922 342.2829 304.137 185.3196 0 0 27 
NaN 0.005367035 0.001713891 0.0007207396 0.0009759454 0.001207881 0.001465475 0.001765839 0.002157323 0.002688075 0.003511248 0.005124866 NaN 164.6079 244.359 298.943 339.5232 363.6859 374.9577 364.325 341.5045 292.3278 0 28 
NaN 0.005261166 0.001730046 0.0007260731 0.0009729307 0.001218559 0.001472485 0.00178608 0.002176805 0.002710233 0.003550448 0.005186892 1.131817e-06 166.7403 242.8943 300.0299 337.1544 362.3548 363.5611 340.2669 285.4136 138.485 0 29 
NaN 0.005345534 0.001745169 0.0007341311 0.0009751903 0.001222888 0.001478225 0.001786982 0.002170972 0.002710963 0.003567912 0.00521523 NaN 168.4539 244.4163 303.1768 342.4354 369.5112 377.4213 374.6712 354.2184 311.1905 0 30 
NaN 0.00529215 0.001738823 0.0007212755 0.0009848079 0.001227797 0.00149137 0.001800898 0.002189458 0.002738104 0.003593969 0.005220479 NaN 165.936 247.1912 304.7941 346.4109 372.1327 380.6685 377.7774 354.659 314.9969 0 31 
NaN 0.005245538 0.001718971 0.0007038395 0.0009677234 0.001202474 0.001462006 0.001760124 0.002158407 0.002703872 0.003548651 0.005181801 1.532144e-06 161.4015 240.9897 295.4699 335.466 355.7349 362.847 337.1981 274.6855 81.51896 0 32 
NaN 0.005254204 0.001726695 0.0007231595 0.000976371 0.001211963 0.001476231 0.001778889 0.0021608 0.002690545 0.003533134 0.005175007 2.032146e-06 166.3158 243.9339 297.5384 337.0711 354.7151 349.39 313.5605 222.7419 0 0 33 
NaN 0.005372119 0.001712133 0.0007222561 0.000972831 0.00121873 0.001461928 0.001776113 0.002161136 0.002692658 0.003545892 0.005192979 NaN 164.5779 243.1129 301.6636 336.2027 364.0528 366.3909 350.9667 312.2555 217.7199 0 34 
NaN 0.005236917 0.001749472 0.000731718 0.0009792722 0.001239899 0.00150161 0.001801368 0.002205773 0.002760128 0.00361149 0.005273929 1.073894e-06 168.7435 245.3813 307.396 346.8502 367.598 380.1287 366.2174 333.1908 263.9342 0 35 
NaN 0.005324212 0.001722155 0.0007270808 0.0009651252 0.001211617 0.001479879 0.00177067 0.002145556 0.002682381 0.003522694 0.005115022 1.248494e-06 166.9269 241.662 299.4024 341.0298 355.792 355.5661 333.0876 267.0215 61.47925 0 36 
NaN 0.005374347 0.001688987 0.0007027179 0.000955266 0.001191413 0.001432315 0.001732338 0.002109401 0.002636257 0.003463123 0.005029872 6.071955e-06 160.3392 237.411 290.5752 318.6881 327.16 292.8569 168.2167 0 0 0 37 
NaN 0.005344845 0.00172017 0.0007140536 0.0009729454 0.001213462 0.001462319 0.001768108 0.002154417 0.002693147 0.003534423 0.005153025 1.360018e-06 163.2882 243.2993 300.1491 336.5095 360.6255 363.6867 345.3051 292.9821 170.3519 0 38 
NaN 0.005306704 0.001722311 0.0007248803 0.0009731317 0.001212466 0.001484073 0.001779202 0.002172156 0.002720981 0.003566789 0.005175973 1.654191e-06 166.5627 243.3095 298.0991 339.2914 351.7193 347.4953 302.8292 176.53 0 0 39 
NaN 0.005212828 0.001741346 0.0007295399 0.0009762096 0.00123293 0.00149029 0.001806889 0.002205627 0.002756406 0.003613969 0.005258494 NaN 168.624 245.096 306.672 346.9353 378.1405 392.7967 396.6951 391.3523 381.4084 0 40 
NaN 0.005275603 0.001731524 0.0007119683 0.0009814217 0.001221627 0.001491285 0.001800279 0.002190445 0.002740033 0.003609293 0.005275463 1.41361e-06 163.5209 245.4668 301.9295 344.415 366.0975 367.8817 348.8832 294.9005 158.8874 0 41 
NaN 0.005282066 0.001713345 0.0007235049 0.0009792781 0.001214744 0.001477061 0.001774801 0.002166876 0.002713638 0.003558133 0.005166784 1.111356e-06 166.414 245.4042 299.3539 338.14 354.149 352.5365 316.3962 218.033 0 0 42 
NaN 0.005245297 0.001718036 0.0007145009 0.000968631 0.001214428 0.00146956 0.001771828 0.002162398 0.002706121 0.003558757 0.005195708 3.83968e-06 164.397 241.7488 298.3036 333.4182 348.8874 339.1442 285.7773 115.4797 0 0 43 
NaN 0.005380453 0.001703803 0.0007126343 0.0009588214 0.001194362 0.001448286 0.001744583 0.002126521 0.00266032 0.0034943 0.005084502 2.007555e-06 162.4097 238.694 292.9645 329.095 344.0988 334.1998 282.404 114.2795 0 0 44 
NaN 0.005290378 0.001725736 0.000714788 0.0009782109 0.001215212 0.001473374 0.001783769 0.002177346 0.00271415 0.003548853 0.005179455 6.201943e-07 164.596 245.4364 300.766 339.7136 363.2369 365.2303 340.0013 280.1998 118.4671 0 45 
NaN 0.005295153 0.001722552 0.0007255667 0.0009750845 0.001220094 0.001474315 0.001773492 0.002173495 0.002725954 0.003566944 0.00516796 NaN 167.164 245.2191 303.212 341.4728 363.9607 375.49 362.0698 322.7994 248.2853 0 46 
NaN 0.00538466 0.001692297 0.0007067345 0.0009413628 0.001179985 0.001435941 0.001728238 0.002095016 0.002618565 0.00344131 0.004989599 NaN 161.0737 234.9315 291.929 332.9873 355.1315 359.8297 351.5238 315.2567 240.0923 0 47 
NaN 0.00530202 0.001735103 0.0007205109 0.0009704451 0.001213555 0.001472559 0.001787461 0.002187105 0.002735019 0.003580172 0.005191775 1.491959e-06 165.4309 242.2464 298.6276 337.0715 360.341 359.6434 326.1975 240.1195 0 0 48 
NaN 0.005330727 0.001732321 0.0007249651 0.000960728 0.001220705 0.001477978 0.001782918 0.002167244 0.00271124 0.003570723 0.00520667 NaN 166.5188 240.8692 303.6767 343.3316 367.5641 373.6604 365.6336 333.2867 264.5316 0 49 
NaN 0.005249135 0.001736059 0.0007254414 0.0009792153 0.001234938 0.001490526 0.001800148 0.002187502 0.002738211 0.003602259 0.005232233 1.525192e-06 166.6186 244.5277 304.7342 341.4647 364.3338 364.8538 347.828 291.5243 157.5792 0 50 
NaN 0.005337407 0.001700006 0.0007135398 0.0009580973 0.001200841 0.001454642 0.001751373 0.00213139 0.002659608 0.003491975 0.005107076 1.145551e-06 162.8659 239.0634 296.3888 334.3821 354.0419 354.271 328.3462 262.296 0 0 51 
NaN 0.005276577 0.001727849 0.0007252176 0.0009694049 0.001213756 0.001471562 0.001777228 0.002161649 0.002708182 0.003561706 0.00516852 2.168099e-06 166.4493 241.7098 297.9522 335.1984 354.2877 348.4304 314.2762 209.8671 0 0 52 
NaN 0.005369877 0.00172075 0.0007093445 0.000963324 0.001199324 0.001448932 0.001749597 0.002139349 0.002673021 0.003506795 0.005130987 NaN 162.0309 240.8784 297.3356 336.7048 364.2015 378.7291 375.2544 361.1096 329.3071 0 53 
NaN 0.005324715 0.001729184 0.0007101553 0.0009659027 0.00121019 0.001466755 0.001763533 0.002157936 0.002694826 0.003538836 0.005194545 1.345768e-06 163.0781 241.9169 300.0757 339.5228 360.9443 370.3206 351.809 312.3127 211.7915 0 54 
NaN 0.005335372 0.001714796 0.0007141703 0.0009604863 0.001199904 0.00145795 0.00175745 0.002141471 0.002673371 0.003503584 0.005095709 3.165396e-06 162.8187 237.8274 291.7747 327.0211 338.3752 319.8095 243.4439 0 0 0 55 
NaN 0.005430651 0.001712363 0.0007101328 0.0009628288 0.001204318 0.001457118 0.001749123 0.002127772 0.002658865 0.00348254 0.005053274 1.203798e-06 162.252 241.3069 298.8576 336.3697 354.4353 355.549 331.149 265.0138 62.39306 0 56 
NaN 0.005259379 0.00173224 0.0007216721 0.0009625804 0.001206764 0.001470891 0.001770784 0.002160879 0.002708682 0.003555034 0.005155755 1.688012e-06 165.9278 239.8353 296.1318 336.1622 354.1041 353.8017 322.9075 234.5392 0 0 57 
NaN 0.005386408 0.001717894 0.0007114796 0.0009683579 0.001208831 0.001448269 0.001748734 0.002132284 0.002663678 0.003498981 0.005115658 6.339335e-07 162.5821 242.4395 299.7967 333.8723 359.3031 365.9803 352.904 315.1106 229.6827 0 58 
NaN 0.005080792 0.00175678 0.0007401088 0.001001276 0.001256779 0.001524819 0.001840058 0.002249579 0.002822516 0.003709028 0.005406743 1.67192e-07 171.8163 250.9634 310.3803 351.1586 376.4296 388.3657 381.8951 354.0247 302.2114 0 59 
NaN 0.005252725 0.001734917 0.000731304 0.0009835528 0.001217687 0.001492588 0.001783301 0.002165213 0.002716144 0.003580351 0.005225899 NaN 168.8077 247.398 301.7194 347.1697 365.0776 375.9819 371.857 346.1134 290.8441 0 60 
NaN 0.005227765 0.001732276 0.0007147676 0.0009841444 0.001224249 0.001479872 0.00178478 0.002172808 0.002719678 0.003574917 0.005211824 NaN 164.4297 246.136 302.2362 340.6117 364.8288 371.9555 362.6621 326.6086 253.7983 0 61 
NaN 0.005337631 0.001718373 0.0007227951 0.0009638353 0.001204407 0.001462678 0.001768275 0.002157462 0.002701105 0.003551428 0.005173261 8.364987e-07 166.1945 241.9912 298.5336 338.1762 360.5089 361.8895 337.8257 271.4419 58.52666 0 62 
NaN 0.005224569 0.001718039 0.0007161008 0.0009651703 0.00121218 0.00147647 0.001772579 0.002160292 0.002704341 0.003559472 0.00521968 2.285818e-07 164.484 240.6521 298.5352 339.4693 357.9897 362.394 340.8929 282.7579 116.0671 0 63 
NaN 0.005289881 0.001706501 0.0007100949 0.0009652564 0.00120833 0.00146695 0.001769768 0.002154427 0.002686954 0.003527648 0.005141277 7.642581e-06 162.58 238.7312 291.2482 319.8508 316.2719 255.913 0 0 0 0 64 
NaN 0.005253804 0.00171069 0.0007083404 0.0009672356 0.001206349 0.001464656 0.00177172 0.002158916 0.002694699 0.003530686 0.005127819 9.314747e-06 162.8736 239.4605 290.1022 317.2004 311.5347 239.6182 0 0 0 0 65 
NaN 0.005288901 0.00172117 0.0007152091 0.0009684695 0.001207208 0.001463277 0.001756325 0.00214596 0.002691842 0.003538917 0.005164721 1.351028e-06 163.8442 241.4299 296.7739 334.8583 352.9629 356.6609 331.1389 259.6789 0 0 66 
NaN 0.005396065 0.001726593 0.000723647 0.0009718613 0.001215807 0.001460753 0.001772484 0.002152882 0.002683758 0.003525409 0.005130444 1.099499e-06 166.0104 244.1906 301.9939 336.8656 363.3659 363.0165 345.9204 295.8871 176.8227 0 67 
NaN 0.005272434 0.001742881 0.0007080458 0.0009825701 0.001220373 0.001495041 0.001800646 0.002185684 0.002733864 0.003602758 0.005256445 1.686226e-06 162.2733 244.5985 299.6738 343.0986 361.8407 360.4925 337.3054 268.9893 0 0 68 
NaN 0.005305281 0.001721996 0.0007124037 0.0009647851 0.001221777 0.001469102 0.001766199 0.002148157 0.002685794 0.003532295 0.005154381 NaN 162.788 240.4667 302.4835 339.2426 364.3801 376.5239 376.9106 363.4888 333.7676 0 69 
NaN 0.005342361 0.00173461 0.0007146512 0.0009835835 0.001216424 0.00147668 0.001775206 0.002165972 0.002711704 0.003557011 0.005194035 NaN 163.4091 246.1783 301.479 343.6651 368.9931 385.4833 388.3846 380.8318 367.7839 0 70 
NaN 0.005288685 0.001732329 0.0007324265 0.0009712878 0.001227318 0.001489686 0.00177363 0.002153263 0.002701739 0.003559979 0.005206421 NaN 167.6569 242.209 302.75 342.7465 358.3818 367.9581 359.659 324.4611 248.9056 0 71 
NaN 0.005378292 0.001714341 0.0007083066 0.0009517811 0.001198748 0.00145437 0.001739972 0.002130374 0.002670766 0.003499348 0.005077728 7.024059e-06 162.3061 237.4862 294.6902 329.6269 336.9759 323.779 248.2299 0 0 0 72 
NaN 0.005370245 0.001725687 0.0007230116 0.0009637012 0.001210123 0.001452225 0.001761761 0.0021529 0.002687532 0.003517795 0.005123464 1.378991e-06 165.6818 241.4275 299.8466 334.2861 361.1197 365.8123 346.1688 296.3252 181.5771 0 73 
NaN 0.005297436 0.001724139 0.0007210329 0.0009716279 0.001214468 0.00147518 0.001778154 0.002169412 0.002717542 0.003566715 0.005177303 4.589257e-06 165.0094 241.4722 296.4903 332.4139 345.1757 330.2872 265.5373 0 0 0 74 
NaN 0.005364172 0.001706507 0.0007066356 0.0009575079 0.001193896 0.001446362 0.001746554 0.002127916 0.002658884 0.003492312 0.005082596 3.417965e-06 162.2497 238.8001 291.5915 322.9574 329.0262 292.9784 156.2596 0 0 0 75 
NaN 0.005297432 0.001712558 0.0007214696 0.0009696478 0.001213063 0.001471786 0.001779051 0.002163061 0.002705052 0.003564063 0.005200151 NaN 165.2918 242.3704 299.601 339.0419 362.3042 363.7836 346.7267 295.1648 167.0343 0 76 
NaN 0.005427498 0.001717559 0.000724472 0.0009608652 0.001199242 0.001457998 0.001757508 0.00213445 0.002662018 0.003496979 0.00510692 1.09007e-06 165.0647 240.1339 296.3869 336.921 358.9148 361.7231 345.5571 301.2518 196.5508 0 77 
NaN 0.005245034 0.00172154 0.0007256085 0.0009713052 0.001221923 0.00149007 0.001788528 0.002175439 0.002717296 0.003565793 0.005207759 8.036248e-07 166.2123 241.129 298.2535 336.3263 346.9258 333.8156 273.9931 51.0425 0 0 78 
NaN 0.005335646 0.001712292 0.0007097891 0.0009623886 0.001204384 0.00145906 0.001757446 0.002141697 0.002680128 0.003514387 0.005093922 4.861711e-06 162.2369 239.1354 294.1425 327.8346 338.1517 317.2263 236.4694 0 0 0 79 
NaN 0.005331754 0.00172336 0.0007184704 0.0009777103 0.001217577 0.001472258 0.0017774 0.002168099 0.00270941 0.003549798 0.005142131 4.569856e-06 165.1001 244.2761 298.2081 330.4492 340.6761 316.1295 223.4763 0 0 0 80 
NaN 0.005344612 0.001721761 0.0007210466 0.0009688732 0.001218954 0.001474217 0.001772845 0.00215276 0.00269302 0.003539983 0.00512999 1.236892e-06 164.7474 241.5514 300.1224 336.5022 353.8615 349.6493 319.5968 232.4091 0 0 81 
NaN 0.005394409 0.001725958 0.0007015338 0.0009590033 0.001191193 0.001445059 0.001744695 0.002129139 0.002661233 0.003498875 0.00510618 4.317856e-06 160.6344 239.5186 293.4358 330.75 349.0431 343.6477 300.4037 180.5723 0 0 82 
NaN 0.005363822 0.001721099 0.000724081 0.0009603954 0.001210245 0.001456923 0.001759814 0.002147334 0.002687403 0.003529592 0.005155789 NaN 165.4271 239.9815 299.8188 336.8935 363.5592 373.6241 367.1748 339.8172 285.8194 0 83 
NaN 0.005349837 0.001710965 0.0007220166 0.000966765 0.001208117 0.001458382 0.001758869 0.002148744 0.002690636 0.003537516 0.005157474 1.277169e-06 165.5727 242.0724 298.0313 332.8271 350.0267 343.9502 298.8208 167.2015 0 0 84 
NaN 0.005309511 0.001729149 0.000716017 0.0009739346 0.001213377 0.001462773 0.001770758 0.002157286 0.002700404 0.003544134 0.00514808 1.277718e-06 164.1985 243.4003 299.3107 335.4511 360.0134 361.7458 342.8469 283.3967 137.4544 0 85 
NaN 0.005252113 0.001728302 0.0007265745 0.0009688154 0.00122193 0.001480364 0.001783474 0.002178021 0.002726188 0.003571161 0.005185716 4.024675e-06 167.5104 242.242 300.7285 336.4841 351.525 342.8309 290.5504 127.4232 0 0 86 
NaN 0.005355656 0.001711774 0.0007165784 0.0009614218 0.001204655 0.001460526 0.001766735 0.002146597 0.002672831 0.003509823 0.005119476 2.793904e-06 163.9988 239.352 294.5526 328.3083 340.0724 313.7693 225.2056 0 0 0 87 
NaN 0.00534479 0.001729038 0.00072328 0.000974054 0.00122505 0.001472026 0.001775025 0.002166327 0.002711082 0.003556749 0.005163868 NaN 165.8016 244.2162 304.5374 341.1382 368.268 381.5812 381.0545 366.2738 339.052 0 88 
NaN 0.005361653 0.001731791 0.0007243111 0.0009681328 0.001214074 0.001461608 0.001764768 0.002152549 0.002695722 0.003541183 0.005142317 2.280436e-06 165.9484 242.2696 299.9896 334.9334 356.7628 357.2568 331.7995 259.0268 0 0 89 
NaN 0.005244201 0.001731858 0.0007252937 0.0009819473 0.001220845 0.001480916 0.001795278 0.002193404 0.002741004 0.003591351 0.005222912 3.119095e-06 166.5242 244.4394 298.1979 334.7343 353.6711 344.2572 293.1612 141.5253 0 0 90 
NaN 0.005357957 0.001702933 0.0007016785 0.0009568925 0.00119157 0.001441921 0.001734558 0.002117122 0.00264302 0.003460102 0.005038823 4.156359e-06 159.9069 236.8555 289.2835 320.7951 327.4073 300.2036 187.8082 0 0 0 91 
NaN 0.005306895 0.00171401 0.000728918 0.000975091 0.001206824 0.001475175 0.001779123 0.002173893 0.002713193 0.00355944 0.005211648 NaN 166.7679 243.5771 296.9363 339.6903 360.7963 365.5491 342.1143 290.656 153.2717 0 92 
NaN 0.005228506 0.001737298 0.0007202789 0.0009888384 0.001235523 0.001496789 0.001798486 0.002192271 0.00274032 0.0035969 0.005246195 NaN 166.2017 248.0638 306.1733 346.0394 368.4681 379.3466 371.6757 346.9217 292.1015 0 93 
NaN 0.005296731 0.001727631 0.0007225384 0.0009722171 0.001209148 0.001464786 0.001778448 0.002168709 0.00270086 0.003532577 0.005164288 NaN 165.9212 243.5549 299.3835 339.9634 370.0714 380.6869 376.1347 360.2282 328.5089 0 94 
NaN 0.005248689 0.00174538 0.0007375844 0.0009844337 0.001236925 0.001493548 0.001806493 0.002201606 0.002757086 0.003628743 0.005283267 NaN 169.5136 245.8525 304.882 342.5443 368.3049 374.0254 363.2808 323.912 242.0258 0 95 
NaN 0.005350453 0.001728021 0.000724536 0.0009722748 0.001215964 0.001468221 0.001770811 0.002163915 0.002701907 0.003534871 0.005148798 NaN 166.0251 243.9263 302.2505 341.6072 368.9414 384.5413 383.8242 375.647 357.753 0 96 
NaN 0.005369934 0.00171891 0.0007217123 0.0009703923 0.001200715 0.00145905 0.001763319 0.002137901 0.002665 0.003503391 0.005109358 6.101818e-07 165.3237 243.3209 296.9054 337.0432 359.9881 359.8652 342.7564 292.4741 168.4415 0 97 
NaN 0.005272624 0.00171379 0.0007206664 0.0009790093 0.001215464 0.001478427 0.001783508 0.002178396 0.002720622 0.003567494 0.005202379 3.134315e-06 165.7834 243.7453 295.1186 327.5697 330.6924 292.3186 131.9371 0 0 0 98 
NaN 0.005385965 0.001726422 0.0007185454 0.000961788 0.00120493 0.001455272 0.001755177 0.002142575 0.002677339 0.003509728 0.005107108 2.29779e-06 164.1023 239.893 296.7191 332.655 352.5032 351.5279 318.3161 232.803 0 0 99 
NaN 0.005204023 0.001719482 0.0007227742 0.0009877392 0.00122906 0.001484565 0.001794186 0.002181955 0.002729604 0.003587917 0.005210871 2.706928e-06 166.3113 245.7077 298.747 329.7453 339.4872 309.608 210.601 0 0 0 100 
