NaN 0.002346909 0.003256659 0.001724803 0.002781799 0.003696949 0.004661352 0.00582963 0.007412328 0.009408763 0.01250823 0.01902248 3.112884e-06 249.1928 349.7412 427.8873 491.8936 558.2347 604.9716 647.8068 697.8411 740.8688 0 1 
1.436164e-06 0.00238859 0.003281664 0.001697883 0.002798076 0.003757235 0.004705079 0.005761195 0.00720906 0.009352109 0.01264142 0.01926723 2.186117e-06 241.7389 350.7496 428.9782 483.9402 538.983 595.2685 642.9901 689.4691 737.918 0.7734258 2 
8.901672e-07 0.002321422 0.003281034 0.001730984 0.002839443 0.003814291 0.004809999 0.005934324 0.007405461 0.009529124 0.01309539 0.01983602 2.303905e-06 249.7291 358.6045 440.3408 501.2226 557.0031 609.5315 664.1465 708.3839 761.1236 0.4917883 3 
NaN 0.00241059 0.003275213 0.001718188 0.00275493 0.003644003 0.004639374 0.005835411 0.007195373 0.009213334 0.0124267 0.01904342 5.266773e-06 244.9074 342.1617 416.9734 491.5683 538.6794 588.1074 634.3444 681.7918 726.4961 0 4 
3.139935e-06 0.002359014 0.003312377 0.001733099 0.002797394 0.003699615 0.004655172 0.005830097 0.007354031 0.009362398 0.01262308 0.01922515 1.298325e-06 250.4972 351.9452 426.7527 494.6615 557.6216 606.551 655.9326 704.6336 758.5798 1.719429 5 
NaN 0.002400091 0.00331715 0.001750318 0.002816732 0.003745809 0.004738722 0.005885574 0.007287486 0.009341264 0.01257846 0.01873114 2.263536e-06 252.7406 354.2841 433.5668 499.9137 550.6544 602.0137 650.2039 694.5411 741.7246 0 6 
NaN 0.002443185 0.003300735 0.001695131 0.002734185 0.003642506 0.004626391 0.005805665 0.0072887 0.009282066 0.01254391 0.01878605 1.100672e-06 239.599 338.1237 415.7666 483.8351 541.1117 586.7558 633.3506 675.0729 720.647 0 7 
NaN 0.002348158 0.00327403 0.001704152 0.002774391 0.003746636 0.004753013 0.005838133 0.007241962 0.009230237 0.01263634 0.01887232 2.881999e-06 246.5393 350.8138 438.0202 496.6195 550.0664 598.9465 654.1896 698.1668 750.7068 0 8 
6.786344e-14 0.002405876 0.003298376 0.001723121 0.002847425 0.003793655 0.004727719 0.005840001 0.007319573 0.009429742 0.01275613 0.01932492 2.590299e-16 247.0979 360.1442 432.1354 492.1248 548.5915 601.02 648.6636 693.7624 741.0716 0.0002259163 9 
NaN 0.002385222 0.003291406 0.00175856 0.002815811 0.003754728 0.004784148 0.005998641 0.007528371 0.009545835 0.01290721 0.0196642 6.334428e-06 250.6901 348.8525 431.1389 499.185 556.6169 600.3758 646.7233 691.4592 736.7838 0 10 
NaN 0.002398223 0.003240974 0.001728027 0.002776161 0.003699285 0.004675978 0.005805098 0.007259233 0.009160304 0.0124119 0.01880525 NaN 245.2226 343.6401 422.8138 484.2082 540.5559 582.913 631.8477 675.4126 729.8508 0 11 
4.70702e-13 0.002442939 0.003296122 0.001696392 0.0027494 0.003664673 0.004654033 0.005806539 0.007159679 0.009217019 0.01242231 0.01899624 1.013253e-20 239.7963 340.8039 417.4875 486.7866 533.2861 585.595 631.5675 680.2839 721.2469 0.001052307 12 
NaN 0.002399745 0.003265513 0.001709084 0.00278985 0.003745337 0.004727536 0.00581359 0.007189451 0.009199837 0.01209594 0.0181885 4.612328e-06 245.3299 350.6312 430.7751 489.0938 536.7499 585.8083 622.6429 665.9226 709.1103 0 13 
2.842724e-13 0.00238921 0.00325848 0.001708698 0.002758402 0.003694232 0.004690693 0.005824599 0.007303754 0.009526502 0.01240405 0.01881425 5.266378e-20 243.2556 343.0109 424.9353 488.5346 542.2013 600.7074 634.8633 681.1019 733.3322 0.0006583091 14 
NaN 0.002369536 0.003246481 0.001691153 0.002776436 0.003696955 0.004664611 0.005811194 0.007155045 0.009243535 0.01245932 0.01852787 2.764008e-06 242.7948 350.0607 423.2012 492.6592 539.0409 593.6309 641.4643 684.3533 731.0897 0 15 
NaN 0.002351657 0.003300479 0.001713644 0.002819829 0.003738189 0.0046671 0.005829099 0.007353253 0.009358111 0.01248096 0.01902601 1.686958e-06 247.9025 357.9103 428.2966 494.3271 557.1211 606.5833 652.2052 703.0589 755.455 0 16 
NaN 0.002376595 0.003299099 0.001720437 0.002790408 0.003698906 0.004654692 0.005796093 0.007223453 0.009280136 0.01221132 0.01864004 2.767783e-06 248.0336 351.3335 425.469 492.5494 546.4834 600.6468 641.1198 693.3712 742.94 0 17 
3.975016e-07 0.002368044 0.003273313 0.001713766 0.002772853 0.003729002 0.004744363 0.005879997 0.00734145 0.009463571 0.01275546 0.019636 1.763812e-06 245.4758 346.8471 432.1466 495.2176 549.3905 602.3182 648.5018 696.6937 745.0343 0.2170928 18 
NaN 0.002383517 0.003273339 0.001715406 0.002792893 0.003726244 0.004699417 0.005861857 0.007383117 0.009408079 0.01252416 0.01894584 5.233535e-06 246.6893 351.6407 428.9313 492.8051 551.9661 598.6943 639.9639 684.4177 730.5028 0 19 
NaN 0.002388062 0.003295135 0.001693935 0.002788705 0.003746132 0.004716235 0.005810872 0.007191801 0.009014161 0.0121637 0.01846802 3.621804e-06 245.1311 354.7625 434.5676 494.5988 548.189 590.9345 642.1788 694.7605 739.3579 0 20 
NaN 0.002453827 0.003257937 0.001687326 0.00272322 0.003581142 0.004510641 0.005669623 0.007049066 0.00899612 0.01208557 0.0178773 3.56659e-06 239.0341 337.7846 404.986 475.8509 526.9149 573.6934 618.226 657.5507 701.8999 0 21 
NaN 0.002395177 0.003318605 0.001687143 0.002775238 0.003725562 0.004711581 0.005844265 0.007258839 0.00936652 0.01282705 0.01925749 3.356127e-06 242.2355 350.3656 429.73 494.6909 546.4288 599.3897 651.499 693.7148 739.3404 0 22 
NaN 0.002390358 0.003297604 0.001717324 0.00277269 0.003664217 0.004644544 0.00585468 0.007290805 0.009349615 0.01264688 0.01945243 4.832046e-06 245.361 345.7818 418.5543 493.1739 546.2131 596.5746 644.0059 692.0951 737.7687 0 23 
NaN 0.002382263 0.003302185 0.001720024 0.002797355 0.003758209 0.004768984 0.005920268 0.007397216 0.009409926 0.01270989 0.01923005 NaN 246.7407 350.9979 434.462 497.9877 554.2582 601.7568 650.2804 697.7836 742.6284 0 24 
NaN 0.002365595 0.003258267 0.001677621 0.002752305 0.003684722 0.00466929 0.005849183 0.007356981 0.009523395 0.01287201 0.01910709 6.639896e-06 239.1262 344.5896 422.1584 490.4174 547.9703 601.6826 648.6151 686.3775 742.1943 0 25 
NaN 0.002348335 0.003278798 0.001733654 0.002812985 0.003756911 0.004715628 0.005774224 0.007189273 0.009295797 0.01258127 0.01846659 3.215596e-06 249.8503 353.3401 433.1904 489.9114 543.7138 599.8047 650.8729 692.262 742.0936 0 26 
NaN 0.00228142 0.003310792 0.001767766 0.002855775 0.003802839 0.004813846 0.006002117 0.007508055 0.009518394 0.01282203 0.01963698 1.086202e-06 260.32 364.3699 446.5602 514.9712 574.964 623.9483 675.067 728.0315 781.7193 0 27 
NaN 0.002382542 0.003274992 0.001717063 0.002772549 0.003682628 0.004652872 0.005815069 0.007309299 0.0094401 0.01264828 0.01953679 NaN 246.0858 346.8138 423.4106 490.4068 547.7707 601.358 644.6441 694.5768 736.1458 0 28 
7.736182e-07 0.002351443 0.003271749 0.001743182 0.002821749 0.0037687 0.004777934 0.005956282 0.007435118 0.009429587 0.01254841 0.01923752 2.849247e-06 250.3276 353.2769 433.8412 500.1008 555.7113 602.4426 646.1439 696.7791 747.2282 0.4261117 29 
NaN 0.002415673 0.003329208 0.001718302 0.002762326 0.003685529 0.004674525 0.005823661 0.00729512 0.009319568 0.01285331 0.01923957 3.906137e-06 248.0407 347.6268 429.5136 495.0788 553.0283 601.0901 656.3457 699.6274 738.601 0 30 
NaN 0.002363444 0.003259905 0.001730145 0.002811368 0.003756896 0.004747412 0.005886608 0.007353798 0.009570487 0.01263595 0.01937858 2.552024e-06 248.2484 352.507 431.8267 495.5097 548.1082 605.9601 644.0155 695.03 730.6362 0 31 
NaN 0.002362849 0.003315356 0.001741459 0.002824436 0.003801937 0.004810464 0.005909257 0.007409713 0.009554453 0.01276484 0.01920461 6.651382e-06 250.999 354.8408 440.938 497.5181 554.045 607.1503 650.452 694.2088 740.2132 0 32 
7.457682e-14 0.002373235 0.003300641 0.001714857 0.00278392 0.003743774 0.004716959 0.005788393 0.007296151 0.009303081 0.01256048 0.01921002 1.047258e-20 246.9406 350.4281 435.1911 489.4049 551.2841 600.3866 649.306 697.546 751.9388 0.0002609419 33 
NaN 0.002401431 0.003256588 0.001721117 0.002741612 0.003644952 0.004608731 0.005702141 0.007141868 0.009182175 0.01218288 0.01850026 6.984362e-06 246.6511 340.6177 420.5656 480.1218 534.0598 584.2787 622.2945 666.8428 702.1176 0 34 
1.762612e-06 0.002304647 0.003292865 0.001715287 0.002811474 0.003763046 0.004779233 0.005983225 0.007451863 0.009657952 0.01297009 0.01986129 2.437939e-06 251.424 360.3055 440.7763 513.5356 567.5075 625.4332 672.148 723.3508 768.3458 0.9858711 35 
7.52208e-06 0.002431396 0.003274882 0.001697992 0.002747894 0.003662724 0.004597636 0.005681101 0.00713768 0.009032487 0.01234372 0.01878144 1.922197e-15 241.0001 341.78 418.7575 475.9842 535.6037 579.1481 631.0121 677.6673 721.9583 4.027404 36 
NaN 0.00242185 0.0032826 0.001680682 0.002738583 0.003658871 0.004628169 0.005777241 0.007230016 0.00921055 0.012604 0.01893205 NaN 241.0609 345.0551 422.7111 488.6964 545.2787 591.4492 643.2274 687.0634 726.6969 0 37 
NaN 0.002393785 0.003272934 0.001718511 0.00274176 0.003653266 0.004662273 0.005830846 0.007278903 0.009389752 0.01239287 0.0185167 3.084384e-06 247.1557 342.5229 424.8425 493.8536 546.7689 600.3863 639.8482 682.9771 733.6908 0 38 
3.074064e-06 0.00238 0.003295921 0.001723598 0.002788232 0.003726157 0.004705708 0.005855961 0.007397079 0.009328575 0.01286762 0.01960094 5.281529e-07 247.5912 349.7078 430.8043 492.5253 556.5138 598.5388 654.1281 700.4322 745.158 1.683991 39 
NaN 0.002376366 0.003294953 0.00169293 0.002780127 0.003720957 0.004694472 0.005836507 0.0072715 0.009234776 0.01258807 0.01950948 1.913936e-06 242.5722 349.793 427.3239 492.2679 547.7838 594.8931 646.6535 700.0916 739.593 0 40 
NaN 0.002363314 0.00326347 0.001699263 0.002783042 0.003723587 0.004687279 0.005828033 0.007345845 0.009295965 0.01234146 0.01849741 2.100674e-06 245.5812 352.7476 430.8565 492.8424 554.3605 600.0838 643.4379 690.2746 739.9614 0 41 
NaN 0.002381307 0.003262911 0.001714871 0.002793642 0.003715136 0.004653737 0.00577107 0.007280102 0.00938004 0.0126615 0.01926876 4.106739e-06 244.1606 348.5414 422.7982 483.1599 542.782 594.9524 641.1318 686.8904 732.6109 0 42 
1.492539e-13 0.002391489 0.003263362 0.001691681 0.002757022 0.003687255 0.004633044 0.005689039 0.007075442 0.009100142 0.01216202 0.01866783 5.336683e-18 241.2448 344.6391 422.7134 480.3497 532.9249 586.7922 631.9359 684.1358 729.6425 0.0002749396 43 
NaN 0.002378937 0.003294902 0.001740498 0.002831333 0.00377268 0.004740238 0.005898764 0.007442757 0.009348882 0.01298072 0.01990543 7.965118e-06 249.2022 354.7181 431.7787 493.422 556.6807 596.2912 653.5694 700.299 743.2293 0 44 
4.203905e-06 0.002394996 0.003317668 0.001728619 0.00279652 0.003777986 0.004799428 0.005909877 0.007439077 0.009588053 0.01286968 0.01949947 2.127253e-07 247.4516 349.7575 438.7725 495.8515 554.4581 606.9844 651.6402 696.6843 744.6895 2.30605 45 
NaN 0.00238759 0.003257508 0.001741145 0.002790824 0.003708554 0.004701925 0.005849002 0.007258769 0.00939142 0.01253855 0.01896825 3.53434e-06 247.7889 345.4075 423.7585 489.7008 538.7977 592.6145 634.3697 678.7865 721.7768 0 46 
NaN 0.002384123 0.003305889 0.001726297 0.002792382 0.003705221 0.004649322 0.005755093 0.007192593 0.009230683 0.01258618 0.01850373 4.703292e-06 249.4606 351.8018 427.6041 489.7954 546.4282 597.9668 650.8967 692.2171 736.0735 0 47 
NaN 0.002394645 0.00329152 0.001728886 0.002786248 0.003741546 0.004718735 0.005785656 0.007258513 0.009132305 0.0125176 0.01889754 NaN 247.4738 347.8073 432.9524 486.3047 546.7581 588.8004 643.8792 689.1813 740.9997 0 48 
NaN 0.002366818 0.003296126 0.001723626 0.002796585 0.003711306 0.004675181 0.0058234 0.00723541 0.009177773 0.01218509 0.01894812 2.623569e-06 250.5886 354.7458 430.1629 497.7367 551.9815 600.8295 644.4207 703.5547 741.8109 0 49 
NaN 0.002432321 0.003311629 0.001708659 0.002771458 0.003693019 0.004627894 0.005703155 0.007146299 0.009071712 0.01259773 0.01894555 6.397092e-06 244.3718 346.8876 423.5356 479.907 537.6447 580.6643 636.5796 676.519 715.3453 0 50 
NaN 0.002343618 0.00329174 0.001751229 0.002804163 0.003739678 0.00472879 0.005835164 0.007283406 0.009339791 0.01298259 0.01911057 4.515629e-06 255.2247 354.2121 438.2878 499.3052 556.384 607.1823 667.3415 707.5226 753.514 0 51 
NaN 0.002427847 0.003275986 0.001737704 0.002768388 0.003663778 0.004646498 0.005813473 0.007255316 0.009285499 0.01237763 0.01890326 3.067699e-06 246.1149 341.046 417.8973 485.9388 539.2004 588.3587 630.5933 676.075 730.1291 0 52 
NaN 0.002390963 0.003319416 0.001742837 0.002828297 0.003776145 0.004765326 0.00588585 0.007287502 0.009435087 0.01277506 0.01962099 1.247206e-06 249.3589 353.7462 433.0808 496.2037 545.7921 601.6223 649.907 699.8085 742.1569 0 53 
NaN 0.002385447 0.003262813 0.001758422 0.002775828 0.003666967 0.004622447 0.005752886 0.007318879 0.009323694 0.01271005 0.01910187 6.447547e-06 251.0376 341.8558 420.8929 480.0757 545.159 590.0347 638.1291 678.9618 716.4333 0 54 
NaN 0.002368686 0.003311115 0.001728309 0.00281228 0.003754566 0.004733643 0.005872237 0.007369405 0.009523991 0.01255939 0.01933358 2.176025e-06 250.0839 355.7203 434.9609 498.5842 555.7516 611.7942 651.4678 704.755 747.2917 0 55 
NaN 0.002386045 0.003286963 0.001717374 0.002769346 0.003704668 0.004685918 0.005824575 0.007357142 0.009305018 0.01271544 0.01970406 2.061074e-06 246.4902 346.7935 429.1601 490.0489 553.1976 596.9396 648.1057 699.7953 736.4298 0 56 
NaN 0.002340147 0.00327515 0.001723285 0.002775467 0.003703633 0.004713606 0.005917187 0.007470856 0.009531923 0.01253315 0.01928551 5.979112e-06 247.9228 347.1454 428.9066 497.8615 559.3753 608.9497 647.9984 699.9069 751.1143 0 57 
NaN 0.002368949 0.003278103 0.001695 0.002781687 0.003708689 0.004662148 0.005807251 0.007287149 0.009336317 0.01266269 0.01873881 3.981279e-06 243.7275 351.1694 425.891 490.798 548.9577 599.1449 649.0808 690.7758 737.8276 0 58 
NaN 0.002389815 0.003268132 0.001718839 0.002786704 0.003701914 0.004651659 0.005772292 0.007204303 0.009192728 0.012704 0.01917501 6.099364e-07 245.9768 348.8477 423.948 486.8708 542.7398 590.0061 646.0791 690.1827 734.2635 0 59 
3.159417e-07 0.002354702 0.003285585 0.001724385 0.002819221 0.003763446 0.004760042 0.00595729 0.007472472 0.009624103 0.0128393 0.01982192 3.26735e-06 247.2375 354.0986 431.3978 499.9958 556.716 609.4849 651.9676 702.3081 747.889 0.1735284 60 
NaN 0.002368002 0.003305566 0.001719927 0.002783751 0.003727609 0.004702296 0.005841679 0.007445867 0.009396944 0.01268695 0.01911246 1.072058e-05 247.7974 349.4732 431.7172 489.6798 557.2446 599.3178 645.5006 688.5976 730.712 0 61 
NaN 0.002421696 0.003260314 0.001714439 0.002764697 0.003679435 0.004653356 0.00579143 0.0072257 0.009284941 0.01254459 0.01913585 1.244843e-05 241.9363 340.7825 417.1354 480.7689 532.3238 580.659 623.7768 666.838 702.0569 0 62 
2.206213e-07 0.002372611 0.003331174 0.001723976 0.002796846 0.003747647 0.00474319 0.005875719 0.00735114 0.009390514 0.01261898 0.01953113 2.380425e-06 249.6562 353.6001 436.9688 500.0469 557.9427 609.1131 656.9484 709.9176 761.5539 0.1211739 63 
2.336722e-06 0.002363026 0.003264259 0.001713278 0.002798274 0.003754769 0.004740776 0.005871901 0.007383473 0.009511479 0.01273461 0.01901461 2.107716e-06 244.4725 349.8906 430.4981 491.2202 549.0966 601.4226 645.9279 687.6195 740.8896 1.270598 64 
NaN 0.0024156 0.003264878 0.001713307 0.002761709 0.003667856 0.004605279 0.005712987 0.00721589 0.009246089 0.01251066 0.01877948 NaN 242.9971 342.3032 418.0249 477.4551 538.1715 587.255 634.6166 678.1161 721.3523 0 65 
NaN 0.00232848 0.003299717 0.001699371 0.002794727 0.00372228 0.004701076 0.00591826 0.007435391 0.00945428 0.01289695 0.01945302 3.556506e-06 245.9234 354.3868 428.9986 501.3301 562.0269 609.6118 662.5977 709.8428 753.4218 0 66 
NaN 0.002467742 0.003272256 0.001680816 0.002697389 0.003604144 0.004552867 0.005630603 0.007048066 0.008859265 0.01195283 0.01778568 6.999808e-06 238.8608 334.8209 414.7197 471.7426 528.0039 567.0192 612.7745 651.4149 695.7092 0 67 
NaN 0.002392632 0.003293804 0.001712574 0.002795835 0.003734588 0.004701014 0.005816886 0.007260894 0.009369111 0.0126459 0.01920538 3.975936e-06 244.9211 350.6675 428.1073 490.2151 544.3106 598.0636 645.3533 692.0022 738.1588 0 68 
NaN 0.002361704 0.0032928 0.001749058 0.00282326 0.003757052 0.004741106 0.005874726 0.007292355 0.009308532 0.0127426 0.01931509 3.510543e-06 252.7311 355.2835 434.4444 498.7079 552.1176 601.3354 655.4944 702.1785 750.7071 0 69 
NaN 0.00236983 0.003277341 0.001699319 0.002763594 0.003705129 0.004702053 0.005841028 0.007259325 0.009308926 0.01267857 0.0185694 4.635211e-06 244.7933 348.2561 429.9019 495.4164 548.3163 598.8971 651.2142 689.171 743.936 0 70 
1.25906e-06 0.002372456 0.003311909 0.001722131 0.002795682 0.003726716 0.004696736 0.005805637 0.007213801 0.009327186 0.01254305 0.0188965 1.538865e-06 248.0682 351.7156 430.1548 493.6873 546.117 602.8226 651.0562 697.7313 751.0834 0.6856668 71 
4.948775e-14 0.002337661 0.00331955 0.001747475 0.002847775 0.003768828 0.004746295 0.005976969 0.007527605 0.00965398 0.01283194 0.01934375 5.393229e-17 254.5555 362.0523 435.252 508.4801 569.5105 622.0086 666.0471 713.7315 765.7668 7.600379e-05 72 
2.427962e-07 0.002337133 0.003281085 0.001760559 0.002829406 0.003767642 0.004769796 0.005919458 0.007380433 0.009484958 0.01273584 0.01957429 2.810597e-06 255.3451 356.205 437.9392 503.1439 558.0235 611.3476 658.0857 708.9655 758.4431 0.1354883 73 
NaN 0.002428274 0.003277758 0.00169567 0.002750657 0.003636032 0.004599367 0.005798454 0.007230737 0.009235086 0.01222479 0.01880843 4.528178e-06 239.849 341.1946 411.5056 484.6512 537.4964 586.08 626.0267 674.6027 725.8989 0 74 
7.629421e-07 0.002397174 0.003304117 0.001737052 0.002808697 0.003737585 0.004727228 0.005881484 0.007337091 0.009574092 0.01264253 0.01950693 1.905879e-06 248.59 351.091 429.0074 495.9355 547.6698 607.2259 645.6594 696.7042 742.0912 0.4179315 75 
NaN 0.002414439 0.003280826 0.001726931 0.002773331 0.003666522 0.004627493 0.0058079 0.007312767 0.009299892 0.01261258 0.0183258 6.403165e-06 246.0896 344.2359 417.9937 485.0695 543.83 587.7818 634.9126 668.2535 715.2663 0 76 
NaN 0.002398615 0.003274742 0.001730075 0.002779192 0.003704471 0.004676966 0.005765007 0.007178204 0.009315099 0.0124499 0.01926652 4.62764e-06 247.6469 346.5147 426.5985 486.6378 537.6206 593.5386 635.1866 685.2896 723.9454 0 77 
NaN 0.002404191 0.003292737 0.001723285 0.002807615 0.003741481 0.004727468 0.005875371 0.007262743 0.009455674 0.01281945 0.01918995 1.418915e-06 244.2696 349.0294 424.8216 491.8682 538.9649 595.8091 643.7248 683.4745 737.5119 0 78 
1.36418e-06 0.002369151 0.003286099 0.001673965 0.002800645 0.003756163 0.004736941 0.005932265 0.007425964 0.009593397 0.01287149 0.02002719 1.657083e-06 239.9431 355.3464 429.5145 499.3284 554.4323 608.4073 652.0194 703.1529 747.2626 0.741392 79 
NaN 0.002388318 0.003274533 0.001702297 0.002792936 0.003726739 0.004686014 0.005846731 0.00738405 0.009449457 0.01276597 0.01914635 3.465466e-06 242.6136 349.9593 424.8667 488.6254 549.3676 597.7208 644.415 686.0266 735.6604 0 80 
NaN 0.002353554 0.003296704 0.001746591 0.002817589 0.003754971 0.004770446 0.005945538 0.007358725 0.009503963 0.0125364 0.01931845 2.422097e-06 252.9437 355.1468 435.8604 505.5463 555.0593 611.1919 651.5303 704.3231 753.3745 0 81 
NaN 0.002340531 0.003300582 0.001752822 0.00285719 0.003825199 0.004798388 0.005900792 0.007440127 0.009473396 0.01263517 0.01926837 5.57518e-06 254.3704 362.0043 443.288 499.4988 561.8127 611.081 656.4667 707.0403 757.3101 0 82 
NaN 0.002348038 0.003269565 0.001695646 0.002767608 0.003701473 0.004645841 0.005746657 0.007287752 0.009342956 0.01256787 0.01839833 1.614866e-06 245.3853 350.3265 429.635 487.9829 553.2793 604.9635 653.9625 693.2001 752.1721 0 83 
NaN 0.002352277 0.003294159 0.001768787 0.002862832 0.003787848 0.004738063 0.005862631 0.007333211 0.009478639 0.01293997 0.01923833 3.668696e-06 255.9425 360.794 434.7928 497.2791 553.4454 607.9711 660.0547 702.6884 745.5077 0 84 
NaN 0.002389311 0.003269225 0.001739133 0.002788092 0.003695351 0.004649708 0.005774021 0.0072711 0.009326463 0.01235174 0.01892757 1.40538e-06 248.7116 346.9546 423.7975 485.5919 544.5995 596.0672 636.8389 686.8421 734.5255 0 85 
NaN 0.002364213 0.003263871 0.001723127 0.002813979 0.003756781 0.00473342 0.005883991 0.007365305 0.009434147 0.01280752 0.01925787 3.992491e-06 246.5634 352.7948 429.7678 493.4306 549.6474 598.9031 647.9962 691.5936 736.8879 0 86 
NaN 0.00236491 0.003289841 0.00174261 0.002817612 0.003747202 0.004752917 0.005930204 0.007304379 0.009378823 0.01261589 0.01932263 4.694863e-06 252.1159 355.3887 433.5331 504.4764 552.1434 604.9417 652.1125 702.5812 748.3921 0 87 
NaN 0.002420243 0.003324982 0.001727606 0.002752313 0.003659246 0.00463087 0.005752061 0.007240078 0.009241146 0.01246603 0.01858141 6.213387e-06 248.3626 342.5882 423.2996 483.8663 542.0126 587.7971 631.3039 670.5595 700.2 0 88 
NaN 0.002353963 0.003303726 0.001736635 0.002830633 0.003764938 0.00472802 0.005884221 0.00742229 0.009612328 0.01291949 0.01926533 2.892446e-06 252.0153 359.0346 435.1246 499.8424 560.1902 615.9179 662.0319 705.9545 749.511 0 89 
3.162494e-13 0.002388448 0.003259701 0.001744051 0.002772843 0.003658153 0.004628602 0.005791355 0.007242537 0.009295967 0.01266527 0.01953447 1.57344e-18 249.6425 344.404 420.4207 488.5584 543.8604 593.8372 642.8999 690.8107 734.2306 0.0004961643 90 
7.778091e-13 0.002406614 0.003278269 0.001723059 0.002753476 0.003698252 0.004737938 0.005873918 0.007203784 0.009238134 0.01231601 0.01942918 2.591237e-17 244.6331 340.1512 426.9188 492.9848 537.2328 588.9734 631.338 687.3022 733.5732 0.0009697869 91 
NaN 0.002388255 0.00330239 0.001717867 0.002810143 0.003762305 0.004757697 0.005960599 0.007552077 0.009607819 0.01301612 0.01961495 8.58288e-06 245.0608 351.8908 430.6927 496.2926 559.3059 604.4771 651.4698 694.4587 739.4729 0 92 
NaN 0.002385447 0.003248212 0.001714186 0.00278955 0.00374434 0.004735283 0.005836835 0.007236114 0.009304407 0.0126169 0.01865694 3.093591e-06 243.4286 346.9217 428.0738 488.1399 538.3736 589.692 638.9834 678.9356 729.3251 0 93 
NaN 0.002320968 0.003304489 0.001772379 0.002852568 0.003823318 0.004846387 0.005993952 0.007535968 0.009630158 0.01324932 0.01989085 4.602971e-06 255.8849 357.1816 443.6795 504.2953 564.9188 613.8916 669.0203 712.8731 759.2074 0 94 
NaN 0.002366365 0.003292136 0.001753817 0.002828658 0.003789667 0.004792316 0.005897266 0.007340921 0.009363738 0.01255978 0.01861578 2.296377e-06 253.1698 355.3971 439.6872 498.6145 552.9003 602.4373 649.9719 693.7454 744.7162 0 95 
NaN 0.002375674 0.00329005 0.001711047 0.002763715 0.00368649 0.00467187 0.005827775 0.007304633 0.009327408 0.01253459 0.01957584 5.306597e-06 244.7496 344.4967 423.8918 489.3688 546.2973 594.7837 638.8043 692.1471 726.7406 0 96 
1.554779e-06 0.002343098 0.003294127 0.001710931 0.002820076 0.003771163 0.004727404 0.005864425 0.007376752 0.009312804 0.01292699 0.01931229 2.027301e-06 246.7342 357.0869 433.5979 494.8444 557.3276 600.4391 660.2674 701.8814 755.9346 0.8508369 97 
NaN 0.002388211 0.003282584 0.001713392 0.002779335 0.003666445 0.004597878 0.00574387 0.007186928 0.009298482 0.01242155 0.01902138 5.150261e-06 246.4923 349.5697 419.539 487.7549 542.6786 598.3137 641.5661 691.8631 731.8764 0 98 
NaN 0.002405053 0.003268748 0.001674903 0.00273559 0.003690911 0.004657764 0.005728648 0.007218852 0.009231937 0.01241467 0.01853992 NaN 239.8972 344.2194 428.1567 483.0337 543.0916 592.1715 638.5739 681.8336 729.7848 0 99 
NaN 0.002375242 0.003268266 0.001749547 0.002796967 0.00371489 0.00468291 0.005795074 0.007268845 0.009301491 0.01253976 0.01901078 8.50434e-06 249.8485 346.6954 426.0513 486.2832 543.8798 593.7693 641.0386 687.7201 734.2046 0 100 
