107183 7183 0 395 649 805 869 898 886 919 864 898 0 395 661 825 894 926 916 952 888 914 4906 8042 9712 10399 11015 11072 11001 11220 11139 11261 4906 12793 22255 32409 43128 53854 64535 75419 86241 97186 
107147 7147 0 378 590 737 831 892 974 897 916 932 0 378 605 755 856 918 1003 919 934 960 4988 7925 9546 10428 10921 11256 11184 11092 11233 11162 4988 12779 22117 32279 42883 53838 64719 75521 86438 97282 
107076 7076 0 362 629 752 844 892 897 862 891 947 1 362 643 766 865 920 926 884 920 973 4912 7925 9488 10385 10825 11026 11114 11072 11328 11428 4912 12695 21956 32083 42616 53358 64178 74914 85916 97001 
107179 7179 0 358 615 759 810 910 946 945 914 922 0 358 624 778 826 933 975 979 946 949 4959 7975 9515 10396 10918 11091 11226 11089 11168 11277 4959 12787 22069 32210 42815 53604 64475 75274 86148 97144 
107183 7183 0 356 639 744 873 890 916 934 914 917 0 356 650 755 894 914 933 965 938 939 5099 8058 9500 10425 10915 10941 10989 11274 11194 11239 5099 13045 22322 32497 43114 53752 64438 75389 86266 97189 
107224 7224 0 349 639 770 856 954 912 960 901 883 1 349 647 799 879 986 938 992 931 910 5012 7898 9507 10516 10848 11240 11157 11156 10994 11144 5012 12791 22085 32316 42833 53766 64582 75434 86101 96928 
107030 7030 0 339 635 734 835 847 889 897 925 929 0 339 647 753 854 872 910 924 948 956 4894 8024 9559 10384 10779 11033 11189 11192 11273 11339 4894 12780 22104 32206 42678 53417 64286 75172 86138 97148 
107036 7036 0 330 577 746 823 894 963 837 926 940 0 330 586 763 835 918 994 871 943 974 5013 8108 9644 10534 10775 11108 11009 11065 11128 11327 5013 12959 22365 32621 43121 53934 64637 75333 86144 97124 
107235 7235 0 351 651 770 849 908 919 922 933 932 0 351 657 795 863 925 946 938 958 959 4981 7875 9590 10459 10746 11256 10846 11282 11220 11292 4981 12724 22113 32292 42754 53718 64263 75247 86188 97160 
107140 7140 0 353 637 770 864 874 952 913 855 922 0 353 646 779 890 900 980 945 882 941 5073 8057 9632 10450 10678 11123 11212 11291 10973 11184 5073 12997 22365 32543 42917 53709 64602 75555 86215 97103 
107223 7223 0 356 609 782 851 883 910 954 980 898 0 356 617 797 872 915 929 978 1008 919 5011 8052 9578 10415 10890 11070 11244 11118 11209 11178 5011 12928 22258 32384 42979 53743 64659 75480 86360 97221 
107189 7189 0 376 637 823 833 855 884 915 936 930 0 376 649 847 859 879 905 935 962 952 5015 7915 9811 10508 10815 10838 11060 11208 11251 11287 5015 12776 22350 32593 43131 53653 64424 75310 86236 97227 
107117 7117 0 365 642 843 815 897 901 863 937 854 0 366 651 864 840 926 923 883 956 881 5079 8063 9523 10617 10804 11071 11224 11199 11008 11191 5079 12985 22282 32612 43098 53850 64757 75601 86308 97174 
107167 7167 0 365 635 752 890 932 884 912 922 875 0 365 643 765 913 956 911 933 956 905 4982 8059 9576 10572 10937 11093 11055 11070 11277 11102 4982 12922 22285 32560 43172 53965 64691 75420 86368 97180 
107129 7129 0 373 625 754 875 869 918 894 914 907 0 373 642 780 897 895 941 926 940 929 4995 7965 9709 10433 10720 11114 11149 11123 11214 11209 4995 12813 22295 32440 42868 53683 64536 75337 86231 97129 
107163 7163 0 377 614 786 873 887 871 970 927 858 0 377 622 798 895 909 891 993 956 885 5018 8013 9568 10615 10810 10924 10980 11201 11324 11256 5018 12864 22227 32549 43100 53714 64417 75322 86332 97230 
107184 7184 0 389 626 796 846 838 889 944 920 936 0 389 637 815 869 866 914 962 951 960 5077 8076 9745 10321 10749 11019 11096 11165 11048 11173 5077 13017 22547 32590 43079 53790 64569 75419 86166 97047 
107233 7233 0 354 632 767 847 872 899 903 1008 951 0 354 640 779 865 894 920 925 1027 978 5089 7980 9567 10497 10894 11148 10903 11218 11309 11198 5089 12938 22285 32514 43096 53895 64490 75418 86389 97247 
107169 7169 0 366 608 753 831 890 915 990 896 920 0 366 620 778 844 917 946 1024 930 948 4879 8043 9529 10411 10927 11050 11070 11296 11169 11309 4879 12768 22061 32191 42832 53558 64352 75304 86156 97132 
107076 7076 0 360 592 786 824 934 890 902 869 919 0 360 603 805 854 955 925 923 890 940 4947 7980 9649 10547 10856 11163 10973 11089 11091 11269 4947 12783 22185 32451 43001 53862 64517 75318 86130 97099 
107330 7330 0 368 620 769 857 957 908 943 970 938 0 368 632 782 874 985 943 975 994 968 4910 7865 9670 10435 10923 11270 11155 11201 11323 11006 4910 12644 22115 32288 42929 53876 64702 75588 86609 97294 
107063 7063 0 336 619 741 863 907 854 901 966 876 1 336 627 760 893 925 886 934 998 903 4926 8071 9500 10468 10881 11012 11139 11163 11265 11201 4926 12853 22126 32298 42875 53591 64386 75212 86130 96999 
107163 7163 0 357 607 828 852 851 936 894 904 934 0 357 620 846 881 880 949 928 941 962 4961 8113 9787 10360 10870 10812 11245 11007 11384 11243 4961 12935 22475 32591 43173 53638 64582 75263 86293 97211 
107207 7207 0 376 614 763 863 901 901 916 962 911 0 376 626 786 881 932 921 938 991 946 4960 7974 9696 10351 11001 10959 11123 11104 11466 11208 4960 12795 22261 32331 43030 53645 64461 75278 86417 97270 
107096 7096 0 361 614 779 859 877 894 930 901 881 0 362 621 800 891 910 925 951 924 909 5039 7933 9664 10641 10709 11036 11059 11199 11311 11130 5039 12855 22305 32669 43075 53806 64557 75453 86454 97237 
107135 7135 0 359 606 750 886 883 890 896 937 928 0 359 614 768 910 901 920 925 965 962 5088 8045 9536 10320 10929 11040 11093 11101 11218 11294 5088 12994 22319 32372 42995 53729 64525 75319 86214 97187 
107121 7121 0 349 598 722 861 933 880 944 941 893 0 349 602 735 881 964 902 979 971 926 4893 8034 9620 10408 10651 11163 11121 11229 11183 11187 4893 12779 22181 32294 42697 53572 64391 75301 86189 97033 
107193 7193 0 362 652 803 817 894 919 914 930 902 0 363 663 819 846 918 949 944 963 931 4987 8143 9782 10537 10650 11101 10974 11134 11145 11328 4987 12989 22533 32779 43143 53955 64606 75434 86218 97225 
107048 7048 0 342 625 768 811 857 882 913 944 906 0 342 640 789 837 886 907 945 976 925 4923 7872 9731 10490 10780 10945 11034 11178 11313 11301 4923 12648 22151 32362 42860 53512 64261 75118 86106 97053 
107334 7334 0 350 603 818 838 908 932 926 955 1004 0 350 612 829 863 931 956 954 986 1029 5024 7821 9679 10491 10946 11000 11094 11214 11282 11322 5024 12721 22171 32371 43019 53680 64491 75375 86321 97322 
107262 7262 0 392 608 782 841 940 952 922 917 908 0 392 620 802 869 966 977 942 951 930 5060 7914 9791 10412 10817 10979 11125 11275 11406 11103 5060 12812 22378 32493 43006 53677 64508 75455 86550 97326 
107376 7376 0 348 638 762 874 928 1000 963 946 917 0 348 649 776 896 957 1031 986 970 950 4958 8023 9526 10419 10820 11083 11226 11370 11327 11149 4958 12845 22155 32300 42793 53555 64432 75504 86511 97321 
107195 7195 0 330 607 783 862 897 863 917 985 951 0 330 623 804 888 919 889 949 1015 985 4853 7989 9770 10281 10847 10992 11079 11435 11428 11132 4853 12702 22232 32263 42810 53494 64263 75368 86477 97268 
107163 7163 0 405 603 805 787 873 983 892 896 919 0 405 612 818 805 896 1001 920 924 950 5086 7993 9657 10279 10686 10970 11363 11154 11187 11232 5086 12968 22385 32434 42859 53536 64606 75429 86295 97247 
107191 7191 0 368 670 729 872 827 912 935 909 969 0 368 683 747 888 859 932 963 933 995 4851 7884 9656 10444 10969 11136 11053 11306 11242 11268 4851 12613 22057 32222 42907 53719 64472 75454 86394 97321 
107251 7251 0 359 647 744 890 941 949 905 889 927 1 359 656 757 909 959 984 938 923 952 5071 8032 9548 10348 10933 10992 11176 11201 11260 11276 5071 12970 22282 32379 43036 53734 64590 75454 86390 97353 
107181 7181 0 350 624 772 879 862 940 902 905 947 0 350 635 792 900 888 958 918 944 975 4915 7995 9497 10433 10780 11094 11215 11189 11256 11289 4915 12751 22013 32191 42715 53486 64394 75274 86206 97138 
107507 7507 0 395 628 850 861 936 959 973 931 974 0 395 635 869 894 967 986 1004 962 1007 5075 7992 9602 10466 10900 11215 11341 11350 11158 11055 5075 12921 22332 32503 43094 53982 65011 76050 86890 97620 
107255 7255 0 342 617 750 808 890 973 950 960 965 0 342 623 777 829 914 1001 978 986 999 5058 8030 9558 10380 10759 11080 11297 11191 11279 11185 5058 12959 22299 32415 42883 53667 64641 75520 86465 97314 
107295 7295 0 384 636 804 869 877 955 905 938 927 0 384 645 826 892 907 974 938 961 955 5013 8117 9554 10375 10891 11150 11290 11187 11137 11143 5013 13008 22311 32392 42977 53837 64795 75674 86508 97375 
107031 7031 0 365 603 779 850 842 887 893 935 877 0 365 614 796 874 870 904 923 966 903 4935 7965 9726 10472 10851 11009 11080 11215 11270 11057 4935 12754 22212 32408 42987 53713 64508 75423 86346 97089 
107164 7164 0 379 622 798 825 889 889 896 901 965 0 379 631 813 857 914 918 926 933 1000 5036 8127 9611 10587 10778 10941 11055 11288 11186 11289 5036 13011 22384 32722 43212 53838 64571 75535 86385 97362 
107322 7322 0 389 637 756 875 913 927 939 947 939 0 390 646 767 893 943 962 964 972 964 5020 7956 9675 10302 10896 11267 11040 11266 11155 11375 5020 12845 22302 32329 42925 53873 64603 75563 86426 97477 
107169 7169 0 367 605 748 832 906 917 967 897 930 0 367 612 757 857 932 944 996 925 960 5054 8063 9565 10101 10709 11000 11093 11288 11317 11455 5054 12982 22335 32158 42595 53282 64054 75020 86033 97204 
107155 7155 0 374 584 776 862 848 927 921 957 906 0 374 594 792 884 866 958 946 992 925 4905 7910 9541 10583 10957 11073 11155 11266 11271 11041 4905 12680 21996 32322 42967 53725 64571 75522 86441 97179 
107200 7200 0 319 628 792 819 908 897 912 941 984 0 319 638 808 849 925 919 934 979 1014 4933 7831 9647 10430 10903 11123 10951 11167 11295 11287 4933 12622 22069 32217 42817 53648 64308 75183 86178 97149 
107154 7154 0 332 608 799 894 918 924 874 900 905 0 332 617 809 916 945 954 906 920 927 5042 8077 9566 10521 10894 11165 10994 11329 11096 11047 5042 12992 22332 32615 43238 54108 64785 75798 86579 97325 
107318 7318 0 354 648 750 859 930 951 963 912 951 0 355 659 771 877 963 975 993 942 989 5034 7943 9562 10378 10827 11181 11075 11244 11246 11149 5034 12837 22157 32244 42817 53681 64433 75372 86299 97110 
107407 7407 0 362 648 757 939 915 924 939 986 937 0 362 664 774 964 939 947 963 1009 961 4982 8037 9710 10649 10617 11122 11229 11187 11294 11224 4982 12862 22325 32692 43013 53827 64732 75598 86554 97465 
107125 7125 0 331 600 799 838 918 864 906 949 920 1 331 611 819 861 937 886 926 977 950 5027 7948 9622 10425 10785 10797 11216 11106 11386 11286 5027 12827 22227 32374 42877 53393 64298 75100 86153 97113 
107185 7185 0 356 638 801 851 819 882 952 907 979 0 356 661 824 875 851 906 974 935 1007 5062 7946 9534 10405 10789 10937 11001 11216 11214 11494 5062 12864 22151 32284 42789 53464 64119 75020 85901 97071 
107271 7271 0 364 662 771 846 912 889 905 964 958 0 364 675 786 860 937 919 923 989 984 5031 8019 9501 10352 10816 10981 11200 11203 11368 11248 5031 12889 22174 32297 42837 53518 64381 75269 86325 97239 
107157 7157 0 356 622 825 779 797 911 959 960 948 0 356 631 841 801 822 936 979 989 980 5095 7901 9759 10291 10718 10769 11270 11268 11402 11261 5095 12870 22406 32418 42829 53307 64257 75218 86313 97241 
107162 7162 0 320 642 796 873 908 907 881 909 926 0 320 648 814 900 945 932 903 936 949 4942 7900 9673 10590 11003 11116 11073 10962 11260 11167 4942 12693 22126 32430 43107 53892 64667 75348 86324 97163 
107092 7092 0 352 652 774 845 856 896 927 865 925 0 352 661 794 867 883 920 956 881 952 5181 7882 9600 10341 10703 11024 11085 11200 11277 11218 5181 12912 22260 32332 42778 53494 64271 75151 86117 97023 
107264 7264 0 374 646 739 895 937 910 940 901 922 0 374 659 758 915 967 935 953 931 939 4971 7855 9474 10418 10934 11303 11276 11179 11181 11181 4971 12686 21952 32104 42757 53747 64686 75555 86403 97229 
107148 7148 0 356 662 771 799 864 908 933 925 930 0 356 667 796 814 882 938 957 954 955 5020 8073 9691 10448 10685 11045 11256 10958 11131 11195 5020 12957 22426 32593 42980 53699 64654 75317 86133 97042 
107269 7269 0 348 602 796 848 880 907 932 984 972 0 349 612 818 871 908 928 964 1017 1002 4981 8029 9746 10605 10835 11106 10885 11271 11166 11368 4981 12853 22352 32670 43194 54017 64570 75530 86394 97434 
107049 7049 0 372 651 772 844 859 858 924 885 884 0 373 657 788 862 890 876 948 911 908 4982 7994 9714 10417 10806 11148 11126 11272 11124 11080 4982 12840 22328 32471 42975 53822 64614 75561 86384 97144 
107137 7137 0 351 667 792 852 929 872 936 854 884 0 351 678 805 877 951 897 954 881 907 5176 7924 9843 10509 10903 10962 11075 11141 11023 10961 5176 12970 22598 32835 43435 54085 64894 75738 86443 97077 
107227 7227 0 385 607 803 900 928 905 871 910 918 0 385 615 820 917 951 928 892 938 943 5092 8049 9519 10510 10950 11087 10909 11049 11170 11430 5092 12992 22285 32537 43192 53971 64571 75321 86195 97274 
107192 7192 0 386 611 792 895 845 894 916 932 921 0 386 628 814 919 866 926 936 958 949 5021 8038 9670 10574 10824 10868 11108 11076 11227 11197 5021 12923 22366 32674 43181 53743 64551 75304 86242 97120 
107226 7226 0 341 641 801 866 886 875 892 999 925 0 341 648 826 885 907 894 922 1022 965 4937 8107 9578 10402 10950 11061 10992 11362 11304 11075 4937 12881 22253 32397 43057 53817 64514 75565 86542 97277 
107244 7244 0 352 658 803 861 899 898 922 951 900 1 352 665 822 885 929 916 948 976 926 5074 7964 9679 10531 10793 11032 11315 11089 11279 11058 5074 12900 22396 32658 43137 53866 64838 75585 86582 97339 
107141 7141 0 378 615 786 854 863 925 917 867 936 0 379 623 803 872 881 949 947 897 961 4943 8048 9486 10500 10789 10923 11123 11306 11279 11409 4943 12847 22117 32359 42840 53461 64289 75283 86231 97302 
107156 7156 0 361 639 741 886 897 905 854 952 921 0 361 653 761 910 910 933 885 970 951 5090 7897 9475 10535 10874 11043 11272 11132 11111 11273 5090 12837 22083 32347 42926 53688 64651 75438 86217 97168 
107154 7154 0 373 639 770 824 926 872 868 938 944 0 373 646 791 847 951 893 897 965 970 5016 8089 9627 10372 10757 10929 11190 11175 11215 11129 5016 12970 22360 32439 42917 53572 64478 75288 86205 97042 
107276 7276 0 393 634 765 834 891 920 939 917 983 0 393 645 782 860 914 942 967 953 997 5146 8029 9738 10248 10636 11031 11274 11325 11051 11344 5146 13038 22548 32525 42850 53583 64521 75523 86250 97301 
107149 7149 0 365 592 709 823 893 971 965 917 914 0 365 600 726 843 913 998 989 939 931 5045 8027 9386 10441 10837 10987 11221 11320 11127 11280 5045 12914 22055 32243 42792 53442 64378 75381 86216 97200 
107295 7295 0 370 623 792 824 862 1002 935 972 915 0 370 633 812 845 885 1023 964 997 950 5076 8074 9701 10256 10820 11023 11260 11444 11163 11140 5076 13001 22495 32479 43005 53710 64675 75797 86658 97471 
106974 6974 0 345 549 730 839 856 932 895 902 926 1 345 556 743 862 881 957 920 932 955 4995 7979 9594 10433 10918 10951 11103 11079 11198 11260 4995 12827 22187 32350 42976 53636 64450 75228 86081 97004 
107392 7392 0 388 664 783 838 836 929 975 996 983 0 388 675 804 857 851 946 1001 1022 1011 5025 8068 9646 10363 10811 10939 11252 11373 11135 11225 5025 12958 22370 32471 43001 53651 64611 75648 86466 97379 
107099 7099 0 359 610 758 846 900 916 909 864 937 0 359 620 775 872 933 946 936 891 964 5048 8040 9589 10313 10885 11137 11120 11131 11046 11239 5048 12961 22329 32347 42934 53733 64520 75347 86077 97003 
107273 7273 0 402 538 822 897 971 922 922 912 887 0 402 546 838 929 996 945 942 951 921 4957 7870 9623 10595 10877 10968 11282 10960 11275 11185 4957 12664 22032 32362 42934 53588 64568 75231 86178 97064 
107122 7122 0 387 626 747 830 881 912 873 946 920 0 387 634 762 857 914 933 899 977 951 5025 8144 9677 10288 10794 10943 11100 11284 11042 11415 5025 13035 22502 32498 43009 53642 64420 75376 86077 97167 
107229 7229 0 361 609 762 866 918 932 874 960 947 0 361 621 777 892 950 955 906 994 969 5054 7953 9513 10339 10839 11016 11042 11160 11337 11370 5054 12893 22178 32246 42800 53514 64270 75127 86166 97225 
107314 7314 0 347 629 717 873 957 942 962 927 960 0 347 639 739 896 984 980 988 950 987 5037 8008 9542 10345 10790 11217 11204 11274 11346 11252 5037 12910 22224 32321 42807 53708 64561 75539 86558 97479 
107221 7221 0 372 647 782 849 905 926 928 890 922 0 372 661 796 868 927 962 962 921 945 5041 8153 9566 10437 10921 11007 11142 11040 11161 11244 5041 13050 22402 32599 43246 53948 64769 75500 86338 97269 
107090 7090 0 360 614 751 831 870 916 904 897 947 0 360 626 768 849 892 937 927 931 979 4951 8053 9679 10288 10578 11099 11178 11176 11285 11292 4951 12853 22299 32302 42596 53416 64285 75152 86136 97092 
107238 7238 0 369 652 767 865 903 894 918 936 934 0 369 664 779 886 931 920 946 963 960 4957 8041 9707 10513 10643 10870 11362 11195 11302 11017 4957 12864 22336 32595 42966 53550 64591 75488 86480 97178 
107247 7247 0 398 644 801 862 881 900 900 904 957 0 399 660 816 881 910 922 935 923 986 5026 7979 9604 10366 10882 11048 11113 11211 11337 11304 5026 12871 22260 32362 42999 53729 64538 75376 86398 97361 
107260 7260 0 362 694 809 888 882 884 893 942 906 0 362 697 833 905 903 905 919 966 930 5006 8019 9586 10368 10813 11010 11303 11129 11332 11196 5006 12872 22256 32368 42911 53617 64614 75419 86440 97332 
107136 7136 0 359 645 793 830 869 911 891 923 915 1 359 658 809 849 889 938 918 938 944 5131 7963 9679 10192 10899 10938 10995 11023 11288 11342 5131 12947 22419 32340 42991 53637 64335 75086 86069 97095 
107316 7316 0 351 586 770 877 972 943 916 947 954 0 351 592 783 897 996 967 952 977 978 5032 7763 9506 10546 10900 11329 11266 11293 11079 11047 5032 12667 21989 32245 42861 53890 64854 75799 86538 97273 
107198 7198 0 379 613 803 853 914 900 910 947 879 0 379 628 823 873 937 925 941 971 905 5043 8018 9584 10499 10904 11034 10953 11065 11098 11318 5043 12911 22271 32481 43076 53817 64457 75210 85985 96979 
107164 7164 0 365 636 804 825 889 892 937 902 914 0 365 645 818 865 912 917 961 932 942 5039 8057 9572 10462 10759 11112 11116 11352 11035 11116 5039 12948 22286 32494 42928 53743 64530 75563 86298 97117 
107122 7122 0 357 651 748 838 869 918 885 921 935 0 357 661 762 860 891 942 905 947 953 5048 7935 9367 10280 10868 11045 11214 11272 11167 11218 5048 12840 22002 32014 42587 53337 64244 75215 86087 97033 
107085 7085 0 321 596 809 826 884 866 873 965 945 0 321 607 829 847 903 894 906 981 973 4924 8007 9731 10479 10906 10953 10919 11259 11251 11250 4924 12793 22277 32483 43080 53717 64313 75275 86227 97142 
107168 7168 0 376 626 758 850 917 892 921 896 932 0 376 637 775 873 942 919 951 932 958 4980 8048 9398 10420 10888 11029 11196 11207 11344 11250 4980 12906 22096 32228 42793 53507 64363 75244 86266 97186 
107211 7211 0 376 653 749 863 878 923 872 918 979 0 376 657 764 896 900 954 906 943 1007 5123 8102 9440 10320 10841 10931 11115 11235 11428 11230 5123 13092 22303 32343 42876 53498 64320 75231 86334 97251 
107259 7259 0 346 622 822 832 934 909 951 904 939 0 346 629 845 857 951 943 975 929 957 4993 8028 9571 10401 10983 11094 11042 11167 11238 11338 4993 12872 22231 32346 43037 53836 64570 75420 86325 97345 
107243 7243 0 375 583 761 879 904 961 965 897 918 0 375 591 780 892 928 981 994 933 956 5006 8097 9595 10437 10793 11100 11049 11150 11217 11325 5006 12964 22312 32457 42962 53783 64517 75347 86232 97216 
107280 7280 0 368 661 773 836 902 982 865 972 921 0 368 665 789 854 931 1006 890 1003 945 4946 8054 9744 10350 10600 11105 11147 11294 11283 11193 4946 12853 22383 32464 42780 53552 64393 75378 86367 97225 
107100 7100 0 353 623 773 842 825 921 918 947 898 0 353 640 787 858 849 947 941 968 924 4961 7881 9609 10386 10718 10944 11203 11233 11417 11304 4961 12702 22090 32220 42686 53336 64212 75084 86170 97151 
107100 7100 0 334 646 742 875 872 896 915 886 934 0 334 651 758 892 894 923 941 911 957 5051 8023 9563 10448 10762 11042 11304 11125 11134 11333 5051 12918 22252 32438 42889 53622 64617 75412 86227 97214 
107171 7171 0 351 653 720 841 964 829 928 902 983 0 351 658 746 858 986 855 952 940 1013 4892 7916 9518 10313 10970 11165 11190 11318 11240 11168 4892 12683 21982 32013 42695 53541 64388 75406 86303 97138 
107104 7104 0 341 594 766 801 890 917 891 931 973 0 341 598 791 831 907 951 917 955 1004 5008 7945 9441 10286 10666 11084 11295 11325 11401 11229 5008 12825 22049 32065 42441 53228 64206 75181 86260 97151 
107284 7284 0 359 655 809 873 850 962 900 954 922 0 359 661 826 903 879 983 930 995 949 4924 8188 9736 10400 10916 10891 11076 11266 11141 11236 4924 12961 22477 32636 43270 53853 64619 75554 86336 97245 
107176 7176 0 376 624 748 852 870 914 933 940 919 1 376 636 762 864 888 935 956 971 942 4917 8043 9373 10340 10804 10989 11176 11181 11379 11295 4917 12812 21972 32084 42616 53295 64193 75064 86111 97034 
107164 7164 0 366 587 784 828 895 852 899 952 1001 0 366 604 809 844 925 878 929 973 1040 5105 7866 9550 10464 10876 11036 11056 11093 11348 11448 5105 12848 22153 32338 42907 53648 64371 75168 86211 97321 
