104246 4246 0 234 360 430 484 556 530 588 540 524 0 234 453 614 771 886 904 1011 991 974 8944 13971 16348 17803 18415 18729 18775 18795 19053 18957 8944 19098 29425 39912 50472 61009 71518 82078 92679 103178 
104317 4317 0 238 381 498 523 509 544 523 513 588 0 239 489 725 827 887 951 950 950 1002 9034 13994 16460 17698 18534 18737 18829 18801 18709 18746 9034 19192 29663 40114 50734 61305 71820 82249 92708 103201 
104359 4359 0 219 373 470 511 565 559 563 571 528 0 219 457 665 801 912 975 1007 1028 980 8914 13886 16439 17417 18236 18953 19068 18916 18906 19118 8914 18968 29326 39664 50145 60914 71534 82055 92557 103247 
104246 4246 0 229 368 485 491 521 553 551 556 492 0 229 472 680 798 858 922 973 971 943 8946 13967 16648 17811 18194 18630 18847 18771 18871 18852 8946 19119 29585 40039 50396 60947 71538 81962 92593 103149 
104371 4371 0 212 363 517 518 506 543 569 571 572 0 213 459 709 842 889 942 983 996 1007 8879 13891 16255 17626 18419 18479 18795 18984 18968 19155 8879 19069 29293 39717 50315 60739 71288 81877 92497 103247 
104221 4221 0 217 363 438 470 531 548 561 568 525 0 217 443 622 744 865 949 974 986 936 9123 14109 16468 17640 18203 18598 19009 18866 18951 18778 9123 19388 29742 40249 50627 61160 71691 82086 92673 103080 
104358 4358 0 209 379 466 537 575 557 555 540 540 0 209 465 668 824 935 980 1006 983 948 9010 13881 16549 17710 18521 18838 18684 19198 18997 18973 9010 19063 29392 39848 50596 61187 71561 82292 92785 103247 
104395 4395 0 203 340 495 510 580 540 567 604 556 0 203 430 688 806 969 980 1029 1041 1007 9070 13903 16409 17522 18369 18721 18920 18973 18981 18947 9070 19101 29296 39611 50268 60865 71446 82085 92711 103302 
104365 4365 0 233 386 435 522 550 543 549 583 564 0 233 486 651 799 906 932 963 999 1014 9115 13933 16529 17732 18322 18727 18862 18921 18922 18986 9115 19245 29612 40015 50556 61148 71673 82111 92740 103306 
104328 4328 0 225 369 443 525 548 538 594 531 555 0 226 487 650 783 882 899 972 953 995 9054 13940 16506 17831 18454 18771 18773 18838 19081 18992 9054 19109 29470 40047 50621 61102 71505 82067 92752 103261 
104379 4379 0 248 366 487 522 504 574 564 522 592 0 248 481 699 821 876 975 988 943 1021 9029 13843 16253 17710 18460 18792 18901 18946 19080 19081 9029 19054 29338 39810 50448 61014 71505 82050 92736 103318 
104388 4388 0 211 365 526 558 520 527 543 569 569 0 211 453 715 869 898 878 935 979 976 9094 14046 16443 17672 18240 18557 18718 18883 19010 18943 9094 19294 29522 40003 50431 60991 71503 82049 92693 103296 
104436 4436 0 217 369 494 525 522 592 569 580 568 0 217 451 681 832 892 973 981 1035 1045 8981 13895 16304 17563 18294 18755 18860 18781 19005 19112 8981 19111 29453 39932 50519 61068 71669 82112 92823 103358 
104328 4328 0 236 393 449 501 524 560 543 584 538 0 236 497 664 812 911 963 1004 1028 978 9127 13933 16488 17632 18155 18582 18821 19043 18973 19000 9127 19163 29628 40021 50352 60901 71436 82127 92605 103243 
104388 4388 0 224 375 455 487 545 579 550 593 580 0 224 451 661 771 896 967 937 1021 1009 8995 13850 16472 17658 18551 18651 18930 19091 19067 18843 8995 19031 29364 39854 50468 60995 71608 82259 92752 103241 
104297 4297 0 208 359 426 536 535 556 565 580 532 1 209 445 602 799 904 971 1021 1005 970 8990 13987 16622 17786 18344 18670 18793 18752 18946 18776 8990 19141 29601 40007 50550 60996 71616 82145 92846 103215 
104233 4233 0 214 369 444 515 517 558 533 530 553 0 214 446 644 812 862 921 932 942 991 8927 14009 16392 17753 18326 18638 18764 18855 18736 19171 8927 19066 29453 39944 50337 60935 71414 81968 92404 103154 
104450 4450 0 217 397 455 515 582 547 567 569 601 0 217 501 684 786 942 968 989 1011 1055 8935 14046 16391 17726 18136 18772 18962 19395 19051 19082 8935 19143 29374 39815 50172 60795 71422 82189 92729 103317 
104392 4392 0 214 356 467 513 543 601 519 596 583 1 215 444 657 805 908 988 960 1028 1057 8895 13778 16436 17808 18423 18880 18997 18905 18908 19060 8895 18926 29349 39981 50426 61044 71616 82222 92670 103293 
104345 4345 0 233 400 452 513 559 516 554 567 551 1 234 502 655 813 895 926 974 989 981 8931 13929 16530 17596 18565 18862 18844 18834 18870 19080 8931 19036 29475 39789 50416 61084 71549 82026 92606 103267 
104526 4526 0 235 374 473 518 541 586 570 609 620 0 235 480 686 811 872 1002 1005 1056 1088 9033 14099 16434 17938 18361 18709 18912 19123 18840 18846 9033 19300 29577 40117 50592 61206 71805 82421 92856 103387 
104352 4352 0 215 348 476 500 523 544 612 576 558 0 215 437 653 767 859 913 1012 1034 1033 8869 14001 16334 17579 18250 18852 18877 18840 19147 18927 8869 19070 29421 39715 50244 60981 71474 81958 92739 103235 
104417 4417 0 240 393 478 534 540 601 549 547 535 0 240 471 692 857 961 1039 994 973 936 8990 14055 16448 17927 18532 18518 18811 18575 18718 18872 8990 19189 29545 40098 50716 61101 71793 82129 92635 103301 
104328 4328 0 253 346 451 502 484 562 575 586 569 0 253 442 648 792 829 936 972 1019 1007 8945 14030 16313 17647 18361 18619 18989 19287 19025 18890 8945 19134 29357 39742 50209 60645 71426 82232 92690 103229 
104315 4315 0 197 376 457 527 548 568 542 586 514 0 197 452 661 828 924 966 961 1011 957 9017 13967 16602 17752 18485 18735 18965 18787 18939 19004 9017 19178 29604 39999 50582 61095 71708 82202 92731 103224 
104275 4275 0 224 354 468 527 509 554 531 563 545 0 224 444 664 791 859 957 979 980 986 8967 14029 16504 17622 18428 18644 18753 18815 19047 18809 8967 19105 29588 39957 50601 61126 71572 82080 92808 103200 
104333 4333 0 232 375 469 518 518 567 552 556 546 0 233 473 658 793 869 943 980 977 974 8834 13950 16585 17833 18299 18461 18899 18938 18851 18915 8834 19048 29529 40054 50553 60931 71649 82163 92691 103258 
104303 4303 0 210 413 421 516 536 525 551 543 588 0 211 507 656 778 873 896 958 948 1008 9087 14120 16640 17595 18289 18597 18609 18834 18824 18863 9087 19287 29703 39995 50514 61027 71491 82127 92647 103178 
104295 4295 0 239 395 469 466 509 509 559 571 578 0 239 491 663 750 853 886 969 1022 1020 9046 14004 16566 17697 18353 18683 18706 18769 19156 18897 9046 19191 29612 40010 50544 61048 71527 82066 92787 103204 
104401 4401 0 218 393 472 540 569 585 539 550 535 0 218 482 666 818 914 1003 1002 1021 1013 9008 13933 16519 17701 18433 18720 18847 18967 18989 18857 9008 19048 29533 39984 50524 61150 71782 82327 92832 103294 
104227 4227 0 218 385 466 494 500 540 536 525 563 0 219 478 665 777 862 933 944 926 949 8901 13766 16460 17739 18538 18729 18883 18884 18977 19042 8901 18875 29311 39742 50351 60909 71493 81949 92548 103128 
104402 4402 0 245 421 436 547 561 542 559 537 554 0 245 527 665 830 929 957 995 978 979 8983 14103 16473 17863 18397 18844 18980 18845 18685 18942 8983 19256 29491 39978 50482 61097 71709 82192 92635 103267 
104306 4306 0 220 346 480 496 526 564 529 571 574 0 220 442 670 798 886 940 932 999 998 9109 14016 16586 17738 18265 18604 18879 18956 18937 18745 9109 19265 29686 40118 50535 60961 71575 82130 92727 103148 
104249 4249 0 225 351 492 501 523 546 510 582 519 0 225 445 678 801 876 949 937 969 984 9126 14046 16492 17505 18357 18759 18851 19010 18894 18724 9126 19289 29597 39863 50422 60971 71498 82134 92713 103117 
104301 4301 0 218 373 438 539 525 591 532 562 523 0 218 460 640 827 892 949 945 1005 962 8938 13725 16041 17740 18311 18519 18851 18874 19125 18973 8938 18938 29016 39753 50327 60735 71457 81976 92704 103200 
104406 4406 0 219 398 478 508 581 545 538 562 577 0 219 499 678 806 945 956 946 975 992 9121 14007 16460 17633 18304 18627 18712 18979 18710 18846 9121 19206 29540 40009 50531 61128 71685 82255 92656 103286 
104364 4364 0 222 384 430 540 561 537 533 597 560 0 222 473 635 804 893 950 957 1019 1008 8928 13915 16436 17687 18403 18677 18985 18913 19107 18821 8928 19071 29506 39902 50524 61100 71736 82193 92805 103295 
104344 4344 0 228 365 511 501 549 523 570 516 581 1 228 468 723 822 910 968 966 910 976 8905 13890 16518 17684 18447 18788 18984 18837 18910 18977 8905 19091 29492 39952 50530 61039 71542 82011 92539 103200 
104382 4382 0 201 393 486 515 539 555 546 584 563 0 201 486 678 817 886 946 967 1015 1034 8869 13700 16439 17618 18226 18593 18926 19047 19078 19029 8869 18786 29218 39679 50058 60639 71331 81964 92621 103272 
104343 4343 0 209 393 459 519 521 554 568 555 565 0 209 487 674 813 886 929 1022 1028 1023 8899 13944 16385 17755 18575 18758 19011 19047 19002 19007 8899 19021 29377 39908 50433 60933 71580 82162 92758 103268 
104333 4333 0 231 357 431 510 570 525 547 542 620 0 231 468 630 780 875 926 960 929 1037 8874 14133 16554 17696 18496 18714 18720 18845 18979 19090 8874 19180 29509 39888 50581 61013 71480 82039 92579 103246 
104301 4301 0 222 399 461 514 557 513 515 572 548 0 222 500 674 820 896 892 909 971 977 9069 13857 16415 17573 18129 18670 18764 18836 18925 18920 9069 19126 29531 40050 50543 61172 71598 82084 92681 103174 
104332 4332 0 225 403 433 508 533 568 548 558 556 0 225 492 661 804 892 948 954 974 975 8918 13883 16256 17981 18437 18661 18879 19164 18970 19049 8918 18955 29211 39865 50331 60930 71421 82045 92579 103232 
104275 4275 0 237 422 472 477 517 526 532 535 557 0 238 517 699 791 873 894 917 939 975 9084 14008 16521 17732 18136 18559 18863 18801 18947 18975 9084 19226 29626 40121 50486 60953 71520 82060 92675 103187 
104371 4371 0 237 383 489 477 555 532 561 556 581 0 237 496 700 791 896 936 990 997 1046 9033 13945 16401 17610 18334 18585 18734 19153 19299 19252 9033 19046 29335 39701 50126 60672 71195 81938 92633 103275 
104336 4336 0 207 377 471 503 534 560 570 540 574 0 207 457 673 801 887 953 980 971 1012 9026 14016 16538 17795 18308 18519 18610 18783 18912 19076 9026 19115 29521 39978 50423 60939 71340 81891 92513 103180 
104270 4270 0 216 347 475 488 537 542 558 531 576 0 216 443 668 773 892 929 973 962 1035 9141 14036 16568 17746 18316 18774 18592 18883 18951 18959 9141 19205 29546 39987 50404 61062 71424 82020 92558 103124 
104314 4314 0 215 357 442 493 542 534 552 568 611 0 215 454 626 778 883 925 944 982 1071 8895 13727 16389 17523 18277 18944 18942 19058 19041 18939 8895 18837 29171 39607 50114 60822 71365 81951 92631 103187 
104442 4442 0 213 347 499 544 565 528 581 577 588 0 213 430 703 842 956 941 1012 1051 1073 9003 14064 16583 17722 18441 18819 18781 18910 18842 19001 9003 19167 29549 40025 50630 61185 71569 82229 92744 103333 
104340 4340 0 231 380 482 487 557 518 532 586 567 0 231 478 681 792 897 930 952 1025 1033 9019 14187 16528 17910 18317 18544 18752 18823 19024 19002 9019 19325 29688 40216 50554 60995 71467 82005 92740 103251 
104372 4372 0 245 394 456 513 526 547 527 567 597 0 245 494 667 820 887 955 956 992 1035 9078 14183 16592 17721 18491 18595 18711 18868 18880 18948 9078 19374 29859 40300 50942 61308 71658 82250 92677 103262 
104373 4373 0 229 379 428 546 558 560 561 534 578 0 229 481 640 828 899 947 963 974 1020 9099 13917 16400 17713 18418 18699 18878 18875 18916 18939 9099 19092 29368 39924 50484 61090 71692 82154 92774 103317 
104410 4410 0 226 383 508 502 556 540 568 566 561 0 226 482 712 829 903 945 1008 1019 1007 8919 13950 16370 17746 18256 18715 18747 19027 19106 19158 8919 19121 29392 39982 50394 60932 71376 81954 92638 103232 
104408 4408 0 253 382 474 514 541 563 558 557 566 0 253 485 690 830 937 949 965 998 1008 8960 13906 16364 17758 18077 18543 18794 19014 19128 19044 8960 19106 29516 39947 50225 60698 71371 82023 92746 103308 
104458 4458 0 205 373 494 517 529 567 590 604 579 0 205 471 711 829 878 964 1017 1037 1019 8984 13847 16518 17791 18581 18902 18911 19152 18990 19059 8984 18997 29402 39821 50477 61005 71612 82269 92794 103348 
104303 4303 0 222 355 445 489 566 545 552 580 549 0 222 438 623 787 913 952 973 1002 999 8990 13968 16554 17821 18328 18684 18884 18962 18929 18863 8990 19132 29519 40096 50521 61065 71579 82204 92669 103210 
104328 4328 0 235 399 471 539 496 533 543 556 556 0 235 494 686 850 879 913 971 973 969 9121 14051 16347 17647 18535 18784 18701 18750 18872 18955 9121 19288 29502 39918 50584 61183 71690 82120 92723 103206 
104403 4403 0 208 361 486 543 541 527 567 598 572 0 208 446 686 838 929 949 976 1008 1028 9018 13908 16664 18017 18360 18506 18638 18919 18873 18968 9018 19097 29576 40152 50576 61050 71502 82094 92685 103313 
104313 4313 0 197 371 489 496 535 554 547 563 561 0 197 451 687 807 892 964 960 1013 990 8917 13791 16433 17798 18341 18603 18706 18936 18972 19218 8917 18924 29324 39791 50270 60785 71250 81904 92420 103199 
104448 4448 0 225 384 470 540 587 555 550 569 568 0 225 482 698 844 939 1006 992 1023 1034 9058 13844 16518 17800 18539 18654 18864 18670 18841 18971 9058 19072 29526 40039 50705 61196 71619 82092 92711 103310 
104333 4333 0 226 381 501 475 550 571 519 544 566 0 226 498 745 838 907 997 936 1003 1029 9025 14100 16531 17565 18377 18917 18874 18873 19000 18883 9025 19203 29561 39881 50487 61261 71717 82266 92746 103244 
104303 4303 0 238 342 412 524 585 559 529 577 537 0 238 431 615 764 938 971 963 1015 1019 8952 13898 16314 17636 18317 18711 18801 18854 18899 18726 8952 19105 29386 39905 50430 61102 71543 82166 92682 103150 
104387 4387 0 217 326 464 528 564 570 569 576 573 0 217 423 649 821 924 989 971 984 1010 8923 13926 16453 17772 18542 18654 18773 18940 18921 19045 8923 19054 29362 39776 50410 60909 71455 82059 92600 103244 
104337 4337 0 211 360 491 522 511 554 564 561 563 1 211 456 678 810 867 935 973 996 987 8898 14045 16498 17860 18419 18708 18832 18994 19027 18958 8898 19106 29497 40014 50462 61024 71602 82164 92775 103276 
104343 4343 0 215 382 459 545 543 505 582 537 575 0 215 478 662 835 897 918 1018 980 1018 8876 13762 16363 17369 18568 18865 18820 19136 18978 18860 8876 18877 29235 39550 50399 61048 71618 82391 92872 103261 
104292 4292 0 218 371 453 512 498 553 546 613 528 0 218 465 662 798 841 928 946 1018 974 9018 14023 16292 17701 18198 18488 18868 18801 18881 19005 9018 19228 29503 39943 50284 60695 71420 81926 92467 103132 
104485 4485 0 242 368 501 526 548 590 555 564 591 0 242 466 694 837 930 995 1000 1014 1055 9009 13790 16400 17655 18197 18511 18801 19089 18947 19224 9009 19020 29497 39885 50291 60875 71398 82115 92650 103411 
104347 4347 0 239 384 501 498 508 507 610 529 571 0 239 482 701 808 864 910 1016 987 1011 9029 14012 16559 17734 18208 18463 18783 18746 18932 18914 9029 19171 29511 39973 50420 60858 71497 82094 92652 103199 
104272 4272 0 221 392 417 509 536 549 557 530 561 1 221 500 628 785 903 958 966 956 992 9004 13935 16467 17676 18418 18594 18881 18975 19195 18949 9004 19112 29462 39750 50340 60811 71405 82072 92709 103124 
104389 4389 0 234 354 442 560 544 542 553 567 593 0 234 457 625 836 901 940 974 1031 1057 8985 13839 16297 17737 18426 18601 18913 18903 19039 18948 8985 19045 29338 39875 50584 61072 71761 82232 92793 103278 
104332 4332 0 210 397 465 481 519 555 547 560 598 0 210 482 679 780 854 932 961 972 1016 8968 14010 16367 17675 18296 18820 19008 18785 18921 18959 8968 19132 29438 39922 50411 61087 71713 82126 92686 103194 
104288 4288 0 210 371 446 518 556 578 519 557 533 0 210 462 623 770 881 995 924 960 978 9031 13827 16411 17658 18504 18941 18990 18914 18874 18966 9031 18987 29391 39822 50540 61179 71667 82106 92593 103155 
104386 4386 0 225 403 506 532 522 552 544 574 528 0 225 499 727 840 899 933 938 1014 971 9018 13828 16517 17937 18275 18522 18634 18986 19114 19038 9018 19047 29531 40119 50521 60980 71475 82110 92744 103284 
104386 4386 0 227 381 485 510 533 533 559 576 582 0 227 477 689 799 862 940 946 1032 1030 9028 13955 16502 17608 18260 18582 18998 18879 19250 18876 9028 19144 29549 39935 50476 61026 71662 82138 92859 103224 
104324 4324 0 218 381 441 523 529 564 564 583 521 0 218 460 640 807 884 946 953 1007 985 8853 13861 16432 17702 18209 18587 18832 18904 18817 19033 8853 18976 29302 39879 50332 60959 71440 82052 92574 103186 
104432 4432 0 230 380 504 556 557 549 533 521 602 0 231 483 716 869 935 959 967 967 1017 8980 14032 16457 17510 18455 18738 18779 18916 18922 19039 8980 19197 29519 39895 50602 61165 71665 82246 92688 103316 
104211 4211 0 202 333 457 494 556 566 531 557 515 0 202 410 629 753 878 940 930 986 946 8836 13862 16314 17796 18360 18657 18731 18927 19057 18818 8836 19009 29293 39839 50274 60845 71443 82049 92681 103106 
104384 4384 0 220 393 444 485 516 571 569 570 616 0 220 486 646 749 869 971 969 1019 1071 9046 13937 16444 17679 18255 18618 18858 18959 19002 18968 9046 19109 29552 39993 50346 60824 71387 82095 92698 103250 
104377 4377 0 216 374 453 536 574 559 567 572 526 0 216 471 656 831 913 956 981 1005 970 8977 13966 16423 17739 18323 18830 18900 18781 18774 18977 8977 19066 29372 39827 50331 61058 71651 82097 92655 103281 
104266 4266 0 218 350 465 500 561 541 524 542 565 0 218 437 661 778 897 949 920 938 969 8933 13850 16417 17782 18388 18656 18792 18736 18655 19061 8933 19022 29399 39890 50486 61051 71646 82021 92443 103203 
104377 4377 0 221 363 520 511 549 548 550 549 566 0 221 453 684 826 929 940 973 1017 1040 8855 13902 16408 17614 18197 18806 18748 18975 19087 19149 8855 18994 29258 39830 50289 60925 71374 82043 92606 103250 
104384 4384 0 226 380 474 521 587 558 530 569 539 0 226 481 687 816 966 979 986 1025 984 8995 13836 16638 17644 18253 18814 18912 19064 19001 18781 8995 19078 29575 40018 50483 61125 71710 82349 92920 103253 
104295 4295 0 232 376 457 482 558 552 585 519 534 0 232 477 675 768 894 949 1002 978 989 8951 13995 16693 17891 18342 18723 18955 18769 18863 18782 8951 19155 29685 40177 50624 61140 71851 82329 92822 103183 
104294 4294 0 232 337 482 519 559 549 518 538 560 0 232 439 658 809 902 983 974 989 1014 9060 13890 16333 17617 18378 18857 19129 19078 18976 19013 9060 19191 29365 39804 50345 61095 71653 82199 92613 103124 
104437 4437 0 235 399 478 502 586 550 544 581 562 0 235 492 697 814 931 967 970 1004 1002 9017 13868 16520 17840 18491 18858 18934 19048 19008 18957 9017 19005 29469 40007 50608 61248 71723 82245 92753 103323 
104292 4292 0 233 380 411 520 552 529 581 532 554 0 233 482 628 801 908 919 977 940 990 8891 14026 16490 17828 18471 18590 18692 18865 18967 18809 8891 19176 29568 40055 50614 61156 71647 82265 92881 103196 
104371 4371 0 220 409 452 520 545 520 569 568 568 0 220 498 661 829 896 923 993 981 1007 9022 13921 16474 17763 18344 18444 18729 19076 18863 19005 9022 19190 29570 40067 50563 61021 71537 82258 92663 103240 
104423 4423 0 213 395 488 531 576 556 545 557 562 0 213 490 688 823 937 991 988 1004 1020 8896 13713 16308 17802 18295 18665 18874 18923 19207 19317 8896 18885 29206 39742 50141 60696 71300 81864 92589 103304 
104317 4317 0 221 386 481 541 511 544 549 571 513 0 221 484 683 850 886 917 958 1002 976 8937 13923 16374 17721 18442 18482 18745 18975 18870 18945 8937 19090 29433 39993 50600 60910 71505 82188 92611 103240 
104277 4277 0 208 381 450 520 512 567 527 568 544 0 208 470 644 823 878 954 946 989 995 9071 13974 16458 17520 18235 18747 18704 19032 19022 19082 9071 19140 29533 39874 50334 60907 71392 82029 92607 103164 
104429 4429 0 215 380 461 533 561 559 581 568 571 0 215 473 680 844 920 974 988 1018 1003 9078 13955 16627 17797 18418 18554 18953 19044 19164 18928 9078 19186 29709 40141 50570 61045 71672 82214 92890 103338 
104394 4394 0 224 390 491 550 577 554 564 533 511 0 224 499 711 858 955 980 993 972 962 9154 14091 16465 17858 18350 18641 18726 18903 18644 18840 9154 19284 29602 40223 50661 61268 71788 82465 92789 103282 
104397 4397 0 241 417 447 486 539 582 584 550 551 0 241 525 698 797 881 951 998 994 1011 9100 14013 16341 17712 18365 18705 19084 19143 18797 19023 9100 19165 29454 39935 50300 60853 71604 82303 92682 103279 
104438 4438 0 225 375 472 568 546 533 557 567 595 0 225 480 697 867 920 956 1008 996 1041 9043 14003 16372 17737 18372 18503 18721 18864 18980 18964 9043 19246 29494 40099 50646 61027 71527 82148 92786 103278 
104435 4435 0 227 375 510 523 563 545 536 566 590 0 227 478 717 841 918 945 937 996 1034 9029 13960 16488 17629 18375 18700 18581 18788 18861 18902 9029 19179 29555 39964 50578 61212 71554 82117 92750 103283 
104352 4352 0 214 351 517 540 537 511 533 568 581 0 214 451 718 831 907 931 935 969 1023 9036 14032 16410 17796 18304 18241 18534 18910 18993 19166 9036 19199 29456 40004 50542 60858 71279 81935 92544 103193 
104421 4421 0 227 401 503 536 560 540 554 555 545 0 227 499 735 859 943 960 999 998 1002 9003 13900 16481 17580 18338 18776 18806 18914 18952 19135 9003 19133 29528 39904 50429 60997 71517 82152 92673 103304 
104275 4275 0 217 372 449 488 564 508 536 611 530 0 217 454 645 772 932 917 968 1049 996 8922 13946 16497 17742 18235 18566 18727 19020 19102 19042 8922 19075 29490 39873 50252 60742 71320 81991 92669 103164 
104381 4381 0 218 352 454 496 564 530 592 579 596 0 218 443 649 783 894 925 995 996 1036 9025 13960 16331 17539 18397 18770 18888 18957 18902 18952 9025 19145 29505 39853 50527 60997 71500 82103 92694 103291 
104310 4310 0 215 377 464 508 543 532 563 520 588 0 215 469 657 793 902 912 979 973 1031 9117 14079 16448 17843 18510 18738 18960 18737 18741 18729 9117 19263 29490 40065 50676 61326 71915 82268 92649 103214 
