206981 106981 0 1645 4181 7075 9668 12399 14884 17109 19157 20863 0 1645 4389 7639 10682 13864 16743 19270 21720 23727 4932 9838 14144 18384 21846 25288 28082 30584 33041 35312 4932 14210 27102 43635 63001 85367 110056 137043 166065 196993 
206126 106126 0 1601 4050 6849 9647 12334 14650 16889 19208 20898 0 1601 4234 7385 10567 13683 16426 19077 21718 23803 5028 9739 14079 18143 21734 24930 27920 30654 33195 35402 5028 14099 26919 43249 62595 84663 109252 136141 165287 196240 
207278 107278 0 1600 4181 6858 9681 12488 14985 17012 19157 21316 0 1600 4376 7407 10634 13930 16876 19237 21753 24259 5028 9800 14133 18057 21872 25350 28169 30741 33266 35633 5028 14192 27045 43214 62685 85073 109898 136955 166139 197267 
206777 106777 0 1607 4011 6973 9647 12482 14904 17158 19177 20818 0 1607 4211 7552 10696 13855 16725 19358 21702 23804 5063 9721 14124 18152 21831 25148 27965 30886 33248 35443 5063 14106 26939 43192 62564 84859 109494 136702 165852 196724 
206936 106936 0 1656 4095 6998 9869 12302 14842 17067 19285 20822 0 1656 4318 7564 10793 13735 16704 19231 21953 23805 5117 9781 14122 18324 21705 25120 28288 30538 33420 35240 5117 14263 27110 43572 62989 85221 110064 136925 166182 196909 
207188 107188 0 1649 4112 6934 9629 12439 14995 17277 19049 21104 0 1650 4315 7487 10577 13856 16803 19488 21737 23992 5011 9706 14191 18143 21888 25254 28021 31009 33171 35384 5011 14092 27053 43340 62843 85148 109893 137131 166103 197108 
207561 107561 0 1568 4196 6851 9825 12485 14891 17359 19362 21024 0 1568 4386 7448 10845 13908 16738 19519 21948 23892 5013 9654 14144 18208 21975 25358 28169 30953 33468 35288 5013 14028 26959 43276 62827 85239 110067 137396 166694 197599 
207094 107094 0 1660 4127 6937 9827 12554 15059 17033 19014 20883 0 1660 4350 7525 10849 13971 16941 19341 21689 23813 4984 9890 14172 18347 22137 25315 28173 30483 33148 35377 4984 14258 27085 43515 63138 85528 110331 137011 166063 197001 
207842 107842 0 1643 4083 6981 9799 12449 15133 17217 19280 21257 0 1643 4310 7540 10791 13882 16931 19463 21864 24225 5030 9830 14101 18216 22092 25245 28556 30839 33230 35641 5030 14257 27002 43356 62985 85250 110436 137485 166636 197743 
206379 106379 0 1583 4001 6946 9739 12312 14852 17137 19002 20807 0 1583 4206 7501 10716 13665 16667 19248 21567 23639 5034 9626 14002 18075 21827 25103 28109 30834 32977 35296 5034 13994 26679 42927 62376 84686 109460 136627 165521 196434 
206043 106043 0 1601 4042 6844 9569 12263 14719 17021 18995 20989 0 1601 4247 7390 10471 13662 16539 19280 21568 23899 5028 9716 13898 17987 21447 24943 28078 30825 33256 35509 5028 14077 26705 42852 62035 84049 108838 135849 164992 195958 
207338 107338 0 1630 4108 6954 9825 12418 14973 17333 19054 21043 0 1630 4319 7491 10817 13870 16805 19499 21656 23986 5030 9836 14032 18242 21922 25343 28225 30839 33189 35583 5030 14219 26975 43413 62854 85249 110108 137248 166328 197398 
206619 106619 0 1618 4005 6845 9631 12134 15037 17348 19047 20954 0 1618 4188 7390 10562 13554 16839 19539 21664 23797 4945 9567 13893 18214 21618 25011 28345 30982 33233 35345 4945 13873 26552 42845 62089 84227 109214 136510 165639 196561 
206492 106492 0 1667 4044 6900 9619 12404 14815 17092 19220 20731 0 1667 4250 7434 10582 13854 16653 19281 21839 23717 5145 9741 14038 18049 21902 25171 28236 30638 33353 35352 5145 14269 26993 43192 62730 84939 109823 136713 165961 196701 
206792 106792 0 1598 4199 6871 9822 12361 14808 16994 19173 20966 0 1598 4393 7391 10785 13751 16549 19152 21751 23842 5076 9858 14044 18094 21927 24980 27904 30699 33151 35461 5076 14263 27058 43313 62902 84977 109630 136661 165724 196809 
206754 106754 0 1673 4030 6845 9632 12293 14819 17133 19234 21095 0 1673 4262 7381 10586 13685 16648 19400 21840 23951 5026 9702 14055 18011 21862 25088 28099 30952 33127 35501 5026 14109 26900 43060 62516 84642 109404 136552 165536 196702 
206636 106636 0 1617 4070 6926 9707 12432 14880 16946 19093 20965 0 1617 4265 7477 10739 13891 16682 19182 21705 23811 5052 9700 13964 18354 21927 25168 27989 30757 33285 35405 5052 14102 26796 43281 62718 84819 109507 136466 165590 196635 
207627 107627 0 1669 4199 7000 9924 12426 14881 17280 19143 21105 0 1669 4400 7555 10906 13846 16675 19493 21698 23921 5041 9770 14285 18383 21892 25182 28221 30957 33193 35299 5041 14164 27247 43785 63253 85536 110468 137629 166824 197751 
207627 107627 0 1651 4228 7023 9837 12441 14867 17290 19152 21138 0 1651 4434 7635 10840 13862 16714 19476 21736 24044 5120 9877 14034 18263 22073 25278 28107 31148 33132 35385 5120 14353 27144 43541 63167 85547 110219 137621 166600 197608 
206323 106323 0 1625 4182 6850 9767 12420 14788 16937 19100 20654 0 1625 4404 7423 10756 13878 16586 19199 21673 23528 5043 9796 14242 18076 21889 25195 28020 30604 33225 35025 5043 14187 27087 43292 62749 85007 109744 136573 165667 196291 
206593 106593 0 1608 4102 6943 9626 12303 14877 17079 19089 20966 0 1608 4305 7478 10532 13696 16726 19375 21718 23840 4915 9745 14078 18167 21800 25183 28256 30860 33220 35243 4915 14062 26897 43202 62598 84875 109763 136737 165766 196680 
207227 107227 0 1627 4144 7117 9675 12398 15154 17006 19000 21106 0 1627 4344 7675 10732 13797 16923 19246 21622 24017 4965 9786 14298 18408 21925 24988 28313 30768 33125 35622 4965 14117 27172 43720 63142 85215 110220 137260 166217 197330 
206755 106755 0 1660 4175 7059 9860 12261 15029 16841 18986 20884 0 1660 4385 7628 10813 13656 16830 19023 21459 23738 5005 9795 14205 18314 21801 24973 28249 30521 33094 35395 5005 14200 27164 43589 63072 85103 110000 136801 165854 196808 
207225 107225 0 1575 4105 6889 9732 12495 14750 17400 19286 20993 0 1575 4311 7437 10721 13944 16574 19568 21902 23923 4909 9648 14155 18092 22033 25294 27994 31050 33483 35390 4909 13915 26827 43078 62655 84949 109580 136904 166279 197204 
207083 107083 0 1625 4161 6939 9617 12612 14814 17282 19045 20988 0 1625 4369 7540 10644 14018 16667 19482 21674 23887 5070 9742 14155 18251 21756 25372 28184 31066 33188 35440 5070 14182 27067 43390 62704 85154 109977 137271 166204 197192 
206707 106707 0 1614 4113 6903 9710 12372 14809 17235 18926 21025 0 1614 4312 7438 10657 13783 16688 19476 21495 23916 4989 9745 13883 18272 21868 25147 28288 30882 33053 35410 4989 14088 26756 43197 62667 84887 109726 136842 165755 196749 
205851 105851 0 1545 3973 6783 9629 12121 14810 16992 19072 20926 0 1545 4178 7302 10568 13566 16606 19219 21637 23801 4869 9645 14003 17843 21544 24985 28196 30774 33387 35274 4869 13866 26624 42677 61843 83917 108797 135820 165096 195975 
206684 106684 0 1690 4220 6947 9784 12467 14721 16977 19086 20792 0 1690 4447 7528 10789 13913 16540 19197 21665 23701 5054 9934 14255 18267 21858 25364 27774 30478 33123 35240 5054 14372 27308 43707 63170 85591 110075 136933 165958 196697 
206759 106759 0 1623 4114 6839 9766 12373 14715 17028 19167 21134 0 1623 4331 7383 10735 13842 16566 19228 21763 23989 5057 9745 14131 18036 21976 25167 27997 30702 33259 35400 5057 14148 27022 43192 62744 84986 109522 136516 165675 196684 
206458 106458 0 1610 4097 6929 9588 12257 14753 17178 19143 20903 0 1610 4314 7483 10511 13666 16552 19411 21766 23795 5084 9692 14149 17993 21677 24839 27930 30782 33355 35314 5084 14139 27000 43171 62572 84559 109222 136271 165517 196450 
206849 106849 0 1635 4110 7006 9815 12375 14905 16889 19329 20785 0 1635 4320 7555 10780 13866 16754 19059 21840 23688 4955 9842 14209 18243 21963 25190 28204 30461 33218 35244 4955 14164 27118 43553 63127 85328 110179 136974 166146 196992 
206721 106721 0 1564 4034 6841 9645 12451 14786 17299 19157 20944 0 1564 4246 7379 10671 13897 16549 19567 21824 23876 4850 9663 14001 18032 21701 25435 28143 31055 33304 35507 4850 13932 26636 42837 62069 84549 109378 136618 165756 196732 
206772 106772 0 1639 4060 7050 9721 12293 14702 17039 19144 21124 0 1639 4275 7577 10711 13776 16553 19237 21744 24010 5051 9806 14083 18179 21833 25066 27861 30836 33490 35578 5051 14243 27040 43404 62807 84883 109374 136516 165810 196942 
206556 106556 0 1663 4238 6873 9852 12611 14805 17032 18931 20551 0 1664 4408 7436 10839 14037 16654 19222 21473 23418 5066 9875 14365 18160 22186 25202 27968 30898 32848 34828 5066 14329 27483 43727 63458 85710 110342 137508 166230 196640 
207110 107110 0 1651 4203 6999 9731 12606 14824 17018 19204 20874 0 1651 4391 7579 10708 14075 16606 19134 21717 23804 5042 9652 14266 18357 21762 25399 28011 30641 33263 35354 5042 14077 27127 43550 62829 85306 109986 136956 166132 197018 
207042 107042 0 1595 4189 7151 9857 12336 14762 17012 19050 21090 0 1596 4389 7684 10857 13770 16575 19193 21696 23962 5130 9771 14288 18402 21787 24949 28086 30632 33239 35527 5130 14246 27221 43879 63224 85274 110002 136908 165965 197073 
206962 106962 0 1551 4226 6894 9791 12398 14806 17216 18982 21098 0 1551 4415 7455 10810 13807 16684 19469 21625 23960 4979 9881 14265 18050 21894 25132 28223 30862 33147 35460 4979 14195 27193 43358 62844 85061 109890 136970 165926 196949 
206849 106849 0 1617 4206 7019 9758 12469 14797 17088 19123 20772 0 1617 4432 7589 10758 13874 16689 19313 21679 23688 4967 9857 14323 18077 21895 25157 28132 30669 33333 35159 4967 14195 27204 43447 62956 85206 109994 136910 166140 196831 
207016 107016 0 1652 4164 7027 9834 12425 14911 16982 19109 20912 0 1652 4382 7568 10827 13896 16725 19149 21681 23784 5053 9761 14047 18307 21712 25322 28178 30677 32938 35477 5053 14188 27006 43553 62873 85278 110100 137060 165905 196926 
207239 107239 0 1613 4121 6970 9887 12572 14965 17029 19078 21004 0 1613 4316 7513 10829 13989 16806 19285 21635 23943 5033 9669 14171 18094 21968 25287 28142 30743 33300 35515 5033 14036 26984 43231 62843 85236 110088 137068 166254 197300 
207003 107003 0 1572 4103 6986 9896 12400 14807 17361 19073 20805 0 1572 4314 7526 10899 13803 16633 19582 21648 23696 4862 9749 14164 18357 22012 25208 28203 30883 33113 35092 4862 14024 26889 43393 62993 85279 110155 137312 166317 196955 
207390 107390 0 1651 4178 7041 9894 12427 14970 17077 19170 20982 0 1652 4401 7591 10880 13851 16707 19288 21747 23800 5080 9948 14207 18364 21824 25424 28183 30804 33082 35279 5080 14390 27343 43825 63228 85649 110518 137497 166457 197417 
207268 107268 0 1542 4157 6922 9780 12401 14946 17228 19207 21085 0 1542 4355 7469 10785 13782 16852 19438 21904 23993 4980 9740 14254 18190 21845 25221 28292 31032 33331 35421 4980 14093 27037 43337 62756 85098 109962 137215 166355 197335 
206407 106407 0 1577 4154 6951 9615 12208 14927 16967 19127 20881 0 1577 4350 7514 10623 13601 16708 19136 21671 23766 5016 9773 14171 18159 21772 25123 28071 30804 33080 35304 5016 14154 27003 43291 62651 84885 109665 136698 165668 196514 
207454 107454 0 1612 4168 6891 9783 12513 14896 17177 19272 21142 0 1612 4389 7484 10810 13938 16797 19373 21741 23941 4946 9854 14201 18256 22062 25393 28051 30674 33308 35303 4946 14170 27063 43382 62988 85425 110098 137056 166400 197389 
207548 107548 0 1701 4178 6988 9737 12490 15075 17185 19174 21020 0 1701 4394 7526 10705 13861 16901 19448 21820 23852 5088 9883 14339 18286 21826 25423 28362 30648 33298 35311 5088 14315 27368 43746 63152 85745 110745 137620 166748 197695 
206717 106717 0 1611 4192 6892 9626 12276 14873 17123 19039 21085 0 1611 4395 7442 10620 13647 16768 19379 21699 24040 5038 9672 14139 18294 21907 24939 28243 30791 33281 35578 5038 14073 26936 43375 62845 84906 109744 136751 165782 196887 
206648 106648 0 1594 4024 6932 9812 12649 14833 16897 18946 20961 0 1594 4199 7443 10758 14010 16661 19168 21481 23719 4960 9661 13965 17901 21862 25278 28208 30686 33097 35374 4960 13960 26688 42839 62382 84846 109678 136551 165494 196503 
207090 107090 0 1579 4171 6983 9848 12420 14918 17075 19085 21011 0 1579 4368 7552 10895 13839 16722 19248 21631 23810 5047 9571 14283 18375 22107 25147 28148 30810 33150 35153 5047 13993 27022 43447 63005 85212 110110 137265 166307 197148 
206725 106725 0 1587 4205 7032 9717 12279 14870 17020 19162 20853 1 1587 4414 7592 10725 13728 16711 19259 21735 23755 5011 9739 14293 18242 21956 25075 28237 30652 33065 35225 5011 14124 27200 43539 63062 85156 110022 136872 165882 196678 
207073 107073 0 1628 4160 6984 9785 12483 14828 17105 19231 20869 0 1629 4359 7549 10776 13906 16794 19278 21829 23890 5045 9800 14268 18285 21917 25170 28106 30772 33365 35299 5045 14198 27209 43641 63124 85377 110043 137123 166334 197027 
206523 106523 0 1666 4130 6824 9745 12311 14939 16853 19099 20956 0 1666 4356 7403 10725 13757 16759 19080 21689 23842 5057 9681 14076 18142 21816 25009 28236 30690 33248 35441 5057 14114 26935 43161 62562 84651 109558 136485 165615 196640 
206504 106504 0 1601 4041 6865 9603 12484 14776 17050 19148 20936 0 1602 4233 7391 10551 13862 16576 19261 21704 23849 4922 9717 14057 17986 21680 25195 28014 30880 33410 35402 4922 14023 26822 42933 62249 84580 109271 136409 165736 196589 
206983 106983 0 1620 4111 6905 9509 12332 14783 17348 19288 21087 0 1620 4328 7452 10498 13702 16543 19539 21920 23969 4904 9660 14156 18235 21685 25298 27956 31053 33433 35420 4904 13967 26854 43156 62451 84886 109524 136910 166129 197088 
205927 105927 0 1638 4002 6887 9596 12187 14796 16934 18913 20974 0 1638 4217 7394 10576 13655 16614 19182 21463 23852 4971 9615 13982 17976 21685 25078 27952 30646 33025 35429 4971 13977 26695 42887 62157 84275 108823 135713 164669 195749 
206908 106908 0 1643 4174 7077 9804 12418 14790 16982 18993 21027 0 1643 4397 7605 10787 13824 16632 19111 21479 23885 4980 9826 14439 18344 21810 25169 28105 30473 33073 35335 4980 14198 27282 43764 63169 85391 110118 136932 166005 196956 
206350 106350 0 1623 3964 6829 9630 12245 14817 17044 19073 21125 0 1623 4161 7367 10590 13649 16646 19175 21621 23984 5009 9567 13944 18062 21599 25181 28244 30669 33265 35680 5009 13925 26582 42804 62031 84254 109126 136112 165247 196540 
206682 106682 0 1605 4194 6938 9709 12378 14663 17030 19274 20891 0 1605 4392 7512 10678 13731 16467 19234 21873 23789 4966 9812 14399 17983 21726 24988 27989 30860 33545 35243 4966 14197 27242 43334 62690 84876 109565 136670 165970 196818 
207250 107250 0 1598 4128 6972 9721 12499 15031 16963 19328 21010 0 1598 4328 7490 10664 13904 16830 19206 21813 24011 5055 9819 14228 18269 21821 25350 28272 30775 33224 35384 5055 14201 27157 43511 62959 85369 110330 137319 166530 197347 
207493 107493 0 1685 4186 7138 9669 12357 15006 17100 19242 21110 0 1685 4384 7682 10668 13743 16841 19322 21795 24042 5119 9924 14145 18415 21664 25029 28236 30942 33349 35584 5119 14393 27233 43857 63075 85193 110095 137327 166556 197596 
206770 106770 0 1631 4113 7003 9731 12298 14722 16978 19268 21026 0 1632 4310 7566 10697 13680 16593 19155 21852 24009 4921 9864 14190 18144 21814 25023 28173 30734 33448 35522 4921 14162 27096 43342 62716 84851 109673 136666 165999 196950 
207584 107584 0 1624 4107 6866 9867 12503 14990 17332 19244 21051 1 1624 4322 7417 10842 13876 16782 19536 21841 24026 5074 9780 14068 18185 21957 25293 28322 30936 33153 35462 5074 14170 27018 43352 62915 85334 110332 137541 166667 197580 
207047 107047 0 1566 4134 6906 9720 12332 14862 17200 19451 20876 0 1566 4327 7443 10759 13789 16679 19399 22047 23827 4970 9634 14035 18227 21806 25191 28135 30972 33580 35369 4970 13971 26797 43182 62444 84670 109451 136720 166140 197002 
206626 106626 0 1578 4113 6941 9753 12387 14884 17050 18986 20934 0 1578 4314 7507 10738 13793 16668 19294 21572 23802 4952 9707 14171 18244 21918 25155 27849 30884 32985 35462 4952 14054 26950 43306 62775 84993 109599 136689 165505 196541 
206913 106913 0 1606 4078 6971 9795 12406 14865 16973 19108 21111 0 1606 4275 7532 10814 13819 16726 19228 21714 23972 4933 9753 14110 18071 21897 25258 28125 30764 33234 35669 4933 14046 26858 43126 62637 84915 109654 136625 165711 196951 
206693 106693 0 1619 4093 6929 9516 12313 14784 17090 19387 20962 0 1619 4277 7494 10476 13692 16625 19392 21906 23900 4970 9734 14102 18051 21505 25070 28184 30949 33418 35403 4970 14070 26864 43063 62166 84387 109227 136358 165665 196617 
207030 107030 0 1611 4214 7000 9858 12322 14775 17073 19211 20966 0 1612 4420 7537 10837 13813 16596 19268 21754 23839 5061 9841 14314 18027 21961 25004 28041 30692 33150 35369 5061 14271 27318 43504 63138 85251 109965 136961 166017 197040 
206179 106179 0 1587 4186 6897 9652 12246 14809 17095 19011 20696 0 1587 4377 7503 10585 13703 16624 19300 21620 23535 4777 9655 13920 18345 21742 24941 28038 30797 33143 35228 4777 13862 26566 42998 62395 84416 109152 136209 165163 196007 
206198 106198 0 1550 4135 6866 9761 12276 14615 17071 19112 20812 0 1550 4319 7436 10737 13702 16449 19219 21616 23635 4928 9662 14339 18217 21694 24957 28057 30679 33147 35343 4928 13965 27059 43309 62582 84615 109271 136290 165389 196272 
206644 106644 0 1586 4097 6932 9753 12388 14870 17048 19205 20765 0 1586 4307 7476 10706 13796 16643 19240 21744 23624 4903 9868 14214 18187 21662 25150 28064 30564 33270 35098 4903 14161 27014 43327 62595 84820 109544 136413 165734 196402 
206284 106284 0 1647 4175 7013 9431 12229 14623 17132 19129 20905 0 1647 4376 7560 10439 13649 16415 19277 21700 23808 5106 9684 14247 18363 21428 24803 27951 30742 33349 35305 5106 14147 27160 43628 62575 84477 109157 136193 165469 196283 
207005 107005 0 1605 4150 6920 9604 12429 14937 17200 19015 21145 0 1605 4373 7474 10622 13751 16756 19433 21578 23997 4960 9673 14220 18150 21591 25194 28247 30976 33066 35629 4960 13957 26878 43265 62418 84874 109754 136828 165843 197014 
206925 106925 0 1645 4167 6956 9776 12281 14862 17031 19214 20993 0 1645 4340 7492 10731 13705 16656 19290 21737 23779 5063 9746 14189 17919 21792 25262 28061 30728 33396 35363 5063 14144 27091 43128 62619 84977 109699 136636 165902 196882 
206450 106450 0 1658 4154 6947 9644 12422 14916 16921 18978 20810 0 1658 4340 7523 10674 13820 16681 19196 21563 23790 5001 9676 13981 18162 21813 25089 28091 30721 32997 35401 5001 14082 26905 43195 62549 84801 109618 136484 165413 196274 
206995 106995 0 1604 4146 6857 9699 12330 14862 17123 19162 21212 0 1604 4346 7416 10674 13777 16644 19320 21738 24165 4948 9706 14060 18093 21764 25138 28076 30917 33316 35768 4948 14037 26844 43056 62474 84723 109538 136756 165914 197214 
207072 107072 0 1622 4082 6971 9954 12370 14964 17339 19002 20768 0 1622 4288 7538 10891 13741 16833 19512 21606 23722 5045 9743 14220 18252 21938 25052 28282 30897 33093 35230 5045 14190 27129 43519 63114 85326 110197 137354 166305 197006 
206302 106302 0 1649 4106 6921 9846 12180 14696 17083 19142 20679 0 1649 4320 7462 10851 13549 16508 19186 21778 23583 5091 9699 14082 18174 21803 24911 27864 30586 33313 35233 5091 14181 27002 43346 62770 84830 109406 136394 165508 196301 
206441 106441 0 1648 4100 7015 9703 12359 14730 16889 19156 20841 0 1648 4305 7573 10705 13774 16574 19016 21770 23769 5045 9653 14132 18311 21767 25041 27911 30625 33284 35299 5045 14079 26977 43470 62789 84930 109505 136424 165533 196345 
206463 106463 0 1569 4093 6910 9695 12323 14966 16947 18970 20990 0 1569 4304 7415 10696 13728 16786 19206 21578 23917 4947 9693 14119 18098 21795 25078 28198 30650 33102 35488 4947 14037 26925 43211 62564 84775 109568 136418 165411 196437 
206918 106918 0 1670 4181 6986 9849 12465 14875 17024 18847 21021 0 1670 4373 7594 10861 13804 16700 19239 21415 23896 5003 9871 14305 18264 21877 25149 28106 30582 32834 35521 5003 14257 27241 43568 63070 85408 110177 137072 165832 196961 
206389 106389 0 1583 4203 7091 9845 12245 14951 16943 18909 20619 0 1583 4416 7627 10886 13691 16717 19159 21437 23444 5037 9753 14381 18208 21874 25030 28020 30662 32760 35276 5037 14176 27248 43673 63081 85136 109887 136729 165421 196332 
206698 106698 0 1546 4039 6727 9697 12368 14763 17252 19122 21184 0 1546 4220 7285 10657 13819 16586 19462 21665 24153 4845 9644 13963 17947 21699 25149 28089 30987 33222 35666 4845 13892 26572 42693 62002 84250 109009 136322 165439 196651 
206519 106519 0 1652 4111 6854 9580 12312 14798 16917 19195 21100 0 1652 4323 7399 10535 13703 16588 19183 21706 23906 5055 9601 14164 17931 21767 25087 28089 30809 33418 35097 5055 14045 26948 43043 62374 84575 109357 136355 165736 196491 
207262 107262 0 1642 4157 6856 9743 12375 15078 17349 19212 20850 0 1642 4373 7430 10680 13794 16932 19557 21757 23806 5086 9822 14284 18192 21795 25252 28318 30882 33047 35321 5086 14273 27250 43523 62953 85345 110250 137457 166485 197327 
206681 106681 0 1635 4116 6898 9716 12268 14804 16978 19183 21083 0 1635 4324 7466 10693 13640 16628 19196 21770 23956 4956 9770 14114 17990 21845 24987 28237 30626 33385 35439 4956 14114 26980 43074 62489 84638 109502 136350 165674 196666 
207393 107393 0 1588 4179 6980 9837 12640 14863 17162 19197 20947 0 1588 4368 7583 10781 14050 16693 19387 21795 23914 5082 9669 14280 18250 21837 25317 28192 30694 33336 35552 5082 14135 27121 43501 62951 85367 110243 137166 166342 197393 
206777 106777 0 1647 4160 6859 9800 12483 14641 17138 19055 20994 0 1647 4393 7376 10753 13891 16512 19421 21644 23911 5015 9702 14107 18060 21863 25119 27950 30855 33062 35465 5015 14084 26963 43266 62822 84956 109526 136614 165558 196617 
206826 106826 0 1651 4171 6928 9779 12381 14920 17010 19147 20839 0 1651 4351 7477 10746 13795 16759 19169 21770 23659 5024 9779 14355 18120 21739 25206 28124 30546 33031 35260 5024 14180 27272 43498 62890 85162 109953 136851 165771 196700 
206719 106719 0 1640 4206 6942 9625 12441 14931 16975 19040 20919 0 1640 4426 7500 10572 13813 16764 19233 21625 23813 5064 9730 14228 18025 21697 25157 28216 30759 33127 35382 5064 14183 27149 43309 62688 84913 109775 136754 165753 196726 
206514 106514 0 1646 4080 6870 9643 12308 15001 17066 18981 20919 0 1646 4279 7435 10610 13722 16826 19310 21601 23859 5008 9773 14042 18043 21924 25253 28033 30597 33068 35335 5008 14149 26910 43081 62574 84912 109636 136509 165486 196399 
206050 106050 0 1592 4018 6844 9588 12275 14640 16849 19058 21186 0 1592 4225 7398 10590 13715 16474 18989 21514 24027 4893 9659 14037 18025 21549 25121 27929 30647 33216 35636 4893 13971 26735 42855 62004 84164 108690 135648 164824 196014 
206687 106687 0 1680 4146 6970 9824 12464 14893 17114 18956 20640 0 1680 4349 7544 10770 13787 16813 19335 21622 23515 5111 9823 14046 18239 21840 25265 28012 30825 33196 35071 5111 14314 27061 43490 62976 85426 110045 137182 166110 196740 
207131 107131 0 1575 4166 6979 9786 12452 14893 17165 19170 20945 0 1575 4371 7553 10769 13854 16711 19327 21766 23861 4945 9882 14314 18290 21723 25210 28031 30752 33112 35498 4945 14187 27225 43649 63005 85273 109956 137029 166037 197104 
206738 106738 0 1627 4085 6904 9652 12411 14684 16961 19392 21022 1 1627 4269 7425 10627 13765 16497 19159 21946 23920 5024 9749 14030 17967 21955 25140 28012 30697 33508 35478 5024 14143 26903 43048 62609 84903 109487 136408 165889 196878 
206465 106465 0 1620 4139 6932 9716 12215 14872 17065 19015 20891 0 1620 4338 7474 10662 13661 16601 19247 21588 23748 5079 9745 14129 17974 21785 25028 28054 30672 33002 35305 5079 14143 27041 43191 62589 84717 109522 136491 165438 196283 
206997 106997 0 1652 4125 7068 9691 12390 14948 16996 19224 20903 0 1652 4316 7633 10669 13700 16854 19279 21784 23763 5060 9784 14283 18185 21834 25174 28013 30664 33167 35294 5060 14239 27225 43507 62934 85321 109971 136870 165956 196846 
206908 106908 0 1611 4179 7030 9894 12341 14836 16868 19108 21041 0 1611 4369 7581 10831 13824 16683 19081 21671 23952 5081 9847 14135 18222 21927 24999 27986 30734 33289 35455 5081 14337 27175 43524 63075 85110 109781 136832 166013 197015 
206995 106995 0 1583 4162 6928 9834 12459 14767 17214 18986 21062 1 1583 4361 7513 10737 13840 16630 19456 21610 23906 5018 9828 14054 18222 21828 25300 28039 30876 33094 35389 5018 14237 27080 43445 62909 85320 110008 137129 166031 197048 
206261 106261 0 1539 4220 6847 9591 12347 14770 17009 18970 20968 0 1539 4404 7408 10599 13751 16651 19182 21464 23836 5012 9667 14096 18010 21752 25084 28059 30643 33021 35453 5012 14059 26911 43059 62357 84583 109239 136195 165227 196240 
206958 106958 0 1676 4249 6925 9704 12448 14964 17009 18967 21016 0 1676 4462 7471 10666 13803 16817 19186 21501 23921 5022 9927 14264 18168 21906 25025 28225 30601 33126 35441 5022 14315 27297 43560 63040 85141 109967 136844 165913 196880 
