119315 19315 0 424 866 1320 1800 2241 2664 2963 3375 3662 0 424 1188 2255 3632 5162 6852 8510 10247 12144 9002 17285 24628 31159 37436 42819 47710 51775 55560 59223 9002 19418 30280 41598 53481 65735 78405 91238 104632 118219 
119220 19220 0 377 881 1303 1824 2219 2628 3044 3341 3603 0 378 1162 2198 3584 5124 6711 8462 10238 11945 9157 17179 24515 31159 37297 42556 47362 51692 55973 59374 9157 19251 30146 41378 53234 65432 78033 90948 104481 118123 
119205 19205 0 425 907 1381 1811 2193 2653 3019 3280 3536 0 425 1223 2330 3662 5183 6856 8524 10242 11953 9025 17108 24548 31200 37124 42645 47323 51783 55667 59011 9025 19243 30182 41556 53285 65629 78302 91423 104644 118078 
118900 18900 0 365 852 1357 1786 2214 2585 2950 3286 3505 0 365 1129 2241 3598 5112 6665 8416 10158 11854 9047 17201 24592 31369 37288 42568 47361 51733 55856 59482 9047 19269 30096 41570 53296 65401 77939 90867 104168 117796 
119041 19041 0 382 903 1336 1805 2241 2578 2939 3239 3618 0 382 1209 2298 3669 5176 6814 8445 10198 11909 9006 17222 24452 31333 37389 42530 47406 51642 55741 59068 9006 19345 30043 41536 53404 65593 78179 91048 104373 117933 
118914 18914 0 393 880 1338 1742 2275 2497 2964 3253 3572 0 393 1189 2246 3531 5131 6652 8394 10032 11727 8997 17171 24658 31262 37160 42461 47332 51550 55300 58886 8997 19292 30285 41616 53296 65532 78028 90963 104168 117815 
119159 19159 0 414 871 1315 1774 2168 2631 3061 3257 3668 0 414 1178 2253 3554 4999 6678 8496 10165 11914 9035 17135 24380 31000 37069 42641 47418 51852 55877 59352 9035 19276 29924 41205 52924 65233 77903 90979 104288 118017 
119351 19351 0 398 899 1329 1840 2299 2637 2968 3428 3553 0 398 1201 2266 3642 5174 6839 8553 10300 11999 9082 17140 24660 31324 37493 42746 47666 51864 55610 59188 9082 19293 30209 41606 53598 65799 78430 91339 104667 118214 
119081 19081 0 388 899 1314 1842 2222 2562 2882 3303 3669 0 388 1185 2265 3666 5214 6800 8445 10258 12018 9004 17008 24289 31127 37307 42692 47522 51755 55829 59360 9004 19156 29862 41340 53298 65522 78085 90948 104264 117966 
119179 19179 0 441 822 1379 1774 2198 2600 3025 3319 3621 0 441 1155 2263 3577 5060 6691 8443 10151 11873 8988 17153 24653 31347 37274 42524 47340 51810 55704 59146 8988 19346 30338 41816 53507 65637 78130 91293 104539 118055 
119339 19339 0 399 854 1422 1689 2241 2712 3054 3333 3635 0 399 1143 2296 3566 5055 6854 8600 10327 12143 8875 17180 24546 31128 37335 42518 47447 51760 55959 59479 8875 19189 30048 41386 53272 65295 78009 91014 104530 118212 
119262 19262 0 420 857 1310 1821 2264 2617 2985 3365 3623 1 421 1179 2227 3617 5152 6764 8486 10265 11989 9089 17158 24550 31183 37150 42561 47187 51761 55476 59205 9089 19288 30183 41563 53341 65579 78118 91154 104488 118139 
119120 19120 0 413 920 1297 1852 2170 2582 3003 3262 3621 0 414 1245 2301 3679 5130 6748 8481 10179 11936 8944 17104 24734 31217 37298 42712 47434 51827 55854 59464 8944 19237 30259 41448 53290 65544 77944 90939 104345 118027 
119273 19273 0 435 835 1349 1768 2215 2682 2981 3363 3645 0 436 1171 2268 3582 5080 6748 8476 10219 12066 8952 17204 24557 31284 37157 42320 47517 51745 55799 59325 8952 19365 30187 41587 53255 65387 78206 91172 104548 118117 
119152 19152 0 400 876 1356 1871 2301 2687 2883 3136 3642 0 400 1193 2282 3694 5274 6926 8579 10139 11814 9124 17346 24620 31161 37018 42401 47354 51696 55356 58856 9124 19522 30243 41539 53447 65670 78460 91301 104321 118048 
118878 18878 0 395 848 1352 1731 2088 2558 2950 3334 3622 0 395 1152 2258 3527 4931 6556 8291 10046 11822 8904 17141 24559 31255 37152 42506 47117 51550 55661 59158 8904 19251 30161 41589 53332 65437 77813 90820 104226 117760 
119223 19223 0 424 861 1362 1789 2249 2631 2956 3323 3628 0 424 1191 2316 3616 5172 6816 8523 10250 11994 9011 17341 24611 31243 37030 42378 47378 51520 55350 59016 9011 19444 30181 41555 53308 65399 78146 91026 104371 118054 
118879 18879 0 398 852 1352 1807 2173 2547 2906 3292 3552 0 398 1169 2273 3621 5089 6678 8297 9975 11672 8926 17199 24685 31174 37165 42501 47460 51982 55663 59276 8926 19323 30260 41425 53177 65278 77943 90990 104182 117720 
119259 19259 0 393 920 1350 1796 2250 2619 3070 3282 3579 0 394 1228 2316 3652 5143 6735 8552 10234 11876 9001 17185 24448 31197 37392 42446 47469 51906 55780 59196 9001 19269 30081 41483 53365 65494 78224 91374 104673 118174 
119065 19065 0 410 904 1360 1798 2191 2524 2925 3406 3547 0 410 1211 2318 3648 5129 6652 8349 10167 11835 9097 17467 24711 31471 37227 42819 47452 51892 55860 59216 9097 19605 30351 41803 53538 65745 78257 91214 104625 117970 
119219 19219 0 410 891 1324 1731 2284 2636 3032 3344 3567 0 410 1189 2289 3567 5167 6780 8543 10299 11942 9091 17237 24722 31328 37228 42709 47384 51763 55583 59248 9091 19405 30391 41678 53307 65679 78226 91169 104542 118151 
119195 19195 0 401 850 1336 1887 2192 2640 3001 3230 3658 1 402 1150 2258 3644 5132 6785 8547 10201 11891 8979 17144 24646 31395 37476 42820 47646 51998 55709 59194 8979 19317 30268 41657 53582 65784 78402 91322 104500 118145 
118965 18965 0 430 869 1328 1776 2192 2635 2947 3167 3621 1 431 1190 2276 3574 5065 6755 8408 10028 11847 9091 17125 24617 31100 37172 42528 47490 51720 55501 58992 9091 19314 30340 41664 53515 65745 78351 91264 104319 117847 
119041 19041 0 416 856 1434 1820 2159 2645 3018 3324 3369 0 416 1178 2340 3672 5130 6753 8483 10219 11757 9095 17295 24545 31404 37185 42678 47492 51764 55464 58998 9095 19397 30231 41736 53425 65702 78408 91330 104636 117975 
119042 19042 0 382 880 1355 1734 2171 2528 3065 3280 3647 0 383 1178 2271 3528 5032 6572 8445 10071 11873 8843 17032 24560 31057 36888 42272 47335 51905 55721 59140 8843 19141 30056 41331 53031 65203 77777 90951 104322 117954 
119234 19234 0 385 852 1331 1764 2258 2698 2985 3376 3585 0 385 1138 2222 3534 5069 6800 8467 10225 11855 9125 17184 24579 31436 37407 42509 47433 51595 55463 58929 9125 19318 30186 41607 53429 65698 78418 91269 104572 118121 
119159 19159 0 393 878 1406 1829 2325 2587 2996 3199 3546 0 393 1196 2343 3733 5275 6796 8530 10216 11829 9055 17216 24682 31419 37070 42414 47272 51785 55509 58982 9055 19395 30241 41833 53361 65707 78398 91502 104653 118064 
119352 19352 0 411 890 1362 1807 2261 2580 2982 3374 3685 0 411 1205 2272 3588 5155 6735 8492 10305 12019 9016 17243 24460 31023 37117 42437 47283 51957 55890 59289 9016 19373 30024 41401 53316 65548 78050 91274 104608 118213 
119163 19163 0 403 845 1323 1726 2238 2620 2975 3355 3678 0 403 1160 2223 3511 5009 6673 8343 10143 11992 9030 17100 24521 31247 37176 42549 47400 51673 55729 59375 9030 19166 29987 41377 52998 65327 77948 90912 104340 118076 
119298 19298 0 443 910 1329 1849 2217 2630 2920 3410 3590 1 444 1244 2308 3722 5197 6796 8445 10339 11953 9178 17279 24538 31239 37233 42456 47147 51807 55775 59244 9178 19456 30264 41641 53331 65523 78079 91139 104635 118213 
118794 18794 0 424 892 1305 1787 2183 2466 2971 3218 3548 0 424 1200 2265 3611 5051 6613 8405 10077 11814 9019 17139 24575 31018 37038 42651 47384 51892 55766 59235 9019 19235 30133 41296 53181 65395 77831 90890 104140 117730 
119354 19354 0 427 854 1335 1792 2200 2692 2943 3381 3730 0 427 1182 2254 3588 5114 6785 8408 10223 12115 9110 17272 24839 31472 37501 42698 47360 51571 55685 59446 9110 19374 30403 41710 53578 65755 78310 91133 104432 118221 
119057 19057 0 404 850 1406 1888 2112 2597 2950 3296 3554 0 404 1160 2301 3708 5118 6686 8392 10219 11877 9102 17280 24771 31315 37520 42629 47564 51889 55708 59312 9102 19444 30326 41660 53606 65707 78452 91328 104470 118016 
119241 19241 0 424 875 1317 1767 2286 2592 2963 3343 3674 0 424 1194 2253 3567 5130 6716 8452 10173 11993 8907 17133 24635 31195 37318 42653 47381 51635 55685 59254 8907 19219 30251 41611 53437 65702 78237 91041 104500 118120 
118990 18990 0 371 892 1310 1823 2244 2550 2956 3326 3518 0 371 1178 2224 3585 5098 6645 8294 10050 11705 8961 17192 24649 31289 37311 42364 47383 51674 55604 59138 8961 19302 30192 41600 53407 65440 78072 91079 104469 117923 
119426 19426 0 384 847 1420 1825 2265 2674 3083 3337 3591 1 384 1141 2292 3673 5246 6869 8646 10371 11991 8894 17229 24505 31016 37021 42580 47444 52002 55823 59178 8894 19273 30086 41368 53160 65500 78295 91436 104777 118277 
119465 19465 0 438 886 1319 1848 2280 2664 2971 3317 3742 0 438 1219 2307 3660 5179 6826 8495 10181 11961 9056 17066 24521 31399 37232 42281 47293 51646 55534 58994 9056 19315 30156 41677 53508 65530 78211 91291 104621 118374 
119193 19193 0 418 875 1357 1779 2246 2579 2985 3374 3580 1 418 1190 2298 3622 5175 6759 8536 10370 12005 9007 17135 24470 31213 37155 42461 47406 51573 55850 59380 9007 19285 30125 41498 53182 65367 78008 90944 104426 118100 
119259 19259 0 426 956 1356 1793 2166 2662 2991 3362 3547 0 426 1275 2354 3665 5146 6783 8500 10311 11949 9226 17196 24499 31076 36950 42176 47012 51464 55676 59296 9226 19415 30247 41508 53214 65264 77891 91023 104536 118177 
119282 19282 0 397 865 1301 1770 2264 2701 3004 3329 3651 1 398 1172 2195 3522 5113 6814 8565 10274 12066 8913 17161 24413 31216 37265 42608 47228 51748 55681 59200 8913 19231 30033 41472 53286 65460 78105 91276 104579 118148 
119234 19234 0 440 826 1362 1812 2211 2687 3018 3281 3597 0 440 1162 2279 3652 5135 6851 8636 10248 11938 9032 17256 24559 31311 37324 42670 47539 52039 55830 59468 9032 19372 30137 41683 53397 65552 78267 91398 104633 118149 
119315 19315 0 410 942 1398 1800 2237 2636 2999 3317 3576 0 410 1263 2394 3697 5254 6894 8501 10183 11987 9143 17368 24875 31483 37345 42909 47618 51867 55670 59097 9143 19512 30585 41868 53736 66107 78644 91575 104817 118240 
119084 19084 0 391 845 1369 1743 2253 2617 2924 3270 3672 0 391 1145 2268 3550 5096 6753 8381 10226 11970 8942 17160 24588 31196 37117 42522 47437 51820 55894 59488 8942 19232 30150 41484 53146 65412 77990 90942 104216 117966 
119100 19100 0 402 835 1288 1811 2225 2642 2971 3313 3613 0 402 1135 2189 3577 5136 6775 8496 10300 11992 9016 17116 24407 31130 36974 42307 47156 51889 55934 59357 9016 19242 30009 41305 53025 65231 77848 90978 104371 117998 
119200 19200 0 409 850 1312 1773 2265 2597 2956 3382 3656 0 409 1176 2235 3556 5114 6723 8415 10181 11876 9038 17200 24533 31177 37130 42842 47527 51903 55733 59042 9038 19324 30132 41423 53162 65726 78310 91188 104626 118121 
118755 18755 0 433 893 1341 1782 2187 2542 2887 3169 3521 0 433 1216 2315 3636 5084 6659 8288 10029 11699 8997 17210 24398 31035 37160 42419 47286 51713 55771 59436 8997 19291 30074 41380 53178 65309 77756 90784 104021 117673 
119277 19277 0 408 866 1306 1838 2276 2697 2907 3363 3616 0 408 1183 2245 3625 5204 6878 8550 10285 12008 8941 17148 24695 31356 37476 42927 47902 52141 56098 59593 8941 19279 30179 41578 53473 65716 78423 91326 104532 118162 
118871 18871 0 378 861 1379 1747 2248 2615 2886 3240 3517 0 378 1133 2263 3569 5081 6731 8352 10093 11685 8821 17081 24808 31093 36983 42492 47407 51589 55482 59088 8821 19178 30259 41468 53117 65546 78068 91007 104171 117734 
119030 19030 0 385 907 1315 1791 2235 2623 2961 3253 3560 0 385 1186 2266 3599 5143 6820 8453 10138 11811 8840 17046 24479 31151 36888 42687 47255 51616 55714 59068 8840 19121 30106 41396 53009 65463 78042 91053 104308 117910 
119039 19039 0 380 844 1354 1761 2179 2635 2938 3278 3670 0 380 1145 2222 3528 5000 6683 8373 10105 11966 8936 16987 24166 30811 36771 42418 47559 51806 55957 59450 8936 19058 29733 41070 52823 65119 78042 91021 104226 117939 
119192 19192 0 376 876 1361 1834 2194 2671 2965 3345 3570 0 376 1165 2278 3675 5121 6780 8479 10264 11860 8942 17121 24467 31251 37259 42595 47448 51753 55764 59135 8942 19246 30057 41489 53253 65474 78230 91153 104478 118107 
119197 19197 0 389 923 1367 1762 2260 2690 2895 3312 3599 0 389 1216 2323 3584 5166 6833 8401 10177 11864 8985 17277 24434 31071 36884 42428 47432 51823 55754 59269 8985 19369 30165 41489 53258 65536 78273 91217 104550 118104 
119134 19134 0 377 860 1409 1802 2226 2629 2929 3377 3525 0 377 1144 2336 3619 5152 6840 8458 10170 11839 8967 16997 24571 31310 37109 42568 47559 51596 55334 59248 8967 19173 30110 41603 53369 65596 78331 91181 104437 118030 
118908 18908 0 401 818 1355 1774 2283 2593 2913 3313 3458 0 401 1133 2247 3549 5171 6693 8400 10104 11735 8990 17052 24475 31151 37284 42641 47405 51526 55378 58635 8990 19227 30021 41504 53497 65703 78436 91257 104479 117744 
119203 19203 0 411 857 1346 1860 2214 2638 2949 3307 3621 0 411 1173 2250 3649 5176 6819 8515 10142 11951 8979 17263 24652 31339 37278 42463 47509 51774 55710 59030 8979 19406 30158 41609 53486 65602 78308 91216 104447 118059 
119165 19165 0 397 904 1271 1759 2296 2656 2902 3272 3708 0 397 1206 2232 3535 5151 6767 8401 10089 11886 8976 17097 24672 30890 36859 42407 47104 51498 55735 59213 8976 19210 30224 41249 53031 65291 77930 90924 104364 118143 
119123 19123 0 395 888 1361 1805 2168 2622 2992 3258 3634 0 395 1204 2330 3635 5141 6796 8528 10224 11978 8987 17258 24729 31301 37329 42482 47408 51512 55641 59225 8987 19320 30269 41609 53423 65576 78222 91115 104356 117985 
119383 19383 0 411 860 1345 1819 2269 2662 2989 3384 3644 0 411 1176 2267 3609 5165 6817 8531 10304 12059 9048 17167 24827 31201 37130 42389 47144 51640 55673 59227 9048 19337 30394 41656 53484 65614 78214 91156 104568 118280 
119268 19268 0 380 894 1336 1719 2259 2633 2991 3363 3693 0 380 1198 2287 3554 5173 6780 8502 10303 12017 9006 17074 24524 31123 37124 42387 47344 51994 55750 59264 9006 19203 30101 41478 53302 65431 78096 91160 104448 118178 
119113 19113 0 404 835 1375 1790 2223 2544 2998 3370 3574 0 405 1146 2286 3631 5136 6667 8417 10179 11850 9098 17158 24364 31092 37004 42500 47264 51613 55752 58888 9098 19313 30004 41295 53123 65492 78041 91105 104550 118060 
119145 19145 0 372 854 1346 1751 2192 2688 2950 3352 3640 0 372 1143 2232 3543 5003 6744 8408 10260 11976 8936 17222 24569 31114 37218 42662 47467 51916 55895 59271 8936 19328 30184 41437 53176 65448 78149 91175 104618 118108 
119269 19269 0 386 921 1342 1816 2227 2624 3008 3309 3636 0 386 1217 2279 3680 5181 6855 8512 10323 12087 9016 17177 24710 31326 37293 42852 47755 52107 56134 59617 9016 19285 30234 41608 53318 65577 78274 91185 104481 118172 
119074 19074 0 364 900 1331 1832 2177 2591 2967 3311 3601 0 364 1167 2249 3603 5085 6690 8464 10130 11819 9140 17279 24756 31283 37139 42686 47335 51755 55489 59148 9140 19395 30344 41608 53423 65560 77983 91024 104322 118007 
119174 19174 0 435 896 1343 1719 2128 2674 3032 3316 3631 0 436 1227 2289 3571 5011 6725 8406 10143 11855 9001 17203 24408 31028 37069 42462 47313 51640 55737 59107 9001 19354 30036 41381 53154 65372 77942 91039 104434 118076 
119142 19142 0 394 842 1377 1825 2235 2601 2969 3259 3640 0 394 1134 2282 3623 5164 6781 8462 10195 11984 8884 17078 24560 31281 37179 42654 47235 51782 55684 59330 8884 19165 30099 41523 53425 65656 78134 91151 104355 117991 
118965 18965 0 359 868 1359 1801 2221 2589 2983 3227 3558 0 359 1146 2242 3586 5080 6709 8408 10098 11826 8765 17100 24590 31475 37341 42652 47708 51890 55711 59277 8765 19134 30101 41582 53332 65593 78347 91161 104258 117827 
119230 19230 0 422 858 1374 1813 2221 2595 2978 3388 3581 0 422 1170 2308 3652 5202 6798 8456 10211 11879 9029 17113 24617 31224 37269 42534 47414 51612 55704 59217 9029 19252 30159 41585 53420 65512 78253 91143 104582 118154 
119212 19212 0 387 827 1392 1814 2224 2574 3009 3410 3575 0 387 1137 2309 3662 5139 6748 8472 10340 12030 9037 17147 24831 31263 37362 42577 47398 51755 55749 59209 9037 19273 30340 41594 53347 65604 78215 91146 104577 118161 
119175 19175 0 385 837 1301 1741 2283 2645 2963 3341 3679 0 386 1130 2185 3463 5035 6699 8393 10197 11904 9074 17236 24534 31120 36946 42433 47277 51676 55599 59270 9074 19329 30169 41367 52971 65427 78084 91086 104387 118120 
119140 19140 0 383 838 1367 1822 2182 2604 2985 3324 3635 0 383 1124 2250 3603 5080 6710 8445 10187 12027 8853 17111 24498 31251 37093 42518 47452 51743 55690 59018 8853 19243 30132 41599 53285 65366 78006 91106 104363 118041 
119428 19428 0 395 870 1390 1819 2313 2665 3084 3234 3658 0 395 1176 2328 3662 5193 6909 8697 10294 12048 8957 17371 24917 31453 37417 42785 47742 51909 55903 59228 8957 19461 30409 41746 53565 65890 78715 91642 104846 118315 
119405 19405 0 369 963 1385 1798 2209 2625 2974 3414 3668 0 369 1259 2367 3735 5191 6851 8544 10389 12138 8897 17273 24673 31091 36962 42542 47456 51800 55872 59383 8897 19300 30230 41429 53121 65486 78121 91185 104641 118276 
119020 19020 0 407 862 1372 1780 2266 2580 2947 3266 3540 0 407 1183 2306 3619 5168 6776 8404 10097 11815 8952 17108 24525 31162 36954 42328 47365 51576 55510 59173 8952 19255 30167 41524 53254 65448 78020 91045 104262 117812 
119105 19105 0 383 877 1323 1764 2195 2590 2964 3272 3737 0 384 1167 2231 3548 5056 6643 8417 10063 11887 9010 17100 24513 31008 36820 42318 47400 51666 55518 59043 9010 19246 30064 41279 52947 65140 77962 91012 104284 117951 
119093 19093 0 388 893 1364 1811 2220 2580 3015 3284 3538 0 389 1198 2341 3676 5174 6769 8435 10125 11842 9068 17049 24554 31071 36971 42576 47313 51884 55706 59323 9068 19163 30128 41366 53086 65359 78016 91094 104419 118024 
119205 19205 0 400 868 1382 1835 2264 2570 3079 3271 3536 1 400 1180 2326 3692 5274 6834 8636 10340 12022 8965 17125 24394 31078 37174 42668 47482 51970 55786 59041 8965 19256 30066 41389 53408 65674 78334 91501 104732 118096 
119373 19373 0 411 874 1355 1764 2245 2691 3039 3302 3692 0 411 1194 2313 3593 5119 6884 8632 10270 12100 9121 17309 24691 31275 37397 42723 47388 51938 55710 59195 9121 19462 30340 41657 53592 65897 78365 91378 104714 118268 
119267 19267 0 372 851 1337 1796 2243 2598 3014 3352 3704 0 372 1129 2236 3576 5120 6707 8475 10223 12003 8967 17002 24705 31394 37150 42541 47487 51681 55891 59392 8967 19051 30088 41484 53167 65370 78077 91070 104476 118206 
119067 19067 0 414 873 1305 1870 2185 2605 2987 3328 3500 0 414 1192 2237 3643 5082 6712 8424 10172 11820 8948 17198 24442 31052 37058 42554 47202 51692 55649 59191 8948 19293 30106 41439 53311 65473 78013 91097 104534 117994 
119069 19069 0 386 877 1367 1810 2207 2585 2917 3313 3607 1 386 1173 2318 3639 5171 6729 8331 10067 11825 8986 17054 24717 31386 37400 42828 47374 51744 55628 59249 8986 19131 30286 41718 53507 65723 78174 91142 104374 117966 
119311 19311 0 385 904 1414 1930 2315 2602 2867 3311 3583 0 385 1205 2363 3804 5315 6902 8493 10271 11965 9087 17409 24730 31220 37344 42433 47095 51601 55476 59106 9087 19495 30350 41651 53644 65834 78373 91258 104493 118194 
119149 19149 0 417 864 1346 1843 2163 2566 2969 3342 3639 0 417 1184 2289 3688 5114 6713 8393 10133 11976 9071 17201 24490 31046 37064 42445 47474 51909 55828 59374 9071 19383 30158 41497 53249 65441 78082 91141 104503 117986 
119228 19228 0 359 824 1307 1837 2238 2634 3022 3358 3649 0 359 1103 2183 3565 5123 6800 8514 10356 12118 8951 17021 24457 31107 37085 42523 47491 51910 56005 59570 8951 19115 29930 41302 53100 65344 77845 90888 104269 118091 
119130 19130 0 419 875 1301 1748 2242 2578 3030 3375 3562 0 419 1195 2261 3561 5115 6726 8394 10078 11811 8848 16887 24349 30842 36901 42380 47444 51638 55326 59198 8848 18995 29917 41132 52911 65219 77922 90962 104321 118011 
119179 19179 0 404 873 1371 1784 2258 2556 2952 3317 3664 0 404 1187 2317 3602 5173 6740 8429 10224 11936 9000 17334 24772 31323 37258 42541 47575 51787 55606 59040 9000 19432 30334 41704 53555 65660 78374 91252 104557 118084 
119128 19128 0 414 902 1327 1826 2269 2690 2958 3240 3502 0 414 1224 2293 3641 5145 6829 8565 10203 11803 8945 17236 24541 31240 37033 42423 47229 51682 55755 59185 8945 19329 30207 41603 53310 65506 78175 91096 104442 118008 
118876 18876 0 392 854 1310 1861 2192 2564 2923 3194 3586 0 392 1146 2202 3605 5078 6677 8336 9960 11716 9178 17128 24578 31314 37086 42342 47095 51374 55409 58979 9178 19290 30210 41568 53335 65397 78009 90769 104068 117777 
119480 19480 0 395 851 1419 1907 2225 2634 3024 3416 3609 0 395 1150 2364 3778 5214 6868 8593 10401 12069 9092 17231 24673 31323 37535 42937 47689 51880 55808 59204 9092 19361 30253 41664 53604 65956 78583 91459 104808 118350 
119079 19079 0 415 874 1297 1767 2238 2635 2967 3344 3542 0 415 1201 2256 3561 5070 6706 8436 10237 11899 8858 17183 24638 31166 37041 42642 47308 51891 55721 59257 8858 19300 30198 41409 53022 65374 78023 91055 104288 118001 
119363 19363 0 421 838 1326 1846 2259 2524 2979 3408 3762 0 421 1156 2239 3600 5107 6730 8473 10276 12162 9024 17227 24803 31115 37286 42605 47565 51829 56123 59545 9024 19352 30295 41555 53346 65612 78075 91002 104552 118296 
119238 19238 0 379 936 1357 1818 2293 2572 2957 3302 3624 0 379 1230 2289 3648 5180 6757 8479 10147 11956 8965 17119 24748 31369 37316 42354 47247 51623 55640 59286 8965 19230 30329 41617 53349 65519 77996 90982 104334 118057 
119199 19199 0 376 896 1313 1810 2219 2635 3094 3282 3574 1 377 1177 2217 3632 5104 6797 8571 10306 12005 9061 17179 24618 31121 37414 42522 47167 51628 55832 59191 9061 19321 30286 41558 53524 65581 78262 91275 104589 118089 
119000 19000 0 385 850 1321 1755 2287 2590 2966 3221 3625 0 385 1166 2245 3551 5115 6727 8367 10028 11717 9100 17419 24506 31191 37242 42528 47388 51876 55655 59117 9100 19477 30180 41526 53373 65626 78173 91152 104255 117863 
119133 19133 0 404 886 1308 1810 2225 2588 2939 3327 3646 0 404 1199 2227 3591 5121 6702 8373 10171 11924 8945 17020 24495 31002 37069 42506 47534 52132 55980 59213 8945 19128 30040 41266 53114 65481 78141 91201 104493 118063 
119210 19210 0 385 885 1388 1851 2304 2577 2915 3283 3622 0 385 1174 2323 3667 5231 6832 8393 10105 11898 9144 17258 24576 31307 37172 42427 47334 51989 55776 59260 9144 19355 30242 41635 53415 65637 78155 91248 104571 118104 
119394 19394 0 404 889 1438 1823 2182 2707 2999 3336 3616 0 404 1205 2373 3718 5246 6906 8568 10316 12030 9075 17287 24659 31223 37278 42699 47404 51831 55666 58988 9075 19412 30292 41691 53419 65594 78352 91451 104822 118278 
119089 19089 0 433 872 1386 1709 2197 2601 2961 3300 3630 0 433 1202 2307 3557 5049 6720 8449 10178 11948 8958 17040 24335 30840 37023 42424 47442 51872 55996 59277 8958 19122 29976 41289 53032 65186 77904 90954 104364 117967 
119289 19289 0 397 871 1367 1799 2184 2663 2940 3431 3637 1 397 1173 2288 3629 5102 6723 8421 10232 11978 8938 17119 24539 31096 37060 42457 47503 51702 55813 59206 8938 19193 30079 41444 53232 65467 78338 91190 104652 118216 
119288 19288 0 405 877 1374 1899 2213 2653 2933 3307 3627 0 406 1179 2303 3703 5177 6860 8569 10243 12011 9056 17356 24727 31348 37189 42560 47482 51937 55706 59218 9056 19480 30376 41733 53576 65761 78439 91270 104557 118174 
119241 19241 0 446 837 1362 1839 2158 2605 3062 3300 3632 0 447 1186 2294 3657 5133 6730 8416 10150 11872 9120 17517 24621 31095 37079 42301 47223 51511 55790 59270 9120 19640 30293 41530 53303 65307 77993 91100 104642 118127 
