220439 120439 0 2776 5944 8785 11611 14133 16473 18414 20294 22009 0 2776 7319 12547 17856 23111 28007 32230 36380 39970 9191 17495 24502 31343 37302 42907 47639 51854 56126 59277 9191 21997 37776 56596 78286 102516 128945 157288 187701 219354 
220087 120087 0 2702 6000 8907 11692 14110 16572 18176 20151 21777 0 2702 7356 12598 17907 23078 28037 32177 36127 39573 8936 17062 24549 31337 37358 42866 47669 51723 55771 59256 8936 21521 37507 56474 78237 102531 129041 157049 187216 219002 
219421 119421 0 2741 5965 8996 11568 14095 16098 18128 20164 21666 0 2741 7332 12678 17888 23049 27690 31959 35958 39408 8922 17127 24391 31298 37090 42332 47272 51824 55600 59096 8922 21552 37473 56628 78083 102006 128178 156490 186577 218239 
219088 119088 0 2686 5941 8940 11788 13948 16189 18272 19780 21544 0 2686 7293 12578 18004 23018 27671 32036 35812 39334 9023 17128 24602 31110 37099 42483 47306 51656 55414 59044 9023 21586 37566 56365 78176 102179 128368 156743 186396 217965 
219657 119657 0 2637 6072 8892 11645 14029 16248 18316 20123 21695 0 2637 7371 12639 17937 22941 27642 32076 35958 39549 8958 17108 24487 31268 37055 42240 47348 51979 55771 59236 8958 21445 37387 56398 77883 101892 128259 156688 186808 218525 
219799 119799 0 2754 5949 8903 11675 14065 16380 18134 20196 21743 1 2754 7320 12702 18045 23103 27893 32111 36055 39642 9057 17357 24525 31320 37040 42449 47332 51898 55672 59408 9057 21872 37679 56644 78117 102221 128553 156785 186941 218671 
220615 120615 0 2767 5932 9136 11674 14257 16262 18281 20432 21874 0 2767 7323 12796 18205 23366 27966 32290 36302 39730 9098 17340 24882 31501 37454 42771 47507 51970 55821 59248 9098 21802 37824 56960 78669 102822 129055 157348 187728 219468 
219429 119429 0 2699 5923 8996 11570 14034 16204 18215 20051 21737 0 2699 7313 12644 17915 23014 27727 31803 35863 39585 9057 17372 24635 31251 37041 42449 47369 51345 55464 59391 9057 21748 37575 56628 78041 102013 128304 156347 186347 218227 
219435 119435 0 2712 5897 8860 11619 14071 16347 18146 19932 21851 0 2712 7286 12505 17992 23033 27904 32116 35954 39711 8979 17085 24563 31200 37102 42578 47455 51858 55936 59405 8979 21508 37578 56501 77968 102119 128446 156645 186657 218349 
219840 119840 0 2726 6023 8813 11495 14257 16540 18218 19925 21843 0 2726 7382 12502 17831 23110 28017 32077 35769 39512 9031 17269 24482 31156 37033 42552 47442 51623 55590 59293 9031 21687 37561 56472 77948 102279 128608 156810 186928 218713 
219474 119474 0 2663 5896 8832 11702 14149 16333 18170 20069 21660 0 2663 7283 12491 17931 23108 27897 31982 35953 39566 8835 17080 24487 31210 37238 42522 47346 51783 55696 59232 8835 21491 37411 56391 78155 102183 128530 156784 186746 218421 
220398 120398 0 2753 6044 8942 11751 14178 16395 18446 20187 21702 0 2753 7459 12771 18172 23293 27875 32196 36102 39474 9055 17533 24798 31403 37446 42758 47561 51681 55471 58896 9055 21913 37818 56690 78528 102769 129286 157522 187586 219320 
219071 119071 0 2748 5902 8938 11613 13978 16115 18256 19930 21591 0 2748 7273 12634 18000 22969 27755 32096 36064 39463 8945 17279 24577 31166 37223 42536 47372 51717 55774 59214 8945 21704 37558 56472 78171 102178 128286 156456 186327 217996 
219745 119745 0 2774 5974 8892 11868 14145 16258 18270 19949 21615 0 2774 7380 12651 18038 23167 27779 32118 36005 39331 9022 17209 24597 31116 37210 42410 47472 51803 55591 59034 9022 21703 37720 56576 78475 102405 128826 157201 187034 218686 
219635 119635 0 2751 5968 8991 11600 14244 16263 18302 20043 21473 0 2751 7319 12653 17940 23113 27795 32058 36023 39278 8939 17170 24680 31340 37274 42569 47525 51625 55509 59030 8939 21634 37672 56722 78332 102460 128809 157029 187010 218526 
219614 119614 0 2735 5911 8969 11696 14029 16169 18459 20025 21621 0 2735 7310 12684 17995 23041 27581 32098 35873 39448 9049 17242 24635 31416 37182 42428 47103 51929 55795 59276 9049 21714 37633 56732 78319 102204 128271 156963 187029 218531 
220094 120094 0 2812 6031 9015 11565 14201 16305 18574 20064 21527 0 2812 7392 12766 18024 23073 27832 32373 36063 39325 9110 17324 24665 31215 37418 42622 47579 51852 55711 59019 9110 21831 37872 56869 78552 102709 129045 157482 187514 218967 
219085 119085 0 2715 5926 8893 11583 13951 16317 18183 20023 21494 0 2715 7335 12565 17847 22980 27704 32019 35976 39289 9063 17113 24619 31166 37056 42571 47348 51705 55644 59090 9063 21583 37523 56396 77909 101918 128279 156404 186358 217978 
219357 119357 0 2661 5816 8974 11716 14022 16472 18050 20076 21570 0 2661 7159 12519 17850 22865 27699 31852 35896 39523 8957 17132 24493 31262 37123 42360 47210 51302 55542 59216 8957 21509 37412 56396 78048 102012 128493 156451 186635 218281 
220164 120164 0 2656 5944 9001 11746 14005 16449 18278 20400 21685 0 2656 7264 12708 18170 23194 27921 32253 36306 39784 8864 17226 24633 31381 37421 42847 47806 52125 55937 59291 8864 21573 37584 56664 78389 102484 128998 157274 187470 219078 
219832 119832 0 2651 5854 9009 11554 14235 16371 18290 20233 21635 0 2651 7185 12616 17887 23167 27865 32181 36126 39530 8993 17187 24574 31115 37188 42755 47637 52104 55899 59171 8993 21554 37386 56200 77881 102205 128607 157013 187257 218766 
218964 118964 0 2669 5977 8887 11606 14018 16155 18046 19969 21637 0 2669 7323 12550 17777 23027 27592 31801 35706 39356 9072 17144 24496 31239 37015 42591 47370 51772 55578 59197 9072 21578 37513 56466 77989 102122 128204 156380 186256 217844 
219327 119327 0 2714 5820 9091 11618 14077 16231 18187 20101 21488 0 2715 7172 12681 18011 23117 27787 32124 36151 39480 8882 17171 24432 31318 37320 42656 47419 51795 55890 59133 8882 21575 37327 56471 78160 102211 128404 156582 186737 218184 
219593 119593 0 2672 6016 8845 11752 14231 16289 18148 20089 21551 0 2673 7373 12608 18061 23174 27735 32081 36113 39531 8963 17255 24719 31333 37272 42532 47185 51955 55716 59200 8963 21599 37751 56551 78182 102377 128648 157034 187024 218469 
219171 119171 0 2721 5864 8861 11529 13988 16006 18372 20126 21704 0 2721 7245 12524 17825 22928 27627 32153 35779 39436 8990 17092 24522 31251 37405 42621 47372 51675 55581 59051 8990 21559 37467 56362 78046 101946 127877 156197 186446 218079 
219734 119734 0 2650 5958 9059 11662 14143 16334 18276 20136 21516 1 2651 7294 12741 18035 23084 27812 32056 36024 39443 8888 17016 24505 31557 37486 42884 47577 51731 55826 59188 8888 21372 37412 56664 78416 102578 128836 156966 187173 218620 
219698 119698 0 2693 5916 8978 11513 14169 16313 18155 20196 21765 0 2693 7297 12692 17909 23065 27867 31981 35969 39692 8917 17066 24386 31174 37108 42575 47427 51725 55731 59380 8917 21506 37314 56316 77842 102063 128404 156583 186809 218611 
219853 119853 0 2646 6080 8891 11763 14038 16235 18280 20239 21681 0 2646 7450 12624 18004 23127 27832 32183 36133 39710 8905 17098 24608 31326 37232 42718 47489 52031 55895 59567 8905 21485 37563 56547 78217 102214 128415 156783 187008 218751 
219199 119199 0 2781 5804 8942 11563 14175 16264 18254 19806 21610 1 2781 7256 12637 17806 23067 27659 32063 35684 39313 8993 17222 24670 31235 37144 42338 47259 51882 55348 59073 8993 21680 37579 56482 78044 101996 128356 156681 186376 218064 
219363 119363 0 2674 5929 8914 11592 14040 16344 18151 20104 21615 0 2674 7290 12553 17921 23013 27775 31802 35883 39386 8895 17270 24602 31067 37161 42565 47477 51748 55595 59152 8895 21654 37541 56350 78034 102068 128448 156687 186726 218298 
220214 120214 0 2766 5963 8947 11796 14208 16278 18538 20044 21674 0 2766 7338 12727 18152 23239 27913 32349 36131 39663 9116 17289 24712 31393 37352 42595 47676 51977 55632 59244 9116 21779 37737 56809 78570 102651 129061 157608 187452 219108 
219491 119491 0 2745 5965 8864 11681 14099 16249 18263 20070 21555 0 2745 7312 12642 18043 23108 27768 32113 36092 39438 9079 17073 24748 31344 37057 42500 47259 51684 55802 59258 9079 21627 37766 56596 78093 102194 128325 156671 186741 218385 
219605 119605 0 2770 5905 8909 11677 14144 16215 18310 20188 21487 0 2770 7319 12567 18017 23124 27690 32055 36213 39503 8932 17172 24778 31241 37234 42564 47356 51780 55868 59184 8932 21637 37673 56504 78192 102257 128536 156904 187073 218517 
219613 119613 0 2760 5884 9206 11579 13978 16319 18204 19950 21733 1 2761 7285 12822 17969 22988 27788 31955 35984 39618 9041 17124 24520 31110 37030 42540 47385 51723 55821 59218 9041 21615 37512 56663 78224 102283 128685 156905 186870 218498 
218907 118907 0 2712 5807 8839 11730 14017 16026 18199 20007 21570 0 2712 7211 12488 17961 23039 27650 32068 35771 39373 8914 17051 24460 31207 37289 42410 47286 51803 55555 59019 8914 21463 37359 56241 78080 101910 128027 156281 186363 217806 
219578 119578 0 2707 5904 8905 11635 14160 16459 18222 20090 21496 0 2707 7270 12587 17881 23045 27862 32087 36007 39465 9066 17143 24522 31303 37265 42583 47560 51663 55557 59120 9066 21604 37474 56432 78157 102319 128842 156973 186920 218403 
219549 119549 0 2755 5804 8992 11560 14116 16257 18189 20159 21717 0 2755 7220 12525 17960 23156 27813 31940 36022 39700 8889 17021 24427 31184 37178 42555 47474 51748 55601 59536 8889 21447 37256 56305 77878 101882 128219 156404 186461 218424 
219711 119711 0 2715 6006 8795 11681 13990 16233 18465 20127 21699 0 2715 7320 12537 17975 23012 27776 32298 36145 39724 9007 17345 24567 31158 37086 42751 47620 52066 55960 59244 9007 21795 37802 56507 78016 102200 128425 156951 187092 218620 
220173 120173 0 2774 5898 8980 11821 14048 16343 18540 20037 21732 1 2775 7332 12735 18145 23266 27900 32294 36063 39490 8982 17338 24660 31358 37311 42856 47624 51920 55681 59180 8982 21758 37624 56669 78409 102549 128894 157403 187359 219050 
219521 119521 0 2677 5983 9030 11573 14108 16230 18451 20044 21425 0 2677 7314 12728 17940 23003 27757 32267 35969 39321 9098 17293 24687 31346 37098 42411 47373 51760 55524 58985 9098 21747 37737 56756 78128 102197 128454 156820 186860 218363 
219597 119597 0 2741 5876 9128 11733 14208 16285 18211 19872 21543 1 2741 7240 12757 18132 23137 27716 31919 35567 39233 8956 17262 24672 31279 37254 42632 47367 51406 55393 59155 8956 21690 37663 56686 78474 102693 128896 156948 186909 218475 
220551 120551 0 2878 6049 9023 11774 14256 16460 18212 20301 21598 1 2879 7554 12881 18266 23390 28047 32081 36089 39569 9140 17501 24825 31582 37677 42749 47419 51801 55532 59070 9140 22048 38053 57150 79070 103119 129434 157745 187882 219453 
219337 119337 0 2760 5915 8900 11771 14192 16100 18205 20082 21412 0 2760 7324 12600 18034 23255 27670 32070 35979 39460 8938 17242 24724 31299 37218 42482 47163 51819 55607 59166 8938 21687 37715 56609 78255 102349 128421 156735 186808 218241 
219318 119318 0 2715 5969 8749 11595 14106 16244 18159 20161 21620 0 2715 7322 12419 17865 22970 27724 32032 35865 39594 8828 17002 24436 31085 37105 42641 47440 51964 55723 59354 8828 21409 37330 56213 77813 102015 128226 156516 186686 218225 
219744 119744 0 2740 5875 9049 11686 14109 16245 18371 20005 21664 0 2740 7236 12677 18097 23243 27717 32119 35796 39457 9109 17088 24426 31292 37167 42512 47286 51754 55726 59182 9109 21619 37470 56516 78188 102283 128434 156927 187040 218600 
219319 119319 0 2780 5881 8924 11679 13857 16228 18359 19966 21645 0 2780 7307 12547 17987 22795 27668 32008 35723 39514 8973 17113 24569 31225 37151 42472 47430 51720 55399 59279 8973 21620 37537 56545 78120 101995 128303 156646 186571 218224 
219818 119818 0 2710 5944 8957 11566 14192 16304 18224 20144 21777 0 2710 7308 12712 17943 23107 27699 32137 36054 39577 9096 17048 24434 31359 37247 42701 47458 51768 55589 59116 9096 21481 37342 56441 78076 102409 128858 156900 186978 218682 
219379 119379 0 2751 5829 8900 11702 13999 16270 18355 19992 21581 0 2752 7253 12535 17998 22987 27702 32144 35837 39468 8881 17105 24441 31240 37210 42585 47277 51738 55733 59156 8881 21494 37258 56319 77997 101991 128292 156559 186712 218243 
219871 119871 0 2784 5954 8946 11630 14266 16184 18408 19923 21776 0 2785 7347 12692 18042 23200 27754 32015 36073 39522 9072 17230 24604 31275 37273 42492 47318 51761 55855 59244 9072 21716 37638 56564 78268 102464 128552 157102 187029 218708 
220270 120270 0 2805 5851 8890 11750 14144 16509 18399 20193 21729 0 2805 7303 12559 18097 23260 28089 32236 36227 39725 9075 17225 24634 31159 37363 42921 47724 51993 55914 59279 9075 21735 37622 56583 78369 102622 129146 157533 187610 219185 
219473 119473 0 2702 5866 9065 11631 14161 16292 18111 20078 21567 0 2702 7236 12665 18006 22976 27731 31932 35781 39252 9096 17184 24592 31275 37239 42504 47360 51792 55421 58974 9096 21620 37460 56565 78199 102394 128582 156796 186816 218410 
218798 118798 0 2658 5911 8912 11411 14165 16107 18122 19897 21615 0 2658 7243 12553 17765 23033 27709 31891 35792 39396 9030 17173 24453 31032 36948 42543 47438 51587 55478 59250 9030 21584 37408 56203 77588 101796 127953 156053 185945 217681 
219200 119200 0 2659 5888 8949 11493 13894 16254 18348 19881 21834 0 2660 7211 12578 17938 22899 27667 32070 35890 39599 8963 17072 24422 31196 37010 42664 47608 52139 55768 59326 8963 21478 37271 56271 77700 101699 127997 156498 186191 218064 
219529 119529 0 2681 5877 8774 11487 14060 16393 18275 20332 21650 0 2681 7273 12525 17788 22966 27811 32094 36176 39638 8799 16997 24527 31088 37069 42742 47658 52168 55946 59244 8799 21372 37336 55955 77484 101794 128236 156690 186894 218389 
219301 119301 0 2748 5832 8854 11723 14014 16149 18176 20209 21596 0 2748 7272 12528 17955 23018 27671 31950 35910 39356 9049 17107 24429 31188 37155 42592 47333 51776 55938 59240 9049 21491 37249 56230 77886 101893 127921 156194 186506 218171 
220310 120310 0 2795 5958 9084 11673 14190 16412 18132 20170 21896 0 2795 7366 12730 18115 23244 28000 32005 36016 39563 9164 17445 24884 31495 37196 42509 47235 51678 55795 59230 9164 21951 37943 57064 78608 102720 128930 157119 187344 219192 
220125 120125 0 2720 5933 8834 11716 14112 16543 18440 19959 21868 0 2720 7319 12588 17959 22975 27896 32216 36065 39651 8937 17197 24456 31261 37302 42589 47473 51634 55733 59159 8937 21576 37387 56260 78148 102349 128861 157074 187188 218973 
219274 119274 0 2773 5967 8872 11619 13895 16373 18289 19938 21548 0 2774 7357 12564 17991 22880 27721 31930 35890 39288 9004 17269 24505 31122 37044 42429 47241 51618 55680 59202 9004 21757 37618 56462 77913 101832 128234 156509 186437 218121 
220075 120075 0 2789 6028 9036 11735 14246 16508 18215 19899 21619 0 2789 7431 12787 18239 23312 28135 32300 36049 39567 9219 17422 24773 31408 37409 42714 47519 51711 55816 59122 9219 21988 37997 57072 78811 103018 129409 157438 187494 218965 
219615 119615 0 2719 5901 8852 11598 14235 16356 18262 19997 21695 0 2719 7283 12603 17905 23140 27767 32139 35944 39438 9055 17289 24558 31274 37213 42520 47284 51689 55538 59248 9055 21689 37518 56388 77959 102107 128414 156661 186678 218512 
219671 119671 0 2734 5965 8778 11651 14277 16360 18273 20102 21531 0 2734 7319 12502 17937 23223 27950 32210 36115 39507 8946 17122 24449 31244 37208 42650 47492 51916 55683 59175 8946 21580 37501 56345 78002 102330 128668 156927 186957 218536 
219480 119480 0 2708 5954 8953 11565 14053 16302 18340 19915 21690 0 2708 7328 12593 17858 23068 27840 32169 35915 39385 8996 17191 24512 31005 37232 42632 47572 51750 55726 58998 8996 21599 37491 56317 78134 102149 128524 156733 186778 218376 
219511 119511 0 2748 5928 9001 11637 14253 16108 18150 20028 21658 0 2748 7318 12632 17984 23129 27693 31998 35824 39385 9042 17093 24420 31247 37191 42442 47332 51632 55702 59150 9042 21563 37416 56569 78328 102423 128535 156707 186910 218380 
219734 119734 0 2687 5998 8957 11659 14237 16321 18246 20161 21468 0 2687 7318 12624 18064 23272 27846 32167 36329 39561 8890 17207 24546 31279 37238 42663 47537 51801 55975 59289 8890 21603 37544 56535 78197 102496 128858 157039 187228 218603 
220119 120119 0 2811 6000 8879 11895 14098 16275 18140 20284 21737 0 2811 7423 12652 18136 23197 27950 32048 35986 39616 9163 17344 24697 31260 37413 42541 47643 51957 55576 59233 9163 21895 37834 56643 78605 102598 128911 157106 187293 219057 
218994 118994 0 2700 5803 8852 11603 14064 16232 18200 20036 21504 0 2700 7196 12490 17838 22973 27664 32016 36083 39494 8934 17017 24462 31070 37172 42387 47444 51750 55811 59288 8934 21351 37181 56070 77879 101791 128174 156425 186414 217895 
219871 119871 0 2783 5962 8983 11599 14275 16157 18327 20130 21655 0 2783 7354 12777 18000 23252 27774 32177 36164 39585 9033 17210 24720 31109 37213 42634 47486 51865 55903 59374 9033 21690 37726 56488 78208 102377 128631 156912 187094 218766 
220109 120109 0 2691 5934 8924 11668 14225 16314 18389 20230 21734 0 2691 7304 12605 18000 23204 27841 32235 36124 39502 8979 17304 24766 31337 37251 42698 47507 51884 55692 58921 8979 21658 37671 56701 78345 102527 128875 157287 187370 218977 
219620 119620 0 2698 5909 8911 11584 14341 16254 18284 20167 21472 1 2698 7298 12660 18038 23189 27806 32267 35990 39295 8928 17097 24560 31274 37412 42497 47374 51905 55660 59052 8928 21521 37489 56506 78229 102347 128595 156810 186992 218495 
219341 119341 0 2773 5889 8888 11639 14094 16268 18114 20088 21588 0 2773 7291 12590 17966 23116 27861 32159 35927 39383 9119 17309 24545 31238 37420 42477 47292 51666 55389 59080 9119 21828 37648 56600 78380 102204 128442 156643 186597 218266 
219786 119786 0 2752 5979 8921 11605 14078 16289 18345 20119 21698 0 2753 7384 12680 18064 23032 27761 32108 36001 39299 9026 17316 24680 31213 37239 42527 47468 51764 55543 59033 9026 21708 37636 56476 78085 102150 128533 156798 186838 218674 
219983 119983 0 2760 5934 9030 11523 14156 16332 18225 20120 21903 0 2760 7391 12710 17928 23157 27886 32168 36062 39730 9128 17421 24794 31334 37154 42636 47567 51883 55797 59481 9128 21893 37800 56718 78180 102308 128696 156901 187021 218905 
218867 118867 0 2685 5880 8836 11546 14063 16372 18061 19896 21528 0 2685 7271 12554 17915 22942 27848 32044 36020 39408 8916 17092 24691 31106 37261 42584 47401 51967 55795 59177 8916 21547 37533 56235 77875 101910 128184 156369 186191 217746 
219353 119353 0 2755 5955 8950 11664 14064 16200 18204 20007 21554 0 2755 7324 12534 17925 22962 27704 32103 35931 39372 9031 17259 24797 31223 36969 42434 47263 51559 55694 59285 9031 21733 37805 56585 78032 102172 128307 156412 186510 218227 
219315 119315 0 2787 5930 8862 11680 14146 16313 18311 19916 21370 0 2787 7334 12606 17970 23100 27721 32186 35939 39268 8969 17136 24601 31290 37458 42702 47146 51743 55465 59164 8969 21600 37636 56643 78496 102501 128623 156969 186755 218232 
220243 120243 0 2762 5944 8986 11828 14167 16411 18436 20157 21552 1 2763 7329 12781 18119 23237 27940 32391 36255 39475 9136 17327 24746 31593 37337 42659 47646 52002 55969 59010 9136 21811 37838 56940 78629 102785 129269 157578 187689 219140 
219890 119890 0 2771 5935 9010 11811 14174 16233 18136 20322 21498 0 2771 7329 12716 18178 23347 27823 32053 36243 39576 9062 17185 24591 31323 37298 42550 47382 51752 55893 59380 9062 21685 37683 56826 78622 102560 128830 156964 187266 218744 
219616 119616 0 2771 5901 9045 11613 14048 16425 18209 20030 21574 0 2771 7324 12730 17962 22935 27888 32068 36061 39526 8981 16969 24524 31121 37094 42606 47656 51891 55724 59254 8981 21502 37527 56499 78119 102278 128746 156907 186944 218539 
219987 119987 0 2736 5907 9021 11685 13982 16446 18373 20114 21723 0 2736 7313 12703 17982 22968 27900 32320 36166 39597 9007 17047 24715 31386 37310 42537 47462 51794 55707 59105 9007 21521 37639 56623 78338 102456 128821 157112 187233 218899 
219485 119485 0 2721 5899 8776 11702 14122 16274 18210 20212 21569 0 2721 7309 12426 17909 22978 27837 32053 35975 39371 8965 16999 24425 31152 37111 42275 47575 51776 55655 59041 8965 21428 37354 56174 77880 101951 128379 156514 186802 218350 
220303 120303 0 2758 5955 9044 11807 14200 16180 18272 20252 21835 0 2759 7365 12755 18146 23284 27818 32143 36085 39645 9101 17304 24857 31458 37445 42794 47498 51838 55800 59270 9101 21780 37823 56821 78605 102836 128943 157146 187518 219198 
219913 119913 0 2810 5849 9007 11703 14253 16461 18220 19889 21721 0 2810 7168 12591 18026 23255 27972 32179 35864 39543 8881 16968 24543 31222 37306 42602 47413 51707 55562 59351 8881 21454 37509 56564 78341 102483 128887 156962 186956 218791 
220125 120125 0 2751 5961 8943 11667 14195 16407 18395 20168 21638 0 2751 7316 12585 17976 23230 28095 32209 36223 39475 9042 17273 24620 31337 37397 42654 47643 51986 55942 59205 9042 21754 37628 56636 78364 102505 128929 157420 187491 219003 
219395 119395 0 2731 5960 8878 11573 13964 16158 18156 20216 21759 0 2731 7341 12594 17794 22852 27639 31870 35887 39464 9016 17281 24559 31045 36991 42441 47234 51427 55517 59046 9016 21717 37523 56384 77952 102094 128158 156340 186615 218289 
220365 120365 0 2757 6086 9148 11794 14101 16466 18346 20038 21629 0 2757 7478 12925 18232 23277 27973 32180 35963 39447 9103 17432 24738 31427 37313 42700 47583 51569 55567 59163 9103 21917 37917 57051 78777 102824 129395 157517 187619 219248 
220311 120311 0 2686 5893 8974 11560 14147 16643 18335 20153 21920 0 2686 7254 12701 17956 23058 27947 32163 36146 39816 8979 17043 24326 31183 37268 42669 47467 51938 55716 59345 8979 21498 37284 56335 78135 102297 128944 157324 187311 219197 
219772 119772 0 2722 5953 8930 11578 14218 16178 18306 20106 21781 0 2723 7313 12547 17889 23188 27850 32108 36143 39696 9024 17081 24484 31156 36998 42660 47560 51972 56049 59493 9024 21496 37372 56348 77889 102125 128383 156746 186879 218695 
218834 118834 0 2766 5867 8971 11432 13925 16284 18032 19990 21567 0 2766 7284 12640 17863 22830 27701 31923 35976 39457 9059 17216 24473 31076 37133 42437 47259 51758 55734 59581 9059 21699 37456 56425 77844 101780 127931 156016 185976 217752 
220269 120269 0 2790 5930 9136 11740 14045 16238 18298 20268 21824 0 2790 7305 12806 18137 23173 27891 32138 36185 39714 9060 17324 24741 31342 37447 42658 47617 52029 55868 59240 9060 21826 37822 56851 78694 102577 128782 157244 187455 219181 
219656 119656 0 2696 5984 8905 11575 14231 16341 18104 20053 21767 0 2697 7380 12628 17993 23159 27847 32104 35880 39344 9045 17265 24697 31257 37209 42364 47290 51636 55668 59068 9045 21664 37738 56660 78205 102233 128528 156503 186699 218517 
219475 119475 0 2821 5996 8913 11676 14088 16125 18113 20003 21740 0 2821 7444 12767 18030 23158 27801 31826 35703 39666 9031 17478 24595 31257 37111 42435 47426 51462 55436 59419 9031 21928 37739 56658 78268 102263 128398 156466 186554 218414 
219433 119433 0 2657 5878 8973 11504 13906 16342 18300 20267 21606 0 2657 7241 12618 17877 22860 27564 31987 36128 39305 8877 17198 24609 31234 37095 42190 47208 51663 55670 59087 8877 21570 37441 56424 77959 101731 128161 156511 186739 218320 
219519 119519 0 2690 5940 8930 11604 14126 16283 18387 20027 21532 0 2690 7303 12578 17949 23125 27838 32206 35922 39395 8946 17111 24661 31303 36978 42503 47416 51891 55620 59032 8946 21519 37501 56497 77907 102097 128505 156949 186921 218355 
219821 119821 0 2798 5943 9040 11808 14286 16171 18208 20005 21562 0 2798 7373 12760 18219 23328 27957 32092 36015 39440 9117 17419 24821 31398 37512 42714 47613 51680 55627 59215 9117 21907 37973 56975 78850 103103 129176 157237 187155 218778 
219951 119951 0 2720 5931 8945 11691 14189 16399 18292 20239 21545 0 2720 7310 12657 18100 23265 27975 32220 36174 39467 9023 17276 24790 31514 37459 42837 47678 51865 55637 59067 9023 21672 37694 56804 78466 102618 129040 157336 187346 218826 
218915 118915 0 2662 5763 8781 11510 13980 16179 18272 20139 21629 0 2662 7149 12395 17677 22917 27606 32047 35836 39382 8713 16846 24232 30916 36866 42339 47333 51893 55697 59292 8713 21139 36846 55641 77148 101129 127503 155879 186145 217819 
219483 119483 0 2742 5888 8935 11661 14128 16365 18110 19937 21717 0 2742 7252 12592 17979 23037 27759 31901 35905 39449 9036 17213 24684 31388 37088 42521 47431 51623 55768 59216 9036 21683 37706 56605 78123 102294 128701 156758 186881 218370 
219780 119780 0 2811 6178 8986 11721 14063 16010 18328 20051 21632 0 2811 7582 12799 18264 23087 27707 32188 35853 39459 9055 17345 24672 31259 37189 42455 47571 51783 55603 59267 9055 21802 37923 56879 78481 102510 128704 156873 186959 218634 
220035 120035 0 2748 5966 9075 11709 14249 16413 18251 20113 21511 0 2748 7323 12778 18085 23192 27842 32068 36121 39425 9140 17357 24837 31370 37295 42715 47517 51687 55598 58973 9140 21873 37854 56934 78588 102830 129282 157506 187515 218884 
219753 119753 0 2690 5932 8990 11684 14068 16116 18201 20151 21921 0 2690 7273 12693 18105 23137 27721 31914 35891 39604 8934 17219 24678 31209 37145 42584 47344 51618 55741 59161 8934 21678 37648 56595 78147 102246 128303 156620 186843 218620 
