107533 7533 0 125 329 584 765 882 1047 1151 1291 1359 0 125 334 600 784 905 1070 1174 1320 1392 1893 3735 5417 6649 7622 8529 9122 9674 10286 10673 1893 5566 10894 17372 24797 33093 41957 51363 61386 71766 
107412 7412 0 138 342 531 694 978 1004 1141 1256 1328 0 138 345 541 707 1006 1038 1174 1287 1362 1952 3786 5384 6528 7504 8646 9240 9885 10317 10487 1952 5693 10961 17334 24669 33072 42052 51647 61673 71868 
107542 7542 0 139 329 595 737 906 1045 1183 1321 1287 0 139 330 606 759 926 1080 1210 1356 1331 2032 3785 5208 6523 7681 8602 9141 9811 10327 10551 2032 5747 10858 17233 24732 33108 41987 51545 61571 71817 
107560 7560 0 142 391 569 780 900 1038 1191 1219 1330 0 142 393 581 798 920 1068 1219 1251 1362 2053 3895 5316 6680 7630 8458 9133 9628 10357 10534 2053 5886 11094 17608 25046 33264 42168 51535 61599 71803 
107762 7762 0 150 368 587 755 958 1121 1208 1252 1363 0 150 371 598 769 977 1154 1252 1296 1396 1990 3878 5269 6696 7754 8680 9311 9753 9982 10618 1990 5822 10985 17524 25101 33549 42593 52087 61765 72050 
107566 7566 0 125 383 574 754 916 1020 1194 1260 1340 0 125 386 585 774 938 1050 1218 1307 1371 1971 3897 5249 6688 7755 8668 9242 9768 10122 10486 1971 5815 10955 17480 25043 33484 42442 51953 61781 71981 
107549 7549 0 123 339 580 771 923 1022 1195 1226 1370 0 123 344 588 789 943 1051 1228 1269 1410 1982 3935 5491 6613 7594 8565 9265 9800 10172 10555 1982 5855 11225 17690 25068 33402 42407 51915 61805 72029 
107628 7628 0 147 350 574 791 895 1077 1164 1295 1335 0 147 354 581 810 915 1108 1204 1337 1374 1957 3860 5388 6525 7783 8571 9118 9690 10300 10599 1957 5771 11040 17430 25021 33375 42242 51653 61636 71914 
107490 7490 0 122 327 584 741 943 1071 1107 1210 1385 0 122 331 594 766 961 1095 1148 1241 1429 2021 3728 5367 6573 7623 8536 9080 9859 10233 10613 2021 5686 10951 17362 24775 33077 41938 51497 61457 71777 
107614 7614 0 155 341 552 741 922 1076 1137 1296 1394 0 155 346 563 756 952 1114 1177 1330 1438 2106 3856 5351 6616 7693 8532 9116 9793 10309 10660 2106 5916 11167 17617 25103 33375 42253 51736 61747 72090 
107593 7593 0 121 363 533 696 910 1085 1217 1320 1348 0 121 365 541 710 939 1116 1248 1356 1395 1962 3697 5299 6655 7664 8573 9315 9909 10257 10678 1962 5613 10809 17298 24749 33054 42101 51726 61689 72048 
107278 7278 0 114 334 512 758 889 977 1122 1244 1328 0 114 338 522 776 917 1001 1158 1285 1364 1993 3647 5351 6625 7531 8553 9152 9852 10215 10589 1993 5581 10822 17295 24614 32923 41816 51386 61307 71560 
107658 7658 0 143 353 550 827 851 1038 1199 1345 1352 0 143 358 559 845 882 1061 1220 1377 1392 2038 3801 5370 6514 7674 8504 9235 9816 10432 10629 2038 5787 11055 17416 24900 33169 42157 51677 61813 72178 
107477 7477 0 135 330 590 793 931 1031 1160 1253 1254 0 135 334 597 807 950 1063 1188 1283 1294 2072 3670 5370 6702 7830 8581 9173 9734 10107 10445 2072 5670 10937 17480 25095 33440 42349 51811 61630 71750 
107557 7557 0 128 349 613 755 934 1037 1152 1248 1341 0 128 355 625 771 956 1064 1186 1275 1376 1972 3912 5448 6683 7694 8423 9327 9706 10015 10605 1972 5826 11161 17675 25167 33360 42456 51879 61596 71887 
107446 7446 0 139 325 546 760 902 1023 1162 1260 1329 0 139 327 552 776 925 1044 1183 1296 1363 1937 3675 5291 6567 7652 8561 9266 9847 10194 10620 1937 5565 10740 17159 24617 32956 41964 51537 61448 71735 
107552 7552 0 142 332 564 766 935 1040 1186 1206 1381 0 142 336 575 782 959 1068 1215 1240 1411 2002 3708 5371 6539 7651 8567 9210 9924 10319 10509 2002 5641 10917 17302 24743 33083 42058 51698 61724 71912 
107583 7583 0 137 346 539 769 926 1142 1190 1224 1310 0 138 349 548 790 952 1169 1220 1264 1349 2013 3880 5317 6618 7740 8602 9299 9757 10235 10536 2013 5836 11040 17502 25038 33380 42414 51932 61863 72065 
107557 7557 0 146 346 583 757 871 1074 1149 1297 1334 0 146 351 592 774 891 1102 1180 1327 1374 2039 3824 5274 6665 7763 8509 9179 9761 10269 10672 2039 5804 10974 17489 25073 33357 42277 51762 61744 72088 
107616 7616 0 134 373 555 832 902 1020 1187 1239 1374 0 134 379 570 843 926 1045 1221 1270 1413 2029 3830 5233 6652 7602 8628 9160 9681 10158 10663 2029 5797 10932 17427 24805 33194 42113 51509 61374 71765 
107740 7740 0 124 376 581 727 969 1082 1229 1293 1359 0 124 380 585 741 996 1108 1260 1332 1399 2002 3772 5303 6561 7608 8593 9362 9869 10263 10530 2002 5720 10916 17324 24754 33126 42247 51817 61779 72000 
107509 7509 0 130 368 609 741 913 1067 1168 1213 1300 0 130 373 625 761 934 1093 1205 1251 1331 1976 3875 5441 6585 7629 8446 9129 9798 10075 10561 1976 5798 11137 17554 24975 33191 42053 51591 61379 71637 
107546 7546 0 143 380 528 757 878 1063 1198 1211 1388 0 143 382 538 774 897 1093 1224 1252 1428 1984 3690 5236 6563 7660 8407 9407 9842 10221 10848 1984 5626 10772 17176 24666 32866 42002 51554 61485 71999 
107380 7380 0 136 347 517 725 881 1042 1109 1313 1310 0 136 348 526 745 904 1071 1143 1340 1353 2020 3758 5368 6635 7542 8491 9119 9712 10193 10707 2020 5717 10977 17450 24795 33023 41898 51346 61271 71665 
107480 7480 0 143 353 529 736 890 1039 1212 1283 1295 0 143 357 537 750 901 1068 1245 1334 1336 2029 3841 5374 6602 7589 8427 9078 9730 10236 10518 2029 5811 11062 17514 24902 33126 41933 51411 61317 71542 
107541 7541 0 125 350 570 791 890 1051 1151 1262 1351 0 125 353 573 816 917 1072 1186 1289 1398 1952 3756 5320 6486 7642 8632 9204 9825 10332 10588 1952 5649 10862 17198 24642 33043 41996 51557 61581 71850 
107552 7552 0 143 334 533 724 920 1056 1138 1347 1357 0 143 337 542 737 939 1079 1160 1389 1403 1983 3743 5245 6569 7624 8532 9240 9843 10387 10538 1983 5685 10828 17230 24661 32975 41949 51526 61614 71855 
107442 7442 0 140 347 511 753 932 1047 1188 1240 1284 0 140 352 519 770 947 1078 1217 1278 1315 2022 3714 5250 6536 7741 8495 9342 9641 10036 10619 2022 5663 10792 17181 24739 33028 42099 51483 61203 71540 
107543 7543 0 142 380 587 783 921 1031 1111 1242 1346 0 142 383 609 798 942 1050 1127 1280 1394 1977 3822 5489 6650 7700 8544 9079 9714 10210 10706 1977 5754 11150 17650 25162 33477 42335 51812 61726 72107 
107640 7640 0 142 334 564 784 915 1031 1211 1285 1374 0 142 340 575 797 932 1056 1241 1330 1412 1935 3767 5338 6750 7730 8631 9189 9830 10051 10580 1935 5649 10881 17484 25027 33447 42389 51941 61721 71996 
107440 7440 0 134 352 596 759 870 1007 1154 1249 1319 0 134 356 606 781 893 1037 1188 1285 1352 1945 3803 5378 6639 7659 8393 9097 9869 10161 10489 1945 5694 10963 17448 24924 33086 41907 51518 61391 71569 
107312 7312 0 126 339 553 705 888 1006 1130 1239 1326 0 126 343 564 726 905 1034 1158 1275 1360 2011 3766 5327 6538 7640 8618 9008 9885 10147 10539 2011 5727 10935 17322 24780 33179 41923 51523 61378 71612 
107474 7474 0 142 343 564 786 859 1014 1199 1198 1369 0 142 347 578 801 877 1043 1227 1230 1404 2014 3741 5332 6670 7738 8460 9076 9861 10202 10606 2014 5702 10946 17457 25017 33283 42112 51725 61626 71910 
107711 7711 0 147 342 541 774 932 1138 1187 1316 1334 0 147 350 549 794 949 1161 1216 1355 1380 1959 3894 5288 6612 7733 8565 9220 9729 10166 10783 1959 5787 10951 17409 24948 33278 42243 51720 61604 72073 
107491 7491 0 143 342 568 741 928 1048 1133 1266 1322 0 143 348 579 762 957 1084 1168 1302 1367 2020 3835 5211 6678 7624 8476 9274 9756 10278 10640 2020 5800 10903 17419 24833 33055 42072 51536 61516 71872 
107427 7427 0 138 344 559 711 886 1029 1141 1314 1305 0 138 349 568 729 907 1063 1183 1348 1345 2032 3868 5316 6644 7726 8508 9102 9713 10201 10551 2032 5846 11055 17543 25061 33366 42194 51626 61538 71799 
107522 7522 0 125 348 560 738 951 1019 1161 1306 1314 0 125 353 575 758 976 1047 1188 1356 1348 1991 3791 5319 6565 7661 8544 9144 9859 10384 10510 1991 5714 10928 17346 24822 33133 42013 51593 61656 71855 
107464 7464 0 138 377 554 715 897 1022 1171 1199 1391 0 138 381 564 727 914 1051 1214 1231 1420 1945 3737 5384 6582 7512 8452 9282 9803 10146 10486 1945 5614 10897 17321 24647 32877 41920 51440 61293 71500 
107682 7682 0 131 341 567 809 896 1110 1181 1258 1389 0 131 344 574 826 921 1139 1212 1289 1432 1981 3812 5369 6693 7749 8628 9336 9865 10129 10493 1981 5746 10998 17542 25082 33484 42563 52154 62002 72180 
107558 7558 0 143 380 570 764 884 1000 1179 1254 1384 0 143 383 580 779 912 1034 1215 1297 1425 2010 3930 5356 6587 7662 8485 9219 9740 10318 10524 2010 5878 11128 17536 24993 33233 42185 51646 61676 71855 
107429 7429 0 161 335 595 748 890 1029 1122 1275 1274 0 161 336 603 767 924 1051 1146 1304 1313 2043 3799 5370 6541 7596 8522 9135 9826 10166 10524 2043 5793 11052 17449 24855 33129 42023 51568 61424 71643 
107632 7632 0 148 339 539 728 922 1075 1200 1313 1368 0 148 343 553 747 949 1105 1241 1353 1405 2061 3736 5321 6639 7619 8574 9322 9816 10429 10560 2061 5737 10947 17422 24830 33168 42218 51785 61881 72100 
107468 7468 0 166 323 540 770 943 1039 1171 1195 1321 0 166 328 547 785 964 1073 1201 1236 1365 1971 3812 5386 6678 7706 8736 9114 9751 10079 10671 1971 5730 11002 17519 25013 33523 42388 51866 61671 72019 
107515 7515 0 149 337 536 748 937 1027 1227 1263 1291 0 149 341 542 757 953 1059 1269 1306 1330 2002 3757 5391 6556 7911 8552 9053 9666 10162 10577 2002 5711 10986 17389 25108 33410 42198 51583 61467 71727 
107559 7559 0 129 349 561 759 910 1070 1179 1268 1334 0 129 355 574 773 934 1096 1211 1300 1371 1956 3765 5234 6688 7775 8481 9189 9827 10189 10575 1956 5666 10798 17338 24941 33177 42103 51630 61493 71742 
107470 7470 0 138 347 571 719 929 1014 1165 1236 1351 0 138 354 575 738 955 1042 1200 1268 1394 1914 3674 5252 6557 7583 8583 9178 9776 10281 10696 1914 5537 10677 17089 24493 32867 41792 51285 61290 71701 
107581 7581 0 143 340 585 793 931 1039 1207 1221 1322 0 143 342 597 801 955 1072 1237 1256 1353 2001 3765 5230 6857 7653 8631 9141 9685 10147 10636 2001 5718 10832 17519 24961 33394 42282 51719 61563 71888 
107502 7502 0 159 358 594 738 898 994 1158 1264 1339 0 159 365 604 755 919 1025 1186 1305 1382 2036 3828 5390 6578 7625 8497 9222 9826 10283 10647 2036 5812 11082 17508 24937 33196 42142 51708 61703 72018 
107529 7529 0 163 373 553 753 889 1017 1178 1260 1343 1 163 379 562 766 909 1043 1211 1303 1380 2069 3920 5424 6588 7733 8435 9079 9782 10324 10633 2069 5926 11213 17637 25172 33378 42210 51680 61725 72061 
107481 7481 0 141 343 539 778 888 1026 1155 1268 1343 0 141 346 549 795 906 1051 1192 1306 1385 1978 3936 5381 6638 7669 8445 9160 9713 10174 10703 1978 5834 11092 17577 25073 33301 42210 51631 61502 71915 
107520 7520 0 132 340 514 809 952 1050 1137 1250 1336 0 132 349 524 818 976 1078 1174 1291 1371 1920 3734 5297 6583 7771 8589 9232 9679 10295 10639 1920 5605 10776 17202 24782 33154 42122 51519 61522 71845 
107597 7597 0 138 335 585 739 957 1071 1166 1290 1316 0 138 338 594 760 976 1105 1197 1327 1362 1995 3816 5248 6711 7699 8539 9092 9837 10146 10670 1995 5751 10877 17416 24916 33225 42051 51598 61430 71771 
107448 7448 0 149 361 535 708 952 1031 1168 1265 1279 0 149 362 547 719 976 1059 1204 1290 1318 1978 3741 5367 6543 7586 8522 9097 9914 10292 10517 1978 5674 10930 17315 24710 32976 41830 51470 61475 71656 
107727 7727 0 163 337 547 757 955 1093 1208 1308 1359 0 163 346 554 775 985 1129 1249 1344 1402 1981 3730 5346 6651 7701 8624 9315 9751 10211 10447 1981 5657 10889 17386 24874 33229 42286 51732 61642 71779 
107568 7568 0 141 359 599 739 955 1007 1136 1254 1378 0 141 361 610 760 975 1036 1169 1299 1417 2041 3772 5239 6561 7657 8449 9109 9701 10436 10640 2041 5760 10896 17299 24750 33001 41863 51276 61416 71740 
107462 7462 0 167 303 563 726 915 1084 1162 1202 1340 0 167 308 572 745 930 1111 1187 1235 1368 1929 3694 5213 6609 7709 8550 9256 9899 10199 10609 1929 5572 10700 17164 24681 32992 41996 51614 61491 71804 
107585 7585 0 164 344 547 799 929 1029 1170 1297 1306 0 164 346 557 813 955 1063 1199 1333 1338 1961 3740 5249 6721 7844 8536 9088 9781 10338 10401 1961 5647 10797 17364 25042 33336 42157 51654 61713 71812 
107584 7584 0 154 346 571 755 903 1060 1179 1272 1344 0 154 348 581 775 932 1104 1220 1308 1386 2022 3797 5295 6608 7627 8399 9241 9815 10162 10702 2022 5768 10965 17411 24843 33007 41999 51533 61383 71761 
107544 7544 0 141 314 493 758 968 1021 1157 1294 1398 0 141 322 509 773 992 1043 1191 1328 1436 2041 3762 5349 6383 7680 8571 9186 9787 10380 10699 2041 5751 10999 17197 24697 33029 41980 51500 61560 71972 
107451 7451 0 148 348 572 724 909 1076 1161 1210 1303 0 148 355 582 736 924 1110 1186 1257 1342 2025 3785 5350 6719 7721 8489 9287 9581 10019 10606 2025 5752 10980 17523 25030 33287 42297 51646 61373 71660 
107504 7504 0 125 341 547 731 901 1066 1171 1294 1328 0 125 342 552 743 917 1090 1197 1336 1370 1961 3753 5285 6627 7455 8549 9155 9927 10120 10613 1961 5670 10845 17330 24609 32928 41812 51456 61264 71563 
107502 7502 0 152 344 568 696 900 1091 1161 1243 1347 0 152 350 579 710 924 1122 1198 1278 1372 1983 3860 5329 6660 7473 8554 9173 9747 10053 10469 1983 5779 10994 17514 24791 33114 42045 51531 61286 71480 
107716 7716 0 167 362 556 763 926 1094 1261 1230 1357 0 167 366 572 771 959 1119 1297 1277 1402 1981 3858 5381 6700 7762 8521 9141 9741 10105 10483 1981 5786 11045 17581 25150 33431 42333 51795 61589 71759 
107517 7517 0 144 336 559 722 900 1088 1228 1244 1296 0 144 342 569 732 925 1122 1271 1273 1344 2015 3811 5296 6416 7665 8607 9168 9891 10241 10542 2015 5768 10921 17186 24678 33032 41938 51537 61487 71702 
107394 7394 0 133 337 550 705 901 1081 1121 1268 1298 0 133 343 558 721 928 1107 1160 1303 1342 1941 3848 5231 6605 7774 8524 9255 9697 10236 10741 1941 5741 10853 17277 24807 33097 42095 51501 61409 71830 
107388 7388 0 128 349 543 756 900 1015 1147 1245 1305 0 128 354 550 770 922 1041 1185 1283 1342 1985 3794 5328 6639 7773 8511 9049 9774 9996 10666 1985 5724 10939 17423 25012 33296 42097 51609 61318 71676 
107600 7600 0 132 334 589 770 918 992 1211 1307 1347 0 132 338 598 794 949 1018 1238 1333 1389 1922 3723 5407 6602 7793 8425 9046 9779 10210 10586 1922 5581 10881 17319 24922 33129 41933 51458 61409 71699 
107549 7549 0 132 311 517 778 959 1090 1183 1293 1286 0 132 315 527 790 991 1120 1212 1340 1323 1987 3753 5332 6559 7712 8641 9287 9779 10277 10613 1987 5686 10913 17317 24815 33220 42254 51756 61758 72036 
107554 7554 0 142 298 574 729 925 1025 1202 1281 1378 0 142 301 583 746 949 1054 1240 1318 1407 1998 3684 5284 6575 7692 8553 9189 9821 10281 10725 1998 5637 10829 17260 24745 33055 41989 51528 61509 71949 
107637 7637 0 168 355 567 733 918 1063 1175 1264 1394 0 168 358 579 753 939 1088 1213 1299 1429 1997 3811 5386 6575 7785 8473 9345 9868 10123 10783 1997 5748 11013 17423 25015 33255 42353 51928 61772 72246 
107457 7457 0 134 362 541 711 877 1044 1111 1304 1373 0 134 367 556 728 892 1079 1144 1343 1416 2009 3797 5372 6683 7459 8546 9207 9802 10266 10624 2009 5751 11014 17517 24793 33122 42085 51597 61563 71871 
107565 7565 0 136 364 516 741 926 1062 1257 1217 1346 0 136 369 532 757 942 1094 1285 1257 1382 1971 3677 5405 6617 7715 8649 9151 9874 10227 10552 1971 5594 10881 17309 24834 33246 42131 51721 61650 71898 
107591 7591 0 133 360 591 759 927 1090 1202 1202 1327 0 133 362 596 776 948 1111 1242 1240 1356 1998 3750 5392 6728 7761 8340 9188 9731 10199 10634 1998 5690 10960 17542 25106 33216 42187 51646 61560 71906 
107479 7479 0 129 349 516 779 906 1027 1125 1265 1383 0 129 352 527 794 932 1057 1155 1294 1421 1988 3770 5311 6572 7686 8471 9278 9860 10217 10556 1988 5718 10933 17328 24816 33028 42032 51596 61523 71798 
107781 7781 0 180 351 586 783 896 1129 1186 1330 1340 1 180 356 594 799 925 1147 1228 1364 1380 2097 3857 5376 6724 7746 8502 9269 9702 10246 10545 2097 5906 11155 17715 25269 33525 42549 51970 61925 72164 
107653 7653 0 173 335 588 714 886 1060 1230 1246 1421 1 173 339 596 733 915 1099 1267 1289 1462 2001 3795 5322 6560 7630 8528 9344 9829 10174 10612 2001 5740 10968 17364 24815 33102 42187 51716 61602 71894 
107535 7535 0 165 352 520 743 899 1066 1167 1246 1377 0 165 359 529 758 919 1090 1187 1283 1420 2066 3854 5274 6674 7529 8682 9128 9771 10131 10674 2066 5861 11028 17559 24895 33341 42208 51726 61576 71927 
107527 7527 0 135 338 549 764 946 1026 1143 1269 1357 0 135 342 561 782 981 1053 1180 1309 1407 1986 3742 5250 6433 7837 8564 9243 9964 10196 10839 1986 5662 10809 17097 24746 33050 42031 51727 61623 72155 
107580 7580 0 145 347 574 791 965 1088 1153 1211 1306 0 145 355 580 800 989 1119 1192 1245 1354 2024 3757 5360 6637 7793 8606 9067 9810 10221 10746 2024 5737 10980 17473 25061 33415 42218 51726 61644 72078 
107486 7486 0 135 335 550 746 883 1032 1161 1265 1379 0 135 338 557 766 907 1060 1197 1287 1421 1957 3744 5153 6585 7676 8533 9283 9819 10282 10740 1957 5650 10703 17147 24620 32911 41941 51499 61502 71910 
107582 7582 0 133 352 558 756 944 1071 1167 1291 1310 0 133 359 564 770 965 1094 1199 1325 1365 1953 3733 5399 6597 7628 8423 9246 9817 10190 10725 1953 5621 10917 17370 24805 33017 42043 51577 61482 71863 
107449 7449 0 148 314 554 788 900 1053 1141 1267 1284 0 149 318 561 810 914 1084 1164 1301 1328 2012 3846 5204 6756 7705 8661 9299 9753 10127 10450 2012 5811 10907 17513 25029 33466 42487 51989 61828 71944 
107470 7470 0 141 324 552 738 891 1052 1131 1234 1407 0 141 330 561 755 913 1089 1165 1276 1442 1963 3858 5266 6621 7762 8354 9240 9738 10257 10598 1963 5780 10931 17391 24958 33096 42070 51539 61491 71774 
107483 7483 0 138 339 549 774 971 1014 1115 1250 1333 0 138 343 560 789 1004 1037 1152 1290 1363 1943 3725 5238 6649 7792 8496 9193 9648 10423 10483 1943 5616 10736 17249 24840 33098 42046 51377 61494 71694 
107578 7578 0 163 379 559 726 970 1101 1100 1229 1351 0 163 382 573 741 992 1118 1128 1273 1389 2002 3928 5338 6711 7694 8651 9042 9681 10144 10488 2002 5870 11109 17649 25145 33580 42360 51759 61607 71766 
107469 7469 0 141 344 578 748 864 1060 1216 1235 1283 0 141 349 582 765 893 1079 1258 1271 1329 1989 3893 5453 6647 7654 8560 9120 9697 10066 10604 1989 5837 11170 17667 25119 33416 42290 51694 61496 71774 
107601 7601 0 134 336 588 854 919 1030 1171 1281 1288 0 134 342 596 872 945 1066 1192 1319 1320 2048 3787 5362 6662 7817 8588 9125 9800 10235 10582 2048 5781 11028 17520 25139 33486 42357 51889 61822 72106 
107620 7620 0 131 355 556 733 928 1095 1179 1281 1362 0 131 359 569 747 957 1121 1210 1319 1402 2035 3742 5378 6612 7610 8609 9201 9781 10257 10609 2035 5723 10966 17411 24836 33212 42138 51651 61599 71912 
107595 7595 0 137 356 594 737 914 1039 1202 1298 1318 0 138 359 608 750 935 1059 1233 1329 1362 1916 3860 5338 6650 7745 8641 9307 9898 10222 10486 1916 5726 10943 17438 25017 33391 42460 52079 62014 72171 
107564 7564 0 145 334 532 761 930 1144 1169 1253 1296 0 145 334 546 769 948 1168 1207 1290 1334 1997 3792 5321 6635 7651 8574 9258 9773 10208 10649 1997 5749 10970 17442 24908 33260 42258 51749 61665 71980 
107583 7583 0 147 384 581 795 965 1018 1157 1216 1320 1 147 389 593 812 990 1048 1188 1269 1351 1987 3923 5486 6751 7625 8393 9211 9681 10043 10646 1987 5861 11224 17817 25259 33425 42391 51810 61547 71891 
107378 7378 0 154 349 569 715 903 1042 1137 1217 1292 0 154 358 579 729 930 1066 1168 1249 1335 1984 3819 5304 6590 7681 8462 9085 9811 10041 10655 1984 5752 10957 17396 24882 33123 41953 51480 61207 71561 
107655 7655 0 122 337 586 750 952 1073 1181 1253 1401 0 122 339 594 768 978 1105 1221 1293 1440 1958 3750 5378 6571 7759 8602 9161 9858 10170 10590 1958 5649 10915 17317 24887 33237 42156 51728 61611 71896 
107483 7483 0 137 341 574 749 906 994 1176 1233 1373 0 137 345 585 761 929 1024 1225 1274 1406 1964 3843 5332 6688 7648 8415 9019 9680 10280 10653 1964 5751 10971 17486 24963 33145 41914 51333 61339 71674 
107512 7512 0 141 345 587 739 874 1045 1218 1244 1319 0 141 348 593 752 901 1075 1251 1286 1351 2011 3750 5346 6574 7676 8462 9168 9811 10153 10540 2011 5689 10917 17339 24821 33043 41972 51514 61360 71624 
107659 7659 0 149 337 566 774 911 1055 1223 1322 1322 0 149 341 571 785 935 1076 1260 1363 1357 1999 3803 5349 6640 7645 8511 9309 9790 10349 10619 1999 5750 10993 17473 24938 33232 42309 51808 61867 72187 
107409 7409 0 138 343 570 759 889 1032 1142 1224 1312 0 138 349 580 774 918 1061 1173 1268 1361 2022 3855 5356 6595 7642 8462 9178 9822 10146 10594 2022 5800 11016 17450 24902 33136 42090 51611 61450 71724 
107566 7566 0 126 347 519 781 949 1031 1236 1225 1352 0 126 353 527 795 973 1060 1265 1269 1383 1973 3799 5411 6602 7552 8652 9255 9796 10217 10566 1973 5722 11012 17458 24799 33235 42237 51758 61636 71911 
107658 7658 0 139 353 529 741 930 1102 1245 1282 1337 0 139 358 542 757 959 1139 1276 1324 1383 1976 3792 5356 6614 7641 8675 9191 9914 10225 10559 1976 5722 10960 17395 24856 33294 42214 51860 61804 72069 
107492 7492 0 142 387 571 716 894 1045 1198 1207 1332 0 142 388 585 731 915 1086 1233 1238 1377 1991 3887 5347 6566 7658 8594 9189 9674 10146 10542 1991 5826 11059 17462 24947 33312 42229 51613 61469 71678 
